3.9463238e-10
3.9397061e-10
3.9444853e-10
3.9492645e-10
3.9448528e-10
3.9327203e-10
3.9448531e-10
3.950735e-10
3.9639705e-10
3.9536766e-10
3.9628675e-10
3.9569856e-10
3.9507353e-10
3.9511028e-10
3.9172796e-10
3.9113968e-10
3.9448525e-10
3.948529e-10
3.925e-10
3.9496323e-10
3.931985e-10
3.9433823e-10
3.9441175e-10
3.9352938e-10
3.9533088e-10
3.9599268e-10
3.9386028e-10
3.9408091e-10
3.942647e-10
3.9680148e-10
3.9305148e-10
3.9272063e-10
3.9536763e-10
3.9375003e-10
3.9566175e-10
3.9261031e-10
3.9419118e-10
3.9180148e-10
3.9562506e-10
3.930147e-10
3.927941e-10
3.9419115e-10
3.9580883e-10
3.9415438e-10
3.954044e-10
3.9316173e-10
3.9584561e-10
3.9569856e-10
3.9580886e-10
3.9624998e-10
3.9514705e-10
3.9474268e-10
3.931985e-10
3.949632e-10
3.9283085e-10
3.934191e-10
3.9459563e-10
3.9422796e-10
3.942647e-10
3.9411768e-10
3.9455883e-10
3.9514708e-10
3.935294e-10
3.9448531e-10
3.9558826e-10
3.9474268e-10
3.948897e-10
3.9455883e-10
3.95625e-10
3.931985e-10
3.9584561e-10
3.937132e-10
3.9485296e-10
3.9433823e-10
3.9305145e-10
3.9643377e-10
3.9411763e-10
3.941544e-10
3.9286766e-10
3.9441178e-10
3.9433826e-10
3.930882e-10
3.9474268e-10
3.9485296e-10
3.9558823e-10
3.9422796e-10
3.9522061e-10
3.9430148e-10
3.9249995e-10
3.9544121e-10
3.9433828e-10
3.9573531e-10
3.955147e-10
3.948897e-10
3.9371328e-10
3.923529e-10
3.9558826e-10
3.9470588e-10
3.9327208e-10
3.9283088e-10
3.9511033e-10
3.9290443e-10
3.9639703e-10
3.9198528e-10
3.9305148e-10
3.9632356e-10
3.933088e-10
3.9588235e-10
3.9382356e-10
3.9485298e-10
3.9507353e-10
3.9452205e-10
3.9327211e-10
3.9415438e-10
3.9312503e-10
3.9408093e-10
3.9477943e-10
3.9408091e-10
3.9411763e-10
3.9632356e-10
3.9694853e-10
3.9544112e-10
3.9617651e-10
3.9400735e-10
3.9584561e-10
3.9533093e-10
3.9503673e-10
3.9327208e-10
3.9448533e-10
3.9338235e-10
3.9389705e-10
3.9573531e-10
3.9481618e-10
3.9378675e-10
3.9375e-10
3.9680151e-10
3.9437498e-10
3.9220585e-10
3.9433826e-10
3.9584561e-10
3.941544e-10
3.9562503e-10
3.95625e-10
3.9301473e-10
3.9485298e-10
3.9551473e-10
3.9433817e-10
3.95625e-10
3.9441181e-10
3.9555148e-10
3.9591913e-10
3.9573531e-10
3.9349263e-10
3.9408088e-10
3.9536763e-10
3.9547796e-10
3.9297796e-10
3.9492645e-10
3.9294121e-10
3.9375003e-10
3.9272061e-10
3.9305151e-10
3.939338e-10
3.9400735e-10
3.9547796e-10
3.9503678e-10
3.9349268e-10
3.9536763e-10
3.9499998e-10
3.9352943e-10
3.9647061e-10
3.9400735e-10
3.9672798e-10
3.9606615e-10
3.9584561e-10
3.9496326e-10
3.9547793e-10
3.9257356e-10
3.9378678e-10
3.9529416e-10
3.9150735e-10
3.9389705e-10
3.9522055e-10
3.9522058e-10
3.9544115e-10
3.9319856e-10
3.951838e-10
3.9430142e-10
3.9345585e-10
3.9555148e-10
3.936397e-10
3.9724263e-10
3.9569853e-10
3.9617648e-10
3.9455883e-10
3.9261031e-10
3.9503675e-10
3.9419118e-10
3.9441175e-10
3.9154413e-10
3.9525738e-10
3.941544e-10
3.925735e-10
3.9569853e-10
3.9481621e-10
3.90625e-10
3.9375003e-10
3.9632353e-10
3.9852943e-10
3.9283088e-10
3.9349263e-10
3.9404413e-10
3.9408091e-10
3.9514705e-10
3.9514708e-10
3.9577208e-10
3.9584561e-10
3.9555142e-10
3.9477943e-10
3.9525735e-10
3.9382353e-10
3.9430148e-10
3.9511036e-10
3.9279408e-10
3.9698533e-10
3.9621323e-10
3.961029e-10
3.9849263e-10
3.9492645e-10
3.9544121e-10
3.9536766e-10
3.9411766e-10
3.9496323e-10
3.940073e-10
3.9459555e-10
3.947794e-10
3.9562498e-10
3.9632353e-10
3.9636031e-10
3.938235e-10
3.942647e-10
3.9624998e-10
3.9448533e-10
3.9676465e-10
3.9536763e-10
3.9463238e-10
3.9533091e-10
3.9727938e-10
3.9569853e-10
3.9275738e-10
3.9529413e-10
3.9224263e-10
3.9224266e-10
3.9610293e-10
3.9463235e-10
3.9389711e-10
3.9444858e-10
3.9569853e-10
3.9121328e-10
3.9187503e-10
3.9338235e-10
3.9573528e-10
3.9555145e-10
3.9595591e-10
3.9327205e-10
3.9466913e-10
3.9378675e-10
3.9518375e-10
3.9393386e-10
3.9558823e-10
3.9466908e-10
3.9422796e-10
3.9536768e-10
3.935294e-10
3.9404413e-10
3.9599263e-10
3.9547798e-10
3.9599266e-10
3.9441181e-10
3.9492648e-10
3.9430148e-10
3.9525738e-10
3.9547793e-10
3.9386028e-10
3.9698533e-10
3.9319853e-10
3.936397e-10
3.9650735e-10
3.9327208e-10
3.9312495e-10
3.9639705e-10
3.9547798e-10
3.9639708e-10
3.9323525e-10
3.9533085e-10
3.9639708e-10
3.9474268e-10
3.9477946e-10
3.9540443e-10
3.9680148e-10
3.9386031e-10
3.9698531e-10
3.93125e-10
3.9639708e-10
3.9735293e-10
3.9514705e-10
3.9860293e-10
3.9683826e-10
3.9595591e-10
3.9621323e-10
3.9569856e-10
3.9514705e-10
3.9481621e-10
3.9551465e-10
3.9220593e-10
3.9753678e-10
3.939338e-10
3.9654413e-10
3.9617648e-10
3.9573525e-10
3.973897e-10
3.9397055e-10
3.9459561e-10
3.9503673e-10
3.9264703e-10
3.9466913e-10
3.9422793e-10
3.9374998e-10
3.9356621e-10
3.94375e-10
3.9617645e-10
3.9536763e-10
3.9569847e-10
3.9533085e-10
3.9404413e-10
3.9595588e-10
3.9378678e-10
3.9419112e-10
3.9683826e-10
3.960294e-10
3.9551468e-10
3.9169115e-10
3.954044e-10
3.9716908e-10
3.9511031e-10
3.9437498e-10
3.9514703e-10
3.948897e-10
3.9499998e-10
3.9705875e-10
3.9738965e-10
3.9430145e-10
3.9669112e-10
3.9349263e-10
3.9470585e-10
3.9422796e-10
3.9419115e-10
3.9669121e-10
3.9448531e-10
3.9573525e-10
3.9338238e-10
3.9650738e-10
3.934191e-10
3.9470588e-10
3.9562503e-10
3.9283088e-10
3.9327208e-10
3.9397058e-10
3.9411768e-10
3.9742645e-10
3.9577208e-10
3.9540443e-10
3.9544121e-10
3.9397058e-10
3.9676473e-10
3.9573531e-10
3.9606621e-10
3.9477943e-10
3.9558826e-10
3.9533088e-10
3.9371328e-10
3.9525738e-10
3.9639703e-10
3.9448531e-10
3.9783091e-10
3.9345591e-10
3.9455883e-10
3.9481618e-10
3.9665443e-10
3.9533088e-10
3.9595591e-10
3.945588e-10
3.9463235e-10
3.9426468e-10
3.9514705e-10
3.9613973e-10
3.9639708e-10
3.9566178e-10
3.9323536e-10
3.9529416e-10
3.9555145e-10
3.9415438e-10
3.9499998e-10
3.961397e-10
3.9525738e-10
3.9511031e-10
3.95625e-10
3.9360296e-10
3.9514708e-10
3.94375e-10
3.9294118e-10
3.9466913e-10
3.9323533e-10
3.939338e-10
3.9488973e-10
3.9624995e-10
3.9591908e-10
3.9305145e-10
3.9672793e-10
3.9308823e-10
3.9356618e-10
3.9577211e-10
3.9709561e-10
3.960294e-10
3.955147e-10
3.9272063e-10
3.9566175e-10
3.9474266e-10
3.9680148e-10
3.9650733e-10
3.9573528e-10
3.9422796e-10
3.9441181e-10
3.9595593e-10
3.9455886e-10
3.917647e-10
3.9624998e-10
3.9463235e-10
3.9319853e-10
3.9628678e-10
3.9577208e-10
3.9371326e-10
3.9624995e-10
3.9573528e-10
3.9577208e-10
3.9628678e-10
3.9430145e-10
3.9672796e-10
3.9636028e-10
3.9606618e-10
3.9746323e-10
3.9488973e-10
3.9628678e-10
3.9463233e-10
3.9606618e-10
3.9536766e-10
3.940441e-10
3.9926473e-10
3.9632356e-10
3.9610296e-10
3.9419112e-10
3.9444856e-10
3.955147e-10
3.9610293e-10
3.949632e-10
3.9158088e-10
3.9470585e-10
3.95e-10
3.960294e-10
3.9518383e-10
3.9341913e-10
3.9430148e-10
3.9488968e-10
3.9444853e-10
3.9503675e-10
3.9470585e-10
3.9680148e-10
3.9577205e-10
3.955147e-10
3.929044e-10
3.9191175e-10
3.9452203e-10
3.951838e-10
3.9628678e-10
3.9628678e-10
3.934926e-10
3.9786763e-10
3.9356618e-10
3.9492648e-10
3.9636028e-10
3.9231618e-10
3.9599266e-10
3.9430145e-10
3.947426e-10
3.9558823e-10
3.9613973e-10
3.9533085e-10
3.9647063e-10
3.9393383e-10
3.9588233e-10
3.9378678e-10
3.9533091e-10
3.9636028e-10
3.9503681e-10
3.9518383e-10
3.95e-10
3.9599263e-10
3.9691173e-10
3.9547796e-10
3.9709561e-10
3.951838e-10
3.9838235e-10
3.9624995e-10
3.9963235e-10
3.9716913e-10
3.9834558e-10
4.014338e-10
4.0275736e-10
4.0393383e-10
4.0371323e-10
4.0838238e-10
4.0863971e-10
4.1426471e-10
4.2257353e-10
4.2422793e-10
4.2783088e-10
4.2849269e-10
4.3363968e-10
4.3470588e-10
4.3610296e-10
4.3437498e-10
4.3871323e-10
4.4025736e-10
4.4250001e-10
4.4507356e-10
4.4224263e-10
4.40147e-10
4.4187498e-10
4.4341911e-10
4.4621326e-10
4.4808821e-10
4.4786769e-10
4.5430149e-10
4.5224269e-10
4.5566181e-10
4.5713233e-10
4.5992654e-10
4.6055143e-10
4.6283083e-10
4.6529411e-10
4.6922799e-10
4.6566173e-10
4.7147058e-10
4.7029414e-10
4.7242649e-10
4.7345589e-10
4.7209558e-10
4.7474263e-10
4.7455884e-10
4.7812504e-10
4.7746318e-10
4.7819848e-10
4.7926468e-10
4.7919119e-10
4.8415449e-10
4.8176468e-10
4.8305149e-10
4.8588228e-10
4.8529408e-10
4.8536769e-10
4.8533094e-10
4.8459559e-10
4.8632348e-10
4.8533089e-10
4.8422794e-10
4.8720583e-10
4.8783083e-10
4.8985299e-10
4.8724269e-10
4.8838233e-10
4.8893378e-10
4.8838233e-10
4.8900739e-10
4.8908094e-10
4.8772053e-10
4.8827209e-10
4.8856619e-10
4.8981613e-10
4.9018384e-10
4.8823523e-10
4.8897053e-10
4.8834564e-10
4.8801468e-10
4.8966908e-10
4.8966908e-10
4.9029414e-10
4.8643384e-10
4.9011029e-10
4.8977944e-10
4.8794113e-10
4.8996318e-10
4.8922788e-10
4.8816179e-10
4.8915433e-10
4.8959559e-10
4.8727944e-10
4.8779414e-10
4.8786764e-10
4.8775739e-10
4.8536763e-10
4.8772053e-10
4.8860294e-10
4.8963233e-10
4.8503673e-10
4.8749998e-10
4.8470583e-10
4.8536763e-10
4.8716914e-10
4.8474263e-10
4.8658089e-10
4.8665444e-10
4.8371324e-10
4.8481619e-10
4.8183818e-10
4.8316179e-10
4.8400733e-10
4.8371324e-10
4.8511029e-10
4.8511029e-10
4.8143384e-10
4.8430143e-10
4.8393384e-10
4.8474263e-10
4.8466903e-10
4.8128679e-10
4.8404414e-10
4.8349269e-10
4.8283094e-10
4.8444854e-10
4.8617643e-10
4.8319854e-10
4.8452209e-10
4.8378679e-10
4.8470594e-10
4.8419119e-10
4.8268378e-10
4.8470589e-10
4.8349263e-10
4.8470594e-10
4.8408083e-10
4.8404414e-10
4.8474263e-10
4.8422799e-10
4.8422799e-10
4.8595589e-10
4.8154414e-10
4.8305138e-10
4.8441173e-10
4.8312498e-10
4.8308824e-10
4.8544119e-10
4.8242643e-10
4.8253673e-10
4.8202198e-10
4.8220583e-10
4.8272059e-10
4.8224263e-10
4.8279414e-10
4.8261023e-10
4.8441173e-10
4.8334553e-10
4.8136028e-10
4.8249998e-10
4.8400739e-10
4.8319859e-10
4.8305143e-10
4.8275739e-10
4.8095589e-10
4.8220589e-10
4.8360294e-10
4.8426468e-10
4.7926468e-10
4.8062498e-10
4.8069854e-10
4.8488974e-10
4.8261029e-10
4.8294124e-10
4.8183824e-10
4.8205884e-10
4.8169119e-10
4.8117643e-10
4.7841914e-10
4.7860299e-10
4.7783083e-10
4.8128679e-10
4.7926474e-10
4.7812498e-10
4.7882354e-10
4.7613968e-10
4.7988974e-10
4.7841914e-10
4.7886023e-10
4.7764709e-10
4.7867649e-10
4.7661763e-10
4.7768378e-10
4.7738974e-10
4.7698528e-10
4.7650733e-10
4.7915444e-10
4.7720594e-10
4.7702209e-10
4.7860294e-10
4.7444854e-10
4.7713244e-10
4.7591914e-10
4.7555154e-10
4.7849269e-10
4.7408083e-10
4.7621324e-10
4.7452209e-10
4.7621318e-10
4.7312504e-10
4.7382354e-10
4.7753673e-10
4.7470594e-10
4.7216914e-10
4.7452209e-10
4.7448523e-10
4.7411769e-10
4.7187498e-10
4.7367649e-10
4.7202203e-10
4.7268378e-10
4.7323523e-10
4.7161763e-10
4.7154408e-10
4.7187504e-10
4.7183824e-10
4.7088239e-10
4.7485299e-10
4.7139703e-10
4.7231613e-10
4.7088239e-10
4.7106619e-10
4.6981619e-10
4.7264709e-10
4.7246324e-10
4.7224269e-10
4.7290438e-10
4.7110293e-10
4.7044119e-10
4.6999998e-10
4.6897058e-10
4.6919119e-10
4.6867649e-10
4.6919124e-10
4.7110288e-10
4.6911763e-10
4.7202209e-10
4.7194854e-10
4.7022064e-10
4.7264703e-10
4.7073528e-10
4.6985299e-10
4.7132354e-10
4.7018384e-10
4.7183824e-10
4.7051474e-10
4.7169113e-10
4.7224269e-10
4.7216914e-10
4.7180154e-10
4.7132348e-10
4.6889703e-10
4.7139703e-10
4.6937498e-10
4.7249998e-10
4.7198528e-10
4.7095589e-10
4.6889709e-10
4.6999998e-10
4.7066173e-10
4.6849263e-10
4.7136028e-10
4.6959553e-10
4.7183818e-10
4.7113974e-10
4.7125004e-10
4.6735288e-10
4.6841908e-10
4.7099263e-10
4.6694854e-10
4.6694854e-10
4.6757348e-10
4.6621323e-10
4.6636028e-10
4.6897064e-10
4.6786763e-10
4.6694848e-10
4.6588233e-10
4.6599263e-10
4.6643384e-10
4.6522053e-10
4.6452206e-10
4.6599269e-10
4.6797799e-10
4.6573534e-10
4.6500007e-10
4.6367646e-10
4.6647058e-10
4.6683818e-10
4.6683823e-10
4.6492646e-10
4.6595588e-10
4.6330881e-10
4.6485293e-10
4.6654414e-10
4.6279408e-10
4.6308823e-10
4.6363968e-10
4.6426471e-10
4.6422793e-10
4.6595588e-10
4.6319854e-10
4.6294116e-10
4.6242643e-10
4.6227941e-10
4.6430149e-10
4.6080886e-10
4.631617e-10
4.6459558e-10
4.6448528e-10
4.6415446e-10
4.6305146e-10
4.6459564e-10
4.6617643e-10
4.6106616e-10
4.6261034e-10
4.6360296e-10
4.6555151e-10
4.6198534e-10
4.6345588e-10
4.6360296e-10
4.6099266e-10
4.6356613e-10
4.6617649e-10
4.6312501e-10
4.6470586e-10
4.6305146e-10
4.6533088e-10
4.6319854e-10
4.6224258e-10
4.640808e-10
4.6404414e-10
4.6290438e-10
4.6139709e-10
4.6466914e-10
4.6257351e-10
4.6036769e-10
4.6216908e-10
4.6334558e-10
4.6360291e-10
4.5981619e-10
4.5988968e-10
4.6139703e-10
4.5959556e-10
4.5904411e-10
4.6080881e-10
4.5915444e-10
4.5819851e-10
4.5856621e-10
4.5970588e-10
4.5977935e-10
4.5871323e-10
4.5841914e-10
4.5738963e-10
4.5757353e-10
4.5867643e-10
4.5819851e-10
4.590073e-10
4.5658086e-10
4.5966916e-10
4.5812498e-10
4.6007353e-10
4.6036763e-10
4.5830878e-10
4.5709553e-10
4.5974263e-10
4.583823e-10
4.5676465e-10
4.5746323e-10
4.5694851e-10
4.5761031e-10
4.5845586e-10
4.5698531e-10
4.5665444e-10
4.6091908e-10
4.5749998e-10
4.5944853e-10
4.5823528e-10
4.5886028e-10
4.5812493e-10
4.5757348e-10
4.572426e-10
4.5525739e-10
4.5665444e-10
4.5595586e-10
4.5735296e-10
4.5753681e-10
4.5569853e-10
4.5503673e-10
4.5591911e-10
4.5599263e-10
4.5643378e-10
4.5624998e-10
4.5452206e-10
4.5363968e-10
4.5466914e-10
4.5738974e-10
4.5404414e-10
4.5602946e-10
4.5323525e-10
4.5533088e-10
4.5499995e-10
4.5352941e-10
4.5389711e-10
4.5360296e-10
4.5419118e-10
4.5558823e-10
4.5551474e-10
4.534926e-10
4.5283088e-10
4.5503673e-10
4.5334556e-10
4.5191176e-10
4.5323525e-10
4.5595591e-10
4.5488971e-10
4.5547796e-10
4.5404414e-10
4.5341916e-10
4.5496323e-10
4.5433821e-10
4.5283088e-10
4.5290438e-10
4.5283091e-10
4.5470586e-10
4.5397056e-10
4.5650736e-10
4.5290444e-10
4.5367646e-10
4.5154411e-10
4.5213233e-10
4.5150733e-10
4.5014706e-10
4.5125001e-10
4.5419118e-10
4.5404414e-10
4.5345588e-10
4.5216914e-10
4.5356618e-10
4.5360296e-10
4.5139709e-10
4.5209556e-10
4.5308823e-10
4.5338233e-10
4.5150733e-10
4.5091914e-10
4.5279408e-10
4.5187498e-10
4.5330886e-10
4.5080881e-10
4.5305146e-10
4.5213233e-10
4.5095594e-10
4.5132353e-10
4.5191176e-10
4.5415441e-10
4.5091908e-10
4.5334558e-10
4.5334558e-10
4.5349266e-10
4.5198534e-10
4.5231618e-10
4.521323e-10
4.527573e-10
4.5386031e-10
4.5047793e-10
4.5235299e-10
4.5297793e-10
4.5338239e-10
4.5246326e-10
4.5356618e-10
4.5176474e-10
4.5231618e-10
4.5305146e-10
4.5209561e-10
4.5419118e-10
4.5216919e-10
4.4830883e-10
4.5294116e-10
4.5047793e-10
4.5294121e-10
4.5272058e-10
4.5264706e-10
4.5099266e-10
4.5261028e-10
4.5312501e-10
4.5110293e-10
4.5386028e-10
4.5363974e-10
4.5183821e-10
4.4977946e-10
4.5474269e-10
4.5169118e-10
4.4999998e-10
4.5338239e-10
4.4970588e-10
4.5106616e-10
4.5077209e-10
4.5088236e-10
4.5121318e-10
4.5209561e-10
4.4988974e-10
4.5003676e-10
4.4834558e-10
4.511764e-10
4.5077203e-10
4.4974263e-10
4.4988974e-10
4.4863971e-10
4.5022061e-10
4.4819856e-10
4.5062501e-10
4.4952203e-10
4.4867648e-10
4.4970588e-10
4.4783088e-10
4.5007353e-10
4.4775733e-10
4.4941176e-10
4.4636034e-10
4.4852944e-10
4.5036763e-10
4.4702209e-10
4.5040441e-10
4.4705886e-10
4.4823534e-10
4.4654414e-10
4.4952203e-10
4.4757353e-10
4.4430148e-10
4.4764703e-10
4.4452206e-10
4.4845586e-10
4.48272e-10
4.5040441e-10
4.4856621e-10
4.4845586e-10
4.4672793e-10
4.473529e-10
4.4643378e-10
4.4624993e-10
4.4757353e-10
4.4691173e-10
4.4735296e-10
4.4805148e-10
4.4794113e-10
4.4441179e-10
4.4819856e-10
4.4841914e-10
4.4746329e-10
4.4643383e-10
4.4720583e-10
4.4827206e-10
4.4948531e-10
4.4860288e-10
4.4702209e-10
4.4808826e-10
4.4746323e-10
4.492279e-10
4.4617648e-10
4.4779411e-10
4.5110293e-10
4.4613971e-10
4.4761031e-10
4.4808826e-10
4.4702209e-10
4.4827206e-10
4.4577206e-10
4.4551468e-10
4.4702209e-10
4.4540438e-10
4.4786763e-10
4.4444851e-10
4.4547796e-10
4.4602935e-10
4.4551468e-10
4.4477944e-10
4.4529416e-10
4.4702209e-10
4.4305146e-10
4.4738968e-10
4.4500001e-10
4.4261028e-10
4.4433821e-10
4.4477944e-10
4.4496323e-10
4.4430148e-10
4.4488971e-10
4.4430148e-10
4.4235299e-10
4.4544118e-10
4.4261028e-10
4.4305146e-10
4.4165441e-10
4.4345588e-10
4.4382353e-10
4.4261028e-10
4.4268386e-10
4.4411763e-10
4.4286766e-10
4.4400728e-10
4.4363968e-10
4.4386028e-10
4.4404413e-10
4.4562498e-10
4.4525733e-10
4.4279408e-10
4.4301474e-10
4.4441179e-10
4.4772061e-10
4.4591911e-10
4.4220591e-10
4.4522058e-10
4.4422799e-10
4.4352941e-10
4.4455883e-10
4.4400733e-10
4.4165441e-10
4.4257356e-10
4.434926e-10
4.4393378e-10
4.4143381e-10
4.4448534e-10
4.4341911e-10
4.4264706e-10
4.4389706e-10
4.4338239e-10
4.4492646e-10
4.4165435e-10
4.4268386e-10
4.4301468e-10
4.4441179e-10
4.4268381e-10
4.4378676e-10
4.434926e-10
4.4022061e-10
4.4154416e-10
4.4117646e-10
4.4231616e-10
4.4272058e-10
4.4110293e-10
4.4176468e-10
4.4382348e-10
4.3974269e-10
4.40147e-10
4.3941176e-10
4.3955886e-10
4.4073528e-10
4.4040441e-10
4.4132353e-10
4.4125001e-10
4.4106621e-10
4.3863971e-10
4.4132353e-10
4.4018378e-10
4.4084558e-10
4.3893381e-10
4.3886028e-10
4.3808826e-10
4.4084553e-10
4.4018378e-10
4.3845585e-10
4.4022061e-10
4.3808823e-10
4.3908094e-10
4.3713233e-10
4.3966905e-10
4.380882e-10
4.4095588e-10
4.3952203e-10
4.3882351e-10
4.4205889e-10
4.3959561e-10
4.4338239e-10
4.4062501e-10
4.3996326e-10
4.4224263e-10
4.4176474e-10
4.4216908e-10
4.4040441e-10
4.3783088e-10
4.4216913e-10
4.3999998e-10
4.3834558e-10
4.4091913e-10
4.3812504e-10
4.3988968e-10
4.3808823e-10
4.4036769e-10
4.3808823e-10
4.3977941e-10
4.4224263e-10
4.3797793e-10
4.373529e-10
4.3841913e-10
4.3977941e-10
4.417279e-10
4.3775736e-10
4.4143381e-10
4.3783088e-10
4.3841913e-10
4.4033091e-10
4.372426e-10
4.3500001e-10
4.3775733e-10
4.4051471e-10
4.3727941e-10
4.3841913e-10
4.3834558e-10
4.3867648e-10
4.3764703e-10
4.3819856e-10
4.3735293e-10
4.3819853e-10
4.3768381e-10
4.3669118e-10
4.3908088e-10
4.3602938e-10
4.3705883e-10
4.3536763e-10
4.3768381e-10
4.3753681e-10
4.3595588e-10
4.3783085e-10
4.3602941e-10
4.3569851e-10
4.3459555e-10
4.3624998e-10
4.3492651e-10
4.3463236e-10
4.3444853e-10
4.3591911e-10
4.3551468e-10
4.3316176e-10
4.3455883e-10
4.3374998e-10
4.3363968e-10
4.3283088e-10
4.3463236e-10
4.3290441e-10
4.3345588e-10
4.3272058e-10
4.3529413e-10
4.3470591e-10
4.3290441e-10
4.3547793e-10
4.3441181e-10
4.3419118e-10
4.3448531e-10
4.3573525e-10
4.3536766e-10
4.3588233e-10
4.3330881e-10
4.3595588e-10
4.3488974e-10
4.3573525e-10
4.3488965e-10
4.3511031e-10
4.3606618e-10
4.367279e-10
4.3525739e-10
4.3345583e-10
4.3492648e-10
4.3227941e-10
4.3382348e-10
4.3566181e-10
4.3669118e-10
4.3294118e-10
4.3779408e-10
4.3316178e-10
4.3591911e-10
4.3551471e-10
4.3466911e-10
4.3408088e-10
4.3404413e-10
4.3455883e-10
4.3514706e-10
4.3209555e-10
4.3522055e-10
4.3323528e-10
4.3430148e-10
4.3591911e-10
4.3360296e-10
4.3437498e-10
4.3555146e-10
4.3323531e-10
4.3584558e-10
4.3371323e-10
4.3650736e-10
4.3411763e-10
4.3588236e-10
4.3389708e-10
4.3283088e-10
4.3474263e-10
4.3628676e-10
4.3386028e-10
4.3625001e-10
4.3338236e-10
4.3448525e-10
4.3349266e-10
4.3400736e-10
4.3797793e-10
4.3511028e-10
4.3606616e-10
4.3499998e-10
4.3488971e-10
4.3481616e-10
4.3529413e-10
4.3389706e-10
4.3433823e-10
4.3352943e-10
4.3507353e-10
4.3275736e-10
4.3345585e-10
4.3621329e-10
4.3463239e-10
4.3286763e-10
4.3540441e-10
4.3250004e-10
4.3283088e-10
4.3312498e-10
4.3650736e-10
4.3566178e-10
4.3238971e-10
4.3544121e-10
4.3349269e-10
4.3334561e-10
4.3330883e-10
4.3305151e-10
4.3261031e-10
4.3474266e-10
4.3367643e-10
4.3522064e-10
4.3356624e-10
4.3261031e-10
4.3250004e-10
4.3488968e-10
4.3426471e-10
4.3264703e-10
4.3257356e-10
4.3191176e-10
4.3411769e-10
4.3055148e-10
4.3323531e-10
4.3466916e-10
4.3488976e-10
4.2970588e-10
4.3338233e-10
4.3242648e-10
4.3158085e-10
4.3216913e-10
4.3106615e-10
4.3415443e-10
4.334926e-10
4.3367646e-10
4.3158088e-10
4.3499998e-10
4.3275736e-10
4.3319853e-10
4.3316176e-10
4.3378678e-10
4.3599263e-10
4.3264703e-10
4.3441176e-10
4.3261028e-10
4.3099263e-10
4.3080883e-10
4.3169116e-10
4.3102941e-10
4.3205883e-10
4.3261028e-10
4.3161766e-10
4.3290443e-10
4.3143383e-10
4.3117648e-10
4.2860296e-10
4.3169116e-10
4.2974266e-10
4.3352943e-10
4.3246326e-10
4.3121326e-10
4.3029416e-10
4.3235293e-10
4.2827208e-10
4.3312504e-10
4.3055148e-10
4.3238968e-10
4.3180146e-10
4.3011031e-10
4.3099263e-10
4.3198531e-10
4.3084555e-10
4.3066173e-10
4.3066176e-10
4.3165443e-10
4.3393383e-10
4.3198528e-10
4.3102943e-10
4.3143383e-10
4.3224263e-10
4.2985293e-10
4.3117646e-10
4.2750004e-10
4.2992651e-10
4.3169116e-10
4.3257353e-10
4.3286763e-10
4.3033085e-10
4.3106615e-10
4.2816178e-10
4.3191176e-10
4.3069856e-10
4.2904411e-10
4.3018381e-10
4.2841908e-10
4.3047796e-10
4.2908085e-10
4.2849263e-10
4.2830883e-10
4.2834561e-10
4.2852943e-10
4.2845585e-10
4.2599269e-10
4.2830883e-10
4.3044115e-10
4.2786769e-10
4.2959558e-10
4.2805151e-10
4.2680148e-10
4.3018381e-10
4.2889708e-10
4.3143381e-10
4.3062501e-10
4.2878676e-10
4.2908085e-10
4.2985293e-10
4.3000001e-10
4.3036763e-10
4.3091908e-10
4.3095588e-10
4.2985288e-10
4.305514e-10
4.3011031e-10
4.2919118e-10
4.287132e-10
4.2819856e-10
4.2944856e-10
4.3128678e-10
4.3224269e-10
4.3301468e-10
4.3066178e-10
4.3106615e-10
4.3069848e-10
4.3018381e-10
4.2955881e-10
4.3014708e-10
4.2966911e-10
4.3113971e-10
4.3102941e-10
4.3183823e-10
4.3022061e-10
4.2999998e-10
4.3025736e-10
4.2985296e-10
4.2797788e-10
4.279779e-10
4.3213233e-10
4.3069853e-10
4.3084558e-10
4.3044118e-10
4.3044118e-10
4.3099269e-10
4.2849263e-10
4.2966911e-10
4.3150741e-10
4.3084558e-10
4.3411766e-10
4.2878676e-10
4.3161763e-10
4.3044118e-10
4.2750004e-10
4.2845585e-10
4.2908091e-10
4.2941176e-10
4.3058823e-10
4.2966911e-10
4.2988968e-10
4.2908088e-10
4.2768383e-10
4.2841911e-10
4.2919118e-10
4.2974266e-10
4.2750004e-10
4.3014706e-10
4.2852938e-10
4.3073528e-10
4.2955883e-10
4.2871326e-10
4.2713239e-10
4.3011031e-10
4.2772058e-10
4.2779413e-10
4.2849266e-10
4.3055148e-10
4.2966913e-10
4.2694848e-10
4.2860293e-10
4.2790443e-10
4.2672793e-10
4.2801473e-10
4.2772061e-10
4.2731621e-10
4.3022058e-10
4.291176e-10
4.2977941e-10
4.2790446e-10
4.2639703e-10
4.290073e-10
4.262132e-10
4.2650738e-10
4.2889703e-10
4.2749998e-10
4.2775733e-10
4.2783085e-10
4.2941176e-10
4.2691176e-10
4.2753678e-10
4.2900739e-10
4.2702208e-10
4.2988968e-10
4.2897058e-10
4.2411763e-10
4.2584561e-10
4.2856615e-10
4.2716911e-10
4.2691176e-10
4.2775736e-10
4.2823534e-10
4.2886031e-10
4.2930151e-10
4.2852941e-10
4.2588236e-10
4.2871326e-10
4.2654413e-10
4.2441178e-10
4.2610293e-10
4.2915441e-10
4.2812498e-10
4.2654413e-10
4.2687504e-10
4.2698528e-10
4.2790443e-10
4.2783085e-10
4.2753676e-10
4.2426471e-10
4.2658088e-10
4.2816173e-10
4.2683826e-10
4.2613971e-10
4.2625001e-10
4.2764703e-10
4.2764703e-10
4.2772064e-10
4.2540438e-10
4.2558823e-10
4.2551476e-10
4.2617648e-10
4.2727941e-10
4.28272e-10
4.2713233e-10
4.2742646e-10
4.2713236e-10
4.2606615e-10
4.2691176e-10
4.2588233e-10
4.2639703e-10
4.2772061e-10
4.2606615e-10
4.2705886e-10
4.2863973e-10
4.2823531e-10
4.2540438e-10
4.2735296e-10
4.2687501e-10
4.258088e-10
4.2595591e-10
4.2547796e-10
4.2786769e-10
4.2731618e-10
4.2349263e-10
4.2617643e-10
4.2367648e-10
4.2621323e-10
4.2496323e-10
4.2661763e-10
4.2647061e-10
4.2566178e-10
4.2738971e-10
4.2503678e-10
4.2613973e-10
4.2676468e-10
4.2555148e-10
4.2393386e-10
4.2724266e-10
4.2709558e-10
4.2643386e-10
4.2588236e-10
4.2551468e-10
4.2415443e-10
4.2588238e-10
4.2805143e-10
4.2422796e-10
4.2591908e-10
4.2816176e-10
4.2797796e-10
4.2845588e-10
4.2742646e-10
4.2455883e-10
4.2433826e-10
4.2408091e-10
4.2341913e-10
4.2448525e-10
4.2283091e-10
4.2488971e-10
4.2617648e-10
4.2698528e-10
4.264338e-10
4.2444856e-10
4.2584558e-10
4.2422796e-10
4.2753676e-10
4.2551473e-10
4.2727946e-10
4.2658088e-10
4.2702206e-10
4.2547793e-10
4.2672796e-10
4.2367643e-10
4.2419118e-10
4.2775736e-10
4.2757353e-10
4.2665443e-10
4.2610293e-10
4.2698528e-10
4.2727938e-10
4.2533088e-10
4.2613968e-10
4.2577208e-10
4.2621323e-10
4.2702206e-10
4.2349263e-10
4.2470588e-10
4.2363973e-10
4.2437498e-10
4.2580883e-10
4.2492646e-10
4.2577206e-10
4.2584558e-10
4.2558823e-10
4.2411766e-10
4.273529e-10
4.2518383e-10
4.2536763e-10
4.2544115e-10
4.2606618e-10
4.2768386e-10
4.2650736e-10
4.2540438e-10
4.2783088e-10
4.2474263e-10
4.2588236e-10
4.2606618e-10
4.2562504e-10
4.2680148e-10
4.2768381e-10
4.2555146e-10
4.2823534e-10
4.2683826e-10
4.2514703e-10
4.2573522e-10
4.2500004e-10
4.2455883e-10
4.2411771e-10
4.2636031e-10
4.263235e-10
4.2602943e-10
4.2386028e-10
4.2636025e-10
4.2680146e-10
4.2841916e-10
4.2702206e-10
4.2588236e-10
4.2669118e-10
4.2775739e-10
4.2768386e-10
4.2558823e-10
4.2507353e-10
4.2702206e-10
4.2308823e-10
4.2474266e-10
4.2437498e-10
4.2411763e-10
4.2470583e-10
4.238235e-10
4.2363968e-10
4.2235293e-10
4.2437498e-10
4.2165443e-10
4.2397061e-10
4.2349266e-10
4.219117e-10
4.2397053e-10
4.2301471e-10
4.2308823e-10
4.2319853e-10
4.2470591e-10
4.2437498e-10
4.2411763e-10
4.2411763e-10
4.2316176e-10
4.2500001e-10
4.2378676e-10
4.2375004e-10
4.2283088e-10
4.2264706e-10
4.2080886e-10
4.2187501e-10
4.2283091e-10
4.2198531e-10
4.2125001e-10
4.2264708e-10
4.2198531e-10
4.2283088e-10
4.2371329e-10
4.2349257e-10
4.2470594e-10
4.2511031e-10
4.2378676e-10
4.2503673e-10
4.2488971e-10
4.2426468e-10
4.233088e-10
4.2319853e-10
4.2352941e-10
4.2319856e-10
4.2441176e-10
4.2507353e-10
4.2242645e-10
4.2220585e-10
4.2191176e-10
4.2470591e-10
4.2400733e-10
4.2312495e-10
4.2408088e-10
4.2205883e-10
4.2272061e-10
4.2110296e-10
4.2283088e-10
4.208088e-10
4.2165443e-10
4.2205883e-10
4.2161763e-10
4.2216908e-10
4.2158088e-10
4.219485e-10
4.2375001e-10
4.2477943e-10
4.2143383e-10
4.2261031e-10
4.2235293e-10
4.2202206e-10
4.2323531e-10
4.2378678e-10
4.2408091e-10
4.2117648e-10
4.2533088e-10
4.2547796e-10
4.2569853e-10
4.2003676e-10
4.2452203e-10
4.2360293e-10
4.2338233e-10
4.2316173e-10
4.2080886e-10
4.2121323e-10
4.2312498e-10
4.1808826e-10
4.2154413e-10
4.2099266e-10
4.2338238e-10
4.2117645e-10
4.2099263e-10
4.2444859e-10
4.2459561e-10
4.2084555e-10
4.2191176e-10
4.2128678e-10
4.2147064e-10
4.2172793e-10
4.2216911e-10
4.2033085e-10
4.2147064e-10
4.2113973e-10
4.2110293e-10
4.2125001e-10
4.2055145e-10
4.2077206e-10
4.2352938e-10
4.233088e-10
4.2227938e-10
4.2099271e-10
4.1952206e-10
4.2121323e-10
4.2330883e-10
4.2036766e-10
4.2301473e-10
4.2253678e-10
4.2047796e-10
4.2290435e-10
4.2022058e-10
4.2022058e-10
4.2018383e-10
4.2124998e-10
4.188235e-10
4.2088236e-10
4.1922799e-10
4.2003676e-10
4.2044124e-10
4.2147061e-10
4.1878678e-10
4.1955883e-10
4.2014708e-10
4.1996323e-10
4.1977941e-10
4.2040441e-10
4.2187506e-10
4.2066178e-10
4.2117648e-10
4.2301473e-10
4.2172799e-10
4.1897061e-10
4.2014706e-10
4.1772061e-10
4.1900736e-10
4.2286763e-10
4.2073531e-10
4.1926468e-10
4.2121323e-10
4.2202206e-10
4.201838e-10
4.1981621e-10
4.2191173e-10
4.1996323e-10
4.2202206e-10
4.2091911e-10
4.2154413e-10
4.2036763e-10
4.1981615e-10
4.1911763e-10
4.2102938e-10
4.2066178e-10
4.2290441e-10
4.2084561e-10
4.187132e-10
4.1963236e-10
4.2246323e-10
4.2128678e-10
4.2154411e-10
4.2025733e-10
4.2113968e-10
4.1878673e-10
4.1959564e-10
4.2363971e-10
4.2095588e-10
4.2113976e-10
4.2180148e-10
4.1952203e-10
4.2161763e-10
4.1966913e-10
4.2279411e-10
4.199632e-10
4.2209558e-10
4.1992648e-10
4.2080883e-10
4.212132e-10
4.2025738e-10
4.2286766e-10
4.2183826e-10
4.2161766e-10
4.2139708e-10
4.1882356e-10
4.1952203e-10
4.2158085e-10
4.1727941e-10
4.1761028e-10
4.2000001e-10
4.2125001e-10
4.1952208e-10
4.1966913e-10
4.1959561e-10
4.1904413e-10
4.1974266e-10
4.1750001e-10
4.2073528e-10
4.2033088e-10
4.1882356e-10
4.2220591e-10
4.1900736e-10
4.2018386e-10
4.2113973e-10
4.2014706e-10
4.1926476e-10
4.1963238e-10
4.208088e-10
4.1783088e-10
4.1977941e-10
4.1797793e-10
4.2113971e-10
4.1966913e-10
4.1963236e-10
4.2154408e-10
4.186029e-10
4.1569853e-10
4.1775741e-10
4.1889706e-10
4.2044118e-10
4.1875001e-10
4.1779413e-10
4.1808823e-10
4.1930145e-10
4.190073e-10
4.1827203e-10
4.1764706e-10
4.159191e-10
4.1893383e-10
4.1669121e-10
4.1639703e-10
4.1654413e-10
4.1797796e-10
4.1702206e-10
4.1783088e-10
4.1514706e-10
4.1768386e-10
4.1694853e-10
4.1753681e-10
4.2022058e-10
4.1720588e-10
4.1753681e-10
4.1783088e-10
4.1724263e-10
4.1547793e-10
4.1963236e-10
4.159191e-10
4.1867645e-10
4.1588236e-10
4.172426e-10
4.1636031e-10
4.1764708e-10
4.1724263e-10
4.1547793e-10
4.1731618e-10
4.1499998e-10
4.1294113e-10
4.1566178e-10
4.1444856e-10
4.1544121e-10
4.1731618e-10
4.1422796e-10
4.1514708e-10
4.1790438e-10
4.1389706e-10
4.1625001e-10
4.1610293e-10
4.1602943e-10
4.1698534e-10
4.1437498e-10
4.1474263e-10
4.1297793e-10
4.1727943e-10
4.1650738e-10
4.1863968e-10
4.1547796e-10
4.1933823e-10
4.1514706e-10
4.1716913e-10
4.1768383e-10
4.1308826e-10
4.167279e-10
4.1665443e-10
4.1536763e-10
4.1838236e-10
4.1628678e-10
4.1650738e-10
4.1738962e-10
4.1654413e-10
4.1713236e-10
4.1636025e-10
4.1889706e-10
4.1687503e-10
4.1533094e-10
4.1860293e-10
4.1422793e-10
4.1779408e-10
4.184926e-10
4.180882e-10
4.1720585e-10
4.1529413e-10
4.1573525e-10
4.1610293e-10
4.1897061e-10
4.1632356e-10
4.1569853e-10
4.1643383e-10
4.1779408e-10
4.1613973e-10
4.1617648e-10
4.158823e-10
4.1562501e-10
4.1816173e-10
4.1816181e-10
4.1735293e-10
4.1647061e-10
4.1606618e-10
4.1750001e-10
4.1643383e-10
4.1738973e-10
4.1492648e-10
4.1941176e-10
4.1775736e-10
4.1650733e-10
4.1702203e-10
4.1327206e-10
4.1613973e-10
4.1433823e-10
4.1665441e-10
4.1632356e-10
4.1680145e-10
4.1786768e-10
4.1455883e-10
4.1595588e-10
4.1852946e-10
4.1606621e-10
4.189338e-10
4.1511028e-10
4.177941e-10
4.1801473e-10
4.1772055e-10
4.1591913e-10
4.1930151e-10
4.163235e-10
4.1878678e-10
4.1613971e-10
4.1694853e-10
4.1702208e-10
4.1595591e-10
4.1569848e-10
4.1731618e-10
4.1639706e-10
4.1632353e-10
4.162132e-10
4.1617648e-10
4.1639708e-10
4.1382348e-10
4.1547796e-10
4.156985e-10
4.1709561e-10
4.1617648e-10
4.1636028e-10
4.1400736e-10
4.1577208e-10
4.1533091e-10
4.1636028e-10
4.1518383e-10
4.1632353e-10
4.1334558e-10
4.1647064e-10
4.1647061e-10
4.1514703e-10
4.165441e-10
4.1492648e-10
4.1551468e-10
4.1382353e-10
4.1529413e-10
4.1349266e-10
4.1459561e-10
4.1639706e-10
4.1775738e-10
4.1632353e-10
4.1551468e-10
4.1599263e-10
4.165441e-10
4.1665446e-10
4.1606621e-10
4.1430148e-10
4.1602941e-10
4.146691e-10
4.1595591e-10
4.1654408e-10
4.1463233e-10
4.1731618e-10
4.156985e-10
4.1551471e-10
4.1680145e-10
4.1698531e-10
4.1529413e-10
4.1525738e-10
4.1525736e-10
4.165441e-10
4.1654413e-10
4.1400733e-10
4.1680148e-10
4.1466913e-10
4.1636031e-10
4.1562501e-10
4.1588236e-10
4.1386031e-10
4.1382353e-10
4.1562501e-10
4.1419115e-10
4.1650736e-10
4.1577208e-10
4.1297796e-10
4.1422796e-10
4.1224266e-10
4.1636031e-10
4.1415441e-10
4.1477941e-10
4.1426476e-10
4.1415441e-10
4.1393383e-10
4.1455883e-10
4.1569856e-10
4.1555151e-10
4.1702208e-10
4.1474268e-10
4.145588e-10
4.1463236e-10
4.1544115e-10
4.1680148e-10
4.1397058e-10
4.127941e-10
4.1654416e-10
4.1562503e-10
4.1610293e-10
4.1856621e-10
4.1558823e-10
4.1536766e-10
4.1569853e-10
4.1573531e-10
4.1514706e-10
4.1742648e-10
4.1496329e-10
4.1455883e-10
4.1507353e-10
4.1437498e-10
4.1584561e-10
4.1441178e-10
4.1613971e-10
4.1352941e-10
4.1625001e-10
4.1400736e-10
4.1279416e-10
4.1253681e-10
4.1658088e-10
4.1433823e-10
4.1518383e-10
4.1257356e-10
4.1352943e-10
4.1404413e-10
4.1419118e-10
4.1301473e-10
4.1345588e-10
4.1411766e-10
4.1176471e-10
4.1290446e-10
4.1261031e-10
4.1522064e-10
4.146691e-10
4.1286768e-10
4.1352941e-10
4.1628676e-10
4.1444848e-10
4.1474268e-10
4.1488973e-10
4.1562501e-10
4.1544121e-10
4.1466916e-10
4.150735e-10
4.1386031e-10
4.1400738e-10
4.1580883e-10
4.1250003e-10
4.1499995e-10
4.1547796e-10
4.1683826e-10
4.1426471e-10
4.1408088e-10
4.1176471e-10
4.1360296e-10
4.1727941e-10
4.1411763e-10
4.1694853e-10
4.1488968e-10
4.1415438e-10
4.1349266e-10
4.1555148e-10
4.1132353e-10
4.1250001e-10
4.1316178e-10
4.139338e-10
4.1257356e-10
4.112132e-10
4.1419115e-10
4.1375001e-10
4.1599263e-10
4.1198533e-10
4.1290438e-10
4.1441175e-10
4.1437501e-10
4.1158088e-10
4.1297793e-10
4.1301471e-10
4.1323531e-10
4.1352943e-10
4.1297796e-10
4.1408088e-10
4.1422796e-10
4.1463238e-10
4.127941e-10
4.1500003e-10
4.1316175e-10
4.1382353e-10
4.1606621e-10
4.1397055e-10
4.1474263e-10
4.1205883e-10
4.1180143e-10
4.1345585e-10
4.1400738e-10
4.1323528e-10
4.1261028e-10
4.1238968e-10
4.1058823e-10
4.1419118e-10
4.1507353e-10
4.1176468e-10
4.1235293e-10
4.1680145e-10
4.1492648e-10
4.1452203e-10
4.1272058e-10
4.151838e-10
4.1268383e-10
4.1147064e-10
4.1327208e-10
4.1205883e-10
4.1477943e-10
4.1389711e-10
4.1470588e-10
4.1382353e-10
4.1411763e-10
4.1661766e-10
4.1558823e-10
4.1441178e-10
4.1610293e-10
4.1511031e-10
4.1419118e-10
4.1378675e-10
4.1352943e-10
4.1290441e-10
4.1253678e-10
4.1319856e-10
4.145588e-10
4.1345585e-10
4.1426468e-10
4.1198531e-10
4.1356624e-10
4.1202206e-10
4.1308823e-10
4.1213236e-10
4.1371323e-10
4.1672793e-10
4.1312498e-10
4.1356621e-10
4.1382356e-10
4.1452206e-10
4.1246317e-10
4.1249998e-10
4.1231615e-10
4.1290441e-10
4.1345588e-10
4.1334558e-10
4.1474266e-10
4.1327203e-10
4.1647064e-10
4.1161766e-10
4.1374998e-10
4.1235296e-10
4.133088e-10
4.1275736e-10
4.1444856e-10
4.1430148e-10
4.1198531e-10
4.1312498e-10
4.1411763e-10
4.1323533e-10
4.1205883e-10
4.1290441e-10
4.1283088e-10
4.113235e-10
4.1411763e-10
4.1084558e-10
4.1286763e-10
4.1316175e-10
4.1198528e-10
4.1522055e-10
4.1257353e-10
4.1558826e-10
4.1290443e-10
4.128308e-10
4.1488968e-10
4.1220591e-10
4.1235293e-10
4.146691e-10
4.1514706e-10
4.1371329e-10
4.1286766e-10
4.1327206e-10
4.1661763e-10
4.1308826e-10
4.1441181e-10
4.1257353e-10
4.1345591e-10
4.1198533e-10
4.1279408e-10
4.1426476e-10
4.1121326e-10
4.1378678e-10
4.1253681e-10
4.1091913e-10
4.115441e-10
4.1477943e-10
4.1069853e-10
4.1080883e-10
4.1312492e-10
4.1305145e-10
4.1375003e-10
4.1227941e-10
4.1261025e-10
4.1378675e-10
4.1139706e-10
4.1183829e-10
4.1227941e-10
4.1169118e-10
4.1312503e-10
4.1238973e-10
4.1077208e-10
4.1272055e-10
4.096691e-10
4.1448528e-10
4.1125003e-10
4.0922793e-10
4.1176468e-10
4.1301473e-10
4.1238965e-10
4.1253678e-10
4.1169121e-10
4.1253678e-10
4.1058829e-10
4.1253678e-10
4.104044e-10
4.1496331e-10
4.1312498e-10
4.130882e-10
4.115441e-10
4.1128678e-10
4.1058823e-10
4.0988971e-10
4.139338e-10
4.1235296e-10
4.1102946e-10
4.1007353e-10
4.1154413e-10
4.1261025e-10
4.124632e-10
4.1143386e-10
4.1444853e-10
4.109191e-10
4.119485e-10
4.1386028e-10
4.1191175e-10
4.1323531e-10
4.1275738e-10
4.1261028e-10
4.1044118e-10
4.1150733e-10
4.1227935e-10
4.0992651e-10
4.1007353e-10
4.0790443e-10
4.1036763e-10
4.0981618e-10
4.0941175e-10
4.1058823e-10
4.1047796e-10
4.108088e-10
4.1110293e-10
4.1011033e-10
4.0952203e-10
4.0959561e-10
4.0867643e-10
4.1066175e-10
4.0996326e-10
4.1286766e-10
4.1018386e-10
4.1213236e-10
4.1150738e-10
4.1110296e-10
4.1099268e-10
4.1205886e-10
4.1099266e-10
4.1139706e-10
4.110294e-10
4.1172799e-10
4.1158088e-10
4.1253675e-10
4.1231615e-10
4.1099266e-10
4.1055151e-10
4.1125001e-10
4.1312503e-10
4.1099266e-10
4.1268383e-10
4.110294e-10
4.1062498e-10
4.1066178e-10
4.1253675e-10
4.1235293e-10
4.1202208e-10
4.1051471e-10
4.1275736e-10
4.1220585e-10
4.1297796e-10
4.1128678e-10
4.1106615e-10
4.0889706e-10
4.102941e-10
4.1261025e-10
4.1165446e-10
4.0955883e-10
4.1150736e-10
4.1113968e-10
4.0867643e-10
4.1044118e-10
4.0974266e-10
4.1029413e-10
4.1301473e-10
4.091544e-10
4.1025736e-10
4.0926471e-10
4.1136031e-10
4.1246323e-10
4.0926468e-10
4.108088e-10
4.1025736e-10
4.1102938e-10
4.1172793e-10
4.0937498e-10
4.0948533e-10
4.0808823e-10
4.1088233e-10
4.0882345e-10
4.0915446e-10
4.1202208e-10
4.0933823e-10
4.0830883e-10
4.1055145e-10
4.0959561e-10
4.0893383e-10
4.1099268e-10
4.1176471e-10
4.0808823e-10
4.1055148e-10
4.1172793e-10
4.0919113e-10
4.0952206e-10
4.1205883e-10
4.102941e-10
4.0970582e-10
4.094485e-10
4.1121326e-10
4.1080886e-10
4.1036766e-10
4.1106621e-10
4.092279e-10
4.1147058e-10
4.1033088e-10
4.1011028e-10
4.1033088e-10
4.1102943e-10
4.1411763e-10
4.1007353e-10
4.1220588e-10
4.1025736e-10
4.097794e-10
4.1029416e-10
4.1000001e-10
4.1312501e-10
4.1040438e-10
4.0992648e-10
4.1102943e-10
4.0897061e-10
4.1290441e-10
4.0919115e-10
4.1055143e-10
4.0966916e-10
4.0922796e-10
4.0908094e-10
4.1124998e-10
4.1077208e-10
4.0970588e-10
4.1231618e-10
4.1213238e-10
4.1073525e-10
4.0981618e-10
4.0919121e-10
4.1003681e-10
4.1312501e-10
4.0852943e-10
4.1102938e-10
4.1150738e-10
4.1062501e-10
4.0999998e-10
4.0919113e-10
4.1132353e-10
4.1264703e-10
4.1110293e-10
4.1198531e-10
4.1099266e-10
4.1136031e-10
4.1249998e-10
4.1047796e-10
4.0841913e-10
4.1165441e-10
4.0893378e-10
4.0937498e-10
4.0970588e-10
4.1235296e-10
4.1180148e-10
4.1125003e-10
4.1180148e-10
4.1007353e-10
4.1238971e-10
4.0966916e-10
4.1036763e-10
4.1209558e-10
4.1106621e-10
4.1080883e-10
4.1011031e-10
4.1172793e-10
4.0904413e-10
4.1128673e-10
4.09522e-10
4.0838236e-10
4.1029413e-10
4.1363968e-10
4.0981615e-10
4.1202206e-10
4.1095591e-10
4.0816173e-10
4.1033091e-10
4.0908088e-10
4.1213236e-10
4.106985e-10
4.1305145e-10
4.0941175e-10
4.097794e-10
4.1066173e-10
4.088235e-10
4.1220591e-10
4.1036763e-10
4.1025738e-10
4.1305145e-10
4.1073531e-10
4.1136031e-10
4.1191175e-10
4.1176473e-10
4.0970591e-10
4.1007356e-10
4.1069853e-10
4.1124998e-10
4.1022058e-10
4.1334561e-10
4.1110293e-10
4.1345591e-10
4.1080883e-10
4.1238971e-10
4.1139706e-10
4.1058823e-10
4.0926473e-10
4.1073531e-10
4.102941e-10
4.1077206e-10
4.0897058e-10
4.1058823e-10
4.1033088e-10
4.1110296e-10
4.0937495e-10
4.0952206e-10
4.1073528e-10
4.0937501e-10
4.1147061e-10
4.0860293e-10
4.1066175e-10
4.0845588e-10
4.1165443e-10
4.134191e-10
4.0948533e-10
4.0988971e-10
4.0845588e-10
4.1132353e-10
4.0919118e-10
4.0897058e-10
4.0860296e-10
4.1036768e-10
4.0988968e-10
4.1117651e-10
4.1051468e-10
4.0786763e-10
4.0772058e-10
4.1253678e-10
4.1117648e-10
4.089338e-10
4.115441e-10
4.0911768e-10
4.0981618e-10
4.1055148e-10
4.097794e-10
4.0937501e-10
4.1047796e-10
4.1113973e-10
4.1000003e-10
4.1169118e-10
4.0886033e-10
4.0878675e-10
4.1014708e-10
4.1113973e-10
4.0852943e-10
4.0941181e-10
4.1124998e-10
4.130882e-10
4.101838e-10
4.1227941e-10
4.1132353e-10
4.1014706e-10
4.1000001e-10
4.0915438e-10
4.1003678e-10
4.1172793e-10
4.0801473e-10
4.0937498e-10
4.0838241e-10
4.1051471e-10
4.1000001e-10
4.0827206e-10
4.0897058e-10
4.0911763e-10
4.0922796e-10
4.1022058e-10
4.0959561e-10
4.1062501e-10
4.0797793e-10
4.0908091e-10
4.1000003e-10
4.0808826e-10
4.0992648e-10
4.0838236e-10
4.1022061e-10
4.0772055e-10
4.1132356e-10
4.0801471e-10
4.0775733e-10
4.0691178e-10
4.0768386e-10
4.0889703e-10
4.0775736e-10
4.0911763e-10
4.079044e-10
4.0584558e-10
4.0911766e-10
4.0720585e-10
4.0757353e-10
4.0805148e-10
4.0830886e-10
4.0852943e-10
4.0849263e-10
4.0764703e-10
4.0522058e-10
4.0595588e-10
4.0915443e-10
4.0797798e-10
4.0639705e-10
4.0790438e-10
4.0735293e-10
4.0841913e-10
4.0886028e-10
4.1033085e-10
4.1000001e-10
4.0724266e-10
4.1073528e-10
4.0595591e-10
4.0919115e-10
4.0834558e-10
4.0845591e-10
4.0863971e-10
4.0676468e-10
4.0786763e-10
4.0779413e-10
4.0558823e-10
4.0507353e-10
4.0926471e-10
4.0643378e-10
4.0724263e-10
4.058088e-10
4.0680148e-10
4.0665443e-10
4.0702208e-10
4.0558826e-10
4.0834558e-10
4.0529416e-10
4.0779413e-10
4.0713236e-10
4.0867651e-10
4.0753681e-10
4.0904413e-10
4.0595582e-10
4.0617648e-10
4.083088e-10
4.0830883e-10
4.0955883e-10
4.0643383e-10
4.0849263e-10
4.079779e-10
4.0794124e-10
4.0742643e-10
4.0639711e-10
4.0680145e-10
4.0738976e-10
4.0952208e-10
4.0852943e-10
4.0874998e-10
4.0713233e-10
4.1058823e-10
4.0819853e-10
4.096691e-10
4.0893383e-10
4.0827206e-10
4.0727943e-10
4.0444853e-10
4.0988973e-10
4.0911763e-10
4.0772058e-10
4.0849266e-10
4.0823531e-10
4.0753681e-10
4.0863968e-10
4.0919115e-10
4.0753678e-10
4.0661768e-10
4.0875001e-10
4.0900733e-10
4.1084558e-10
4.091544e-10
4.091544e-10
4.0805148e-10
4.068382e-10
4.0647063e-10
4.0875003e-10
4.0724263e-10
4.0889711e-10
4.080882e-10
4.0823533e-10
4.0716913e-10
4.1047796e-10
4.0727943e-10
4.0551473e-10
4.0863968e-10
4.0871326e-10
4.0716913e-10
4.0838236e-10
4.0742643e-10
4.0959564e-10
4.0827203e-10
4.0819853e-10
4.0544118e-10
4.0783088e-10
4.0860296e-10
4.079779e-10
4.1000003e-10
4.0878673e-10
4.0992645e-10
4.0823531e-10
4.0952203e-10
4.0716916e-10
4.1047796e-10
4.1011028e-10
4.0863971e-10
4.1014708e-10
4.0871323e-10
4.1018383e-10
4.0900736e-10
4.0790443e-10
4.0867648e-10
4.1018378e-10
4.0863971e-10
4.0985293e-10
4.0959558e-10
4.091544e-10
4.0812498e-10
4.109191e-10
4.1033082e-10
4.0786763e-10
4.0827206e-10
4.0665446e-10
4.0801471e-10
4.0886028e-10
4.0926471e-10
4.0705883e-10
4.0878678e-10
4.0764703e-10
4.0849268e-10
4.0632353e-10
4.0988973e-10
4.0871326e-10
4.0827206e-10
4.0702208e-10
4.0834561e-10
4.090441e-10
4.0808823e-10
4.0860296e-10
4.0863971e-10
4.0724266e-10
4.0867645e-10
4.086029e-10
4.1095591e-10
4.101838e-10
4.0845585e-10
4.0503675e-10
4.0856621e-10
4.0830883e-10
4.0875001e-10
4.0900733e-10
4.0852938e-10
4.0900733e-10
4.1150738e-10
4.0930148e-10
4.0709561e-10
4.1003678e-10
4.0775733e-10
4.0845588e-10
4.1055148e-10
4.0823531e-10
4.0955883e-10
4.0676471e-10
4.1014708e-10
4.0937501e-10
4.0624998e-10
4.0669121e-10
4.096691e-10
4.0897061e-10
4.0738968e-10
4.0897061e-10
4.0595594e-10
4.0753675e-10
4.1069853e-10
4.0955883e-10
4.0941184e-10
4.1022058e-10
4.0738976e-10
4.0926471e-10
4.0735296e-10
4.0992651e-10
4.1029416e-10
4.083088e-10
4.0941175e-10
4.0838238e-10
4.0573525e-10
4.0709558e-10
4.0801473e-10
4.0691175e-10
4.0816178e-10
4.0875006e-10
4.074632e-10
4.0827206e-10
4.0610296e-10
4.0915446e-10
4.0720585e-10
4.0860298e-10
4.0827208e-10
4.069485e-10
4.0724266e-10
4.054044e-10
4.0849266e-10
4.083088e-10
4.0768383e-10
4.0573531e-10
4.0783085e-10
4.0816178e-10
4.0966913e-10
4.0613973e-10
4.0665446e-10
4.0621326e-10
4.053676e-10
4.0783088e-10
4.0963236e-10
4.0621323e-10
4.0588238e-10
4.0768389e-10
4.0904413e-10
4.0749998e-10
4.0544115e-10
4.0525736e-10
4.064338e-10
4.0658085e-10
4.1022064e-10
4.0834555e-10
4.0786766e-10
4.0757359e-10
4.0724268e-10
4.0742651e-10
4.081985e-10
4.0823531e-10
4.0724266e-10
4.0613973e-10
4.1147058e-10
4.0893386e-10
4.080882e-10
4.0731615e-10
4.073529e-10
4.0823531e-10
4.0647061e-10
4.0860296e-10
4.0658088e-10
4.0713233e-10
4.0908085e-10
4.0584558e-10
4.0639705e-10
4.058088e-10
4.076838e-10
4.0595591e-10
4.0687501e-10
4.076838e-10
4.0705878e-10
4.0849263e-10
4.089338e-10
4.0551468e-10
4.0580886e-10
4.0654416e-10
4.0625003e-10
4.0749998e-10
4.0540438e-10
4.0808823e-10
4.0573525e-10
4.0628678e-10
4.0812498e-10
4.0812498e-10
4.0654408e-10
4.0875001e-10
4.0613973e-10
4.0507353e-10
4.0742648e-10
4.0632356e-10
4.0775733e-10
4.0705886e-10
4.0676465e-10
4.0602938e-10
4.0584561e-10
4.0790446e-10
4.0613973e-10
4.0522055e-10
4.0540443e-10
4.0691175e-10
4.0661763e-10
4.0639703e-10
4.059191e-10
4.0525736e-10
4.0625001e-10
4.0665438e-10
4.0654413e-10
4.0606615e-10
4.0647061e-10
4.0716913e-10
4.0617645e-10
4.0790443e-10
4.0305148e-10
4.0731615e-10
4.046323e-10
4.0183826e-10
4.0897061e-10
4.051838e-10
4.0761028e-10
4.0613971e-10
4.0503678e-10
4.0727938e-10
4.0647058e-10
4.0860296e-10
4.0518386e-10
4.0518378e-10
4.043382e-10
4.0536766e-10
4.0463238e-10
4.0422796e-10
4.0562503e-10
4.0595594e-10
4.053676e-10
4.0720594e-10
4.0705883e-10
4.0613976e-10
4.0503678e-10
4.0503678e-10
4.0643386e-10
4.0691181e-10
4.0834561e-10
4.0823531e-10
4.0713233e-10
4.0808823e-10
4.0904413e-10
4.0753675e-10
4.0503675e-10
4.0698531e-10
4.0786771e-10
4.0801468e-10
4.0555145e-10
4.0750003e-10
4.0830886e-10
4.0889706e-10
4.0536766e-10
4.0488968e-10
4.059191e-10
4.0680148e-10
4.0812495e-10
4.0694856e-10
4.0319853e-10
4.0672793e-10
4.0727943e-10
4.0742645e-10
4.0209563e-10
4.0613973e-10
4.0422793e-10
4.0599263e-10
4.0757353e-10
4.0720591e-10
4.0507353e-10
4.0455883e-10
4.0463233e-10
4.0419118e-10
4.0389708e-10
4.05147e-10
4.0790438e-10
4.0625001e-10
4.0595588e-10
4.0761031e-10
4.0669124e-10
4.0749998e-10
4.0466913e-10
4.069485e-10
4.0694853e-10
4.0511028e-10
4.034926e-10
4.0466908e-10
4.0926476e-10
4.0408091e-10
4.0775733e-10
4.0801473e-10
4.0863973e-10
4.0507353e-10
4.0922793e-10
4.0419115e-10
4.0702203e-10
4.0551476e-10
4.0297793e-10
4.0599271e-10
4.052941e-10
4.0382353e-10
4.059926e-10
4.0507353e-10
4.0481615e-10
4.0433823e-10
4.0363965e-10
4.0562501e-10
4.0680145e-10
4.027941e-10
4.0636028e-10
4.0485298e-10
4.0330886e-10
4.0639703e-10
4.0444853e-10
4.0735296e-10
4.0250001e-10
4.0415438e-10
4.0253678e-10
4.0786766e-10
4.044485e-10
4.0422798e-10
4.0448528e-10
4.0470591e-10
4.0544118e-10
4.0488968e-10
4.0580883e-10
4.0275736e-10
4.0580886e-10
4.0444856e-10
4.0466908e-10
4.0474266e-10
4.0713236e-10
4.0463236e-10
4.0397058e-10
4.0481618e-10
4.0470585e-10
4.0573525e-10
4.0433823e-10
4.0481618e-10
4.0628678e-10
4.0393383e-10
4.047794e-10
4.0430145e-10
4.0235296e-10
4.0533091e-10
4.0323531e-10
4.0680145e-10
4.0669121e-10
4.0426471e-10
4.0389708e-10
4.0261031e-10
4.0518383e-10
4.0143378e-10
4.034926e-10
4.0606618e-10
4.0522058e-10
4.0507353e-10
4.0500001e-10
4.0525733e-10
4.0606615e-10
4.0272061e-10
4.0544115e-10
4.0522055e-10
4.0477943e-10
4.0639708e-10
4.035294e-10
4.056985e-10
4.0488971e-10
4.0426476e-10
4.0522061e-10
4.044485e-10
4.0400733e-10
4.0308823e-10
4.0544118e-10
4.0268383e-10
4.0367648e-10
4.0386031e-10
4.0386031e-10
4.0408091e-10
4.0441181e-10
4.0680148e-10
4.0459558e-10
4.0393386e-10
4.0459561e-10
4.0488971e-10
4.0628675e-10
4.0261031e-10
4.0375001e-10
4.0382356e-10
4.0577208e-10
4.0316175e-10
4.0602946e-10
4.0584558e-10
4.0757356e-10
4.0386028e-10
4.0378675e-10
4.0514708e-10
4.031985e-10
4.0661766e-10
4.0555148e-10
4.0591908e-10
4.0419118e-10
4.0658085e-10
4.0382353e-10
4.046691e-10
4.0477943e-10
4.0544118e-10
4.0426473e-10
4.0393386e-10
4.0242648e-10
4.0463236e-10
4.0430145e-10
4.0533088e-10
4.0496323e-10
4.0481618e-10
4.0422796e-10
4.079044e-10
4.0363968e-10
4.0345588e-10
4.0507353e-10
4.0709561e-10
4.0496326e-10
4.0764703e-10
4.0404413e-10
4.0444856e-10
4.0466913e-10
4.059191e-10
4.0448531e-10
4.0705886e-10
4.0227943e-10
4.0382353e-10
4.0389708e-10
4.047794e-10
4.0264705e-10
4.060294e-10
4.0371326e-10
4.069485e-10
4.0588236e-10
4.0511033e-10
4.0312495e-10
4.0341913e-10
4.0544118e-10
4.0301473e-10
4.0647063e-10
4.0316173e-10
4.0341913e-10
4.054044e-10
4.0584558e-10
4.0400736e-10
4.0441175e-10
4.0367648e-10
4.0430148e-10
4.0404413e-10
4.0411766e-10
4.041544e-10
4.0389703e-10
4.022794e-10
4.0525733e-10
4.0308823e-10
4.0257353e-10
4.0386028e-10
4.0257359e-10
4.040441e-10
4.041544e-10
4.058088e-10
4.0687501e-10
4.0511033e-10
4.0261033e-10
4.0691178e-10
4.0312501e-10
4.0382353e-10
4.0150733e-10
4.0169121e-10
4.0349263e-10
4.0272061e-10
4.0213233e-10
4.0375001e-10
4.0356621e-10
4.041176e-10
4.0536766e-10
4.0492651e-10
4.0503673e-10
4.0444856e-10
4.0356621e-10
4.0518383e-10
4.0625003e-10
4.0558823e-10
4.0356621e-10
4.0448531e-10
4.0426471e-10
4.0625001e-10
4.0551476e-10
4.0669124e-10
4.0588233e-10
4.0257356e-10
4.0610293e-10
4.0746326e-10
4.0463236e-10
4.0323528e-10
4.0613973e-10
4.077573e-10
4.0566178e-10
4.0805151e-10
4.0676471e-10
4.0665443e-10
4.0764706e-10
4.0511031e-10
4.0856618e-10
4.0488968e-10
4.0922796e-10
4.0566175e-10
4.0742645e-10
4.0363973e-10
4.0330889e-10
4.0606618e-10
4.0363968e-10
4.0382353e-10
4.0661763e-10
4.0437498e-10
4.029044e-10
4.0492654e-10
4.0352943e-10
4.0261031e-10
4.0444853e-10
4.0250001e-10
4.0216913e-10
4.0522055e-10
4.0253681e-10
4.0264705e-10
4.0599268e-10
4.0220588e-10
4.0389708e-10
4.0496323e-10
4.0360293e-10
4.024632e-10
4.0419115e-10
4.0606618e-10
4.040441e-10
4.020588e-10
4.0625001e-10
4.0084561e-10
4.0459558e-10
4.0441178e-10
4.0573531e-10
4.0305151e-10
4.0488971e-10
4.0327205e-10
4.0400738e-10
4.0246323e-10
4.0375003e-10
4.036397e-10
4.0312498e-10
4.0507353e-10
4.0389708e-10
4.030147e-10
4.0323528e-10
4.030147e-10
4.0444853e-10
4.017647e-10
4.0316173e-10
4.0386028e-10
4.0371326e-10
4.0316175e-10
4.0694853e-10
4.010294e-10
4.0216916e-10
4.0187501e-10
4.034191e-10
4.0275733e-10
4.029779e-10
4.0341916e-10
4.0334558e-10
4.0389705e-10
4.0349263e-10
4.036397e-10
4.0246323e-10
4.0389705e-10
4.0352943e-10
4.0308826e-10
4.029779e-10
4.0580883e-10
4.0437503e-10
4.0386028e-10
4.0231618e-10
4.0073531e-10
4.023897e-10
3.9966913e-10
4.0481618e-10
4.0319856e-10
4.023897e-10
4.0308828e-10
4.0224268e-10
4.0102943e-10
4.0338236e-10
4.024632e-10
4.0198536e-10
4.030147e-10
4.0408088e-10
4.0080883e-10
4.0128678e-10
4.0125001e-10
4.011397e-10
4.0242648e-10
4.006985e-10
4.0106618e-10
4.0275733e-10
4.0095591e-10
4.0077208e-10
4.012132e-10
4.0257347e-10
4.0180148e-10
4.0099266e-10
4.0125001e-10
4.0150733e-10
4.0437501e-10
4.0294118e-10
4.0268386e-10
4.0316173e-10
4.0352943e-10
4.0150736e-10
4.0121323e-10
4.0294118e-10
4.0044121e-10
4.0250003e-10
4.0139703e-10
4.0286766e-10
4.0180148e-10
4.030147e-10
4.0441175e-10
4.0011031e-10
4.0187498e-10
4.0205886e-10
4.028676e-10
4.020588e-10
4.026838e-10
4.0466908e-10
3.9985293e-10
4.0389705e-10
4.0066178e-10
4.0264703e-10
3.9970585e-10
4.0283091e-10
4.0161766e-10
4.0316175e-10
4.0459563e-10
4.0378673e-10
4.0606626e-10
4.0334561e-10
4.0455883e-10
4.0419115e-10
4.0338233e-10
4.016544e-10
4.0474268e-10
4.0272058e-10
4.0621326e-10
4.0286763e-10
4.0345585e-10
4.0393383e-10
4.0404413e-10
4.0319856e-10
4.0327205e-10
4.0187501e-10
4.0352943e-10
4.0150736e-10
4.0275733e-10
4.0249998e-10
4.0444853e-10
4.0283088e-10
4.0444856e-10
4.0323531e-10
4.022794e-10
4.0367645e-10
4.029044e-10
4.0176473e-10
4.0430145e-10
4.0716913e-10
4.059191e-10
4.0360293e-10
4.0341913e-10
4.0474268e-10
4.0400736e-10
4.0459558e-10
4.0606615e-10
4.0330875e-10
4.0253675e-10
4.0386028e-10
4.0286766e-10
4.0231618e-10
4.0301473e-10
4.0389708e-10
4.0253678e-10
4.0382356e-10
4.0477938e-10
4.0496326e-10
4.0253675e-10
4.0345591e-10
4.0375003e-10
4.0433823e-10
4.0220588e-10
4.0161763e-10
4.0165446e-10
4.0408088e-10
4.059191e-10
4.0147061e-10
4.0522058e-10
4.0367645e-10
4.0481615e-10
4.0360296e-10
4.0261031e-10
4.023897e-10
4.0481618e-10
4.0389705e-10
4.0275733e-10
4.0183828e-10
4.0139705e-10
4.0294118e-10
3.9963238e-10
4.0308823e-10
4.0327205e-10
4.0393386e-10
4.0294121e-10
4.0286763e-10
4.041176e-10
4.0003675e-10
4.0132347e-10
4.033823e-10
3.9944856e-10
3.9878678e-10
4.0128678e-10
4.0430145e-10
4.0334561e-10
4.0224266e-10
4.033088e-10
4.0224263e-10
4.0095585e-10
4.0231618e-10
4.0242648e-10
4.0415443e-10
4.0378675e-10
4.0301473e-10
4.0143383e-10
4.0169121e-10
4.0264705e-10
4.0220588e-10
4.0367648e-10
4.0235293e-10
3.995588e-10
4.0183826e-10
4.0389714e-10
4.0095591e-10
4.0246323e-10
4.0360296e-10
4.0128678e-10
4.0194853e-10
4.0257356e-10
4.0051473e-10
4.0084555e-10
4.004044e-10
4.0033088e-10
3.9816173e-10
4.0183826e-10
4.0275733e-10
4.0176473e-10
4.0341913e-10
4.0165443e-10
4.0180148e-10
4.0110293e-10
4.0275736e-10
4.0143383e-10
4.0033091e-10
4.0128678e-10
4.0312498e-10
3.9981618e-10
4.030147e-10
4.0161763e-10
4.0055148e-10
3.998897e-10
4.0257356e-10
4.0312503e-10
4.0055148e-10
4.0110298e-10
4.0191175e-10
3.986397e-10
4.0253678e-10
4.0044118e-10
4.0474268e-10
4.0294121e-10
4.0014708e-10
4.0261028e-10
4.0033094e-10
4.0216916e-10
4.0264705e-10
4.0253675e-10
4.0272061e-10
4.0169121e-10
4.0220588e-10
4.0272061e-10
4.0290443e-10
3.9944856e-10
4.0128678e-10
4.035294e-10
4.0124995e-10
4.0216913e-10
4.0147061e-10
4.0117648e-10
4.0216913e-10
4.0102943e-10
4.0297796e-10
3.9930145e-10
3.9974263e-10
4.0180148e-10
4.0073531e-10
4.0180148e-10
4.0202205e-10
4.011397e-10
4.0099266e-10
4.0080883e-10
4.0073528e-10
4.010294e-10
4.0279408e-10
4.0110293e-10
4.0202205e-10
4.031985e-10
4.017647e-10
4.0117648e-10
4.0136025e-10
4.0139708e-10
4.0136031e-10
4.0264703e-10
4.0459561e-10
4.004044e-10
4.0169124e-10
4.0319859e-10
4.020588e-10
4.0279413e-10
4.0297793e-10
4.0227938e-10
4.0235296e-10
4.0124998e-10
4.0044121e-10
4.0316178e-10
3.998897e-10
4.0011031e-10
4.011397e-10
4.018382e-10
4.0202205e-10
3.9955883e-10
4.0279408e-10
4.0110293e-10
3.9797793e-10
3.9963238e-10
4.0198528e-10
4.0128675e-10
3.9985296e-10
4.023897e-10
4.024632e-10
4.017647e-10
4.0242645e-10
3.9981621e-10
4.0308823e-10
4.0250003e-10
4.0213233e-10
4.0084561e-10
4.0154413e-10
4.0183826e-10
3.9963235e-10
4.0308826e-10
4.0404413e-10
4.0169121e-10
4.0106615e-10
4.0191175e-10
4.0308823e-10
4.0139705e-10
4.0088233e-10
4.0150733e-10
4.022794e-10
4.0191178e-10
4.0249998e-10
4.016176e-10
4.0308826e-10
4.0272061e-10
4.0128678e-10
4.025735e-10
4.0341916e-10
4.0139703e-10
4.0124998e-10
4.0404413e-10
4.0213233e-10
4.0124998e-10
4.003676e-10
4.0279413e-10
4.0345588e-10
4.0411766e-10
4.0588236e-10
4.0286768e-10
4.0209561e-10
4.0102938e-10
4.0430151e-10
4.0180148e-10
4.0279413e-10
4.035294e-10
4.0150738e-10
4.0477946e-10
4.0055145e-10
4.0257356e-10
4.0106618e-10
4.0007353e-10
4.0047796e-10
4.022794e-10
4.0220591e-10
4.0055145e-10
4.0400733e-10
4.0488973e-10
4.0227943e-10
4.0198531e-10
4.0264703e-10
4.0220585e-10
4.005147e-10
4.030147e-10
4.0261028e-10
4.0066173e-10
4.024632e-10
4.0334558e-10
4.0125001e-10
4.0139708e-10
4.0224271e-10
4.0312501e-10
4.0106618e-10
4.0025738e-10
4.0213236e-10
3.9849263e-10
4.0125001e-10
4.0051468e-10
4.024632e-10
4.0275738e-10
4.009191e-10
4.023897e-10
4.0393383e-10
4.0334558e-10
4.0268383e-10
3.9893383e-10
4.0069856e-10
4.0283088e-10
4.0132353e-10
4.0187498e-10
4.0220588e-10
4.0341916e-10
4.0308823e-10
4.0441175e-10
4.0525738e-10
4.036397e-10
4.0404408e-10
4.0235298e-10
4.0330886e-10
4.0294118e-10
4.0161763e-10
4.0290443e-10
4.0283091e-10
4.0378675e-10
4.0191178e-10
4.0176468e-10
4.0165443e-10
4.0106615e-10
4.0323528e-10
4.0455883e-10
4.0147063e-10
4.0319853e-10
4.0305154e-10
4.0606618e-10
4.0323528e-10
4.0555145e-10
4.0257353e-10
4.0209558e-10
4.0452205e-10
4.0117651e-10
4.021691e-10
4.0143383e-10
4.0544121e-10
4.0283088e-10
4.0294115e-10
4.0187498e-10
4.0279413e-10
4.010294e-10
4.0158085e-10
4.0268383e-10
4.046691e-10
4.0080878e-10
4.0246323e-10
4.0213233e-10
4.0507353e-10
3.9889705e-10
4.0323525e-10
4.0305145e-10
4.0213233e-10
4.0102943e-10
4.0069856e-10
4.0198525e-10
3.9941175e-10
4.0121328e-10
4.017647e-10
3.9919115e-10
4.0224263e-10
4.0051468e-10
4.0077205e-10
3.9922793e-10
4.0047793e-10
4.0242645e-10
4.0202208e-10
3.9981615e-10
4.021691e-10
3.998897e-10
4.0084558e-10
4.0191175e-10
3.992647e-10
3.9860296e-10
3.9985293e-10
4.0003675e-10
4.0055151e-10
4.015441e-10
4.0205878e-10
4.0080883e-10
4.0136031e-10
4.0294118e-10
4.0003675e-10
4.0029413e-10
4.0172798e-10
4.0165443e-10
4.0224268e-10
3.998897e-10
4.0194856e-10
4.016544e-10
4.0150733e-10
4.0272058e-10
4.0128678e-10
4.0132356e-10
4.0231621e-10
4.0139708e-10
3.9992645e-10
4.0283091e-10
4.0330883e-10
4.0213233e-10
4.004044e-10
4.0022055e-10
4.0000001e-10
4.0003678e-10
4.0330883e-10
3.9812503e-10
4.0198533e-10
4.0400736e-10
4.0191175e-10
4.0180145e-10
3.9970585e-10
4.0264703e-10
4.0033088e-10
4.0117648e-10
3.9786768e-10
4.0139705e-10
4.0147061e-10
4.0139705e-10
4.0319859e-10
3.9981618e-10
4.0088236e-10
4.0091908e-10
4.0033088e-10
4.0102943e-10
4.0382353e-10
3.997794e-10
4.0095588e-10
4.0014711e-10
3.9974266e-10
4.0003675e-10
4.0213233e-10
4.0253675e-10
4.0077208e-10
4.0352943e-10
4.0169118e-10
4.014338e-10
4.020588e-10
4.023529e-10
4.0000001e-10
4.0158085e-10
4.0132347e-10
4.0055148e-10
4.0117648e-10
4.0198528e-10
4.0158091e-10
4.019485e-10
4.0404416e-10
4.0257353e-10
4.0202208e-10
4.0213233e-10
3.9974263e-10
4.0216913e-10
4.026838e-10
4.0268383e-10
4.0294115e-10
4.0099266e-10
4.0077205e-10
4.0345588e-10
4.0128678e-10
4.023529e-10
4.0172796e-10
4.0113973e-10
4.0411766e-10
4.0319856e-10
4.0397058e-10
4.0058823e-10
4.0139703e-10
4.0250001e-10
4.0345588e-10
4.0283088e-10
4.0555148e-10
4.023897e-10
4.0172793e-10
4.0250003e-10
4.0466913e-10
4.0470588e-10
4.0544118e-10
4.0180148e-10
4.0363973e-10
4.0345588e-10
4.0110293e-10
4.0264708e-10
4.0128678e-10
4.0191181e-10
4.029044e-10
4.0261028e-10
4.0558823e-10
4.0191175e-10
4.0338238e-10
4.0113973e-10
4.0305148e-10
4.020588e-10
4.0036766e-10
4.0375001e-10
4.0088236e-10
4.0176468e-10
4.0172793e-10
4.0261031e-10
4.034191e-10
4.0268383e-10
3.998897e-10
4.0205883e-10
4.0169118e-10
4.0264708e-10
4.009191e-10
4.0113976e-10
4.0058823e-10
4.0154413e-10
4.0011028e-10
4.0051473e-10
4.0066181e-10
4.035294e-10
4.0139705e-10
4.019485e-10
4.0124998e-10
3.998897e-10
4.0180148e-10
3.9966916e-10
4.0110296e-10
4.0073531e-10
4.0165446e-10
4.030147e-10
4.000735e-10
4.0220585e-10
3.9827205e-10
4.0113973e-10
3.981985e-10
4.024632e-10
3.9889708e-10
4.0143378e-10
4.0073531e-10
4.019485e-10
4.031985e-10
4.0180151e-10
4.0044124e-10
4.0058826e-10
3.9988968e-10
3.9952205e-10
4.0272061e-10
4.0125001e-10
4.0099268e-10
4.0055145e-10
4.0069853e-10
4.0069853e-10
4.0088236e-10
4.0055145e-10
4.0003681e-10
3.9926473e-10
4.0132347e-10
3.9941175e-10
4.0062503e-10
4.0194853e-10
4.0242645e-10
3.9812501e-10
4.0216913e-10
4.0058823e-10
3.9889705e-10
4.0036763e-10
4.0044118e-10
4.0183828e-10
4.0209558e-10
3.9882353e-10
3.9974263e-10
3.9834558e-10
3.9922796e-10
4.0231618e-10
4.0106615e-10
3.9922798e-10
4.002941e-10
4.0253675e-10
4.0323528e-10
4.0029413e-10
3.9860298e-10
3.9889705e-10
4.0128678e-10
4.0187501e-10
3.9735296e-10
3.9694853e-10
4.0205886e-10
4.0121323e-10
4.0058826e-10
3.9893383e-10
3.9981618e-10
3.9981618e-10
4.0121323e-10
3.9992648e-10
3.9966913e-10
4.0000003e-10
4.0187501e-10
3.9897058e-10
4.0139708e-10
4.001838e-10
4.0227943e-10
4.0139708e-10
3.9772061e-10
4.0216913e-10
4.0250001e-10
3.9985293e-10
3.9941181e-10
3.9992648e-10
4.0025736e-10
4.0080886e-10
4.029044e-10
4.0088238e-10
4.029044e-10
4.0187501e-10
4.0080886e-10
3.9981621e-10
4.0224263e-10
3.997794e-10
4.0150736e-10
4.0132353e-10
4.0147058e-10
3.9944859e-10
3.9985296e-10
4.0095588e-10
4.0011033e-10
3.9911766e-10
3.9970585e-10
4.0029413e-10
4.0099266e-10
4.0003678e-10
3.997794e-10
3.9970585e-10
4.0150736e-10
4.0033088e-10
3.9783088e-10
4.0257356e-10
3.9963238e-10
3.9911763e-10
4.0139708e-10
3.9959555e-10
4.0205883e-10
3.9974266e-10
4.0279408e-10
4.0014705e-10
4.0124998e-10
3.9897061e-10
3.995588e-10
4.0044121e-10
3.9812503e-10
4.0106618e-10
4.020588e-10
3.9827205e-10
3.9977943e-10
4.0106621e-10
4.0014705e-10
4.0264703e-10
3.9893377e-10
4.0014708e-10
3.9937498e-10
4.008088e-10
4.0213233e-10
3.9977943e-10
3.9849263e-10
3.9970585e-10
3.9930148e-10
3.993382e-10
4.0290438e-10
3.9988968e-10
4.0025738e-10
4.0117648e-10
4.0022058e-10
3.991544e-10
4.0003675e-10
3.9845591e-10
4.0268383e-10
3.9845585e-10
4.0025738e-10
3.9952205e-10
4.0066178e-10
4.0058823e-10
4.0044121e-10
4.0014708e-10
4.0069856e-10
4.0018383e-10
3.9757353e-10
3.9963233e-10
4.0106618e-10
3.9963238e-10
4.0011031e-10
4.0172793e-10
4.011397e-10
3.9933823e-10
4.0022052e-10
3.9808823e-10
4.0121323e-10
3.9794118e-10
4.002941e-10
4.0055145e-10
3.9860296e-10
4.0176468e-10
3.9838238e-10
4.0121323e-10
3.991544e-10
4.016544e-10
3.9988968e-10
3.9930145e-10
3.9985293e-10
3.9849257e-10
4.0161763e-10
4.0084558e-10
3.9871328e-10
4.0080886e-10
4.012132e-10
3.9926465e-10
4.0102946e-10
4.0128678e-10
4.0014705e-10
4.0117648e-10
4.0113973e-10
4.0058823e-10
4.0007353e-10
3.997794e-10
3.9959561e-10
3.9974266e-10
4.0069856e-10
3.9952205e-10
3.9966913e-10
4.0209563e-10
4.0220585e-10
4.0095588e-10
4.0055148e-10
4.0073533e-10
4.0062498e-10
3.9889708e-10
3.9845585e-10
4.0014703e-10
3.9959558e-10
4.0250003e-10
4.0202205e-10
3.9948531e-10
3.9772058e-10
4.0257356e-10
4.0216913e-10
4.0106621e-10
3.9952211e-10
4.0080883e-10
4.006985e-10
4.0099268e-10
4.002941e-10
4.0136028e-10
4.0033085e-10
4.023897e-10
4.0007353e-10
4.0055148e-10
4.0125001e-10
4.0334558e-10
4.025735e-10
4.0272061e-10
4.0011033e-10
4.0345585e-10
3.998897e-10
4.0136033e-10
3.9985296e-10
4.0128678e-10
4.015441e-10
4.0172793e-10
4.0124998e-10
4.0018383e-10
3.9985296e-10
4.0095591e-10
4.020588e-10
4.011397e-10
4.0106618e-10
4.0099263e-10
4.0003678e-10
4.0128678e-10
4.0172796e-10
3.995588e-10
4.0014708e-10
4.0106612e-10
3.9875003e-10
4.0165443e-10
4.0099266e-10
4.0150736e-10
3.9875003e-10
4.0286768e-10
4.0205883e-10
4.0099268e-10
3.9970585e-10
4.0073528e-10
3.9985296e-10
4.0238973e-10
4.0044121e-10
4.0014708e-10
3.9992645e-10
3.989338e-10
3.9819856e-10
4.0213238e-10
3.9930145e-10
3.9908091e-10
4.0121326e-10
3.9948531e-10
3.9878675e-10
3.9922798e-10
3.9933823e-10
3.9930145e-10
4.0055145e-10
3.9772061e-10
4.0040443e-10
3.9926473e-10
3.9974263e-10
4.0099263e-10
3.9963235e-10
4.0011028e-10
3.9941178e-10
4.0033088e-10
4.011397e-10
4.022426e-10
3.9981618e-10
4.0172793e-10
4.0139705e-10
4.004044e-10
4.0025738e-10
4.001838e-10
3.990073e-10
4.0147058e-10
4.0257353e-10
4.0088236e-10
3.9911766e-10
4.0099266e-10
4.022794e-10
4.0110293e-10
4.0272061e-10
3.9794118e-10
3.9919115e-10
4.0062503e-10
4.0165443e-10
4.0213236e-10
3.9720588e-10
4.0055151e-10
4.0069853e-10
3.9966913e-10
4.0220591e-10
4.0018386e-10
3.9886028e-10
4.0110293e-10
3.9974266e-10
4.001838e-10
3.9948531e-10
4.0029413e-10
4.0088238e-10
3.995588e-10
3.9889703e-10
4.0143383e-10
3.9834558e-10
3.9996323e-10
3.9959558e-10
3.9882353e-10
3.9992651e-10
3.9845582e-10
3.9727943e-10
3.9761028e-10
3.9886028e-10
3.9893386e-10
4.0007353e-10
3.9948531e-10
3.9996323e-10
3.9893383e-10
3.995588e-10
4.0040438e-10
3.9988968e-10
4.0018383e-10
3.9933823e-10
4.0014705e-10
3.9966913e-10
4.0216913e-10
3.997794e-10
4.001838e-10
3.9952205e-10
4.0077208e-10
4.0264708e-10
3.9886028e-10
4.0029408e-10
3.9988968e-10
4.005147e-10
3.9985296e-10
4.0161766e-10
4.0095585e-10
4.0044124e-10
3.9974266e-10
4.0088238e-10
4.0044118e-10
3.9996326e-10
4.0220594e-10
4.0253678e-10
4.0172793e-10
4.0000003e-10
3.9992648e-10
4.0102943e-10
4.0158091e-10
3.9937498e-10
3.9974266e-10
4.0014708e-10
4.0036768e-10
4.0069853e-10
3.9952208e-10
4.0246323e-10
3.9830883e-10
3.9948528e-10
3.9838238e-10
3.9911768e-10
4.0172793e-10
3.9878678e-10
3.9970588e-10
4.0106618e-10
3.9952203e-10
3.9937501e-10
4.0136031e-10
3.9948528e-10
4.0014705e-10
3.9650735e-10
3.9974266e-10
4.0044118e-10
4.004044e-10
3.9794115e-10
3.9698533e-10
4.0011031e-10
3.9827208e-10
3.9999998e-10
3.9911766e-10
4.0022058e-10
3.9867645e-10
4.004779e-10
4.0000001e-10
4.009191e-10
3.9856618e-10
4.0106621e-10
4.0014708e-10
4.0025736e-10
4.0117648e-10
4.0191178e-10
4.0187503e-10
4.0308826e-10
3.9727943e-10
3.9948528e-10
4.0231618e-10
4.0128678e-10
3.9941181e-10
4.0316181e-10
4.0158091e-10
4.031985e-10
4.005147e-10
4.0341908e-10
3.9911763e-10
3.9908091e-10
4.0121326e-10
4.0363968e-10
4.025735e-10
4.0198533e-10
4.000735e-10
4.0014708e-10
4.0058826e-10
4.0066175e-10
4.0106618e-10
3.9963238e-10
4.0235293e-10
4.0268383e-10
4.0338238e-10
4.0025736e-10
4.0161763e-10
4.0209558e-10
3.9874998e-10
4.0275736e-10
4.0069853e-10
4.0091913e-10
3.999632e-10
4.0022058e-10
4.0213233e-10
3.9937498e-10
3.9801473e-10
4.0106615e-10
4.0003675e-10
3.9904413e-10
4.0283088e-10
4.0022055e-10
4.0033091e-10
4.0246323e-10
4.0132353e-10
3.9933823e-10
4.0198528e-10
3.9937495e-10
4.0125001e-10
4.0077205e-10
3.9996323e-10
4.004044e-10
4.0124998e-10
4.0095588e-10
4.0124998e-10
4.016544e-10
4.0132353e-10
4.0242645e-10
4.023897e-10
3.9992648e-10
4.004044e-10
4.0088236e-10
4.0246326e-10
4.0025738e-10
4.0121323e-10
4.0040443e-10
4.0246323e-10
4.0077211e-10
4.0084561e-10
4.0080883e-10
4.010294e-10
4.0227938e-10
4.0301473e-10
4.0073531e-10
4.0080883e-10
4.0202208e-10
3.9974266e-10
4.0224263e-10
3.9919118e-10
3.996691e-10
4.0077208e-10
3.9948531e-10
4.017647e-10
4.0216913e-10
3.9687503e-10
4.0073531e-10
4.026838e-10
3.9952203e-10
3.9911766e-10
3.9867645e-10
4.0202203e-10
3.9764703e-10
4.0224263e-10
4.0073528e-10
3.996691e-10
4.0069853e-10
3.9900733e-10
3.9977946e-10
4.0062498e-10
3.9827208e-10
4.0084558e-10
4.0036766e-10
4.0209555e-10
3.9819856e-10
3.9790443e-10
4.0121323e-10
3.9996326e-10
3.9922796e-10
3.9779413e-10
3.993382e-10
3.9908091e-10
4.0158085e-10
4.0051468e-10
4.0066178e-10
3.9948533e-10
4.0073531e-10
3.9941178e-10
4.000735e-10
3.9941178e-10
4.0124998e-10
3.9977943e-10
4.0147061e-10
4.0102943e-10
4.0147061e-10
4.0007353e-10
3.9930145e-10
4.0161768e-10
4.0113973e-10
4.0044121e-10
4.0003678e-10
3.9959558e-10
3.98272e-10
4.0106618e-10
3.9904413e-10
3.9922796e-10
3.9996323e-10
4.0047796e-10
3.986397e-10
3.9830883e-10
3.9889705e-10
3.9985296e-10
3.9919112e-10
3.9900735e-10
3.9852943e-10
3.9860296e-10
3.9930148e-10
3.9738968e-10
3.9783088e-10
3.9875003e-10
3.9698531e-10
3.9525738e-10
4.008088e-10
3.9558823e-10
4.004044e-10
3.9900738e-10
3.9867645e-10
3.9849263e-10
3.966544e-10
3.9908091e-10
3.9599268e-10
3.986397e-10
3.9882356e-10
3.9720588e-10
3.9889705e-10
3.9643386e-10
3.9871326e-10
3.9852943e-10
3.9919118e-10
3.986397e-10
3.9724266e-10
4.0000006e-10
3.9731618e-10
3.9882353e-10
3.9959561e-10
4.0113965e-10
3.9775735e-10
3.9985296e-10
4.0161766e-10
3.9915446e-10
3.9794115e-10
4.0022055e-10
3.9992654e-10
3.9952205e-10
3.967647e-10
3.9753681e-10
3.991544e-10
4.0044118e-10
4.0051468e-10
3.979779e-10
3.9823528e-10
3.9878675e-10
3.9944856e-10
3.9698531e-10
3.9786768e-10
3.979044e-10
4.0000001e-10
3.990441e-10
3.9727943e-10
3.998897e-10
3.9911768e-10
3.9981615e-10
3.9841913e-10
4.0033088e-10
3.9720593e-10
3.989338e-10
3.9764703e-10
4.0014705e-10
4.0007353e-10
3.9761033e-10
3.9827205e-10
3.979044e-10
3.9720591e-10
3.9709563e-10
3.9856621e-10
3.9742648e-10
3.9889705e-10
3.999632e-10
3.987132e-10
4.0124998e-10
3.9915443e-10
3.9812498e-10
3.9750003e-10
4.012132e-10
3.9897058e-10
3.9900733e-10
4.0051473e-10
4.0088236e-10
3.986397e-10
3.9665443e-10
3.998897e-10
4.004044e-10
3.9775733e-10
3.9900733e-10
3.992647e-10
3.9768386e-10
3.9952205e-10
3.9713238e-10
3.9812498e-10
4.004044e-10
4.0025738e-10
3.9871323e-10
4.0150738e-10
4.0066175e-10
3.9849266e-10
4.0095591e-10
3.979779e-10
3.9911766e-10
3.9900738e-10
3.9602943e-10
3.9860298e-10
3.9823531e-10
3.9952205e-10
3.9974266e-10
4.0058823e-10
3.9893386e-10
3.994485e-10
3.9827208e-10
3.9941178e-10
4.0022061e-10
3.9948525e-10
3.9860293e-10
4.0125003e-10
3.9687503e-10
3.9772058e-10
3.990073e-10
3.997794e-10
3.9536763e-10
4.010294e-10
3.9661768e-10
3.9705883e-10
3.9963235e-10
3.9753681e-10
3.9922798e-10
4.0099266e-10
3.9871326e-10
3.9746323e-10
3.9555148e-10
4.0205883e-10
3.973897e-10
3.9738973e-10
3.9852943e-10
3.9933826e-10
4.005147e-10
3.9941178e-10
4.0069853e-10
3.9970591e-10
3.9819853e-10
3.9904413e-10
4.0014711e-10
3.9834558e-10
3.9838233e-10
3.9816175e-10
3.9893383e-10
3.9786766e-10
3.9985296e-10
4.0066178e-10
3.997794e-10
3.9753678e-10
3.9992648e-10
3.9772058e-10
3.9882353e-10
3.9790438e-10
3.9801473e-10
3.9933823e-10
3.9908085e-10
3.9974268e-10
4.0102943e-10
3.9886025e-10
3.9933817e-10
3.9867648e-10
3.9841916e-10
3.9849263e-10
3.964338e-10
3.9937501e-10
3.9886028e-10
3.9790443e-10
3.9724263e-10
3.9709561e-10
3.9860296e-10
4.006985e-10
3.9904413e-10
3.9897058e-10
3.9937501e-10
3.9661763e-10
3.9875006e-10
3.9716916e-10
4.0231615e-10
3.9970588e-10
3.9779413e-10
3.979044e-10
3.9904413e-10
4.0058823e-10
3.9786768e-10
3.9977946e-10
3.988235e-10
4.0110293e-10
3.9922796e-10
4.0018386e-10
4.0110293e-10
3.9908091e-10
4.012132e-10
3.9775738e-10
4.0040438e-10
4.0088236e-10
3.9860298e-10
4.0014708e-10
3.977941e-10
3.9838235e-10
3.9977946e-10
4.0154408e-10
3.9863976e-10
3.9948528e-10
3.9801473e-10
3.9838244e-10
3.9860296e-10
3.9908091e-10
3.9878681e-10
3.980882e-10
3.9941178e-10
3.9915446e-10
3.9999995e-10
3.9823525e-10
4.0073531e-10
3.9948531e-10
3.9749998e-10
3.9919112e-10
3.966544e-10
3.9944853e-10
3.9904413e-10
3.9863968e-10
4.0003678e-10
3.9753678e-10
3.9764705e-10
3.9764703e-10
4.0110293e-10
3.9830883e-10
4.0150736e-10
3.9882356e-10
3.9735296e-10
3.9900735e-10
3.9790443e-10
3.9665438e-10
3.9834558e-10
3.9485293e-10
3.9772063e-10
3.979044e-10
3.9845591e-10
3.9746323e-10
3.9808826e-10
3.956985e-10
3.979779e-10
3.9823533e-10
3.9827205e-10
3.963235e-10
3.9867651e-10
3.9533093e-10
3.9705883e-10
3.9658085e-10
3.9779408e-10
3.9606618e-10
3.9639705e-10
3.9735296e-10
3.972794e-10
3.9602943e-10
3.9753675e-10
3.9834558e-10
3.967647e-10
3.9753675e-10
3.9746323e-10
3.9687495e-10
3.9808823e-10
3.9709558e-10
3.9823531e-10
3.9746317e-10
3.9900733e-10
3.961397e-10
3.9698533e-10
3.9588235e-10
3.9691178e-10
3.967647e-10
3.9816175e-10
3.9838235e-10
3.9731618e-10
4.0022055e-10
3.9588238e-10
3.9757356e-10
3.9753675e-10
3.9661763e-10
3.9540443e-10
3.9893383e-10
3.960294e-10
3.9944856e-10
3.9724266e-10
3.9783088e-10
3.9580883e-10
3.9617648e-10
3.9511031e-10
3.9595591e-10
3.9882347e-10
3.9709558e-10
3.9863973e-10
3.9625001e-10
3.9617651e-10
3.9683826e-10
3.9595588e-10
3.9797793e-10
3.9720585e-10
3.9764703e-10
3.973897e-10
3.9812498e-10
3.9713235e-10
3.9698528e-10
3.9599268e-10
3.9650733e-10
3.979779e-10
3.9584558e-10
3.9849266e-10
3.9654413e-10
3.9886028e-10
3.9647063e-10
3.9812501e-10
3.9897063e-10
4.0088236e-10
4.0000003e-10
3.9577208e-10
3.9757356e-10
3.9981618e-10
3.958088e-10
3.9698531e-10
3.9830883e-10
3.9974266e-10
3.972794e-10
3.9992648e-10
3.9628675e-10
3.9566173e-10
3.9691181e-10
3.9922796e-10
3.9856618e-10
3.9794115e-10
3.9665443e-10
3.9709561e-10
3.9786766e-10
4.0136031e-10
3.9724263e-10
3.9573531e-10
3.9926468e-10
3.9753675e-10
3.9834561e-10
3.9808823e-10
3.9852943e-10
3.9874998e-10
3.9716913e-10
3.9485293e-10
3.9746323e-10
3.9731618e-10
3.9775733e-10
3.9882356e-10
3.9830886e-10
3.9875001e-10
3.9808823e-10
3.9779405e-10
3.9834558e-10
3.9786766e-10
3.9455883e-10
3.9900735e-10
3.9694853e-10
3.9996326e-10
3.9672793e-10
3.9786768e-10
3.992647e-10
3.9889705e-10
3.9908091e-10
3.9709558e-10
3.9871328e-10
3.9852943e-10
3.9845588e-10
3.9680145e-10
3.9702208e-10
3.9926473e-10
3.9709555e-10
3.9797793e-10
3.984191e-10
3.9849266e-10
3.9735293e-10
3.9738973e-10
3.972794e-10
3.9665443e-10
3.9819856e-10
3.9625001e-10
3.9716913e-10
3.9930145e-10
3.9768383e-10
3.9683826e-10
3.9727943e-10
3.9761025e-10
3.9871326e-10
3.986397e-10
3.9716913e-10
3.9750001e-10
3.9533085e-10
3.970588e-10
3.9863973e-10
3.9720588e-10
3.9636028e-10
3.9816175e-10
3.9551473e-10
3.9838235e-10
3.9533088e-10
3.980147e-10
3.9919112e-10
3.9834558e-10
3.9716919e-10
4.0033091e-10
3.9941175e-10
3.9852943e-10
3.9606621e-10
3.9860296e-10
3.9849266e-10
3.9900735e-10
3.9805148e-10
3.9742645e-10
3.9882353e-10
3.9852943e-10
3.990441e-10
3.9930148e-10
3.975735e-10
3.9761031e-10
3.974632e-10
3.9819859e-10
3.9720588e-10
3.9772061e-10
3.974632e-10
3.9933823e-10
3.9786768e-10
3.9764703e-10
3.9911763e-10
3.9602943e-10
3.9915443e-10
3.9863968e-10
3.9775735e-10
3.9617648e-10
3.9808823e-10
3.981985e-10
3.9768386e-10
4.0069853e-10
3.991544e-10
3.985294e-10
3.9863973e-10
3.9720588e-10
3.9922793e-10
3.9889703e-10
3.9819853e-10
3.9805151e-10
4.0007353e-10
3.9742648e-10
3.9812501e-10
3.9805143e-10
3.9672793e-10
3.9915443e-10
3.988235e-10
3.9658088e-10
3.9816178e-10
3.9669121e-10
3.9981615e-10
4.0058823e-10
3.9768383e-10
3.9996323e-10
3.975735e-10
3.9676468e-10
3.9790443e-10
3.9720588e-10
3.9816173e-10
3.9735296e-10
3.9713235e-10
3.9860296e-10
3.9845588e-10
4.0022052e-10
3.9617648e-10
