1.9110685e-12
1.042999e-12
-1.9431123e-12
3.5777215e-12
-1.7694873e-12
-5.5420946e-13
2.3277352e-12
-1.5611679e-12
9.0411012e-13
1.8416241e-12
-2.1167096e-12
1.9110824e-12
-2.7644553e-13
-3.262543e-12
1.806888e-12
6.1818883e-12
2.6402075e-12
1.9110685e-12
1.980513e-12
4.5846799e-12
1.0777212e-12
-6.2366778e-13
-4.1534831e-13
2.2582908e-12
-3.337608e-14
-5.5422333e-13
4.4805132e-12
7.0790596e-14
-1.8736679e-12
3.4735548e-12
-4.8477888e-13
1.0551282e-13
3.6124576e-12
2.0499435e-12
9.3883235e-13
-2.0472651e-12
-2.7643166e-13
-1.3754275e-13
1.8763324e-12
-2.1514457e-12
4.4110549e-12
4.4457632e-12
2.8485686e-12
2.5360686e-12
6.9579065e-13
3.1263464e-12
-2.0820012e-12
-2.0820012e-12
2.2929991e-12
1.0082907e-12
-1.7227886e-13
-2.0820012e-12
2.0965174e-13
1.3207907e-12
-1.2139595e-12
1.2513324e-12
2.9874436e-12
8.3466567e-13
3.8327674e-13
4.1801285e-13
-1.3755663e-13
1.7721796e-12
-3.8059833e-13
7.652351e-13
3.3693881e-12
-7.6255668e-13
3.1263464e-12
1.1471796e-12
2.605513e-12
2.096795e-13
2.7791242e-12
8.3466567e-13
-1.8042373e-12
8.3467955e-13
-2.0472651e-12
1.7374435e-12
-1.1444873e-12
-6.2366778e-13
1.5291102e-12
2.7444019e-12
-2.2208901e-12
-4.8477888e-13
-8.6675112e-13
3.8207909e-12
-3.6097791e-12
3.9943882e-12
-1.3757051e-13
2.9527214e-12
1.0777212e-12
-3.8059833e-13
2.4438784e-13
2.4438784e-13
2.4438784e-13
2.1541102e-12
-2.0700108e-13
2.1888463e-12
6.9576289e-13
5.1749438e-12
-9.7087616e-13
-6.8098305e-14
9.0411012e-13
-2.1167373e-12
2.5360686e-12
1.0430268e-12
-6.9311223e-13
-1.3755663e-13
4.8744342e-13
8.6940177e-13
2.1888463e-12
1.5638324e-12
1.5638463e-12
4.1332771e-12
1.7374574e-12
3.6068371e-14
-5.1948723e-13
2.4319019e-12
6.9576289e-13
-5.8893168e-13
1.4249574e-12
2.4666102e-12
2.4319158e-12
-1.0282053e-13
-1.5958623e-12
-6.2366778e-13
-1.248654e-12
-3.8061221e-13
4.8744342e-13
-2.2903207e-12
1.7374574e-12
-1.3755663e-13
2.0499297e-12
-2.4986679e-12
-5.5423721e-13
-2.0698721e-13
1.4249574e-12
7.0804473e-14
1.2513324e-12
1.1124573e-12
1.4022117e-13
3.8329062e-13
-3.337608e-14
1.2513324e-12
7.6522122e-13
5.2216564e-13
-1.3528206e-12
2.096795e-13
2.7444019e-12
-1.3528206e-12
2.5013325e-12
-1.0056123e-12
-8.6670948e-13
4.7929993e-12
3.8327674e-13
-1.734779e-12
4.5152077e-12
-3.7833903e-12
5.2216564e-13
2.1194019e-12
1.3554852e-12
5.3485688e-12
6.9577677e-13
-1.1097928e-12
1.8068741e-12
9.7356845e-13
-3.8061221e-13
6.6106842e-13
3.2652353e-12
1.0777212e-12
-1.2486678e-12
-1.7694873e-12
3.8329062e-13
-6.2366778e-13
-8.3198726e-13
1.8763602e-12
6.6106842e-13
-5.1948723e-13
2.6749575e-12
-6.2366778e-13
1.980513e-12
-8.6670948e-13
-4.1532056e-13
-2.0819874e-12
-2.1167235e-12
-1.8042234e-12
1.1471796e-12
1.5985685e-12
8.6940177e-13
5.5690175e-13
3.5082909e-12
3.6124437e-12
2.3624436e-12
-1.9778346e-12
-1.4222651e-12
-1.3875429e-12
1.216624e-12
3.4041381e-12
1.4022117e-13
2.3277352e-12
-2.8805985e-12
1.3207768e-12
1.5638324e-12
-3.4361541e-12
-1.1097651e-12
1.3207768e-12
-2.7764457e-12
1.3461454e-15
-1.3875567e-12
-1.0750428e-12
2.4440172e-13
-3.6792236e-12
-4.1534831e-13
3.4388326e-12
-2.950043e-12
1.7027213e-12
-1.0055984e-12
2.466638e-12
4.5152215e-12
4.5273507e-13
-3.3320013e-12
3.369402e-12
1.2513324e-12
4.1679854e-12
2.4666102e-12
1.2513185e-12
1.4596935e-12
1.8416102e-12
-1.3755663e-13
-1.3757051e-13
-3.337608e-14
-6.2366778e-13
-1.6653345e-12
5.0013327e-12
-1.3528206e-12
-9.3616781e-13
1.2513185e-12
-6.8112183e-14
5.9735411e-12
3.1383229e-13
-7.9726503e-13
3.1263325e-12
-3.1116776e-13
-4.1533443e-13
1.945763e-12
3.7166104e-12
1.0549894e-13
5.3138327e-12
2.2582908e-12
3.8555131e-12
6.9576289e-13
-2.1167235e-12
-2.4172331e-13
5.3138466e-12
1.3183898e-15
2.6749436e-12
-2.2556262e-12
7.9994344e-13
1.1818879e-12
3.1263325e-12
2.605513e-12
-2.1861679e-12
2.9179992e-12
9.0411012e-13
-2.0472651e-12
-1.0750428e-12
1.1124296e-12
-4.1534831e-13
5.9161009e-13
1.5638463e-12
-3.1583763e-12
6.263462e-13
-4.1533443e-13
-9.7087616e-13
-2.7764457e-12
-3.8059833e-13
1.8069019e-12
1.9804991e-12
-5.1722654e-12
1.1471796e-12
-2.1167096e-12
3.8327674e-13
2.4438784e-13
7.9995732e-13
-2.950043e-12
4.5499576e-12
2.2235547e-12
1.1124435e-12
-1.8736679e-12
7.3051287e-13
2.4438784e-13
1.6679991e-12
1.8068741e-12
-8.6673724e-13
-3.5403208e-12
2.4319019e-12
-1.3528206e-12
-2.9500291e-12
7.9994344e-13
1.181874e-12
-3.1930986e-12
-3.8061221e-13
-9.0143171e-13
1.9457908e-12
1.9457908e-12
1.529124e-12
1.0777351e-12
9.04124e-13
-1.5611679e-12
3.9596798e-12
-2.6375568e-12
-1.0403206e-12
-2.7644553e-13
-1.1792373e-12
1.7494339e-13
-4.6861542e-12
-4.8477888e-13
6.263462e-13
-3.436168e-12
7.0776718e-14
4.2374715e-12
2.0846658e-12
2.0846658e-12
4.0291104e-12
4.6888327e-12
1.8763324e-12
2.2929991e-12
4.0638465e-12
-8.3198726e-13
1.1471796e-12
-2.0820012e-12
2.4319019e-12
3.3693881e-12
2.1194019e-12
4.1801285e-13
-1.4917095e-12
1.7374574e-12
4.3763326e-12
9.0411012e-13
2.096795e-13
1.5638463e-12
1.2513324e-12
4.5499299e-12
2.2235547e-12
2.7909619e-13
1.7495727e-13
4.3068743e-12
-1.2486678e-12
4.0291104e-12
3.4855452e-13
-4.1532056e-13
2.5360408e-12
1.980513e-12
-6.9311223e-13
2.6402353e-12
1.3207768e-12
1.5638463e-12
5.6957911e-12
5.9162397e-13
2.4666241e-12
1.390249e-12
2.3277213e-12
1.355499e-12
1.2860685e-12
5.9388328e-12
1.5638463e-12
5.1749577e-12
1.3902213e-12
9.7355457e-13
1.4944018e-12
-3.3389957e-14
1.8763324e-12
1.355499e-12
4.1332771e-12
3.6054493e-14
6.9577677e-13
-1.2486678e-12
3.0568881e-12
-7.2783446e-13
2.8485686e-12
-2.3597652e-12
1.2513324e-12
9.0411012e-13
3.4735548e-12
2.2930269e-12
2.1541241e-12
9.0411012e-13
-1.2833901e-12
-6.9309836e-13
2.7911007e-13
4.1799897e-13
4.8971799e-12
1.1124435e-12
-1.561154e-12
-1.4570012e-12
2.8485547e-12
1.0551282e-13
-1.2139456e-12
5.5221661e-12
2.3971658e-12
1.6680129e-12
8.3466567e-13
-8.3200113e-13
3.1263325e-12
6.14718e-12
4.0985548e-12
3.022152e-12
2.1541241e-12
5.3832772e-12
2.1540963e-12
8.6940177e-13
8.6940177e-13
1.8069019e-12
2.2582908e-12
2.7911007e-13
2.2582908e-12
-1.5958762e-12
1.8416241e-12
-3.8059833e-13
-3.3389957e-14
5.1749438e-12
2.1888186e-12
1.1819157e-12
3.9249437e-12
9.3883235e-13
3.9596659e-12
-4.5005666e-13
2.1541102e-12
1.4249574e-12
3.3693881e-12
1.0551282e-13
-3.3389957e-14
5.9162397e-13
-1.6305984e-12
-4.9986543e-12
-4.6167237e-12
1.4943741e-12
-1.9083901e-12
1.7027352e-12
1.0082768e-12
-7.6254281e-13
1.7027213e-12
-6.8098305e-14
4.7235549e-12
-1.4917095e-12
7.6522122e-13
-4.5005666e-13
-1.734779e-12
1.5291102e-12
1.2165963e-12
4.8971799e-12
5.2215177e-13
-5.3458904e-12
2.7096658e-12
1.1471657e-12
2.9874297e-12
-3.9569875e-12
2.5013464e-12
-5.8894556e-13
3.4735548e-12
7.0790596e-14
-2.3250429e-12
1.8763324e-12
3.508277e-12
1.2860685e-12
-1.2486678e-12
-3.0542235e-12
-1.1444734e-12
3.6124437e-12
-8.6672336e-13
-1.9778346e-12
-3.8059833e-13
7.6522122e-13
-7.6255668e-13
2.0966562e-13
-1.6305984e-12
-1.7226498e-13
-6.9308448e-13
2.6402075e-12
1.8416102e-12
6.263462e-13
4.7582771e-12
1.5638324e-12
3.5430131e-12
2.1888324e-12
4.2721798e-12
3.7166104e-12
-5.8893168e-13
1.1819018e-12
-2.0820012e-12
9.04124e-13
1.0082768e-12
1.8416241e-12
6.8068884e-12
2.0499297e-12
1.806888e-12
3.7860548e-12
2.570763e-12
-1.0282053e-13
7.9994344e-13
-3.6097653e-12
2.6749436e-12
-2.7644553e-13
1.980513e-12
-2.3944874e-12
2.3624575e-12
-3.0542235e-12
-3.1583763e-12
1.6679991e-12
2.5360686e-12
4.6540966e-12
4.8624299e-12
-1.0750428e-12
1.1124435e-12
2.9874575e-12
1.1819018e-12
-1.0055984e-12
-1.1283391e-11
-1.1630599e-11
-2.5762559e-11
-2.9616726e-11
-3.7255629e-11
-3.7394504e-11
-3.551949e-11
-3.5311171e-11
-3.6943115e-11
-3.7116712e-11
-3.3227823e-11
-3.1179198e-11
-3.0832004e-11
-3.2602823e-11
-3.1318101e-11
-2.9755601e-11
-2.6491739e-11
-2.8227809e-11
-2.9929212e-11
-3.020699e-11
-2.7845878e-11
-2.9130601e-11
-2.7290309e-11
-2.7984767e-11
-2.2498656e-11
-2.3956989e-11
-2.4581989e-11
-1.8748683e-11
-1.94431e-11
-2.0762531e-11
-1.8679197e-11
-1.8713933e-11
-1.6804225e-11
-1.4338961e-11
-2.0276447e-11
-1.8401447e-11
-2.0797267e-11
-1.9165336e-11
-1.6700044e-11
-1.2915335e-11
-1.5901433e-11
-1.7498641e-11
-1.6352822e-11
-1.3123655e-11
-1.5588947e-11
-1.3575058e-11
-1.4477822e-11
-1.3505613e-11
-1.6179211e-11
-1.5588947e-11
-1.4338933e-11
-1.142228e-11
-1.3366738e-11
-1.1318113e-11
-1.3575044e-11
-1.3193113e-11
-7.9847934e-12
-1.0068085e-11
-1.6491711e-11
-1.2984752e-11
-1.2116724e-11
-1.4998655e-11
-1.3158377e-11
-1.5727836e-11
-8.0542101e-12
-1.1387544e-11
-1.2568113e-11
-7.0820017e-12
-1.0206988e-11
-8.6097934e-12
-8.9917102e-12
-1.360978e-11
-7.7417239e-12
-8.6097657e-12
-8.818099e-12
-9.7556269e-12
-7.0125572e-12
-1.0623655e-11
-1.079728e-11
-1.079728e-11
-1.0102821e-11
-9.443113e-12
-7.6028212e-12
-8.366724e-12
-1.0137557e-11
-6.4222794e-12
-8.0889323e-12
-5.0681126e-12
-5.3111682e-12
-5.9361543e-12
-7.3250433e-12
-9.6514463e-12
-8.7139324e-12
-1.1526446e-11
-6.4569877e-12
-8.1931129e-12
-1.0172266e-11
-6.7347794e-12
-1.5958901e-12
-7.6028212e-12
-8.1583906e-12
-2.047279e-12
-8.3667101e-12
-6.5264461e-12
-9.9292102e-12
-7.0820017e-12
-5.8667238e-12
-6.7347794e-12
-4.6514459e-12
-5.6583765e-12
-9.3042241e-12
-3.4361541e-12
-4.0264458e-12
-7.3250433e-12
-5.2764598e-12
-1.110978e-11
-5.7625432e-12
-7.1514322e-12
-5.2417098e-12
-9.9986547e-12
-8.5750435e-12
-7.7764323e-12
-6.0056266e-12
-9.4778213e-12
-2.3945013e-12
-5.4153348e-12
-4.0958764e-12
-6.7347655e-12
-8.6445018e-12
-3.8875431e-12
-4.1306125e-12
-9.3736546e-12
-5.3111682e-12
-3.7833764e-12
-9.6167102e-12
-6.4917099e-12
-3.575043e-12
-3.7833903e-12
-7.9500573e-12
-7.5681128e-12
-5.8319877e-12
-9.0264463e-12
-5.6236543e-12
-4.1653209e-12
-7.0820017e-12
-9.2000713e-12
-6.4570155e-12
-9.1305991e-12
-7.8806128e-12
-5.415321e-12
-8.0542378e-12
-3.6792236e-12
-9.5125435e-12
-3.0889319e-12
-4.963932e-12
-3.575043e-12
-6.7347655e-12
-7.5680989e-12
-3.8181125e-12
-6.9083766e-12
-5.1722654e-12
-5.4847515e-12
-4.8597792e-12
-5.2417098e-12
-1.8042234e-12
-5.3458765e-12
-4.8250431e-12
-6.352821e-12
-2.3250568e-12
-6.5611822e-12
-5.0681126e-12
-3.5403208e-12
-2.2903207e-12
-8.991724e-12
-2.4986541e-12
-1.8389318e-12
-7.3250572e-12
-4.4083903e-12
-2.0820012e-12
-5.0681265e-12
-5.8319877e-12
-2.3250429e-12
-2.3944874e-12
-5.6583765e-12
-4.0264458e-12
-1.1792234e-12
-4.8597654e-12
-2.2208763e-12
-2.6028485e-12
-3.4014597e-12
-3.7833764e-12
-2.3945013e-12
-3.5056125e-12
-5.7278488e-12
3.6068371e-14
-2.7417096e-12
-3.7139319e-12
-9.7087616e-13
-6.9431266e-12
-3.3667236e-12
-2.1514457e-12
-5.762571e-12
-6.2833905e-12
-4.4083764e-12
-2.359779e-12
-2.5333902e-12
-4.200057e-12
-8.6670948e-13
-1.9778346e-12
-1.4569873e-12
-3.7833903e-12
-9.3615393e-13
-1.9083762e-12
-3.7834041e-12
-3.5055986e-12
-4.7556126e-12
-6.2139321e-12
-3.6097791e-12
-1.2139317e-12
-6.1444877e-12
-2.6375568e-12
-7.3944878e-12
-5.0333904e-12
-6.9083766e-12
-2.9153208e-12
-2.0125429e-12
-3.7486819e-12
-3.0542235e-12
-2.4639318e-12
-7.6028212e-12
5.2217952e-13
1.3183898e-15
-5.5889321e-12
-3.262543e-12
-5.5195015e-12
-6.6653211e-12
-4.4778348e-12
-2.6028346e-12
1.5985685e-12
-2.1861679e-12
-6.5958905e-12
-8.2972657e-12
-2.2556124e-12
-6.4222794e-12
-4.7903209e-12
-2.7070152e-12
-6.2833766e-12
-2.5681124e-12
-6.0056266e-12
-4.0611542e-12
-3.0194874e-12
-3.9222792e-12
-3.9569875e-12
-6.6305988e-12
-1.9431262e-12
-6.0403349e-12
-8.1236545e-12
-5.6930988e-12
9.3883235e-13
-4.0264597e-12
-3.4014319e-12
1.5985685e-12
-4.3042098e-12
-3.4709041e-12
-4.963932e-12
-5.2764598e-12
-1.873654e-12
-3.1931124e-12
-3.0195013e-12
-2.637543e-12
6.263462e-13
-4.1306125e-12
-1.4917095e-12
-6.0750571e-12
-1.0282053e-13
-1.1097928e-12
-4.5472792e-12
7.0790596e-14
-2.4986541e-12
-5.2764598e-12
-4.6167098e-12
-1.5611679e-12
-1.2486817e-12
-4.7903348e-12
-2.3250429e-12
-3.3667236e-12
-1.1792234e-12
-1.0403067e-12
-1.7226498e-13
-2.8805985e-12
-3.4588998e-13
-4.9986681e-12
-1.248654e-12
-3.5403347e-12
-2.6028207e-12
-5.6931126e-12
3.6068371e-14
-2.4639318e-12
-1.0241724e-11
8.3465179e-13
2.0846519e-12
-1.4569873e-12
-2.984793e-12
-2.0472651e-12
2.0152352e-12
-1.0056123e-12
-3.575043e-12
3.8902215e-12
-7.2783446e-13
-1.9430985e-12
6.6106842e-13
-1.2833762e-12
-4.8476501e-13
-2.0125568e-12
-3.8061221e-13
-3.337608e-14
1.2860685e-12
-2.7644553e-13
3.6054493e-14
4.2721798e-12
-1.4917095e-12
5.2216564e-13
1.4022117e-13
-4.5125292e-12
-3.6445014e-12
2.2582769e-12
-3.1115388e-13
-2.0819874e-12
6.9579065e-13
-2.5680846e-12
3.8327674e-13
5.5690175e-13
-4.8944876e-12
1.0777351e-12
-3.4590386e-13
2.7911007e-13
1.5638324e-12
3.1384617e-13
-3.5403347e-12
-8.6670948e-13
-2.1514318e-12
-4.6514459e-12
-6.213946e-12
-5.1722793e-12
-1.0056123e-12
-1.0750567e-12
-2.7644553e-13
1.0082907e-12
-5.0333904e-12
-3.8875708e-12
-1.8042234e-12
-1.6305984e-12
-1.9430985e-12
-3.7833764e-12
-1.873654e-12
-2.0819874e-12
-3.7139319e-12
-1.1792234e-12
-4.2694875e-12
-2.7643166e-13
-5.5542237e-12
1.945763e-12
-5.1948723e-13
-3.6444875e-12
2.4438784e-13
-1.700029e-12
1.4249574e-12
-8.6672336e-13
-1.1792095e-12
-4.651432e-12
6.9577677e-13
-6.2366778e-13
-2.4639457e-12
-3.748668e-12
-5.6236682e-12
-1.0403206e-12
-4.0611681e-12
-4.8944876e-12
-4.6861542e-12
-1.0750428e-12
-3.6097653e-12
-7.9726503e-13
-1.2486817e-12
1.6332907e-12
3.3693881e-12
-3.1583763e-12
-1.1097651e-12
-1.6653207e-12
-1.9778346e-12
-1.9083762e-12
7.3049899e-13
-1.7000429e-12
3.8329062e-13
-2.8805985e-12
-1.8042234e-12
-2.0125707e-12
-6.5839001e-13
-5.1950111e-13
-3.4587611e-13
-3.3389957e-14
1.355499e-12
-1.9431123e-12
-2.186154e-12
-1.734779e-12
3.0221936e-12
-2.6722929e-12
-2.4639457e-12
-4.026432e-12
-1.5958762e-12
1.4249435e-12
-1.3180984e-12
1.7495727e-13
-1.4570012e-12
-3.6097791e-12
-2.2556124e-12
-3.0195013e-12
3.3693881e-12
-4.8477888e-13
-2.7069874e-12
3.6054493e-14
-7.0820017e-12
1.4596796e-12
-4.200057e-12
-1.1097789e-12
1.4022117e-13
-3.5055986e-12
-5.5542237e-12
-3.2625569e-12
6.263462e-13
-1.4917234e-12
-4.3042236e-12
-1.1097651e-12
-3.3389957e-14
-1.0403067e-12
-3.8180847e-12
-1.8042234e-12
2.5707908e-12
-4.1653486e-12
-2.0820012e-12
-2.950043e-12
-3.0542374e-12
-2.1167235e-12
-1.6653345e-12
-2.9153346e-12
-4.825057e-12
1.3207768e-12
7.0790596e-14
1.0549894e-13
4.5152493e-12
7.3051287e-13
-1.0056123e-12
1.1471796e-12
-3.8061221e-13
-4.8477888e-13
-3.6445014e-12
-2.3597652e-12
-6.8112183e-14
-5.5420946e-13
-2.3945013e-12
1.4249574e-12
-1.8736679e-12
-2.2208763e-12
-1.4917095e-12
4.3416243e-12
-4.5472653e-12
-6.8112183e-14
-1.1444873e-12
1.5638324e-12
-2.3944874e-12
2.7096797e-12
1.4943879e-12
5.9162397e-13
1.8763324e-12
-3.3667236e-12
3.9943882e-12
-2.5681124e-12
-1.4569873e-12
1.4022117e-13
-1.9778207e-12
-5.8894556e-13
-1.5264456e-12
-2.9153346e-12
2.3971797e-12
-8.3201501e-13
3.1384617e-13
1.216624e-12
3.6818881e-12
-2.2903485e-12
-6.2366778e-13
-2.2556124e-12
2.096795e-13
-1.3528206e-12
1.1124435e-12
-7.9726503e-13
-1.1792234e-12
-2.6722652e-12
-2.4172331e-13
-7.6254281e-13
4.8744342e-13
1.7721657e-12
4.8747117e-13
9.7355457e-13
1.0549894e-13
-2.3944874e-12
1.3555129e-12
-3.3389957e-14
1.7027352e-12
1.8763324e-12
-1.8042234e-12
-1.6653345e-12
8.3466567e-13
-3.6097791e-12
-1.422279e-12
-3.4708902e-12
4.5273507e-13
7.9994344e-13
-3.4709041e-12
-1.0750567e-12
-3.3403835e-14
-1.3528206e-12
-1.1097789e-12
-2.6028346e-12
1.0082907e-12
1.4596796e-12
3.1384617e-13
5.2216564e-13
-4.8477888e-13
1.3600232e-15
-2.9500569e-12
-6.2365391e-13
-4.9292098e-12
-4.1533443e-13
1.8068741e-12
-1.6305984e-12
3.5429992e-12
2.4440172e-13
-2.0820012e-12
-1.6306123e-12
-3.9222653e-12
-2.4292096e-12
1.9457769e-12
2.0152491e-12
-5.3458904e-12
-3.4588998e-13
-2.3945013e-12
-1.2486678e-12
-3.1931124e-12
-4.7208903e-12
-2.186154e-12
-4.3736542e-12
-1.3754275e-13
2.9180131e-12
1.1471657e-12
2.5707769e-12
3.2305131e-12
-2.8111541e-12
-3.262543e-12
-1.3181123e-12
5.9162397e-13
2.6749575e-12
1.980513e-12
-2.3597652e-12
1.4023505e-13
4.8624438e-12
4.874573e-13
1.4596796e-12
9.0411012e-13
-5.6583765e-12
-2.9847791e-12
-8.6672336e-13
2.0152352e-12
-2.0820151e-12
1.1124573e-12
-2.7643166e-13
-1.1097928e-12
-2.9847652e-12
-1.3875567e-12
1.0430268e-12
1.7495727e-13
6.6105454e-13
-1.3755663e-13
1.1471657e-12
1.0777212e-12
-2.0125568e-12
-6.2366778e-13
-1.1792234e-12
7.0790596e-14
-5.0333904e-12
-2.4172331e-13
3.1384617e-13
-2.359779e-12
2.7443881e-12
2.9180131e-12
-1.1792234e-12
4.7235549e-12
-2.6722791e-12
3.8327674e-13
-2.4170943e-13
-3.4014458e-12
-1.4917095e-12
-2.7417096e-12
-8.3200113e-13
2.4438784e-13
-3.1583902e-12
-1.2833762e-12
-5.0333904e-12
-4.9986681e-12
3.6124576e-12
-6.2366778e-13
-3.7833764e-12
-2.1167235e-12
-1.6653345e-12
4.7235549e-12
-3.5056263e-12
-1.1445012e-12
-5.8894556e-13
7.0776718e-14
-1.4917095e-12
2.4437397e-13
3.1263325e-12
-1.3757051e-13
-4.5004278e-13
2.1194019e-12
3.6818881e-12
-4.5820153e-12
-1.9083762e-12
-2.8458624e-12
-9.3615393e-13
3.9944159e-12
3.4855452e-13
6.5291106e-12
-3.1116776e-13
1.9457769e-12
5.9162397e-13
1.7721657e-12
-3.8059833e-13
-2.5681124e-12
1.8416102e-12
-7.0820155e-12
2.5013325e-12
2.7911007e-13
1.3902213e-12
2.1541102e-12
1.5291102e-12
2.4665964e-12
-9.0141783e-13
1.7374713e-12
1.1124435e-12
1.5985685e-12
1.980513e-12
-1.9430985e-12
2.4319019e-12
-1.0403345e-12
-5.1948723e-13
-8.6670948e-13
-3.8059833e-13
2.0846519e-12
-2.3945013e-12
2.096795e-13
5.661055e-12
1.6679991e-12
1.2513324e-12
-2.0472651e-12
-4.1533443e-13
3.6124576e-12
-1.7695012e-12
-5.0333904e-12
1.2513324e-12
1.7027213e-12
1.4249435e-12
-5.0333904e-12
5.9161009e-13
-6.5837613e-13
3.6819159e-12
-1.9431123e-12
1.6679991e-12
-2.1167235e-12
5.9162397e-13
6.6105454e-13
-2.0698721e-13
-6.8112183e-14
8.3467955e-13
1.3554852e-12
-4.1533443e-13
1.1819018e-12
-3.7833903e-12
2.7912395e-13
-3.1931124e-12
1.0549894e-13
-1.7347651e-12
-9.7089004e-13
2.6402353e-12
-2.7643166e-13
1.1124296e-12
-2.0820012e-12
7.9994344e-13
2.5707908e-12
-6.2365391e-13
9.0411012e-13
-7.9726503e-13
2.0152352e-12
-1.7226498e-13
-1.3755663e-13
1.355499e-12
-2.4639318e-12
1.355499e-12
1.5291102e-12
-9.7089004e-13
-5.5423721e-13
-1.3528345e-12
1.0082907e-12
-3.337608e-14
2.2582908e-12
-7.9726503e-13
-6.8098305e-14
3.6068371e-14
8.3466567e-13
3.4735548e-12
-4.8477888e-13
1.7721657e-12
4.8971799e-12
-1.5611679e-12
-5.8894556e-13
-2.4639318e-12
1.7027352e-12
9.04124e-13
7.652351e-13
-3.5055986e-12
7.3049899e-13
-2.4170943e-13
3.485684e-13
1.0777212e-12
-1.9083762e-12
1.4022117e-13
6.263462e-13
7.652351e-13
2.3624436e-12
-9.3615393e-13
1.0777351e-12
1.1818879e-12
-1.5611679e-12
6.6105454e-13
-3.8059833e-13
4.8742954e-13
-1.7694873e-12
-7.9726503e-13
-2.8458902e-12
-2.6375568e-12
1.1124435e-12
3.681902e-12
6.0777355e-12
1.7494339e-13
1.7495727e-13
-6.9311223e-13
-2.220904e-12
1.6332768e-12
2.119388e-12
-1.3875429e-12
3.6068371e-14
1.2513324e-12
-7.6254281e-13
9.3884622e-13
9.7356845e-13
-1.5264456e-12
-9.0143171e-13
-1.6306123e-12
2.4438784e-13
3.0221659e-12
1.5638324e-12
3.6068371e-14
6.263462e-13
2.7443881e-12
-1.6653484e-12
1.1471796e-12
3.485684e-13
2.3277213e-12
1.3902213e-12
2.293013e-12
-3.5056125e-12
4.4110687e-12
1.806888e-12
-1.7694873e-12
1.6332907e-12
1.2860685e-12
3.2652492e-12
2.431888e-12
-6.8112183e-14
3.0221659e-12
4.7929855e-12
-3.1583902e-12
5.9161009e-13
9.04124e-13
3.8327674e-13
-4.512557e-12
-3.6444875e-12
-2.8458902e-12
2.0499574e-12
3.485684e-13
-4.1534831e-13
4.0291104e-12
-9.3615393e-13
-5.5420946e-13
1.3207907e-12
1.0777074e-12
6.9579065e-13
1.1124573e-12
5.2216564e-13
-1.3755663e-13
4.0291104e-12
3.6068371e-14
2.3624297e-12
4.0291243e-12
2.5360686e-12
3.7166242e-12
-4.1534831e-13
-2.0819874e-12
-1.0056123e-12
-1.2486678e-12
-1.2833762e-12
3.1384617e-13
2.7912395e-13
4.6888465e-12
-3.5403208e-12
7.1541245e-12
4.0291104e-12
-4.1533443e-13
-4.8477888e-13
1.4022117e-13
1.4596657e-12
-6.8098305e-14
-6.5839001e-13
-1.2833762e-12
-1.0282053e-13
5.3138466e-12
-4.1532056e-13
3.8555131e-12
-3.1115388e-13
-1.2486678e-12
3.6471798e-12
2.3971797e-12
-1.9083901e-12
-1.0403206e-12
-3.4587611e-13
6.263462e-13
6.6106842e-13
-1.2139456e-12
6.263462e-13
2.3971797e-12
-2.533404e-12
2.4440172e-13
8.3466567e-13
3.1610548e-12
2.096795e-13
1.4249435e-12
7.9994344e-13
7.652351e-13
1.8416241e-12
3.2999575e-12
2.4319019e-12
1.1471796e-12
-1.7226498e-13
1.355499e-12
4.272166e-12
2.7911007e-13
-2.1514457e-12
-2.637543e-12
3.4735548e-12
-2.4170943e-13
5.1054855e-12
1.9110546e-12
3.9249437e-12
-1.9083762e-12
1.0430129e-12
-3.3389957e-14
3.6124576e-12
-1.0750428e-12
-2.0125429e-12
-2.6375568e-12
-1.1444873e-12
1.4944018e-12
3.485684e-13
1.5291102e-12
-2.6722791e-12
2.8485686e-12
-4.7903348e-12
6.2860689e-12
3.0916242e-12
1.7494339e-13
7.9994344e-13
1.6679991e-12
1.9110685e-12
-7.6254281e-13
-3.7486542e-12
-1.2139456e-12
-6.8112183e-14
1.7721657e-12
1.806888e-12
-3.1115388e-13
1.806888e-12
4.8277216e-12
8.3466567e-13
1.0430129e-12
3.2652353e-12
-2.7643166e-13
3.5430131e-12
-2.0125568e-12
1.1124435e-12
3.6054493e-14
3.7166104e-12
-2.0698721e-13
8.693879e-13
1.6680129e-12
-1.9083762e-12
5.9162397e-13
-1.8736401e-12
1.042999e-12
1.4249574e-12
1.3322676e-15
1.3902213e-12
2.5360686e-12
-4.1534831e-13
1.7027352e-12
-6.5837613e-13
-1.2486678e-12
1.2860546e-12
-1.873654e-12
-3.8061221e-13
-4.1532056e-13
1.7495727e-13
-1.3875567e-12
4.1801285e-13
3.7513326e-12
-1.8736679e-12
7.3051287e-13
3.8207909e-12
4.2374437e-12
2.1194019e-12
4.0985548e-12
4.1799897e-13
2.7791242e-12
4.584666e-12
3.9249576e-12
3.6471798e-12
7.0790596e-14
3.7860687e-12
1.4022117e-13
-3.8059833e-13
3.7166242e-12
3.7513187e-12
4.2721798e-12
4.2027215e-12
9.7355457e-13
6.3207772e-12
-6.387571e-12
3.4041242e-12
4.6541243e-12
2.5013325e-12
-2.2555985e-12
1.7495727e-13
-2.533404e-12
3.508277e-12
-6.2365391e-13
-1.3181123e-12
-1.3755663e-13
1.042999e-12
6.2633232e-13
1.0549894e-13
5.5916244e-12
1.1471796e-12
2.5707908e-12
-5.7972654e-12
-6.5839001e-13
5.2215177e-13
-3.5056125e-12
-2.7644553e-13
-7.6254281e-13
1.0551282e-13
8.6940177e-13
-6.9312611e-13
7.0790596e-14
-5.8894556e-13
1.2513462e-12
2.2582769e-12
-3.1116776e-13
-7.6254281e-13
7.9994344e-13
2.0846658e-12
1.077749e-12
-4.0611542e-12
-9.0143171e-13
-2.2555846e-12
4.874573e-13
-1.3755663e-13
3.7166104e-12
1.5638463e-12
-2.7645941e-13
-4.1532056e-13
7.3049899e-13
1.7027213e-12
1.4022117e-13
-1.9778346e-12
-4.8476501e-13
-2.7641778e-13
1.1124435e-12
1.0549894e-13
-1.3755663e-13
2.1888324e-12
1.3555129e-12
-6.5837613e-13
-5.1948723e-13
2.4666241e-12
1.980513e-12
3.1610686e-12
-6.9309836e-13
5.5916244e-12
-6.5837613e-13
7.0804473e-14
7.0804473e-14
-2.4170943e-13
4.3068882e-12
1.4943879e-12
-2.4639318e-12
-4.500289e-13
-2.811168e-12
-7.9726503e-13
2.2929991e-12
2.5707908e-12
3.485684e-13
2.6402353e-12
-1.3180984e-12
-7.278067e-13
1.8416241e-12
-2.7070013e-12
1.5291102e-12
-4.5472792e-12
1.4596935e-12
-4.1533443e-13
-3.2278485e-12
1.3207768e-12
9.3884622e-13
1.9804991e-12
1.1124296e-12
2.5360547e-12
2.0846519e-12
3.485684e-13
-1.5611679e-12
3.4041103e-12
-1.9431123e-12
-1.0283441e-13
1.5638324e-12
2.1194019e-12
2.3624436e-12
2.431888e-12
5.9162397e-13
8.693879e-13
2.8138464e-12
9.0411012e-13
-9.0144558e-13
-1.5958901e-12
-1.9778346e-12
6.9577677e-13
-8.6670948e-13
-4.3042375e-12
-2.3944874e-12
-2.0472651e-12
-2.3944874e-12
1.0551282e-13
-2.5333763e-12
-2.0697333e-13
2.4666102e-12
-3.123668e-12
-6.9311223e-13
1.5985685e-12
-2.3944874e-12
-3.0195013e-12
-7.9727891e-13
2.7096797e-12
1.3902351e-12
1.4022117e-13
-1.422279e-12
3.6068371e-14
1.3207629e-12
1.4249435e-12
-5.3805987e-12
1.6679991e-12
-2.7764319e-12
3.8554993e-12
7.9995732e-13
2.7909619e-13
4.0291104e-12
2.7791103e-12
1.5985407e-12
2.4666102e-12
1.4596796e-12
8.161069e-12
2.6402214e-12
-2.1167096e-12
2.6749436e-12
3.4735687e-12
-1.2833762e-12
2.4666241e-12
1.945763e-12
7.652351e-13
1.1471796e-12
6.0430133e-12
3.485684e-13
4.5152215e-12
1.5985546e-12
-2.7764457e-12
1.9110546e-12
2.2582908e-12
4.4110687e-12
3.7166104e-12
1.3207907e-12
2.1194019e-12
2.9527353e-12
9.7355457e-13
3.4041242e-12
4.4805132e-12
2.1194019e-12
1.806888e-12
-2.2903068e-12
3.5429992e-12
7.6522122e-13
2.5707769e-12
1.216624e-12
2.5013325e-12
-5.1948723e-13
3.5777353e-12
2.0499435e-12
-2.1514457e-12
2.0499574e-12
1.0430129e-12
-2.0820012e-12
4.2374437e-12
1.7721519e-12
-9.0143171e-13
-5.1948723e-13
3.8327674e-13
1.2513324e-12
1.1124296e-12
-6.8112183e-14
-5.5422333e-13
-1.3875567e-12
6.0777355e-12
3.1383229e-13
-1.7226498e-13
5.5688787e-13
-5.3805987e-12
2.0499574e-12
1.2513324e-12
2.2582908e-12
7.652351e-13
1.5985685e-12
-6.9311223e-13
-6.5837613e-13
1.1819018e-12
-6.9311223e-13
-1.6653345e-12
-2.8458763e-12
-2.2903207e-12
-2.3945013e-12
-3.401418e-12
1.8416241e-12
-6.2366778e-13
4.1332771e-12
7.3051287e-13
1.216624e-12
4.0985548e-12
4.4457771e-12
7.9995732e-13
-2.186154e-12
-2.6375707e-12
-1.0750428e-12
-8.6670948e-13
5.2216564e-13
-2.7764457e-12
1.3183898e-15
-3.1236541e-12
-1.3755663e-13
-1.2486817e-12
6.610823e-13
1.355499e-12
-1.873654e-12
-2.811168e-12
-1.7227886e-13
2.3277352e-12
1.5638463e-12
2.0846658e-12
2.5707769e-12
-6.5837613e-13
-4.4083764e-12
-5.8894556e-13
-1.422279e-12
3.5429992e-12
4.4110687e-12
-1.0056123e-12
5.2217952e-13
1.6332907e-12
-1.4917234e-12
-8.6672336e-13
-1.1097789e-12
6.9577677e-13
1.7494339e-13
3.0568881e-12
3.1383229e-13
-2.4292096e-12
1.8416102e-12
1.4022117e-13
1.529124e-12
-2.5333763e-12
-4.8476501e-13
-5.5420946e-13
-1.0283441e-13
-2.1514318e-12
6.6105454e-13
1.4596657e-12
-1.0283441e-13
-1.0283441e-13
1.4249574e-12
3.6054493e-14
9.7355457e-13
3.1610409e-12
2.431888e-12
-9.0144558e-13
2.5360547e-12
-3.6445014e-12
7.3049899e-13
3.2304992e-12
-2.0472929e-12
4.5273507e-13
6.2633232e-13
1.4596657e-12
-2.6375568e-12
5.5688787e-13
2.6749575e-12
4.9666105e-12
1.8416241e-12
-2.7764457e-12
5.2216564e-13
-1.1791956e-12
6.9579065e-13
-2.0125568e-12
-4.7208903e-12
1.4249435e-12
1.2860546e-12
-4.651432e-12
-4.0958625e-12
-1.7227886e-13
-3.5055847e-12
-9.0143171e-13
-5.1950111e-13
-1.4570012e-12
-7.6254281e-13
-1.3875429e-12
-1.7695012e-12
2.3624436e-12
-6.5837613e-13
-1.9430985e-12
1.2860685e-12
-9.3615393e-13
-2.6028207e-12
-5.5422333e-13
-2.1514179e-12
-2.4170943e-13
1.3600232e-15
4.5273507e-13
-2.359779e-12
-2.8111541e-12
8.3466567e-13
-9.7089004e-13
-1.4222651e-12
2.8138325e-12
-2.7069874e-12
-9.3615393e-13
3.0568881e-12
1.7027213e-12
1.3322676e-15
-2.1167235e-12
1.1471796e-12
1.0549894e-13
-1.7347651e-12
5.9161009e-13
-5.1948723e-13
-6.9312611e-13
-5.5422333e-13
1.7027352e-12
1.3461454e-15
-3.4587611e-13
1.6679852e-12
-3.4587611e-13
4.3068882e-12
3.820777e-12
-1.5611679e-12
-1.5264456e-12
-1.3180984e-12
2.7791242e-12
-5.1948723e-13
-3.0194874e-12
-9.3615393e-13
1.8069019e-12
-9.7089004e-13
-4.8477888e-13
2.5013186e-12
-1.0282053e-13
2.7096658e-12
9.7355457e-13
3.4855452e-13
2.9527353e-12
-1.2833901e-12
-3.8059833e-13
3.3346798e-12
7.0776718e-14
1.4596796e-12
2.0152213e-12
-1.9778207e-12
7.9995732e-13
-7.2783446e-13
4.2027354e-12
7.3051287e-13
-2.1514318e-12
2.0152213e-12
8.6940177e-13
2.096795e-13
-1.4917095e-12
2.6749575e-12
2.4666102e-12
2.9874575e-12
1.4249435e-12
7.652351e-13
-1.3180984e-12
-1.1792095e-12
3.6471798e-12
-6.9309836e-13
-1.9083762e-12
-3.3389957e-14
-2.2903068e-12
1.8763185e-12
-1.6653345e-12
3.3346659e-12
-7.6257056e-13
8.3466567e-13
3.1610548e-12
4.2027215e-12
3.1610686e-12
3.681902e-12
1.2166101e-12
-1.0056123e-12
1.0430129e-12
4.7582771e-12
-7.2782058e-13
1.7721796e-12
-8.6672336e-13
5.5688787e-13
3.3346659e-12
-2.4639318e-12
3.3346659e-12
3.8329062e-13
-7.2782058e-13
-5.1950111e-13
4.874573e-13
3.8327674e-13
7.652351e-13
3.2305131e-12
-1.8736679e-12
4.1801285e-13
2.7912395e-13
-3.4587611e-13
1.2513185e-12
-7.2782058e-13
4.5272119e-13
-3.1116776e-13
2.6749575e-12
-3.4587611e-13
1.0430129e-12
1.6679991e-12
2.096795e-13
7.9992957e-13
-2.5333902e-12
-3.337608e-14
-7.2783446e-13
-1.4569873e-12
-6.5837613e-13
6.9576289e-13
-1.7226498e-13
-1.0282053e-13
1.5291102e-12
2.7911007e-13
1.5638463e-12
-1.7000706e-12
-1.7694873e-12
-2.6028346e-12
-6.9312611e-13
4.8277216e-12
-5.8893168e-13
-1.4222651e-12
3.0916242e-12
-1.3875567e-12
-5.1948723e-13
-2.1167235e-12
1.4249574e-12
3.9943882e-12
-6.8084427e-14
4.1799897e-13
3.6068371e-14
2.9527353e-12
1.0549894e-13
-4.2347653e-12
-1.7000429e-12
2.7096658e-12
-1.1097789e-12
2.3277352e-12
3.1383229e-13
-3.4587611e-13
-1.422279e-12
1.2860546e-12
-3.1115388e-13
-6.8112183e-14
-4.5472653e-12
-3.2972652e-12
6.14718e-12
1.3207768e-12
-2.0125568e-12
-5.1948723e-13
-5.1950111e-13
1.0777212e-12
-2.0125568e-12
4.8747117e-13
3.8329062e-13
-9.3616781e-13
-1.734779e-12
-4.6514459e-12
2.1541102e-12
8.3467955e-13
-1.7347512e-12
1.806888e-12
-6.8112183e-14
-4.1533443e-13
9.3883235e-13
-3.3389957e-14
5.2791105e-12
-2.186154e-12
1.3322676e-15
3.4041103e-12
-1.9083762e-12
2.1888324e-12
5.4527216e-12
3.5082909e-12
8.3466567e-13
-1.2486678e-12
-6.2365391e-13
-9.3615393e-13
-8.6670948e-13
-4.8476501e-13
4.1801285e-13
-4.8945015e-12
4.0638326e-12
-3.4587611e-13
-1.3755663e-13
-1.0750428e-12
-4.8476501e-13
-2.0472651e-12
9.0411012e-13
5.9388466e-12
8.6940177e-13
-3.5055986e-12
-4.3042236e-12
2.3277213e-12
1.4022117e-13
-4.1653347e-12
4.1801285e-13
-2.0820151e-12
-6.8098305e-14
7.6522122e-13
8.3466567e-13
2.6749436e-12
-3.337608e-14
-3.5056125e-12
1.4023505e-13
1.7721657e-12
7.3049899e-13
9.7354069e-13
-1.422279e-12
4.8744342e-13
1.1471796e-12
1.8069157e-12
-6.2365391e-13
2.9874436e-12
3.8327674e-13
1.0082907e-12
8.693879e-13
3.485684e-13
2.0499574e-12
-1.9430985e-12
-2.1861679e-12
-2.7417235e-12
3.0221659e-12
-1.561154e-12
5.4874577e-12
3.8902354e-12
7.0790596e-14
5.1054994e-12
-1.1445012e-12
-1.0403345e-12
-8.3198726e-13
1.181874e-12
1.6679991e-12
4.8744342e-13
2.7909619e-13
-2.637543e-12
3.5429992e-12
-3.3389957e-14
2.4440172e-13
4.6888327e-12
-6.5837613e-13
-2.6722513e-12
-2.012529e-12
5.6263327e-12
3.1610686e-12
-1.0282053e-13
-1.3757051e-13
5.9162397e-13
-6.8098305e-14
-1.1097789e-12
1.6679991e-12
3.6471798e-12
-6.8098305e-14
1.3902213e-12
5.9735689e-12
-3.4361541e-12
4.7930132e-12
-5.8894556e-13
-2.7069874e-12
4.1332632e-12
-7.6254281e-13
1.3555129e-12
5.9162397e-13
3.7860687e-12
3.9596659e-12
2.2235408e-12
-1.7694873e-12
4.874573e-13
-1.8042234e-12
7.9994344e-13
2.0846797e-12
-8.6670948e-13
4.1799897e-13
1.0430129e-12
1.8763324e-12
3.9943882e-12
-3.2625708e-12
5.2217952e-13
-1.4222651e-12
3.4388326e-12
1.4249574e-12
-1.4917095e-12
2.9874575e-12
4.2374437e-12
-6.9309836e-13
1.945763e-12
1.3461454e-15
1.0777351e-12
4.2027354e-12
1.3207768e-12
4.0638465e-12
-1.3180984e-12
4.5272119e-13
-1.1444873e-12
-2.5333902e-12
5.9041105e-12
4.8744342e-13
3.0221797e-12
3.4388326e-12
3.9943882e-12
2.0152213e-12
7.0790596e-14
3.8554993e-12
1.5638324e-12
-3.4587611e-13
1.8763324e-12
2.9527353e-12
-3.4587611e-13
1.2513324e-12
3.1384617e-13
1.3902213e-12
5.4874716e-12
4.9318882e-12
3.0916242e-12
4.7235688e-12
6.3902356e-12
1.980513e-12
6.6106842e-13
5.7305133e-12
2.6402075e-12
1.3207768e-12
2.0499435e-12
8.3466567e-13
-1.7000568e-12
1.8068741e-12
5.2215177e-13
2.1888186e-12
3.5082909e-12
1.1124435e-12
-9.7089004e-13
3.2304992e-12
3.9596659e-12
2.4666102e-12
2.9874297e-12
-1.2139317e-12
-1.8389457e-12
1.355499e-12
1.3183898e-15
-4.8477888e-13
-5.8893168e-13
1.6679991e-12
2.9527214e-12
3.4735548e-12
3.1263464e-12
2.2235547e-12
2.5707908e-12
-1.7227886e-13
-1.1444873e-12
2.3971797e-12
4.9666243e-12
3.7166242e-12
3.0916103e-12
2.5360547e-12
-3.1116776e-13
3.2305131e-12
2.1541102e-12
4.8277354e-12
5.0360549e-12
2.5013464e-12
3.8555131e-12
-5.5422333e-13
3.0916103e-12
4.1801285e-13
6.6105454e-13
4.6888188e-12
5.2216564e-13
-5.1948723e-13
1.4944018e-12
3.9596659e-12
1.2860546e-12
-3.123668e-12
3.6054493e-14
1.8416241e-12
-4.2694875e-12
1.3322676e-15
2.096795e-13
4.3763326e-12
-2.2555846e-12
-3.9570014e-12
9.7355457e-13
-1.0282053e-13
-4.2347514e-12
3.681902e-12
-1.7347651e-12
7.0776718e-14
3.2999575e-12
7.9995732e-13
1.1124435e-12
-4.8476501e-13
-3.8180986e-12
-1.6305984e-12
1.4943879e-12
-2.3250568e-12
3.6054493e-14
2.8138464e-12
-7.6252893e-13
-3.262543e-12
8.6940177e-13
1.0082907e-12
-3.748668e-12
-1.9083762e-12
3.2652353e-12
1.0777212e-12
-1.6653207e-12
2.7791242e-12
1.6332907e-12
-4.5005666e-13
1.2166101e-12
4.7930132e-12
9.3884622e-13
9.7356845e-13
1.9110685e-12
-3.5403208e-12
3.8902354e-12
-2.4292235e-12
-3.3667097e-12
-1.0055984e-12
1.1471796e-12
4.445791e-12
7.9995732e-13
2.6054991e-12
-2.0472929e-12
-1.0056123e-12
3.4855452e-13
-2.186154e-12
2.119388e-12
2.6402353e-12
3.5777215e-12
1.5985685e-12
-3.8181125e-12
8.6940177e-13
3.1383229e-13
3.994402e-12
3.4388326e-12
4.4110549e-12
-1.6653484e-12
4.8277077e-12
-2.0698721e-13
5.2096799e-12
3.369402e-12
1.0082907e-12
2.1194019e-12
1.4596796e-12
1.0430268e-12
4.9318882e-12
2.7790964e-12
8.3469343e-13
6.320805e-12
5.9041105e-12
-2.4170943e-13
4.1799897e-13
-2.3250568e-12
2.2582769e-12
2.7444158e-12
5.070791e-12
3.2652214e-12
-1.8389457e-12
5.2444021e-12
3.820777e-12
5.5687399e-13
2.7791103e-12
3.2305131e-12
3.2652353e-12
4.1799897e-13
3.2305131e-12
4.0985687e-12
5.5568744e-12
-4.1534831e-13
-4.8476501e-13
3.369402e-12
-1.4569873e-12
7.6522122e-13
4.3763326e-12
4.5272119e-13
4.2374437e-12
-1.0403345e-12
5.5690175e-13
1.4943879e-12
8.3466567e-13
5.4874438e-12
-4.6861542e-12
1.3322676e-15
9.7355457e-13
2.3971797e-12
-2.359779e-12
2.096795e-13
2.1194019e-12
5.6957772e-12
9.04124e-13
-1.422279e-12
2.1888324e-12
1.1471796e-12
3.1384617e-13
2.0846519e-12
-1.3754275e-13
1.0430129e-12
-4.5004278e-13
5.5568883e-12
2.7791103e-12
-1.0750428e-12
-2.0472651e-12
3.1263325e-12
-2.0700108e-13
3.2305131e-12
3.2652353e-12
5.0360549e-12
5.0013466e-12
6.7721662e-12
4.758291e-12
3.820777e-12
2.5013325e-12
-9.3616781e-13
3.5777353e-12
2.0846519e-12
5.0360688e-12
2.8138464e-12
3.9944159e-12
2.5360686e-12
4.1799897e-13
2.9874575e-12
1.5985546e-12
1.355499e-12
4.5499438e-12
2.8832908e-12
1.2513185e-12
1.980513e-12
3.6068371e-14
5.5221799e-12
1.0777351e-12
6.0777355e-12
2.4438784e-13
1.1124573e-12
-1.2139317e-12
3.0568742e-12
-2.8111818e-12
6.5638467e-12
4.1332771e-12
1.4943741e-12
3.7513326e-12
2.8485686e-12
1.1124435e-12
3.681902e-12
5.6957772e-12
1.3902213e-12
2.9527353e-12
2.0152491e-12
9.3881847e-13
5.2791105e-12
2.5013325e-12
5.4179994e-12
1.216624e-12
-6.2364003e-13
5.036041e-12
6.6332773e-12
-1.3181123e-12
3.0568742e-12
7.3051287e-13
3.5777076e-12
1.945763e-12
-1.2486678e-12
3.4735548e-12
2.605513e-12
9.04124e-13
7.9995732e-13
2.8485547e-12
2.0152352e-12
4.3763465e-12
1.6332907e-12
1.3902351e-12
-7.6257056e-13
3.4388326e-12
1.6679991e-12
-7.2783446e-13
3.3346659e-12
-4.1534831e-13
-5.5422333e-13
5.1055132e-12
-2.1514318e-12
5.2217952e-13
-4.5005666e-13
3.2999437e-12
2.883277e-12
7.3051287e-13
7.0776718e-14
1.6333046e-12
2.1541241e-12
4.1679993e-12
2.9527353e-12
-2.7644553e-13
3.0568881e-12
-2.7070013e-12
-1.7000429e-12
-1.0282053e-13
3.3346798e-12
2.6402214e-12
-2.0125707e-12
-2.7417096e-12
-5.5420946e-13
-1.2139317e-12
-4.5004278e-13
2.605513e-12
-1.7694873e-12
5.7305133e-12
-1.8042234e-12
2.0846797e-12
2.7911007e-13
4.4457771e-12
5.8693883e-12
-7.6254281e-13
1.2166101e-12
-1.7347651e-12
4.0291104e-12
1.7721657e-12
-1.075029e-12
-7.9726503e-13
-3.9917097e-12
-1.4570151e-12
1.216624e-12
8.693879e-13
1.6332768e-12
1.980513e-12
2.6402075e-12
5.8346661e-12
3.8326287e-13
-1.2486678e-12
1.6680129e-12
-8.6672336e-13
-1.4222651e-12
2.9527214e-12
1.7721657e-12
3.1384617e-13
-3.1116776e-13
5.4527355e-12
-6.2365391e-13
2.6749575e-12
3.8555131e-12
3.8327674e-13
2.2582908e-12
-4.8477888e-13
6.263462e-13
-6.5837613e-13
1.3207907e-12
3.1383229e-13
-1.1097789e-12
5.2217952e-13
1.1124435e-12
3.5429992e-12
-1.0750567e-12
1.9804991e-12
1.6679991e-12
-1.0055984e-12
-3.0889458e-12
1.216624e-12
2.605513e-12
-1.8042234e-12
2.0846658e-12
1.8763324e-12
1.0430129e-12
-5.5422333e-13
-4.8477888e-13
1.3902351e-12
-1.0055984e-12
-2.0698721e-13
-1.2139456e-12
-2.047279e-12
1.2860546e-12
5.5688787e-13
1.2166101e-12
-2.9500707e-12
-7.2783446e-13
8.693879e-13
-5.8893168e-13
5.5568744e-12
-5.1948723e-13
5.6610688e-12
-2.9500569e-12
1.7374574e-12
9.0409624e-13
-1.8736679e-12
-1.0403345e-12
4.3416104e-12
-2.4170943e-13
3.5430131e-12
3.6471798e-12
2.0499574e-12
3.9249576e-12
7.076284e-14
1.0082907e-12
-3.1116776e-13
1.355499e-12
1.216624e-12
9.04124e-13
1.4596796e-12
-3.4588998e-13
-2.7644553e-13
4.445791e-12
3.2305131e-12
2.7096797e-12
4.3068743e-12
4.4804993e-12
-1.7227886e-13
9.0409624e-13
-1.1445012e-12
2.7096797e-12
-7.2782058e-13
-2.2555985e-12
-7.6255668e-13
2.6402075e-12
1.1124573e-12
1.806888e-12
-5.1948723e-13
3.4041242e-12
2.9527353e-12
4.5499576e-12
1.1124435e-12
4.0638465e-12
-8.6670948e-13
-3.4588998e-13
-1.8389318e-12
3.2999437e-12
-4.1534831e-13
-2.5681124e-12
5.9162397e-13
3.8327674e-13
2.9179853e-12
6.263462e-13
-5.1948723e-13
-7.9726503e-13
1.0430129e-12
4.5846521e-12
4.0985687e-12
5.3138327e-12
1.6332768e-12
4.2374437e-12
3.7860687e-12
6.9577677e-13
5.2216564e-13
4.584666e-12
2.0846658e-12
1.5291102e-12
2.5013325e-12
3.994402e-12
4.2374437e-12
3.6471659e-12
3.2999437e-12
-2.6722791e-12
1.8416241e-12
7.0776718e-14
2.5013325e-12
4.3763326e-12
2.9179992e-12
4.1332771e-12
2.119388e-12
8.693879e-13
5.973555e-12
4.098541e-12
1.8068741e-12
4.8624299e-12
4.6541243e-12
9.3883235e-13
-2.0125429e-12
2.7912395e-13
1.6332907e-12
4.3763465e-12
3.056902e-12
3.0916103e-12
1.7374296e-12
1.5291102e-12
2.0499574e-12
3.1610548e-12
1.3902351e-12
-1.7347512e-12
5.7652355e-12
-5.1950111e-13
-6.5837613e-13
1.355499e-12
-9.0144558e-13
-1.0282053e-13
-3.4588998e-13
4.1798509e-13
2.096795e-13
7.9992957e-13
1.355499e-12
1.4596796e-12
-2.0700108e-13
3.0221659e-12
7.0790596e-14
2.293013e-12
3.681902e-12
4.5273507e-13
2.3277213e-12
2.431888e-12
1.7374435e-12
1.4022117e-13
-1.6653345e-12
3.4855452e-13
8.3467955e-13
2.7443742e-12
2.2582908e-12
2.1888463e-12
3.6068371e-14
1.3207907e-12
1.216624e-12
2.779138e-12
-1.1444873e-12
-2.5333763e-12
5.2216564e-13
1.806888e-12
4.7582771e-12
-9.0144558e-13
2.9179853e-12
8.6940177e-13
-3.1116776e-13
5.9159622e-13
3.0221659e-12
3.5429992e-12
-4.5004278e-13
3.4855452e-13
2.3971797e-12
1.980513e-12
1.7027352e-12
-2.4170943e-13
2.7911007e-13
-7.2782058e-13
-1.8389318e-12
5.6610688e-12
-2.4639318e-12
1.3902074e-12
2.7443881e-12
2.431888e-12
1.0777074e-12
4.3416243e-12
2.2929991e-12
1.9110546e-12
-9.3615393e-13
-1.6305984e-12
1.2166101e-12
3.4388326e-12
1.2860546e-12
1.1818879e-12
1.3902213e-12
2.2582908e-12
-5.3111543e-12
5.5688787e-13
5.2444021e-12
5.9162397e-13
-1.2139317e-12
2.9874575e-12
-2.2555846e-12
4.0985687e-12
7.9995732e-13
-1.1444873e-12
-5.1948723e-13
1.2860685e-12
-1.3528206e-12
4.6194021e-12
1.0082768e-12
5.9162397e-13
2.2582908e-12
3.022152e-12
1.3461454e-15
1.980513e-12
6.2633232e-13
1.7721657e-12
2.5013325e-12
5.2217952e-13
1.8416102e-12
6.4249578e-12
1.5291102e-12
1.9110546e-12
2.1888324e-12
4.9666105e-12
-1.0055845e-12
3.3346659e-12
2.3971797e-12
1.4943741e-12
-1.0403206e-12
-1.7694873e-12
-9.0143171e-13
-2.1514318e-12
2.5013325e-12
2.2929991e-12
1.3207907e-12
-2.1167235e-12
4.4804993e-12
3.4388464e-12
3.9596798e-12
7.652351e-13
4.3763465e-12
-9.7087616e-13
-1.0056123e-12
2.1194019e-12
1.6332907e-12
6.9579065e-13
-2.0698721e-13
3.8329062e-13
4.8744342e-13
-1.4570012e-12
2.883277e-12
2.4666102e-12
2.0499435e-12
-3.9917097e-12
2.7096519e-12
-1.4569873e-12
1.8069019e-12
2.2929852e-12
1.7495727e-13
-3.0889458e-12
7.9994344e-13
2.0966562e-13
3.7860687e-12
1.0082907e-12
6.2633232e-13
2.7912395e-13
2.5360686e-12
2.2235686e-12
5.5688787e-13
-2.0698721e-13
-1.9430985e-12
5.2096799e-12
6.6105454e-13
-3.1236541e-12
-5.1948723e-13
-3.8059833e-13
3.8554993e-12
-2.0700108e-13
-2.4986679e-12
-1.0056261e-12
-2.1167235e-12
-2.0125568e-12
3.4735687e-12
2.3971797e-12
7.652351e-13
1.1471796e-12
3.2652075e-12
-5.5423721e-13
1.4943879e-12
-1.3181123e-12
4.3763326e-12
-1.734779e-12
-3.1116776e-13
2.2235547e-12
3.7166242e-12
-1.5611817e-12
3.8327674e-13
-9.7089004e-13
-2.7764596e-12
4.5273507e-13
1.8763602e-12
1.3461454e-15
-8.6673724e-13
1.2165963e-12
4.8747117e-13
1.2513462e-12
1.8416241e-12
-2.7645941e-13
-2.9847652e-12
7.999712e-13
1.7027213e-12
1.7721657e-12
-1.9431262e-12
2.0969337e-13
-9.7087616e-13
2.096795e-13
7.9994344e-13
3.0568742e-12
3.8327674e-13
1.5985685e-12
1.0082907e-12
-4.5005666e-13
-1.1097651e-12
1.7027213e-12
2.7791103e-12
-2.9153346e-12
2.9874436e-12
3.0916242e-12
-2.0700108e-13
2.3971797e-12
-3.6792097e-12
1.2166101e-12
-1.6653207e-12
3.6068371e-14
1.0777351e-12
7.3051287e-13
2.7444019e-12
1.980513e-12
7.3051287e-13
-1.1444873e-12
3.369402e-12
2.6749575e-12
6.6105454e-13
1.4596657e-12
6.3902217e-12
-1.0750567e-12
1.3902351e-12
3.2305131e-12
2.5707908e-12
3.2999437e-12
-3.9222653e-12
5.0360688e-12
2.6402214e-12
-1.6653345e-12
2.6054991e-12
8.3465179e-13
1.0777074e-12
3.1263464e-12
1.2860685e-12
5.1054994e-12
7.4666107e-12
7.9994344e-13
-2.2903068e-12
2.5360547e-12
2.7444019e-12
-3.8528208e-12
-2.9153346e-12
2.7443881e-12
6.2633232e-13
-1.422279e-12
1.4596657e-12
7.0776718e-14
2.9179992e-12
1.0777212e-12
-1.4569873e-12
3.3346798e-12
-2.7417235e-12
-1.8389457e-12
1.7721657e-12
3.485684e-13
-3.2972652e-12
4.2374576e-12
-1.0282053e-13
1.3207768e-12
1.7494339e-13
3.195777e-12
8.3466567e-13
-4.8476501e-13
5.1054994e-12
3.1263464e-12
-4.8476501e-13
-1.7226498e-13
-1.5611679e-12
1.806888e-12
-3.4588998e-13
-1.0750567e-12
-1.0283441e-13
2.2582908e-12
-1.6305984e-12
1.4596657e-12
2.7911007e-13
-4.1305986e-12
3.6124437e-12
-7.2783446e-13
2.3624436e-12
-5.5423721e-13
2.5360547e-12
-1.7227886e-13
1.7374435e-12
3.1384617e-13
2.7791103e-12
-5.7625432e-12
7.0776718e-14
-1.1792095e-12
-3.9917097e-12
7.9995732e-13
7.0790596e-14
8.3466567e-13
1.1471796e-12
2.3277352e-12
-9.0141783e-13
1.7721657e-12
2.5707908e-12
3.1384617e-13
-3.8061221e-13
1.0430129e-12
1.7721796e-12
3.1383229e-13
-4.0611403e-12
-5.5422333e-13
2.5013464e-12
1.4020729e-13
-5.8893168e-13
8.3466567e-13
1.5638463e-12
-2.186154e-12
-1.722511e-13
5.070791e-12
-1.3875706e-12
-1.248654e-12
9.7355457e-13
2.2582908e-12
-1.5958762e-12
2.5013325e-12
2.0152213e-12
4.7929855e-12
7.0790596e-14
-2.186154e-12
3.485684e-13
-2.4986679e-12
4.5152354e-12
-8.3200113e-13
6.7374578e-12
1.4596935e-12
3.7860548e-12
6.2166106e-12
-2.9847652e-12
3.6124576e-12
4.7929993e-12
2.6749436e-12
4.2027354e-12
3.9943743e-12
1.633263e-12
4.0638465e-12
1.4944018e-12
1.4596657e-12
4.9666105e-12
-1.0750428e-12
1.4943879e-12
-2.4170943e-13
3.4735409e-12
7.3051287e-13
-1.1097928e-12
3.6068371e-14
-6.2365391e-13
7.9995732e-13
1.8069019e-12
1.0430268e-12
1.7492952e-13
2.7443881e-12
-2.4170943e-13
6.263462e-13
5.3485549e-12
1.1124435e-12
-2.7645941e-13
1.0777212e-12
3.2652214e-12
3.5777215e-12
2.2235686e-12
2.096795e-13
3.1957909e-12
-5.8895944e-13
3.485684e-13
2.5360547e-12
-1.7226498e-13
3.6471798e-12
2.9180131e-12
3.4041242e-12
2.6402214e-12
9.3883235e-13
9.0411012e-13
1.806888e-12
4.758291e-12
3.2652492e-12
-6.9311223e-13
4.5272119e-13
-3.337608e-14
-7.6254281e-13
3.6054493e-14
2.119388e-12
1.2860685e-12
9.04124e-13
-2.3944874e-12
2.3971658e-12
5.6263466e-12
2.5707908e-12
-2.2903207e-12
4.874573e-13
-3.4708902e-12
2.9527353e-12
1.0430129e-12
6.9576289e-13
-7.2783446e-13
-1.5958623e-12
1.4022117e-13
-2.4170943e-13
-6.2365391e-13
1.3207907e-12
4.3763326e-12
2.3971797e-12
-1.1097789e-12
7.9994344e-13
1.7374574e-12
2.0499435e-12
3.994402e-12
-6.8098305e-14
-1.1097789e-12
-7.9726503e-13
-4.5005666e-13
-1.7000706e-12
-2.4170943e-13
-3.1116776e-13
3.6054493e-14
6.610823e-13
-4.8475113e-13
-2.7644553e-13
2.6402353e-12
7.6522122e-13
5.9163785e-13
2.7909619e-13
6.263462e-13
-8.6670948e-13
5.2790966e-12
9.0409624e-13
2.3624575e-12
-1.5264318e-12
4.7930132e-12
3.485684e-13
2.2930269e-12
3.7513187e-12
1.806888e-12
1.980513e-12
1.0082768e-12
5.0013466e-12
-8.6670948e-13
-5.1948723e-13
3.9596798e-12
-6.2366778e-13
6.2633232e-13
2.5707908e-12
-1.1445012e-12
1.0549894e-13
1.6332907e-12
2.4440172e-13
1.6679991e-12
-1.0056123e-12
-1.3755663e-13
6.9577677e-13
1.9110408e-12
1.4249435e-12
9.7355457e-13
4.1679993e-12
-2.8458902e-12
-1.1097789e-12
9.04124e-13
2.7912395e-13
2.8832908e-12
2.2929991e-12
2.5360547e-12
-1.248654e-12
2.605513e-12
-1.3757051e-13
1.7721657e-12
5.9388466e-12
2.0846658e-12
-2.0698721e-13
-1.3875429e-12
1.7721796e-12
7.0790596e-14
1.6332768e-12
1.3322676e-15
4.1679993e-12
1.3322676e-15
1.5638463e-12
-1.4222651e-12
2.605513e-12
3.1610548e-12
1.6332768e-12
2.4319158e-12
1.7027352e-12
-4.5005666e-13
3.0916242e-12
5.9162397e-13
-4.2695014e-12
2.8485686e-12
-4.1533443e-13
4.3416243e-12
-5.1950111e-13
1.9804991e-12
4.6541382e-12
2.8485686e-12
2.0152352e-12
1.9457908e-12
1.6332907e-12
3.5430131e-12
1.3207768e-12
4.1679854e-12
6.6679995e-12
-1.3528206e-12
2.4438784e-13
-1.3875567e-12
5.2215177e-13
3.2999437e-12
-1.3755663e-13
4.758291e-12
4.6193882e-12
2.8485686e-12
3.681902e-12
5.7999439e-12
5.5568744e-12
4.1799897e-13
3.2305131e-12
1.8069019e-12
-7.9726503e-13
-1.2139456e-12
3.5430131e-12
1.5290963e-12
2.7096658e-12
1.806888e-12
-2.9500569e-12
8.3466567e-13
3.195777e-12
-9.3615393e-13
1.0082907e-12
7.652351e-13
2.4440172e-13
1.9110546e-12
2.5360686e-12
-9.3615393e-13
-2.0698721e-13
3.5777215e-12
-1.1097789e-12
3.8902215e-12
2.4666241e-12
-1.3875567e-12
-3.5403208e-12
-5.1950111e-13
-3.6792097e-12
3.485684e-13
1.5985685e-12
2.2582908e-12
-2.7644553e-13
2.4319158e-12
-2.6722929e-12
4.874573e-13
2.096795e-13
4.0985548e-12
-5.5420946e-13
2.9179992e-12
1.2166101e-12
-2.1167235e-12
2.6054991e-12
-1.9431123e-12
-2.0701496e-13
1.0430129e-12
4.1799897e-13
-2.1167096e-12
1.7721519e-12
-2.4170943e-13
7.9994344e-13
1.3902351e-12
1.7721796e-12
9.3884622e-13
-3.9570014e-12
-4.1532056e-13
3.485684e-13
-3.0889319e-12
3.9596521e-12
-6.8098305e-14
-1.3755663e-13
-1.8389457e-12
1.1819018e-12
2.3971658e-12
-1.0403345e-12
7.9995732e-13
2.3277213e-12
5.2215177e-13
4.6194021e-12
5.9162397e-13
-8.3201501e-13
1.7495727e-13
-4.1530668e-13
-4.8476501e-13
2.7444019e-12
-3.2972652e-12
2.8138464e-12
-1.2833901e-12
4.5273507e-13
1.0777074e-12
3.5777353e-12
1.355499e-12
4.0638465e-12
-1.5958901e-12
-6.8098305e-14
3.5777353e-12
-3.3389957e-14
-1.4569873e-12
-9.7089004e-13
-1.0750428e-12
-1.0056261e-12
3.2999575e-12
6.0429994e-12
-1.6305984e-12
3.4388326e-12
3.056902e-12
-6.5839001e-13
3.820777e-12
-5.5423721e-13
3.2652353e-12
2.8832908e-12
3.0916103e-12
3.1957631e-12
1.6333046e-12
3.1383229e-13
1.8069019e-12
4.6888327e-12
1.7374435e-12
2.5707769e-12
1.8763602e-12
2.5360686e-12
-1.7000429e-12
-4.1532056e-13
3.5082909e-12
3.2652214e-12
-2.4170943e-13
-1.8042234e-12
1.5291102e-12
4.3068882e-12
-1.873654e-12
-1.5958762e-12
2.4666102e-12
-2.2556124e-12
-3.3389957e-14
4.272166e-12
2.2235686e-12
1.216624e-12
2.7791242e-12
-4.5005666e-13
3.9943882e-12
-1.0282053e-13
-1.3181123e-12
5.2216564e-13
1.0777212e-12
1.3207629e-12
9.7355457e-13
1.1471796e-12
1.216624e-12
2.2235686e-12
3.7860548e-12
5.2216564e-13
-9.3616781e-13
6.6105454e-13
6.6104067e-13
1.6332768e-12
-5.5422333e-13
4.5273507e-13
3.7166242e-12
2.9527353e-12
2.3277213e-12
7.9995732e-13
2.1888463e-12
1.5291102e-12
-1.7694873e-12
-3.4587611e-13
4.8277216e-12
-2.0820012e-12
7.0790596e-14
2.6402075e-12
2.4319019e-12
-8.6672336e-13
3.4041242e-12
-4.8477888e-13
1.0549894e-13
3.5082909e-12
-4.8477888e-13
2.7912395e-13
-1.561154e-12
3.1384617e-13
-1.5958901e-12
-1.7227886e-13
-1.1792095e-12
-3.1583763e-12
-1.0403206e-12
-1.1445012e-12
-4.1532056e-13
1.4249574e-12
2.2235408e-12
2.5360547e-12
9.7356845e-13
2.605513e-12
-8.6672336e-13
1.4022117e-13
1.5985546e-12
-1.9083901e-12
2.2929991e-12
-1.4569873e-12
1.4022117e-13
-3.1114e-13
-1.5958901e-12
2.293013e-12
-1.0750428e-12
6.9579065e-13
1.7495727e-13
-1.8042234e-12
-3.1116776e-13
3.994402e-12
1.3902351e-12
1.0777351e-12
4.4457771e-12
3.485684e-13
9.7356845e-13
1.4943879e-12
-1.7695012e-12
4.7235688e-12
-1.2486678e-12
5.9162397e-13
2.2235547e-12
-1.5264318e-12
2.096795e-13
9.3883235e-13
3.195777e-12
3.5430131e-12
7.652351e-13
2.1888463e-12
4.1801285e-13
1.5638463e-12
1.3322676e-15
2.7791103e-12
4.874573e-13
3.2652353e-12
2.4437397e-13
2.5360547e-12
1.3902213e-12
3.2305131e-12
1.0777212e-12
-1.5264318e-12
9.0411012e-13
4.1332909e-12
6.2165967e-12
3.6124437e-12
-1.2833762e-12
3.6124298e-12
5.9041105e-12
2.883277e-12
7.076284e-14
-1.7000429e-12
1.6679991e-12
2.5707908e-12
7.3049899e-13
7.3049899e-13
3.2652353e-12
-1.1445012e-12
1.7027352e-12
-9.3615393e-13
4.7235549e-12
4.5272119e-13
1.6679991e-12
2.3277352e-12
4.3416243e-12
1.3208046e-12
3.7860548e-12
3.7860548e-12
-1.0282053e-13
1.5985685e-12
1.5638463e-12
3.2652214e-12
3.0568881e-12
2.3624575e-12
-3.6445014e-12
-3.1116776e-13
1.5985685e-12
1.8068741e-12
3.8329062e-13
4.3416243e-12
-3.2625569e-12
1.1471796e-12
1.3207907e-12
9.7358233e-13
5.2215177e-13
1.8763324e-12
2.0499435e-12
-2.1167235e-12
6.0777217e-12
1.5638463e-12
6.6105454e-13
1.0082907e-12
-3.1115388e-13
4.4805132e-12
1.9457769e-12
5.2096799e-12
1.0777351e-12
2.1541102e-12
2.6054853e-12
-1.0282053e-13
3.7860548e-12
-3.4708902e-12
1.0082907e-12
1.2166101e-12
3.4041242e-12
1.0551282e-13
3.4735548e-12
2.7790964e-12
-2.7644553e-13
1.7721657e-12
2.0499574e-12
5.0708049e-12
-4.3736681e-12
2.9527353e-12
7.9995732e-13
-8.6670948e-13
-1.0055984e-12
-9.7089004e-13
6.0777217e-12
2.0966562e-13
9.3883235e-13
1.2513324e-12
1.7374435e-12
-1.9778346e-12
3.0568881e-12
7.9994344e-13
7.0776718e-14
3.9249576e-12
-1.1444873e-12
2.6054991e-12
-1.4917095e-12
-2.7764319e-12
6.6106842e-13
2.7911007e-13
1.5291102e-12
1.7494339e-13
3.1263464e-12
-5.1948723e-13
1.806888e-12
1.5290963e-12
-2.9500569e-12
-6.8098305e-14
2.5360686e-12
5.9162397e-13
-1.3755663e-13
9.7355457e-13
-2.6722652e-12
2.9527075e-12
3.1383229e-13
5.0360688e-12
-9.7089004e-13
1.6332768e-12
4.1332909e-12
5.9162397e-13
1.4249574e-12
5.2443883e-12
4.0638465e-12
-5.5422333e-13
-1.8736401e-12
7.0776718e-14
1.2860685e-12
1.1124435e-12
3.9596798e-12
2.1541102e-12
5.0360688e-12
3.7166104e-12
2.3277213e-12
1.5638463e-12
-1.5958762e-12
5.3485549e-12
3.6471798e-12
1.0549894e-13
-5.1950111e-13
-1.9431262e-12
2.1194019e-12
3.6068371e-14
-9.0143171e-13
1.7374435e-12
7.0776718e-14
1.9457769e-12
1.3322676e-15
2.7444019e-12
4.0638326e-12
4.2374576e-12
3.4735548e-12
-2.7644553e-13
1.3902074e-12
4.5499438e-12
1.3461454e-15
3.0916242e-12
-5.1948723e-13
-1.8736401e-12
3.5777215e-12
3.5082909e-12
3.0569158e-12
5.0707633e-12
5.1402355e-12
-3.4588998e-13
1.0549894e-13
6.9577677e-13
2.1194019e-12
5.5688787e-13
9.7355457e-13
3.4735548e-12
-1.7226498e-13
1.0777351e-12
6.6105454e-13
4.874573e-13
2.4666241e-12
9.7355457e-13
-8.6672336e-13
2.2235547e-12
1.0430129e-12
4.6888604e-12
3.2999437e-12
2.0499574e-12
-1.9083762e-12
3.334652e-12
1.8763602e-12
1.0082907e-12
1.5985685e-12
2.7790964e-12
3.4388464e-12
2.9179992e-12
-2.7417096e-12
-3.2972791e-12
2.3277352e-12
3.9249437e-12
-3.3667236e-12
2.1194019e-12
1.4249435e-12
3.6068371e-14
-4.5004278e-13
2.444156e-13
1.1471657e-12
2.3624436e-12
-8.3200113e-13
3.4388187e-12
2.9874575e-12
2.3277213e-12
-7.2783446e-13
-1.0403206e-12
2.7443881e-12
-2.0125568e-12
2.4666241e-12
3.681902e-12
8.3466567e-13
1.0082907e-12
-4.1305986e-12
2.8832908e-12
-1.4222651e-12
-4.1533443e-13
-9.3615393e-13
4.1798509e-13
1.0777212e-12
-3.8059833e-13
-1.3755663e-13
7.3051287e-13
3.2304992e-12
1.7494339e-13
3.6471659e-12
1.6332768e-12
2.2582908e-12
4.7582771e-12
5.4527355e-12
1.4943741e-12
1.633263e-12
-4.2694875e-12
2.3971797e-12
2.7791103e-12
-2.3945013e-12
-3.337608e-14
-3.0889596e-12
2.6054991e-12
3.1263464e-12
-2.4292096e-12
-1.9778207e-12
1.2860546e-12
-2.7417096e-12
2.4666102e-12
1.9110546e-12
-2.7644553e-13
3.8327674e-13
-1.6653207e-12
1.0548507e-13
-1.3528345e-12
5.9162397e-13
-1.1097928e-12
7.9994344e-13
3.1383229e-13
-2.7644553e-13
-1.1097651e-12
3.0916103e-12
2.2930269e-12
9.0413788e-13
-2.0820012e-12
2.3277491e-12
3.1610409e-12
9.04124e-13
2.1194019e-12
1.1124296e-12
3.6124437e-12
2.8138464e-12
1.8416241e-12
3.4388464e-12
2.2929991e-12
3.9596659e-12
9.0411012e-13
-1.7694873e-12
1.1818879e-12
5.1749438e-12
3.4855452e-13
-3.4709041e-12
3.5430131e-12
3.4041103e-12
1.0430129e-12
-2.1167235e-12
-1.1792234e-12
1.4943741e-12
-2.0700108e-13
2.1888324e-12
4.1798509e-13
-9.3616781e-13
2.3277213e-12
-2.1167096e-12
3.1610686e-12
2.5360686e-12
1.2513324e-12
-1.7000429e-12
4.8742954e-13
-1.1097651e-12
-6.9312611e-13
7.0790596e-14
-2.6722652e-12
1.3322676e-15
3.2652353e-12
1.6679991e-12
3.7860687e-12
-1.3754275e-13
3.6068371e-14
7.3051287e-13
3.8327674e-13
-5.8895944e-13
-2.4172331e-13
-1.6653345e-12
1.6332768e-12
1.6332768e-12
2.9179853e-12
9.7355457e-13
-1.0403206e-12
-1.734779e-12
-1.0055984e-12
6.263462e-13
-8.3198726e-13
-4.6514598e-12
1.3207907e-12
3.6068371e-14
8.6940177e-13
-3.5056125e-12
-2.6722652e-12
-6.2366778e-13
1.6332768e-12
-1.2139317e-12
-4.5007054e-13
4.9319021e-12
2.0966562e-13
1.1124296e-12
-1.8389457e-12
-1.4917095e-12
-5.8893168e-13
-7.9726503e-13
-1.3755663e-13
-7.6255668e-13
1.0551282e-13
2.1541241e-12
-3.5056125e-12
-3.1115388e-13
-3.8061221e-13
2.096795e-13
1.6332907e-12
-3.1116776e-13
2.3971658e-12
1.2513324e-12
-1.0403345e-12
-3.1116776e-13
-1.6653345e-12
-3.1236541e-12
6.8416245e-12
-2.8458624e-12
5.9162397e-13
-4.5004278e-13
9.7355457e-13
-2.3250429e-12
1.1124435e-12
7.9994344e-13
-1.1445012e-12
-1.9430985e-12
1.0082768e-12
1.0082907e-12
3.2999575e-12
-2.6028207e-12
2.8138464e-12
-4.0958903e-12
1.7374296e-12
4.8744342e-13
-9.3616781e-13
-1.2486678e-12
1.7721657e-12
1.0777212e-12
3.3693881e-12
3.0221659e-12
-1.0403345e-12
2.119388e-12
-8.3200113e-13
2.5707908e-12
-1.561154e-12
1.3322676e-15
-1.0056123e-12
1.8416102e-12
1.2166101e-12
1.1471796e-12
2.5013464e-12
3.8207909e-12
2.7096936e-12
3.8327674e-13
-1.0750428e-12
1.7721657e-12
-3.5056125e-12
3.8329062e-13
-1.6653345e-12
3.2305131e-12
-1.2486817e-12
9.7355457e-13
9.0411012e-13
2.2235547e-12
-8.6672336e-13
-3.4361541e-12
2.1194158e-12
-3.0889458e-12
1.4596796e-12
-1.9430985e-12
-6.8112183e-14
-2.4292235e-12
1.355499e-12
2.5707769e-12
-1.5264318e-12
2.6054991e-12
3.7860687e-12
-2.811168e-12
5.5916244e-12
-1.7227886e-13
1.7374574e-12
-1.0055984e-12
2.293013e-12
3.2999437e-12
1.7374435e-12
5.9162397e-13
-4.5005666e-13
-6.5837613e-13
1.529124e-12
-1.9083762e-12
-2.9847652e-12
1.7027074e-12
3.6054493e-14
2.8138464e-12
-3.1116776e-13
2.119388e-12
5.5688787e-13
9.3884622e-13
1.4943879e-12
3.681902e-12
1.806888e-12
2.431888e-12
-1.8736679e-12
-6.8098305e-14
1.2513185e-12
1.4022117e-13
-3.4588998e-13
-2.8458763e-12
-8.6672336e-13
-1.3757051e-13
4.6888327e-12
-1.9778068e-12
-1.0750567e-12
1.4944157e-12
2.4438784e-13
-4.8475113e-13
2.7912395e-13
3.7860687e-12
2.096795e-13
3.485684e-13
-2.7645941e-13
-1.0403206e-12
1.9110546e-12
7.9994344e-13
6.0082911e-12
7.0790596e-14
-2.0472651e-12
-1.1792095e-12
2.6054991e-12
-1.3875567e-12
-9.0144558e-13
3.6818881e-12
-3.4708764e-12
2.4666102e-12
8.693879e-13
4.5273507e-13
2.1540963e-12
-2.1861679e-12
2.293013e-12
3.485684e-13
-1.3528206e-12
3.4855452e-13
6.263462e-13
-3.436168e-12
-2.5333902e-12
-1.7227886e-13
-2.3250429e-12
-9.3616781e-13
2.4438784e-13
1.4943741e-12
3.485684e-13
7.9995732e-13
2.7443881e-12
1.7494339e-13
2.0499574e-12
3.4735548e-12
3.485684e-13
3.8208048e-12
1.7374713e-12
-5.5422333e-13
1.3902074e-12
-4.8475113e-13
3.4041103e-12
-1.4917095e-12
2.9874575e-12
1.945763e-12
5.5687399e-13
-2.5333763e-12
3.485684e-13
2.8485547e-12
-3.0542374e-12
1.6679991e-12
3.0221797e-12
1.8763324e-12
2.883277e-12
1.0430129e-12
1.355499e-12
5.8694022e-12
1.9110685e-12
2.4319019e-12
1.980513e-12
3.820777e-12
1.5638463e-12
9.3884622e-13
-2.0698721e-13
-3.4014319e-12
3.4735687e-12
1.8416102e-12
-7.6252893e-13
6.6106842e-13
1.4249574e-12
-3.5403208e-12
-3.5403347e-12
2.4318741e-12
2.293013e-12
2.0499435e-12
-9.0143171e-13
4.2027215e-12
1.0549894e-13
5.5690175e-13
1.9110546e-12
1.7721796e-12
-5.8893168e-13
7.3049899e-13
-1.0283441e-13
-6.8112183e-14
-4.8479276e-13
1.9110546e-12
3.2652353e-12
-2.0700108e-13
3.681902e-12
2.6054991e-12
1.4249574e-12
-1.5264318e-12
2.2582908e-12
4.4457632e-12
-8.3198726e-13
3.3346659e-12
2.0152352e-12
2.7909619e-13
-1.1792095e-12
-3.1236541e-12
1.2513462e-12
6.0777217e-12
7.0776718e-14
-1.2139456e-12
-3.0194874e-12
-2.0125568e-12
9.7356845e-13
-4.1533443e-13
-6.4222794e-12
4.5272119e-13
-1.4570151e-12
1.3902351e-12
2.2235547e-12
-1.3875567e-12
1.9110685e-12
-2.2555985e-12
2.3971658e-12
-1.0283441e-13
-1.1097651e-12
1.0777351e-12
1.3461454e-15
3.2999575e-12
4.1799897e-13
3.681902e-12
-1.3875706e-12
-2.6375568e-12
1.5638324e-12
7.6522122e-13
-1.4570012e-12
-2.2208901e-12
-1.7000568e-12
3.1384617e-13
-4.4778209e-12
-2.1861679e-12
3.1263186e-12
2.5013464e-12
9.7354069e-13
-2.3250429e-12
3.485684e-13
-3.4708902e-12
4.2027354e-12
-1.4570012e-12
3.1610686e-12
3.5429992e-12
7.652351e-13
-4.1533443e-13
-1.5958901e-12
-3.5055847e-12
1.6332768e-12
5.2216564e-13
-2.2556124e-12
1.1818879e-12
1.0777351e-12
2.3277352e-12
-3.3389957e-14
4.874573e-13
2.0499435e-12
6.6105454e-13
1.2860685e-12
3.8329062e-13
1.5985546e-12
3.6471798e-12
7.6524898e-13
-1.2139317e-12
2.8832908e-12
3.2999437e-12
-7.9726503e-13
9.3884622e-13
1.5985685e-12
1.2513324e-12
-1.2486678e-12
3.2999437e-12
-4.8476501e-13
6.77218e-12
9.7356845e-13
-1.3875567e-12
6.2513189e-12
1.7374435e-12
7.049944e-12
4.8624577e-12
3.1383229e-13
1.8763463e-12
2.1888463e-12
3.6471659e-12
3.3693881e-12
1.5985546e-12
1.2513462e-12
2.0152213e-12
1.7374435e-12
3.8327674e-13
1.7374435e-12
7.0790596e-14
5.2096799e-12
7.0152356e-12
3.6068371e-14
3.6471798e-12
3.6819159e-12
1.5638324e-12
3.4735409e-12
2.7444158e-12
6.7027217e-12
-2.7644553e-13
2.431888e-12
3.0916242e-12
-1.3755663e-13
3.0916242e-12
-1.0282053e-13
-1.3875567e-12
7.3051287e-13
4.2027354e-12
-1.7694873e-12
2.0152352e-12
2.0966562e-13
-6.9309836e-13
5.1749438e-12
2.5708047e-12
1.5985546e-12
2.4666241e-12
6.0429994e-12
5.9388328e-12
3.369402e-12
7.9995732e-13
1.6332907e-12
2.431888e-12
2.1194019e-12
7.3051287e-13
2.0152491e-12
3.3693881e-12
-2.8458902e-12
2.5360686e-12
1.6680129e-12
3.8902076e-12
4.2027354e-12
-4.026432e-12
6.2165967e-12
4.8744342e-13
3.4041242e-12
1.2166101e-12
1.3207768e-12
7.0499578e-12
3.4735548e-12
3.6124437e-12
2.2235547e-12
4.6888465e-12
2.0499297e-12
1.0082907e-12
3.2999437e-12
1.1124573e-12
3.6068371e-14
1.7721796e-12
1.1124573e-12
-9.3616781e-13
2.3624575e-12
3.6124298e-12
2.7444019e-12
2.1194019e-12
1.7374296e-12
6.9576289e-13
3.4041242e-12
3.7513326e-12
4.758291e-12
4.3416104e-12
1.2166101e-12
3.5082909e-12
3.022152e-12
-2.4170943e-13
8.693879e-13
2.605513e-12
1.3555129e-12
5.3485549e-12
-2.7069874e-12
2.6054991e-12
1.8763463e-12
1.6332768e-12
-6.9311223e-13
4.5152354e-12
2.9179992e-12
4.1801285e-13
5.5688787e-13
5.5690175e-13
-3.4014458e-12
3.3346659e-12
8.3466567e-13
1.4596796e-12
4.1332909e-12
-3.1115388e-13
2.883277e-12
2.1194019e-12
1.5638463e-12
1.8068741e-12
-6.8112183e-14
-3.2625569e-12
1.0549894e-13
1.2860685e-12
1.980513e-12
1.4596657e-12
-1.0750428e-12
1.1819018e-12
3.6124437e-12
-5.8893168e-13
3.2999575e-12
1.2860685e-12
-1.6653207e-12
4.3069159e-12
2.605513e-12
3.6124437e-12
8.1957635e-12
1.2513324e-12
1.042999e-12
4.5499438e-12
2.4319019e-12
4.1679854e-12
7.3049899e-13
2.096795e-13
3.369402e-12
-1.7347651e-12
-3.1236541e-12
1.5638324e-12
-9.3615393e-13
2.1541241e-12
9.7354069e-13
1.6679991e-12
2.6749436e-12
-3.2625569e-12
3.1384617e-13
1.1124296e-12
-1.5958901e-12
-1.1792234e-12
2.6054991e-12
-4.7555987e-12
-2.4172331e-13
-1.3528206e-12
-1.0056123e-12
1.9110546e-12
1.3322676e-15
-2.4170943e-13
1.3322676e-15
-1.3875429e-12
4.1801285e-13
1.8416102e-12
-3.8061221e-13
-2.2903207e-12
2.883277e-12
2.8485547e-12
-5.5420946e-13
-5.5423721e-13
2.5360686e-12
-1.9778207e-12
-1.5958901e-12
-9.3615393e-13
6.6104067e-13
1.2166101e-12
1.9457908e-12
-1.4917095e-12
-1.7694873e-12
1.9110685e-12
1.0551282e-13
1.3207629e-12
1.9457908e-12
2.4319019e-12
6.6105454e-13
1.3322676e-15
1.8416241e-12
3.485684e-13
2.8138325e-12
4.9665966e-12
9.3883235e-13
-2.6028207e-12
1.7027213e-12
3.4388326e-12
2.3971797e-12
4.5152215e-12
2.0846519e-12
3.7166242e-12
2.431888e-12
-3.4588998e-13
3.4735548e-12
3.8207632e-12
1.6679991e-12
5.5688787e-13
3.7165965e-12
7.3051287e-13
-1.5958762e-12
5.9162397e-13
3.369402e-12
3.5082909e-12
2.7911007e-13
4.1332909e-12
2.8485547e-12
2.9527353e-12
1.7495727e-13
3.8554993e-12
2.5360686e-12
1.4249574e-12
-9.3615393e-13
1.4596796e-12
-1.0056123e-12
4.1801285e-13
3.1610686e-12
1.6332768e-12
2.8138464e-12
1.2513324e-12
-9.0144558e-13
4.0638465e-12
-1.9431123e-12
6.8416245e-12
2.0969337e-13
3.5430131e-12
3.7860548e-12
-3.2972791e-12
1.9110546e-12
-1.1792234e-12
3.8327674e-13
4.0291243e-12
2.2929991e-12
3.9943882e-12
1.4249574e-12
1.7374435e-12
-3.4587611e-13
3.5082909e-12
-2.3945013e-12
1.5290963e-12
1.2166101e-12
3.7860687e-12
-1.2486678e-12
-5.8893168e-13
2.9180131e-12
-4.2694875e-12
3.2304992e-12
3.0568881e-12
-1.3875567e-12
1.355499e-12
6.6105454e-13
-9.0143171e-13
2.4440172e-13
7.0776718e-14
2.9874436e-12
2.883277e-12
3.9249576e-12
1.7494339e-13
3.6124437e-12
1.5638463e-12
3.2304992e-12
1.216624e-12
2.9527353e-12
1.4596657e-12
-7.2782058e-13
2.6749575e-12
-8.3200113e-13
1.0430129e-12
3.2999298e-12
1.7721796e-12
1.1124435e-12
1.7374435e-12
2.0846658e-12
2.7443881e-12
3.6471798e-12
-1.0055984e-12
3.8329062e-13
-3.4587611e-13
2.1194019e-12
-2.0472651e-12
-1.2486817e-12
1.7374435e-12
-1.2139456e-12
-2.2555985e-12
-1.4917095e-12
-7.6254281e-13
2.5013325e-12
3.7513187e-12
2.4437397e-13
3.6818881e-12
7.9994344e-13
2.3624575e-12
3.4388326e-12
1.7027352e-12
1.1819018e-12
-2.7417235e-12
3.4388326e-12
6.6105454e-13
-3.8059833e-13
1.4596796e-12
-3.1583763e-12
-1.3528206e-12
-4.8479276e-13
1.216624e-12
3.4388464e-12
6.6106842e-13
9.0411012e-13
1.2860685e-12
1.7721657e-12
7.3049899e-13
2.4665964e-12
7.3051287e-13
1.1471796e-12
-1.1444873e-12
-4.1533443e-13
7.3051287e-13
4.5499576e-12
2.1540963e-12
-1.7347651e-12
3.5777353e-12
2.0846658e-12
-6.8084427e-14
3.195777e-12
9.04124e-13
2.7444019e-12
-2.7417096e-12
1.0777212e-12
2.1888463e-12
-1.0055845e-12
-1.9431123e-12
-3.5750569e-12
-9.0144558e-13
8.6940177e-13
-6.2365391e-13
-4.1534831e-13
-3.7139458e-12
7.3051287e-13
-9.0145946e-13
1.3322676e-15
2.4666241e-12
1.2860685e-12
9.0409624e-13
2.2582908e-12
2.7791103e-12
3.485684e-13
6.6106842e-13
4.758291e-12
-9.3616781e-13
1.7027352e-12
7.6054857e-12
1.4249435e-12
1.7374713e-12
-1.1792095e-12
-7.6254281e-13
-1.2139317e-12
5.9735411e-12
-1.8389457e-12
5.3485688e-12
4.2374576e-12
5.5688787e-13
1.2513462e-12
1.7374435e-12
2.7443881e-12
4.6541104e-12
-2.186154e-12
-1.6653345e-12
2.1541241e-12
4.5152215e-12
-3.1236541e-12
3.9596798e-12
1.1818879e-12
5.9161009e-13
-1.3180984e-12
7.0776718e-14
7.9992957e-13
6.1818883e-12
-3.1236541e-12
3.7513326e-12
2.8485686e-12
1.6332768e-12
-1.2833901e-12
2.2235686e-12
2.9527214e-12
1.9457908e-12
1.1818879e-12
4.0985548e-12
4.3068882e-12
4.7930132e-12
4.874573e-13
2.8138325e-12
4.4110549e-12
3.3346659e-12
6.0082772e-12
3.0916242e-12
5.1402355e-12
3.8902215e-12
4.874573e-13
-3.8059833e-13
2.3624436e-12
2.1541102e-12
2.096795e-13
1.6332907e-12
1.8068741e-12
3.2999437e-12
-7.6255668e-13
-4.5005666e-13
-1.9431123e-12
4.6888465e-12
3.7166104e-12
2.0499435e-12
4.1679993e-12
3.3346659e-12
1.4596796e-12
3.8327674e-13
-3.1116776e-13
2.8832908e-12
3.056902e-12
2.5360686e-12
2.2235686e-12
1.2513462e-12
-1.0056123e-12
1.2860546e-12
3.2652353e-12
4.8744342e-13
2.2930269e-12
1.4596657e-12
3.5082909e-12
-1.8042234e-12
-2.359779e-12
1.7721796e-12
-4.1305986e-12
-2.0125568e-12
2.0152352e-12
-1.422279e-12
2.5013464e-12
3.0916242e-12
-1.3875567e-12
1.9457769e-12
-1.8042234e-12
2.0846658e-12
7.6522122e-13
5.9162397e-13
1.042999e-12
-5.8894556e-13
9.04124e-13
2.6054991e-12
5.5916244e-12
1.2166101e-12
8.6940177e-13
6.2631844e-13
1.7027213e-12
2.6749575e-12
1.980513e-12
1.9110685e-12
1.3207907e-12
-1.9083762e-12
3.8902076e-12
1.3555129e-12
3.2999298e-12
5.8346522e-12
-1.9083901e-12
1.7027213e-12
1.4596796e-12
3.3346798e-12
2.8832908e-12
1.5291102e-12
2.1888463e-12
1.0777212e-12
3.1957631e-12
7.0776718e-14
2.4319019e-12
-1.1445012e-12
-2.0698721e-13
1.5985546e-12
3.2305131e-12
1.980513e-12
1.945763e-12
-1.422279e-12
1.2513185e-12
-1.7227886e-13
-1.6305984e-12
6.2633232e-13
2.7911007e-13
1.6679991e-12
-9.7089004e-13
-2.0698721e-13
4.0985687e-12
-1.0282053e-13
2.431888e-12
-2.1514318e-12
2.605513e-12
1.216624e-12
-2.7764596e-12
-1.0056123e-12
2.9874436e-12
1.2513324e-12
1.945763e-12
7.223569e-12
-4.5005666e-13
-3.4588998e-13
6.1124439e-12
-1.4569873e-12
1.4249574e-12
-4.8476501e-13
-8.6672336e-13
1.3902213e-12
4.1679993e-12
-1.6653068e-12
3.0568881e-12
2.0499297e-12
2.5013325e-12
1.8763463e-12
1.4944018e-12
3.9596659e-12
2.3624575e-12
-5.4847793e-12
-2.7069874e-12
3.195777e-12
5.1749577e-12
-4.5004278e-13
2.096795e-13
3.7513326e-12
-1.6305984e-12
-1.7227886e-13
-2.8805985e-12
-5.5422333e-13
3.7513326e-12
1.5985546e-12
-3.1116776e-13
4.874573e-13
9.7355457e-13
-7.2783446e-13
2.3624436e-12
6.610823e-13
1.1818879e-12
2.7791103e-12
3.4388326e-12
1.7495727e-13
3.994402e-12
1.2513324e-12
2.0152213e-12
7.9179996e-12
5.9161009e-13
2.5360547e-12
1.8416102e-12
5.5688787e-13
1.355499e-12
5.3138327e-12
1.7721796e-12
9.0409624e-13
8.3465179e-13
2.8138464e-12
-3.4588998e-13
5.2216564e-13
5.0013466e-12
-9.0143171e-13
5.3485549e-12
-3.8059833e-13
6.9579065e-13
2.9874714e-12
2.605513e-12
1.5291102e-12
2.9874436e-12
9.04124e-13
2.7791103e-12
1.3902074e-12
2.5013325e-12
5.3138466e-12
1.3183898e-15
6.0777217e-12
-2.7764319e-12
3.1384617e-13
2.8485686e-12
1.5638324e-12
-4.5004278e-13
3.5777353e-12
9.0411012e-13
-1.9778207e-12
-9.3616781e-13
3.2305131e-12
2.8485547e-12
1.6679991e-12
5.0013327e-12
-6.8112183e-14
-7.9726503e-13
3.4041103e-12
1.3902213e-12
4.897166e-12
2.0499435e-12
3.8327674e-13
7.3051287e-13
5.0360688e-12
-3.1118164e-13
1.8416241e-12
3.5082909e-12
2.605513e-12
1.3322676e-15
-1.7694873e-12
3.1263325e-12
1.945763e-12
-4.1533443e-13
4.0291104e-12
3.7166104e-12
6.3207772e-12
2.8485408e-12
3.0221797e-12
3.8329062e-13
4.3416243e-12
7.9995732e-13
2.2582908e-12
3.2305131e-12
3.7860687e-12
5.9162397e-13
-2.0698721e-13
5.0013466e-12
2.9527353e-12
-3.4587611e-13
-1.8042234e-12
5.8694022e-12
1.1124435e-12
-6.5837613e-13
3.7860687e-12
6.263462e-13
7.3051287e-13
2.0846658e-12
2.293013e-12
-3.4708764e-12
4.5846799e-12
2.7096658e-12
5.2096799e-12
4.272166e-12
-2.4292235e-12
2.8485547e-12
2.605513e-12
-1.0282053e-13
5.0360688e-12
1.2860685e-12
1.945763e-12
6.0429994e-12
2.3277352e-12
6.6105454e-13
3.8327674e-13
-4.5004278e-13
3.6124576e-12
3.6124576e-12
1.0082768e-12
6.5291106e-12
-1.3528345e-12
2.0846797e-12
-2.5681124e-12
8.2652496e-12
1.7494339e-13
1.9457769e-12
1.0082907e-12
2.7911007e-13
-1.3180984e-12
2.4318741e-12
-1.9083762e-12
3.9596798e-12
-5.1948723e-13
1.8763463e-12
3.2999437e-12
7.9994344e-13
5.8694022e-12
8.6940177e-13
6.2633232e-13
8.6940177e-13
1.5638324e-12
5.6957772e-12
3.5777353e-12
5.9388189e-12
2.3624575e-12
1.3207907e-12
-5.1948723e-13
5.8694022e-12
4.874573e-13
7.9994344e-13
5.9162397e-13
-1.1097789e-12
2.8485547e-12
4.5152215e-12
1.9457908e-12
1.2513324e-12
1.3207768e-12
6.3902217e-12
8.6940177e-13
1.7721935e-12
1.6332907e-12
-4.8476501e-13
3.2999575e-12
4.1679993e-12
5.661055e-12
4.874573e-13
1.4944018e-12
2.0846935e-12
3.2652214e-12
1.3902213e-12
9.7355457e-13
-1.2486678e-12
-2.0700108e-13
2.293013e-12
6.2513189e-12
6.0082772e-12
8.6940177e-13
3.9249576e-12
3.9596798e-12
1.1818879e-12
6.3207911e-12
2.6054853e-12
1.5638463e-12
5.9388328e-12
2.1194019e-12
3.4041242e-12
1.7374435e-12
4.9665966e-12
5.4179994e-12
3.0916242e-12
3.5429853e-12
2.7443881e-12
1.8763324e-12
4.4457771e-12
1.042999e-12
-2.220904e-12
3.5082909e-12
7.6522122e-13
4.7930132e-12
2.2235408e-12
1.0430129e-12
2.3971797e-12
-2.0700108e-13
2.119388e-12
1.1471796e-12
1.8763324e-12
4.1799897e-13
-2.4986541e-12
-6.5837613e-13
2.4666102e-12
4.1680132e-12
1.5985685e-12
-1.3180984e-12
3.5777353e-12
2.1541102e-12
3.4735548e-12
1.3207768e-12
3.3694159e-12
3.0221936e-12
-1.2833901e-12
-2.9847791e-12
1.4943879e-12
4.5272119e-13
2.5013325e-12
1.0777212e-12
2.8832908e-12
3.2999437e-12
4.4805132e-12
9.04124e-13
3.1610825e-12
2.8485547e-12
3.369402e-12
1.5985546e-12
1.1819157e-12
-4.5004278e-13
1.806888e-12
1.7721657e-12
3.1384617e-13
1.6333046e-12
2.7911007e-13
5.4527355e-12
-8.3198726e-13
3.9249576e-12
5.9388466e-12
-9.3615393e-13
2.7791103e-12
3.6471798e-12
2.2930269e-12
5.0707771e-12
-1.7694873e-12
1.4944018e-12
2.3277213e-12
2.7909619e-13
5.2216564e-13
-2.7644553e-13
-1.3528345e-12
2.6402214e-12
-3.8061221e-13
4.874573e-13
1.806888e-12
-1.2833901e-12
1.9457908e-12
-4.8476501e-13
4.3068743e-12
2.0846519e-12
-1.7694873e-12
-3.337608e-14
-4.4431125e-12
1.1818879e-12
7.0790596e-14
-2.5333763e-12
2.3624575e-12
2.4666241e-12
5.6263466e-12
3.2652214e-12
1.4596657e-12
4.9319021e-12
1.7027352e-12
-9.0143171e-13
8.3466567e-13
1.1819157e-12
4.758291e-12
1.0777212e-12
-1.0056123e-12
2.1888463e-12
1.0082907e-12
2.4440172e-13
2.3971797e-12
8.693879e-13
2.3624436e-12
1.1124435e-12
6.0082772e-12
2.0499435e-12
3.8555131e-12
6.7374439e-12
1.980513e-12
7.3051287e-13
8.693879e-13
1.806888e-12
2.0499435e-12
5.3485688e-12
3.6068371e-14
1.7027213e-12
6.3554995e-12
1.6680129e-12
1.6679991e-12
-4.3736681e-12
1.0549894e-13
-2.4639318e-12
-3.5056125e-12
3.4041103e-12
3.2999575e-12
4.874573e-13
3.7860548e-12
1.3322676e-15
-2.4170943e-13
-3.7486819e-12
7.9994344e-13
4.0985687e-12
2.7444019e-12
5.4179994e-12
4.1679993e-12
2.1194019e-12
2.9874575e-12
-6.2366778e-13
-6.5837613e-13
7.9995732e-13
-2.7643166e-13
2.5360686e-12
3.0221659e-12
4.8277216e-12
-2.4170943e-13
3.7166242e-12
-3.1116776e-13
1.9110546e-12
-1.9778207e-12
1.4249574e-12
6.3902217e-12
2.2582908e-12
1.2860685e-12
2.4319019e-12
4.3068882e-12
-9.7089004e-13
1.9110685e-12
-2.3250429e-12
2.5013325e-12
-1.0056261e-12
2.7911007e-13
2.605513e-12
4.584666e-12
-1.0282053e-13
1.8416102e-12
1.9457769e-12
9.7355457e-13
2.7790964e-12
1.3902213e-12
3.7860548e-12
4.5273507e-13
6.2633232e-13
2.0846658e-12
1.3207907e-12
2.0966562e-13
1.9457908e-12
1.3207907e-12
4.5152215e-12
4.0638465e-12
2.4665964e-12
2.9179992e-12
3.4735409e-12
5.9162397e-13
4.5273507e-13
9.7355457e-13
2.5360547e-12
4.2374576e-12
6.0082911e-12
2.6402214e-12
1.4944018e-12
9.04124e-13
2.0499435e-12
1.7721796e-12
3.8329062e-13
3.1957909e-12
1.5638463e-12
9.04124e-13
6.1819022e-12
3.1263603e-12
3.5082909e-12
2.0846519e-12
1.1124435e-12
2.119388e-12
1.4943879e-12
-5.1950111e-13
4.1799897e-13
4.1332771e-12
3.0916242e-12
-1.4917095e-12
3.9596659e-12
5.1749577e-12
2.1194019e-12
2.4440172e-13
2.0499435e-12
-7.6255668e-13
1.4022117e-13
-6.2365391e-13
2.2929991e-12
3.9596798e-12
3.3346659e-12
4.897166e-12
3.994402e-12
4.758291e-12
7.6054996e-12
5.6263466e-12
-1.3528206e-12
2.7096658e-12
-2.4172331e-13
2.6402214e-12
3.1610686e-12
4.8277354e-12
4.5152215e-12
-3.4014458e-12
4.4805132e-12
5.5221799e-12
-1.7694873e-12
-1.0282053e-13
5.6957772e-12
2.119388e-12
3.8555131e-12
3.8902215e-12
-1.8389318e-12
2.0969337e-13
2.7911007e-13
-3.8061221e-13
1.2165963e-12
3.8902076e-12
1.7374574e-12
2.431888e-12
1.980513e-12
5.7652355e-12
1.6679991e-12
-3.2278347e-12
-2.0125429e-12
3.6124437e-12
-2.8805985e-12
2.2235686e-12
3.6068371e-14
1.1471657e-12
2.096795e-13
2.4438784e-13
-1.0282053e-13
-1.8389318e-12
4.3416243e-12
-1.7000568e-12
6.9576289e-13
-1.1097789e-12
2.5360547e-12
-1.3755663e-13
7.0790596e-14
4.874573e-13
1.2513324e-12
-2.0125429e-12
2.6402075e-12
3.0916242e-12
-1.873654e-12
-2.9847652e-12
1.5985685e-12
4.8744342e-13
-3.1118164e-13
-1.6305984e-12
1.7374435e-12
-5.8895944e-13
2.8485686e-12
3.5777215e-12
7.6522122e-13
-4.5005666e-13
1.1471796e-12
-3.2625569e-12
-4.1534831e-13
-1.5264456e-12
1.0549894e-13
2.8138464e-12
-7.9726503e-13
1.9110685e-12
1.1818879e-12
1.1124435e-12
4.0290965e-12
-4.8477888e-13
7.9994344e-13
-1.7694873e-12
1.7721657e-12
3.8902215e-12
2.3624575e-12
1.6332768e-12
-3.5750569e-12
7.0776718e-14
5.9162397e-13
3.1384617e-13
2.0499574e-12
-1.0403206e-12
5.1749577e-12
-1.5264318e-12
-2.9847652e-12
7.0790596e-14
4.272166e-12
3.4041242e-12
1.7374713e-12
-4.5004278e-13
1.6679991e-12
-4.5005666e-13
1.5638463e-12
3.5777353e-12
5.2096799e-12
-1.3181262e-12
1.1124573e-12
3.4855452e-13
3.8327674e-13
-1.0403206e-12
1.1124435e-12
1.9110546e-12
2.5707908e-12
5.9162397e-13
3.7166104e-12
2.7443881e-12
4.3069021e-12
9.0411012e-13
-1.4569873e-12
2.1888324e-12
7.9995732e-13
1.042999e-12
3.0916242e-12
6.0777355e-12
-1.0283441e-13
3.5430131e-12
-1.0750428e-12
-1.9083901e-12
3.195777e-12
-4.5004278e-13
-4.8476501e-13
