-3.1919123e-10
-3.1925249e-10
-3.2087016e-10
-3.2187503e-10
-3.2017156e-10
-3.1909311e-10
-3.1971817e-10
-3.1933828e-10
-3.2046565e-10
-3.2069855e-10
-3.2106623e-10
-3.2008582e-10
-3.2046571e-10
-3.2110292e-10
-3.2254899e-10
-3.2296577e-10
-3.2172789e-10
-3.2169115e-10
-3.2204656e-10
-3.216177e-10
-3.2068634e-10
-3.2171571e-10
-3.1997541e-10
-3.195465e-10
-3.2083336e-10
-3.2068637e-10
-3.201471e-10
-3.1992647e-10
-3.2000003e-10
-3.196691e-10
-3.1987749e-10
-3.210294e-10
-3.197427e-10
-3.2014705e-10
-3.1990197e-10
-3.2127459e-10
-3.1919123e-10
-3.2149505e-10
-3.1932598e-10
-3.1889713e-10
-3.1889699e-10
-3.1860301e-10
-3.1894612e-10
-3.1877448e-10
-3.1935052e-10
-3.1897057e-10
-3.1939953e-10
-3.195833e-10
-3.1980391e-10
-3.1963232e-10
-3.2044123e-10
-3.2062503e-10
-3.206985e-10
-3.1991426e-10
-3.2034314e-10
-3.193015e-10
-3.2064953e-10
-3.2025743e-10
-3.2105385e-10
-3.2153188e-10
-3.2069852e-10
-3.20625e-10
-3.2186279e-10
-3.2203437e-10
-3.2231615e-10
-3.2204653e-10
-3.2229164e-10
-3.2289219e-10
-3.2188721e-10
-3.2202208e-10
-3.2150735e-10
-3.2361519e-10
-3.208333e-10
-3.2020839e-10
-3.2028188e-10
-3.2187494e-10
-3.2045344e-10
-3.2134803e-10
-3.2034311e-10
-3.2019609e-10
-3.213235e-10
-3.2046574e-10
-3.1992647e-10
-3.2084554e-10
-3.1980391e-10
-3.1911759e-10
-3.2025735e-10
-3.1916667e-10
-3.2014705e-10
-3.194853e-10
-3.1865194e-10
-3.1719366e-10
-3.1871328e-10
-3.195588e-10
-3.1805145e-10
-3.1888478e-10
-3.1834552e-10
-3.200368e-10
-3.1845593e-10
-3.1958336e-10
-3.1859065e-10
-3.1946079e-10
-3.1982844e-10
-3.1943634e-10
-3.2003683e-10
-3.1998776e-10
-3.1926473e-10
-3.1873781e-10
-3.2034314e-10
-3.1909314e-10
-3.1970587e-10
-3.1890932e-10
-3.2137251e-10
-3.2155628e-10
-3.227329e-10
-3.2060052e-10
-3.2150732e-10
-3.2213238e-10
-3.2098041e-10
-3.2085784e-10
-3.2100492e-10
-3.2075981e-10
-3.2096822e-10
-3.2069855e-10
-3.2118877e-10
-3.2136027e-10
-3.2181377e-10
-3.2061284e-10
-3.2087008e-10
-3.2049022e-10
-3.1893385e-10
-3.1850486e-10
-3.2018385e-10
-3.2018382e-10
-3.2024508e-10
-3.2090688e-10
-3.2062494e-10
-3.1953426e-10
-3.1969352e-10
-3.1829653e-10
-3.1774511e-10
-3.1736519e-10
-3.1808822e-10
-3.1909314e-10
-3.1768388e-10
-3.1764705e-10
-3.1852937e-10
-3.1935055e-10
-3.1938732e-10
-3.1935043e-10
-3.1892156e-10
-3.1910538e-10
-3.1930139e-10
-3.1998773e-10
-3.2015937e-10
-3.1969363e-10
-3.1953434e-10
-3.2088243e-10
-3.2057595e-10
-3.1935057e-10
-3.2022066e-10
-3.2025735e-10
-3.207721e-10
-3.2064951e-10
-3.2068626e-10
-3.2204656e-10
-3.2117656e-10
-3.215318e-10
-3.2143382e-10
-3.197671e-10
-3.2045341e-10
-3.2083336e-10
-3.2161765e-10
-3.2138481e-10
-3.2104164e-10
-3.2084566e-10
-3.1942396e-10
-3.2013489e-10
-3.1974268e-10
-3.2101721e-10
-3.2036762e-10
-3.2000011e-10
-3.2093148e-10
-3.2003675e-10
-3.1976716e-10
-3.1844363e-10
-3.2084557e-10
-3.2000005e-10
-3.1816177e-10
-3.177574e-10
-3.1715688e-10
-3.1745095e-10
-3.1857844e-10
-3.1781858e-10
-3.1931377e-10
-3.1882352e-10
-3.1873773e-10
-3.1844363e-10
-3.1941177e-10
-3.1845593e-10
-3.2020836e-10
-3.201226e-10
-3.1980399e-10
-3.2024514e-10
-3.2002451e-10
-3.2055147e-10
-3.2073533e-10
-3.2123773e-10
-3.20098e-10
-3.1919123e-10
-3.2037989e-10
-3.2007352e-10
-3.2031858e-10
-3.2150735e-10
-3.226103e-10
-3.2024508e-10
-3.2158087e-10
-3.2177694e-10
-3.2134803e-10
-3.2117647e-10
-3.2017153e-10
-3.2084566e-10
-3.2101719e-10
-3.211888e-10
-3.2026964e-10
-3.2066175e-10
-3.2061279e-10
-3.2042893e-10
-3.194853e-10
-3.2064948e-10
-3.1988967e-10
-3.1813721e-10
-3.195833e-10
-3.1991418e-10
-3.206985e-10
-3.1998776e-10
-3.2089462e-10
-3.207353e-10
-3.1888478e-10
-3.194118e-10
-3.1859071e-10
-3.2006128e-10
-3.1783084e-10
-3.1901962e-10
-3.1863964e-10
-3.1797801e-10
-3.1899514e-10
-3.1987743e-10
-3.1936276e-10
-3.2001224e-10
-3.1979167e-10
-3.1893385e-10
-3.202329e-10
-3.1990194e-10
-3.2013486e-10
-3.1905636e-10
-3.2112751e-10
-3.2121331e-10
-3.2131126e-10
-3.2214473e-10
-3.203677e-10
-3.210662e-10
-3.2029404e-10
-3.2134803e-10
-3.2245098e-10
-3.2296571e-10
-3.2236519e-10
-3.233333e-10
-3.2183828e-10
-3.2274505e-10
-3.2172792e-10
-3.1993877e-10
-3.2106615e-10
-3.2047795e-10
-3.2133571e-10
-3.2100489e-10
-3.2196074e-10
-3.2009809e-10
-3.207721e-10
-3.2024514e-10
-3.2058817e-10
-3.2060055e-10
-3.1991421e-10
-3.195833e-10
-3.2049022e-10
-3.2022066e-10
-3.202206e-10
-3.2024508e-10
-3.1812497e-10
-3.1823533e-10
-3.1841915e-10
-3.1927702e-10
-3.1818634e-10
-3.201103e-10
-3.1988973e-10
-3.1950967e-10
-3.1949746e-10
-3.1874997e-10
-3.1947303e-10
-3.1909314e-10
-3.2096822e-10
-3.2046568e-10
-3.1976716e-10
-3.2167896e-10
-3.207476e-10
-3.2034314e-10
-3.2120098e-10
-3.2007352e-10
-3.2194858e-10
-3.2039221e-10
-3.2066175e-10
-3.2060052e-10
-3.2131123e-10
-3.22598e-10
-3.2174016e-10
-3.2236527e-10
-3.2171571e-10
-3.2335787e-10
-3.2213232e-10
-3.2210787e-10
-3.2126229e-10
-3.2186279e-10
-3.230515e-10
-3.2089462e-10
-3.2067399e-10
-3.2012257e-10
-3.219118e-10
-3.2068628e-10
-3.2113973e-10
-3.2024508e-10
-3.1917891e-10
-3.1952196e-10
-3.2015934e-10
-3.206618e-10
-3.1971803e-10
-3.2019606e-10
-3.2044123e-10
-3.2042893e-10
-3.2058822e-10
-3.186397e-10
-3.194485e-10
-3.1801473e-10
-3.1792893e-10
-3.1979167e-10
-3.1796568e-10
-3.1824754e-10
-3.1852943e-10
-3.1812503e-10
-3.1977945e-10
-3.2046571e-10
-3.1928918e-10
-3.1944855e-10
-3.1964464e-10
-3.2015934e-10
-3.1822303e-10
-3.2034317e-10
-3.1890926e-10
-3.2151962e-10
-3.1977945e-10
-3.2012251e-10
-3.2085787e-10
-3.2079661e-10
-3.2104164e-10
-3.2083336e-10
-3.2212014e-10
-3.2245098e-10
-3.2248773e-10
-3.2306374e-10
-3.2100486e-10
-3.2176467e-10
-3.213971e-10
-3.2013481e-10
-3.2153188e-10
-3.2004904e-10
-3.1909314e-10
-3.2020839e-10
-3.20625e-10
-3.2082112e-10
-3.1948533e-10
-3.1980391e-10
-3.2074751e-10
-3.1857839e-10
-3.2013481e-10
-3.2006128e-10
-3.2040445e-10
-3.209191e-10
-3.2071079e-10
-3.1955885e-10
-3.2089462e-10
-3.191544e-10
-3.179412e-10
-3.1688721e-10
-3.1854167e-10
-3.1783093e-10
-3.1954656e-10
-3.1924011e-10
-3.1868866e-10
-3.1863975e-10
-3.1938727e-10
-3.2050249e-10
-3.1997546e-10
-3.1997544e-10
-3.1865199e-10
-3.2051473e-10
-3.2101719e-10
-3.2006134e-10
-3.2083339e-10
-3.200368e-10
-3.2172798e-10
-3.1982841e-10
-3.2125003e-10
-3.2121319e-10
-3.1933825e-10
-3.1970587e-10
-3.2193623e-10
-3.2137257e-10
-3.2223044e-10
-3.2365197e-10
-3.2202208e-10
-3.2183825e-10
-3.222427e-10
-3.2219361e-10
-3.2046565e-10
-3.2094358e-10
-3.2031866e-10
-3.1930153e-10
-3.2158085e-10
-3.2111516e-10
-3.2109063e-10
-3.2102951e-10
-3.1979167e-10
-3.1986525e-10
-3.2177702e-10
-3.196324e-10
-3.1979169e-10
-3.206741e-10
-3.2007352e-10
-3.202083e-10
-3.1985287e-10
-3.1828434e-10
-3.1851713e-10
-3.1873781e-10
-3.1799025e-10
-3.1752448e-10
-3.1735298e-10
-3.1878675e-10
-3.1867647e-10
-3.196568e-10
-3.200368e-10
-3.1848044e-10
-3.1914218e-10
-3.2050246e-10
-3.2120095e-10
-3.2069858e-10
-3.2044115e-10
-3.206494e-10
-3.2045341e-10
-3.2094369e-10
-3.2031863e-10
-3.1964464e-10
-3.2088243e-10
-3.209068e-10
-3.1974262e-10
-3.2171574e-10
-3.2100492e-10
-3.2188721e-10
-3.2292893e-10
-3.2330885e-10
-3.2248773e-10
-3.2215688e-10
-3.2281869e-10
-3.222427e-10
-3.2231623e-10
-3.2098044e-10
-3.2013472e-10
-3.21973e-10
-3.2175246e-10
-3.2162989e-10
-3.2113967e-10
-3.2140923e-10
-3.2147063e-10
-3.2017161e-10
-3.1927694e-10
-3.2028183e-10
-3.1965688e-10
-3.2116426e-10
-3.1990197e-10
-3.1966912e-10
-3.1924019e-10
-3.206127e-10
-3.1812503e-10
-3.1827199e-10
-3.1844363e-10
-3.1910538e-10
-3.1800246e-10
-3.1903183e-10
-3.1904418e-10
-3.1887259e-10
-3.2006126e-10
-3.1916667e-10
-3.1969363e-10
-3.1879904e-10
-3.1970582e-10
-3.2020839e-10
-3.1946074e-10
-3.2015923e-10
-3.2223044e-10
-3.1930142e-10
-3.2053918e-10
-3.2019601e-10
-3.2047798e-10
-3.1911762e-10
-3.1876232e-10
-3.19473e-10
-3.2243871e-10
-3.2700984e-10
-3.4118869e-10
-3.531373e-10
-3.6867642e-10
-3.7834555e-10
-3.8783088e-10
-4.001961e-10
-4.1102943e-10
-4.237255e-10
-4.294608e-10
-4.304534e-10
-4.29179e-10
-4.2375001e-10
-4.2246326e-10
-4.2495096e-10
-4.2249995e-10
-4.2101711e-10
-4.1938727e-10
-4.1566181e-10
-4.1308831e-10
-4.1075995e-10
-4.0801468e-10
-4.023652e-10
-4.0023282e-10
-3.9660539e-10
-3.9446071e-10
-3.9261031e-10
-3.9153192e-10
-3.8822309e-10
-3.8817402e-10
-3.8667891e-10
-3.8555151e-10
-3.8462011e-10
-3.8531861e-10
-3.8131126e-10
-3.8176465e-10
-3.7910533e-10
-3.7730391e-10
-3.7692402e-10
-3.7715681e-10
-3.7558837e-10
-3.758211e-10
-3.7355402e-10
-3.7283088e-10
-3.7186282e-10
-3.7117648e-10
-3.6974265e-10
-3.7088238e-10
-3.6861522e-10
-3.6992648e-10
-3.6966913e-10
-3.6874997e-10
-3.6920336e-10
-3.692647e-10
-3.6638478e-10
-3.669976e-10
-3.6537992e-10
-3.6553929e-10
-3.6428924e-10
-3.6436268e-10
-3.6285544e-10
-3.6180153e-10
-3.6208331e-10
-3.604779e-10
-3.6078432e-10
-3.5939954e-10
-3.6061273e-10
-3.5970593e-10
-3.6100492e-10
-3.6073516e-10
-3.5837014e-10
-3.5840686e-10
-3.5821082e-10
-3.5653189e-10
-3.5698527e-10
-3.5693623e-10
-3.5535536e-10
-3.5366415e-10
-3.5422792e-10
-3.5287995e-10
-3.54277e-10
-3.5296577e-10
-3.5473038e-10
-3.5495099e-10
-3.5378675e-10
-3.5528186e-10
-3.5648282e-10
-3.549388e-10
-3.5644604e-10
-3.5503675e-10
-3.5449751e-10
-3.5444855e-10
-3.5324746e-10
-3.524265e-10
-3.5265929e-10
-3.5379905e-10
-3.5308814e-10
-3.5286768e-10
-3.5318629e-10
-3.5258579e-10
-3.5292894e-10
-3.5540443e-10
-3.5432596e-10
-3.548897e-10
-3.5317405e-10
-3.5450981e-10
-3.5395836e-10
-3.5291664e-10
-3.5165443e-10
-3.5083336e-10
-3.5162986e-10
-3.5002445e-10
-3.5134809e-10
-3.4988978e-10
-3.4970582e-10
-3.4935049e-10
-3.5129899e-10
-3.5088235e-10
-3.5077202e-10
-3.4877454e-10
-3.5035547e-10
-3.4919118e-10
-3.4971812e-10
-3.4904413e-10
-3.4889708e-10
-3.4849268e-10
-3.4709557e-10
-3.4718131e-10
-3.4697301e-10
-3.4688721e-10
-3.4650732e-10
-3.4671574e-10
-3.484682e-10
-3.4675246e-10
-3.479167e-10
-3.4725489e-10
-3.4882358e-10
-3.4686279e-10
-3.4708331e-10
-3.4780642e-10
-3.4601719e-10
-3.4796574e-10
-3.4705883e-10
-3.4819855e-10
-3.4824751e-10
-3.4651962e-10
-3.4764702e-10
-3.4720588e-10
-3.4730385e-10
-3.469485e-10
-3.4792888e-10
-3.4844369e-10
-3.4817405e-10
-3.4817402e-10
-3.4889708e-10
-3.4707107e-10
-3.4627451e-10
-3.4746322e-10
-3.4620104e-10
-3.4620101e-10
-3.4643383e-10
-3.460417e-10
-3.4708328e-10
-3.4524517e-10
-3.4454659e-10
-3.4580885e-10
-3.4372563e-10
-3.4522066e-10
-3.4542896e-10
-3.4582107e-10
-3.4702213e-10
-3.4469366e-10
-3.4441178e-10
-3.4442407e-10
-3.444976e-10
-3.4427705e-10
-3.4180153e-10
-3.4089462e-10
-3.4363976e-10
-3.435294e-10
-3.4431369e-10
-3.4365197e-10
-3.4175246e-10
-3.422182e-10
-3.4468131e-10
-3.4289219e-10
-3.424388e-10
-3.4338229e-10
-3.442647e-10
-3.4283085e-10
-3.4389705e-10
-3.4377443e-10
-3.4398293e-10
-3.4438719e-10
-3.429779e-10
-3.4285541e-10
-3.434559e-10
-3.430638e-10
-3.4259803e-10
-3.4420342e-10
-3.4359071e-10
-3.4375003e-10
-3.4421574e-10
-3.4481618e-10
-3.4334563e-10
-3.425491e-10
-3.4405631e-10
-3.4329656e-10
-3.436765e-10
-3.426838e-10
-3.4454667e-10
-3.425491e-10
-3.4397063e-10
-3.4226719e-10
-3.4257355e-10
-3.4226719e-10
-3.4165437e-10
-3.4181372e-10
-3.4202211e-10
-3.4294115e-10
-3.4153189e-10
-3.4194855e-10
-3.4215689e-10
-3.4254902e-10
-3.4170353e-10
-3.410662e-10
-3.4018391e-10
-3.4002448e-10
-3.3911762e-10
-3.3854175e-10
-3.3875e-10
-3.3963235e-10
-3.407721e-10
-3.3871317e-10
-3.3922787e-10
-3.3877448e-10
-3.4084566e-10
-3.3890935e-10
-3.3941183e-10
-3.3924016e-10
-3.3904421e-10
-3.404412e-10
-3.3952208e-10
-3.4025743e-10
-3.3985295e-10
-3.3946085e-10
-3.3884801e-10
-3.4042894e-10
-3.3986519e-10
-3.3936273e-10
-3.4116432e-10
-3.407353e-10
-3.4009803e-10
-3.4087003e-10
-3.4118872e-10
-3.4083336e-10
-3.3987746e-10
-3.4061276e-10
-3.4033096e-10
-3.4014705e-10
-3.3895839e-10
-3.3892164e-10
-3.3861514e-10
-3.3995098e-10
-3.4036773e-10
-3.3882355e-10
-3.4069858e-10
-3.3892156e-10
-3.4022057e-10
-3.3942404e-10
-3.3892153e-10
-3.3875e-10
-3.3742648e-10
-3.3765934e-10
-3.3839459e-10
-3.3821079e-10
-3.3748776e-10
-3.3525738e-10
-3.3694855e-10
-3.3677694e-10
-3.361397e-10
-3.3560044e-10
-3.3692393e-10
-3.3683836e-10
-3.3672795e-10
-3.3715691e-10
-3.3623779e-10
-3.3623779e-10
-3.373162e-10
-3.3730396e-10
-3.372059e-10
-3.3730391e-10
-3.3712005e-10
-3.3683822e-10
-3.3781866e-10
-3.3699754e-10
-3.3817402e-10
-3.3664213e-10
-3.3759801e-10
-3.3741424e-10
-3.3838235e-10
-3.3909317e-10
-3.3927702e-10
-3.3944855e-10
-3.3778189e-10
-3.4090683e-10
-3.380147e-10
-3.3975492e-10
-3.3833331e-10
-3.3832109e-10
-3.3734066e-10
-3.3735295e-10
-3.3612749e-10
-3.3845585e-10
-3.3569852e-10
-3.3737746e-10
-3.3888475e-10
-3.3669117e-10
-3.3776962e-10
-3.3732839e-10
-3.3647063e-10
-3.374877e-10
-3.3694861e-10
-3.3636036e-10
-3.3648284e-10
-3.3719363e-10
-3.3633582e-10
-3.3649511e-10
-3.3529415e-10
-3.3585781e-10
-3.34375e-10
-3.359191e-10
-3.3496322e-10
-3.3375e-10
-3.3518383e-10
-3.3511038e-10
-3.3584555e-10
-3.3594369e-10
-3.3629902e-10
-3.3551475e-10
-3.3676475e-10
-3.3642161e-10
-3.3589462e-10
-3.358088e-10
-3.3546571e-10
-3.3628678e-10
-3.3629904e-10
-3.3741424e-10
-3.3743874e-10
-3.3613973e-10
-3.3621322e-10
-3.3740202e-10
-3.3730391e-10
-3.3675243e-10
-3.3556366e-10
-3.3752448e-10
-3.3629896e-10
-3.3732847e-10
-3.3558825e-10
-3.374265e-10
-3.3590686e-10
-3.3613975e-10
-3.365197e-10
-3.3539216e-10
-3.3546571e-10
-3.3539216e-10
-3.3401967e-10
-3.3552688e-10
-3.3533085e-10
-3.3631126e-10
-3.3433822e-10
-3.3569861e-10
-3.3694855e-10
-3.3512254e-10
-3.3550251e-10
-3.3382352e-10
-3.3523284e-10
-3.3246322e-10
-3.3291664e-10
-3.3303918e-10
-3.3318634e-10
-3.3383582e-10
-3.3279413e-10
-3.3410541e-10
-3.3360301e-10
-3.3242645e-10
-3.3299014e-10
-3.3454658e-10
-3.3306377e-10
-3.3403186e-10
-3.3514702e-10
-3.3362746e-10
-3.3442396e-10
-3.3348038e-10
-3.3509806e-10
-3.3425246e-10
-3.3431369e-10
-3.344853e-10
-3.3403186e-10
-3.3446076e-10
-3.3404415e-10
-3.3450984e-10
-3.3534311e-10
-3.3754904e-10
-3.3620093e-10
-3.349877e-10
-3.3530637e-10
-3.3499997e-10
-3.349877e-10
-3.3524516e-10
-3.3583328e-10
-3.3414216e-10
-3.3518391e-10
-3.3476719e-10
-3.3382355e-10
-3.3384806e-10
-3.3422792e-10
-3.348162e-10
-3.3359063e-10
-3.3390932e-10
-3.3354172e-10
-3.3412995e-10
-3.326838e-10
-3.3399514e-10
-3.3215683e-10
-3.3350486e-10
-3.3393385e-10
-3.3133582e-10
-3.3088235e-10
-3.3241429e-10
-3.3051478e-10
-3.3101713e-10
-3.3232839e-10
-3.3383582e-10
-3.3154415e-10
-3.3305156e-10
-3.3300246e-10
-3.3268377e-10
-3.3401962e-10
-3.3409311e-10
-3.3281866e-10
-3.3352943e-10
-3.3340683e-10
-3.3219363e-10
-3.3268391e-10
-3.324388e-10
-3.3258579e-10
-3.3263481e-10
-3.3248773e-10
-3.3319858e-10
-3.3306374e-10
-3.3361525e-10
-3.3275743e-10
-3.3515934e-10
-3.3406866e-10
-3.3499989e-10
-3.3573525e-10
-3.3250003e-10
-3.3475489e-10
-3.3412986e-10
-3.3214462e-10
-3.326715e-10
-3.3256131e-10
-3.3372549e-10
-3.3191178e-10
-3.3436279e-10
-3.3370093e-10
-3.3145833e-10
-3.3313727e-10
-3.3178915e-10
-3.3232844e-10
-3.3214453e-10
-3.3204661e-10
-3.3158087e-10
-3.3258579e-10
-3.3199757e-10
-3.3035535e-10
-3.3132352e-10
-3.3052697e-10
-3.3025738e-10
-3.3073533e-10
-3.3093134e-10
-3.3039221e-10
-3.3182604e-10
-3.3090689e-10
-3.3274508e-10
-3.3192393e-10
-3.3131134e-10
-3.3345593e-10
-3.3267156e-10
-3.318138e-10
-3.3329661e-10
-3.3194847e-10
-3.3205888e-10
-3.3394609e-10
-3.3098038e-10
-3.3210779e-10
-3.3248768e-10
-3.3340686e-10
-3.3110292e-10
-3.319485e-10
-3.3365191e-10
-3.3263481e-10
-3.3392164e-10
-3.3263475e-10
-3.3330877e-10
-3.3515932e-10
-3.3274514e-10
-3.3404413e-10
-3.3450981e-10
-3.3212011e-10
-3.31875e-10
-3.3325975e-10
-3.341912e-10
-3.3302699e-10
-3.3064951e-10
-3.31875e-10
-3.3225489e-10
-3.3154415e-10
-3.320221e-10
-3.3177702e-10
-3.3191172e-10
-3.3078432e-10
-3.3087011e-10
-3.3221811e-10
-3.3082115e-10
-3.3242645e-10
-3.2965683e-10
-3.2998776e-10
-3.2975483e-10
-3.2930142e-10
-3.2935041e-10
-3.3011033e-10
-3.2997549e-10
-3.3030637e-10
-3.310294e-10
-3.302206e-10
-3.2968134e-10
-3.3050243e-10
-3.2981609e-10
-3.3013481e-10
-3.3094372e-10
-3.319485e-10
-3.3058825e-10
-3.3133582e-10
-3.3013478e-10
-3.3191178e-10
-3.3225486e-10
-3.3035547e-10
-3.3196088e-10
-3.3170347e-10
-3.3148279e-10
-3.3085784e-10
-3.3256123e-10
-3.328921e-10
-3.3247546e-10
-3.3361516e-10
-3.3273284e-10
-3.3236522e-10
-3.3104169e-10
-3.3102934e-10
-3.3167899e-10
-3.3100492e-10
-3.3067402e-10
-3.3073533e-10
-3.3045344e-10
-3.3068623e-10
-3.3091907e-10
-3.3041672e-10
-3.3100495e-10
-3.2957104e-10
-3.2873779e-10
-3.2976716e-10
-3.2748779e-10
-3.2995101e-10
-3.3089453e-10
-3.296079e-10
-3.293627e-10
-3.2890929e-10
-3.2665437e-10
-3.2868877e-10
-3.2724262e-10
-3.2871317e-10
-3.2676478e-10
-3.2894601e-10
-3.2959566e-10
-3.2871328e-10
-3.2985289e-10
-3.289829e-10
-3.3074754e-10
-3.3090686e-10
-3.2839456e-10
-3.2884803e-10
-3.288971e-10
-3.2895836e-10
-3.3014708e-10
-3.2957104e-10
-3.3042885e-10
-3.3039213e-10
-3.3200981e-10
-3.3200981e-10
-3.3001224e-10
-3.3100486e-10
-3.3109065e-10
-3.3238967e-10
-3.3052697e-10
-3.3144609e-10
-3.3248779e-10
-3.3117656e-10
-3.315809e-10
-3.3132347e-10
-3.3093134e-10
-3.3039216e-10
-3.2977943e-10
-3.3084555e-10
-3.2936279e-10
-3.2969369e-10
-3.2933831e-10
-3.2856617e-10
-3.2985292e-10
-3.3025735e-10
-3.293873e-10
-3.288235e-10
-3.2757355e-10
-3.303921e-10
-3.2857847e-10
-3.2845598e-10
-3.273774e-10
-3.2664221e-10
-3.2650732e-10
-3.2756131e-10
-3.2688721e-10
-3.2811276e-10
-3.2811276e-10
-3.2764708e-10
-3.2781863e-10
-3.2899505e-10
-3.2877451e-10
-3.2787995e-10
-3.2949757e-10
-3.3049022e-10
-3.2888486e-10
-3.2849265e-10
-3.2915437e-10
-3.2984077e-10
-3.2899511e-10
-3.2985295e-10
-3.297059e-10
-3.2883576e-10
-3.3105385e-10
-3.2887257e-10
-3.2816169e-10
-3.2986519e-10
-3.3120093e-10
-3.3377448e-10
-3.3139702e-10
-3.3134806e-10
-3.3069852e-10
-3.294118e-10
-3.3218134e-10
-3.3030637e-10
-3.3083339e-10
-3.3077208e-10
-3.2861522e-10
-3.2904415e-10
-3.2781858e-10
-3.2817402e-10
-3.2914224e-10
-3.2897071e-10
-3.2886027e-10
-3.2638484e-10
-3.282721e-10
-3.2900729e-10
-3.2762254e-10
-3.3024505e-10
-3.2821074e-10
-3.2848035e-10
-3.2818628e-10
-3.2794115e-10
-3.2795344e-10
-3.2692404e-10
-3.2708336e-10
-3.2643385e-10
-3.2837005e-10
-3.2817399e-10
-3.2814945e-10
-3.2713238e-10
-3.2715683e-10
-3.2882361e-10
-3.2807598e-10
-3.2962005e-10
-3.2977943e-10
-3.2890937e-10
-3.2871322e-10
-3.2747546e-10
-3.2778186e-10
-3.2796565e-10
-3.2985295e-10
-3.2849265e-10
-3.2848038e-10
-3.281985e-10
-3.2860292e-10
-3.3044117e-10
-3.2998779e-10
-3.3053915e-10
-3.2927694e-10
-3.3019606e-10
-3.2914207e-10
-3.3136027e-10
-3.286397e-10
-3.3034317e-10
-3.2980388e-10
-3.292647e-10
-3.2821076e-10
-3.2818628e-10
-3.2827202e-10
-3.2887257e-10
-3.2872549e-10
-3.2827197e-10
-3.2870093e-10
-3.2909309e-10
-3.2799022e-10
-3.2905634e-10
-3.2844369e-10
-3.28125e-10
-3.2811276e-10
-3.2837011e-10
-3.2649508e-10
-3.2531866e-10
-3.2669112e-10
-3.2661762e-10
-3.2615197e-10
-3.26348e-10
-3.2629907e-10
-3.269485e-10
-3.2648279e-10
-3.2877454e-10
-3.2698524e-10
-3.2780634e-10
-3.2846814e-10
-3.2724265e-10
-3.2725492e-10
-3.2683822e-10
-3.2816186e-10
-3.2704658e-10
-3.3006123e-10
-3.2935049e-10
-3.271079e-10
-3.2822309e-10
-3.283456e-10
-3.2917899e-10
-3.2892153e-10
-3.2881139e-10
-3.2848035e-10
-3.2881128e-10
-3.2916667e-10
-3.3057596e-10
-3.2928918e-10
-3.2875005e-10
-3.2958336e-10
-3.2935052e-10
-3.298897e-10
-3.3012254e-10
-3.2808828e-10
-3.2859065e-10
-3.2919115e-10
-3.2808822e-10
-3.2833328e-10
-3.2759809e-10
-3.2846814e-10
-3.2802697e-10
-3.2802694e-10
-3.2745101e-10
-3.2575981e-10
-3.2818626e-10
-3.2672795e-10
-3.2674019e-10
-3.2727937e-10
-3.274632e-10
-3.2623773e-10
-3.2583333e-10
-3.2514705e-10
-3.2667891e-10
-3.2553929e-10
-3.2602948e-10
-3.2568631e-10
-3.2542896e-10
-3.2572306e-10
-3.2784309e-10
-3.2899514e-10
-3.2818628e-10
-3.2846814e-10
-3.2852945e-10
-3.2714456e-10
-3.2879896e-10
-3.2848038e-10
-3.2794117e-10
-3.2767153e-10
-3.2881126e-10
-3.2817404e-10
-3.2962019e-10
-3.2872549e-10
-3.2827199e-10
-3.2985298e-10
-3.3006123e-10
-3.3029415e-10
-3.304412e-10
-3.3002454e-10
-3.3071076e-10
-3.2958325e-10
-3.283824e-10
-3.2910538e-10
-3.2900735e-10
-3.282353e-10
-3.2895833e-10
-3.2830885e-10
-3.2750003e-10
-3.2801473e-10
-3.2785544e-10
-3.277206e-10
-3.2642158e-10
-3.2742647e-10
-3.2808831e-10
-3.2694858e-10
-3.2932598e-10
-3.2848044e-10
-3.2838229e-10
-3.2838238e-10
-3.2747544e-10
-3.2632355e-10
-3.2732836e-10
-3.2513481e-10
-3.2671571e-10
-3.2685049e-10
-3.2639708e-10
-3.2625003e-10
-3.2645833e-10
-3.260294e-10
-3.2669115e-10
-3.2707104e-10
-3.2549019e-10
-3.2696074e-10
-3.2745098e-10
-3.2822295e-10
-3.276103e-10
-3.2651964e-10
-3.27598e-10
-3.2638484e-10
-3.2773281e-10
-3.287868e-10
-3.2732836e-10
-3.2776967e-10
-3.2878672e-10
-3.2802697e-10
-3.2995101e-10
-3.2915443e-10
-3.289706e-10
-3.2814945e-10
-3.2949762e-10
-3.2982847e-10
-3.2752451e-10
-3.291912e-10
-3.2977937e-10
-3.284068e-10
-3.2841913e-10
-3.2838235e-10
-3.2799022e-10
-3.2702205e-10
-3.2654413e-10
-3.2558822e-10
-3.2501227e-10
-3.2709557e-10
-3.2681374e-10
-3.2685049e-10
-3.2689948e-10
-3.2678926e-10
-3.259682e-10
-3.2735295e-10
-3.2609074e-10
-3.2598044e-10
-3.2515929e-10
-3.2484071e-10
-3.2553929e-10
-3.2476721e-10
-3.2509814e-10
-3.2547792e-10
-3.250368e-10
-3.2593137e-10
-3.2493871e-10
-3.2568626e-10
-3.2547795e-10
-3.2534314e-10
-3.2560046e-10
-3.2573533e-10
-3.2607841e-10
-3.262868e-10
-3.2672789e-10
-3.2741415e-10
-3.269118e-10
-3.269976e-10
-3.2575978e-10
-3.281985e-10
-3.2609065e-10
-3.2712008e-10
-3.2763478e-10
-3.2816175e-10
-3.2868874e-10
-3.281862e-10
-3.2939954e-10
-3.2795344e-10
-3.2624997e-10
-3.273897e-10
-3.2718142e-10
-3.2830888e-10
-3.274632e-10
-3.2654421e-10
-3.2808822e-10
-3.2600492e-10
-3.2786765e-10
-3.2638475e-10
-3.2618869e-10
-3.2560044e-10
-3.2670344e-10
-3.2572303e-10
-3.2531866e-10
-3.265932e-10
-3.2740197e-10
-3.2680147e-10
-3.2492642e-10
-3.2549019e-10
-3.2395833e-10
-3.2466915e-10
-3.2433828e-10
-3.2447303e-10
-3.2519612e-10
-3.2542893e-10
-3.2696074e-10
-3.2588238e-10
-3.258579e-10
-3.2470596e-10
-3.2498768e-10
-3.259559e-10
-3.2756128e-10
-3.2692402e-10
-3.2617645e-10
-3.2562505e-10
-3.2656863e-10
-3.2677699e-10
-3.2662995e-10
-3.2691172e-10
-3.2571076e-10
-3.271568e-10
-3.2703429e-10
-3.2844369e-10
-3.2772063e-10
-3.2650735e-10
-3.2776967e-10
-3.2715686e-10
-3.2830888e-10
-3.2584563e-10
-3.2741426e-10
-3.2700981e-10
-3.269485e-10
-3.269239e-10
-3.2607844e-10
-3.269976e-10
-3.2687503e-10
-3.2634806e-10
-3.2648287e-10
-3.2534317e-10
-3.2692404e-10
-3.2659314e-10
-3.2525738e-10
-3.2612749e-10
-3.2610292e-10
-3.255515e-10
-3.263603e-10
-3.2667899e-10
-3.2591915e-10
-3.258456e-10
-3.2422792e-10
-3.2486522e-10
-3.2405642e-10
-3.2389705e-10
-3.243138e-10
-3.2497557e-10
-3.2412989e-10
-3.2462011e-10
-3.2533096e-10
-3.2502462e-10
-3.2474259e-10
-3.2575978e-10
-3.2687497e-10
-3.2572306e-10
-3.255882e-10
-3.2536765e-10
-3.2582115e-10
-3.270956e-10
-3.2612746e-10
-3.2724262e-10
-3.2522063e-10
-3.2770842e-10
-3.2741423e-10
-3.2542893e-10
-3.2796565e-10
-3.2795336e-10
-3.2727945e-10
-3.2727945e-10
-3.280147e-10
-3.2709563e-10
-3.2796565e-10
-3.2773287e-10
-3.2710787e-10
-3.258824e-10
-3.269976e-10
-3.2625005e-10
-3.2670341e-10
-3.2571074e-10
-3.2602948e-10
-3.2584557e-10
-3.2545347e-10
-3.2636033e-10
-3.2602948e-10
-3.2397068e-10
-3.2541669e-10
-3.2476713e-10
-3.2513489e-10
-3.2544115e-10
-3.2436273e-10
-3.2589462e-10
-3.2355396e-10
-3.2437497e-10
-3.2370095e-10
-3.2479172e-10
-3.2500003e-10
-3.2460787e-10
-3.2412989e-10
-3.2430153e-10
-3.2438727e-10
-3.2480396e-10
-3.2491429e-10
-3.2495098e-10
-3.2537992e-10
-3.2513478e-10
-3.244976e-10
-3.2591913e-10
-3.273774e-10
-3.2633579e-10
-3.2631128e-10
-3.2655639e-10
-3.2678918e-10
-3.2526956e-10
-3.2509806e-10
-3.2529412e-10
-3.275735e-10
-3.2851721e-10
-3.2678923e-10
-3.2785546e-10
-3.2653183e-10
-3.2734063e-10
-3.2590686e-10
-3.2522063e-10
-3.2611516e-10
-3.2693628e-10
-3.2577208e-10
-3.2627456e-10
-3.2627462e-10
-3.263971e-10
-3.2632358e-10
-3.253921e-10
-3.264829e-10
-3.2587016e-10
-3.254044e-10
-3.2442399e-10
-3.2506131e-10
-3.2601721e-10
-3.2513478e-10
-3.2530642e-10
-3.2487751e-10
-3.2477934e-10
-3.2392156e-10
-3.2332104e-10
-3.2341915e-10
-3.2390934e-10
-3.2384803e-10
-3.2371317e-10
-3.2332109e-10
-3.2335784e-10
-3.2552691e-10
-3.246691e-10
-3.245833e-10
-3.244853e-10
-3.2459557e-10
-3.2590683e-10
-3.2634806e-10
-3.2431374e-10
-3.251103e-10
-3.2560049e-10
-3.2640934e-10
-3.2637248e-10
-3.2607841e-10
-3.257353e-10
-3.2500003e-10
-3.251838e-10
-3.265809e-10
-3.2600495e-10
-3.251103e-10
-3.2895836e-10
-3.2680147e-10
-3.2786762e-10
-3.2648281e-10
-3.2645836e-10
-3.2575978e-10
-3.2662992e-10
-3.2666669e-10
-3.2696076e-10
-3.2655631e-10
-3.2542896e-10
-3.2579658e-10
-3.2561276e-10
-3.2528183e-10
-3.2572306e-10
-3.2523279e-10
-3.2422801e-10
-3.2355393e-10
-3.2487749e-10
-3.2365194e-10
-3.239583e-10
-3.2578426e-10
-3.2476713e-10
-3.2419117e-10
-3.2375005e-10
-3.2372546e-10
-3.2457104e-10
-3.2351719e-10
-3.2507352e-10
-3.2481617e-10
-3.2324762e-10
-3.2498776e-10
-3.2435049e-10
-3.2393388e-10
-3.2616421e-10
-3.2624997e-10
-3.2433825e-10
-3.2582112e-10
-3.2476713e-10
-3.2610301e-10
-3.2556371e-10
-3.2753675e-10
-3.2501227e-10
-3.2632355e-10
-3.2535538e-10
-3.2715686e-10
-3.2774505e-10
-3.2741418e-10
-3.2610295e-10
-3.2785538e-10
-3.2765937e-10
-3.2640934e-10
-3.264706e-10
-3.266421e-10
-3.2571074e-10
-3.2742647e-10
-3.2629902e-10
-3.2628678e-10
-3.2530631e-10
-3.2555153e-10
-3.2498779e-10
-3.2519604e-10
-3.2360292e-10
-3.2443626e-10
-3.237132e-10
-3.2496325e-10
-3.2449748e-10
-3.2373776e-10
-3.2591913e-10
-3.246691e-10
-3.2504896e-10
-3.2450984e-10
-3.2474265e-10
-3.2327208e-10
-3.2174016e-10
-3.2265934e-10
-3.237132e-10
-3.2346814e-10
-3.2388478e-10
-3.2549019e-10
-3.2356615e-10
-3.2381126e-10
-3.2359074e-10
-3.2439948e-10
-3.2357847e-10
-3.2508585e-10
-3.2558822e-10
-3.2545344e-10
-3.2664219e-10
-3.2549022e-10
-3.2546571e-10
-3.2420344e-10
-3.2439954e-10
-3.2508582e-10
-3.2632347e-10
-3.264583e-10
-3.2562497e-10
-3.2513489e-10
-3.2740199e-10
-3.2795347e-10
-3.2721806e-10
-3.2639708e-10
-3.2672801e-10
-3.2688727e-10
-3.2506126e-10
-3.2712005e-10
-3.2621322e-10
-3.241177e-10
-3.2556371e-10
-3.2596817e-10
-3.2536762e-10
-3.2564956e-10
-3.2644604e-10
-3.2595587e-10
-3.2367645e-10
-3.2611519e-10
-3.2462008e-10
-3.2531866e-10
-3.2575984e-10
-3.2631128e-10
-3.2375005e-10
-3.2428921e-10
-3.267035e-10
-3.2476721e-10
-3.2524508e-10
-3.2452205e-10
-3.2420333e-10
-3.235294e-10
-3.2481617e-10
-3.2496325e-10
-3.2362746e-10
-3.215809e-10
-3.2439951e-10
-3.2544109e-10
-3.2492653e-10
-3.2284314e-10
-3.240441e-10
-3.2495098e-10
-3.2469366e-10
-3.2419123e-10
-3.2474262e-10
-3.2486519e-10
-3.2395842e-10
-3.2496325e-10
-3.2556374e-10
-3.2571079e-10
-3.2432595e-10
-3.258333e-10
-3.2544115e-10
-3.2727943e-10
-3.2537995e-10
-3.2718134e-10
-3.2618871e-10
-3.2694855e-10
-3.2585779e-10
-3.2536765e-10
-3.2469361e-10
-3.2578437e-10
-3.2437503e-10
-3.2455874e-10
-3.2360292e-10
-3.2453429e-10
-3.2551475e-10
-3.2481612e-10
-3.256618e-10
-3.2339462e-10
-3.2508576e-10
-3.2403191e-10
-3.2365197e-10
-3.2599262e-10
-3.2417885e-10
-3.2474262e-10
-3.2450978e-10
-3.2263472e-10
-3.2322303e-10
-3.219853e-10
-3.2283087e-10
-3.2234068e-10
-3.2230388e-10
-3.2379902e-10
-3.2294115e-10
-3.2197303e-10
-3.2444855e-10
-3.2313735e-10
-3.2382352e-10
-3.2519604e-10
-3.2507347e-10
-3.249265e-10
-3.2607836e-10
-3.2525738e-10
-3.2492653e-10
-3.2508576e-10
-3.2479169e-10
-3.2466907e-10
-3.2495098e-10
-3.2509809e-10
-3.255638e-10
-3.2637248e-10
-3.2638484e-10
-3.2529415e-10
-3.2629907e-10
-3.2748776e-10
-3.2754904e-10
-3.2618871e-10
-3.253921e-10
-3.261274e-10
-3.2517164e-10
-3.251838e-10
-3.2502451e-10
-3.2459563e-10
-3.2437497e-10
-3.2546565e-10
-3.2443628e-10
-3.2476721e-10
-3.2428926e-10
-3.2561268e-10
-3.2557598e-10
-3.2556371e-10
-3.251838e-10
-3.2378678e-10
-3.2550246e-10
-3.238971e-10
-3.2459557e-10
-3.2389699e-10
-3.2379896e-10
-3.224388e-10
-3.2414221e-10
-3.2325989e-10
-3.2363964e-10
-3.2313721e-10
-3.2285541e-10
-3.2455885e-10
-3.2370101e-10
-3.2446082e-10
-3.2379902e-10
-3.2541667e-10
-3.2414213e-10
-3.2507358e-10
-3.2506131e-10
-3.2334563e-10
-3.2550246e-10
-3.2449754e-10
-3.2531866e-10
-3.2428923e-10
-3.2506128e-10
-3.2517156e-10
-3.2754896e-10
-3.2589462e-10
-3.2583336e-10
-3.2686276e-10
-3.2802699e-10
-3.2700984e-10
-3.2808828e-10
-3.2773279e-10
-3.274632e-10
-3.2718142e-10
-3.2567399e-10
-3.2550249e-10
-3.2626232e-10
-3.2596814e-10
-3.242524e-10
-3.2629907e-10
-3.2599262e-10
-3.2515934e-10
-3.2444855e-10
-3.2412995e-10
-3.2355396e-10
-3.2480388e-10
-3.2485289e-10
-3.2363967e-10
-3.2517158e-10
-3.2454653e-10
-3.2401962e-10
-3.2337014e-10
-3.2262248e-10
-3.225e-10
-3.2204653e-10
-3.2360298e-10
-3.2274516e-10
-3.226103e-10
-3.234191e-10
-3.2384803e-10
-3.2498776e-10
-3.236888e-10
-3.2378678e-10
-3.2444861e-10
-3.2530639e-10
-3.2551475e-10
-3.256006e-10
-3.2481615e-10
-3.247059e-10
-3.2500003e-10
-3.2579656e-10
-3.2567407e-10
-3.2519604e-10
-3.2564954e-10
-3.2589464e-10
-3.2600495e-10
-3.2613975e-10
-3.264829e-10
-3.2650732e-10
-3.2730391e-10
-3.2655645e-10
-3.2685049e-10
-3.2786765e-10
-3.2650735e-10
-3.2715688e-10
-3.252206e-10
-3.2604169e-10
-3.260294e-10
-3.2629907e-10
-3.2613967e-10
-3.2491421e-10
-3.2556374e-10
-3.252206e-10
-3.2479172e-10
-3.2590691e-10
-3.2443626e-10
-3.2549022e-10
-3.2379902e-10
-3.2574751e-10
-3.252206e-10
-3.2481617e-10
-3.2368866e-10
-3.2438718e-10
-3.2240202e-10
-3.2264696e-10
-3.2263489e-10
-3.2254902e-10
-3.2392158e-10
-3.2310046e-10
-3.2355393e-10
-3.2460787e-10
-3.2378672e-10
-3.2444855e-10
-3.2379907e-10
-3.2349259e-10
-3.2490199e-10
-3.2524511e-10
-3.2327216e-10
-3.2503678e-10
-3.2400732e-10
-3.2449754e-10
-3.2488975e-10
-3.2513481e-10
-3.2488975e-10
-3.2361522e-10
-3.2536768e-10
-3.2513481e-10
-3.2523281e-10
-3.2687505e-10
-3.2546565e-10
-3.2575978e-10
-3.2530631e-10
-3.2567399e-10
-3.2602937e-10
-3.2454656e-10
-3.2488967e-10
-3.2616426e-10
-3.2471811e-10
-3.2561276e-10
-3.2404412e-10
-3.2491423e-10
-3.2392156e-10
-3.2362749e-10
-3.2466907e-10
-3.2419123e-10
-3.2443628e-10
-3.2366423e-10
-3.2340694e-10
-3.2497549e-10
-3.2524511e-10
-3.2462008e-10
-3.2363975e-10
-3.2379902e-10
-3.228677e-10
-3.2176473e-10
-3.2225489e-10
-3.2281869e-10
-3.2284314e-10
-3.2297798e-10
-3.2245104e-10
-3.2310044e-10
-3.2238973e-10
-3.2379902e-10
-3.2302697e-10
-3.2324757e-10
-3.2437494e-10
-3.2311273e-10
-3.23848e-10
-3.2446076e-10
-3.2463238e-10
-3.242647e-10
-3.2355388e-10
-3.2468142e-10
-3.2432598e-10
-3.2408085e-10
-3.2416669e-10
-3.2507358e-10
-3.2555145e-10
-3.2575981e-10
-3.2671571e-10
-3.2618874e-10
-3.2616421e-10
-3.2659309e-10
-3.2579658e-10
-3.2572303e-10
-3.2412997e-10
-3.2537989e-10
-3.2322306e-10
-3.2371331e-10
-3.2531866e-10
-3.2629907e-10
-3.2397057e-10
-3.2520833e-10
-3.2528194e-10
-3.232965e-10
-3.238726e-10
-3.2439954e-10
-3.2317407e-10
-3.2307595e-10
-3.2285541e-10
-3.2289216e-10
-3.2321076e-10
-3.2292896e-10
-3.2227948e-10
-3.2218136e-10
-3.2333333e-10
-3.2224262e-10
-3.2203426e-10
-3.2267164e-10
-3.2210787e-10
-3.2265932e-10
-3.2405645e-10
-3.2335784e-10
-3.2259811e-10
-3.2477937e-10
-3.2459563e-10
-3.2299019e-10
-3.2313729e-10
-3.2305142e-10
-3.2480388e-10
-3.2360284e-10
-3.2387251e-10
-3.2499994e-10
-3.2376232e-10
-3.2258582e-10
-3.2186279e-10
-3.2372557e-10
-3.2487749e-10
-3.2523287e-10
-3.2567407e-10
-3.2421571e-10
-3.2606615e-10
-3.2534309e-10
-3.2662983e-10
-3.2464467e-10
-3.2475492e-10
-3.2454664e-10
-3.2406866e-10
-3.2382358e-10
-3.2422792e-10
-3.2475492e-10
-3.2520833e-10
-3.2598038e-10
-3.2338229e-10
-3.2294112e-10
-3.2473044e-10
-3.238971e-10
-3.2388481e-10
-3.2348035e-10
-3.2409314e-10
-3.2339462e-10
-3.2420341e-10
-3.2566178e-10
-3.2362749e-10
-3.2291667e-10
-3.2280642e-10
-3.2292899e-10
-3.2262251e-10
-3.2303926e-10
-3.2355393e-10
-3.2362749e-10
-3.2384806e-10
-3.242647e-10
-3.240074e-10
-3.2496325e-10
-3.249509e-10
-3.2453423e-10
-3.2616421e-10
-3.2495101e-10
-3.2491423e-10
-3.2425249e-10
-3.2512254e-10
-3.2535544e-10
-3.2388481e-10
-3.254044e-10
-3.230515e-10
-3.2551475e-10
-3.2442402e-10
-3.2549022e-10
-3.2681377e-10
-3.2662995e-10
-3.2444861e-10
-3.2589467e-10
-3.2670344e-10
-3.270956e-10
-3.2596806e-10
-3.2552694e-10
-3.2582115e-10
-3.2433828e-10
-3.2525738e-10
-3.251471e-10
-3.2346814e-10
-3.2415434e-10
-3.2465686e-10
-3.2415443e-10
-3.2383582e-10
-3.237868e-10
-3.2359074e-10
-3.2463227e-10
-3.2370104e-10
-3.2359071e-10
-3.2372549e-10
-3.2273287e-10
-3.2324757e-10
-3.2375e-10
-3.2317399e-10
-3.2167896e-10
-3.2361516e-10
-3.2313721e-10
-3.234559e-10
-3.2218131e-10
-3.2268385e-10
-3.2379902e-10
-3.2377453e-10
-3.2269609e-10
-3.2367645e-10
-3.2398287e-10
-3.2340691e-10
-3.2414219e-10
-3.2278183e-10
-3.247671e-10
-3.2448536e-10
-3.2404412e-10
-3.2544112e-10
-3.2397063e-10
-3.2525735e-10
-3.2383576e-10
-3.242647e-10
-3.2439948e-10
-3.2491426e-10
-3.2474265e-10
-3.2582112e-10
-3.2628678e-10
-3.2659314e-10
-3.2599268e-10
-3.2552697e-10
-3.2564951e-10
-3.2448533e-10
-3.2321082e-10
-3.2392156e-10
-3.2455882e-10
-3.2506128e-10
-3.2263481e-10
-3.2382347e-10
-3.2274508e-10
-3.2432601e-10
-3.2414219e-10
-3.2289216e-10
-3.2466912e-10
-3.2307595e-10
-3.2394612e-10
-3.2300243e-10
-3.2458333e-10
-3.2272063e-10
-3.2183825e-10
-3.2318626e-10
-3.2218148e-10
-3.2107841e-10
-3.2090691e-10
-3.2256131e-10
-3.2259803e-10
-3.2251232e-10
-3.2332104e-10
-3.2422798e-10
-3.231618e-10
-3.2275735e-10
-3.2337016e-10
-3.2351719e-10
-3.2479167e-10
-3.2404415e-10
-3.2488975e-10
-3.2328434e-10
-3.2453437e-10
-3.2263486e-10
-3.2251224e-10
-3.2366421e-10
-3.2338229e-10
-3.2366423e-10
-3.2448536e-10
-3.2696088e-10
-3.2643382e-10
-3.2560038e-10
-3.2519612e-10
-3.2633579e-10
-3.2409303e-10
-3.2486516e-10
-3.2446076e-10
-3.2539213e-10
-3.2335792e-10
-3.2530639e-10
-3.2474265e-10
-3.2473038e-10
-3.2463235e-10
-3.2524511e-10
-3.2432595e-10
-3.2496331e-10
-3.233088e-10
-3.2321074e-10
-3.2437497e-10
-3.2212005e-10
-3.2313732e-10
-3.2469366e-10
-3.2321082e-10
-3.2225489e-10
-3.2237746e-10
-3.2259803e-10
-3.2185055e-10
-3.225491e-10
-3.2231617e-10
-3.2183819e-10
-3.2422798e-10
-3.235294e-10
-3.2355393e-10
-3.2339456e-10
-3.2460787e-10
-3.2564954e-10
-3.2549022e-10
-3.2507352e-10
-3.2447306e-10
-3.2324748e-10
-3.2503669e-10
-3.252206e-10
-3.2441178e-10
-3.2549019e-10
-3.2528183e-10
-3.2610295e-10
-3.2377448e-10
-3.2312505e-10
-3.2381128e-10
-3.259191e-10
-3.2689954e-10
-3.2506128e-10
-3.2530637e-10
-3.252206e-10
-3.2479169e-10
-3.2590686e-10
-3.2474265e-10
-3.2486522e-10
-3.256618e-10
-3.2452205e-10
-3.2433831e-10
-3.2400735e-10
-3.239338e-10
-3.251717e-10
-3.2323533e-10
-3.2503672e-10
-3.2345598e-10
-3.2301464e-10
-3.2269609e-10
-3.2196076e-10
-3.2393388e-10
-3.2361519e-10
-3.2462008e-10
-3.2420339e-10
-3.2259803e-10
-3.2212016e-10
-3.234927e-10
-3.2237746e-10
-3.2235287e-10
-3.2176473e-10
-3.2220598e-10
-3.2370098e-10
-3.2272057e-10
-3.2212008e-10
-3.2337005e-10
-3.2302697e-10
-3.2311279e-10
-3.2345585e-10
-3.2268388e-10
-3.227329e-10
-3.240932e-10
-3.2397063e-10
-3.2426475e-10
-3.2465697e-10
-3.2454653e-10
-3.2426467e-10
-3.2426467e-10
-3.2350492e-10
-3.2355393e-10
-3.2617653e-10
-3.2469361e-10
-3.2596809e-10
-3.2650735e-10
-3.2531861e-10
-3.2463235e-10
-3.2555142e-10
-3.2464464e-10
-3.2453429e-10
-3.2540443e-10
-3.2495096e-10
-3.2459554e-10
-3.2366426e-10
-3.2405645e-10
-3.2596817e-10
-3.2360301e-10
-3.2308831e-10
-3.2325986e-10
-3.2311273e-10
-3.2349262e-10
-3.2355393e-10
-3.238603e-10
-3.2354172e-10
-3.2305142e-10
-3.238971e-10
-3.2339464e-10
-3.2229167e-10
-3.2213235e-10
-3.2145833e-10
-3.2183819e-10
-3.2238975e-10
-3.2208339e-10
-3.2330882e-10
-3.2235292e-10
-3.2443617e-10
-3.2333339e-10
-3.2356617e-10
-3.2379902e-10
-3.2411765e-10
-3.2459563e-10
-3.2346817e-10
-3.2459557e-10
-3.2354167e-10
-3.2313721e-10
-3.2360292e-10
-3.2450984e-10
-3.2475495e-10
-3.2311276e-10
-3.2463232e-10
-3.2513481e-10
-3.2552699e-10
-3.2545347e-10
-3.2644604e-10
-3.2544117e-10
-3.2572303e-10
-3.2410546e-10
-3.2459554e-10
-3.2383574e-10
-3.2524508e-10
-3.2574754e-10
-3.2411762e-10
-3.2324751e-10
-3.2465691e-10
-3.2417896e-10
-3.2435049e-10
-3.2361519e-10
-3.2330885e-10
-3.2382352e-10
-3.2335778e-10
-3.2359074e-10
-3.228309e-10
-3.2436276e-10
-3.2491423e-10
-3.2344366e-10
-3.2265934e-10
-3.2210784e-10
-3.2218139e-10
-3.2087008e-10
-3.2117647e-10
-3.2274514e-10
-3.2150735e-10
-3.231618e-10
-3.2256128e-10
-3.2388481e-10
-3.2373776e-10
-3.2318628e-10
-3.2254899e-10
-3.2341912e-10
-3.2346811e-10
-3.2359063e-10
-3.2390929e-10
-3.23848e-10
-3.2490197e-10
-3.2452205e-10
-3.2370101e-10
-3.2390934e-10
-3.2525732e-10
-3.2459563e-10
-3.2375003e-10
-3.2501218e-10
-3.2540437e-10
-3.269118e-10
-3.2550238e-10
-3.2736511e-10
-3.2617645e-10
-3.248774e-10
-3.2628686e-10
-3.2520833e-10
-3.2579656e-10
-3.2316178e-10
-3.2609074e-10
-3.247671e-10
-3.2438727e-10
-3.2468139e-10
-3.2518394e-10
-3.2463232e-10
-3.2471811e-10
-3.2453434e-10
-3.2375005e-10
-3.2393388e-10
-3.2439951e-10
-3.2352943e-10
-3.2421568e-10
-3.2329656e-10
-3.2403194e-10
-3.241053e-10
-3.2174027e-10
-3.2192407e-10
-3.220221e-10
-3.2231612e-10
-3.2139708e-10
-3.2334557e-10
-3.23223e-10
-3.2204656e-10
-3.2351713e-10
-3.2286759e-10
-3.2325975e-10
-3.2377451e-10
-3.2439956e-10
-3.2234074e-10
-3.2394615e-10
-3.2262257e-10
-3.2360287e-10
-3.2397057e-10
-3.2442407e-10
-3.2265926e-10
-3.2384806e-10
-3.2400735e-10
-3.2458333e-10
-3.2433825e-10
-3.2469361e-10
-3.2381131e-10
-3.2520839e-10
-3.2602943e-10
-3.2659314e-10
-3.2593131e-10
-3.2491421e-10
-3.2382355e-10
-3.2366415e-10
-3.244853e-10
-3.2469369e-10
-3.2343139e-10
-3.2430156e-10
-3.2323536e-10
-3.2319852e-10
-3.245833e-10
-3.234559e-10
-3.2272057e-10
-3.241544e-10
-3.2343131e-10
-3.2337008e-10
-3.2324751e-10
-3.2469366e-10
-3.2291667e-10
-3.2308825e-10
-3.2294123e-10
-3.2223044e-10
-3.2185049e-10
-3.2071082e-10
-3.2210787e-10
-3.2226719e-10
-3.2196082e-10
-3.2261022e-10
-3.2140937e-10
-3.2169126e-10
-3.2275732e-10
-3.2232839e-10
-3.2300246e-10
-3.2285541e-10
-3.247059e-10
-3.2287992e-10
-3.2361519e-10
-3.2403183e-10
-3.2278197e-10
-3.2355393e-10
-3.2399505e-10
-3.2514705e-10
-3.2471811e-10
-3.2458333e-10
-3.2454664e-10
-3.2469361e-10
-3.2542893e-10
-3.2582112e-10
-3.2499994e-10
-3.2486519e-10
-3.2482841e-10
-3.2470585e-10
-3.2443631e-10
-3.2334557e-10
-3.2365194e-10
-3.2512254e-10
-3.2420344e-10
-3.2300251e-10
-3.2400732e-10
-3.2428923e-10
-3.2460787e-10
-3.2427699e-10
-3.2327205e-10
-3.2155639e-10
-3.2344366e-10
-3.2431374e-10
-3.2419115e-10
-3.234191e-10
-3.2355402e-10
-3.2377451e-10
-3.2339464e-10
-3.2194858e-10
-3.2187494e-10
-3.214829e-10
-3.2185055e-10
-3.2120095e-10
-3.2359071e-10
-3.2231615e-10
-3.2202202e-10
-3.2392156e-10
-3.2279415e-10
-3.2286765e-10
-3.2319855e-10
-3.2275746e-10
-3.2307598e-10
-3.2310055e-10
-3.2416667e-10
-3.2172798e-10
-3.2405637e-10
-3.2346811e-10
-3.2340694e-10
-3.2438724e-10
-3.2383576e-10
-3.2302702e-10
-3.2332112e-10
-3.2378678e-10
-3.233456e-10
-3.2477934e-10
-3.2476719e-10
-3.2474262e-10
-3.2572306e-10
-3.2640929e-10
-3.2553926e-10
-3.2328434e-10
-3.2352948e-10
-3.2361516e-10
-3.2372544e-10
-3.2354167e-10
-3.2340686e-10
-3.2283082e-10
-3.2432595e-10
-3.2462008e-10
-3.2200986e-10
-3.2223041e-10
-3.2394609e-10
-3.2247549e-10
-3.2221814e-10
-3.2310055e-10
-3.2302702e-10
-3.2267158e-10
-3.2305145e-10
-3.2310049e-10
-3.2243869e-10
-3.2306383e-10
-3.2166664e-10
-3.2166675e-10
-3.2314951e-10
-3.219853e-10
-3.2133582e-10
-3.2218139e-10
-3.232353e-10
-3.2300243e-10
-3.2227934e-10
-3.2410544e-10
-3.2242645e-10
-3.2368874e-10
-3.2443628e-10
-3.2355393e-10
-3.2348035e-10
-3.2354158e-10
-3.2267156e-10
-3.2403191e-10
-3.2368871e-10
-3.2400738e-10
-3.2416664e-10
-3.2626218e-10
-3.2578434e-10
-3.2475497e-10
-3.2546571e-10
-3.253432e-10
-3.2574754e-10
-3.2612749e-10
-3.2384803e-10
-3.2544117e-10
-3.2415448e-10
-3.2428921e-10
-3.2468137e-10
-3.2506128e-10
-3.2306374e-10
-3.2296571e-10
-3.238726e-10
-3.2334563e-10
-3.2291672e-10
-3.2172801e-10
-3.2383587e-10
-3.2238973e-10
-3.224265e-10
-3.2275735e-10
-3.2325978e-10
-3.2395839e-10
-3.2313724e-10
-3.2275738e-10
-3.2106623e-10
-3.2171574e-10
-3.2169123e-10
-3.2263481e-10
-3.2202208e-10
-3.2339464e-10
-3.218015e-10
-3.2329653e-10
-3.2178921e-10
-3.2403183e-10
-3.2352948e-10
-3.2372555e-10
-3.2191169e-10
-3.238603e-10
-3.2317396e-10
-3.222671e-10
-3.2453437e-10
-3.2301475e-10
-3.2458339e-10
-3.2245101e-10
-3.2295344e-10
-3.2303926e-10
-3.2142164e-10
-3.2329664e-10
-3.2458339e-10
-3.2537992e-10
-3.2546574e-10
-3.2582106e-10
-3.2327208e-10
-3.2560046e-10
-3.2384803e-10
-3.2486522e-10
-3.2368874e-10
-3.2480388e-10
-3.2523281e-10
-3.2329653e-10
-3.2507347e-10
-3.232721e-10
-3.2371328e-10
-3.2327205e-10
-3.2311276e-10
-3.2303915e-10
-3.2289216e-10
-3.231618e-10
-3.2268382e-10
-3.2343142e-10
-3.2281866e-10
-3.2319855e-10
-3.2231615e-10
-3.2263475e-10
-3.215441e-10
-3.2064951e-10
-3.2140932e-10
-3.2213235e-10
-3.2199757e-10
-3.2153188e-10
-3.2273278e-10
-3.2131123e-10
-3.2237749e-10
-3.2186273e-10
-3.2376238e-10
-3.232965e-10
-3.2335787e-10
-3.2314951e-10
-3.2252453e-10
-3.2362737e-10
-3.2458333e-10
-3.2481617e-10
-3.2296568e-10
-3.2377451e-10
-3.2497546e-10
-3.2438721e-10
-3.2267156e-10
-3.2307598e-10
-3.2388481e-10
-3.2490205e-10
-3.2573524e-10
-3.2525738e-10
-3.2496317e-10
-3.2506126e-10
-3.2436276e-10
-3.2430145e-10
-3.2354158e-10
-3.2462008e-10
-3.2259806e-10
-3.2517158e-10
-3.2262251e-10
-3.2355393e-10
-3.2333339e-10
-3.2387262e-10
-3.2507355e-10
-3.2261027e-10
-3.2226716e-10
-3.2292888e-10
-3.2231617e-10
-3.2243874e-10
-3.230882e-10
-3.2101719e-10
-3.2343142e-10
-3.2159311e-10
-3.2008579e-10
-3.2129904e-10
-3.2117642e-10
-3.2128677e-10
-3.2072309e-10
-3.2218136e-10
-3.2174019e-10
-3.2256128e-10
-3.2123776e-10
-3.2115197e-10
-3.2220587e-10
-3.2356617e-10
-3.2226721e-10
-3.2400735e-10
-3.2289216e-10
-3.2379902e-10
-3.2406866e-10
-3.2227951e-10
-3.2357844e-10
-3.2437503e-10
-3.2216912e-10
-3.2235292e-10
-3.232844e-10
-3.2240194e-10
-3.2349265e-10
-3.2452208e-10
-3.2484071e-10
-3.244853e-10
-3.234191e-10
-3.2443631e-10
-3.2453434e-10
-3.2401956e-10
-3.2338238e-10
-3.239583e-10
-3.2370095e-10
-3.2294112e-10
-3.2392153e-10
-3.2384803e-10
-3.2362746e-10
-3.2223044e-10
-3.2375003e-10
-3.2231615e-10
-3.2290445e-10
-3.2348044e-10
-3.2398287e-10
-3.2367642e-10
-3.2307595e-10
-3.2198536e-10
-3.2372549e-10
-3.2191175e-10
-3.2144612e-10
-3.2183825e-10
-3.1987746e-10
-3.2155636e-10
-3.2088238e-10
-3.2300249e-10
-3.2098046e-10
-3.2229169e-10
-3.2338232e-10
-3.2202208e-10
-3.2321082e-10
-3.2378672e-10
-3.2194852e-10
-3.2193623e-10
-3.2417896e-10
-3.222427e-10
-3.2238973e-10
-3.2346811e-10
-3.2400732e-10
-3.2305142e-10
-3.2427694e-10
-3.2468137e-10
-3.2306371e-10
-3.2232847e-10
-3.252941e-10
-3.255759e-10
-3.2503678e-10
-3.2533087e-10
-3.2618874e-10
-3.2519604e-10
-3.2432598e-10
-3.2435049e-10
-3.2399505e-10
-3.2412992e-10
-3.2411762e-10
-3.2356615e-10
-3.2370101e-10
-3.2354169e-10
-3.2316172e-10
-3.2274505e-10
-3.2291667e-10
-3.2186273e-10
-3.2254899e-10
-3.2501227e-10
-3.2306371e-10
-3.2278191e-10
-3.2302694e-10
-3.2318626e-10
-3.2221814e-10
-3.196568e-10
-3.2279412e-10
-3.2160546e-10
-3.2002459e-10
-3.2101719e-10
-3.2111522e-10
-3.2071074e-10
-3.2187503e-10
-3.222059e-10
-3.2292896e-10
-3.2224259e-10
-3.2193626e-10
-3.21875e-10
-3.2101719e-10
-3.2251224e-10
-3.2194858e-10
-3.2242661e-10
-3.2242642e-10
-3.2404415e-10
-3.2175246e-10
-3.2240191e-10
-3.233579e-10
-3.2275732e-10
-3.2207112e-10
-3.222059e-10
-3.2240197e-10
-3.2323522e-10
-3.2375e-10
-3.2560046e-10
-3.2392164e-10
-3.2317402e-10
-3.2316178e-10
-3.2314953e-10
-3.2404412e-10
-3.2349262e-10
-3.2276953e-10
-3.240809e-10
-3.2294123e-10
-3.2442407e-10
-3.2362749e-10
-3.2339456e-10
-3.2368871e-10
-3.225e-10
-3.2265934e-10
-3.2269612e-10
-3.2180147e-10
-3.2241426e-10
-3.2265926e-10
-3.2234071e-10
-3.2218136e-10
-3.220833e-10
-3.2299022e-10
-3.2080885e-10
-3.2123779e-10
-3.2093139e-10
-3.2066177e-10
-3.2181377e-10
-3.2088238e-10
-3.2203434e-10
-3.216421e-10
-3.2286765e-10
-3.2240194e-10
-3.2226719e-10
-3.2290445e-10
-3.2284314e-10
-3.2312505e-10
-3.226103e-10
-3.2453426e-10
-3.2341907e-10
-3.2367653e-10
-3.2230388e-10
-3.2373779e-10
-3.240441e-10
-3.2311273e-10
-3.2341912e-10
-3.2426475e-10
-3.2367645e-10
-3.2351724e-10
-3.2563724e-10
-3.2484068e-10
-3.2523279e-10
-3.2425249e-10
-3.2450981e-10
-3.2431374e-10
-3.2417893e-10
-3.2398284e-10
-3.2300249e-10
-3.2383574e-10
-3.2502454e-10
-3.2388478e-10
-3.2289216e-10
-3.2424022e-10
-3.2405639e-10
-3.2368871e-10
-3.2292893e-10
-3.2269604e-10
-3.2299016e-10
-3.2340683e-10
-3.2404412e-10
-3.2372549e-10
-3.232721e-10
-3.2287992e-10
-3.2186279e-10
-3.2139705e-10
-3.2154412e-10
-3.2154418e-10
-3.2094358e-10
-3.2067404e-10
-3.2242642e-10
-3.2174022e-10
-3.2291658e-10
-3.2127451e-10
-3.2174019e-10
-3.2192407e-10
-3.2106623e-10
-3.2235298e-10
-3.2330882e-10
-3.2284317e-10
-3.2437494e-10
-3.2311276e-10
-3.215809e-10
-3.2371325e-10
-3.2314951e-10
-3.2324757e-10
-3.221691e-10
-3.2344361e-10
-3.2401962e-10
-3.2441172e-10
-3.2435055e-10
-3.2526962e-10
-3.2485295e-10
-3.2431374e-10
-3.2139705e-10
-3.2412989e-10
-3.2259803e-10
-3.2464467e-10
-3.2457109e-10
-3.2188724e-10
-3.2401964e-10
-3.2303921e-10
-3.2295339e-10
-3.2210784e-10
-3.2214462e-10
-3.2223046e-10
-3.2316183e-10
-3.2226721e-10
-3.2140934e-10
-3.2218139e-10
-3.219853e-10
-3.2098035e-10
-3.226103e-10
-3.2247549e-10
-3.2090683e-10
-3.2299019e-10
-3.2002459e-10
-3.2112743e-10
-3.2096817e-10
-3.2037986e-10
-3.2113973e-10
-3.2127459e-10
-3.2251229e-10
-3.2207115e-10
-3.210294e-10
-3.2341907e-10
-3.2231623e-10
-3.233456e-10
-3.2161765e-10
-3.2232841e-10
-3.2300246e-10
-3.1995098e-10
-3.2265932e-10
-3.220833e-10
-3.2296568e-10
-3.2435044e-10
-3.2253678e-10
-3.2334557e-10
-3.2240197e-10
-3.233456e-10
-3.2405637e-10
-3.2360298e-10
-3.2218142e-10
-3.2267167e-10
-3.2439956e-10
-3.2499997e-10
-3.2332101e-10
-3.2412995e-10
-3.2259806e-10
-3.2307604e-10
-3.227818e-10
-3.2272063e-10
-3.2170352e-10
-3.2196074e-10
-3.2171574e-10
-3.2136022e-10
-3.221691e-10
-3.2209563e-10
-3.2187494e-10
-3.2150738e-10
-3.2151964e-10
-3.222059e-10
-3.225e-10
-3.209191e-10
-3.2035541e-10
-3.2025743e-10
-3.2029412e-10
-3.2080877e-10
-3.221079e-10
-3.2116435e-10
-3.2026964e-10
-3.2176475e-10
-3.2227934e-10
-3.2197306e-10
-3.2229161e-10
-3.2284317e-10
-3.2291669e-10
-3.2186276e-10
-3.221568e-10
-3.2310049e-10
-3.2162992e-10
-3.2139708e-10
-3.2343142e-10
-3.2208333e-10
-3.2317399e-10
-3.2412983e-10
-3.2458328e-10
-3.2438727e-10
-3.2453429e-10
-3.2379902e-10
-3.2395828e-10
-3.2366415e-10
-3.2466912e-10
-3.2398284e-10
-3.2377453e-10
-3.2389705e-10
-3.2348033e-10
-3.2356623e-10
-3.2410535e-10
-3.2329656e-10
-3.2297792e-10
-3.2242645e-10
-3.2267158e-10
-3.2267158e-10
-3.2207104e-10
-3.2280642e-10
-3.2209554e-10
-3.237377e-10
-3.2337019e-10
-3.2285541e-10
-3.2210784e-10
-3.2335784e-10
-3.2231623e-10
-3.2265934e-10
-3.2122546e-10
-3.2193626e-10
-3.2188729e-10
-3.2171577e-10
-3.2107844e-10
-3.2235292e-10
-3.2033087e-10
-3.2262251e-10
-3.2258576e-10
-3.2101719e-10
-3.2338235e-10
-3.2079661e-10
-3.2329656e-10
-3.2354164e-10
-3.2394609e-10
-3.2377451e-10
-3.2365199e-10
-3.2417896e-10
-3.2337016e-10
-3.210662e-10
-3.2286762e-10
-3.234068e-10
-3.2420341e-10
-3.2344366e-10
-3.2387251e-10
-3.2268385e-10
-3.240809e-10
-3.2409306e-10
-3.244853e-10
-3.2362746e-10
-3.2471825e-10
-3.2291667e-10
-3.2230396e-10
-3.2474268e-10
-3.2372555e-10
-3.2281861e-10
-3.2327205e-10
-3.2291667e-10
-3.2431371e-10
-3.2207112e-10
-3.2219361e-10
-3.2242645e-10
-3.2225492e-10
-3.2240197e-10
-3.2115197e-10
-3.2366429e-10
-3.2221817e-10
-3.2176464e-10
-3.2401964e-10
-3.2197311e-10
-3.2040445e-10
-3.2020836e-10
-3.2120095e-10
-3.2106615e-10
-3.2165434e-10
-3.2105393e-10
-3.2110301e-10
-3.2082109e-10
-3.2194858e-10
-3.227329e-10
-3.219976e-10
-3.2230399e-10
-3.2189951e-10
-3.2162994e-10
-3.2327208e-10
-3.2198533e-10
-3.2232847e-10
-3.2259811e-10
-3.2294123e-10
-3.2419117e-10
-3.2259811e-10
-3.2398287e-10
-3.2473038e-10
-3.2283085e-10
-3.2256126e-10
-3.2412995e-10
-3.2438732e-10
-3.2593131e-10
-3.2386033e-10
-3.2368869e-10
-3.2465686e-10
-3.2332109e-10
-3.2386027e-10
-3.2371325e-10
-3.2495098e-10
-3.2125e-10
-3.2424022e-10
-3.2295347e-10
-3.2237749e-10
-3.2136033e-10
-3.230515e-10
-3.2077208e-10
-3.2144606e-10
-3.2257355e-10
-3.2177694e-10
-3.2166667e-10
-3.2274505e-10
-3.2241421e-10
-3.2301473e-10
-3.2209554e-10
-3.2055147e-10
-3.2067399e-10
-3.2072303e-10
-3.2109074e-10
-3.2126224e-10
-3.2167899e-10
-3.2138481e-10
-3.2189953e-10
-3.2110292e-10
-3.2199751e-10
-3.2144612e-10
-3.2113973e-10
-3.2279412e-10
-3.2258576e-10
-3.2229169e-10
-3.2171577e-10
-3.2274505e-10
-3.2475495e-10
-3.2289219e-10
-3.2294117e-10
-3.2251229e-10
-3.2102945e-10
-3.2286765e-10
-3.2275738e-10
-3.2352937e-10
-3.2292899e-10
-3.2285541e-10
-3.2397063e-10
-3.2569855e-10
-3.2356617e-10
-3.2453434e-10
-3.2297798e-10
-3.243015e-10
-3.2443631e-10
-3.2360292e-10
-3.2366423e-10
-3.2245095e-10
-3.2403186e-10
-3.236397e-10
-3.2361513e-10
-3.2337014e-10
-3.2212008e-10
-3.2278183e-10
-3.2199757e-10
-3.2216912e-10
-3.240809e-10
-3.2150735e-10
-3.2246328e-10
-3.2188729e-10
-3.2324751e-10
-3.2104167e-10
-3.2123773e-10
-3.2156869e-10
-3.1964462e-10
-3.2191169e-10
-3.1944855e-10
-3.20098e-10
-3.2115191e-10
-3.222794e-10
-3.2212005e-10
-3.215441e-10
-3.2207112e-10
-3.2317402e-10
-3.2292882e-10
-3.2200981e-10
-3.2313724e-10
-3.2210784e-10
-3.2292896e-10
-3.2297798e-10
-3.2350489e-10
-3.2344361e-10
-3.2306371e-10
-3.2283096e-10
-3.2360298e-10
-3.2399508e-10
-3.2322306e-10
-3.2439956e-10
-3.2481623e-10
-3.2475492e-10
-3.2563727e-10
-3.2468145e-10
-3.2262257e-10
-3.2499997e-10
-3.2345587e-10
-3.236397e-10
-3.2437503e-10
-3.2316178e-10
-3.2328434e-10
-3.2322303e-10
-3.2100486e-10
-3.2301467e-10
-3.2264702e-10
-3.2400732e-10
-3.2232844e-10
-3.2180142e-10
-3.2132358e-10
-3.2307601e-10
-3.2279421e-10
-3.2346814e-10
-3.2221806e-10
-3.2034317e-10
-3.2203423e-10
-3.2078434e-10
-3.2007355e-10
-3.2028188e-10
-3.2085784e-10
-3.1974259e-10
-3.2142156e-10
-3.2248765e-10
-3.2088235e-10
-3.2116421e-10
-3.2412997e-10
-3.2136027e-10
-3.2175249e-10
-3.2224265e-10
-3.2220598e-10
-3.2389708e-10
-3.2198533e-10
-3.2296574e-10
-3.229044e-10
-3.2337014e-10
-3.2375003e-10
-3.226838e-10
-3.215932e-10
-3.2279415e-10
-3.2291669e-10
-3.2431371e-10
-3.2544117e-10
-3.2355393e-10
-3.2425246e-10
-3.2462008e-10
-3.2439962e-10
-3.2330882e-10
-3.2463238e-10
-3.2399508e-10
-3.233088e-10
-3.2371328e-10
-3.2300243e-10
-3.2297792e-10
-3.2321085e-10
-3.2247546e-10
-3.2247555e-10
-3.2357844e-10
-3.2171571e-10
-3.2259803e-10
-3.2248776e-10
-3.2240191e-10
-3.2075981e-10
-3.2234068e-10
-3.2176475e-10
-3.2416669e-10
-3.2192404e-10
-3.2078432e-10
-3.2085784e-10
-3.2077216e-10
-3.2116421e-10
-3.2197298e-10
-3.2199748e-10
-3.2213235e-10
-3.200368e-10
-3.2273292e-10
-3.2203432e-10
-3.2312508e-10
-3.2254902e-10
-3.222671e-10
-3.2074757e-10
-3.2160544e-10
-3.2181371e-10
-3.202941e-10
-3.2261033e-10
-3.2251229e-10
-3.2215683e-10
-3.2187494e-10
-3.2253678e-10
-3.2270839e-10
-3.2276962e-10
-3.2400735e-10
-3.2443628e-10
-3.2324757e-10
-3.2303921e-10
-3.2468131e-10
-3.241544e-10
-3.2502454e-10
-3.2454658e-10
-3.2352943e-10
-3.2370098e-10
-3.2196082e-10
-3.2230388e-10
-3.224877e-10
-3.2252451e-10
-3.2383582e-10
-3.2301467e-10
-3.2340686e-10
-3.2192399e-10
-3.2199757e-10
-3.2197298e-10
-3.216912e-10
-3.224509e-10
-3.2115197e-10
-3.2154407e-10
-3.2240191e-10
-3.2109071e-10
-3.2082112e-10
-3.2041667e-10
-3.2046568e-10
-3.1969369e-10
-3.2063729e-10
-3.2109071e-10
-3.2147063e-10
-3.2145833e-10
-3.2162992e-10
-3.2216912e-10
-3.2106615e-10
-3.2314953e-10
-3.2344355e-10
-3.2077208e-10
-3.2170347e-10
-3.2193626e-10
-3.2292885e-10
-3.2198533e-10
-3.2313729e-10
-3.2276967e-10
-3.2363967e-10
-3.2310044e-10
-3.227206e-10
-3.2299022e-10
-3.2397063e-10
-3.2462011e-10
-3.2431371e-10
-3.244853e-10
-3.2444858e-10
-3.2409314e-10
-3.2479167e-10
-3.2518382e-10
-3.2389708e-10
-3.2258574e-10
-3.241544e-10
-3.2247557e-10
-3.2339464e-10
-3.2251235e-10
-3.220588e-10
-3.2307598e-10
-3.2295344e-10
-3.2321082e-10
-3.2246328e-10
-3.2393382e-10
-3.2115194e-10
-3.2321085e-10
-3.2258585e-10
-3.2287989e-10
-3.2170339e-10
-3.2212014e-10
-3.1976721e-10
-3.2089462e-10
-3.2022057e-10
-3.220833e-10
-3.2071085e-10
-3.2085787e-10
-3.2143385e-10
-3.2191175e-10
-3.2276962e-10
-3.2221814e-10
-3.2066175e-10
-3.2334557e-10
-3.2332109e-10
-3.2193623e-10
-3.2238975e-10
-3.2212014e-10
-3.2325986e-10
-3.2209563e-10
-3.2262257e-10
-3.2183831e-10
-3.2165437e-10
-3.2283087e-10
-3.2230396e-10
-3.2194855e-10
-3.2344361e-10
-3.2475497e-10
-3.2427697e-10
-3.2273284e-10
-3.2290434e-10
-3.23125e-10
-3.230638e-10
-3.2281858e-10
-3.2301475e-10
-3.2278188e-10
-3.2272054e-10
-3.2341915e-10
-3.2279415e-10
-3.2270839e-10
-3.2274516e-10
-3.2302702e-10
-3.2235289e-10
-3.2213235e-10
-3.2082106e-10
-3.2231615e-10
-3.2124994e-10
-3.2268382e-10
-3.2290445e-10
-3.2174019e-10
-3.2193623e-10
-3.2295353e-10
-3.2156866e-10
-3.1991421e-10
-3.2047795e-10
-3.2025738e-10
-3.1985298e-10
-3.2155636e-10
-3.2061276e-10
-3.2040448e-10
-3.2267164e-10
-3.2196076e-10
-3.2192404e-10
-3.2262251e-10
-3.2264708e-10
-3.2223044e-10
-3.2181377e-10
-3.2136033e-10
-3.2313729e-10
-3.2279412e-10
-3.2360289e-10
-3.2319855e-10
-3.2343145e-10
-3.2376227e-10
-3.2285541e-10
-3.2235298e-10
-3.2416669e-10
-3.2337005e-10
-3.2321082e-10
-3.252083e-10
-3.2491423e-10
-3.2457109e-10
-3.2395833e-10
-3.2392164e-10
-3.2455885e-10
-3.228309e-10
-3.220833e-10
-3.2459568e-10
-3.2462016e-10
-3.2317399e-10
-3.2219366e-10
-3.2366415e-10
-3.2109068e-10
-3.2220596e-10
-3.2166667e-10
-3.2177697e-10
-3.226838e-10
-3.2349265e-10
-3.2279401e-10
-3.2404415e-10
-3.2193634e-10
-3.2178926e-10
-3.2185055e-10
-3.2104167e-10
-3.2064948e-10
-3.2140934e-10
-3.2129899e-10
-3.2129907e-10
-3.2113967e-10
-3.2144612e-10
-3.2203434e-10
-3.2203423e-10
-3.2161762e-10
-3.2162992e-10
-3.234682e-10
-3.230638e-10
-3.2208333e-10
-3.2185049e-10
-3.2236519e-10
-3.2241421e-10
-3.2324751e-10
-3.2339462e-10
-3.2357844e-10
-3.2389705e-10
-3.2209563e-10
-3.2432598e-10
-3.2357839e-10
-3.2372549e-10
-3.2330882e-10
-3.2437511e-10
-3.2332112e-10
-3.2470587e-10
-3.2348044e-10
-3.2319855e-10
-3.2392156e-10
-3.226838e-10
-3.2285535e-10
-3.2324762e-10
-3.2330882e-10
-3.2307598e-10
-3.2281869e-10
-3.2348035e-10
-3.2105391e-10
-3.2259803e-10
-3.2241421e-10
-3.2257352e-10
-3.226471e-10
-3.2094366e-10
-3.2144612e-10
-3.2095596e-10
-3.214583e-10
-3.2370101e-10
-3.2025735e-10
-3.211765e-10
-3.209927e-10
-3.1964459e-10
-3.1955882e-10
-3.210662e-10
-3.2192399e-10
-3.2117653e-10
-3.1966912e-10
-3.2215688e-10
-3.2161765e-10
-3.2232844e-10
-3.2123779e-10
-3.2229175e-10
-3.2286759e-10
-3.2170341e-10
-3.2187492e-10
-3.2143382e-10
-3.2235298e-10
-3.2175246e-10
-3.2285541e-10
-3.2263481e-10
-3.2174022e-10
-3.2194852e-10
-3.2267158e-10
-3.2262257e-10
-3.2446082e-10
-3.2377442e-10
-3.2473038e-10
-3.230882e-10
-3.2373776e-10
-3.2356623e-10
-3.2455882e-10
-3.2235292e-10
-3.2329658e-10
-3.2192396e-10
-3.2267153e-10
-3.2177705e-10
-3.2073527e-10
-3.2345582e-10
-3.2225492e-10
-3.2232841e-10
-3.2134803e-10
-3.2218142e-10
-3.2187505e-10
-3.2077205e-10
-3.2210778e-10
-3.2166667e-10
-3.2138489e-10
-3.209927e-10
-3.2196071e-10
-3.2095596e-10
-3.2056377e-10
-3.2039216e-10
-3.2068626e-10
-3.2067396e-10
-3.2129899e-10
-3.2073535e-10
-3.2112743e-10
-3.2105399e-10
-3.1970596e-10
-3.2235292e-10
-3.2294115e-10
-3.2197311e-10
-3.2252448e-10
-3.2194852e-10
-3.2138481e-10
-3.2196074e-10
-3.2276959e-10
-3.225368e-10
-3.2200978e-10
-3.2237746e-10
-3.2313729e-10
-3.2284306e-10
-3.2171568e-10
-3.2283085e-10
-3.2393382e-10
-3.2214459e-10
-3.2348041e-10
-3.239583e-10
-3.2435055e-10
-3.23223e-10
-3.2383576e-10
-3.2352948e-10
-3.2308825e-10
-3.222794e-10
-3.2267158e-10
-3.2238967e-10
-3.2214462e-10
-3.2318626e-10
-3.2287989e-10
-3.2221814e-10
-3.2215683e-10
-3.2136027e-10
-3.2267167e-10
-3.2275735e-10
-3.2210784e-10
-3.2210784e-10
-3.2219369e-10
-3.2110289e-10
-3.2200975e-10
-3.2128669e-10
-3.2140932e-10
-3.2058831e-10
-3.1987743e-10
-3.1906866e-10
-3.2050246e-10
-3.2180142e-10
-3.2055147e-10
-3.2077205e-10
-3.2299019e-10
-3.2088238e-10
-3.2009803e-10
-3.2253678e-10
-3.2121328e-10
-3.2267156e-10
-3.233456e-10
-3.2216907e-10
-3.224388e-10
-3.2334557e-10
-3.2227945e-10
-3.2269612e-10
-3.2155639e-10
-3.2279407e-10
-3.2317399e-10
-3.2256128e-10
-3.2390934e-10
-3.2280636e-10
-3.2389699e-10
-3.2499997e-10
-3.237868e-10
-3.2321076e-10
-3.2202208e-10
-3.2306374e-10
-3.2354167e-10
-3.2080885e-10
-3.2339453e-10
-3.2286765e-10
-3.2352937e-10
-3.2452205e-10
-3.2345596e-10
-3.2251218e-10
-3.2276964e-10
-3.2202208e-10
-3.2245095e-10
-3.2202205e-10
-3.2302697e-10
-3.2150735e-10
-3.2170344e-10
-3.227941e-10
-3.2142161e-10
-3.2071082e-10
-3.2056371e-10
-3.2192407e-10
-3.2015937e-10
-3.2019609e-10
-3.2171571e-10
-3.2170347e-10
-3.2126221e-10
-3.216912e-10
-3.2073533e-10
-3.2207101e-10
-3.2178921e-10
-3.2178918e-10
-3.2107844e-10
-3.2151962e-10
-3.2148287e-10
-3.202329e-10
-3.2095598e-10
-3.2139708e-10
-3.2366423e-10
-3.2178921e-10
-3.2275738e-10
-3.2302705e-10
-3.2360292e-10
-3.2491426e-10
-3.2377448e-10
-3.2399505e-10
-3.2301473e-10
-3.2507358e-10
-3.2247555e-10
-3.2466921e-10
-3.2415448e-10
-3.2399505e-10
-3.230515e-10
-3.2202208e-10
-3.230882e-10
-3.2191178e-10
-3.2204656e-10
-3.2264702e-10
-3.2319852e-10
-3.2406869e-10
-3.2234074e-10
-3.224265e-10
-3.2115202e-10
-3.2226716e-10
-3.2209571e-10
-3.2175249e-10
-3.2280639e-10
-3.2218142e-10
-3.2212008e-10
-3.2071082e-10
-3.218015e-10
-3.2104167e-10
-3.2087008e-10
-3.2172798e-10
-3.2079664e-10
-3.2042899e-10
-3.2175249e-10
-3.21348e-10
-3.2231617e-10
-3.2229175e-10
-3.2325981e-10
-3.2256131e-10
-3.2150735e-10
-3.2187503e-10
-3.2259803e-10
-3.2273287e-10
-3.2337008e-10
-3.2279412e-10
-3.232353e-10
-3.2379902e-10
-3.2236516e-10
-3.2339462e-10
-3.2291667e-10
-3.2394612e-10
-3.2341915e-10
-3.2393382e-10
-3.255024e-10
-3.2381126e-10
-3.2307601e-10
-3.2470587e-10
-3.2360298e-10
-3.2308825e-10
-3.2235292e-10
-3.2337014e-10
-3.2267158e-10
-3.2192399e-10
-3.2192407e-10
-3.2167893e-10
-3.2348041e-10
-3.2029412e-10
-3.244853e-10
-3.2321074e-10
-3.2284311e-10
-3.2268385e-10
-3.2204661e-10
-3.2289219e-10
-3.2287989e-10
-3.2151964e-10
-3.2166669e-10
-3.2138478e-10
-3.2049022e-10
-3.2197303e-10
-3.2120101e-10
-3.1975489e-10
-3.2161759e-10
-3.2129896e-10
-3.2187503e-10
-3.2080891e-10
-3.2117647e-10
-3.2242653e-10
-3.2180153e-10
-3.2291667e-10
-3.220833e-10
-3.2313732e-10
-3.2249994e-10
-3.2224262e-10
-3.2340691e-10
-3.2160546e-10
-3.2275735e-10
-3.235294e-10
-3.2398287e-10
-3.2183819e-10
-3.2276962e-10
-3.2295344e-10
-3.2280636e-10
-3.2316172e-10
-3.2422798e-10
-3.2389705e-10
-3.2439956e-10
-3.2376224e-10
-3.2377456e-10
-3.2303926e-10
-3.233456e-10
-3.2257352e-10
-3.232353e-10
-3.2226724e-10
-3.2307595e-10
-3.2290445e-10
-3.213235e-10
-3.2263475e-10
-3.2050246e-10
-3.2200981e-10
-3.2210784e-10
-3.2182604e-10
-3.2189953e-10
-3.2295344e-10
-3.222794e-10
-3.2213238e-10
-3.2136035e-10
-3.2136027e-10
-3.2147057e-10
-3.2050237e-10
-3.2064951e-10
-3.1993871e-10
-3.1932601e-10
-3.2039216e-10
-3.2133585e-10
-3.2066175e-10
-3.2064959e-10
-3.1942404e-10
-3.2234068e-10
-3.2161762e-10
-3.2174027e-10
-3.2109071e-10
-3.2160533e-10
-3.2109071e-10
-3.2274516e-10
-3.2098044e-10
-3.2286773e-10
-3.2259803e-10
-3.2366426e-10
-3.2203432e-10
-3.2252451e-10
-3.2281858e-10
-3.232965e-10
-3.2183817e-10
-3.2493874e-10
-3.2485292e-10
-3.2318623e-10
-3.2466915e-10
-3.2384803e-10
-3.230882e-10
-3.2321076e-10
-3.2254907e-10
-3.2339456e-10
-3.2278191e-10
-3.2252451e-10
-3.2270833e-10
-3.215441e-10
-3.2154421e-10
-3.2344372e-10
-3.2164221e-10
-3.2240197e-10
-3.2174019e-10
-3.226471e-10
-3.2129904e-10
-3.2231615e-10
-3.2154407e-10
-3.2193623e-10
-3.2150735e-10
-3.2035538e-10
-3.1986519e-10
-3.1938729e-10
-3.2053923e-10
-3.2053932e-10
-3.1943628e-10
-3.2067404e-10
-3.1960787e-10
-3.2160541e-10
-3.2063729e-10
-3.2067399e-10
-3.2144609e-10
-3.2191175e-10
-3.2229161e-10
-3.2245098e-10
-3.2095587e-10
-3.2116421e-10
-3.2136033e-10
-3.2209557e-10
-3.240318e-10
-3.2307601e-10
-3.2200986e-10
-3.2294117e-10
-3.2279407e-10
-3.2419117e-10
-3.2405637e-10
-3.2327205e-10
-3.2338235e-10
-3.2453434e-10
-3.2318628e-10
-3.2376224e-10
-3.2356623e-10
-3.2302702e-10
-3.2238967e-10
-3.2290434e-10
-3.2351721e-10
-3.2247546e-10
-3.2226716e-10
-3.2212005e-10
-3.2291664e-10
-3.2232841e-10
-3.1985301e-10
-3.2283087e-10
-3.2149505e-10
-3.2192399e-10
-3.2294123e-10
-3.2172787e-10
-3.2144612e-10
-3.2134811e-10
-3.205515e-10
-3.2132352e-10
-3.1954664e-10
-3.1892153e-10
-3.20098e-10
-3.2002462e-10
-3.2031866e-10
-3.2007355e-10
-3.2085784e-10
-3.2098035e-10
-3.2161765e-10
-3.2159311e-10
-3.2166667e-10
-3.209927e-10
-3.2096814e-10
-3.2138486e-10
-3.2247546e-10
-3.2235298e-10
-3.2274503e-10
-3.2100489e-10
-3.2154412e-10
-3.2193628e-10
-3.2281861e-10
-3.2274514e-10
-3.2229169e-10
-3.2192404e-10
-3.2430153e-10
-3.2443623e-10
-3.2344358e-10
-3.2406861e-10
-3.23223e-10
-3.2422798e-10
-3.22598e-10
-3.2420333e-10
-3.2437508e-10
-3.2367642e-10
-3.2220596e-10
-3.2383582e-10
-3.2420339e-10
-3.2273278e-10
-3.2313724e-10
-3.2182601e-10
-3.2247546e-10
-3.2121325e-10
-3.2231626e-10
-3.2178921e-10
-3.2174019e-10
-3.2079656e-10
-3.2174013e-10
-3.238971e-10
-3.2159306e-10
-3.226226e-10
-3.2035533e-10
-3.1966912e-10
-3.2050249e-10
-3.215932e-10
-3.1986519e-10
-3.2150738e-10
-3.2082101e-10
-3.2041678e-10
-3.2057598e-10
-3.2037986e-10
-3.2237749e-10
-3.2230393e-10
-3.2107841e-10
-3.2193626e-10
-3.2182598e-10
-3.2099273e-10
-3.2140937e-10
-3.2200981e-10
-3.2134803e-10
-3.2099262e-10
-3.2270839e-10
-3.2214459e-10
-3.2221814e-10
-3.2140923e-10
-3.2209557e-10
-3.2339462e-10
-3.2352948e-10
-3.2366421e-10
-3.2265934e-10
-3.2292896e-10
-3.216912e-10
-3.2325981e-10
-3.225368e-10
-3.2193623e-10
-3.2307595e-10
-3.2194852e-10
-3.2185049e-10
-3.2223035e-10
-3.2111527e-10
-3.2261027e-10
-3.2219369e-10
-3.2068634e-10
-3.2151964e-10
-3.2193634e-10
-3.2069844e-10
-3.2148284e-10
-3.2107844e-10
-3.2218139e-10
-3.1910544e-10
-3.2134803e-10
-3.2014705e-10
-3.1926473e-10
-3.2052694e-10
-3.1979164e-10
-3.2041664e-10
-3.1848041e-10
-3.2067404e-10
-3.2040448e-10
-3.2067404e-10
-3.2112746e-10
-3.210171e-10
-3.2205882e-10
-3.2019609e-10
-3.2175243e-10
-3.2189959e-10
-3.2243871e-10
-3.2162992e-10
-3.2127445e-10
-3.2213238e-10
-3.2221806e-10
-3.2170341e-10
-3.2197311e-10
-3.2172792e-10
-3.2001221e-10
-3.2285541e-10
-3.2291669e-10
-3.2381126e-10
-3.2177702e-10
-3.2377456e-10
-3.2292893e-10
-3.22598e-10
-3.2384803e-10
-3.2351719e-10
-3.2214464e-10
-3.213971e-10
-3.2285541e-10
-3.2189951e-10
-3.2224262e-10
-3.2216907e-10
-3.2210776e-10
-3.2230396e-10
-3.2221814e-10
-3.2229169e-10
-3.2171571e-10
-3.2360292e-10
-3.2074757e-10
-3.207353e-10
-3.2225489e-10
-3.2257358e-10
-3.2182601e-10
-3.2075981e-10
-3.2100492e-10
-3.2008585e-10
-3.2132355e-10
-3.2071079e-10
-3.204412e-10
-3.2072309e-10
-3.2194855e-10
-3.2064951e-10
-3.2156858e-10
-3.2112751e-10
-3.2101716e-10
-3.226838e-10
-3.2258576e-10
-3.2219361e-10
-3.2213235e-10
-3.2154407e-10
-3.2213232e-10
-3.2132352e-10
-3.2169112e-10
-3.2344366e-10
-3.2276967e-10
-3.2113967e-10
-3.2327208e-10
-3.2302691e-10
-3.2295344e-10
-3.2356617e-10
-3.2329664e-10
-3.2406866e-10
-3.2372557e-10
-3.2468137e-10
-3.2409311e-10
-3.2420344e-10
-3.2241421e-10
-3.2264708e-10
-3.2303923e-10
-3.2154418e-10
-3.2203434e-10
-3.2348041e-10
-3.2238975e-10
-3.2212008e-10
-3.2388478e-10
-3.2235292e-10
-3.2118866e-10
-3.2158082e-10
-3.2252451e-10
-3.2189959e-10
-3.2136027e-10
-3.227941e-10
-3.2120098e-10
-3.1941175e-10
-3.2078426e-10
-3.2033093e-10
-3.2022054e-10
-3.1985301e-10
-3.207353e-10
-3.1928923e-10
-3.2020836e-10
-3.2129907e-10
-3.2112749e-10
-3.2185046e-10
-3.2175237e-10
-3.2153188e-10
-3.2158087e-10
-3.2313724e-10
-3.2207112e-10
-3.2136033e-10
-3.2210787e-10
-3.2148287e-10
-3.2136035e-10
-3.2223035e-10
-3.2270833e-10
-3.2171571e-10
-3.2330888e-10
-3.2438724e-10
-3.2230385e-10
-3.2324757e-10
-3.2276962e-10
-3.2392158e-10
-3.2296574e-10
-3.2294117e-10
-3.2183825e-10
-3.2181377e-10
-3.2252448e-10
-3.2373779e-10
-3.2193628e-10
-3.2219358e-10
-3.2042896e-10
-3.2207112e-10
-3.2234074e-10
-3.2023276e-10
-3.2197303e-10
-3.2042896e-10
-3.2061273e-10
-3.2306366e-10
-3.2175251e-10
-3.2121319e-10
-3.2189953e-10
-3.2143385e-10
-3.2153194e-10
-3.2161765e-10
-3.1990194e-10
-3.2015932e-10
-3.208579e-10
-3.2023284e-10
-3.2090691e-10
-3.2160533e-10
-3.2110292e-10
-3.2178923e-10
-3.2200986e-10
-3.229044e-10
-3.2120098e-10
-3.2087016e-10
-3.214706e-10
-3.2138478e-10
-3.2200975e-10
-3.2254899e-10
-3.2172792e-10
-3.218627e-10
-3.2039216e-10
-3.2140932e-10
-3.2261027e-10
-3.2127451e-10
-3.2200981e-10
-3.2251224e-10
-3.2428926e-10
-3.252941e-10
-3.23223e-10
-3.2398287e-10
-3.2398284e-10
-3.2299016e-10
-3.2328423e-10
-3.2333333e-10
-3.2446076e-10
-3.2186276e-10
-3.2263486e-10
-3.2404412e-10
-3.2213238e-10
-3.2251232e-10
-3.2082101e-10
-3.2087008e-10
-3.2187494e-10
-3.210662e-10
-3.2162992e-10
-3.2067396e-10
-3.215318e-10
-3.2127451e-10
-3.2156855e-10
-3.2155639e-10
-3.194853e-10
-3.2127453e-10
-3.2112746e-10
-3.20098e-10
-3.2057595e-10
-3.1952202e-10
-3.2074751e-10
-3.2088246e-10
-3.2003675e-10
-3.2172789e-10
-3.1952208e-10
-3.2235301e-10
-3.2137251e-10
-3.2164219e-10
-3.2069852e-10
-3.2139708e-10
-3.2335784e-10
-3.2205885e-10
-3.2087014e-10
-3.2221814e-10
-3.2314951e-10
-3.2231617e-10
-3.2351713e-10
-3.2287995e-10
-3.2165448e-10
-3.2273276e-10
-3.2392164e-10
-3.2372549e-10
-3.2311276e-10
-3.2388481e-10
-3.2540443e-10
-3.2450978e-10
-3.2196087e-10
-3.231127e-10
-3.2381126e-10
-3.2339462e-10
-3.2267158e-10
-3.2185049e-10
-3.2316178e-10
-3.2170341e-10
-3.2270833e-10
-3.2160541e-10
-3.2164216e-10
-3.2213238e-10
-3.2218139e-10
-3.2256128e-10
-3.2318631e-10
-3.2129904e-10
-3.2335787e-10
-3.2200978e-10
-3.2230393e-10
-3.2215691e-10
-3.2145842e-10
-3.2025738e-10
-3.205515e-10
-3.1903183e-10
-3.2088235e-10
-3.2045344e-10
-3.2015932e-10
-3.210294e-10
-3.2171568e-10
-3.2180142e-10
-3.2172792e-10
-3.2204661e-10
-3.2099273e-10
-3.2172792e-10
-3.2053921e-10
-3.2215688e-10
-3.2147057e-10
-3.2140934e-10
-3.2182598e-10
-3.2323527e-10
-3.2087008e-10
-3.2112737e-10
-3.2167891e-10
-3.2305142e-10
-3.2150738e-10
-3.2248779e-10
-3.2252448e-10
-3.2310046e-10
-3.2284317e-10
-3.2234071e-10
-3.2183819e-10
-3.2359071e-10
-3.2269609e-10
-3.2299019e-10
-3.2252448e-10
-3.2225489e-10
-3.2197311e-10
-3.2274514e-10
-3.2220585e-10
-3.2084557e-10
-3.2111522e-10
-3.2258585e-10
-3.2098044e-10
-3.2111519e-10
-3.2051473e-10
-3.2078432e-10
-3.2105393e-10
-3.2159314e-10
-3.2018385e-10
-3.2278191e-10
-3.1986525e-10
-3.203921e-10
-3.1882352e-10
-3.2041669e-10
-3.2074751e-10
-3.1911762e-10
-3.2115202e-10
-3.2018391e-10
-3.2078434e-10
-3.1996317e-10
-3.2062494e-10
-3.1898284e-10
-3.2028191e-10
-3.2051467e-10
-3.214706e-10
-3.2193634e-10
-3.216912e-10
-3.1980396e-10
-3.228921e-10
-3.2160541e-10
-3.2144609e-10
-3.2205882e-10
-3.2150738e-10
-3.2124994e-10
-3.2251221e-10
-3.2306374e-10
-3.2313724e-10
-3.2227945e-10
-3.2319855e-10
-3.2403183e-10
-3.2285544e-10
-3.2241421e-10
-3.2341912e-10
-3.2286762e-10
-3.2192396e-10
-3.2325986e-10
-3.2213235e-10
-3.222427e-10
-3.2028194e-10
-3.196691e-10
-3.2133582e-10
-3.224388e-10
-3.2139708e-10
-3.2144612e-10
-3.2313724e-10
-3.1939953e-10
-3.2020836e-10
-3.2123779e-10
-3.2167896e-10
-3.1947314e-10
-3.2060044e-10
-3.1943634e-10
-3.2055147e-10
-3.1927702e-10
-3.195956e-10
-3.2053918e-10
-3.2064953e-10
-3.1910544e-10
-3.2056371e-10
-3.1965688e-10
-3.2121325e-10
-3.2051478e-10
-3.2030636e-10
-3.2077208e-10
-3.2106623e-10
-3.2090688e-10
-3.2176467e-10
-3.2127453e-10
-3.2262248e-10
-3.2134811e-10
-3.2214464e-10
-3.2156863e-10
-3.2113975e-10
-3.2170339e-10
-3.2278188e-10
-3.2204656e-10
-3.2317407e-10
-3.2371331e-10
-3.2345585e-10
-3.2329658e-10
-3.2322311e-10
-3.2185055e-10
-3.2247546e-10
-3.2267156e-10
-3.2241421e-10
-3.2202208e-10
-3.2166667e-10
-3.2158087e-10
-3.214706e-10
-3.2153191e-10
-3.201103e-10
-3.2236519e-10
-3.2105396e-10
-3.2031863e-10
-3.1997546e-10
-3.2029407e-10
-3.2028183e-10
-3.2088235e-10
-3.2229164e-10
-3.213726e-10
-3.2100492e-10
-3.1840686e-10
-3.2046571e-10
-3.192647e-10
-3.196324e-10
-3.1982841e-10
-3.1988978e-10
-3.2104167e-10
-3.2112749e-10
-3.1996328e-10
-3.2080882e-10
-3.2127448e-10
-3.2009798e-10
-3.2063721e-10
-3.2172792e-10
-3.2205885e-10
-3.2031866e-10
-3.1952202e-10
-3.2295341e-10
-3.2125003e-10
-3.2155642e-10
-3.2307601e-10
-3.2167893e-10
-3.2100492e-10
-3.2099265e-10
-3.2259806e-10
-3.2346814e-10
-3.2214462e-10
-3.2496328e-10
-3.2302705e-10
-3.2251221e-10
-3.2183828e-10
-3.2414213e-10
-3.2169115e-10
-3.2165445e-10
-3.2121325e-10
-3.2299027e-10
-3.2192399e-10
-3.2111522e-10
-3.2090691e-10
-3.2240191e-10
-3.2196076e-10
-3.2215683e-10
-3.2068634e-10
-3.213603e-10
-3.2149514e-10
-3.1904412e-10
-3.1982841e-10
-3.2264702e-10
-3.1997552e-10
-3.2013486e-10
-3.201103e-10
-3.189338e-10
-3.1977945e-10
-3.1938721e-10
-3.1912983e-10
-3.2025735e-10
-3.1873773e-10
-3.2139702e-10
-3.1810055e-10
-3.2133582e-10
-3.1996331e-10
-3.2226721e-10
-3.2151962e-10
-3.2188735e-10
-3.2139708e-10
-3.2259803e-10
-3.2052697e-10
-3.2212016e-10
-3.2060052e-10
-3.2128677e-10
-3.2171574e-10
-3.2082109e-10
-3.2301473e-10
-3.2178918e-10
-3.2339467e-10
-3.2280639e-10
-3.2291658e-10
-3.2449754e-10
-3.2317407e-10
-3.2261036e-10
-3.2274503e-10
-3.2128677e-10
-3.2274516e-10
-3.2150735e-10
-3.2115197e-10
-3.2060052e-10
-3.2026967e-10
-3.2101724e-10
-3.2133585e-10
-3.232721e-10
-3.2090688e-10
-3.2098044e-10
-3.2181371e-10
-3.2071079e-10
-3.1965688e-10
-3.2061273e-10
-3.2044123e-10
-3.2049019e-10
-3.1976721e-10
-3.2017153e-10
-3.1732841e-10
-3.1942404e-10
-3.1950984e-10
-3.191544e-10
-3.2013489e-10
-3.1888484e-10
-3.1954656e-10
-3.1981623e-10
-3.2030639e-10
-3.2063732e-10
-3.2140932e-10
-3.2017161e-10
-3.2113967e-10
-3.210294e-10
-3.2099265e-10
-3.2110301e-10
-3.2112746e-10
-3.2159314e-10
-3.2143382e-10
-3.2214459e-10
-3.2214464e-10
-3.2253691e-10
-3.2236522e-10
-3.2154412e-10
-3.2142156e-10
-3.2256131e-10
-3.2371328e-10
-3.2355393e-10
-3.2386033e-10
-3.2377451e-10
-3.2077202e-10
-3.238603e-10
-3.2279412e-10
-3.224265e-10
-3.2292896e-10
-3.2297801e-10
-3.2101721e-10
-3.2131134e-10
-3.2254896e-10
-3.219118e-10
-3.2185046e-10
-3.2166667e-10
-3.222059e-10
-3.2182595e-10
-3.2205891e-10
-3.204044e-10
-3.2155634e-10
-3.2057601e-10
-3.2101719e-10
-3.2142153e-10
-3.1922801e-10
-3.2083336e-10
-3.2003677e-10
-3.1910541e-10
-3.1893382e-10
-3.2013478e-10
-3.2062503e-10
-3.2001229e-10
-3.2058825e-10
-3.2031866e-10
-3.2051473e-10
-3.2004896e-10
-3.2104167e-10
-3.2008579e-10
-3.2204653e-10
-3.2133582e-10
-3.2126221e-10
-3.2100489e-10
-3.2236519e-10
-3.2220585e-10
-3.2116423e-10
-3.2089464e-10
-3.2196074e-10
-3.2128677e-10
-3.2313724e-10
-3.2312503e-10
-3.2432595e-10
-3.2120095e-10
-3.2259806e-10
-3.2337008e-10
-3.2238967e-10
-3.2234068e-10
-3.224877e-10
-3.2079661e-10
-3.2314951e-10
-3.2120093e-10
-3.2262257e-10
-3.2100492e-10
-3.216912e-10
-3.221691e-10
-3.2161765e-10
-3.2203426e-10
-3.2149508e-10
-3.2139696e-10
-3.2077194e-10
-3.2134803e-10
-3.2051475e-10
-3.1969363e-10
-3.1966918e-10
-3.2082106e-10
-3.1969358e-10
-3.195956e-10
-3.1986519e-10
-3.1950984e-10
-3.2002451e-10
-3.2015926e-10
-3.2167885e-10
-3.1915437e-10
-3.2101716e-10
-3.2094363e-10
-3.2096817e-10
-3.227818e-10
-3.210294e-10
-3.2161765e-10
-3.2033085e-10
-3.2180147e-10
-3.2068628e-10
-3.2164221e-10
-3.2187503e-10
-3.2183828e-10
-3.2105393e-10
-3.2372546e-10
-3.2197311e-10
-3.2246328e-10
-3.2181377e-10
-3.2394601e-10
-3.2237743e-10
-3.2416667e-10
-3.2323533e-10
-3.2322303e-10
-3.2412992e-10
-3.2289216e-10
-3.2237746e-10
-3.2247544e-10
-3.2375005e-10
-3.2166667e-10
-3.2273287e-10
-3.2300243e-10
-3.2325986e-10
-3.2306369e-10
-3.2230388e-10
-3.2156869e-10
-3.2169109e-10
-3.21348e-10
-3.2259803e-10
-3.2111522e-10
-3.2243869e-10
-3.2072309e-10
-3.2256123e-10
-3.2214464e-10
-3.2087014e-10
-3.196691e-10
-3.1916667e-10
-3.1990197e-10
-3.2151951e-10
-3.2007355e-10
-3.1973033e-10
-3.203921e-10
-3.2186279e-10
-3.2064951e-10
-3.2167891e-10
-3.2037989e-10
-3.2051464e-10
-3.210662e-10
-3.2132355e-10
-3.2058822e-10
-3.208088e-10
-3.2294117e-10
-3.2125003e-10
-3.2137251e-10
-3.2138481e-10
-3.2068626e-10
-3.2091912e-10
-3.2219361e-10
-3.2191178e-10
-3.2276964e-10
-3.2231623e-10
-3.2329658e-10
-3.2310046e-10
-3.2384803e-10
-3.2241418e-10
-3.2278191e-10
-3.2251218e-10
-3.2328429e-10
-3.2307587e-10
-3.2183819e-10
-3.2215683e-10
-3.2118871e-10
-3.2234071e-10
-3.2177694e-10
-3.219241e-10
-3.2104169e-10
-3.2196085e-10
-3.2245098e-10
-3.2242645e-10
-3.2131126e-10
-3.2031866e-10
-3.2154418e-10
-3.2177705e-10
-3.207476e-10
-3.208088e-10
-3.1971811e-10
-3.1979169e-10
-3.1834552e-10
-3.2047795e-10
-3.1915445e-10
-3.2126224e-10
-3.1862749e-10
-3.2196076e-10
-3.2075981e-10
-3.2039219e-10
-3.215932e-10
-3.2121325e-10
-3.1963235e-10
-3.2144612e-10
-3.2183819e-10
-3.2026959e-10
-3.2085778e-10
-3.2100492e-10
-3.2105396e-10
-3.2254902e-10
-3.2120101e-10
-3.2224262e-10
-3.2063721e-10
-3.208456e-10
-3.2122549e-10
-3.2278188e-10
-3.2414219e-10
-3.231127e-10
-3.2115194e-10
-3.2232844e-10
-3.2264708e-10
-3.2176464e-10
-3.2149514e-10
-3.2242645e-10
-3.2171571e-10
-3.226471e-10
-3.2125008e-10
-3.2171568e-10
-3.2243871e-10
-3.1987737e-10
-3.2203432e-10
-3.218015e-10
-3.2160544e-10
-3.2012257e-10
-3.2316178e-10
-3.2176478e-10
-3.2095585e-10
-3.203677e-10
-3.2002459e-10
-3.198162e-10
-3.2004907e-10
-3.1917891e-10
-3.1898287e-10
-3.1765932e-10
-3.1876232e-10
-3.1930147e-10
-3.2149508e-10
-3.1856615e-10
-3.2133576e-10
-3.2082109e-10
-3.2144609e-10
-3.2134806e-10
-3.2218139e-10
-3.2075978e-10
-3.2158087e-10
-3.2150732e-10
-3.2121317e-10
-3.1987746e-10
-3.2079656e-10
-3.2111527e-10
-3.227083e-10
-3.2100486e-10
-3.2136033e-10
-3.224388e-10
-3.2167896e-10
-3.2323533e-10
-3.2337003e-10
-3.2212003e-10
-3.2202208e-10
-3.2176473e-10
-3.2292888e-10
-3.2338232e-10
-3.2246325e-10
-3.2264705e-10
-3.2286765e-10
-3.2299013e-10
-3.208088e-10
-3.2196074e-10
-3.213971e-10
-3.2138489e-10
-3.2189951e-10
-3.2227937e-10
-3.2175246e-10
-3.2047798e-10
-3.1993877e-10
-3.2083336e-10
-3.2155634e-10
-3.2020836e-10
-3.2071079e-10
-3.1963235e-10
-3.2075986e-10
-3.19473e-10
-3.1838235e-10
-3.177697e-10
-3.1962016e-10
-3.1914213e-10
-3.2068634e-10
-3.2004907e-10
-3.2022057e-10
-3.2053918e-10
-3.2084566e-10
-3.2112751e-10
-3.2093134e-10
-3.2214459e-10
-3.2121328e-10
-3.2178926e-10
-3.2121325e-10
-3.2069852e-10
-3.225e-10
-3.2053932e-10
-3.2226716e-10
-3.1957112e-10
-3.2165448e-10
-3.2140932e-10
-3.2235301e-10
-3.2166669e-10
-3.2310049e-10
-3.227818e-10
-3.2182598e-10
-3.2314959e-10
-3.2276962e-10
-3.2104175e-10
-3.2120107e-10
-3.212991e-10
-3.2129907e-10
-3.2218131e-10
-3.2200981e-10
-3.2350486e-10
-3.2171568e-10
-3.214829e-10
-3.2208333e-10
-3.2232844e-10
-3.2053923e-10
-3.2011033e-10
-3.2192407e-10
-3.211765e-10
-3.1993871e-10
-3.2078434e-10
-3.1986519e-10
-3.2242642e-10
-3.1794115e-10
-3.198162e-10
-3.1948527e-10
-3.1910538e-10
-3.2007352e-10
-3.1962011e-10
-3.192647e-10
-3.2145828e-10
-3.2088232e-10
-3.1964464e-10
-3.1942404e-10
-3.2143382e-10
-3.2091907e-10
-3.1975492e-10
-3.2205882e-10
-3.2132355e-10
-3.2213243e-10
-3.2242653e-10
-3.2183825e-10
-3.2191178e-10
-3.2241423e-10
-3.2098041e-10
-3.2220585e-10
-3.2226724e-10
-3.2133582e-10
-3.2254899e-10
-3.2408087e-10
-3.2378672e-10
-3.2363967e-10
-3.2325981e-10
-3.2216912e-10
-3.2139708e-10
-3.2186276e-10
-3.2131128e-10
-3.2224259e-10
-3.2265934e-10
-3.2133576e-10
-3.2094358e-10
-3.2175246e-10
-3.2085798e-10
-3.2109074e-10
