-2.4733696e-10
-2.467391e-10
-2.4744565e-10
-2.4796196e-10
-2.4752717e-10
-2.4679345e-10
-2.4763586e-10
-2.4839672e-10
-2.4812502e-10
-2.4790758e-10
-2.4817934e-10
-2.4750002e-10
-2.4730976e-10
-2.4635871e-10
-2.4660324e-10
-2.4755434e-10
-2.4788044e-10
-2.4755434e-10
-2.4755431e-10
-2.4728261e-10
-2.4720109e-10
-2.4747285e-10
-2.4779892e-10
-2.4815219e-10
-2.4635868e-10
-2.4698368e-10
-2.4755434e-10
-2.4698368e-10
-2.4709237e-10
-2.4671196e-10
-2.4654886e-10
-2.4749996e-10
-2.4744565e-10
-2.4785327e-10
-2.4763586e-10
-2.4690217e-10
-2.4725547e-10
-2.4711957e-10
-2.4616847e-10
-2.4692934e-10
-2.4690217e-10
-2.4638586e-10
-2.4673916e-10
-2.4654892e-10
-2.4668476e-10
-2.4614127e-10
-2.4586957e-10
-2.4576086e-10
-2.4671196e-10
-2.4589675e-10
-2.4570648e-10
-2.4595109e-10
-2.4578803e-10
-2.4551627e-10
-2.4551633e-10
-2.4570654e-10
-2.455435e-10
-2.4605978e-10
-2.4679347e-10
-2.4611416e-10
-2.4687499e-10
-2.4660324e-10
-2.4687499e-10
-2.4630434e-10
-2.4627714e-10
-2.4722827e-10
-2.4595109e-10
-2.4538044e-10
-2.461685e-10
-2.4559782e-10
-2.4652175e-10
-2.4633154e-10
-2.4624996e-10
-2.4592392e-10
-2.4682062e-10
-2.4624999e-10
-2.4657609e-10
-2.4641303e-10
-2.4600541e-10
-2.4624999e-10
-2.4622279e-10
-2.4657609e-10
-2.4600541e-10
-2.458152e-10
-2.4592395e-10
-2.4638586e-10
-2.4649455e-10
-2.4630434e-10
-2.4627719e-10
-2.4644023e-10
-2.4692934e-10
-2.4638588e-10
-2.4695651e-10
-2.4622279e-10
-2.4692931e-10
-2.4725547e-10
-2.4728261e-10
-2.4717392e-10
-2.4663038e-10
-2.4635868e-10
-2.4682065e-10
-2.4671193e-10
-2.4687499e-10
-2.4736413e-10
-2.4663044e-10
-2.4736413e-10
-2.4752717e-10
-2.4714675e-10
-2.4722827e-10
-2.4771737e-10
-2.4687502e-10
-2.4896735e-10
-2.4796196e-10
-2.4809782e-10
-2.4834237e-10
-2.473641e-10
-2.4690217e-10
-2.4747282e-10
-2.4730976e-10
-2.4788044e-10
-2.4671196e-10
-2.4728258e-10
-2.4793476e-10
-2.4714672e-10
-2.4711955e-10
-2.4714675e-10
-2.4809779e-10
-2.4788041e-10
-2.4760866e-10
-2.4779889e-10
-2.4804347e-10
-2.4698368e-10
-2.4698368e-10
-2.4711957e-10
-2.4728258e-10
-2.4793478e-10
-2.4788041e-10
-2.480163e-10
-2.4788044e-10
-2.4717392e-10
-2.4736413e-10
-2.470652e-10
-2.4755437e-10
-2.4725547e-10
-2.4711955e-10
-2.4657607e-10
-2.4828806e-10
-2.4771743e-10
-2.4657607e-10
-2.4720109e-10
-2.4687499e-10
-2.4687499e-10
-2.4668481e-10
-2.4635868e-10
-2.4600541e-10
-2.4679347e-10
-2.4880434e-10
-2.4711955e-10
-2.4711952e-10
-2.4682062e-10
-2.4711957e-10
-2.470652e-10
-2.477174e-10
-2.4725547e-10
-2.4714672e-10
-2.4752717e-10
-2.4785327e-10
-2.4807062e-10
-2.4720109e-10
-2.4720109e-10
-2.4741847e-10
-2.4654892e-10
-2.4657609e-10
-2.4625002e-10
-2.4600541e-10
-2.4603258e-10
-2.4663044e-10
-2.4635866e-10
-2.4711957e-10
-2.4730978e-10
-2.4711955e-10
-2.4682062e-10
-2.4782609e-10
-2.4758154e-10
-2.4769023e-10
-2.4790758e-10
-2.480163e-10
-2.4760868e-10
-2.4826088e-10
-2.4771737e-10
-2.4858696e-10
-2.4807068e-10
-2.4733693e-10
-2.4812499e-10
-2.4782612e-10
-2.4817934e-10
-2.483424e-10
-2.4853258e-10
-2.4847827e-10
-2.4826086e-10
-2.4907607e-10
-2.4907609e-10
-2.4937499e-10
-2.4733696e-10
-2.4809782e-10
-2.4847829e-10
-2.4817934e-10
-2.4864127e-10
-2.4820651e-10
-2.4817934e-10
-2.4874999e-10
-2.4839675e-10
-2.4812502e-10
-2.4771737e-10
-2.4815217e-10
-2.4872282e-10
-2.4850544e-10
-2.489402e-10
-2.4855978e-10
-2.4855976e-10
-2.4842392e-10
-2.476902e-10
-2.4809782e-10
-2.4820651e-10
-2.4747282e-10
-2.4766306e-10
-2.4869568e-10
-2.4798913e-10
-2.4823368e-10
-2.4779889e-10
-2.4921196e-10
-2.4831523e-10
-2.4845107e-10
-2.486141e-10
-2.4820651e-10
-2.4839672e-10
-2.486141e-10
-2.4858693e-10
-2.4842389e-10
-2.4858693e-10
-2.4815219e-10
-2.4847827e-10
-2.4774455e-10
-2.4864133e-10
-2.4755434e-10
-2.4831523e-10
-2.4842389e-10
-2.480163e-10
-2.4880437e-10
-2.4853264e-10
-2.4831523e-10
-2.4826088e-10
-2.4885871e-10
-2.4812499e-10
-2.4820651e-10
-2.4788044e-10
-2.4736413e-10
-2.4730976e-10
-2.4741845e-10
-2.4736413e-10
-2.4796196e-10
-2.4782604e-10
-2.4777175e-10
-2.4850541e-10
-2.473641e-10
-2.470924e-10
-2.4809782e-10
-2.4760868e-10
-2.4796196e-10
-2.483152e-10
-2.486413e-10
-2.4850541e-10
-2.4807065e-10
-2.483424e-10
-2.4777175e-10
-2.4809782e-10
-2.473913e-10
-2.4657607e-10
-2.4660324e-10
-2.4777172e-10
-2.4782609e-10
-2.4817931e-10
-2.4771737e-10
-2.4793478e-10
-2.474185e-10
-2.4701083e-10
-2.4785329e-10
-2.4926627e-10
-2.4779889e-10
-2.4809785e-10
-2.4790756e-10
-2.4728261e-10
-2.4725544e-10
-2.4711957e-10
-2.4728261e-10
-2.4779892e-10
-2.489402e-10
-2.4782607e-10
-2.4769023e-10
-2.4790761e-10
-2.4847824e-10
-2.4885868e-10
-2.4790758e-10
-2.4880437e-10
-2.4842389e-10
-2.4855978e-10
-2.4853261e-10
-2.4815219e-10
-2.4815217e-10
-2.4826088e-10
-2.4820651e-10
-2.4828803e-10
-2.4842389e-10
-2.4817934e-10
-2.4771737e-10
-2.4913047e-10
-2.4845107e-10
-2.492663e-10
-2.4807065e-10
-2.4891303e-10
-2.4774455e-10
-2.4752717e-10
-2.4777172e-10
-2.4899457e-10
-2.492663e-10
-2.479891e-10
-2.4836955e-10
-2.4845107e-10
-2.4869565e-10
-2.4804347e-10
-2.4758154e-10
-2.4874999e-10
-2.4804347e-10
-2.4823371e-10
-2.4907609e-10
-2.4847824e-10
-2.4826088e-10
-2.4758148e-10
-2.4774455e-10
-2.4820651e-10
-2.483424e-10
-2.4823368e-10
-2.4779889e-10
-2.4807062e-10
-2.4858696e-10
-2.4828803e-10
-2.4842392e-10
-2.4790761e-10
-2.4766303e-10
-2.4695651e-10
-2.4815214e-10
-2.4779889e-10
-2.4771737e-10
-2.4725541e-10
-2.4782612e-10
-2.4760868e-10
-2.4755434e-10
-2.4777172e-10
-2.4722827e-10
-2.4711957e-10
-2.4714675e-10
-2.4703803e-10
-2.4663044e-10
-2.4687499e-10
-2.4711957e-10
-2.4703803e-10
-2.4703803e-10
-2.4720107e-10
-2.4698368e-10
-2.4728261e-10
-2.4717389e-10
-2.4703803e-10
-2.4804347e-10
-2.4785327e-10
-2.47663e-10
-2.4788044e-10
-2.4671193e-10
-2.4673913e-10
-2.4706523e-10
-2.4755434e-10
-2.4728261e-10
-2.470652e-10
-2.4752719e-10
-2.4644023e-10
-2.4687499e-10
-2.4701086e-10
-2.470652e-10
-2.4836957e-10
-2.483152e-10
-2.4853261e-10
-2.4809782e-10
-2.489674e-10
-2.4845107e-10
-2.4790764e-10
-2.4790761e-10
-2.4855981e-10
-2.4796198e-10
-2.4817937e-10
-2.4763586e-10
-2.4937499e-10
-2.492663e-10
-2.4826088e-10
-2.4864133e-10
-2.4858696e-10
-2.4850544e-10
-2.4961952e-10
-2.4934782e-10
-2.4945651e-10
-2.4956523e-10
-2.4861413e-10
-2.4942934e-10
-2.4880434e-10
-2.4845107e-10
-2.4853261e-10
-2.4760868e-10
-2.4918476e-10
-2.4758151e-10
-2.4826088e-10
-2.4807065e-10
-2.4747282e-10
-2.483424e-10
-2.4842389e-10
-2.4828803e-10
-2.4730976e-10
-2.4807062e-10
-2.4831517e-10
-2.4853264e-10
-2.4902172e-10
-2.4845109e-10
-2.4923913e-10
-2.4891303e-10
-2.4798913e-10
-2.4885868e-10
-2.4885868e-10
-2.4828803e-10
-2.4877717e-10
-2.4855981e-10
-2.4796196e-10
-2.4785327e-10
-2.483152e-10
-2.4790758e-10
-2.4807065e-10
-2.4861413e-10
-2.4812499e-10
-2.4812502e-10
-2.4864133e-10
-2.4853261e-10
-2.4842389e-10
-2.4828806e-10
-2.480163e-10
-2.4826088e-10
-2.4828803e-10
-2.4845109e-10
-2.4817934e-10
-2.4940217e-10
-2.4894023e-10
-2.4842389e-10
-2.4823371e-10
-2.4758151e-10
-2.4793478e-10
-2.4817931e-10
-2.483424e-10
-2.4782612e-10
-2.4839675e-10
-2.4766306e-10
-2.4703803e-10
-2.4758154e-10
-2.4709237e-10
-2.4766306e-10
-2.483424e-10
-2.4866847e-10
-2.4790764e-10
-2.4722827e-10
-2.4695648e-10
-2.4635866e-10
-2.4682065e-10
-2.473913e-10
-2.4717392e-10
-2.4714672e-10
-2.4649455e-10
-2.4736413e-10
-2.4739127e-10
-2.4790758e-10
-2.4785327e-10
-2.4755434e-10
-2.4695651e-10
-2.4725544e-10
-2.4790764e-10
-2.4692937e-10
-2.4711957e-10
-2.4758154e-10
-2.4777172e-10
-2.4769023e-10
-2.4733698e-10
-2.480435e-10
-2.4817934e-10
-2.4796196e-10
-2.4752717e-10
-2.4815217e-10
-2.4842389e-10
-2.4793476e-10
-2.4894023e-10
-2.4839672e-10
-2.4877719e-10
-2.4910327e-10
-2.4891306e-10
-2.492663e-10
-2.4877717e-10
-2.4869568e-10
-2.4845107e-10
-2.4823368e-10
-2.4839675e-10
-2.4809779e-10
-2.4703803e-10
-2.4828808e-10
-2.5070654e-10
-2.5540761e-10
-2.67663e-10
-2.8804351e-10
-3.1211955e-10
-3.3771738e-10
-3.6429346e-10
-3.8535325e-10
-4.0437503e-10
-4.1711956e-10
-4.2247281e-10
-4.2741852e-10
-4.2880433e-10
-4.2695655e-10
-4.2331522e-10
-4.1771742e-10
-4.110326e-10
-4.0301629e-10
-3.9415762e-10
-3.8739129e-10
-3.8119569e-10
-3.7524456e-10
-3.6823367e-10
-3.6127723e-10
-3.5570655e-10
-3.5152176e-10
-3.4728267e-10
-3.4342387e-10
-3.4095107e-10
-3.3717393e-10
-3.3445649e-10
-3.3065217e-10
-3.2809783e-10
-3.2423911e-10
-3.219022e-10
-3.2010869e-10
-3.1769024e-10
-3.1554342e-10
-3.1347827e-10
-3.1127717e-10
-3.0910324e-10
-3.080978e-10
-3.0638586e-10
-3.0426631e-10
-3.0241851e-10
-3.0081521e-10
-2.9983696e-10
-2.9877717e-10
-2.969022e-10
-2.9557062e-10
-2.9475541e-10
-2.9410327e-10
-2.9269023e-10
-2.9222824e-10
-2.9078806e-10
-2.9016303e-10
-2.8937502e-10
-2.8850541e-10
-2.8788041e-10
-2.8722827e-10
-2.8728259e-10
-2.8586955e-10
-2.8584243e-10
-2.8500002e-10
-2.8505437e-10
-2.8472827e-10
-2.831522e-10
-2.8353261e-10
-2.8336955e-10
-2.8366848e-10
-2.8315214e-10
-2.8203806e-10
-2.8203803e-10
-2.8201086e-10
-2.8247282e-10
-2.8179348e-10
-2.8059782e-10
-2.7991848e-10
-2.805163e-10
-2.8076086e-10
-2.7953809e-10
-2.7953806e-10
-2.7961955e-10
-2.7880431e-10
-2.7899455e-10
-2.7866845e-10
-2.786413e-10
-2.784783e-10
-2.7839672e-10
-2.7831518e-10
-2.7771738e-10
-2.7701083e-10
-2.7665764e-10
-2.7698371e-10
-2.767663e-10
-2.7671196e-10
-2.7627717e-10
-2.7597827e-10
-2.7554348e-10
-2.7543479e-10
-2.7660324e-10
-2.7597827e-10
-2.7644023e-10
-2.7551628e-10
-2.7597827e-10
-2.7524455e-10
-2.7478261e-10
-2.745924e-10
-2.7415761e-10
-2.7361416e-10
-2.7358696e-10
-2.7320649e-10
-2.730163e-10
-2.7296196e-10
-2.7364133e-10
-2.7279887e-10
-2.7339672e-10
-2.7307062e-10
-2.7233696e-10
-2.7195654e-10
-2.7217392e-10
-2.7154892e-10
-2.7225544e-10
-2.726902e-10
-2.7165761e-10
-2.7173913e-10
-2.7100547e-10
-2.7076086e-10
-2.714402e-10
-2.7217392e-10
-2.7100544e-10
-2.7089672e-10
-2.7103261e-10
-2.7097827e-10
-2.708424e-10
-2.7160324e-10
-2.7043476e-10
-2.6983696e-10
-2.6972827e-10
-2.6934782e-10
-2.7019023e-10
-2.699185e-10
-2.7016303e-10
-2.6980973e-10
-2.701902e-10
-2.6959235e-10
-2.6929348e-10
-2.6869565e-10
-2.6877717e-10
-2.7024458e-10
-2.6913041e-10
-2.6975541e-10
-2.6983696e-10
-2.6956523e-10
-2.6951086e-10
-2.6970112e-10
-2.7111416e-10
-2.6951086e-10
-2.6951086e-10
-2.6994562e-10
-2.6940217e-10
-2.692663e-10
-2.6961958e-10
-2.6891306e-10
-2.6926628e-10
-2.6937499e-10
-2.6869565e-10
-2.6902172e-10
-2.6910324e-10
-2.686413e-10
-2.6845107e-10
-2.6855976e-10
-2.6907609e-10
-2.6815219e-10
-2.6801625e-10
-2.6899458e-10
-2.6815214e-10
-2.6866848e-10
-2.686141e-10
-2.683152e-10
-2.6839672e-10
-2.6809779e-10
-2.6817934e-10
-2.6839672e-10
-2.6798913e-10
-2.6804345e-10
-2.6845109e-10
-2.6790764e-10
-2.6812499e-10
-2.6836958e-10
-2.6812502e-10
-2.6894018e-10
-2.6758151e-10
-2.6823371e-10
-2.6804345e-10
-2.6815214e-10
-2.6733699e-10
-2.6687502e-10
-2.6752717e-10
-2.6728258e-10
-2.6790761e-10
-2.6730976e-10
-2.6782607e-10
-2.6763586e-10
-2.6798913e-10
-2.683152e-10
-2.6769018e-10
-2.6817934e-10
-2.6763589e-10
-2.6720109e-10
-2.6728261e-10
-2.6714672e-10
-2.6663044e-10
-2.6703803e-10
-2.6796193e-10
-2.6777178e-10
-2.6627717e-10
-2.6722824e-10
-2.6671196e-10
-2.6730981e-10
-2.6657609e-10
-2.6717392e-10
-2.6589669e-10
-2.6644023e-10
-2.6733696e-10
-2.669294e-10
-2.6687497e-10
-2.6692937e-10
-2.6698371e-10
-2.6605979e-10
-2.6592392e-10
-2.6652172e-10
-2.6701086e-10
-2.6728258e-10
-2.6741848e-10
-2.667663e-10
-2.6701083e-10
-2.6717392e-10
-2.6701089e-10
-2.6644018e-10
-2.6668476e-10
-2.6701089e-10
-2.6690217e-10
-2.6624997e-10
-2.6627717e-10
-2.6652175e-10
-2.6646738e-10
-2.661413e-10
-2.6641303e-10
-2.6595109e-10
-2.6600547e-10
-2.6635866e-10
-2.648641e-10
-2.6565219e-10
-2.6589672e-10
-2.6603261e-10
-2.6592389e-10
-2.6592392e-10
-2.6624999e-10
-2.6565219e-10
-2.6614133e-10
-2.6592389e-10
-2.6508154e-10
-2.6527175e-10
-2.6480979e-10
-2.6453806e-10
-2.6442937e-10
-2.6421196e-10
-2.6478258e-10
-2.6478261e-10
-2.6497279e-10
-2.6437499e-10
-2.6434782e-10
-2.6353261e-10
-2.6529887e-10
-2.6480979e-10
-2.6543476e-10
-2.6540761e-10
-2.6407609e-10
-2.6399458e-10
-2.6475541e-10
-2.6494565e-10
-2.6483696e-10
-2.6527172e-10
-2.6451089e-10
-2.6377717e-10
-2.6415761e-10
-2.639402e-10
-2.6345107e-10
-2.6336955e-10
-2.6350541e-10
-2.6315214e-10
-2.6410324e-10
-2.6415761e-10
-2.6385868e-10
-2.6456523e-10
-2.6467389e-10
-2.6410324e-10
-2.6421196e-10
-2.6369568e-10
-2.6483696e-10
-2.6440219e-10
-2.642391e-10
-2.645652e-10
-2.646196e-10
-2.6377717e-10
-2.6331523e-10
-2.6347827e-10
-2.6396735e-10
-2.6388586e-10
-2.6380437e-10
-2.6404892e-10
-2.6432068e-10
-2.636141e-10
-2.639402e-10
-2.6388589e-10
-2.6402175e-10
-2.6339672e-10
-2.6364128e-10
-2.6391303e-10
-2.63913e-10
-2.6339672e-10
-2.6290761e-10
-2.6342392e-10
-2.6293479e-10
-2.6304345e-10
-2.6334238e-10
-2.6366848e-10
-2.636141e-10
-2.6271735e-10
-2.6288044e-10
-2.6396738e-10
-2.626902e-10
-2.6277175e-10
-2.6279889e-10
-2.6277172e-10
-2.6241845e-10
-2.6320651e-10
-2.6274458e-10
-2.6396738e-10
-2.6437497e-10
-2.6279892e-10
-2.6312499e-10
-2.6312499e-10
-2.6358696e-10
-2.6288041e-10
-2.6372279e-10
-2.633424e-10
-2.6347824e-10
-2.6317934e-10
-2.6331523e-10
-2.6342389e-10
-2.6372282e-10
-2.6317931e-10
-2.6307065e-10
-2.6323368e-10
-2.6252717e-10
-2.6239128e-10
-2.6266306e-10
-2.6309782e-10
-2.6249999e-10
-2.6222827e-10
-2.630435e-10
-2.6312505e-10
-2.6279892e-10
-2.6307062e-10
-2.6260868e-10
-2.6225544e-10
-2.6247279e-10
-2.6241848e-10
-2.6296193e-10
-2.624185e-10
-2.6263586e-10
-2.6252717e-10
-2.6298913e-10
-2.6307068e-10
-2.6201086e-10
-2.6260868e-10
-2.6184782e-10
-2.6255428e-10
-2.6192937e-10
-2.6152175e-10
-2.6198368e-10
-2.6230979e-10
-2.6290761e-10
-2.6282612e-10
-2.6269018e-10
-2.6211952e-10
-2.6220107e-10
-2.6141306e-10
-2.617663e-10
-2.6225541e-10
-2.630435e-10
-2.6323371e-10
-2.6312499e-10
-2.6309782e-10
-2.6250002e-10
-2.6236413e-10
-2.6252717e-10
-2.6249999e-10
-2.6233699e-10
-2.6179345e-10
-2.6184785e-10
-2.6214672e-10
-2.6146738e-10
-2.6168476e-10
-2.6157609e-10
-2.6171193e-10
-2.6163044e-10
-2.630435e-10
-2.6307062e-10
-2.6179348e-10
-2.6190214e-10
-2.6165761e-10
-2.6241845e-10
-2.6157607e-10
-2.6211958e-10
-2.6138586e-10
-2.6179348e-10
-2.6239136e-10
-2.6230979e-10
-2.6154892e-10
-2.6135871e-10
-2.620924e-10
-2.6222829e-10
-2.6138586e-10
-2.6236413e-10
-2.6233693e-10
-2.6225547e-10
-2.611685e-10
-2.6157607e-10
-2.6244565e-10
-2.6179348e-10
-2.6198368e-10
-2.6198368e-10
-2.6222827e-10
-2.6146743e-10
-2.624185e-10
-2.6198366e-10
-2.6187502e-10
-2.6230976e-10
-2.620652e-10
-2.6290758e-10
-2.6228261e-10
-2.6225547e-10
-2.6236416e-10
-2.6214672e-10
-2.6233699e-10
-2.6247279e-10
-2.627174e-10
-2.6244565e-10
-2.6249997e-10
-2.6230981e-10
-2.6290764e-10
-2.6244562e-10
-2.6163044e-10
-2.6059779e-10
-2.6176633e-10
-2.620924e-10
-2.6149455e-10
-2.6078803e-10
-2.6043476e-10
-2.6089675e-10
-2.6127717e-10
-2.6157607e-10
-2.6108696e-10
-2.6100541e-10
-2.6095107e-10
-2.6141303e-10
-2.6092392e-10
-2.6163044e-10
-2.6084238e-10
-2.6051628e-10
-2.6111416e-10
-2.6070654e-10
-2.6105981e-10
-2.6116848e-10
-2.6122282e-10
-2.6119562e-10
-2.6133148e-10
-2.6163044e-10
-2.6141306e-10
-2.6119568e-10
-2.6073368e-10
-2.6092395e-10
-2.6141306e-10
-2.614402e-10
-2.5989128e-10
-2.6051633e-10
-2.6070651e-10
-2.6065217e-10
-2.6103258e-10
-2.6089672e-10
-2.6076083e-10
-2.6086958e-10
-2.6089672e-10
-2.611685e-10
-2.6100541e-10
-2.6171196e-10
-2.6089672e-10
-2.6149455e-10
-2.6127717e-10
-2.6084243e-10
-2.6127717e-10
-2.6095109e-10
-2.617391e-10
-2.6149455e-10
-2.6067937e-10
-2.6133154e-10
-2.6133154e-10
-2.611141e-10
-2.598641e-10
-2.6171196e-10
-2.6067937e-10
-2.5999999e-10
-2.6092392e-10
-2.6059782e-10
-2.6073368e-10
-2.5940217e-10
-2.5961955e-10
-2.5978264e-10
-2.5991848e-10
-2.5994565e-10
-2.6065217e-10
-2.6095107e-10
-2.6157612e-10
-2.6100547e-10
-2.6054348e-10
-2.6010871e-10
-2.6073368e-10
-2.6043478e-10
-2.6095107e-10
-2.6027178e-10
-2.6002717e-10
-2.6008151e-10
-2.6024455e-10
-2.6032607e-10
-2.6035324e-10
-2.5964672e-10
-2.6035324e-10
-2.6008151e-10
-2.6062499e-10
-2.6130434e-10
-2.6062499e-10
-2.6048913e-10
-2.5989128e-10
-2.5961958e-10
-2.5991845e-10
-2.6024452e-10
-2.6073374e-10
-2.6070654e-10
-2.5999999e-10
-2.6027175e-10
-2.5983696e-10
-2.598913e-10
-2.5904892e-10
-2.5951086e-10
-2.5972827e-10
-2.5932065e-10
-2.5945651e-10
-2.5918476e-10
-2.5891303e-10
-2.5885874e-10
-2.5899458e-10
-2.6002717e-10
-2.5880431e-10
-2.5983696e-10
-2.592391e-10
-2.5937497e-10
-2.5940219e-10
-2.592935e-10
-2.601902e-10
-2.5951086e-10
-2.5945651e-10
-2.592663e-10
-2.5896738e-10
-2.5896738e-10
-2.5858696e-10
-2.5869568e-10
-2.5923913e-10
-2.5847824e-10
-2.5866848e-10
-2.5894023e-10
-2.5866848e-10
-2.5858696e-10
-2.5880434e-10
-2.592391e-10
-2.5877717e-10
-2.5980978e-10
-2.5942937e-10
-2.5804345e-10
-2.5934785e-10
-2.59538e-10
-2.5858696e-10
-2.5866848e-10
-2.5885868e-10
-2.5904892e-10
-2.5902175e-10
-2.5877714e-10
-2.5932065e-10
-2.5888586e-10
-2.5948371e-10
-2.5885866e-10
-2.5997285e-10
-2.5934782e-10
-2.6005431e-10
-2.5964675e-10
-2.5940214e-10
-2.5948368e-10
-2.5942934e-10
-2.589674e-10
-2.5883154e-10
-2.601902e-10
-2.5970109e-10
-2.6019017e-10
-2.5915761e-10
-2.583424e-10
-2.5828803e-10
-2.5910324e-10
-2.5921193e-10
-2.5932065e-10
-2.5845107e-10
-2.5855978e-10
-2.5932065e-10
-2.5967387e-10
-2.5915761e-10
-2.5918478e-10
-2.5883151e-10
-2.5967389e-10
-2.5929348e-10
-2.592935e-10
-2.5907607e-10
-2.5970109e-10
-2.5874997e-10
-2.5959238e-10
-2.5932065e-10
-2.5820651e-10
-2.5804348e-10
-2.5904892e-10
-2.5839675e-10
-2.5874997e-10
-2.5774455e-10
-2.5904889e-10
-2.5904889e-10
-2.5937499e-10
-2.5970107e-10
-2.5934782e-10
-2.5945654e-10
-2.5891306e-10
-2.5828806e-10
-2.5831523e-10
-2.579891e-10
-2.5747279e-10
-2.5717392e-10
-2.5763586e-10
-2.5774452e-10
-2.5793476e-10
-2.5635868e-10
-2.5722829e-10
-2.5769023e-10
-2.5815217e-10
-2.5836958e-10
-2.5842392e-10
-2.5866848e-10
-2.5804348e-10
-2.583424e-10
-2.5807068e-10
-2.5774458e-10
-2.5747279e-10
-2.5785327e-10
-2.5779889e-10
-2.5779895e-10
-2.5684779e-10
-2.5790761e-10
-2.5820654e-10
-2.5763586e-10
-2.5788041e-10
-2.567663e-10
-2.5855978e-10
-2.5758154e-10
-2.5815217e-10
-2.5774455e-10
-2.5766303e-10
-2.5744565e-10
-2.5758154e-10
-2.5760871e-10
-2.5641306e-10
-2.5752717e-10
-2.5633151e-10
-2.5633151e-10
-2.5671196e-10
-2.567391e-10
-2.5608698e-10
-2.564674e-10
-2.5692934e-10
-2.567663e-10
-2.5701088e-10
-2.5698371e-10
-2.5671196e-10
-2.5744565e-10
-2.5714672e-10
-2.5771738e-10
-2.5728261e-10
-2.5703803e-10
-2.5701088e-10
-2.5720109e-10
-2.5779892e-10
-2.5820651e-10
-2.5804345e-10
-2.5725547e-10
-2.5760871e-10
-2.5701088e-10
-2.5725538e-10
-2.5782609e-10
-2.5760868e-10
-2.5766303e-10
-2.5817934e-10
-2.5788044e-10
-2.5809782e-10
-2.5823366e-10
-2.5777175e-10
-2.5752717e-10
-2.5758148e-10
-2.5687499e-10
-2.5760868e-10
-2.5730976e-10
-2.5624999e-10
-2.5690217e-10
-2.5690214e-10
-2.5706526e-10
-2.5687499e-10
-2.5812499e-10
-2.5744565e-10
-2.5741848e-10
-2.5717389e-10
-2.5682062e-10
-2.5663044e-10
-2.5744565e-10
-2.5733699e-10
-2.5736416e-10
-2.577174e-10
-2.5703806e-10
-2.5682062e-10
-2.5774458e-10
-2.5714672e-10
-2.5801628e-10
-2.5790761e-10
-2.5717392e-10
-2.5722824e-10
-2.5790758e-10
-2.5744565e-10
-2.5736413e-10
-2.5769023e-10
-2.5774452e-10
-2.5798913e-10
-2.5785324e-10
-2.5758151e-10
-2.5714672e-10
-2.5763586e-10
-2.5809782e-10
-2.5668478e-10
-2.5763588e-10
-2.5714675e-10
-2.5717389e-10
-2.5730978e-10
-2.5736413e-10
-2.5801628e-10
-2.5687499e-10
-2.5684785e-10
-2.5665761e-10
-2.5652172e-10
-2.5752717e-10
-2.5690214e-10
-2.5722824e-10
-2.5692937e-10
-2.5665761e-10
-2.5652175e-10
-2.5657612e-10
-2.5725541e-10
-2.5646735e-10
-2.5663047e-10
-2.5586955e-10
-2.5750002e-10
-2.5744565e-10
-2.5733693e-10
-2.5760868e-10
-2.5703803e-10
-2.5728261e-10
-2.5619568e-10
-2.5630437e-10
-2.564402e-10
-2.570924e-10
-2.5714672e-10
-2.5687499e-10
-2.5652175e-10
-2.5622282e-10
-2.5644023e-10
-2.5752717e-10
-2.5790758e-10
-2.5809782e-10
-2.5744565e-10
-2.5728261e-10
-2.5747285e-10
-2.5812499e-10
-2.5779889e-10
-2.5842389e-10
-2.5782609e-10
-2.5741845e-10
-2.5676633e-10
-2.5739127e-10
-2.5687499e-10
-2.5657607e-10
-2.5679348e-10
-2.5728258e-10
-2.5714672e-10
-2.579891e-10
-2.576902e-10
-2.576902e-10
-2.5796193e-10
-2.5774452e-10
-2.5749999e-10
-2.5790758e-10
-2.5785327e-10
-2.5744565e-10
-2.5736413e-10
-2.5630431e-10
-2.5646738e-10
-2.570652e-10
-2.5760868e-10
-2.564946e-10
-2.5538044e-10
-2.5649458e-10
-2.558152e-10
-2.5679348e-10
-2.5600541e-10
-2.5597827e-10
-2.5668478e-10
-2.5720109e-10
-2.5671196e-10
-2.5605978e-10
-2.5635871e-10
-2.5624997e-10
-2.5633154e-10
-2.5657607e-10
-2.558152e-10
-2.5535324e-10
-2.551902e-10
-2.5578803e-10
-2.5660327e-10
-2.5603258e-10
-2.5671193e-10
-2.5646738e-10
-2.5633154e-10
-2.5567931e-10
-2.5570651e-10
-2.567391e-10
-2.5616845e-10
-2.5557062e-10
-2.558424e-10
-2.5603258e-10
-2.5540761e-10
-2.5529892e-10
-2.5554348e-10
-2.5684785e-10
-2.5578806e-10
-2.5644023e-10
-2.5595109e-10
-2.5586955e-10
-2.5660327e-10
-2.5567937e-10
-2.5540761e-10
-2.5529892e-10
-2.5622285e-10
-2.5649455e-10
-2.5660324e-10
-2.5570654e-10
-2.5611416e-10
-2.5635868e-10
-2.5540761e-10
-2.5524458e-10
-2.5562502e-10
-2.5497285e-10
-2.5576088e-10
-2.5524455e-10
-2.5592389e-10
-2.5576088e-10
-2.5491848e-10
-2.5497282e-10
-2.5499999e-10
-2.5513586e-10
-2.548913e-10
-2.5546196e-10
-2.5578806e-10
-2.551902e-10
-2.5464672e-10
-2.5592395e-10
-2.5614133e-10
-2.5508151e-10
-2.5532607e-10
-2.5502714e-10
-2.5546196e-10
-2.5592389e-10
-2.5538044e-10
-2.5630434e-10
-2.5567937e-10
-2.5619565e-10
-2.5570651e-10
-2.5589672e-10
-2.5595104e-10
-2.5641309e-10
-2.558424e-10
-2.5586955e-10
-2.5513583e-10
-2.5638586e-10
-2.5467395e-10
-2.5557065e-10
-2.5480976e-10
-2.5486413e-10
-2.5499997e-10
-2.5597827e-10
-2.5548913e-10
-2.5551627e-10
-2.5508151e-10
-2.5524455e-10
-2.5505434e-10
-2.5524455e-10
-2.548913e-10
-2.5478264e-10
-2.5494562e-10
-2.545652e-10
-2.5524455e-10
-2.5437499e-10
-2.555163e-10
-2.5567931e-10
-2.5529892e-10
-2.5472827e-10
-2.5494568e-10
-2.5559785e-10
-2.5494562e-10
-2.5510868e-10
-2.5527175e-10
-2.5459237e-10
-2.5510866e-10
-2.5524455e-10
-2.5494565e-10
-2.5516303e-10
-2.5538044e-10
-2.5499999e-10
-2.5500002e-10
-2.5499999e-10
-2.5402172e-10
-2.5353258e-10
-2.5442934e-10
-2.5404889e-10
-2.5510868e-10
-2.5521738e-10
-2.5502717e-10
-2.5535324e-10
-2.5499999e-10
-2.5532607e-10
-2.5445648e-10
-2.5440219e-10
-2.5505431e-10
-2.548913e-10
-2.5415761e-10
-2.5410327e-10
-2.5470112e-10
-2.5508151e-10
-2.5516309e-10
-2.5538044e-10
-2.5369565e-10
-2.5377719e-10
-2.5328803e-10
-2.5494562e-10
-2.5413041e-10
-2.5508151e-10
-2.5535324e-10
-2.5475541e-10
-2.5480976e-10
-2.5527172e-10
-2.5483696e-10
-2.5440211e-10
-2.5505431e-10
-2.5475541e-10
-2.5546196e-10
-2.5578806e-10
-2.5429348e-10
-2.5584238e-10
-2.5421198e-10
-2.5516303e-10
-2.5505437e-10
-2.5494562e-10
-2.5464672e-10
-2.5467389e-10
-2.5480976e-10
-2.5407607e-10
-2.5467389e-10
-2.5461955e-10
-2.545924e-10
-2.5451086e-10
-2.5415756e-10
-2.5529889e-10
-2.5456517e-10
-2.5592389e-10
-2.5527172e-10
-2.5440219e-10
-2.542391e-10
-2.5423907e-10
-2.539402e-10
-2.5372282e-10
-2.5461952e-10
-2.5423916e-10
-2.5418478e-10
-2.5516303e-10
-2.5494565e-10
-2.5410324e-10
-2.5494565e-10
-2.5548913e-10
-2.5413044e-10
-2.5467389e-10
-2.5467392e-10
-2.5453806e-10
-2.5554345e-10
-2.55163e-10
-2.5483696e-10
-2.5510874e-10
-2.5413041e-10
-2.5480978e-10
-2.5461952e-10
-2.5538044e-10
-2.5559779e-10
-2.5532607e-10
-2.551902e-10
-2.5527175e-10
-2.5510868e-10
-2.5423913e-10
-2.5505434e-10
-2.5538044e-10
-2.5578806e-10
-2.5445648e-10
-2.545924e-10
-2.5475544e-10
-2.5442934e-10
-2.5410324e-10
-2.5448368e-10
-2.5513583e-10
-2.5478264e-10
-2.5486416e-10
-2.5478258e-10
-2.5475541e-10
-2.5467389e-10
-2.5478258e-10
-2.5527172e-10
-2.5467392e-10
-2.5432065e-10
-2.5434782e-10
-2.5442934e-10
-2.5486413e-10
-2.5467389e-10
-2.5437502e-10
-2.545924e-10
-2.5464672e-10
-2.5391303e-10
-2.5407609e-10
-2.5437499e-10
-2.5426636e-10
-2.5399455e-10
-2.5413044e-10
-2.5364127e-10
-2.536685e-10
-2.5415761e-10
-2.542663e-10
-2.5383151e-10
-2.5413041e-10
-2.5434782e-10
-2.5464672e-10
-2.5442937e-10
-2.5372279e-10
-2.545924e-10
-2.5467395e-10
-2.5437499e-10
-2.5399458e-10
-2.5508154e-10
-2.5502717e-10
-2.5380434e-10
-2.5369568e-10
-2.5366845e-10
-2.5437502e-10
-2.5345107e-10
-2.5380434e-10
-2.5355976e-10
-2.5369565e-10
-2.5372279e-10
-2.5342392e-10
-2.5437502e-10
-2.5288041e-10
-2.5372279e-10
-2.5429348e-10
-2.5345107e-10
-2.5432065e-10
-2.5415761e-10
-2.5451086e-10
-2.5342392e-10
-2.5369565e-10
-2.5440217e-10
-2.5336955e-10
-2.5375002e-10
-2.5342392e-10
-2.542663e-10
-2.5388586e-10
-2.5364133e-10
-2.5480978e-10
-2.5432065e-10
-2.548641e-10
-2.5456523e-10
-2.5475544e-10
-2.5432065e-10
-2.5407609e-10
-2.5399455e-10
-2.5432062e-10
-2.5404895e-10
-2.5423913e-10
-2.5383151e-10
-2.5434782e-10
-2.5451088e-10
-2.5442934e-10
-2.536413e-10
-2.5475541e-10
-2.5440217e-10
-2.5413041e-10
-2.5317934e-10
-2.5472824e-10
-2.5448366e-10
-2.5377717e-10
-2.5478258e-10
-2.5475541e-10
-2.5383151e-10
-2.5385868e-10
-2.5483696e-10
-2.5377717e-10
-2.5388588e-10
-2.5459235e-10
-2.5445651e-10
-2.5402172e-10
-2.536141e-10
-2.5442931e-10
-2.5413044e-10
-2.5399455e-10
-2.5461958e-10
-2.542391e-10
-2.5355978e-10
-2.5418476e-10
-2.5448371e-10
-2.5442934e-10
-2.5320651e-10
-2.5331523e-10
-2.5323368e-10
-2.5423913e-10
-2.5334237e-10
-2.5320651e-10
-2.5203803e-10
-2.5320651e-10
-2.5258148e-10
-2.5252719e-10
-2.5358696e-10
-2.5334237e-10
-2.5239127e-10
-2.5266306e-10
-2.5282607e-10
-2.5288041e-10
-2.5323368e-10
-2.533424e-10
-2.5345109e-10
-2.5323368e-10
-2.530163e-10
-2.5369565e-10
-2.5402172e-10
-2.5391303e-10
-2.5372282e-10
-2.5380437e-10
-2.5391303e-10
-2.5369565e-10
-2.5331517e-10
-2.5366848e-10
-2.5288044e-10
-2.54538e-10
-2.5328806e-10
-2.5269023e-10
-2.5385868e-10
-2.5331523e-10
-2.5298913e-10
-2.5320654e-10
-2.5298916e-10
-2.5328806e-10
-2.5350544e-10
-2.5285327e-10
-2.5266306e-10
-2.5345107e-10
-2.5217392e-10
-2.5355978e-10
-2.5307062e-10
-2.5320651e-10
-2.5288044e-10
-2.5383151e-10
-2.5383154e-10
-2.5374999e-10
-2.5396743e-10
-2.5383151e-10
-2.5309782e-10
-2.5260868e-10
-2.5326088e-10
-2.5399455e-10
-2.5388588e-10
-2.5315219e-10
-2.5331523e-10
-2.5410324e-10
-2.5380434e-10
-2.5350544e-10
-2.5453806e-10
-2.5364127e-10
-2.5388586e-10
-2.5353258e-10
-2.5323366e-10
-2.5369565e-10
-2.5385868e-10
-2.5385868e-10
-2.5429348e-10
-2.5383154e-10
-2.5423913e-10
-2.5415761e-10
-2.5309782e-10
-2.5426633e-10
-2.5461958e-10
-2.5364127e-10
-2.5366848e-10
-2.5309782e-10
-2.5342392e-10
-2.5377717e-10
-2.5388588e-10
-2.5407609e-10
-2.5366848e-10
-2.5410324e-10
-2.5296196e-10
-2.5413044e-10
-2.5350544e-10
-2.5296196e-10
-2.5312497e-10
-2.5383154e-10
-2.539402e-10
-2.5336955e-10
-2.5421196e-10
-2.542663e-10
-2.5418476e-10
-2.5328803e-10
-2.5350544e-10
-2.5288044e-10
-2.5350544e-10
-2.5377717e-10
-2.5331523e-10
-2.533152e-10
-2.5385868e-10
-2.5366848e-10
-2.5374999e-10
-2.5323368e-10
-2.5410324e-10
-2.5331523e-10
-2.5336955e-10
-2.533424e-10
-2.5369565e-10
-2.5404892e-10
-2.5347829e-10
-2.5358693e-10
-2.5339675e-10
-2.539402e-10
-2.5339675e-10
-2.5380434e-10
-2.5345107e-10
-2.5404889e-10
-2.5388586e-10
-2.5429345e-10
-2.5415761e-10
-2.5540761e-10
-2.5472827e-10
-2.5432065e-10
-2.5347827e-10
-2.5358696e-10
-2.5369565e-10
-2.5402175e-10
-2.5361413e-10
-2.5328803e-10
-2.5282609e-10
-2.5372282e-10
-2.5383154e-10
-2.5304348e-10
-2.530163e-10
-2.5323368e-10
-2.5347827e-10
-2.5413044e-10
-2.5364127e-10
-2.5336955e-10
-2.5307065e-10
-2.5366848e-10
-2.5315214e-10
-2.5288044e-10
-2.5353261e-10
-2.5345107e-10
-2.5358693e-10
-2.5407607e-10
-2.5410324e-10
-2.5388588e-10
-2.5353261e-10
-2.5366848e-10
-2.5307068e-10
-2.530163e-10
-2.5250002e-10
-2.5222824e-10
-2.5239127e-10
-2.5312502e-10
-2.533152e-10
-2.5293478e-10
-2.5236413e-10
-2.5293478e-10
-2.5369565e-10
-2.5380434e-10
-2.5290758e-10
-2.5372279e-10
-2.53288e-10
-2.5372279e-10
-2.5391303e-10
-2.5355978e-10
-2.5345109e-10
-2.5464675e-10
-2.5423907e-10
-2.5448366e-10
-2.5399458e-10
-2.5372285e-10
-2.5413044e-10
-2.5377717e-10
-2.5513586e-10
-2.5483698e-10
-2.5410327e-10
-2.5519023e-10
-2.5497282e-10
-2.549185e-10
-2.5432065e-10
-2.5459237e-10
-2.5437499e-10
-2.5470109e-10
-2.5413044e-10
-2.5383154e-10
-2.5510871e-10
-2.5437499e-10
-2.5491848e-10
-2.5483698e-10
-2.5494565e-10
-2.5461958e-10
-2.5402172e-10
-2.5519023e-10
-2.5437497e-10
-2.5483696e-10
-2.5499999e-10
-2.5486416e-10
-2.5456523e-10
-2.5432065e-10
-2.5399458e-10
-2.5372285e-10
-2.5391303e-10
-2.5385868e-10
-2.5366848e-10
-2.5353258e-10
-2.5366848e-10
-2.533152e-10
-2.5385868e-10
-2.542663e-10
-2.5413041e-10
-2.5396735e-10
-2.5383157e-10
-2.5271737e-10
-2.5475544e-10
-2.5366848e-10
-2.533152e-10
-2.5290756e-10
-2.5282609e-10
-2.5304345e-10
-2.5187499e-10
-2.5307062e-10
-2.5228261e-10
-2.5293478e-10
-2.5331526e-10
-2.5255434e-10
-2.5298913e-10
-2.5315217e-10
-2.5293478e-10
-2.5290761e-10
-2.5301627e-10
-2.5309779e-10
-2.5388583e-10
-2.5407609e-10
-2.5380434e-10
-2.5415758e-10
-2.5350541e-10
-2.5377717e-10
-2.5421196e-10
-2.5317934e-10
-2.5345109e-10
-2.5233696e-10
-2.5293478e-10
-2.5201086e-10
-2.5230978e-10
-2.5309779e-10
-2.5323371e-10
-2.5336949e-10
-2.5342389e-10
-2.5334235e-10
-2.539402e-10
-2.5380434e-10
-2.5448368e-10
-2.5288044e-10
-2.5244568e-10
-2.5282609e-10
-2.5277175e-10
-2.5258154e-10
-2.5396743e-10
-2.5312499e-10
-2.5296196e-10
-2.5228261e-10
-2.5195651e-10
-2.5293478e-10
-2.5285327e-10
-2.5225541e-10
-2.523641e-10
-2.5241848e-10
-2.5241848e-10
-2.5315214e-10
-2.526902e-10
-2.5309776e-10
-2.5250002e-10
-2.5225541e-10
-2.5350544e-10
-2.5358696e-10
-2.5334237e-10
-2.5293476e-10
-2.5317934e-10
-2.5317934e-10
-2.530163e-10
-2.5434785e-10
-2.5380431e-10
-2.5380434e-10
-2.5413041e-10
-2.5353258e-10
-2.5372282e-10
-2.5336955e-10
-2.5404889e-10
-2.5383151e-10
-2.5366848e-10
-2.536141e-10
-2.5399455e-10
-2.5445654e-10
-2.5369565e-10
-2.5399458e-10
-2.539402e-10
-2.5364127e-10
-2.5339675e-10
-2.5391303e-10
-2.533696e-10
-2.5312499e-10
-2.5361413e-10
-2.5342392e-10
-2.5383154e-10
-2.5374999e-10
-2.5385868e-10
-2.5380434e-10
-2.5361416e-10
-2.5366845e-10
-2.5269026e-10
-2.5277172e-10
-2.5320651e-10
-2.5192937e-10
-2.5293478e-10
-2.5317934e-10
-2.5298913e-10
-2.5260868e-10
-2.5263586e-10
-2.5358696e-10
-2.5323368e-10
-2.5336958e-10
-2.5250002e-10
-2.5233693e-10
-2.5190217e-10
-2.5288041e-10
-2.520924e-10
-2.5160324e-10
-2.5209235e-10
-2.5220104e-10
-2.5214675e-10
-2.5230981e-10
-2.5266306e-10
-2.5209237e-10
-2.5135871e-10
-2.5146737e-10
-2.5154892e-10
-2.5165761e-10
-2.5195654e-10
-2.5184785e-10
-2.5154892e-10
-2.517663e-10
-2.5122285e-10
-2.5184779e-10
-2.5124999e-10
-2.5133154e-10
-2.508152e-10
-2.5135868e-10
-2.5070654e-10
-2.5108696e-10
-2.5157607e-10
-2.5141306e-10
-2.5160327e-10
-2.5192937e-10
-2.5258148e-10
-2.517391e-10
-2.5103256e-10
-2.5203803e-10
-2.5157607e-10
-2.5187494e-10
-2.5211958e-10
-2.5165764e-10
-2.5258154e-10
-2.5339675e-10
-2.5285327e-10
-2.529891e-10
-2.5396737e-10
-2.5277175e-10
-2.5293481e-10
-2.5301627e-10
-2.5383154e-10
-2.5225547e-10
-2.5214675e-10
-2.5304348e-10
-2.5241845e-10
-2.5285327e-10
-2.5239133e-10
-2.5274458e-10
-2.5293478e-10
-2.5350541e-10
-2.5271737e-10
-2.5220109e-10
-2.5296193e-10
-2.5244565e-10
-2.5377717e-10
-2.533424e-10
-2.5290758e-10
-2.5312499e-10
-2.5290758e-10
-2.5383154e-10
-2.5255434e-10
-2.5304353e-10
-2.5252717e-10
-2.5312499e-10
-2.5304345e-10
-2.5366842e-10
-2.5396737e-10
-2.5328803e-10
-2.5358696e-10
-2.5285327e-10
-2.5230976e-10
-2.5307062e-10
-2.5391306e-10
-2.5459237e-10
-2.5312499e-10
-2.5385871e-10
-2.5388588e-10
-2.5342392e-10
-2.5415761e-10
-2.5315219e-10
-2.536141e-10
-2.5380434e-10
-2.539674e-10
-2.5274458e-10
-2.5304345e-10
-2.5328803e-10
-2.5258151e-10
-2.5374997e-10
-2.5285327e-10
-2.5339672e-10
-2.5282609e-10
-2.5339675e-10
-2.5250002e-10
-2.5258154e-10
-2.5326086e-10
-2.536141e-10
-2.5307065e-10
-2.5317934e-10
-2.5288044e-10
-2.5366848e-10
-2.5241848e-10
-2.5326088e-10
-2.5309785e-10
-2.5328803e-10
-2.5326086e-10
-2.5296196e-10
-2.5342392e-10
-2.5394017e-10
-2.5434782e-10
-2.5366848e-10
-2.5402175e-10
-2.5258148e-10
-2.5269023e-10
-2.5369565e-10
-2.5279892e-10
-2.5271737e-10
-2.5269023e-10
-2.5358696e-10
-2.5271737e-10
-2.5282607e-10
-2.5252717e-10
-2.5252717e-10
-2.5364133e-10
-2.5391303e-10
-2.5298916e-10
-2.5334237e-10
-2.5347827e-10
-2.5440217e-10
-2.5418473e-10
-2.542935e-10
-2.5361413e-10
-2.5369565e-10
-2.5331523e-10
-2.5410327e-10
-2.533424e-10
-2.5364127e-10
-2.5491848e-10
-2.5413041e-10
-2.5383151e-10
-2.5364133e-10
-2.5328803e-10
-2.5383154e-10
-2.5410324e-10
-2.5442934e-10
-2.5402175e-10
-2.5413047e-10
-2.5304348e-10
-2.5317934e-10
-2.5345109e-10
-2.5358696e-10
-2.5339675e-10
-2.5423913e-10
-2.5274455e-10
-2.5342392e-10
-2.5377717e-10
-2.5326088e-10
-2.5399458e-10
-2.5467389e-10
-2.5347824e-10
-2.5377719e-10
-2.533424e-10
-2.5312499e-10
-2.5320651e-10
-2.5480978e-10
-2.5453806e-10
-2.5364127e-10
-2.5461955e-10
-2.5388588e-10
-2.5402175e-10
-2.5383154e-10
-2.5350544e-10
-2.5366845e-10
-2.5470107e-10
-2.5374999e-10
-2.5288044e-10
-2.5347824e-10
-2.5296193e-10
-2.5288044e-10
-2.5309782e-10
-2.5320651e-10
-2.5258151e-10
-2.5309782e-10
-2.5328803e-10
-2.5320651e-10
-2.5296193e-10
-2.5323368e-10
-2.52663e-10
-2.5247279e-10
-2.5179347e-10
-2.5225544e-10
-2.5263586e-10
-2.5203803e-10
-2.5336955e-10
-2.5258148e-10
-2.5260868e-10
-2.5274458e-10
-2.5244562e-10
-2.5271737e-10
-2.5293478e-10
-2.5277172e-10
-2.530163e-10
-2.533424e-10
-2.52663e-10
-2.5285324e-10
-2.5171193e-10
-2.5190214e-10
-2.5201088e-10
-2.5252717e-10
-2.5260868e-10
-2.5258148e-10
-2.5182068e-10
-2.5225538e-10
-2.5230976e-10
-2.5211955e-10
-2.5211958e-10
-2.5249999e-10
-2.5342389e-10
-2.5252717e-10
-2.520652e-10
-2.5222827e-10
-2.5290761e-10
-2.5282612e-10
-2.5230976e-10
-2.5171198e-10
-2.526902e-10
-2.514402e-10
-2.5146737e-10
-2.533424e-10
-2.5296193e-10
-2.5266308e-10
-2.5211958e-10
-2.5201088e-10
-2.5279889e-10
-2.5258148e-10
-2.5271737e-10
-2.5255434e-10
-2.5233696e-10
-2.5141303e-10
-2.5220109e-10
-2.5201086e-10
-2.5315219e-10
-2.5244562e-10
-2.5323368e-10
-2.5317934e-10
-2.5282609e-10
-2.5293478e-10
-2.5239133e-10
-2.5312499e-10
-2.5334237e-10
-2.533424e-10
-2.5230976e-10
-2.5288044e-10
-2.5315219e-10
-2.5323368e-10
-2.5339672e-10
-2.5317934e-10
-2.5366848e-10
-2.5358696e-10
-2.5277172e-10
-2.5358693e-10
-2.5285327e-10
-2.5285327e-10
-2.5383151e-10
-2.5282609e-10
-2.52663e-10
-2.5296193e-10
-2.5309782e-10
-2.5301627e-10
-2.5326083e-10
-2.539402e-10
-2.5271737e-10
-2.5317934e-10
-2.5304348e-10
-2.5290761e-10
-2.5339675e-10
-2.5296193e-10
-2.5266306e-10
-2.5301627e-10
-2.5328803e-10
-2.5236413e-10
-2.5293478e-10
-2.5269023e-10
-2.5260868e-10
-2.5222824e-10
-2.5244565e-10
-2.5263586e-10
-2.5239133e-10
-2.5410324e-10
-2.5290761e-10
-2.5260871e-10
-2.5364133e-10
-2.5334237e-10
-2.5293478e-10
-2.524185e-10
-2.5252717e-10
-2.5173913e-10
-2.5255434e-10
-2.5217392e-10
-2.5230976e-10
-2.5228258e-10
-2.5222824e-10
-2.5225544e-10
-2.5214672e-10
-2.520652e-10
-2.520652e-10
-2.514402e-10
-2.5236413e-10
-2.5217392e-10
-2.5201086e-10
-2.5184785e-10
-2.5233698e-10
-2.5163041e-10
-2.5301627e-10
-2.5222824e-10
-2.5138586e-10
-2.5260868e-10
-2.5192931e-10
-2.527174e-10
-2.5249997e-10
-2.527174e-10
-2.5250002e-10
-2.5133151e-10
-2.5152175e-10
-2.5211955e-10
-2.5092389e-10
-2.5100544e-10
-2.5206526e-10
-2.5182068e-10
-2.5157604e-10
-2.5176625e-10
-2.5195651e-10
-2.5198368e-10
-2.5184785e-10
-2.5182065e-10
-2.5230981e-10
-2.5298913e-10
-2.5247285e-10
-2.5263586e-10
-2.5320654e-10
-2.52663e-10
-2.523913e-10
-2.5241848e-10
-2.5255434e-10
-2.5263586e-10
-2.5209237e-10
-2.5296196e-10
-2.5279889e-10
-2.5290764e-10
-2.5260868e-10
-2.5211958e-10
-2.5220109e-10
-2.5119565e-10
-2.5263586e-10
-2.5173916e-10
-2.529891e-10
-2.5296196e-10
-2.526902e-10
-2.5258151e-10
-2.526902e-10
-2.5249997e-10
-2.5282609e-10
-2.5241845e-10
-2.5230976e-10
-2.5220109e-10
-2.5182062e-10
-2.5198368e-10
-2.5152175e-10
-2.5239125e-10
-2.5277175e-10
-2.533424e-10
-2.5288041e-10
-2.5277178e-10
-2.5233696e-10
-2.5298916e-10
-2.5266303e-10
-2.5309782e-10
-2.5252717e-10
-2.5182062e-10
-2.5277175e-10
-2.5201086e-10
-2.517663e-10
-2.5249997e-10
-2.5323368e-10
-2.5241848e-10
-2.5165758e-10
-2.5192934e-10
-2.5152175e-10
-2.5198366e-10
-2.5230981e-10
-2.5252714e-10
-2.5187499e-10
-2.5214669e-10
-2.5260868e-10
-2.5263588e-10
-2.5201088e-10
-2.5149455e-10
-2.520924e-10
-2.5168473e-10
-2.5135871e-10
-2.5163044e-10
-2.513858e-10
-2.5187497e-10
-2.5133148e-10
-2.5209235e-10
-2.511685e-10
-2.5165761e-10
-2.5201088e-10
-2.5149455e-10
-2.5244565e-10
-2.5201088e-10
-2.5380434e-10
-2.5263588e-10
-2.5187497e-10
-2.5247282e-10
-2.5195651e-10
-2.5198368e-10
-2.5244565e-10
-2.5258151e-10
-2.5211955e-10
-2.524185e-10
-2.5220109e-10
-2.5269023e-10
-2.5377719e-10
-2.5374999e-10
-2.5391306e-10
-2.5383151e-10
-2.5383151e-10
-2.5353261e-10
-2.5320651e-10
-2.5279889e-10
-2.5317934e-10
-2.5290761e-10
-2.5258154e-10
-2.5274455e-10
-2.5233693e-10
-2.5190219e-10
-2.533152e-10
-2.5214675e-10
-2.5241848e-10
-2.5326083e-10
-2.5285327e-10
-2.5236413e-10
-2.530163e-10
-2.5336958e-10
-2.5342392e-10
-2.5263586e-10
-2.5317937e-10
-2.5288044e-10
-2.5244565e-10
-2.5236413e-10
-2.5252717e-10
-2.5282604e-10
-2.5369562e-10
-2.5355973e-10
-2.5301627e-10
-2.5317937e-10
-2.5298913e-10
-2.5317934e-10
-2.5285329e-10
-2.5320651e-10
-2.5228258e-10
-2.5301627e-10
-2.5225544e-10
-2.5374999e-10
-2.5304345e-10
-2.5323366e-10
-2.533424e-10
-2.5247279e-10
-2.5399458e-10
-2.5315214e-10
-2.5228261e-10
-2.5339669e-10
-2.5339672e-10
-2.5307065e-10
-2.5279889e-10
-2.5190219e-10
-2.5263586e-10
-2.5271737e-10
-2.5285327e-10
-2.5307065e-10
-2.5331523e-10
-2.5233696e-10
-2.5225541e-10
-2.5233696e-10
-2.5149455e-10
-2.5214675e-10
-2.5141303e-10
-2.5315217e-10
-2.5263588e-10
-2.517391e-10
-2.5198371e-10
-2.5222824e-10
-2.5239127e-10
-2.523913e-10
-2.5209237e-10
-2.5236413e-10
-2.5239133e-10
-2.5228261e-10
-2.5225541e-10
-2.5160327e-10
-2.5125002e-10
-2.5195651e-10
-2.5092389e-10
-2.5086955e-10
-2.5192934e-10
-2.5097827e-10
-2.5144023e-10
-2.5078806e-10
-2.5163044e-10
-2.5163044e-10
-2.5141303e-10
-2.523913e-10
-2.5236413e-10
-2.5211958e-10
-2.5171196e-10
-2.5198368e-10
-2.5171196e-10
-2.5144023e-10
-2.5135868e-10
-2.514402e-10
-2.5057065e-10
-2.5171196e-10
-2.5152169e-10
-2.5144023e-10
-2.511141e-10
-2.5130434e-10
-2.5141306e-10
-2.5168476e-10
-2.5165761e-10
-2.5190217e-10
-2.5222827e-10
-2.5182065e-10
-2.5138586e-10
-2.5154889e-10
-2.5076083e-10
-2.5203803e-10
-2.508152e-10
-2.5184782e-10
-2.517391e-10
-2.5176633e-10
-2.5154887e-10
-2.5192937e-10
-2.5168476e-10
-2.5201088e-10
-2.5157609e-10
-2.5182062e-10
-2.5279892e-10
-2.5192931e-10
-2.5244565e-10
-2.527174e-10
-2.5222824e-10
-2.5211958e-10
-2.5209235e-10
-2.5195651e-10
-2.5192934e-10
-2.5233698e-10
-2.5217392e-10
-2.527174e-10
-2.5125002e-10
-2.5149455e-10
-2.5195651e-10
-2.5086958e-10
-2.5165761e-10
-2.5108696e-10
-2.5279889e-10
-2.5184782e-10
-2.5190214e-10
-2.5133154e-10
-2.5127717e-10
-2.505163e-10
-2.5209237e-10
-2.5125002e-10
-2.5062502e-10
-2.5184782e-10
-2.5228261e-10
-2.5138588e-10
-2.5141308e-10
-2.511413e-10
-2.5184779e-10
-2.5105978e-10
-2.5228258e-10
-2.5328803e-10
-2.5154892e-10
-2.5244562e-10
-2.5160327e-10
-2.5168478e-10
-2.5089672e-10
-2.5214672e-10
-2.5198368e-10
-2.5133151e-10
-2.511685e-10
-2.5214672e-10
-2.511413e-10
-2.5138586e-10
-2.5141303e-10
-2.5190214e-10
-2.5097827e-10
-2.5233696e-10
-2.5228261e-10
-2.526902e-10
-2.5144023e-10
-2.5271737e-10
-2.5220109e-10
-2.5182065e-10
-2.5127714e-10
-2.523913e-10
-2.5203803e-10
-2.511141e-10
-2.5135866e-10
-2.5152175e-10
-2.5171196e-10
-2.5168473e-10
-2.5187499e-10
-2.5190217e-10
-2.5201086e-10
-2.5247285e-10
-2.5195651e-10
-2.5171196e-10
-2.5152172e-10
-2.5163044e-10
-2.5133148e-10
-2.5095104e-10
-2.5119565e-10
-2.5108693e-10
-2.5149458e-10
-2.5065214e-10
-2.5157607e-10
-2.5103261e-10
-2.5168478e-10
-2.5130434e-10
-2.508152e-10
-2.5092392e-10
-2.5182065e-10
-2.5165758e-10
-2.5195651e-10
-2.517663e-10
-2.508152e-10
-2.5149455e-10
-2.5076086e-10
-2.5157607e-10
-2.5105978e-10
-2.5138586e-10
-2.5095107e-10
-2.5108696e-10
-2.5092392e-10
-2.5100541e-10
-2.5122282e-10
-2.5086958e-10
-2.5111416e-10
-2.5184785e-10
-2.5198368e-10
-2.5201088e-10
-2.5184782e-10
-2.5209237e-10
-2.5152175e-10
-2.5206526e-10
-2.5179347e-10
-2.5111413e-10
-2.5108693e-10
-2.5097827e-10
-2.5057062e-10
-2.5149455e-10
-2.5269026e-10
-2.5206523e-10
-2.5097827e-10
-2.5111413e-10
-2.5187494e-10
-2.5214672e-10
-2.5141303e-10
-2.5152175e-10
-2.5160324e-10
-2.5230976e-10
-2.517391e-10
-2.5163044e-10
-2.5122282e-10
-2.517391e-10
-2.5141306e-10
-2.5046196e-10
-2.5059782e-10
-2.5048913e-10
-2.511685e-10
-2.5168478e-10
-2.5073368e-10
-2.5168478e-10
-2.5222827e-10
-2.5190214e-10
-2.5190214e-10
-2.5154892e-10
-2.5260868e-10
-2.5252714e-10
-2.5247279e-10
-2.5279889e-10
-2.5247282e-10
-2.5266306e-10
-2.5334237e-10
-2.5201083e-10
-2.5198368e-10
-2.5326088e-10
-2.5247279e-10
-2.5149455e-10
-2.524185e-10
-2.5211958e-10
-2.5184785e-10
-2.5179347e-10
-2.5192931e-10
-2.5211958e-10
-2.5192931e-10
-2.5105978e-10
-2.5081523e-10
-2.511413e-10
-2.5146737e-10
-2.5236413e-10
-2.5192934e-10
-2.5182065e-10
-2.5086958e-10
-2.5220109e-10
-2.5220104e-10
-2.5195654e-10
-2.5209237e-10
-2.5203803e-10
-2.5192934e-10
-2.5195651e-10
-2.5277172e-10
-2.5141306e-10
-2.5168481e-10
-2.5217392e-10
-2.5157607e-10
-2.5144023e-10
-2.5157612e-10
-2.5249999e-10
-2.5228261e-10
-2.5182062e-10
-2.5176633e-10
-2.5157609e-10
-2.5187499e-10
-2.5260868e-10
-2.521196e-10
-2.523913e-10
-2.5244565e-10
-2.5282607e-10
-2.526902e-10
-2.5323366e-10
-2.5258151e-10
-2.5241848e-10
-2.5323371e-10
-2.5315217e-10
-2.5309782e-10
-2.530163e-10
-2.5293476e-10
-2.520652e-10
-2.5182065e-10
-2.5225544e-10
-2.5288047e-10
-2.5277175e-10
-2.5184785e-10
-2.5179347e-10
-2.5263586e-10
-2.5152175e-10
-2.5260868e-10
-2.5255434e-10
-2.5209237e-10
-2.5230978e-10
-2.5274455e-10
-2.5217392e-10
-2.5222824e-10
-2.5323368e-10
-2.5288041e-10
-2.5288044e-10
-2.5274458e-10
-2.5220107e-10
-2.5258151e-10
-2.5258148e-10
-2.5252717e-10
-2.5277169e-10
-2.5320651e-10
-2.5250002e-10
-2.5290758e-10
-2.536141e-10
-2.5307068e-10
-2.5282604e-10
-2.5304345e-10
-2.5203808e-10
-2.5206523e-10
-2.5171196e-10
-2.5266303e-10
-2.5290756e-10
-2.5282609e-10
-2.5277178e-10
-2.5328803e-10
-2.5290758e-10
-2.5290764e-10
-2.5288044e-10
-2.5369565e-10
-2.5282609e-10
-2.5244565e-10
-2.5252717e-10
-2.5195651e-10
-2.5168476e-10
-2.5119568e-10
-2.5168476e-10
-2.5230976e-10
-2.5247282e-10
-2.5173913e-10
-2.5217392e-10
-2.5255434e-10
-2.5233698e-10
-2.5247282e-10
-2.5171196e-10
-2.5097827e-10
-2.5228261e-10
-2.5130434e-10
-2.5165758e-10
-2.5127719e-10
-2.5135868e-10
-2.5111413e-10
-2.5057065e-10
-2.5119568e-10
-2.5133154e-10
-2.5127714e-10
-2.5097824e-10
-2.508152e-10
-2.5144017e-10
-2.5092389e-10
-2.5160327e-10
-2.5057065e-10
-2.508152e-10
-2.5095104e-10
-2.5122282e-10
-2.5138586e-10
-2.5152175e-10
-2.5122285e-10
-2.517391e-10
-2.5059779e-10
-2.4951086e-10
-2.5062499e-10
-2.504619e-10
-2.511413e-10
-2.5057065e-10
-2.5084237e-10
-2.5095104e-10
-2.5160324e-10
-2.5059782e-10
-2.5130434e-10
-2.5103261e-10
-2.5144023e-10
-2.514674e-10
-2.5038041e-10
-2.5135868e-10
-2.5108693e-10
-2.5135868e-10
-2.5046196e-10
-2.5195648e-10
-2.5168478e-10
-2.5154892e-10
-2.5138583e-10
-2.521196e-10
-2.520924e-10
-2.5144023e-10
-2.5138586e-10
-2.5163044e-10
-2.5119565e-10
-2.5154892e-10
-2.5220107e-10
-2.5260868e-10
-2.5214675e-10
-2.5252717e-10
-2.5252717e-10
-2.5225538e-10
-2.5154892e-10
-2.5222824e-10
-2.5192937e-10
-2.5225541e-10
-2.5269023e-10
-2.5176633e-10
-2.5116847e-10
-2.5152175e-10
-2.5160327e-10
-2.5146737e-10
-2.5157609e-10
-2.5163044e-10
-2.5222824e-10
-2.5184782e-10
-2.5152175e-10
-2.5149455e-10
-2.5192931e-10
-2.5239136e-10
-2.5214672e-10
-2.5163044e-10
-2.5179345e-10
-2.5171196e-10
-2.5103261e-10
-2.5092389e-10
-2.5160321e-10
-2.5116845e-10
-2.5124997e-10
-2.5165758e-10
-2.5043476e-10
-2.5171196e-10
-2.5086958e-10
-2.504891e-10
-2.5141303e-10
-2.5135868e-10
-2.511141e-10
-2.5059779e-10
-2.4994562e-10
-2.5062499e-10
-2.511413e-10
-2.5024452e-10
-2.4997285e-10
-2.4978258e-10
-2.4978258e-10
-2.5062502e-10
-2.5024455e-10
-2.5043478e-10
-2.5040761e-10
-2.5057065e-10
-2.5073368e-10
-2.5127717e-10
-2.5095109e-10
-2.517391e-10
-2.5160327e-10
-2.5138586e-10
-2.5051627e-10
-2.5214672e-10
-2.5005437e-10
-2.5040761e-10
-2.5057068e-10
-2.5084237e-10
-2.5097827e-10
-2.5105978e-10
-2.5108696e-10
-2.502174e-10
-2.5038044e-10
-2.5078806e-10
-2.508424e-10
-2.5103261e-10
-2.5024455e-10
-2.5067931e-10
-2.5040758e-10
-2.5002719e-10
-2.5062497e-10
-2.5100547e-10
-2.5010868e-10
-2.5073368e-10
-2.5000002e-10
-2.508424e-10
-2.505163e-10
-2.5016306e-10
-2.5111416e-10
-2.5065217e-10
-2.5019017e-10
-2.4999999e-10
-2.4986413e-10
-2.5065217e-10
-2.5054345e-10
-2.5105978e-10
-2.5059779e-10
-2.5048913e-10
-2.4997285e-10
-2.5078806e-10
-2.5057065e-10
-2.5105976e-10
-2.5089672e-10
-2.5116847e-10
-2.5108693e-10
-2.5054347e-10
-2.5065217e-10
-2.5062499e-10
-2.5076086e-10
-2.5133151e-10
-2.5103256e-10
-2.5152172e-10
-2.5057062e-10
-2.5043478e-10
-2.5013583e-10
-2.5005434e-10
-2.5054345e-10
-2.5062497e-10
-2.5051633e-10
-2.5035324e-10
-2.5070651e-10
-2.5076086e-10
-2.4999999e-10
-2.5059782e-10
-2.5046193e-10
-2.5111413e-10
-2.5092389e-10
-2.5073368e-10
-2.511685e-10
-2.5081523e-10
-2.5122282e-10
-2.5013586e-10
-2.5070651e-10
-2.5005434e-10
-2.5070648e-10
-2.5076088e-10
-2.5032607e-10
-2.5105978e-10
-2.5089672e-10
-2.5054345e-10
-2.5032609e-10
-2.5076088e-10
-2.5073368e-10
-2.502174e-10
-2.5165764e-10
-2.5097827e-10
-2.5133157e-10
-2.5013588e-10
-2.5062502e-10
-2.5095109e-10
-2.5124999e-10
-2.5051633e-10
-2.5078803e-10
-2.5027172e-10
-2.5070654e-10
-2.5000002e-10
-2.5057065e-10
-2.5032607e-10
-2.5108693e-10
-2.4997285e-10
-2.4997282e-10
-2.5048913e-10
-2.5076086e-10
-2.4999999e-10
-2.502174e-10
-2.5035324e-10
-2.498641e-10
-2.4983696e-10
-2.5032607e-10
-2.4970112e-10
-2.5024455e-10
-2.489402e-10
-2.4978261e-10
-2.4932065e-10
-2.486413e-10
-2.4858693e-10
-2.4932065e-10
-2.5021737e-10
-2.4836955e-10
-2.4874999e-10
-2.4828803e-10
-2.4847827e-10
-2.483152e-10
-2.4877719e-10
-2.4932065e-10
-2.4945651e-10
-2.4907609e-10
-2.4945651e-10
-2.4934782e-10
-2.4885868e-10
-2.4923913e-10
-2.4942937e-10
-2.4961952e-10
-2.5021737e-10
-2.5000002e-10
-2.4964675e-10
-2.5010866e-10
-2.4970107e-10
-2.5008151e-10
-2.5010866e-10
-2.5046193e-10
-2.5059782e-10
-2.4980981e-10
-2.4986413e-10
-2.4980976e-10
-2.5043476e-10
-2.4983696e-10
-2.5070654e-10
-2.5070651e-10
-2.5038041e-10
-2.5057062e-10
-2.5124997e-10
-2.5059785e-10
-2.5059782e-10
-2.5108693e-10
-2.5100544e-10
-2.495652e-10
-2.4972827e-10
-2.5035327e-10
-2.5019023e-10
-2.5059782e-10
-2.5048913e-10
-2.5054347e-10
-2.5100547e-10
-2.511413e-10
-2.5043476e-10
-2.5076088e-10
-2.4991847e-10
-2.502174e-10
-2.5124994e-10
-2.5038044e-10
-2.5105978e-10
-2.5005431e-10
-2.5032607e-10
-2.4999999e-10
-2.5035324e-10
-2.5005431e-10
-2.5100541e-10
-2.5078803e-10
-2.4991847e-10
-2.5127714e-10
-2.5067939e-10
-2.5054342e-10
-2.4999999e-10
-2.4999999e-10
-2.5040761e-10
-2.5035324e-10
-2.5043478e-10
-2.5100547e-10
-2.5059779e-10
-2.4997279e-10
-2.4921196e-10
-2.4907609e-10
-2.501902e-10
-2.4942934e-10
-2.4961955e-10
-2.4978258e-10
-2.498641e-10
-2.4937497e-10
-2.5043476e-10
-2.4975541e-10
-2.4932068e-10
-2.4921198e-10
-2.4983698e-10
-2.489402e-10
-2.4942934e-10
-2.5016303e-10
-2.5013588e-10
-2.4994568e-10
-2.4959237e-10
-2.4937497e-10
-2.4918476e-10
-2.4913047e-10
-2.4997285e-10
-2.4934782e-10
-2.4921196e-10
-2.4942934e-10
-2.4945648e-10
-2.4880434e-10
-2.5043476e-10
-2.498913e-10
-2.4932065e-10
-2.5002714e-10
-2.4932065e-10
-2.4932065e-10
-2.4828803e-10
-2.4937497e-10
-2.4869565e-10
-2.4951086e-10
-2.4929347e-10
-2.4929347e-10
-2.4951086e-10
-2.501902e-10
-2.5024455e-10
-2.5005431e-10
-2.5002714e-10
-2.5024458e-10
-2.5059782e-10
-2.501902e-10
-2.505435e-10
-2.505163e-10
-2.5016303e-10
-2.4980978e-10
-2.4975541e-10
-2.4975544e-10
-2.5013588e-10
-2.492663e-10
-2.4942934e-10
-2.4880434e-10
-2.4847827e-10
-2.4956523e-10
-2.4872282e-10
-2.4945651e-10
-2.4883154e-10
-2.4953803e-10
-2.5027172e-10
-2.5038044e-10
-2.5021735e-10
-2.5008154e-10
-2.5095109e-10
-2.4956517e-10
-2.4937502e-10
-2.4885868e-10
-2.4918478e-10
-2.4874999e-10
-2.4942931e-10
-2.4953803e-10
-2.4991847e-10
-2.4967395e-10
-2.4942937e-10
-2.4872285e-10
-2.4967389e-10
-2.4964675e-10
-2.4942937e-10
-2.4921196e-10
-2.4986413e-10
-2.4951088e-10
-2.4904886e-10
-2.4902172e-10
-2.4921193e-10
-2.4945651e-10
-2.4918476e-10
-2.498913e-10
-2.4907609e-10
-2.4872285e-10
-2.4899455e-10
-2.489674e-10
-2.49538e-10
-2.4896743e-10
-2.4918478e-10
-2.4983696e-10
-2.4940217e-10
-2.4942934e-10
-2.5029889e-10
-2.4980973e-10
-2.4874997e-10
-2.5040761e-10
-2.4999999e-10
-2.5024455e-10
-2.5013588e-10
-2.5032609e-10
-2.4999999e-10
-2.4932062e-10
-2.4923916e-10
-2.4942934e-10
-2.4978258e-10
-2.4964675e-10
-2.4983696e-10
-2.5019023e-10
-2.4940217e-10
-2.4964675e-10
-2.4910327e-10
-2.4970107e-10
-2.4918476e-10
-2.5067931e-10
-2.5038044e-10
-2.4932062e-10
-2.4940217e-10
-2.4940219e-10
-2.499185e-10
-2.4980973e-10
-2.5046193e-10
-2.5133148e-10
-2.5043476e-10
-2.5038044e-10
-2.5070648e-10
-2.5070654e-10
-2.5057065e-10
-2.5100541e-10
-2.5043481e-10
-2.5051633e-10
-2.4999999e-10
-2.4991847e-10
-2.5013588e-10
-2.4970112e-10
-2.5095109e-10
-2.5089672e-10
-2.4959237e-10
-2.5008151e-10
-2.5095107e-10
-2.5043476e-10
-2.5048913e-10
-2.5005428e-10
-2.4999999e-10
-2.4918476e-10
-2.4932065e-10
-2.4942934e-10
-2.4940214e-10
-2.4929345e-10
-2.4940217e-10
-2.5035324e-10
-2.4861416e-10
-2.5005434e-10
-2.4940219e-10
-2.4975541e-10
-2.498641e-10
-2.5108696e-10
-2.5008151e-10
-2.5019026e-10
-2.5070654e-10
-2.5035324e-10
-2.4953803e-10
-2.4980978e-10
-2.5040761e-10
-2.4967389e-10
-2.4918476e-10
-2.4951086e-10
-2.4953806e-10
-2.5016303e-10
-2.4986413e-10
-2.5076083e-10
-2.4975541e-10
-2.498641e-10
-2.4921193e-10
-2.4932065e-10
-2.4983693e-10
-2.4883151e-10
-2.4991847e-10
-2.4940219e-10
-2.4986413e-10
-2.498913e-10
-2.4907609e-10
-2.4964675e-10
-2.4994562e-10
-2.4913041e-10
-2.4953806e-10
-2.4942937e-10
-2.4978264e-10
-2.4902172e-10
-2.4972824e-10
-2.4904886e-10
-2.4831523e-10
-2.4980978e-10
-2.4951086e-10
-2.4801627e-10
-2.4888588e-10
-2.4839672e-10
-2.4937499e-10
-2.4910324e-10
-2.4937497e-10
-2.4929345e-10
-2.4921196e-10
-2.4842392e-10
-2.498913e-10
-2.4942934e-10
-2.4991847e-10
-2.4956523e-10
-2.4959237e-10
-2.4972827e-10
-2.4913041e-10
-2.4945654e-10
-2.4904895e-10
-2.4891306e-10
-2.4866847e-10
-2.4942934e-10
-2.4902172e-10
-2.4885871e-10
-2.4953803e-10
-2.4883151e-10
-2.4883151e-10
-2.4785324e-10
-2.4918476e-10
-2.4932065e-10
-2.4918478e-10
-2.4872279e-10
-2.486141e-10
-2.4991847e-10
-2.4953803e-10
-2.5008151e-10
-2.4997282e-10
-2.4942931e-10
-2.5010868e-10
-2.4961958e-10
-2.5040761e-10
-2.4910324e-10
-2.4864127e-10
-2.4934782e-10
-2.4915761e-10
-2.498913e-10
-2.4978261e-10
-2.4978261e-10
-2.4975541e-10
-2.4877717e-10
-2.4869565e-10
-2.4918476e-10
-2.4926633e-10
-2.4847824e-10
-2.4978264e-10
-2.4951086e-10
-2.4926627e-10
-2.4959237e-10
-2.5016303e-10
-2.502174e-10
-2.4972829e-10
-2.5010868e-10
-2.4915761e-10
-2.4861413e-10
-2.4855978e-10
-2.4885868e-10
-2.486141e-10
-2.4872282e-10
-2.4836955e-10
-2.4978261e-10
-2.4877714e-10
-2.4880437e-10
-2.4926633e-10
-2.4997282e-10
-2.4940214e-10
-2.4983696e-10
-2.5016303e-10
-2.4997285e-10
-2.4937502e-10
-2.4983696e-10
-2.4956523e-10
-2.5076086e-10
-2.4972827e-10
-2.4978261e-10
-2.505435e-10
-2.5043478e-10
-2.4970109e-10
-2.5027175e-10
-2.502174e-10
-2.5024458e-10
-2.5184782e-10
-2.5078806e-10
-2.5122279e-10
-2.5105978e-10
-2.5070651e-10
-2.5092389e-10
-2.5062499e-10
-2.508152e-10
-2.5021737e-10
-2.5100541e-10
-2.5065214e-10
-2.5141303e-10
-2.5059779e-10
-2.5076086e-10
-2.5070654e-10
-2.5070654e-10
-2.5029889e-10
-2.5010871e-10
-2.5144023e-10
-2.5002717e-10
-2.5048913e-10
-2.5029889e-10
-2.5084237e-10
-2.5054347e-10
-2.4951083e-10
-2.5046196e-10
-2.5067934e-10
-2.5103256e-10
-2.5043478e-10
-2.5008151e-10
-2.495652e-10
-2.4932065e-10
-2.4980973e-10
-2.49538e-10
-2.5021737e-10
-2.5073368e-10
-2.5027175e-10
-2.511413e-10
-2.4989133e-10
-2.492663e-10
-2.4980978e-10
-2.4980978e-10
-2.4929347e-10
-2.4874999e-10
-2.49538e-10
-2.4926627e-10
-2.4948368e-10
-2.4945648e-10
-2.4913044e-10
-2.4934782e-10
-2.4932059e-10
-2.4913044e-10
-2.4839672e-10
-2.4997282e-10
-2.492663e-10
-2.4877717e-10
-2.4796196e-10
-2.4891306e-10
-2.4842392e-10
-2.4839672e-10
-2.4861413e-10
-2.4877719e-10
-2.4880437e-10
-2.483424e-10
-2.4839675e-10
-2.486141e-10
-2.486141e-10
-2.4899457e-10
-2.4869562e-10
-2.492391e-10
-2.4986413e-10
-2.4964675e-10
-2.4980978e-10
-2.4937499e-10
-2.4991847e-10
-2.5010871e-10
-2.5002714e-10
-2.5005434e-10
-2.4986413e-10
-2.4918476e-10
-2.4899457e-10
-2.498641e-10
-2.4888586e-10
-2.4994562e-10
-2.4991847e-10
-2.4994565e-10
-2.4980978e-10
-2.4953808e-10
-2.4983693e-10
-2.4978258e-10
-2.4994565e-10
-2.4994568e-10
-2.4883154e-10
-2.4994565e-10
-2.4948371e-10
-2.4921193e-10
-2.4945648e-10
-2.4934782e-10
-2.4967392e-10
-2.4877717e-10
-2.4980978e-10
-2.4964669e-10
-2.4964675e-10
-2.4921193e-10
-2.5070648e-10
-2.4991847e-10
-2.5032612e-10
-2.5062502e-10
-2.5078803e-10
-2.5100547e-10
-2.5008151e-10
-2.5070654e-10
-2.5024455e-10
-2.5010871e-10
-2.4961955e-10
-2.4972827e-10
-2.5008151e-10
-2.5057065e-10
-2.5038041e-10
-2.5024455e-10
-2.5024455e-10
-2.5057065e-10
-2.5032607e-10
-2.4937497e-10
-2.4967392e-10
-2.4934782e-10
-2.4983696e-10
-2.4948368e-10
-2.4967389e-10
-2.4940217e-10
-2.5008151e-10
-2.4923913e-10
-2.5046196e-10
-2.5000002e-10
-2.4953806e-10
-2.4975541e-10
-2.4956523e-10
-2.5013588e-10
-2.5027172e-10
-2.5065217e-10
-2.5051627e-10
-2.5019023e-10
-2.5016303e-10
-2.4994568e-10
-2.4923913e-10
-2.4907604e-10
-2.4956523e-10
-2.4986413e-10
-2.4907609e-10
-2.4970109e-10
-2.4880434e-10
-2.4961958e-10
-2.4961955e-10
-2.4902178e-10
-2.4975541e-10
-2.5021737e-10
-2.5043478e-10
-2.5059782e-10
-2.5021737e-10
-2.5016303e-10
-2.4972824e-10
-2.5000002e-10
-2.5046196e-10
-2.5024458e-10
-2.4951088e-10
-2.5035327e-10
-2.4953803e-10
-2.505163e-10
-2.4929345e-10
-2.489402e-10
-2.5002719e-10
-2.5114133e-10
-2.517391e-10
-2.5078803e-10
-2.5078803e-10
-2.5073368e-10
-2.5029892e-10
-2.5043476e-10
-2.5059782e-10
-2.5057065e-10
-2.5043478e-10
-2.5067934e-10
-2.5051627e-10
-2.4994562e-10
-2.4964675e-10
-2.4999999e-10
-2.5043478e-10
-2.5021737e-10
-2.5065219e-10
-2.5084237e-10
-2.5100541e-10
-2.508152e-10
-2.508424e-10
-2.5035324e-10
-2.5073371e-10
-2.5097827e-10
-2.5057065e-10
-2.5038041e-10
-2.5043478e-10
-2.5043476e-10
-2.5130434e-10
-2.511413e-10
-2.511685e-10
-2.5032609e-10
-2.4970109e-10
-2.5086955e-10
-2.5029892e-10
-2.5008151e-10
-2.4983696e-10
-2.5095109e-10
-2.4975544e-10
-2.5013588e-10
-2.4989127e-10
-2.495652e-10
-2.4885871e-10
-2.5043478e-10
-2.5046196e-10
-2.4975541e-10
-2.4921198e-10
-2.4953806e-10
-2.4975547e-10
-2.5038044e-10
-2.4937499e-10
-2.505435e-10
-2.4994568e-10
-2.5048907e-10
-2.4994565e-10
-2.5073368e-10
-2.508424e-10
-2.5046196e-10
-2.5154892e-10
-2.5059782e-10
-2.492663e-10
-2.5008151e-10
-2.4940217e-10
-2.5078806e-10
-2.4991847e-10
-2.5013588e-10
-2.4907609e-10
-2.492663e-10
-2.4940219e-10
-2.4997285e-10
-2.4961958e-10
-2.4942934e-10
-2.4991847e-10
-2.4921196e-10
-2.4902172e-10
-2.4978258e-10
-2.4975541e-10
-2.4956523e-10
-2.4899452e-10
-2.4896743e-10
-2.4972824e-10
-2.4923913e-10
-2.4899457e-10
-2.4877717e-10
-2.4972827e-10
-2.4967389e-10
-2.4972827e-10
-2.4964669e-10
-2.4961952e-10
-2.4942934e-10
-2.496196e-10
-2.5048913e-10
-2.5043476e-10
-2.498641e-10
-2.4978261e-10
-2.4953806e-10
-2.4929347e-10
-2.4964675e-10
-2.4956523e-10
-2.4934785e-10
-2.5038041e-10
-2.4953803e-10
-2.4932065e-10
-2.4864133e-10
-2.4899457e-10
-2.4913041e-10
-2.4970107e-10
-2.5013586e-10
-2.4978258e-10
-2.5029892e-10
-2.4989127e-10
-2.4910324e-10
-2.4937499e-10
-2.4932065e-10
-2.4896737e-10
-2.4940219e-10
-2.4913041e-10
-2.4945648e-10
-2.5010871e-10
-2.4999999e-10
-2.4989127e-10
-2.5043476e-10
-2.4961958e-10
-2.5002717e-10
-2.4997282e-10
-2.4970112e-10
-2.4989127e-10
-2.4896737e-10
-2.496196e-10
-2.50163e-10
-2.5029892e-10
-2.4937502e-10
-2.492663e-10
-2.495924e-10
-2.505163e-10
-2.4951086e-10
-2.4809782e-10
-2.5005431e-10
-2.4997279e-10
-2.5038044e-10
-2.5005434e-10
-2.5027172e-10
-2.4980978e-10
-2.4980981e-10
-2.5059779e-10
-2.5100547e-10
-2.5038041e-10
-2.501902e-10
-2.4997282e-10
-2.5013586e-10
-2.5008151e-10
-2.4975547e-10
-2.4991847e-10
-2.4975541e-10
-2.5040761e-10
-2.4932065e-10
-2.4999999e-10
-2.498641e-10
-2.4948368e-10
-2.5010871e-10
-2.5008151e-10
-2.4951086e-10
-2.5065217e-10
-2.5008151e-10
-2.4972827e-10
-2.4923913e-10
-2.4991847e-10
-2.498913e-10
-2.4956523e-10
-2.4942934e-10
-2.4978258e-10
-2.4885868e-10
-2.4891303e-10
-2.4934782e-10
-2.4907607e-10
-2.4904889e-10
-2.4921196e-10
-2.4956523e-10
-2.492663e-10
-2.4961958e-10
-2.486413e-10
-2.4828803e-10
-2.4915758e-10
-2.4989133e-10
-2.4869565e-10
-2.4777175e-10
-2.4872282e-10
-2.4842392e-10
-2.4874999e-10
-2.4820651e-10
-2.4877717e-10
-2.4891303e-10
-2.4932065e-10
-2.4929345e-10
-2.4980978e-10
-2.5021737e-10
-2.5005434e-10
-2.5046196e-10
-2.4921198e-10
-2.4904889e-10
-2.4902172e-10
-2.4910324e-10
-2.4817934e-10
-2.4855978e-10
-2.4899457e-10
-2.4883151e-10
-2.492391e-10
-2.4880437e-10
-2.4777175e-10
-2.4880434e-10
-2.486413e-10
-2.4921193e-10
-2.4850541e-10
-2.4899455e-10
-2.4929345e-10
-2.4953803e-10
-2.48913e-10
-2.4913044e-10
-2.4932065e-10
-2.4836955e-10
-2.4760868e-10
-2.4880434e-10
-2.4845107e-10
-2.4942934e-10
-2.4888586e-10
-2.4869565e-10
-2.495924e-10
-2.4858693e-10
-2.4869565e-10
-2.4866847e-10
-2.4874997e-10
-2.4910329e-10
-2.4899457e-10
-2.4888586e-10
-2.486413e-10
-2.4845107e-10
-2.4836952e-10
-2.4861413e-10
-2.486141e-10
-2.4888583e-10
-2.4899455e-10
-2.4847827e-10
-2.4790761e-10
-2.4883151e-10
-2.4986413e-10
-2.4932065e-10
-2.4874999e-10
-2.4885868e-10
-2.4902172e-10
-2.4907607e-10
-2.4937502e-10
-2.4796193e-10
-2.495652e-10
-2.4910324e-10
-2.4888588e-10
-2.4817934e-10
-2.4798913e-10
-2.4790761e-10
-2.4847827e-10
-2.4785327e-10
-2.4793478e-10
-2.4845107e-10
-2.486141e-10
-2.4823368e-10
-2.4877717e-10
-2.4817937e-10
-2.4826088e-10
-2.4877717e-10
-2.4923913e-10
-2.4858696e-10
-2.4869565e-10
-2.4858696e-10
-2.4902175e-10
-2.4874999e-10
-2.4934782e-10
-2.4983696e-10
-2.4929347e-10
-2.4801627e-10
-2.4793478e-10
-2.4899457e-10
-2.4815219e-10
-2.4842389e-10
-2.4847824e-10
-2.4899452e-10
-2.4739127e-10
-2.4774457e-10
-2.4769023e-10
-2.4815219e-10
-2.4779892e-10
-2.4796193e-10
-2.4766303e-10
-2.4798916e-10
-2.4752717e-10
-2.4888583e-10
-2.4842389e-10
-2.4804347e-10
-2.4820651e-10
-2.4864127e-10
-2.4872285e-10
-2.4891306e-10
-2.4902175e-10
-2.4826088e-10
-2.4823371e-10
-2.4853258e-10
-2.4815219e-10
-2.4885868e-10
-2.4918481e-10
-2.486413e-10
-2.4817931e-10
-2.48288e-10
-2.4785327e-10
-2.4785327e-10
-2.4777172e-10
-2.4728258e-10
-2.4755434e-10
-2.4847827e-10
-2.492391e-10
-2.486141e-10
-2.4904892e-10
-2.4888583e-10
-2.4915761e-10
-2.4891308e-10
-2.5029892e-10
-2.4891308e-10
-2.4923907e-10
-2.4907609e-10
-2.4896735e-10
-2.4864133e-10
-2.4913041e-10
-2.4910327e-10
-2.4956523e-10
-2.4885868e-10
-2.4934782e-10
-2.5008154e-10
-2.4970104e-10
-2.5067934e-10
-2.4991847e-10
-2.4989133e-10
-2.4980981e-10
-2.4934785e-10
-2.4959237e-10
-2.4983696e-10
-2.4970109e-10
-2.4951086e-10
-2.4999999e-10
-2.5019026e-10
-2.4953803e-10
-2.4945654e-10
-2.4986413e-10
-2.4904892e-10
-2.4874997e-10
-2.5005437e-10
-2.4921198e-10
-2.4891303e-10
-2.4918476e-10
-2.4980978e-10
-2.4934782e-10
-2.4902172e-10
-2.4964675e-10
-2.4883148e-10
-2.4915761e-10
-2.4874997e-10
-2.4855978e-10
-2.4891306e-10
-2.4763588e-10
-2.486141e-10
-2.486413e-10
-2.479891e-10
-2.4750002e-10
-2.4739125e-10
-2.4904886e-10
-2.4823368e-10
-2.4836955e-10
-2.4788047e-10
-2.4774457e-10
-2.4820651e-10
-2.4774457e-10
-2.4842392e-10
-2.4910327e-10
-2.4929347e-10
-2.4842392e-10
-2.4831523e-10
-2.4836955e-10
-2.4779892e-10
-2.4815217e-10
-2.4744565e-10
-2.4850541e-10
-2.4760868e-10
-2.477174e-10
-2.4883151e-10
-2.4855976e-10
-2.4877717e-10
-2.4752717e-10
-2.4850544e-10
-2.477174e-10
-2.483152e-10
-2.4883151e-10
-2.4752719e-10
-2.4855976e-10
-2.4869565e-10
-2.4885868e-10
-2.499185e-10
-2.480435e-10
-2.5005434e-10
-2.4921196e-10
-2.4951086e-10
-2.5010868e-10
-2.495924e-10
-2.4907609e-10
-2.4932065e-10
-2.4861413e-10
-2.4899455e-10
-2.4934785e-10
-2.4869565e-10
-2.4956517e-10
-2.4855978e-10
-2.4817934e-10
-2.4790764e-10
-2.5008151e-10
-2.4989133e-10
-2.4899455e-10
-2.4942934e-10
-2.4915761e-10
-2.4864133e-10
-2.4964675e-10
-2.4902175e-10
-2.4899457e-10
-2.4940217e-10
-2.4956523e-10
-2.4951088e-10
-2.4937502e-10
-2.4926627e-10
-2.4877717e-10
-2.4967389e-10
-2.4972827e-10
-2.5065217e-10
-2.5035324e-10
-2.4959237e-10
-2.4967389e-10
-2.5008151e-10
-2.5070648e-10
-2.4929347e-10
-2.5057065e-10
-2.5010868e-10
-2.4956517e-10
-2.4940217e-10
-2.4972824e-10
-2.495652e-10
-2.4975541e-10
-2.4999999e-10
-2.4951086e-10
-2.4948368e-10
-2.49538e-10
-2.4918476e-10
-2.499185e-10
-2.4910324e-10
-2.498913e-10
-2.4967392e-10
-2.4986413e-10
-2.5057065e-10
-2.4937499e-10
-2.4937502e-10
-2.4913047e-10
-2.4948374e-10
-2.5016303e-10
-2.4891303e-10
-2.4902175e-10
-2.4831523e-10
-2.4915761e-10
-2.4847827e-10
-2.4817934e-10
-2.4861413e-10
-2.4836955e-10
-2.4866847e-10
-2.492663e-10
-2.4932065e-10
-2.4934782e-10
-2.4853264e-10
-2.4839672e-10
-2.4855978e-10
-2.4839672e-10
-2.4826088e-10
-2.4888588e-10
-2.4899457e-10
-2.489402e-10
-2.4915761e-10
-2.4953806e-10
-2.4907609e-10
-2.4942937e-10
-2.4948371e-10
-2.4986413e-10
-2.4956523e-10
-2.4899455e-10
-2.4921193e-10
-2.4921193e-10
-2.4891306e-10
-2.4975544e-10
-2.5029886e-10
-2.4937497e-10
-2.489402e-10
-2.4899455e-10
-2.4964672e-10
-2.4983693e-10
-2.499185e-10
-2.5021737e-10
-2.4956523e-10
-2.495924e-10
-2.5054345e-10
-2.5029889e-10
-2.5008148e-10
-2.5062497e-10
-2.5010868e-10
-2.4994565e-10
-2.5076086e-10
-2.4978264e-10
-2.4975544e-10
-2.5008151e-10
-2.5010866e-10
-2.5040758e-10
-2.5027175e-10
-2.5038044e-10
-2.5062499e-10
-2.5059785e-10
-2.5008151e-10
-2.5008151e-10
-2.5021737e-10
-2.5008151e-10
-2.4942934e-10
-2.4978258e-10
-2.4991845e-10
-2.4866845e-10
-2.5002714e-10
-2.5016303e-10
-2.5002717e-10
-2.4983696e-10
-2.4978261e-10
-2.4948368e-10
-2.4953806e-10
-2.4991847e-10
-2.4948366e-10
-2.4967389e-10
-2.5027172e-10
-2.5032609e-10
-2.5008151e-10
-2.4980976e-10
-2.498913e-10
-2.4994562e-10
-2.4999999e-10
-2.5029889e-10
-2.5002714e-10
-2.5043481e-10
-2.4937502e-10
-2.4948368e-10
-2.4940217e-10
-2.4970109e-10
-2.4940219e-10
-2.4972827e-10
-2.4961955e-10
-2.4972827e-10
-2.4997282e-10
-2.4915758e-10
-2.4902172e-10
-2.486413e-10
-2.4891306e-10
-2.489674e-10
-2.4869565e-10
-2.4899457e-10
-2.4929347e-10
-2.4888588e-10
-2.4812499e-10
-2.4828808e-10
-2.4820651e-10
-2.4809782e-10
-2.4942934e-10
-2.4902172e-10
-2.4894023e-10
-2.4888586e-10
-2.4945654e-10
-2.4934782e-10
-2.4948371e-10
-2.4918478e-10
-2.4877717e-10
-2.4961958e-10
-2.4872285e-10
-2.492663e-10
-2.4910324e-10
-2.4975541e-10
-2.4899457e-10
-2.4910324e-10
-2.4888586e-10
-2.4858696e-10
-2.4853258e-10
-2.4842392e-10
-2.4874999e-10
-2.489402e-10
-2.4866847e-10
-2.4836955e-10
-2.4913044e-10
-2.4902175e-10
-2.4902175e-10
-2.4864127e-10
-2.4891306e-10
-2.4869565e-10
-2.4874999e-10
-2.4883151e-10
-2.4907609e-10
-2.4839672e-10
-2.4918476e-10
-2.498913e-10
-2.5010871e-10
-2.4994568e-10
-2.4980976e-10
-2.4910327e-10
-2.4951088e-10
-2.4910327e-10
-2.498913e-10
-2.4915758e-10
-2.4904892e-10
-2.492935e-10
-2.4953808e-10
-2.4885868e-10
-2.4839669e-10
-2.4872282e-10
-2.4937502e-10
-2.4932065e-10
-2.492663e-10
-2.4902172e-10
-2.4961952e-10
-2.5010866e-10
-2.5002719e-10
-2.4970107e-10
-2.4999999e-10
-2.5005437e-10
-2.4972824e-10
-2.4964678e-10
-2.4978261e-10
-2.5021737e-10
-2.5010868e-10
-2.5002717e-10
-2.4997282e-10
-2.4975544e-10
-2.4989127e-10
-2.5046196e-10
-2.5019017e-10
-2.5076086e-10
-2.511413e-10
-2.5135868e-10
-2.5182062e-10
-2.5100541e-10
-2.511141e-10
-2.5130434e-10
-2.5005434e-10
-2.5057065e-10
-2.4980978e-10
-2.5097824e-10
-2.5027172e-10
-2.4978258e-10
-2.49538e-10
-2.5040764e-10
-2.5016303e-10
-2.4937502e-10
-2.4972824e-10
-2.5008151e-10
-2.4997279e-10
-2.5059782e-10
-2.4932065e-10
-2.4967389e-10
-2.4967392e-10
-2.5005434e-10
-2.4986413e-10
-2.4964672e-10
-2.492663e-10
-2.4951086e-10
-2.4894023e-10
-2.492663e-10
-2.5019017e-10
-2.489402e-10
-2.4907607e-10
-2.4934782e-10
-2.4953806e-10
-2.4907609e-10
-2.4964672e-10
-2.4904886e-10
-2.4953806e-10
-2.4945651e-10
-2.4937499e-10
-2.483424e-10
-2.4953806e-10
-2.4874999e-10
-2.4861416e-10
-2.4817934e-10
-2.4869568e-10
-2.4940217e-10
-2.4888586e-10
-2.4964675e-10
-2.4823371e-10
-2.4891303e-10
-2.4961952e-10
-2.4885871e-10
-2.4866847e-10
-2.4888586e-10
-2.4858696e-10
-2.4894023e-10
-2.5002714e-10
-2.4972821e-10
-2.4926627e-10
-2.4978261e-10
-2.4937502e-10
-2.4980973e-10
-2.4877719e-10
-2.5013588e-10
-2.4885871e-10
-2.4915761e-10
-2.4945651e-10
-2.5040761e-10
-2.4978258e-10
-2.4956517e-10
-2.5065217e-10
-2.498913e-10
-2.4940219e-10
-2.5000002e-10
-2.502174e-10
-2.4986413e-10
-2.4953803e-10
-2.502174e-10
-2.4942934e-10
-2.4913044e-10
-2.4999999e-10
-2.4983696e-10
-2.4934779e-10
-2.4937502e-10
-2.5051633e-10
-2.5002714e-10
-2.4937502e-10
-2.4937499e-10
-2.4956517e-10
-2.4847821e-10
-2.4948371e-10
-2.4997285e-10
-2.495652e-10
-2.4951086e-10
-2.4877714e-10
-2.4945651e-10
-2.4994565e-10
-2.4934782e-10
-2.4961958e-10
-2.4953803e-10
-2.4986413e-10
-2.5038044e-10
-2.5062502e-10
-2.5051627e-10
-2.5051627e-10
-2.5002714e-10
-2.495652e-10
-2.5035324e-10
-2.5002719e-10
-2.4915761e-10
-2.4967389e-10
-2.4929345e-10
-2.4964672e-10
-2.4880431e-10
-2.4902175e-10
-2.4904889e-10
-2.4932065e-10
-2.4874997e-10
-2.4864127e-10
-2.4874999e-10
-2.4937502e-10
-2.49538e-10
-2.4888583e-10
-2.4997282e-10
-2.4899457e-10
-2.4869565e-10
-2.4918476e-10
-2.4834237e-10
-2.483424e-10
-2.4812499e-10
-2.4817934e-10
-2.4853261e-10
-2.4839675e-10
-2.4880434e-10
-2.480435e-10
-2.486141e-10
-2.4790758e-10
-2.4845107e-10
-2.4845107e-10
-2.4834237e-10
-2.4804345e-10
-2.4858696e-10
-2.4891306e-10
-2.4836957e-10
-2.489674e-10
-2.4771737e-10
-2.4820651e-10
-2.4744565e-10
-2.4744565e-10
-2.4782607e-10
-2.4820654e-10
-2.4845107e-10
-2.4847827e-10
-2.4809782e-10
-2.4777169e-10
-2.4885868e-10
-2.4910327e-10
-2.4788041e-10
-2.4877717e-10
-2.4877717e-10
-2.4853261e-10
-2.4883154e-10
-2.4880434e-10
-2.4891306e-10
-2.4948371e-10
-2.4885871e-10
-2.4874999e-10
-2.4904889e-10
-2.4828803e-10
-2.4749999e-10
-2.4839678e-10
-2.4847824e-10
-2.486141e-10
-2.4934782e-10
-2.4899452e-10
-2.4875002e-10
-2.4904889e-10
-2.4994562e-10
-2.4934785e-10
-2.5029892e-10
-2.4940217e-10
-2.4951086e-10
-2.4942934e-10
-2.4915761e-10
-2.4970107e-10
-2.4942937e-10
-2.4994562e-10
-2.502446e-10
-2.4915756e-10
-2.492391e-10
-2.4777175e-10
-2.4885868e-10
-2.4885871e-10
-2.4967395e-10
-2.4918478e-10
-2.4989127e-10
-2.4891303e-10
-2.4864127e-10
-2.4798916e-10
-2.4880434e-10
-2.495924e-10
-2.4902172e-10
-2.4899455e-10
-2.495652e-10
-2.4910327e-10
-2.5008151e-10
-2.4964672e-10
-2.5013588e-10
-2.4904892e-10
-2.4945651e-10
-2.5005434e-10
-2.4980978e-10
-2.5002714e-10
-2.4913047e-10
-2.4951086e-10
-2.4855978e-10
-2.4823368e-10
-2.4836955e-10
-2.4861413e-10
-2.4853258e-10
-2.483152e-10
-2.4839672e-10
-2.4847827e-10
-2.4923913e-10
-2.4937502e-10
-2.4907607e-10
-2.4980978e-10
-2.4888586e-10
-2.4951086e-10
-2.4932065e-10
-2.4899452e-10
-2.4910324e-10
-2.492663e-10
-2.4948368e-10
-2.4872279e-10
-2.4951088e-10
-2.4853258e-10
-2.4948368e-10
-2.4826088e-10
-2.4904889e-10
-2.5008151e-10
-2.4921196e-10
-2.4967389e-10
-2.5048913e-10
-2.5010868e-10
-2.4934782e-10
-2.4964675e-10
-2.4934782e-10
-2.4842392e-10
-2.4932065e-10
-2.492663e-10
-2.4869565e-10
-2.4872282e-10
-2.4793478e-10
-2.4951086e-10
-2.4942934e-10
-2.4983696e-10
-2.4888583e-10
-2.4907609e-10
-2.4866847e-10
-2.483424e-10
-2.4994565e-10
-2.4934782e-10
-2.4932065e-10
-2.4918473e-10
-2.4967392e-10
-2.4972827e-10
-2.4913041e-10
-2.4874999e-10
-2.4874999e-10
-2.4907609e-10
-2.4913041e-10
-2.4953803e-10
-2.4934785e-10
-2.4845107e-10
-2.5016303e-10
-2.4910324e-10
-2.4945648e-10
-2.4910324e-10
-2.5002717e-10
-2.4888588e-10
-2.5010871e-10
-2.4986413e-10
-2.4951088e-10
-2.5029892e-10
-2.5029889e-10
-2.4956523e-10
-2.4921193e-10
-2.4997285e-10
-2.4970107e-10
-2.4991847e-10
-2.4997279e-10
-2.498641e-10
-2.4991847e-10
-2.5035329e-10
-2.4986416e-10
-2.4975541e-10
-2.4880434e-10
-2.4918476e-10
-2.4975544e-10
-2.4877717e-10
-2.4896735e-10
-2.489674e-10
-2.4913041e-10
-2.4932065e-10
-2.4945648e-10
-2.4972827e-10
-2.4877711e-10
-2.4883157e-10
-2.4942934e-10
-2.4967389e-10
-2.4904889e-10
-2.5005437e-10
-2.4986413e-10
-2.4983696e-10
-2.4989125e-10
-2.4989127e-10
-2.5076083e-10
-2.4940219e-10
-2.4953806e-10
-2.4910324e-10
-2.4855978e-10
-2.4929345e-10
-2.4940217e-10
-2.4945648e-10
-2.4918478e-10
-2.4872285e-10
-2.4915761e-10
-2.4921193e-10
-2.4850544e-10
-2.4834237e-10
-2.479891e-10
-2.4842392e-10
-2.4915761e-10
-2.4942934e-10
-2.4872285e-10
-2.4910324e-10
-2.4858696e-10
-2.4913047e-10
-2.4918478e-10
-2.4910327e-10
-2.4866845e-10
-2.4880437e-10
-2.4945654e-10
-2.4877717e-10
-2.4942934e-10
-2.4826088e-10
-2.4894023e-10
-2.4785327e-10
-2.4902172e-10
-2.4907607e-10
-2.4956523e-10
-2.4888586e-10
-2.4779889e-10
-2.4815217e-10
-2.4899457e-10
-2.492663e-10
-2.4842392e-10
-2.4788041e-10
-2.4842392e-10
-2.489674e-10
-2.4940214e-10
-2.4855976e-10
-2.479891e-10
-2.4847824e-10
-2.4853258e-10
-2.4858693e-10
-2.4817937e-10
-2.4807068e-10
-2.4758151e-10
-2.4932065e-10
-2.4932065e-10
-2.4899457e-10
-2.4885868e-10
-2.4874999e-10
-2.4845109e-10
-2.4956523e-10
-2.4874999e-10
-2.4875002e-10
-2.4991847e-10
-2.4970107e-10
-2.492663e-10
-2.4904892e-10
-2.4967389e-10
-2.4885868e-10
-2.4874999e-10
-2.4951086e-10
-2.4904889e-10
-2.4842389e-10
-2.4855976e-10
-2.4760868e-10
-2.4804347e-10
-2.4817934e-10
-2.4866847e-10
-2.4872285e-10
-2.483424e-10
-2.483152e-10
-2.4828803e-10
-2.4877717e-10
-2.4896743e-10
-2.4883154e-10
-2.4915761e-10
-2.4934782e-10
-2.4991847e-10
-2.4948366e-10
-2.4915761e-10
-2.489402e-10
-2.4934779e-10
-2.4885871e-10
-2.4847824e-10
-2.4874999e-10
-2.4896737e-10
-2.486413e-10
-2.4899457e-10
-2.4883151e-10
-2.4872282e-10
-2.4967389e-10
-2.4904892e-10
-2.4815217e-10
-2.4907609e-10
-2.4942934e-10
-2.4975541e-10
-2.4880434e-10
-2.4877717e-10
-2.4953803e-10
-2.4934782e-10
-2.4836955e-10
-2.483152e-10
-2.4874999e-10
-2.4861416e-10
-2.4953806e-10
-2.4956523e-10
-2.4864127e-10
-2.489674e-10
-2.4858696e-10
-2.4902172e-10
-2.4899455e-10
-2.4839675e-10
-2.4855978e-10
-2.4902172e-10
-2.4869565e-10
-2.4872282e-10
-2.4948368e-10
-2.4850544e-10
-2.4964675e-10
-2.4812499e-10
-2.4888583e-10
-2.4842389e-10
-2.4836955e-10
-2.486141e-10
-2.4858696e-10
-2.4807068e-10
-2.4842389e-10
-2.4804345e-10
-2.4847827e-10
-2.4815217e-10
-2.4801627e-10
-2.4760868e-10
-2.4850544e-10
-2.4793473e-10
-2.4728261e-10
-2.4774455e-10
-2.4758148e-10
-2.4744568e-10
-2.4793478e-10
-2.4809785e-10
-2.4809782e-10
-2.4684782e-10
-2.4733696e-10
-2.4809782e-10
-2.4828803e-10
-2.4853261e-10
-2.4872282e-10
-2.4874999e-10
-2.4823371e-10
-2.4845109e-10
-2.4937502e-10
-2.4880437e-10
-2.4809779e-10
-2.4880434e-10
-2.4891306e-10
-2.4847827e-10
-2.4918476e-10
-2.486413e-10
-2.4891306e-10
-2.4937497e-10
-2.4883154e-10
-2.4934782e-10
-2.4915761e-10
-2.4932065e-10
-2.4972829e-10
-2.4918478e-10
-2.4948371e-10
-2.4970112e-10
-2.4926627e-10
-2.4885868e-10
-2.4877717e-10
-2.4771737e-10
-2.4850544e-10
-2.4899452e-10
-2.4839678e-10
-2.4877717e-10
-2.4820654e-10
-2.4826086e-10
-2.4782607e-10
-2.4913044e-10
-2.4942939e-10
-2.4891303e-10
-2.4894023e-10
-2.4864133e-10
-2.4932065e-10
-2.4904892e-10
-2.4826086e-10
-2.4826086e-10
-2.4894023e-10
-2.4907609e-10
-2.4850544e-10
-2.4847827e-10
-2.4888586e-10
-2.4850541e-10
-2.4855976e-10
-2.4883154e-10
-2.4885868e-10
-2.4847824e-10
-2.4866847e-10
-2.4891303e-10
-2.4899457e-10
-2.4804345e-10
-2.4891303e-10
-2.49538e-10
-2.486413e-10
-2.4836955e-10
-2.4875002e-10
-2.4853264e-10
-2.4864127e-10
-2.4918478e-10
-2.4896737e-10
-2.4899455e-10
-2.4891306e-10
-2.4915761e-10
-2.4880431e-10
-2.4847827e-10
-2.4858693e-10
-2.4872285e-10
-2.4994565e-10
-2.4959237e-10
-2.4907609e-10
-2.4904892e-10
-2.4902178e-10
-2.4945651e-10
-2.4877717e-10
-2.4858693e-10
-2.4861407e-10
-2.4796196e-10
-2.4896737e-10
-2.489674e-10
-2.4845107e-10
-2.489674e-10
-2.4861413e-10
-2.489402e-10
-2.4836955e-10
-2.4891306e-10
-2.4869565e-10
-2.4836955e-10
-2.4798913e-10
-2.480163e-10
-2.4793478e-10
-2.486141e-10
-2.4861413e-10
-2.4883154e-10
-2.4891303e-10
-2.4972824e-10
-2.4850544e-10
-2.4942934e-10
-2.4999999e-10
-2.4937499e-10
-2.4883154e-10
-2.4926627e-10
-2.4999999e-10
-2.4907607e-10
-2.4858696e-10
-2.4915758e-10
-2.4899457e-10
-2.4899455e-10
-2.4815217e-10
-2.4820654e-10
-2.480163e-10
-2.4932065e-10
-2.4847824e-10
-2.4902172e-10
-2.4855978e-10
-2.4861413e-10
-2.4932062e-10
-2.4902175e-10
-2.4951086e-10
-2.4940217e-10
-2.4951086e-10
-2.4989127e-10
-2.4964675e-10
-2.4951086e-10
-2.4956523e-10
-2.4907609e-10
-2.4918476e-10
-2.4918478e-10
-2.4945651e-10
-2.4877717e-10
-2.4883154e-10
-2.4948368e-10
-2.4891306e-10
-2.486141e-10
-2.4885866e-10
-2.4883154e-10
-2.4877717e-10
-2.4858696e-10
-2.4929345e-10
-2.4885871e-10
-2.4809782e-10
-2.4872279e-10
-2.4937499e-10
-2.486413e-10
-2.4880434e-10
-2.486413e-10
-2.4853258e-10
-2.480163e-10
-2.483152e-10
-2.4896735e-10
-2.4942937e-10
-2.4872279e-10
-2.4758154e-10
-2.4850544e-10
-2.4891306e-10
-2.489674e-10
-2.4826088e-10
-2.4861413e-10
-2.4869565e-10
-2.4942939e-10
-2.4866847e-10
-2.489674e-10
-2.486413e-10
-2.4804347e-10
-2.492663e-10
-2.4907609e-10
-2.4788047e-10
-2.4869562e-10
-2.4847827e-10
-2.4932065e-10
-2.4864133e-10
-2.4883151e-10
-2.4845107e-10
-2.4845107e-10
-2.4858696e-10
-2.4839675e-10
-2.486413e-10
-2.473913e-10
-2.4771735e-10
-2.480163e-10
-2.4728261e-10
-2.4869565e-10
-2.4695654e-10
-2.4796193e-10
-2.4739127e-10
-2.4820654e-10
-2.4788041e-10
-2.4750002e-10
-2.4769023e-10
-2.4812499e-10
-2.4836955e-10
-2.4817934e-10
-2.4793476e-10
-2.480163e-10
-2.4777175e-10
-2.4796193e-10
-2.4807062e-10
-2.4839672e-10
-2.4817931e-10
-2.4779889e-10
-2.4774455e-10
-2.4692937e-10
-2.4774452e-10
-2.4793478e-10
-2.4782609e-10
-2.4785327e-10
-2.4815217e-10
-2.4866847e-10
-2.4834235e-10
-2.4828803e-10
-2.4777175e-10
-2.4847824e-10
-2.4855981e-10
-2.4826088e-10
-2.4869565e-10
-2.4845109e-10
-2.4815214e-10
-2.4823366e-10
-2.4932065e-10
-2.4951086e-10
-2.4932065e-10
-2.4891306e-10
-2.4883151e-10
-2.4888583e-10
-2.4877717e-10
-2.4942934e-10
-2.4970112e-10
-2.5008151e-10
-2.4961952e-10
-2.4964675e-10
-2.4913047e-10
-2.4915761e-10
-2.4826088e-10
-2.4877717e-10
-2.4864133e-10
-2.4885868e-10
-2.4769023e-10
-2.4796196e-10
-2.4855976e-10
-2.4891306e-10
-2.4774455e-10
-2.4937502e-10
-2.4953803e-10
-2.489402e-10
-2.4845107e-10
-2.4807065e-10
-2.4796193e-10
-2.4807068e-10
-2.4861413e-10
-2.4763588e-10
-2.4741847e-10
-2.4785327e-10
-2.4774455e-10
-2.4817934e-10
-2.4788044e-10
-2.4877719e-10
-2.479891e-10
-2.479891e-10
-2.4853261e-10
-2.4888591e-10
-2.483424e-10
-2.4828803e-10
-2.4809782e-10
-2.4891306e-10
-2.4820651e-10
-2.4855981e-10
-2.483696e-10
-2.4874999e-10
-2.4858693e-10
-2.4866847e-10
-2.4831517e-10
-2.4817934e-10
-2.4880431e-10
-2.4839675e-10
-2.4921198e-10
-2.4910329e-10
-2.4978258e-10
-2.4874999e-10
-2.4961958e-10
-2.492391e-10
-2.4899457e-10
-2.4855976e-10
-2.4823368e-10
-2.4809782e-10
-2.4934788e-10
-2.4872285e-10
-2.486141e-10
-2.4847824e-10
-2.4850544e-10
-2.4842389e-10
-2.4885868e-10
-2.4866847e-10
-2.4877717e-10
