2.9656252e-10
2.9816402e-10
3.0285158e-10
2.990625e-10
3.0035155e-10
3.0265623e-10
2.9824221e-10
3.000781e-10
3.0039057e-10
3.0246095e-10
2.9976563e-10
3.0039063e-10
3.0289063e-10
2.9667968e-10
2.99375e-10
3.0050781e-10
2.9808594e-10
3.0078121e-10
2.9933592e-10
2.9945313e-10
2.9941408e-10
3.0144529e-10
3.0304689e-10
3.0394529e-10
3.0179689e-10
2.9585939e-10
2.997656e-10
3.0164063e-10
3.0308592e-10
2.9921873e-10
3.0343747e-10
2.9925779e-10
3.0207031e-10
3.0335937e-10
2.9710934e-10
2.9886718e-10
2.9917968e-10
2.9660155e-10
2.9976563e-10
2.9824218e-10
3.0214842e-10
2.9792968e-10
2.9894531e-10
2.9730471e-10
3.0019531e-10
2.9808592e-10
3.0046876e-10
2.9968747e-10
3.0085934e-10
3.0046873e-10
2.9921873e-10
2.9660158e-10
3.0410155e-10
2.9808592e-10
3.0093752e-10
2.9832031e-10
3.0218753e-10
2.9992187e-10
2.9949218e-10
3.016406e-10
3e-10
2.9820313e-10
2.9617186e-10
2.9949218e-10
2.9707029e-10
3.0058592e-10
3.0019531e-10
2.9910155e-10
2.9941405e-10
2.95625e-10
2.9761718e-10
2.971875e-10
3.0125e-10
2.9703123e-10
3.0066402e-10
2.9605468e-10
2.99375e-10
2.9871094e-10
3.032031e-10
2.9828121e-10
2.9847655e-10
3.0078126e-10
3.0175779e-10
2.9953123e-10
2.9941405e-10
2.9949218e-10
2.9796876e-10
2.9738281e-10
2.9968752e-10
3.0046876e-10
2.9976557e-10
2.9773439e-10
2.9996094e-10
2.9761718e-10
2.9886718e-10
2.9675781e-10
2.9371092e-10
2.9550781e-10
3.0011718e-10
3.0042968e-10
2.9867184e-10
2.9871094e-10
2.9710939e-10
2.9460934e-10
3.0117187e-10
3.0109373e-10
2.9679692e-10
2.9820313e-10
2.9835936e-10
2.9691408e-10
2.9800781e-10
2.9902344e-10
3.0000002e-10
2.9890623e-10
2.9835939e-10
2.9890626e-10
2.9773436e-10
2.99375e-10
2.9894529e-10
2.953906e-10
2.997656e-10
2.9941408e-10
3.0101563e-10
3.0101563e-10
3.01875e-10
2.9687497e-10
2.9964842e-10
3.0542968e-10
3.0148437e-10
2.9765626e-10
2.9750002e-10
2.984766e-10
3.0230471e-10
2.9980465e-10
3.0062502e-10
3.0054689e-10
2.9777342e-10
2.9894531e-10
3.0042971e-10
2.9656247e-10
3.0261718e-10
2.9800781e-10
3.0023437e-10
2.9664063e-10
3.0195313e-10
2.9796873e-10
3.0164063e-10
3.0136718e-10
3.0042965e-10
3.0148437e-10
3.0187497e-10
3.0085937e-10
3.0046876e-10
2.9652342e-10
2.9589844e-10
2.9785155e-10
2.978125e-10
2.9648436e-10
2.96875e-10
3.0121095e-10
2.9546876e-10
3.0222655e-10
2.9855465e-10
3.0066405e-10
3.0261718e-10
2.9558592e-10
2.9738281e-10
3.0027342e-10
2.9820313e-10
3.0097655e-10
3.0171873e-10
3.0128908e-10
2.9648436e-10
3.0195313e-10
3.0117189e-10
2.9953129e-10
2.9882816e-10
2.9941405e-10
3.0171873e-10
2.9976566e-10
3.0085937e-10
2.9824221e-10
3.0011721e-10
2.988281e-10
2.9820307e-10
2.965625e-10
2.9664063e-10
2.9980465e-10
2.9828123e-10
3.0261715e-10
3.0199221e-10
3.0035155e-10
2.9898437e-10
3.0019529e-10
2.9960939e-10
2.9792974e-10
2.9542968e-10
3.0332029e-10
3.0535155e-10
3.0027344e-10
3.0117184e-10
2.9851563e-10
3.0226566e-10
2.9796873e-10
2.991406e-10
2.9746094e-10
3.0078123e-10
2.9820313e-10
2.9667968e-10
3.0535155e-10
3.0195313e-10
2.9886718e-10
2.9929684e-10
2.9886721e-10
2.9902342e-10
3.013281e-10
3.0246095e-10
3.0234376e-10
2.991406e-10
3.0042968e-10
3.0199218e-10
3.0246092e-10
3.0281253e-10
2.9765626e-10
3.0074221e-10
3.0117184e-10
3.0019531e-10
3.016406e-10
3.0207031e-10
2.9996089e-10
2.9992189e-10
3.0183592e-10
2.9890626e-10
2.9808592e-10
3.0125002e-10
3.0261721e-10
2.984375e-10
2.9933592e-10
3.00625e-10
3.0324221e-10
3.072656e-10
2.9714844e-10
3.0445313e-10
3.0140623e-10
3.0472658e-10
3.0148439e-10
3.0023437e-10
3.0097655e-10
2.9644531e-10
2.9511721e-10
2.9749997e-10
2.9976563e-10
3.0042971e-10
2.9980468e-10
2.9808592e-10
3.035156e-10
2.9785158e-10
2.9859376e-10
3.0042971e-10
3.0167971e-10
2.9789063e-10
2.9929689e-10
2.9835936e-10
2.9707031e-10
2.994531e-10
2.9703126e-10
2.9992187e-10
2.9820313e-10
3.006641e-10
2.9589844e-10
2.9699218e-10
3.0085937e-10
3.0359373e-10
2.9800779e-10
3.0019531e-10
2.9851563e-10
3.0101563e-10
3.0050779e-10
2.9890626e-10
2.9988279e-10
3.0035155e-10
2.9988284e-10
2.9980468e-10
2.9652344e-10
2.9960937e-10
3.0078123e-10
2.9769529e-10
2.9785158e-10
3.0019531e-10
3.0003908e-10
3.0015626e-10
3.0007807e-10
3.009766e-10
2.9890623e-10
2.9871092e-10
3.0019531e-10
2.9757813e-10
3.0527345e-10
2.9859379e-10
3.0117184e-10
2.98125e-10
3.0371095e-10
2.9828126e-10
2.997656e-10
2.9855471e-10
3.0015626e-10
3.0027342e-10
3.0203123e-10
3.0234373e-10
3.0171876e-10
3.0257813e-10
3.0046871e-10
3.0121092e-10
3.0406253e-10
2.9890626e-10
3.0429689e-10
3.003125e-10
3.0117189e-10
3.0207031e-10
2.9871094e-10
3.015625e-10
3.0109373e-10
2.991406e-10
2.9937502e-10
2.9839842e-10
3.0011718e-10
2.9953123e-10
2.994531e-10
3.0167968e-10
2.9910155e-10
2.9769529e-10
3.0066405e-10
2.994531e-10
3.0011718e-10
3.0210937e-10
2.9863281e-10
2.9667968e-10
2.9921876e-10
3.0035155e-10
2.9761718e-10
3.0003905e-10
3.0039063e-10
2.9734376e-10
2.9593752e-10
2.9871094e-10
3.0179684e-10
2.9816405e-10
2.9769531e-10
2.9855468e-10
3.006641e-10
2.9601563e-10
2.969531e-10
3.0054687e-10
2.9589847e-10
3.0125e-10
3.0113281e-10
2.9835936e-10
3.0101563e-10
2.9878905e-10
2.9671873e-10
2.9753905e-10
2.9992187e-10
2.9941408e-10
2.9859373e-10
2.9703126e-10
2.9734373e-10
2.9886721e-10
2.9800779e-10
3.0109373e-10
2.9351566e-10
3.0148439e-10
2.9953126e-10
2.9554686e-10
2.9464844e-10
3.0058595e-10
2.9648439e-10
2.9316405e-10
2.9804686e-10
3.000781e-10
2.978906e-10
2.9976563e-10
2.9925779e-10
2.9808592e-10
2.9558592e-10
2.9640621e-10
2.9832031e-10
2.9867184e-10
2.9636715e-10
2.9992189e-10
2.9527344e-10
2.9750002e-10
2.9714847e-10
3.009375e-10
2.9613281e-10
2.9960934e-10
2.9835939e-10
2.9738281e-10
2.9992187e-10
2.9578123e-10
2.9742186e-10
2.9558594e-10
2.946875e-10
2.9746094e-10
2.9894529e-10
2.9753905e-10
3.0023437e-10
2.9839844e-10
3.0210934e-10
2.9769531e-10
2.9617189e-10
2.991406e-10
2.9816408e-10
2.9902344e-10
2.9625e-10
3.0292965e-10
2.9855471e-10
2.9687502e-10
2.9707031e-10
3.0011718e-10
2.9679686e-10
2.9929687e-10
2.978906e-10
3.0214847e-10
2.9980468e-10
3.028125e-10
3.0097658e-10
3.0210937e-10
2.9730465e-10
2.9765626e-10
2.9558589e-10
3.0031252e-10
2.9976563e-10
2.9734376e-10
2.975e-10
2.9992187e-10
3.0273437e-10
2.9785158e-10
2.975e-10
2.9722655e-10
2.9816405e-10
3.0085937e-10
2.9789063e-10
2.965625e-10
2.9605471e-10
2.9992189e-10
2.9628905e-10
2.9703126e-10
2.9613284e-10
2.9882813e-10
2.9828123e-10
3.0074224e-10
3.0066405e-10
2.9726563e-10
2.96875e-10
3.0031247e-10
3.019531e-10
2.9933594e-10
3.0089845e-10
3.0125e-10
3.0140623e-10
2.9472658e-10
3.025e-10
3.0121095e-10
2.9925779e-10
3.0128905e-10
2.9898437e-10
2.9628908e-10
3.0152347e-10
3.0296873e-10
3.0195313e-10
2.9734373e-10
3.0058592e-10
2.9957029e-10
2.9804689e-10
2.9757813e-10
2.9929689e-10
2.9851566e-10
3.0375e-10
2.9792971e-10
3.0238281e-10
3.0382813e-10
3.0121097e-10
3.003125e-10
2.9953126e-10
3.0074221e-10
2.9726563e-10
3.0039063e-10
2.9667968e-10
3.0203123e-10
3.0007813e-10
3.0070307e-10
2.9835936e-10
2.9882813e-10
2.9828129e-10
2.9925776e-10
3.0121095e-10
3.0296876e-10
2.9773439e-10
3.0023439e-10
2.9933592e-10
2.9707034e-10
2.9792968e-10
2.9761718e-10
2.9957029e-10
2.9675781e-10
2.9804684e-10
3.0195316e-10
3.0265626e-10
3.0167971e-10
3.0179687e-10
3.0203123e-10
2.988281e-10
2.9972658e-10
3.0128905e-10
2.975e-10
3.0273437e-10
3.028125e-10
3.0359373e-10
3.0941408e-10
3.1125e-10
3.1214842e-10
3.1140623e-10
3.1601563e-10
3.2980468e-10
3.2515624e-10
3.3355466e-10
3.3406253e-10
3.3945313e-10
3.459375e-10
3.4886721e-10
3.534375e-10
3.5589845e-10
3.5835937e-10
3.6558595e-10
3.6218747e-10
3.6808592e-10
3.6964842e-10
3.7136719e-10
3.7789064e-10
3.7558595e-10
3.7921874e-10
3.7664064e-10
3.7925782e-10
3.8410156e-10
3.8328127e-10
3.84375e-10
3.8550782e-10
3.9132808e-10
3.886719e-10
3.8695314e-10
3.8820311e-10
3.8933595e-10
3.8828127e-10
3.9132816e-10
3.8835937e-10
3.9042966e-10
3.9011716e-10
3.8972656e-10
3.8457032e-10
3.8957032e-10
3.9066408e-10
3.8703127e-10
3.9039061e-10
3.8824216e-10
3.9070311e-10
3.8640627e-10
3.8457029e-10
3.8710934e-10
3.8539061e-10
3.8496092e-10
3.8148437e-10
3.8160156e-10
3.8921877e-10
3.8242184e-10
3.8097658e-10
3.8460937e-10
3.8507816e-10
3.8203124e-10
3.8191403e-10
3.7746095e-10
3.7859377e-10
3.8324222e-10
3.8296877e-10
3.8414058e-10
3.796875e-10
3.8054693e-10
3.7894529e-10
3.8167969e-10
3.7761719e-10
3.8082032e-10
3.7871095e-10
3.8046877e-10
3.809375e-10
3.7957032e-10
3.7644535e-10
3.7550776e-10
3.7882811e-10
3.7558598e-10
3.7519535e-10
3.7765627e-10
3.7640627e-10
3.7484371e-10
3.739844e-10
3.774219e-10
3.7609377e-10
3.7453127e-10
3.7207029e-10
3.7269532e-10
3.7347656e-10
3.7070313e-10
3.6968748e-10
3.703125e-10
3.7277345e-10
3.7121092e-10
3.6953124e-10
3.6832029e-10
3.7191408e-10
3.6835934e-10
3.6816408e-10
3.7175782e-10
3.6953124e-10
3.6613276e-10
3.671875e-10
3.6636721e-10
3.7027345e-10
3.6570308e-10
3.6613282e-10
3.6546877e-10
3.6652345e-10
3.6429687e-10
3.705469e-10
3.7191408e-10
3.6875e-10
3.6933592e-10
3.684375e-10
3.6820311e-10
3.6761719e-10
3.6691408e-10
3.6492187e-10
3.6476563e-10
3.6476561e-10
3.6820313e-10
3.6406247e-10
3.6402345e-10
3.6320313e-10
3.6246095e-10
3.6640629e-10
3.6320313e-10
3.6179687e-10
3.6148434e-10
3.6539063e-10
3.6507816e-10
3.6429687e-10
3.6078127e-10
3.6199224e-10
3.5886721e-10
3.5718753e-10
3.6042969e-10
3.5949216e-10
3.6097655e-10
3.6265627e-10
3.6124997e-10
3.6121095e-10
3.5582029e-10
3.59375e-10
3.6164063e-10
3.5929687e-10
3.621094e-10
3.5921874e-10
3.578125e-10
3.5910155e-10
3.5832029e-10
3.5855469e-10
3.5468753e-10
3.558594e-10
3.5695311e-10
3.596875e-10
3.5558592e-10
3.5218753e-10
3.5882811e-10
3.5722658e-10
3.5562497e-10
3.5679693e-10
3.5628905e-10
3.5257813e-10
3.5394529e-10
3.55625e-10
3.5671877e-10
3.5703127e-10
3.5261719e-10
3.5585943e-10
3.5308595e-10
3.5449216e-10
3.4910153e-10
3.5296877e-10
3.5374997e-10
3.5132813e-10
3.5257811e-10
3.5460934e-10
3.5289066e-10
3.5257808e-10
3.5238285e-10
3.5433592e-10
3.5144532e-10
3.4984377e-10
3.540625e-10
3.499219e-10
3.5199219e-10
3.5132816e-10
3.5324216e-10
3.5257811e-10
3.5207032e-10
3.4874997e-10
3.4957032e-10
3.5195311e-10
3.4972658e-10
3.4921877e-10
3.5191408e-10
3.5507811e-10
3.5480469e-10
3.5324219e-10
3.5140624e-10
3.5074219e-10
3.5390624e-10
3.525e-10
3.5136721e-10
3.5160153e-10
3.5128908e-10
3.5070313e-10
3.5441405e-10
3.5332029e-10
3.515625e-10
3.5371089e-10
3.4964842e-10
3.5390624e-10
3.5406245e-10
3.514844e-10
3.5101563e-10
3.5222655e-10
3.490625e-10
3.4785158e-10
3.4847658e-10
3.5257813e-10
3.4664061e-10
3.4910155e-10
3.4980469e-10
3.4894532e-10
3.4820313e-10
3.4542971e-10
3.4507813e-10
3.5105471e-10
3.4359376e-10
3.4652342e-10
3.4515629e-10
3.5132811e-10
3.4695313e-10
3.5085937e-10
3.4792969e-10
3.4730471e-10
3.4601561e-10
3.4933592e-10
3.4355471e-10
3.4503908e-10
3.4386718e-10
3.4613282e-10
3.4859374e-10
3.4488279e-10
3.4156247e-10
3.4277345e-10
3.4499997e-10
3.4332029e-10
3.442969e-10
3.4492184e-10
3.3937503e-10
3.4449218e-10
3.4226563e-10
3.4546876e-10
3.43125e-10
3.453125e-10
3.4027345e-10
3.4214842e-10
3.4421874e-10
3.4269534e-10
3.4339842e-10
3.407031e-10
3.4671876e-10
3.4292974e-10
3.3718753e-10
3.4312495e-10
3.399219e-10
3.4140626e-10
3.4003905e-10
3.4050782e-10
3.385156e-10
3.3957032e-10
3.3710942e-10
3.3941402e-10
3.4453126e-10
3.4003905e-10
3.4085937e-10
3.410156e-10
3.3734374e-10
3.4320308e-10
3.4296876e-10
3.3800782e-10
3.4265626e-10
3.403906e-10
3.440235e-10
3.4046874e-10
3.3851566e-10
3.4003908e-10
3.3566402e-10
3.394531e-10
3.4050782e-10
3.4042968e-10
3.3917963e-10
3.3925782e-10
3.4023437e-10
3.4046876e-10
3.3949216e-10
3.4429687e-10
3.3832032e-10
3.4113282e-10
3.3703126e-10
3.40625e-10
3.39375e-10
3.4136718e-10
3.4023437e-10
3.3972655e-10
3.4066405e-10
3.4074218e-10
3.3683595e-10
3.44375e-10
3.413281e-10
3.4265626e-10
3.3996095e-10
3.3703124e-10
3.4308592e-10
3.3878905e-10
3.4265621e-10
3.4058592e-10
3.3722655e-10
3.3613282e-10
3.3847658e-10
3.3757813e-10
3.3589842e-10
3.3953124e-10
3.3765626e-10
3.3851566e-10
3.4140624e-10
3.3738279e-10
3.3843747e-10
3.365625e-10
3.3355468e-10
3.3046876e-10
3.3488282e-10
3.3382808e-10
3.3503911e-10
3.347656e-10
3.3488282e-10
3.3578124e-10
3.411719e-10
3.3273437e-10
3.3574218e-10
3.3449218e-10
3.3949216e-10
3.3460937e-10
3.374219e-10
3.3496095e-10
3.3859376e-10
3.3832032e-10
3.374219e-10
3.3628902e-10
3.3972652e-10
3.3175782e-10
3.3484376e-10
3.3437497e-10
3.40625e-10
3.3367187e-10
3.3621092e-10
3.3550776e-10
3.3855468e-10
3.3816405e-10
3.3335934e-10
3.3460937e-10
3.3421871e-10
3.3804687e-10
3.3820316e-10
3.3394529e-10
3.3519532e-10
3.3675782e-10
3.3039063e-10
3.4019532e-10
3.353125e-10
3.3378902e-10
3.3175782e-10
3.3320316e-10
3.3558598e-10
3.3296876e-10
3.3355468e-10
3.3628911e-10
3.3324218e-10
3.3058592e-10
3.3671874e-10
3.2886718e-10
3.3296874e-10
3.3347655e-10
3.3808598e-10
3.3335937e-10
3.344531e-10
3.366406e-10
3.3121095e-10
3.3253908e-10
3.3058592e-10
3.3281247e-10
3.3406253e-10
3.3351563e-10
3.3328124e-10
3.3335937e-10
3.2929687e-10
3.3234379e-10
3.3390624e-10
3.346094e-10
3.2894532e-10
3.3089845e-10
3.3296874e-10
3.336719e-10
3.3417971e-10
3.3085937e-10
3.3214842e-10
3.3335937e-10
3.3417971e-10
3.3191405e-10
3.3160158e-10
3.3230471e-10
3.3277339e-10
3.3187503e-10
3.3035158e-10
3.3003905e-10
3.3222658e-10
3.302344e-10
3.3484374e-10
3.3082032e-10
3.3445313e-10
3.3503908e-10
3.3351566e-10
3.3203126e-10
3.3238284e-10
3.2949221e-10
3.321875e-10
3.31875e-10
3.3300784e-10
3.334375e-10
3.3156247e-10
3.2792968e-10
3.2714845e-10
3.2980466e-10
3.2910155e-10
3.3070313e-10
3.2886721e-10
3.3054687e-10
3.2675782e-10
3.2871092e-10
3.2988276e-10
3.2734376e-10
3.3300782e-10
3.2980471e-10
3.3132813e-10
3.316406e-10
3.2464845e-10
3.2660155e-10
3.2488282e-10
3.3105466e-10
3.2851563e-10
3.2640626e-10
3.2640624e-10
3.259375e-10
3.2789066e-10
3.2906247e-10
3.3148434e-10
3.2824221e-10
3.2632813e-10
3.2597655e-10
3.2878905e-10
3.2375e-10
3.2890621e-10
3.2917966e-10
3.2957032e-10
3.2554687e-10
3.2746092e-10
3.2691405e-10
3.2542968e-10
3.2839845e-10
3.263281e-10
3.2851558e-10
3.3039063e-10
3.2574221e-10
3.2937503e-10
3.2703124e-10
3.3199218e-10
3.2847661e-10
3.2613282e-10
3.2906247e-10
3.2703124e-10
3.2738282e-10
3.253125e-10
3.2984379e-10
3.303125e-10
3.2710937e-10
3.2898437e-10
3.3031247e-10
3.2921874e-10
3.2796876e-10
3.3125003e-10
3.2562497e-10
3.3210937e-10
3.2574221e-10
3.2933595e-10
3.297656e-10
3.2710942e-10
3.2789063e-10
3.2738279e-10
3.2730471e-10
3.2511718e-10
3.2675782e-10
3.2875003e-10
3.2468753e-10
3.2656253e-10
3.2656253e-10
3.2808592e-10
3.232031e-10
3.2593747e-10
3.3003902e-10
3.2351563e-10
3.2445316e-10
3.2824216e-10
3.2605468e-10
3.2347652e-10
3.2820316e-10
3.2570313e-10
3.3003908e-10
3.26875e-10
3.2953129e-10
3.2781253e-10
3.2238281e-10
3.2550779e-10
3.3050782e-10
3.3152342e-10
3.2550782e-10
3.2652339e-10
3.2726566e-10
3.2703124e-10
3.2527342e-10
3.2519532e-10
3.2644534e-10
3.2726563e-10
3.2609376e-10
3.2988279e-10
3.2566408e-10
3.2843744e-10
3.2398434e-10
3.2671876e-10
3.2632813e-10
3.2425782e-10
3.2097658e-10
3.2386721e-10
3.2242184e-10
3.2355471e-10
3.2445308e-10
3.2476566e-10
3.2480468e-10
3.2425782e-10
3.2503908e-10
3.2203126e-10
3.2632816e-10
3.2363284e-10
3.2269531e-10
3.2156253e-10
3.2187497e-10
3.2277342e-10
3.2324224e-10
3.2285152e-10
3.2425782e-10
3.228125e-10
3.2296874e-10
3.2257813e-10
3.19375e-10
3.2804692e-10
3.2191405e-10
3.2269529e-10
3.2343753e-10
3.2312497e-10
3.2429687e-10
3.2328126e-10
3.2492189e-10
3.2449221e-10
3.2347655e-10
3.1914063e-10
3.2089845e-10
3.2644532e-10
3.2460939e-10
3.2371092e-10
3.2332034e-10
3.2488279e-10
3.2777345e-10
3.2234379e-10
3.2339845e-10
3.2390624e-10
3.2203124e-10
3.2660158e-10
3.2554684e-10
3.2589845e-10
3.2414063e-10
3.2109373e-10
3.2457032e-10
3.2457034e-10
3.275781e-10
3.2414066e-10
3.2363279e-10
3.2375003e-10
3.2285158e-10
3.2425784e-10
3.2554687e-10
3.2285152e-10
3.2632813e-10
3.2554684e-10
3.2417968e-10
3.2277345e-10
3.2554692e-10
3.2175781e-10
3.2160158e-10
3.2335939e-10
3.228125e-10
3.23125e-10
3.1996092e-10
3.2222655e-10
3.2632813e-10
3.2082031e-10
3.2261718e-10
3.1867189e-10
3.210156e-10
3.2234374e-10
3.2257813e-10
3.1769526e-10
3.2406247e-10
3.2308595e-10
3.2425779e-10
3.2105466e-10
3.2296874e-10
3.2398434e-10
3.2164063e-10
3.2160158e-10
3.2343747e-10
3.2304687e-10
3.2113281e-10
3.2058595e-10
3.1980468e-10
3.2046873e-10
3.213281e-10
3.19375e-10
3.2167966e-10
3.2316405e-10
3.2039063e-10
3.2093747e-10
3.2171873e-10
3.2207029e-10
3.2144534e-10
3.2246095e-10
3.2050781e-10
3.2027345e-10
3.2210937e-10
3.1871095e-10
3.2265626e-10
3.1984373e-10
3.2171876e-10
3.2066402e-10
3.2140623e-10
3.2214845e-10
3.2175784e-10
3.1683595e-10
3.2050781e-10
3.2289063e-10
3.1945316e-10
3.1941405e-10
3.2113284e-10
3.209375e-10
3.225e-10
3.2238279e-10
3.2058592e-10
3.2035155e-10
3.1933592e-10
3.2218753e-10
3.259375e-10
3.2300781e-10
3.1933595e-10
3.228125e-10
3.1703123e-10
3.2453126e-10
3.2179687e-10
3.2136718e-10
3.2222655e-10
3.1832031e-10
3.2304689e-10
3.2023439e-10
3.2546874e-10
3.2089845e-10
3.2070313e-10
3.1906255e-10
3.178125e-10
3.2183595e-10
3.1917965e-10
3.1996092e-10
3.2335939e-10
3.1773439e-10
3.2015623e-10
3.1835939e-10
3.2140626e-10
3.2089845e-10
3.1757813e-10
3.1957031e-10
3.2277347e-10
3.2183592e-10
3.1847658e-10
3.1902339e-10
3.216406e-10
3.1945316e-10
3.1863281e-10
3.1992184e-10
3.1996092e-10
3.2007813e-10
3.2101563e-10
3.2003902e-10
3.196875e-10
3.2179687e-10
3.2195313e-10
3.2089842e-10
3.1964839e-10
3.2398439e-10
3.20625e-10
3.2082034e-10
3.2089845e-10
3.2148439e-10
3.2187497e-10
3.1910155e-10
3.2152345e-10
3.2136718e-10
3.2160155e-10
3.2050781e-10
3.1980465e-10
3.1867184e-10
3.2066405e-10
3.2195313e-10
3.219531e-10
3.2078123e-10
3.2015626e-10
3.2109376e-10
3.1765623e-10
3.2296874e-10
3.209375e-10
3.19375e-10
3.1992187e-10
3.1902342e-10
3.2152345e-10
3.23125e-10
3.1566405e-10
3.1875003e-10
3.1750003e-10
3.1734373e-10
3.1894529e-10
3.200781e-10
3.1910155e-10
3.1996089e-10
3.1933595e-10
3.2078126e-10
3.1976563e-10
3.2167966e-10
3.215625e-10
3.2214845e-10
3.1984376e-10
3.19375e-10
3.194531e-10
3.1687503e-10
3.1835937e-10
3.221875e-10
3.2394532e-10
3.2011718e-10
3.1875e-10
3.1796873e-10
3.166406e-10
3.2203126e-10
3.2320313e-10
3.1781253e-10
3.1992187e-10
3.1878902e-10
3.1589842e-10
3.1847658e-10
3.1917974e-10
3.2343753e-10
3.2109371e-10
3.1941408e-10
3.2261718e-10
3.16875e-10
3.197656e-10
3.2253908e-10
3.1832034e-10
3.2335939e-10
3.19375e-10
3.2136718e-10
3.2140623e-10
3.159375e-10
3.2070313e-10
3.1874997e-10
3.221875e-10
3.209375e-10
3.207031e-10
3.1878908e-10
3.215625e-10
3.1878905e-10
3.2050781e-10
3.1960939e-10
3.1996092e-10
3.2113281e-10
3.2109376e-10
3.2164066e-10
3.2230468e-10
3.2238281e-10
3.2054687e-10
3.203125e-10
3.2199218e-10
3.196875e-10
3.1968747e-10
3.2394532e-10
3.2160155e-10
3.1910161e-10
3.2234376e-10
3.2066405e-10
3.2312503e-10
3.1996092e-10
3.184375e-10
3.2132813e-10
3.1886718e-10
3.1890626e-10
3.2066408e-10
3.1953126e-10
3.2085937e-10
3.1859376e-10
3.1921876e-10
3.209375e-10
3.2105468e-10
3.2476563e-10
3.2207029e-10
3.2441405e-10
3.2550779e-10
3.2308595e-10
3.2214845e-10
3.21914e-10
3.1976563e-10
3.2304689e-10
3.2074221e-10
3.1964845e-10
3.2109373e-10
3.2230468e-10
3.2097661e-10
3.1898439e-10
3.2214842e-10
3.2335937e-10
3.2046876e-10
3.2089845e-10
3.1910152e-10
3.1933595e-10
3.1964845e-10
3.2203129e-10
3.1906247e-10
3.2449224e-10
3.19375e-10
3.2199218e-10
3.1886715e-10
3.2308595e-10
3.1570313e-10
3.2207029e-10
3.2027345e-10
3.2292968e-10
3.2070313e-10
3.2015623e-10
3.19375e-10
3.2015623e-10
3.1996095e-10
3.2234371e-10
3.1898442e-10
3.1839845e-10
3.1726563e-10
3.1914063e-10
3.1742187e-10
3.1867187e-10
3.1652342e-10
3.1945313e-10
3.1675781e-10
3.1734376e-10
3.2238281e-10
3.2285155e-10
3.1742187e-10
3.2035152e-10
3.1820316e-10
3.1960937e-10
3.1894531e-10
3.169531e-10
3.1480468e-10
3.1835934e-10
3.1960937e-10
3.165625e-10
3.1953126e-10
3.1914066e-10
3.2058595e-10
3.1832034e-10
3.1851563e-10
3.2171873e-10
3.1847652e-10
3.2125e-10
3.1652342e-10
3.1730471e-10
3.203125e-10
3.2089842e-10
3.1832031e-10
3.2125e-10
3.1628908e-10
3.209375e-10
3.2097655e-10
3.1941405e-10
3.1796873e-10
3.1957029e-10
3.1777347e-10
3.1746092e-10
3.1898439e-10
3.2214845e-10
3.1757813e-10
3.1972652e-10
3.1605465e-10
3.1800781e-10
3.1761718e-10
3.1843753e-10
3.1722658e-10
3.1832031e-10
3.1738281e-10
3.1851566e-10
3.1886718e-10
3.1515623e-10
3.175781e-10
3.1937497e-10
3.1753908e-10
3.1667965e-10
3.1746092e-10
3.1769534e-10
3.165625e-10
3.1609376e-10
3.1664063e-10
3.2191408e-10
3.1824221e-10
3.2261718e-10
3.1617189e-10
3.1566405e-10
3.2128908e-10
3.1648437e-10
3.1816405e-10
3.1757813e-10
3.1867189e-10
3.1738279e-10
3.1804687e-10
3.1511715e-10
3.1925781e-10
3.1597661e-10
3.1624997e-10
3.1660152e-10
3.1855471e-10
3.1835937e-10
3.1488279e-10
3.1761721e-10
3.2054689e-10
3.153125e-10
3.1230468e-10
3.1507813e-10
3.1589845e-10
3.1238284e-10
3.1523437e-10
3.1636715e-10
3.1492184e-10
3.1746095e-10
3.1730474e-10
3.1503905e-10
3.1675781e-10
3.1625003e-10
3.1589845e-10
3.1402339e-10
3.1515626e-10
3.1609373e-10
3.1863284e-10
3.1746092e-10
3.175781e-10
3.171875e-10
3.1914066e-10
3.1667965e-10
3.1652345e-10
3.1617187e-10
3.2195313e-10
3.1667968e-10
3.1734373e-10
3.2144534e-10
3.1828123e-10
3.1683592e-10
3.1886721e-10
3.1871095e-10
3.1785155e-10
3.1992189e-10
3.1777345e-10
3.1953123e-10
3.1488284e-10
3.1660155e-10
3.175e-10
3.1515623e-10
3.1445313e-10
3.1964845e-10
3.1945313e-10
3.1597658e-10
3.1624994e-10
3.1671873e-10
3.15e-10
3.1566405e-10
3.1343753e-10
3.141406e-10
3.1644531e-10
3.153125e-10
3.1707031e-10
3.1757813e-10
3.1894531e-10
3.1371095e-10
3.1308592e-10
3.1519531e-10
3.1652339e-10
3.1328123e-10
3.1570316e-10
3.1332031e-10
3.1585937e-10
3.1738287e-10
3.15625e-10
3.1554687e-10
3.1285158e-10
3.159375e-10
3.1656253e-10
3.1722655e-10
3.1343747e-10
3.18125e-10
3.1761721e-10
3.1636721e-10
3.1605468e-10
3.1511718e-10
3.1609373e-10
3.1355471e-10
3.1468753e-10
3.1242187e-10
3.1609376e-10
3.1875e-10
3.1578126e-10
3.1183595e-10
3.121875e-10
3.1390623e-10
3.1628908e-10
3.1718747e-10
3.1457031e-10
3.1484376e-10
3.1109376e-10
3.1003905e-10
3.1347652e-10
3.1082034e-10
3.1300781e-10
3.1410152e-10
3.1410155e-10
3.1722658e-10
3.1484376e-10
3.159375e-10
3.1707029e-10
3.1445316e-10
3.1636718e-10
3.1855468e-10
3.1609376e-10
3.1578126e-10
3.1781247e-10
3.1433592e-10
3.1332031e-10
3.1457034e-10
3.1609373e-10
3.1574221e-10
3.1207029e-10
3.1472652e-10
3.160156e-10
3.1449215e-10
3.1585939e-10
3.1144526e-10
3.1812494e-10
3.15625e-10
3.1554687e-10
3.1375e-10
3.182031e-10
3.147656e-10
3.1269531e-10
3.1695313e-10
3.1855465e-10
3.1265626e-10
3.113281e-10
3.1574218e-10
3.1675779e-10
3.1539066e-10
3.1617189e-10
3.1113279e-10
3.1894531e-10
3.1652347e-10
3.1304687e-10
3.1328126e-10
3.1316405e-10
3.1371092e-10
3.1324215e-10
3.1296873e-10
3.1390623e-10
3.1253905e-10
3.1503905e-10
3.1203123e-10
3.1429687e-10
3.1300781e-10
3.1222658e-10
3.1332029e-10
3.1484376e-10
3.1066402e-10
3.1761715e-10
3.1449218e-10
3.1972655e-10
3.1300779e-10
3.1511721e-10
3.1027339e-10
3.0871095e-10
3.1246095e-10
3.1734379e-10
3.1171876e-10
3.1433592e-10
3.1105471e-10
3.1277342e-10
3.109375e-10
3.1632816e-10
3.1332034e-10
3.1429689e-10
3.1457031e-10
3.1433592e-10
3.1339842e-10
3.0875e-10
3.121875e-10
3.1394529e-10
3.1335937e-10
3.1839842e-10
3.1265626e-10
3.1312497e-10
3.1429689e-10
3.1414063e-10
3.138281e-10
3.1515621e-10
3.1300781e-10
3.1367189e-10
3.125781e-10
3.1464845e-10
3.1152345e-10
3.1464842e-10
3.1382813e-10
3.1359373e-10
3.1179687e-10
3.1136721e-10
3.1140626e-10
3.1460937e-10
3.1417968e-10
3.1269529e-10
3.1292971e-10
3.1187503e-10
3.1519531e-10
3.1292971e-10
3.132031e-10
3.1171876e-10
3.1113281e-10
3.1511718e-10
3.1175779e-10
3.1367187e-10
3.1074215e-10
3.107031e-10
3.0839845e-10
3.0914057e-10
3.1171873e-10
3.121875e-10
3.1085937e-10
3.1062503e-10
3.1167968e-10
3.1605468e-10
3.1046876e-10
3.1238281e-10
3.1203123e-10
3.1433589e-10
3.1179689e-10
3.1035158e-10
3.1023434e-10
3.1652345e-10
3.1164063e-10
3.1246095e-10
3.1550784e-10
3.15625e-10
3.1300781e-10
3.1421876e-10
3.1136721e-10
3.1441411e-10
3.1332029e-10
3.1597655e-10
3.1179692e-10
3.1511718e-10
3.1144529e-10
3.1363281e-10
3.1214842e-10
3.1214845e-10
3.1460939e-10
3.0917971e-10
3.1222655e-10
3.1746092e-10
3.1222655e-10
3.125781e-10
3.135156e-10
3.1617184e-10
3.1203123e-10
3.1539063e-10
3.1011718e-10
3.0863284e-10
3.1289063e-10
3.0847658e-10
3.0972658e-10
3.1097655e-10
3.1039063e-10
3.1394531e-10
3.1144529e-10
3.1097658e-10
3.1074218e-10
3.0898437e-10
3.1222655e-10
3.1027342e-10
3.0972658e-10
3.1152345e-10
3.1011718e-10
3.121875e-10
3.1085939e-10
3.1078126e-10
3.1003905e-10
3.0769531e-10
3.0992189e-10
3.122656e-10
3.1296876e-10
3.0699224e-10
3.1429692e-10
3.1207031e-10
3.1117187e-10
3.1316405e-10
3.1390626e-10
3.0984379e-10
3.1066405e-10
3.1058595e-10
3.1062497e-10
3.1074221e-10
3.1375e-10
3.1242187e-10
3.1308595e-10
3.1132813e-10
3.1265623e-10
3.1492187e-10
3.1125e-10
3.1410158e-10
3.1261715e-10
3.1218753e-10
3.1402342e-10
3.1070316e-10
3.1234371e-10
3.1128902e-10
3.0824215e-10
3.0863281e-10
3.0816405e-10
3.1347658e-10
3.1199221e-10
3.0800779e-10
3.1210937e-10
3.10625e-10
3.1261713e-10
3.1222658e-10
3.122656e-10
3.1355471e-10
3.0941405e-10
3.14375e-10
3.1574215e-10
3.0921871e-10
3.1058595e-10
3.107031e-10
3.0960937e-10
3.0902345e-10
3.1167968e-10
3.1e-10
3.1113279e-10
3.1488284e-10
3.1382816e-10
3.1144531e-10
3.1035158e-10
3.1113281e-10
3.1074218e-10
3.1265623e-10
3.1097655e-10
3.1253902e-10
3.1191405e-10
3.1324221e-10
3.0949218e-10
3.1222655e-10
3.1390623e-10
3.128125e-10
3.0746095e-10
3.094531e-10
3.0910158e-10
3.1335937e-10
3.1058597e-10
3.109375e-10
3.1562503e-10
3.1156253e-10
3.0785158e-10
3.1175779e-10
3.1050781e-10
3.0750003e-10
3.1136715e-10
3.103906e-10
3.078125e-10
3.1144529e-10
3.1156247e-10
3.11875e-10
3.1082031e-10
3.0984373e-10
3.0894531e-10
3.0902342e-10
3.0828126e-10
3.1160158e-10
3.1195316e-10
3.115625e-10
3.1066408e-10
3.1156247e-10
3.1249997e-10
3.10625e-10
3.1027345e-10
3.1015626e-10
3.1093747e-10
3.1e-10
3.1472652e-10
3.1312497e-10
3.0890623e-10
3.1355468e-10
3.075e-10
3.0785155e-10
3.1144531e-10
3.0878908e-10
3.1351563e-10
3.1085937e-10
3.0996092e-10
3.1054689e-10
3.1222658e-10
3.0828126e-10
3.16875e-10
3.1121095e-10
3.122656e-10
3.1210934e-10
3.1132813e-10
3.0589845e-10
3.1359376e-10
3.1113284e-10
3.0804687e-10
3.1074221e-10
3.0703123e-10
3.0921873e-10
3.1019529e-10
3.1167971e-10
3.1035155e-10
3.1289063e-10
3.0785158e-10
3.1289063e-10
3.1234376e-10
3.1089845e-10
3.0902345e-10
3.1167968e-10
3.0832029e-10
3.0921876e-10
3.1464842e-10
3.0992187e-10
3.0855471e-10
3.1214839e-10
3.1128908e-10
3.0917971e-10
3.0898439e-10
3.0964847e-10
3.1535158e-10
3.1179687e-10
3.1074221e-10
3.1261718e-10
3.1199221e-10
3.1167971e-10
3.1015626e-10
3.140625e-10
3.1585937e-10
3.096875e-10
3.0988279e-10
3.1097658e-10
3.1046876e-10
3.0976563e-10
3.071875e-10
3.0851563e-10
3.1203126e-10
3.0574215e-10
3.0886721e-10
3.1066408e-10
3.1089845e-10
3.084375e-10
3.0863284e-10
3.1027345e-10
3.1207029e-10
3.0558595e-10
3.078125e-10
3.0484376e-10
3.103125e-10
3.0683592e-10
3.072656e-10
3.0894534e-10
3.1187503e-10
3.1199215e-10
3.1003908e-10
3.109375e-10
3.1148437e-10
3.0996097e-10
3.0871095e-10
3.1019531e-10
3.0582031e-10
3.0617187e-10
3.1011715e-10
3.1183592e-10
3.0988281e-10
3.0703123e-10
3.0976566e-10
3.0746092e-10
3.0984376e-10
3.0546873e-10
3.109375e-10
3.0878908e-10
3.1246095e-10
3.0683595e-10
3.0882816e-10
3.084375e-10
3.1289063e-10
3.0855471e-10
3.1042968e-10
3.1175784e-10
3.10625e-10
3.0878905e-10
3.0804687e-10
3.0734376e-10
3.0996092e-10
3.0761715e-10
3.1085934e-10
3.0941405e-10
3.0949218e-10
3.0761721e-10
3.097656e-10
3.1e-10
3.0902342e-10
3.1019531e-10
3.0890621e-10
3.1039063e-10
3.0867192e-10
3.085156e-10
3.1160158e-10
3.0777342e-10
3.0914063e-10
3.0945313e-10
3.1082034e-10
3.0660155e-10
3.0773437e-10
3.0980468e-10
3.1175784e-10
3.1285155e-10
3.0804687e-10
3.0742187e-10
3.1097658e-10
3.1113279e-10
3.1113281e-10
3.0929687e-10
3.0761718e-10
3.1054687e-10
3.1101563e-10
3.0453123e-10
3.103125e-10
3.1132813e-10
3.0929689e-10
3.0996097e-10
3.0824218e-10
3.0769529e-10
3.1074215e-10
3.0699221e-10
3.1363281e-10
3.0457029e-10
3.0894529e-10
3.1265623e-10
3.1078123e-10
3.1136718e-10
3.0875e-10
3.1000003e-10
3.1285155e-10
3.1082031e-10
3.1585939e-10
3.1378902e-10
3.1285155e-10
3.0933595e-10
3.1343753e-10
3.1105468e-10
3.1230468e-10
3.0988279e-10
3.1644531e-10
3.1066408e-10
3.1511715e-10
3.1175781e-10
3.1179689e-10
3.0953126e-10
3.1058592e-10
3.1460939e-10
3.1089847e-10
3.1175781e-10
3.1371092e-10
3.1148439e-10
3.0824218e-10
3.1222655e-10
3.1203126e-10
3.1542965e-10
3.1359373e-10
3.1570316e-10
3.1210934e-10
3.1363284e-10
3.1335937e-10
3.1425781e-10
3.1316405e-10
3.1136718e-10
3.1472655e-10
3.1148437e-10
3.1109376e-10
3.1078126e-10
3.1105471e-10
3.1210937e-10
3.0894531e-10
3.0941405e-10
3.1121092e-10
3.125781e-10
3.0949218e-10
3.0796876e-10
3.1277342e-10
3.1406247e-10
3.0828123e-10
3.1093747e-10
3.0960937e-10
3.150781e-10
3.1109376e-10
3.0964842e-10
3.0882813e-10
3.1265626e-10
3.1242187e-10
3.1222655e-10
3.1136721e-10
3.1390626e-10
3.1167968e-10
3.1199224e-10
3.0796873e-10
3.1085934e-10
3.1167968e-10
3.0929687e-10
3.1089845e-10
3.0832031e-10
3.0863281e-10
3.0949218e-10
3.0835934e-10
3.084375e-10
3.0675779e-10
3.0792968e-10
3.1316405e-10
3.1433597e-10
3.1351563e-10
3.0707034e-10
3.1292968e-10
3.0960937e-10
3.0886718e-10
3.0902345e-10
3.1152347e-10
3.0964847e-10
3.1296873e-10
3.084375e-10
3.1242189e-10
3.1070313e-10
3.1027345e-10
3.0929687e-10
3.0835937e-10
3.0832026e-10
3.1015626e-10
3.0917965e-10
3.0835939e-10
3.103125e-10
3.1136718e-10
3.1015626e-10
3.0476563e-10
3.1300781e-10
3.0941402e-10
3.1062497e-10
3.0749997e-10
3.0812503e-10
3.1199218e-10
3.0996095e-10
3.0933592e-10
3.1152345e-10
3.1113279e-10
3.10625e-10
3.1085942e-10
3.1152345e-10
3.1175781e-10
3.0957034e-10
3.1042968e-10
3.0894531e-10
3.0941408e-10
3.0675781e-10
3.0753908e-10
3.0914063e-10
3.0843747e-10
3.0972658e-10
3.0941405e-10
3.1003905e-10
3.0906255e-10
3.0828123e-10
3.0742189e-10
3.0988281e-10
3.1085934e-10
3.0984376e-10
3.1121092e-10
3.1085937e-10
3.0800781e-10
3.075e-10
3.1105468e-10
3.0824221e-10
3.1035155e-10
3.0953123e-10
3.0980468e-10
3.0660158e-10
3.0667968e-10
3.069531e-10
3.0515623e-10
3.0906253e-10
3.0859373e-10
3.0859371e-10
3.0675779e-10
3.1175781e-10
3.0816408e-10
3.0960937e-10
3.0902342e-10
3.1203123e-10
3.0605468e-10
3.0636715e-10
3.1042968e-10
3.1105468e-10
3.0726563e-10
3.075781e-10
3.0886721e-10
3.1093747e-10
3.0835939e-10
3.1035155e-10
3.0929687e-10
3.1312503e-10
3.1210939e-10
3.1109376e-10
3.1160158e-10
3.1148437e-10
3.0765623e-10
3.1144529e-10
3.0703126e-10
3.0964842e-10
3.0746097e-10
3.1054689e-10
3.0699218e-10
3.1085937e-10
3.0816408e-10
3.0984373e-10
3.1105468e-10
3.0984379e-10
3.0625003e-10
3.103906e-10
3.0773437e-10
3.0777345e-10
3.0976563e-10
3.1035158e-10
3.0621092e-10
3.0835937e-10
3.0593747e-10
3.078125e-10
3.0675781e-10
3.0785155e-10
3.0824221e-10
3.0835939e-10
3.0722658e-10
3.0707031e-10
3.078125e-10
3.0757813e-10
3.0839847e-10
3.1390626e-10
3.113281e-10
3.0867187e-10
3.0578121e-10
3.071875e-10
3.0828129e-10
3.097656e-10
3.1109371e-10
3.0773437e-10
3.0921876e-10
3.0812503e-10
3.0652345e-10
3.1066408e-10
3.0660155e-10
3.0468747e-10
3.1074218e-10
3.0964845e-10
3.0542968e-10
3.0492184e-10
3.0781255e-10
3.0585937e-10
3.0535155e-10
3.0617189e-10
3.0769531e-10
3.0742189e-10
3.053906e-10
3.075781e-10
3.0792971e-10
3.0671873e-10
3.0605468e-10
3.0746092e-10
3.0304687e-10
3.0792971e-10
3.065625e-10
3.0789063e-10
3.0847655e-10
3.0585937e-10
3.1023434e-10
3.0550781e-10
3.0847655e-10
3.0476563e-10
3.0625e-10
3.1003908e-10
3.0722655e-10
3.0695313e-10
3.0910155e-10
3.0574221e-10
3.0847652e-10
3.0789066e-10
3.0675779e-10
3.109375e-10
3.0574218e-10
3.0753905e-10
3.0292968e-10
3.06875e-10
3.0527345e-10
3.0816405e-10
3.1050784e-10
3.0855468e-10
3.0699218e-10
3.1050784e-10
3.0730471e-10
3.1203126e-10
3.0597658e-10
3.0945313e-10
3.0777345e-10
3.0757813e-10
3.066406e-10
3.0691405e-10
3.0832031e-10
3.0906253e-10
3.0675784e-10
3.0792968e-10
3.1050779e-10
3.0488281e-10
3.084375e-10
3.060156e-10
3.1070307e-10
3.0949215e-10
3.0914063e-10
3.0925779e-10
3.0562497e-10
3.0941402e-10
3.0785155e-10
3.0734373e-10
3.0722658e-10
3.115625e-10
3.0667965e-10
3.0617187e-10
3.0515626e-10
3.1183595e-10
3.1070313e-10
3.1132813e-10
3.0636721e-10
3.0859376e-10
3.0707031e-10
3.09375e-10
3.1425779e-10
3.1183595e-10
3.1238279e-10
3.0996092e-10
3.1261718e-10
3.1011718e-10
3.1003908e-10
3.0722658e-10
3.0972658e-10
3.0929689e-10
3.0746097e-10
3.0832031e-10
3.0648437e-10
3.0933592e-10
3.0343753e-10
3.0769531e-10
3.065625e-10
3.0980468e-10
3.0812503e-10
3.0554687e-10
3.0644531e-10
3.0789063e-10
3.0675784e-10
3.0484373e-10
3.0054687e-10
3.0617184e-10
3.0460937e-10
3.0585934e-10
3.0722655e-10
3.0195313e-10
3.059375e-10
3.0503908e-10
3.0296871e-10
3.0460937e-10
3.0667971e-10
3.0757816e-10
3.04375e-10
3.0582029e-10
3.0625e-10
3.0351563e-10
3.0480468e-10
3.084375e-10
3.0542971e-10
3.0726566e-10
3.0609373e-10
3.0367189e-10
3.0648437e-10
3.0761715e-10
3.0496097e-10
3.0320313e-10
3.0410155e-10
3.0671873e-10
3.0671873e-10
3.0707031e-10
3.0859376e-10
3.0628905e-10
3.0593753e-10
3.0582031e-10
3.0417968e-10
3.0457031e-10
3.0484373e-10
3.0386721e-10
3.107031e-10
3.0675781e-10
3.0957029e-10
3.063281e-10
3.0699218e-10
3.0632813e-10
3.0460942e-10
3.0457029e-10
3.0472655e-10
3.0496095e-10
3.0660155e-10
3.0515626e-10
3.0437503e-10
3.0839845e-10
3.0292965e-10
3.0457034e-10
3.0335934e-10
3.0394529e-10
3.060156e-10
3.0515623e-10
3.0238281e-10
3.0734373e-10
3.063281e-10
3.0488281e-10
3.0613281e-10
3.0191405e-10
3.0742189e-10
3.0578123e-10
3.060156e-10
3.0222655e-10
3.0515626e-10
3.0628905e-10
3.0535158e-10
3.0773437e-10
3.0476563e-10
3.0429687e-10
2.9972658e-10
3.05625e-10
3.0441405e-10
3.019531e-10
3.0601566e-10
3.0449215e-10
3.0164066e-10
3.0402345e-10
3.0855468e-10
3.0605465e-10
3.0523437e-10
3.0597658e-10
3.0484376e-10
3.0539063e-10
3.0621095e-10
3.0523437e-10
3.0191402e-10
3.1230471e-10
3.0644531e-10
3.0472655e-10
3.0757813e-10
3.0320313e-10
3.0519529e-10
3.0582029e-10
3.078906e-10
3.0742187e-10
3.0433595e-10
3.0726563e-10
3.0363281e-10
3.0523434e-10
3.0269531e-10
3.0640626e-10
3.0421876e-10
3.0253905e-10
3.0542968e-10
3.0714845e-10
3.0480468e-10
3.0722661e-10
3.0597658e-10
3.0484373e-10
3.0605468e-10
3.0691402e-10
3.0656253e-10
3.0511718e-10
3.0492187e-10
3.05e-10
3.0054689e-10
3.0722655e-10
3.0367187e-10
3.0472658e-10
3.08125e-10
3.0847655e-10
3.0648437e-10
3.0621092e-10
3.0503902e-10
3.0394529e-10
3.0921876e-10
3.0601563e-10
3.0808592e-10
3.0578123e-10
3.0609376e-10
3.0492189e-10
3.0371095e-10
3.063281e-10
3.0351563e-10
3.0437503e-10
3.0375e-10
3.0605468e-10
3.0964845e-10
3.0640623e-10
3.0671873e-10
3.0378905e-10
3.0421873e-10
3.0558595e-10
3.0367187e-10
3.0472661e-10
3.0425779e-10
3.0925781e-10
3.0839845e-10
3.0687497e-10
3.046875e-10
3.0609373e-10
3.1050784e-10
3.0515626e-10
3.0242189e-10
3.0875e-10
3.0671876e-10
3.0878899e-10
3.0515623e-10
3.1089842e-10
3.047656e-10
3.0625e-10
3.0570313e-10
3.0566408e-10
3.0941408e-10
3.0621095e-10
3.0453123e-10
3.0476563e-10
3.046875e-10
3.1128908e-10
3.057031e-10
3.0777345e-10
3.0464845e-10
3.0421873e-10
3.0453126e-10
3.0601563e-10
3.0300779e-10
3.0835939e-10
3.0839845e-10
3.0589845e-10
3.0699218e-10
3.0941408e-10
3.0640623e-10
3.0410152e-10
3.0703121e-10
3.0417965e-10
3.0781253e-10
3.0964847e-10
3.08125e-10
3.0800781e-10
3.0773439e-10
3.0808595e-10
3.0769529e-10
3.063281e-10
3.065625e-10
3.0804684e-10
3.06875e-10
3.1171879e-10
3.0523437e-10
3.0175781e-10
3.06875e-10
3.0433595e-10
3.0746092e-10
3.1078126e-10
3.0722655e-10
3.0671873e-10
3.0781253e-10
3.0699218e-10
3.0585937e-10
3.0976563e-10
3.10625e-10
3.1128905e-10
3.065625e-10
3.0738279e-10
3.0921876e-10
3.0734376e-10
3.0304687e-10
3.0617187e-10
3.0738279e-10
3.0605465e-10
3.0828126e-10
3.0359373e-10
3.0609373e-10
3.0851563e-10
3.0179681e-10
3.0664063e-10
3.0656247e-10
3.1074218e-10
3.0804687e-10
3.0972661e-10
3.0726563e-10
3.038281e-10
3.057031e-10
3.0582031e-10
3.0535158e-10
3.0671871e-10
3.0488281e-10
3.0664063e-10
3.0660158e-10
3.0753902e-10
3.0605468e-10
3.0722655e-10
3.0730471e-10
3.0636715e-10
3.0605471e-10
3.0714842e-10
3.0531253e-10
3.0800784e-10
3.0890626e-10
3.0484376e-10
3.0531253e-10
3.075781e-10
3.0855471e-10
3.0910152e-10
3.057031e-10
3.1054689e-10
3.0484373e-10
3.0558595e-10
3.0527347e-10
3.0460939e-10
3.0871092e-10
3.0652345e-10
3.0855468e-10
3.0503905e-10
3.0742189e-10
3.0265623e-10
3.0773437e-10
3.0992184e-10
3.0632813e-10
3.0593747e-10
3.0527342e-10
3.0457034e-10
3.1207031e-10
3.0546876e-10
3.0792965e-10
3.0386713e-10
3.0574218e-10
3.0859371e-10
3.0703121e-10
3.0539063e-10
3.0742189e-10
3.0460937e-10
3.1019529e-10
3.0789057e-10
3.059375e-10
3.0617187e-10
3.0582034e-10
3.0683595e-10
3.0746095e-10
3.046875e-10
3.0835939e-10
3.0699218e-10
3.0570313e-10
3.0703126e-10
3.0507813e-10
3.0339842e-10
3.072656e-10
3.0585937e-10
3.0519531e-10
3.0550781e-10
3.0558595e-10
3.0273439e-10
3.0281247e-10
3.0503908e-10
3.0660152e-10
3.0371092e-10
3.0687505e-10
3.0839842e-10
3.0542968e-10
3.0605465e-10
3.0859373e-10
3.0562503e-10
3.032031e-10
3.0378902e-10
3.0449218e-10
3.0531247e-10
3.0472655e-10
3.0824218e-10
3.0234373e-10
3.0562497e-10
3.0664063e-10
3.0250003e-10
3.0433595e-10
3.0230474e-10
3.0488281e-10
3.032031e-10
3.0054689e-10
3.0414063e-10
3.007031e-10
3.0789063e-10
3.0503905e-10
3.035156e-10
3.0308595e-10
3.0421876e-10
3.0222658e-10
3.05625e-10
3.0640623e-10
3.0664063e-10
3.0300779e-10
3.0417968e-10
3.0820316e-10
3.0535155e-10
3.0765629e-10
3.0359376e-10
3.0734376e-10
3.0609376e-10
3.0953126e-10
3.0578129e-10
3.0765626e-10
3.0265623e-10
3.0757813e-10
3.0343753e-10
3.0742189e-10
3.0578126e-10
3.085156e-10
3.0417968e-10
3.0308595e-10
3.0535155e-10
3.0355468e-10
3.0894531e-10
3.0660158e-10
3.0355468e-10
3.0683592e-10
3.078906e-10
3.0363281e-10
3.0859376e-10
3.05625e-10
3.0441405e-10
3.0449218e-10
3.0656253e-10
3.0410161e-10
3.0261718e-10
3.0734376e-10
3.0679687e-10
3.0574215e-10
3.0660152e-10
3.0441408e-10
3.028906e-10
3.0652342e-10
3.0269529e-10
3.0433592e-10
3.0554684e-10
3.0242187e-10
3.0816405e-10
3.0738281e-10
3.0749997e-10
3.0429687e-10
3.0808592e-10
3.075781e-10
3.0789063e-10
3.0773439e-10
3.0406253e-10
3.0691402e-10
3.0906253e-10
3.0714842e-10
3.0945313e-10
3.0644534e-10
3.0648437e-10
3.0820313e-10
3.0785155e-10
3.0523437e-10
3.0773437e-10
3.053125e-10
3.021875e-10
3.0492184e-10
3.041406e-10
3.0738281e-10
3.04375e-10
3.0628902e-10
3.0546873e-10
3.0230468e-10
3.0363281e-10
3.0339842e-10
3.0621092e-10
3.0164063e-10
3.0863281e-10
3.057031e-10
3.0398437e-10
3.0417971e-10
3.0785158e-10
3.0597658e-10
3.0335937e-10
3.0636715e-10
3.015625e-10
3.0410158e-10
3.0621092e-10
3.0074215e-10
3.0542965e-10
3.0367187e-10
3.0230471e-10
3.0421876e-10
3.0421873e-10
3.0417968e-10
3.0367189e-10
3.0136718e-10
3.0375003e-10
3.0234373e-10
3.053125e-10
3.0097655e-10
3.0554689e-10
3.0519534e-10
3.040625e-10
3.0406253e-10
3.0390623e-10
3.0046876e-10
3.075e-10
3.0703123e-10
3.072656e-10
3.0558595e-10
3.1011718e-10
3.0636718e-10
3.0355468e-10
3.06875e-10
3.0722658e-10
2.9980471e-10
3.0867189e-10
3.046875e-10
3.1078126e-10
3.0375003e-10
3.0222658e-10
3.03125e-10
3.0738281e-10
2.9917971e-10
3.0636718e-10
3.0464847e-10
3.0746095e-10
3.0351563e-10
3.0605471e-10
3.0300781e-10
3.0546873e-10
3.0546873e-10
3.0457031e-10
3.0746095e-10
3.0597652e-10
3.0570313e-10
3.0171876e-10
3.0628905e-10
3.0742189e-10
3.0718747e-10
3.0339845e-10
3.0406253e-10
3.0800781e-10
3.0562497e-10
3.0296876e-10
3.1179692e-10
3.0398439e-10
3.0324218e-10
3.0675784e-10
3.0691408e-10
3.0656253e-10
3.0964842e-10
3.0484373e-10
3.0730468e-10
3.0734373e-10
3.0613281e-10
3.0296871e-10
3.0710939e-10
3.0460937e-10
3.0222658e-10
3.0660158e-10
3.0539063e-10
3.0363284e-10
3.0554687e-10
3.028125e-10
3.0312503e-10
3.0742189e-10
3.0710939e-10
3.0480468e-10
3.0652345e-10
3.0449218e-10
3.0550781e-10
3.0808595e-10
3.0449215e-10
3.0363281e-10
3.0402345e-10
3.059375e-10
3.0425781e-10
3.0296876e-10
3.0488284e-10
3.0609373e-10
3.0585934e-10
3.0421873e-10
3.0609376e-10
3.0691405e-10
3.0882813e-10
3.0472655e-10
3.0441408e-10
3.059375e-10
3.0714842e-10
3.0441402e-10
3.0410158e-10
3.0617187e-10
3.0546873e-10
3.040625e-10
3.0371095e-10
3.0285155e-10
3.0679687e-10
3.0585934e-10
3.0652342e-10
3.0585937e-10
3.0562497e-10
3.0390623e-10
3.0167968e-10
3.0535155e-10
3.0703123e-10
3.0691408e-10
3.0574218e-10
3.066406e-10
3.0371095e-10
3.0761721e-10
3.0753902e-10
3.0355468e-10
3.0519534e-10
3.0503902e-10
3.0625e-10
3.0511721e-10
3.0656247e-10
3.05625e-10
3.0433595e-10
3.0410155e-10
3.069531e-10
3.0773437e-10
3.0605471e-10
3.0308595e-10
3.075e-10
3.0476563e-10
3.0722655e-10
3.0371092e-10
3.0316405e-10
3.0511721e-10
3.0515623e-10
3.0386718e-10
3.0816408e-10
3.0511718e-10
3.0457034e-10
3.0636718e-10
3.0671873e-10
3.0449218e-10
3.0554689e-10
3.090625e-10
3.0847661e-10
3.0695313e-10
3.115625e-10
3.0800781e-10
3.0691405e-10
3.047656e-10
3.0996092e-10
3.0460937e-10
3.0433595e-10
3.0183592e-10
3.0292968e-10
3.0792965e-10
3.0332031e-10
3.0921873e-10
3.0625003e-10
3.0687497e-10
3.0546873e-10
3.0734373e-10
3.035156e-10
3.066406e-10
3.0707029e-10
3.0414063e-10
3.0457034e-10
3.0667968e-10
3.0472655e-10
3.075781e-10
3.0535155e-10
3.0730468e-10
3.0554687e-10
3.0480468e-10
3.0664066e-10
3.0367187e-10
3.028125e-10
3.0402342e-10
3.034375e-10
3.060156e-10
3.0511718e-10
3.0617184e-10
3.0429687e-10
3.0367187e-10
3.0648434e-10
3.0445313e-10
3.072656e-10
3.0570313e-10
3.0566405e-10
3.0484376e-10
3.0398437e-10
3.0523439e-10
3.0433592e-10
3.0457029e-10
3.0496092e-10
3.0574218e-10
3.0386718e-10
3.0453123e-10
3.0269529e-10
3.0656253e-10
3.0753905e-10
3.0542965e-10
3.0988281e-10
3.0605471e-10
3.0707031e-10
3.0277342e-10
3.072656e-10
3.0355468e-10
3.03125e-10
3.0355471e-10
3.0738279e-10
3.0722652e-10
3.0523439e-10
3.0398437e-10
3.0722658e-10
3.0429687e-10
3.0585934e-10
3.05625e-10
3.0808595e-10
3.0367184e-10
3.0503908e-10
3.0648437e-10
3.0375e-10
3.0316408e-10
3.0566405e-10
3.0500005e-10
3.0425781e-10
3.0523434e-10
3.0148437e-10
3.0570316e-10
3.0699218e-10
3.053906e-10
3.0679687e-10
3.0195313e-10
3.0339845e-10
3.0433595e-10
3.0539063e-10
3.0179689e-10
3.0679687e-10
3.0367189e-10
3.0433595e-10
3.0726563e-10
3.0296873e-10
3.0691405e-10
3.0597655e-10
3.0609376e-10
3.05e-10
3.05625e-10
3.063281e-10
3.0894534e-10
3.1250003e-10
3.0519529e-10
3.0398437e-10
3.0824221e-10
3.10625e-10
3.0710934e-10
3.0636718e-10
3.0730468e-10
3.0933595e-10
3.0835939e-10
3.0378905e-10
3.0621092e-10
3.0964845e-10
3.0667968e-10
3.0734371e-10
3.0613281e-10
3.0601566e-10
3.0468747e-10
3.0800784e-10
3.0488284e-10
3.0964845e-10
3.09375e-10
3.0804689e-10
3.0656247e-10
3.0855471e-10
3.0335937e-10
3.0710937e-10
3.0632816e-10
3.0707029e-10
3.0335934e-10
3.0722658e-10
3.0214845e-10
3.0500003e-10
3.0503905e-10
3.0230465e-10
3.0511718e-10
3.0585937e-10
3.0105468e-10
3.028906e-10
3.0472655e-10
3.034375e-10
3.0269529e-10
3.0628905e-10
3.0371095e-10
3.0285152e-10
3.0421873e-10
3.0269529e-10
3.0675781e-10
3.025781e-10
3.0503905e-10
3.0343753e-10
3.0199221e-10
3.0554687e-10
3.0113281e-10
3.0593747e-10
3.0429689e-10
3.0464845e-10
3.0445313e-10
3.0585939e-10
3.0378908e-10
3.0402347e-10
3.0523437e-10
3.0953126e-10
3.078125e-10
3.0085937e-10
3.0679687e-10
3.08125e-10
3.0589845e-10
3.0605465e-10
3.0695316e-10
3.0835939e-10
3.0410155e-10
3.0257813e-10
3.0652345e-10
3.0667968e-10
3.0058595e-10
3.0593747e-10
3.0410155e-10
3.0863276e-10
3.0476563e-10
3.0664063e-10
3.0296873e-10
3.0652342e-10
3.0593747e-10
3.0449218e-10
3.0265629e-10
3.0765629e-10
3.0566405e-10
3.0511718e-10
3.0171876e-10
3.0499997e-10
3.0714847e-10
3.0691405e-10
3.0457031e-10
3.0914063e-10
3.0749997e-10
3.0738284e-10
3.050781e-10
3.0675781e-10
3.0457034e-10
3.0535155e-10
3.0703123e-10
3.0535161e-10
3.0546873e-10
3.0554687e-10
3.0011721e-10
3.0499997e-10
3.0394531e-10
3.0535158e-10
3.0375e-10
3.0566408e-10
3.0316408e-10
3.0714842e-10
3.0566405e-10
3.0476563e-10
3.0460934e-10
3.0417968e-10
3.0175781e-10
3.0542965e-10
3.047656e-10
3.0558592e-10
3.0144531e-10
3.0292968e-10
3.0328123e-10
2.9960939e-10
3.0359373e-10
3.0484376e-10
3.0382813e-10
3.0308595e-10
3.0132813e-10
3.0296871e-10
3.0519529e-10
3.0410155e-10
2.9898439e-10
3.0242189e-10
3.0480465e-10
3.0191402e-10
2.9882813e-10
3.0261718e-10
3.0113284e-10
3.028906e-10
3.0375003e-10
3.0355468e-10
3.0078126e-10
3.0093744e-10
3.0304689e-10
3.0382813e-10
3.0562503e-10
3.0230465e-10
3.0003905e-10
3.0566402e-10
3.0488281e-10
3.0312503e-10
2.9957029e-10
3.0691408e-10
3.0300781e-10
3.0101563e-10
3.0339845e-10
3.0164063e-10
3.0261715e-10
3.0375e-10
3.0246092e-10
3.0511721e-10
3.0886718e-10
3.0464842e-10
3.0824218e-10
3.0738281e-10
3.0738287e-10
3.0820313e-10
3.0187497e-10
3.0371092e-10
3.0175779e-10
3.0734373e-10
3.0496092e-10
3.0476563e-10
3.0414063e-10
3.0382813e-10
3.0523437e-10
3.0324218e-10
3.0695316e-10
3.0265623e-10
3.0468747e-10
3.021875e-10
3.0749994e-10
3.0332031e-10
3.0570316e-10
3.0523437e-10
3.047656e-10
3.0617187e-10
3.0246092e-10
3.0593753e-10
3.0613281e-10
3.0351566e-10
3.0359376e-10
3.05625e-10
3.0328126e-10
3.057031e-10
3.0390623e-10
3.0488279e-10
3.0167968e-10
3.0296871e-10
3.0058592e-10
3.0355471e-10
3.041406e-10
3.0378908e-10
3.0699218e-10
3.0605471e-10
3.0242187e-10
3.0457031e-10
3.0464842e-10
3.0214842e-10
3.0335937e-10
3.0277347e-10
3.0132813e-10
3.057031e-10
3.0812497e-10
3.0917968e-10
3.0394531e-10
3.0078123e-10
3.0230468e-10
3.0304687e-10
3.0289063e-10
3.0109373e-10
3.0222658e-10
3.0554689e-10
3.0359373e-10
3.0226563e-10
3.0781247e-10
3.0570313e-10
3.0269534e-10
3.0363281e-10
3.0199218e-10
3.0261721e-10
3.0421879e-10
3.065625e-10
3.0203126e-10
3.0468753e-10
3.0273439e-10
3.047656e-10
3.028906e-10
3.0304689e-10
3.0328121e-10
3.0433592e-10
3.003125e-10
3.040625e-10
3.0367189e-10
3.0277345e-10
3.03125e-10
3.0101563e-10
3.028906e-10
3.0351563e-10
3.0664063e-10
3.04375e-10
3.0441405e-10
3.040625e-10
3.0335937e-10
3.0796876e-10
3.0527342e-10
3.015625e-10
3.05e-10
3.0324221e-10
3.0515623e-10
3.0578121e-10
3.0085934e-10
3.0496095e-10
3.0808595e-10
3.0378905e-10
3.0605471e-10
3.0554687e-10
3.0476563e-10
3.0574218e-10
3.0792971e-10
3.0324218e-10
3.0109373e-10
3.0496097e-10
3.05625e-10
3.0484376e-10
3.0011718e-10
3.0640626e-10
3.0562503e-10
3.0558592e-10
3.0875e-10
3.0542968e-10
3.0238281e-10
3.0437503e-10
3.0617187e-10
3.0503905e-10
2.9921876e-10
3.0671876e-10
3.0335937e-10
3.0375003e-10
3.0472658e-10
3.0699218e-10
3.0484379e-10
3.0367189e-10
3.0207026e-10
3.0609376e-10
3.0152345e-10
3.03125e-10
3.0113284e-10
3.0324221e-10
3.0414063e-10
2.9980465e-10
3.0249997e-10
3.0171876e-10
3.0496097e-10
3.0585937e-10
3.0699218e-10
3.0003908e-10
3.0425784e-10
3.0296876e-10
3.0507813e-10
3.0429687e-10
3.0203126e-10
3.0390623e-10
3.0496095e-10
3.0546876e-10
3.0457031e-10
3.0117184e-10
3.0378902e-10
3.0191405e-10
3.0699218e-10
2.9867187e-10
3.0023439e-10
3.0972658e-10
3.0105468e-10
3.0003905e-10
3.0214842e-10
2.9886718e-10
3.0273437e-10
3.0335937e-10
2.9859373e-10
3.0253905e-10
3.0050781e-10
3.0199218e-10
3.0148439e-10
3.0460939e-10
3.0210939e-10
3.0148437e-10
2.9859373e-10
3.0152339e-10
2.9808592e-10
3.0523439e-10
3.0124997e-10
3.0394529e-10
3.0164063e-10
3.031641e-10
2.9941405e-10
3.0164063e-10
3.0308595e-10
3.0093752e-10
3.0328126e-10
3.053125e-10
3.0386718e-10
3.0726563e-10
3.0277345e-10
3.0695313e-10
3.0281253e-10
3.0566402e-10
3.0449218e-10
3.0277345e-10
3.0566405e-10
3.0628902e-10
3.0449218e-10
3.0750003e-10
3.0230468e-10
3.0730471e-10
3.0542968e-10
3.0398442e-10
3.1074218e-10
3.0273437e-10
3.0453126e-10
3.0621095e-10
3.0542968e-10
3.0710934e-10
3.0148439e-10
3.0554689e-10
3.060156e-10
3.0582031e-10
3.0605468e-10
3.0359376e-10
3.0648434e-10
3.0496092e-10
3.0832031e-10
3.0308595e-10
3.0574218e-10
3.0894526e-10
3.0609373e-10
3.04375e-10
3.084375e-10
3.022656e-10
3.0644531e-10
3.0742187e-10
3.0367189e-10
3.0542968e-10
3.0632813e-10
3.0691405e-10
3.0332031e-10
3.0644534e-10
3.0605468e-10
3.0249997e-10
3.0742187e-10
3.05625e-10
3.0417965e-10
3.04375e-10
3.0585937e-10
3.0390626e-10
3.0273437e-10
3.0261718e-10
3.0375e-10
3.0425781e-10
3.0242189e-10
3.0335939e-10
3.0324215e-10
3.0554687e-10
3.0542968e-10
3.0222658e-10
3.0484376e-10
3.0148439e-10
3.044531e-10
2.9863279e-10
3.00625e-10
3.0292968e-10
3.0316402e-10
3.053906e-10
3.021875e-10
3.0550779e-10
2.9941405e-10
3.0472655e-10
3.0339842e-10
3.0324218e-10
3.0210937e-10
3.0335934e-10
3.0226566e-10
3.0375e-10
3.0296873e-10
3.0386718e-10
3.0265621e-10
3.0187502e-10
3.0394529e-10
3.0191405e-10
3.0300779e-10
3.0054687e-10
3.0394531e-10
3.0183592e-10
3.0160155e-10
3.0261718e-10
3.021875e-10
3.0417968e-10
3.0707029e-10
3.057031e-10
3.0398437e-10
3.0621092e-10
3.0421873e-10
3.0316408e-10
3.0238279e-10
3.0710934e-10
3.047656e-10
3.0503905e-10
3.0417968e-10
3.0257813e-10
3.0519529e-10
2.9980465e-10
3.0183592e-10
3.0152345e-10
3.0636718e-10
3.0335939e-10
3.0199215e-10
3.0535158e-10
3.0667968e-10
3.0468747e-10
3.0640626e-10
3.0085937e-10
3.0468747e-10
3.04375e-10
3.0519529e-10
3.0648439e-10
3.0472655e-10
3.0546873e-10
3.0097655e-10
3.0406247e-10
3.0574218e-10
3.028125e-10
3.0410158e-10
3.0339847e-10
3.0441411e-10
3.0121095e-10
3.0421873e-10
3.0226563e-10
3.022266e-10
3.0253905e-10
3.025e-10
3.0121089e-10
2.9941402e-10
3.0558589e-10
3.044531e-10
3.0203123e-10
3.0324215e-10
3.0214847e-10
3.0125e-10
3.0097655e-10
3.0085934e-10
3.0378905e-10
3.0265623e-10
3.0144531e-10
3.0246097e-10
3.0519534e-10
3.038281e-10
3.0285155e-10
3.0019531e-10
3.01875e-10
3.0464845e-10
3.034375e-10
3.0328126e-10
2.9921871e-10
3.0492184e-10
3.0167963e-10
3.0574221e-10
3.0535152e-10
3.0414057e-10
3.0203121e-10
2.9898437e-10
3.0089845e-10
3.0499997e-10
3.0425779e-10
3.0234376e-10
3.0531255e-10
3.0304684e-10
3.0144531e-10
3.0613281e-10
3.034375e-10
2.9894531e-10
2.9800781e-10
3.022656e-10
3.0121092e-10
3.0496092e-10
3.0253905e-10
3.0117184e-10
2.9972658e-10
3.025781e-10
3.0378905e-10
3.0304684e-10
3.0179689e-10
3.0160158e-10
3.0230468e-10
2.9785158e-10
3.0191408e-10
3.0050781e-10
3.035156e-10
2.978125e-10
2.9992187e-10
2.9886724e-10
3.0324221e-10
3.022266e-10
2.98125e-10
3.0035155e-10
2.9933592e-10
2.9859371e-10
3.0136718e-10
3.0066405e-10
3.0171876e-10
3.0249997e-10
3.0261721e-10
2.9773436e-10
3.0195316e-10
3.0390626e-10
3.0308595e-10
3.0351563e-10
3.063281e-10
3.0375e-10
3.0277342e-10
3.01875e-10
3.0113281e-10
3.0402345e-10
3.0097655e-10
3.0394531e-10
3.0207034e-10
3.0570313e-10
3.0191405e-10
3.0125e-10
3.0050781e-10
3.0160155e-10
3.0140623e-10
3.0246095e-10
3.0300781e-10
3.0410155e-10
3.040625e-10
3.0054687e-10
3.0097658e-10
2.9835939e-10
3.0242184e-10
2.9980468e-10
3.0035152e-10
3.0550781e-10
3.0308595e-10
2.9910155e-10
3.0152339e-10
3.0265623e-10
3.0484373e-10
2.9980468e-10
2.9796873e-10
3.0199218e-10
3.0191405e-10
3.0128908e-10
2.990625e-10
3.0105471e-10
2.9968747e-10
2.9996097e-10
2.997656e-10
3.0359373e-10
3.053906e-10
3.0199215e-10
3.0011721e-10
3.0351566e-10
2.9843747e-10
3.0226566e-10
3.0257813e-10
2.9847658e-10
2.9960937e-10
3.0328126e-10
3.0062497e-10
2.9867189e-10
3.0199215e-10
2.9710939e-10
2.9824218e-10
3.0281253e-10
3.0175784e-10
3.0042968e-10
3.021875e-10
3.010156e-10
3.0234376e-10
2.9867187e-10
3.0269531e-10
3.0058595e-10
3.0375e-10
3.0011718e-10
3.0078126e-10
3.013281e-10
3.0050779e-10
3.0230465e-10
2.9867187e-10
2.9914063e-10
3.003125e-10
3.0449218e-10
3.0421876e-10
3.0128905e-10
3.0171876e-10
3.0445313e-10
2.9984373e-10
3.0710939e-10
3.0136718e-10
3.0328123e-10
3.0062502e-10
2.9925779e-10
2.9828126e-10
2.9957031e-10
3.0031252e-10
3.0453126e-10
2.9929687e-10
3.0328129e-10
3.022656e-10
3.0203126e-10
2.9921876e-10
3.0378905e-10
3.0140623e-10
3.0488279e-10
3.0457031e-10
3.0417968e-10
3.0011718e-10
3.0285152e-10
3.0105468e-10
3.021875e-10
3.0257807e-10
3.0316405e-10
3.0839842e-10
3.0234373e-10
3.0457031e-10
3.0574218e-10
3.0355465e-10
3.0410152e-10
3.0277342e-10
3.0414057e-10
3.00625e-10
3.0484373e-10
3.0199218e-10
3.0484373e-10
3.0160158e-10
3.0074218e-10
3.0078123e-10
3.0078126e-10
3.025e-10
3.0273439e-10
3.0375e-10
3.0437494e-10
3.0050784e-10
3.0171876e-10
3.0515623e-10
2.9996092e-10
3.0093752e-10
2.9914063e-10
3.0097655e-10
3.0136721e-10
2.9910158e-10
2.9871094e-10
2.9992187e-10
2.9675784e-10
2.9746092e-10
2.9886718e-10
3.0292968e-10
2.9917968e-10
2.9910158e-10
2.9960939e-10
3.0062497e-10
3.0402345e-10
3.0308592e-10
3.0292968e-10
3.0468753e-10
3.0332031e-10
3.0136718e-10
3.0257816e-10
3.0355471e-10
3.0023437e-10
3.0125002e-10
3.0308595e-10
3.0285155e-10
2.9988279e-10
2.997656e-10
2.9996094e-10
3.0332034e-10
2.9992189e-10
3.0121092e-10
3.0445313e-10
2.9964844e-10
2.9933594e-10
3.0101563e-10
2.9980468e-10
3.0152342e-10
3.015625e-10
3.0015623e-10
2.9921876e-10
3.0230468e-10
3.0140626e-10
2.9746097e-10
2.9707031e-10
3.0027342e-10
3.0027344e-10
2.9863281e-10
3.0304687e-10
2.9925781e-10
2.9996092e-10
3.022656e-10
3.0187502e-10
3.0148434e-10
2.9886721e-10
2.9816405e-10
2.9722658e-10
3.0117184e-10
3.0277342e-10
3.0464842e-10
3.0144531e-10
3.0355468e-10
3.0355468e-10
3.0246095e-10
3.0046876e-10
3.0304689e-10
3.0175784e-10
3.0308592e-10
3.0367189e-10
2.9996092e-10
3.0335937e-10
3.0359376e-10
3.0191402e-10
3.0054689e-10
3.0335939e-10
3.0082031e-10
3.0015623e-10
3.0269531e-10
3.0089842e-10
3.0453123e-10
2.9984373e-10
3.0089847e-10
3.021875e-10
3.0324218e-10
3.0156247e-10
3.0015626e-10
3.0027339e-10
3.034375e-10
2.9871092e-10
3.0394531e-10
3.025e-10
3.028125e-10
3.046875e-10
3.0230471e-10
3.0238281e-10
3.0242187e-10
3.0292968e-10
3.0011718e-10
3.034375e-10
3.0183592e-10
3.0402347e-10
3.0453126e-10
3.0691405e-10
3.0019531e-10
3.0609373e-10
3.0636718e-10
3.0226563e-10
2.9878908e-10
2.9968747e-10
2.9832029e-10
3.0214845e-10
3.0203126e-10
3.0003905e-10
3.025e-10
3.0046876e-10
3.0039063e-10
3.0109373e-10
3.0175781e-10
3.0300784e-10
3.0253905e-10
3.0308592e-10
3.0023437e-10
3.0148442e-10
3.0195316e-10
2.9839842e-10
2.9972655e-10
2.9738279e-10
3.0027344e-10
3.0179689e-10
3.0265626e-10
3.0214845e-10
3.0539066e-10
3.0148439e-10
2.9875e-10
2.9898439e-10
3.0117184e-10
3.0140623e-10
2.9871094e-10
3.0257816e-10
3.0140626e-10
3.0109376e-10
3.0078123e-10
3.0183595e-10
3.0191408e-10
3.0214842e-10
3.0042968e-10
3.0167968e-10
3.0304687e-10
3.0124997e-10
3.015625e-10
2.9984373e-10
3.0429687e-10
3.0402342e-10
3.0070316e-10
3.0273437e-10
3.0714845e-10
3.0117187e-10
3.0292965e-10
3.0453123e-10
3.0347652e-10
3.0078126e-10
3.0324221e-10
3.0042971e-10
3.04375e-10
3.053125e-10
3.0378902e-10
3.007031e-10
3.0550781e-10
3.0402342e-10
3.0023437e-10
3.0238281e-10
3.0167968e-10
2.9937502e-10
3.0414066e-10
2.9828126e-10
3.00625e-10
3.0136715e-10
2.9953123e-10
3.0390623e-10
3.0019531e-10
3.0058589e-10
3.0363287e-10
3.0003905e-10
3.0324215e-10
3.0253905e-10
3.0093747e-10
3.0257813e-10
3.01875e-10
3.0238281e-10
2.9679686e-10
2.9894531e-10
3.0265623e-10
3.0191402e-10
3.0125e-10
3.047656e-10
3.0328123e-10
3.0347658e-10
2.9937502e-10
3.0269531e-10
3.0449218e-10
3.0273439e-10
3.0171873e-10
3.0308592e-10
3.0269531e-10
3.0019529e-10
3.0589845e-10
3.0613279e-10
3.0230471e-10
3.009375e-10
3.0480468e-10
3.0074221e-10
3.0027342e-10
3.0222658e-10
3.0140623e-10
3.0203126e-10
3.0234373e-10
3.0113276e-10
3.0453126e-10
3.0023437e-10
2.9980468e-10
2.9921873e-10
3.0527345e-10
3.0078123e-10
3.0046879e-10
3.0246095e-10
2.9960939e-10
2.9937494e-10
3.0175779e-10
3.0292968e-10
3.0265626e-10
2.9875e-10
3.022656e-10
2.982031e-10
2.9777342e-10
2.9996092e-10
2.9996094e-10
3.025e-10
2.9816405e-10
3.0175781e-10
3.0101563e-10
3.0046876e-10
3.0167965e-10
3.0046873e-10
2.9890626e-10
3.0015623e-10
3.0148439e-10
3.0125002e-10
3.0085939e-10
3.0097655e-10
3.0117187e-10
3.0351563e-10
3.01875e-10
3.038281e-10
3.0035152e-10
3.019531e-10
3.0285158e-10
3.0082034e-10
2.9808592e-10
3.0375e-10
3.0292968e-10
3.0183595e-10
3.0125e-10
3.0441408e-10
2.9996092e-10
3.0417965e-10
3.0378902e-10
3.0175779e-10
3.0082031e-10
3.0257813e-10
2.9953123e-10
3.0136721e-10
2.9945316e-10
3.0437503e-10
3.0152347e-10
3.0105468e-10
3.0394531e-10
3.0246095e-10
3.0082031e-10
3.01875e-10
3.0007813e-10
3.0468747e-10
3.0546879e-10
3.0050781e-10
3.0015626e-10
2.9945313e-10
3.0496095e-10
3.0210934e-10
3.0277345e-10
2.9988279e-10
3.0117189e-10
3.0300784e-10
3.0191408e-10
3.0386721e-10
3.0191405e-10
3.0023439e-10
3.0011718e-10
2.9996094e-10
3.025781e-10
3.0355468e-10
3e-10
3.0238281e-10
3.0371095e-10
3.0187497e-10
3.0003908e-10
3.0371092e-10
3.032031e-10
3.0277345e-10
3.0023437e-10
3.0269529e-10
3.0089845e-10
3.0488281e-10
3.0480468e-10
3.0394531e-10
3.0324215e-10
3.010156e-10
3.0085937e-10
3.0277342e-10
3.0242189e-10
3.0421876e-10
3.0347655e-10
3.0124997e-10
3.0371095e-10
3.0148437e-10
3.0285158e-10
2.9867187e-10
2.988281e-10
2.9886715e-10
3.0105471e-10
2.9777342e-10
3.0113281e-10
3.0343753e-10
2.9988281e-10
3.015625e-10
2.9835936e-10
3.0089842e-10
2.9933594e-10
3.0289063e-10
3.0093747e-10
3.021875e-10
3.0382813e-10
2.9921876e-10
3.0199221e-10
3.015625e-10
2.9925779e-10
3.0082029e-10
3.0433592e-10
3e-10
3.0292965e-10
3.0273439e-10
2.9980468e-10
2.9914063e-10
2.9730468e-10
3.0164063e-10
2.9933592e-10
3.0277342e-10
3.015625e-10
2.9992187e-10
3.0746092e-10
3.0085934e-10
3.0046876e-10
3.0089839e-10
3.04375e-10
3.0167971e-10
3.00625e-10
3.0003905e-10
2.9789068e-10
3.0332029e-10
2.9746094e-10
2.9976563e-10
3.0246095e-10
3.0316405e-10
3.0066405e-10
2.9812497e-10
3.0242189e-10
2.9941408e-10
3.0253908e-10
3.0324215e-10
3.0523434e-10
3.0226566e-10
3.053906e-10
3.0242184e-10
3.0539063e-10
3.0277345e-10
3.0179687e-10
3.0246095e-10
3.0492187e-10
3.0234376e-10
3.022656e-10
3.013281e-10
3.0179684e-10
2.9925776e-10
3.0152345e-10
3.0359376e-10
2.994531e-10
2.9890626e-10
3.0031252e-10
3.0535158e-10
3.0136721e-10
2.9644531e-10
3.0003905e-10
3.0531253e-10
3.0066402e-10
2.9980471e-10
3.035156e-10
3.0109373e-10
3.0472661e-10
3.0386721e-10
3.0132813e-10
3.0304687e-10
3.015625e-10
3.0265626e-10
3.0148439e-10
2.9769531e-10
3.0210937e-10
2.9867189e-10
3.0242189e-10
3.0117187e-10
3.0160158e-10
2.984375e-10
3.0191408e-10
3.0332029e-10
3.0113281e-10
3.0222655e-10
2.9953123e-10
3.0269531e-10
2.9843747e-10
3.0066405e-10
3.0332031e-10
3.0019529e-10
2.9699221e-10
2.9910155e-10
2.9714844e-10
3.0019529e-10
3.0117187e-10
3.0160155e-10
3.0351563e-10
2.9835939e-10
3.0222658e-10
3.0011721e-10
3.0070313e-10
2.9914066e-10
3.0035158e-10
3.0324218e-10
3.0480468e-10
3.0097655e-10
3.022656e-10
2.9957031e-10
3.0472655e-10
3.0085939e-10
2.9925779e-10
2.9972652e-10
3.0171876e-10
3.0328123e-10
3.021875e-10
2.9917968e-10
3.0261721e-10
2.9875e-10
3.0332029e-10
3.003125e-10
2.9953123e-10
3.0214845e-10
3.0015623e-10
3.0328126e-10
3.0109373e-10
3.0246092e-10
3.0148437e-10
3.0246097e-10
3.0296876e-10
3.0667968e-10
3.0046876e-10
2.9492189e-10
2.9953129e-10
2.991406e-10
2.985156e-10
2.9960934e-10
3.0097658e-10
2.9601563e-10
3.0125002e-10
3.0335939e-10
3.0234373e-10
3.0210937e-10
2.9621092e-10
3.0128905e-10
2.9902342e-10
3.0250003e-10
3.0249997e-10
3.0054689e-10
3.0234376e-10
2.9781247e-10
3.0187497e-10
2.9832029e-10
3.0027344e-10
3.0109373e-10
2.9957031e-10
3.0054689e-10
2.9949218e-10
2.9585936e-10
2.982031e-10
3.0042968e-10
3.0074213e-10
3.0050779e-10
3.0285155e-10
2.9914063e-10
2.9960937e-10
2.9738279e-10
3.0257816e-10
2.9761721e-10
3.0082031e-10
3.0042968e-10
3.0335937e-10
3.009375e-10
2.9902344e-10
2.9925779e-10
3.0230468e-10
3.003125e-10
3.0160158e-10
2.9964847e-10
3.0414057e-10
3.0042968e-10
2.9910155e-10
3.0070313e-10
2.9816408e-10
2.9917968e-10
3.0277345e-10
2.9964844e-10
2.9992187e-10
3.0316402e-10
3.0269534e-10
2.9898437e-10
2.9890623e-10
3.019531e-10
2.9957031e-10
2.9816402e-10
2.9632813e-10
3.0027342e-10
3.0191408e-10
2.9921873e-10
3.0015623e-10
2.9890623e-10
2.9953123e-10
2.9875005e-10
2.9871094e-10
2.9859376e-10
2.9511715e-10
3.0089845e-10
3.0242189e-10
2.9968752e-10
2.9800781e-10
3.0050784e-10
2.9761718e-10
3.0054689e-10
2.9875e-10
3.0074218e-10
2.9949218e-10
3.0058595e-10
3e-10
3.0183592e-10
3.0226566e-10
3.0128908e-10
3.0359373e-10
3.0339845e-10
3.0156247e-10
3.0230465e-10
3.0292968e-10
3.0082031e-10
3.0343753e-10
3.0097655e-10
3.0281247e-10
3.0132813e-10
3.0070313e-10
3.0031247e-10
3.0183595e-10
3.0027344e-10
3.00625e-10
2.9933592e-10
3.0304687e-10
2.9929687e-10
3.0027344e-10
2.9765623e-10
3.0085937e-10
2.9750002e-10
2.9839844e-10
2.9933594e-10
3.0128905e-10
3.0203126e-10
3.0164057e-10
3.0238279e-10
3.0121092e-10
2.9941405e-10
3.0238279e-10
3.0167965e-10
2.9855465e-10
3.0371095e-10
2.9726563e-10
3.01875e-10
3.0035152e-10
2.9796873e-10
3.0039063e-10
3.0078123e-10
3.0328123e-10
3.0144531e-10
3.0328129e-10
3.0355468e-10
3.0117187e-10
2.9925781e-10
3.0222658e-10
3.0199218e-10
3.0082029e-10
3.0265626e-10
3.0226563e-10
3.0320313e-10
2.9898437e-10
3.0343747e-10
3.0128905e-10
3.038281e-10
3.0316402e-10
3.0160155e-10
3.0359373e-10
3.0425781e-10
3.0191405e-10
3.0617187e-10
3.0410158e-10
3.016406e-10
3.0171873e-10
3.0101563e-10
2.9957031e-10
3.0292968e-10
3.0070313e-10
2.9964844e-10
3.0285155e-10
2.9980468e-10
2.9882813e-10
2.988281e-10
3.0121089e-10
3.0421876e-10
2.996875e-10
3.0363281e-10
3.0535155e-10
3.0292971e-10
2.9785155e-10
3.003906e-10
3.0156252e-10
3.0230468e-10
3.0113281e-10
2.9746092e-10
3.0304687e-10
2.9953126e-10
2.9808592e-10
3.038281e-10
3.0171871e-10
3.0011718e-10
3.0339845e-10
2.9683592e-10
2.9906247e-10
3.0066405e-10
2.9703123e-10
3.0343753e-10
3.0109371e-10
3.0164063e-10
2.9800781e-10
3.0246092e-10
2.9597652e-10
3.009375e-10
3.0226563e-10
3.0257813e-10
3.003906e-10
2.9933592e-10
3.0109373e-10
3.0375e-10
3.0070313e-10
3.0218753e-10
2.9792968e-10
3.0027342e-10
2.9945313e-10
2.975781e-10
3.00625e-10
2.9910155e-10
2.9773436e-10
3.0078123e-10
2.9988281e-10
2.9601563e-10
3.0097652e-10
3.0257816e-10
2.9964844e-10
2.9714844e-10
2.9894531e-10
3.0289057e-10
2.9910158e-10
3.0492189e-10
2.9894531e-10
3.0183595e-10
2.9843752e-10
3.0054684e-10
2.960156e-10
2.9996094e-10
2.9871092e-10
3.0265623e-10
2.972656e-10
3.0148437e-10
3.0199218e-10
3.0074215e-10
2.994531e-10
2.9863284e-10
3.0199218e-10
3.0019531e-10
2.9996094e-10
3.0230468e-10
2.9941405e-10
2.9835936e-10
2.9996094e-10
3.0281247e-10
2.9761721e-10
3.0214842e-10
3.0015623e-10
3.0125e-10
2.9792965e-10
3.0328126e-10
3.0332031e-10
2.9515623e-10
2.9933592e-10
3.0433595e-10
2.9980471e-10
2.9960934e-10
3.0125e-10
3.0203123e-10
3.0253905e-10
3.0226563e-10
2.9996094e-10
3.0113279e-10
2.959375e-10
2.9867189e-10
3.00625e-10
3.0078123e-10
3.0191405e-10
3.0222655e-10
3.0226563e-10
2.9964844e-10
3.0171873e-10
3.0417971e-10
3.0214842e-10
3.0371095e-10
3.0535155e-10
3.0187502e-10
3.0195313e-10
3.0218753e-10
3.0253908e-10
3.0550781e-10
3.0253905e-10
3.0476563e-10
3.0042968e-10
3.015625e-10
3.0261721e-10
2.978906e-10
3.0265623e-10
3.0152342e-10
3.0152347e-10
2.9972652e-10
3.0191408e-10
3.0171873e-10
3.0085937e-10
2.9980471e-10
2.9722658e-10
3.0070313e-10
3.0257813e-10
3.0109376e-10
3.0058592e-10
3.0148439e-10
3.0097658e-10
3.021875e-10
2.9988284e-10
2.9988281e-10
2.9925781e-10
2.9945313e-10
3.0132813e-10
3.025e-10
3.0644534e-10
2.9835934e-10
3.0207031e-10
3.046875e-10
3.0078123e-10
3.0074215e-10
3.0269531e-10
2.9933592e-10
3.028125e-10
2.9625e-10
3.0273437e-10
3.028125e-10
3.01875e-10
2.9917971e-10
3.0089845e-10
3.0132813e-10
3.0070307e-10
2.9890623e-10
3.0410158e-10
3.0175781e-10
2.9992187e-10
2.9875e-10
3.0414063e-10
3.00625e-10
2.9878908e-10
2.9968747e-10
3.0050781e-10
2.9855471e-10
3.0144529e-10
3.0085937e-10
3.0050779e-10
3.0285155e-10
3.0148437e-10
2.9777342e-10
3.0425779e-10
3.00625e-10
3.0324218e-10
2.9855471e-10
3.0128905e-10
3.007031e-10
3.0234373e-10
3.01875e-10
3.0191408e-10
2.9984379e-10
2.9910152e-10
3.0039066e-10
3.0066405e-10
3.0160158e-10
3.0089842e-10
3.0089842e-10
3.0203126e-10
2.984375e-10
2.9933592e-10
3.035156e-10
2.9921873e-10
3.0386715e-10
2.9703121e-10
3.0144531e-10
2.9824221e-10
3.0292971e-10
2.9691402e-10
2.9917965e-10
2.9996094e-10
2.9769531e-10
3.0148437e-10
3.0394531e-10
3.0046873e-10
2.9960937e-10
2.9796873e-10
3.0121095e-10
3.0054687e-10
3.0292971e-10
2.9875e-10
3.04375e-10
3.0085939e-10
2.9976566e-10
2.9968747e-10
3.0367187e-10
3.0082031e-10
2.9843747e-10
2.9878905e-10
3.016406e-10
2.9851563e-10
2.9792971e-10
2.9945313e-10
2.996875e-10
3.0214847e-10
3.019531e-10
2.9867187e-10
2.9730468e-10
3.0160158e-10
3.0113281e-10
3.0558589e-10
2.9949221e-10
3.0000002e-10
2.9828126e-10
2.9910158e-10
3.0109373e-10
3.0277342e-10
3.0007813e-10
3.047656e-10
3.0265626e-10
2.9972658e-10
3e-10
3.0140623e-10
3.0312503e-10
2.9941405e-10
2.9953126e-10
3.0203126e-10
2.9953126e-10
2.9949218e-10
2.9734373e-10
3.0296876e-10
3.0222652e-10
2.9839844e-10
3.0082031e-10
3.0179687e-10
3.0160155e-10
3.0050781e-10
2.9976557e-10
3.0300781e-10
3.0000002e-10
2.9972655e-10
3.0316405e-10
3.0210937e-10
2.9945307e-10
2.9992189e-10
3.0312503e-10
3.0203126e-10
2.9996092e-10
2.9972652e-10
3.0097655e-10
2.996875e-10
3.00625e-10
3.0253905e-10
2.9933592e-10
3.0101563e-10
3.0191405e-10
3.0050781e-10
2.9890626e-10
2.9957031e-10
3.0082034e-10
3.0042971e-10
3.0316408e-10
3.028125e-10
3.0238279e-10
2.9878908e-10
3.0261715e-10
3.0003908e-10
3.0617187e-10
3.0433595e-10
2.9851563e-10
3.0253905e-10
3.0179684e-10
2.9976563e-10
3.0214842e-10
3.0265623e-10
3.0335937e-10
3.0332031e-10
3.0187497e-10
3.0457031e-10
3.0066408e-10
3.0265629e-10
3.0207031e-10
2.9921876e-10
3.0722658e-10
3.0238281e-10
3.0171876e-10
3.0148439e-10
3.0335937e-10
3.0332031e-10
3.0152342e-10
3.0023439e-10
3.0199218e-10
3.0511718e-10
3.0292965e-10
3.0281253e-10
3.0089845e-10
3.0230465e-10
3.0140623e-10
2.9996094e-10
3.0097655e-10
3.0472658e-10
3.0300781e-10
3.0101563e-10
3.0066402e-10
3.0406247e-10
3.0296873e-10
2.9843747e-10
3.0167968e-10
3.0019529e-10
3.0425784e-10
3.0089845e-10
3.0285158e-10
3.040625e-10
2.987891e-10
3.0480471e-10
2.9941405e-10
3.0468744e-10
2.99375e-10
3.0019531e-10
3.0375e-10
3.0226563e-10
3.0207031e-10
3.0242187e-10
3.0183597e-10
3.0789063e-10
2.9929687e-10
2.9796876e-10
2.9703123e-10
3.03125e-10
3.0085937e-10
3.0046876e-10
3.0078123e-10
3.0191408e-10
3.0269534e-10
3.0105468e-10
2.997656e-10
3.0339845e-10
3.0304684e-10
3.0324218e-10
3.0218753e-10
2.9917968e-10
3.0089842e-10
3.025e-10
3.0292965e-10
3.0214847e-10
2.9960934e-10
3.0597652e-10
3.0105468e-10
3.0312497e-10
3.0425784e-10
3.0085937e-10
3.0183595e-10
3.0421876e-10
3.0296876e-10
3.0300781e-10
2.9636721e-10
3.0343747e-10
3.0296876e-10
3.015625e-10
3.0019529e-10
3.0320313e-10
3.034375e-10
3.0070313e-10
3.0312497e-10
3.0269531e-10
2.9906252e-10
3.0402339e-10
3.0171876e-10
2.9996089e-10
2.996875e-10
3.0101563e-10
3.0511721e-10
3.0464845e-10
3.0335942e-10
3.0246092e-10
3.0199221e-10
3.0261715e-10
3.0363281e-10
2.9710939e-10
3.0046873e-10
3.0488279e-10
3.0136721e-10
3.0355468e-10
3.0242187e-10
2.9980465e-10
3.0136721e-10
3.0246097e-10
2.9976563e-10
3.0152342e-10
3.0460939e-10
3.0300784e-10
2.9824215e-10
2.9742186e-10
3.0542968e-10
3.0164063e-10
3.0011718e-10
2.9722655e-10
2.9953126e-10
3.0253905e-10
2.990625e-10
3.0050784e-10
3.0019529e-10
2.9570313e-10
3.0074221e-10
3.0066408e-10
2.9894531e-10
3.0210937e-10
2.9820313e-10
3.046875e-10
3.0019529e-10
2.9878908e-10
3.0085937e-10
3.0152345e-10
3.0066405e-10
2.9941402e-10
3.0234373e-10
3.0242187e-10
3.0394531e-10
2.9945307e-10
3.0042971e-10
3.0144529e-10
3.0054687e-10
3.0046873e-10
3.0019531e-10
2.9804686e-10
3.0156247e-10
3.0023439e-10
3.0351563e-10
2.9843747e-10
2.9921873e-10
3.0144529e-10
2.9960942e-10
3.007031e-10
2.9816405e-10
3.028125e-10
2.9808592e-10
2.9933594e-10
2.996875e-10
3.0035155e-10
2.9957029e-10
3.0304684e-10
2.99375e-10
3.0546879e-10
2.9656247e-10
3.0183595e-10
3.0457031e-10
3.0148437e-10
3.0011721e-10
3.0207031e-10
3.0105471e-10
2.9871094e-10
3.0160158e-10
3.0292968e-10
2.9804686e-10
3.0011718e-10
2.9839844e-10
3.0085937e-10
3.003125e-10
2.991406e-10
2.9796876e-10
3.0367187e-10
2.965625e-10
3.0078123e-10
3.0144534e-10
3.0042971e-10
2.9769531e-10
3.0105468e-10
3.010156e-10
3.0003905e-10
3.0039066e-10
3.0175779e-10
2.9929692e-10
2.99375e-10
3.0074218e-10
3.0085937e-10
2.9835936e-10
2.9902344e-10
2.9917968e-10
3.0316402e-10
2.9949218e-10
2.9750002e-10
3.0023439e-10
2.982031e-10
3.0406253e-10
3.0113279e-10
3.015625e-10
2.9988281e-10
3.0078126e-10
3.0304687e-10
3.0300781e-10
3.0144531e-10
3.0148434e-10
3.0179689e-10
3.0238279e-10
3.0390626e-10
3.0343747e-10
3.0210937e-10
2.9898439e-10
3.0257807e-10
3.0515626e-10
3.0203123e-10
3.0445313e-10
2.9921876e-10
2.9914063e-10
3.0199218e-10
3.0269531e-10
3.0179687e-10
3.0394529e-10
2.9992184e-10
3.0269534e-10
3.0144531e-10
3.0300781e-10
3.0121095e-10
3.0027344e-10
2.9839844e-10
3.0378905e-10
3.0089842e-10
3.0117189e-10
3.0472658e-10
3.0410158e-10
3.0460937e-10
3.0027344e-10
2.9804689e-10
3.013281e-10
3.0425779e-10
3.0246095e-10
2.9968747e-10
3.0347655e-10
3.0613279e-10
3.0300779e-10
3.0546876e-10
3.0074221e-10
3.0636715e-10
3.0304689e-10
3.0148437e-10
3.0394529e-10
3.0257813e-10
3.0296873e-10
3.0117189e-10
3.0574221e-10
3.0308592e-10
3.0082031e-10
3.0273437e-10
3.0316408e-10
3.0062497e-10
3.0085939e-10
2.9773436e-10
2.9746092e-10
3.035156e-10
3.0011718e-10
3.0253905e-10
3.0042968e-10
3.0355471e-10
2.9820316e-10
3.0050779e-10
3.0464842e-10
3.0398434e-10
3.0074221e-10
3.0308592e-10
3.0460937e-10
2.9890623e-10
2.9707031e-10
3.028906e-10
3.0152342e-10
3.0183592e-10
3.0511718e-10
2.9816408e-10
2.9792968e-10
3.0386718e-10
2.990625e-10
3.0207029e-10
2.9960934e-10
3.0187502e-10
3.0207031e-10
3.0222655e-10
2.9945313e-10
2.9984376e-10
2.9972655e-10
3.0156247e-10
3.0097655e-10
2.9929689e-10
3.0171873e-10
3.0058592e-10
3.0027342e-10
3.0164057e-10
2.9925784e-10
2.9988279e-10
3.0125e-10
2.9851563e-10
2.9734376e-10
2.9917968e-10
2.9757813e-10
3.013281e-10
3.0058595e-10
3.0058595e-10
2.9953123e-10
2.9640623e-10
3.0015623e-10
2.9808597e-10
2.953906e-10
3.010156e-10
2.9855471e-10
2.9824218e-10
2.9820316e-10
3.0238281e-10
3.0113284e-10
3.0027342e-10
2.9968752e-10
2.9871092e-10
3.0167968e-10
2.9824215e-10
2.9933594e-10
3.0039063e-10
3.0191405e-10
3.0058595e-10
2.98125e-10
3.0226563e-10
3.0015626e-10
3.0171873e-10
3.013281e-10
3.0160158e-10
3.0527342e-10
3.0429687e-10
