6.5519029e-10
6.5788042e-10
6.5798905e-10
6.5847827e-10
6.5842387e-10
6.6500006e-10
6.5576083e-10
6.6125e-10
6.5989131e-10
6.600544e-10
6.5847827e-10
6.6214673e-10
6.6070649e-10
6.6008154e-10
6.599728e-10
6.5986411e-10
6.6100547e-10
6.6190214e-10
6.5953815e-10
6.6323363e-10
6.6399453e-10
6.6135863e-10
6.6171191e-10
6.5763595e-10
6.5961953e-10
6.6144024e-10
6.5951083e-10
6.5649453e-10
6.6355982e-10
6.6331518e-10
6.6100542e-10
6.5641304e-10
6.6062494e-10
6.6095113e-10
6.594022e-10
6.6190214e-10
6.6024458e-10
6.5874994e-10
6.6057065e-10
6.6021733e-10
6.59375e-10
6.581522e-10
6.5657607e-10
6.5559785e-10
6.5904893e-10
6.6130429e-10
6.581522e-10
6.563044e-10
6.5834238e-10
6.5633154e-10
6.6442934e-10
6.5679351e-10
6.5720107e-10
6.5578809e-10
6.5576072e-10
6.5687489e-10
6.5695654e-10
6.5858702e-10
6.58125e-10
6.6043471e-10
6.5749994e-10
6.5926636e-10
6.5646744e-10
6.5472822e-10
6.5524453e-10
6.581522e-10
6.6021738e-10
6.5866851e-10
6.5478251e-10
6.5875005e-10
6.5486416e-10
6.5766298e-10
6.5361405e-10
6.5480976e-10
6.5758149e-10
6.5328803e-10
6.5600542e-10
6.5635875e-10
6.5562494e-10
6.5222816e-10
6.5543476e-10
6.5790767e-10
6.5779893e-10
6.5567934e-10
6.5888583e-10
6.5635869e-10
6.5652178e-10
6.5546191e-10
6.5864131e-10
6.562228e-10
6.5834238e-10
6.5894018e-10
6.5687489e-10
6.5769018e-10
6.5769018e-10
6.5845107e-10
6.5747285e-10
6.5559785e-10
6.59375e-10
6.5937494e-10
6.5850536e-10
6.575e-10
6.5831524e-10
6.5774453e-10
6.5828804e-10
6.5929345e-10
6.5858691e-10
6.5820654e-10
6.5736411e-10
6.5771738e-10
6.5652161e-10
6.5820654e-10
6.5929345e-10
6.6057065e-10
6.5880434e-10
6.5562494e-10
6.5847827e-10
6.6255429e-10
6.5980982e-10
6.6508143e-10
6.5888583e-10
6.6008154e-10
6.6092382e-10
6.5663047e-10
6.6149458e-10
6.5899464e-10
6.5782602e-10
6.6062494e-10
6.6021738e-10
6.6282607e-10
6.5692934e-10
6.5842387e-10
6.5804351e-10
6.5673922e-10
6.6133149e-10
6.5964673e-10
6.5842398e-10
6.6027167e-10
6.5872285e-10
6.5885869e-10
6.5834238e-10
6.5771738e-10
6.6013589e-10
6.6005434e-10
6.6198369e-10
6.6184785e-10
6.6016309e-10
6.5972827e-10
6.5546191e-10
6.5714678e-10
6.600544e-10
6.6144029e-10
6.5907613e-10
6.5801625e-10
6.6157607e-10
6.5722822e-10
6.5692929e-10
6.5875005e-10
6.5798916e-10
6.5888589e-10
6.6084244e-10
6.5902184e-10
6.5614125e-10
6.5608696e-10
6.5934774e-10
6.5508149e-10
6.549456e-10
6.5850536e-10
6.5711953e-10
6.5869565e-10
6.5491851e-10
6.5736416e-10
6.5543476e-10
6.5932065e-10
6.5538036e-10
6.5763578e-10
6.5635869e-10
6.5869565e-10
6.5828804e-10
6.5820654e-10
6.5932054e-10
6.5774453e-10
6.5472827e-10
6.5605971e-10
6.5701083e-10
6.5638589e-10
6.575544e-10
6.5451089e-10
6.5616845e-10
6.5766298e-10
6.5668476e-10
6.5793476e-10
6.5516303e-10
6.5404893e-10
6.5505434e-10
6.5576083e-10
6.5597833e-10
6.5415756e-10
6.5891298e-10
6.5548911e-10
6.6048916e-10
6.5546202e-10
6.5807071e-10
6.5752714e-10
6.5584244e-10
6.5983702e-10
6.5570654e-10
6.6184785e-10
6.5760875e-10
6.5611416e-10
6.5567934e-10
6.5891298e-10
6.5586958e-10
6.5788042e-10
6.5559785e-10
6.5910322e-10
6.5733691e-10
6.5551631e-10
6.5839673e-10
6.5706518e-10
6.5551636e-10
6.5687505e-10
6.5540762e-10
6.6125005e-10
6.6e-10
6.5883154e-10
6.5989131e-10
6.6097822e-10
6.5728262e-10
6.5654893e-10
6.5570654e-10
6.6124989e-10
6.5633149e-10
6.5741845e-10
6.5347833e-10
6.5739131e-10
6.6236405e-10
6.6038042e-10
6.5855982e-10
6.580978e-10
6.5921196e-10
6.5894018e-10
6.5779893e-10
6.6081524e-10
6.5804345e-10
6.5752731e-10
6.5779893e-10
6.5703809e-10
6.5763589e-10
6.5744565e-10
6.5850542e-10
6.5839684e-10
6.574456e-10
6.5649458e-10
6.5747285e-10
6.5657607e-10
6.5760869e-10
6.5720107e-10
6.575e-10
6.5926636e-10
6.5540756e-10
6.5394018e-10
6.5540762e-10
6.5728262e-10
6.5907602e-10
6.5413036e-10
6.5703809e-10
6.5929345e-10
6.5812494e-10
6.562772e-10
6.5415762e-10
6.5586958e-10
6.5953804e-10
6.5584244e-10
6.5864131e-10
6.5633154e-10
6.555978e-10
6.5364125e-10
6.5472822e-10
6.5342382e-10
6.5864131e-10
6.5573363e-10
6.567934e-10
6.5595102e-10
6.5744571e-10
6.5619565e-10
6.5720113e-10
6.5546202e-10
6.5605976e-10
6.5684785e-10
6.5453809e-10
6.557066e-10
6.5415756e-10
6.5584238e-10
6.5396749e-10
6.5464673e-10
6.5633154e-10
6.575272e-10
6.6081524e-10
6.5804351e-10
6.5967398e-10
6.5649469e-10
6.5858702e-10
6.5682071e-10
6.5913047e-10
6.5826083e-10
6.5529887e-10
6.5904893e-10
6.5698363e-10
6.5839684e-10
6.5733696e-10
6.5763589e-10
6.5611416e-10
6.5548911e-10
6.568206e-10
6.563044e-10
6.5918471e-10
6.5320654e-10
6.5801631e-10
6.5633149e-10
6.6217393e-10
6.5711953e-10
6.5788047e-10
6.5709249e-10
6.5839678e-10
6.5923905e-10
6.5817934e-10
6.5831524e-10
6.5970107e-10
6.5915751e-10
6.5644024e-10
6.6057071e-10
6.5771738e-10
6.5820654e-10
6.5747285e-10
6.5888583e-10
6.5834238e-10
6.5801631e-10
6.5842398e-10
6.5730971e-10
6.5855982e-10
6.5769024e-10
6.5766309e-10
6.6048916e-10
6.5736411e-10
6.5554351e-10
6.6016309e-10
6.5758149e-10
6.58125e-10
6.6029893e-10
6.5676631e-10
6.5744565e-10
6.5913047e-10
6.6168482e-10
6.5904893e-10
6.5964673e-10
6.5350547e-10
6.5812494e-10
6.5706518e-10
6.5894018e-10
6.5722822e-10
6.5983696e-10
6.5826083e-10
6.5461964e-10
6.5910322e-10
6.5600547e-10
6.5817934e-10
6.5543476e-10
6.5978256e-10
6.5388583e-10
6.5573363e-10
6.5467393e-10
6.5730982e-10
6.5535327e-10
6.5855976e-10
6.5880434e-10
6.5695654e-10
6.5717393e-10
6.5741845e-10
6.5589673e-10
6.5790756e-10
6.5717393e-10
6.5532607e-10
6.6081524e-10
6.5576089e-10
6.5793476e-10
6.593478e-10
6.5437494e-10
6.5456524e-10
6.5480987e-10
6.5505434e-10
6.575544e-10
6.5562489e-10
6.5923905e-10
6.5701089e-10
6.5567934e-10
6.5562505e-10
6.5717393e-10
6.5804345e-10
6.6019018e-10
6.59375e-10
6.5635869e-10
6.5649458e-10
6.59375e-10
6.5913047e-10
6.5464673e-10
6.5717387e-10
6.5959244e-10
6.556794e-10
6.5679351e-10
6.5904893e-10
6.5521732e-10
6.5798916e-10
6.567934e-10
6.5652173e-10
6.5752714e-10
6.5478256e-10
6.5932065e-10
6.6046191e-10
6.5513578e-10
6.5728267e-10
6.5725542e-10
6.5972822e-10
6.5834233e-10
6.6211958e-10
6.5529898e-10
6.5543482e-10
6.5760869e-10
6.6027178e-10
6.5769018e-10
6.6187489e-10
6.5592393e-10
6.5964673e-10
6.574456e-10
6.5804351e-10
6.6016309e-10
6.5964673e-10
6.574456e-10
6.5972827e-10
6.5747285e-10
6.6067934e-10
6.5701083e-10
6.5921196e-10
6.5793487e-10
6.5894018e-10
6.5703809e-10
6.5902173e-10
6.5608696e-10
6.5820649e-10
6.581522e-10
6.5766309e-10
6.5407613e-10
6.5608696e-10
6.5766298e-10
6.5679351e-10
6.5790756e-10
6.5967393e-10
6.575816e-10
6.5706518e-10
6.5763589e-10
6.6000005e-10
6.5475547e-10
6.6065214e-10
6.5510869e-10
6.6057065e-10
6.5875005e-10
6.5804345e-10
6.6269018e-10
6.5899458e-10
6.5733691e-10
6.5616851e-10
6.5627725e-10
6.5592404e-10
6.5730971e-10
6.5578798e-10
6.575e-10
6.5766309e-10
6.5649453e-10
6.5777173e-10
6.5766315e-10
6.5649458e-10
6.562772e-10
6.5407613e-10
6.5641304e-10
6.5429356e-10
6.5668476e-10
6.575272e-10
6.5527173e-10
6.5695643e-10
6.5649453e-10
6.5657607e-10
6.5608696e-10
6.5720107e-10
6.5649453e-10
6.5554351e-10
6.5826083e-10
6.5720107e-10
6.5902173e-10
6.5701083e-10
6.5625e-10
6.5586958e-10
6.5608696e-10
6.5777173e-10
6.5711958e-10
6.5896738e-10
6.5605971e-10
6.5858702e-10
6.5641304e-10
6.5711958e-10
6.5951095e-10
6.5611411e-10
6.6040762e-10
6.5872285e-10
6.6709244e-10
6.8233696e-10
6.9907613e-10
7.2095119e-10
7.5070661e-10
7.7790757e-10
8.1442941e-10
8.5002722e-10
8.8937507e-10
9.2176633e-10
9.5187491e-10
9.8019026e-10
1.0127444e-09
1.0333423e-09
1.0542663e-09
1.0745379e-09
1.0969836e-09
1.1134784e-09
1.12625e-09
1.1402717e-09
1.1466577e-09
1.1538859e-09
1.1605708e-09
1.1692665e-09
1.1710869e-09
1.1768205e-09
1.1809784e-09
1.1810325e-09
1.1867936e-09
1.1834511e-09
1.1912771e-09
1.1851086e-09
1.1882065e-09
1.1846468e-09
1.1882881e-09
1.1894022e-09
1.1888315e-09
1.1880436e-09
1.1889946e-09
1.1886142e-09
1.1874185e-09
1.1859782e-09
1.1868206e-09
1.1861142e-09
1.1823912e-09
1.1865761e-09
1.177337e-09
1.1789674e-09
1.177636e-09
1.1775272e-09
1.1748914e-09
1.1746468e-09
1.1722555e-09
1.1730978e-09
1.1663587e-09
1.1665762e-09
1.16625e-09
1.1639131e-09
1.1668206e-09
1.1615489e-09
1.1650815e-09
1.1595107e-09
1.1576358e-09
1.1537229e-09
1.1542393e-09
1.1520108e-09
1.154239e-09
1.1511684e-09
1.1478805e-09
1.1488859e-09
1.1484783e-09
1.1465761e-09
1.1441575e-09
1.1428261e-09
1.1445923e-09
1.1426903e-09
1.1408965e-09
1.1395108e-09
1.1368479e-09
1.1371195e-09
1.1356793e-09
1.1345923e-09
1.1311142e-09
1.1335054e-09
1.1338044e-09
1.1292665e-09
1.1279891e-09
1.1307608e-09
1.1292934e-09
1.1275e-09
1.1233424e-09
1.1259239e-09
1.121875e-09
1.1222827e-09
1.119701e-09
1.1213315e-09
1.1176631e-09
1.1163859e-09
1.1144564e-09
1.1155706e-09
1.1104891e-09
1.1154618e-09
1.1116849e-09
1.111114e-09
1.1121467e-09
1.1078533e-09
1.1072554e-09
1.1076903e-09
1.1076902e-09
1.1064674e-09
1.1051631e-09
1.1014402e-09
1.1007881e-09
1.1019293e-09
1.1017122e-09
1.0951358e-09
1.0977174e-09
1.0944021e-09
1.0935597e-09
1.0934783e-09
1.0972555e-09
1.0900544e-09
1.0904891e-09
1.0888317e-09
1.0925e-09
1.0865761e-09
1.0912501e-09
1.0886957e-09
1.0890215e-09
1.0833424e-09
1.0852174e-09
1.0810054e-09
1.0798641e-09
1.0807607e-09
1.0770923e-09
1.0800271e-09
1.0775271e-09
1.0791305e-09
1.0755165e-09
1.0768206e-09
1.07769e-09
1.0763316e-09
1.075489e-09
1.0715763e-09
1.0738859e-09
1.0692391e-09
1.0707609e-09
1.0708153e-09
1.0644293e-09
1.0691305e-09
1.0644294e-09
1.0635326e-09
1.0627718e-09
1.0613859e-09
1.0612772e-09
1.0595652e-09
1.0583152e-09
1.0558424e-09
1.0548642e-09
1.0555433e-09
1.0547011e-09
1.052826e-09
1.057038e-09
1.0521195e-09
1.0519293e-09
1.0530435e-09
1.0472011e-09
1.0501358e-09
1.0489946e-09
1.0488044e-09
1.0454076e-09
1.0473642e-09
1.0439944e-09
1.044701e-09
1.0409783e-09
1.0411142e-09
1.0413044e-09
1.039375e-09
1.0366304e-09
1.0386685e-09
1.0379348e-09
1.0388586e-09
1.0321739e-09
1.0343207e-09
1.0328531e-09
1.0297826e-09
1.0297826e-09
1.0332608e-09
1.0297011e-09
1.0325545e-09
1.0280978e-09
1.0296467e-09
1.0268478e-09
1.0274184e-09
1.0238316e-09
1.0292119e-09
1.0276903e-09
1.0237773e-09
1.0250815e-09
1.0223641e-09
1.0232337e-09
1.0197554e-09
1.0206793e-09
1.0222554e-09
1.0155707e-09
1.0179076e-09
1.0151902e-09
1.0183152e-09
1.0173913e-09
1.0125817e-09
1.0136414e-09
1.0157066e-09
1.0160599e-09
1.0160598e-09
1.0136685e-09
1.0136413e-09
1.0159511e-09
1.0130163e-09
1.0124185e-09
1.0103804e-09
1.0124728e-09
1.0077447e-09
1.0123913e-09
1.0123912e-09
1.0089947e-09
1.0083152e-09
1.0060599e-09
1.0048912e-09
1.0087229e-09
1.0054891e-09
1.0050545e-09
1.0076903e-09
1.0037771e-09
1.0043479e-09
1.003614e-09
1.0018206e-09
9.9744557e-10
1.0024727e-09
1.0007881e-09
1.0008967e-09
9.9489128e-10
9.9543485e-10
9.9402175e-10
9.946467e-10
9.9394026e-10
1.0036685e-09
9.9144004e-10
9.9562503e-10
9.9277175e-10
9.9682052e-10
9.9394015e-10
9.9187503e-10
9.8970088e-10
9.9315223e-10
9.8532615e-10
9.907879e-10
9.8817932e-10
9.8880437e-10
9.8418484e-10
9.8692932e-10
9.8336961e-10
9.8298902e-10
9.8665753e-10
9.8480979e-10
9.8160313e-10
9.7999997e-10
9.8203812e-10
9.7989139e-10
9.8051611e-10
9.770923e-10
9.783695e-10
9.7502717e-10
9.7369557e-10
9.7383157e-10
9.7684794e-10
9.7165764e-10
9.7725539e-10
9.7396746e-10
9.7391317e-10
9.7385877e-10
9.7570663e-10
9.7062502e-10
9.719292e-10
9.7000008e-10
9.7312491e-10
9.6913044e-10
9.7152164e-10
9.6861408e-10
9.6940223e-10
9.6741859e-10
9.6600528e-10
9.6619557e-10
9.6831521e-10
9.6258146e-10
9.6622288e-10
9.6505448e-10
9.6065222e-10
9.60788e-10
9.6157604e-10
9.6160324e-10
9.62038e-10
9.6127706e-10
9.5899466e-10
9.6301622e-10
9.5961961e-10
9.6010877e-10
9.6141306e-10
9.5902164e-10
9.5790764e-10
9.5785313e-10
9.5793484e-10
9.557336e-10
9.58288e-10
9.6040753e-10
9.6160324e-10
9.5567931e-10
9.570108e-10
9.5654884e-10
9.5461949e-10
9.5687502e-10
9.5581509e-10
9.5638597e-10
9.5516306e-10
9.5391306e-10
9.5489117e-10
9.5350516e-10
9.5423913e-10
9.5103247e-10
9.5388586e-10
9.5138586e-10
9.5095098e-10
9.508152e-10
9.5298913e-10
9.5201091e-10
9.4785313e-10
9.5084252e-10
9.4847818e-10
9.520652e-10
9.4989139e-10
9.4980979e-10
9.4249986e-10
9.4546204e-10
9.4374997e-10
9.460055e-10
9.4149455e-10
9.4589669e-10
9.4543473e-10
9.4323371e-10
9.4635866e-10
9.460055e-10
9.4366848e-10
9.4282604e-10
9.4353259e-10
9.4059782e-10
9.4263597e-10
9.3798913e-10
9.4209252e-10
9.4024455e-10
9.4065222e-10
9.370108e-10
9.3619557e-10
9.3440211e-10
9.4119568e-10
9.3622288e-10
9.3641317e-10
9.3551633e-10
9.3611419e-10
9.3690211e-10
9.3043495e-10
9.3394026e-10
9.2904884e-10
9.3388597e-10
9.3472829e-10
9.3108687e-10
9.3173913e-10
9.3013597e-10
9.2855978e-10
9.2839669e-10
9.2948371e-10
9.2967395e-10
9.2769009e-10
9.2875008e-10
9.2559777e-10
9.2529895e-10
9.2116853e-10
9.2535324e-10
9.2581531e-10
9.2739133e-10
9.2290764e-10
9.24049e-10
9.2366848e-10
9.2326102e-10
9.2421204e-10
9.2135866e-10
9.2190217e-10
9.2239127e-10
9.2320657e-10
9.1853264e-10
9.2453806e-10
9.196196e-10
9.2154889e-10
9.1801633e-10
9.2152169e-10
9.1578811e-10
9.1975538e-10
9.189402e-10
9.1836971e-10
9.1970104e-10
9.1959229e-10
9.1945651e-10
9.1850544e-10
9.1831526e-10
9.1815222e-10
9.158424e-10
9.1820651e-10
9.1377728e-10
9.1769009e-10
9.1489144e-10
9.1728258e-10
9.151358e-10
9.1581515e-10
9.1472824e-10
9.1377728e-10
9.1480978e-10
9.1404889e-10
9.1543478e-10
9.1695646e-10
9.1225555e-10
9.1097829e-10
9.114402e-10
9.1201086e-10
9.0913055e-10
9.1116847e-10
9.1160324e-10
9.0855962e-10
9.1122271e-10
9.0902186e-10
9.0861418e-10
9.0815216e-10
9.0951091e-10
9.0625002e-10
9.0684771e-10
9.0616853e-10
9.1092389e-10
9.0567931e-10
9.0785318e-10
9.077174e-10
9.0711955e-10
9.0744556e-10
9.0638591e-10
9.0760865e-10
9.0853264e-10
9.0418462e-10
9.1016306e-10
9.0698377e-10
9.0842378e-10
9.0290764e-10
9.0695645e-10
9.0404895e-10
9.0399449e-10
9.0054347e-10
9.0192936e-10
9.0483709e-10
9.0388591e-10
9.014674e-10
8.994836e-10
8.9592395e-10
8.9807062e-10
8.9869567e-10
9.003534e-10
9.0122276e-10
8.9872304e-10
9.0105978e-10
8.9608693e-10
8.965218e-10
8.9535329e-10
8.92663e-10
8.9317931e-10
8.9472824e-10
8.9317931e-10
8.9592389e-10
8.9173907e-10
8.9233687e-10
8.9413044e-10
8.9100555e-10
8.9255436e-10
8.914402e-10
8.9535318e-10
8.9440205e-10
8.9532604e-10
8.9228264e-10
8.9516311e-10
8.9070656e-10
8.9035329e-10
8.9358687e-10
8.8872276e-10
8.9097829e-10
8.8866853e-10
8.9225549e-10
8.8823365e-10
8.894564e-10
8.8671209e-10
8.8828811e-10
8.889946e-10
8.9005431e-10
8.876086e-10
8.89049e-10
8.8739133e-10
8.8480967e-10
8.853262e-10
8.8459234e-10
8.8456525e-10
8.8595109e-10
8.847284e-10
8.8755436e-10
8.833968e-10
8.8263585e-10
8.8497287e-10
8.827718e-10
8.8407603e-10
8.8217395e-10
8.8336949e-10
8.8084245e-10
8.8192936e-10
8.8304353e-10
8.8070667e-10
8.8040758e-10
8.8228252e-10
8.8144014e-10
8.8103269e-10
8.820924e-10
8.8220115e-10
8.8013591e-10
8.7940216e-10
8.7975555e-10
8.7975538e-10
8.7845109e-10
8.8086949e-10
8.7581536e-10
8.7630431e-10
8.7790769e-10
8.7921209e-10
8.7885871e-10
8.8152169e-10
8.8016294e-10
8.8013585e-10
8.7717383e-10
8.8130431e-10
8.7869567e-10
8.820924e-10
8.7557067e-10
8.801902e-10
8.7499996e-10
8.7991842e-10
8.7442936e-10
8.7570645e-10
8.7641316e-10
8.7809776e-10
8.7682062e-10
8.7725543e-10
8.7239133e-10
8.7519014e-10
8.7576085e-10
8.7540747e-10
8.7211943e-10
8.7451091e-10
8.7508151e-10
8.7730989e-10
8.727174e-10
8.7326091e-10
8.7160329e-10
8.7350555e-10
8.713042e-10
8.7304347e-10
8.7250007e-10
8.7252711e-10
8.7244562e-10
8.6826091e-10
8.6926627e-10
8.6937496e-10
8.6872276e-10
8.6997276e-10
8.6728258e-10
8.6796204e-10
8.6608692e-10
8.6546198e-10
8.6676638e-10
8.6682067e-10
8.6953805e-10
8.6559776e-10
8.665218e-10
8.6736407e-10
8.6711965e-10
8.6472834e-10
8.6625007e-10
8.6182078e-10
8.6633156e-10
8.6326091e-10
8.6144025e-10
8.6301627e-10
8.6595103e-10
8.6448382e-10
8.6586971e-10
8.6486412e-10
8.6369573e-10
8.6046198e-10
8.6190222e-10
8.6163043e-10
8.6304341e-10
8.5989127e-10
8.6070662e-10
8.646468e-10
8.6665763e-10
8.6097823e-10
8.6315227e-10
8.640218e-10
8.6171204e-10
8.6228252e-10
8.6171192e-10
8.6173918e-10
8.5706514e-10
8.6165758e-10
8.6021751e-10
8.6347823e-10
8.6141305e-10
8.6222823e-10
8.5937518e-10
8.5671198e-10
8.5730972e-10
8.558696e-10
8.5864132e-10
8.5815222e-10
8.5815222e-10
8.5676632e-10
8.5785329e-10
8.5369556e-10
8.5692919e-10
8.5486407e-10
8.5790758e-10
8.5206525e-10
8.5722834e-10
8.5163043e-10
8.5353258e-10
8.5152174e-10
8.521468e-10
8.5644025e-10
8.5377716e-10
8.5500007e-10
8.558696e-10
8.53424e-10
8.5440216e-10
8.5239132e-10
8.5535318e-10
8.506793e-10
8.5592389e-10
8.5127716e-10
8.5298923e-10
8.5317942e-10
8.5307067e-10
8.5114132e-10
8.5543483e-10
8.5165752e-10
8.519293e-10
8.5119567e-10
8.5309776e-10
8.490762e-10
8.4904889e-10
8.5141311e-10
8.5285323e-10
8.4959234e-10
8.5059787e-10
8.4701079e-10
8.4741847e-10
8.4758156e-10
8.5021734e-10
8.4918483e-10
8.44674e-10
8.4891305e-10
8.4722823e-10
8.4777169e-10
8.4980972e-10
8.4404883e-10
8.4720109e-10
8.4657609e-10
8.4684787e-10
8.4692942e-10
8.450271e-10
8.4589674e-10
8.4182061e-10
8.4676638e-10
8.419837e-10
8.4307067e-10
8.4524465e-10
8.4307061e-10
8.4285323e-10
8.4470114e-10
8.4119561e-10
8.4290774e-10
8.389402e-10
8.4241847e-10
8.3769019e-10
8.4054341e-10
8.4369567e-10
8.419837e-10
8.4304352e-10
8.4309787e-10
8.3989127e-10
8.413315e-10
8.4233692e-10
8.4103258e-10
8.4016305e-10
8.3801632e-10
8.3782603e-10
8.4114121e-10
8.4002716e-10
8.4035334e-10
8.3641299e-10
8.4369567e-10
8.3907603e-10
8.4557067e-10
8.425271e-10
8.4480983e-10
8.394293e-10
8.438043e-10
8.4089674e-10
8.4282609e-10
8.3883156e-10
8.4228263e-10
8.4377716e-10
8.4274454e-10
8.4225549e-10
8.4100543e-10
8.3951096e-10
8.4016294e-10
8.408424e-10
8.4021734e-10
8.3676627e-10
8.3874996e-10
8.3951096e-10
8.38424e-10
8.3913043e-10
8.3668467e-10
8.3703805e-10
8.3847829e-10
8.3665769e-10
8.3554341e-10
8.3703811e-10
8.3644025e-10
8.3600543e-10
8.376087e-10
8.3880441e-10
8.3690216e-10
8.338315e-10
8.3771745e-10
8.3722834e-10
8.3124996e-10
8.370924e-10
8.3616852e-10
8.3184792e-10
8.3331519e-10
8.319837e-10
8.3277174e-10
8.332609e-10
8.3285318e-10
8.3086954e-10
8.3668478e-10
8.3271745e-10
8.3407597e-10
8.2910329e-10
8.3214663e-10
8.3130436e-10
8.3038049e-10
8.288587e-10
8.2755436e-10
8.2853263e-10
8.282065e-10
8.2730978e-10
8.2796209e-10
8.3043472e-10
8.2989121e-10
8.275543e-10
8.2788038e-10
8.275543e-10
8.3046203e-10
8.3000012e-10
8.2633161e-10
8.2728258e-10
8.2679341e-10
8.282065e-10
8.2350554e-10
8.2869567e-10
8.2402168e-10
8.2986412e-10
8.2317936e-10
8.2646739e-10
8.2396745e-10
8.2676638e-10
8.2595109e-10
8.2290758e-10
8.2494578e-10
8.2418494e-10
8.2625012e-10
8.2619567e-10
8.2543494e-10
8.2546198e-10
8.2505436e-10
8.2225543e-10
8.238043e-10
8.2336959e-10
8.2366847e-10
8.2182061e-10
8.2415769e-10
8.1926627e-10
8.2842394e-10
8.2486418e-10
8.2502721e-10
8.2228252e-10
8.2198365e-10
8.2502716e-10
8.2432056e-10
8.2663043e-10
8.2252721e-10
8.2929358e-10
8.2184787e-10
8.2413049e-10
8.2103252e-10
8.2364127e-10
8.2160317e-10
8.2448381e-10
8.2323381e-10
8.2467388e-10
8.2182061e-10
8.2277163e-10
8.2366847e-10
8.2266305e-10
8.225815e-10
8.2086965e-10
8.2192936e-10
8.2209239e-10
8.2225549e-10
8.1991852e-10
8.1880425e-10
8.194293e-10
8.2125001e-10
8.2103274e-10
8.2187496e-10
8.2127721e-10
8.1885881e-10
8.1932067e-10
8.2165763e-10
8.1703805e-10
8.156249e-10
8.1747287e-10
8.1861412e-10
8.1801632e-10
8.1961959e-10
8.1548907e-10
8.1744567e-10
8.1793478e-10
8.2116852e-10
8.1991841e-10
8.1945656e-10
8.1923918e-10
8.1809781e-10
8.16549e-10
8.1760865e-10
8.2054347e-10
8.2057067e-10
8.1573365e-10
8.1956519e-10
8.1676638e-10
8.1451079e-10
8.1385859e-10
8.1722834e-10
8.1535334e-10
8.1573365e-10
8.1464674e-10
8.1434776e-10
8.157609e-10
8.1472817e-10
8.1459245e-10
8.1372276e-10
8.1342399e-10
8.1173923e-10
8.1008161e-10
8.1345108e-10
8.1211959e-10
8.1184781e-10
8.1350554e-10
8.0801638e-10
8.0953805e-10
8.0641305e-10
8.1062501e-10
8.0850548e-10
8.076359e-10
8.0730983e-10
8.1029894e-10
8.0616841e-10
8.069837e-10
8.0888585e-10
8.0842388e-10
8.0823381e-10
8.0717394e-10
8.0866852e-10
8.075815e-10
8.0494578e-10
8.0836965e-10
8.0820661e-10
8.0717394e-10
8.0790746e-10
8.101903e-10
8.0358692e-10
8.0831525e-10
8.0861418e-10
8.1059781e-10
8.0600537e-10
8.0644019e-10
8.070109e-10
8.0307061e-10
8.0570656e-10
8.0508167e-10
8.0546197e-10
8.056793e-10
8.0116852e-10
8.0589663e-10
8.0122275e-10
8.1135887e-10
8.0288054e-10
8.056793e-10
8.0576079e-10
8.0755436e-10
8.0399454e-10
8.063043e-10
8.0290774e-10
8.0798918e-10
8.0543472e-10
8.0475543e-10
8.0578816e-10
8.075815e-10
8.0823381e-10
8.0584234e-10
8.0671197e-10
8.0771734e-10
8.0502716e-10
8.095381e-10
8.0548918e-10
8.068477e-10
8.0470103e-10
8.0396739e-10
8.0323365e-10
8.0874996e-10
8.0823381e-10
8.0652163e-10
8.0307055e-10
8.0586959e-10
8.0570645e-10
8.0211948e-10
8.0614126e-10
8.0760876e-10
8.0372287e-10
8.0095114e-10
8.0453805e-10
8.0339685e-10
8.0266305e-10
7.9902185e-10
8.012771e-10
8.0304341e-10
8.0323381e-10
7.9978257e-10
8.0029894e-10
7.9980977e-10
8.0241847e-10
8.0315227e-10
8.0467388e-10
7.9915768e-10
8.0040768e-10
8.0016305e-10
8.0027179e-10
7.9934775e-10
8.0171203e-10
7.9834239e-10
7.9978257e-10
7.9407625e-10
7.9402179e-10
7.938859e-10
8.0084239e-10
7.9608697e-10
7.9817936e-10
7.9649459e-10
7.9410317e-10
7.9709239e-10
7.9605977e-10
7.9608692e-10
7.9567952e-10
7.9801626e-10
7.9532603e-10
8.0010859e-10
7.9301637e-10
7.9684781e-10
7.9497281e-10
7.9565216e-10
7.9021745e-10
7.9502704e-10
7.8896745e-10
7.9345108e-10
7.9453816e-10
7.9182055e-10
7.9434787e-10
7.9059781e-10
7.9388585e-10
7.9247281e-10
7.9429341e-10
7.9399459e-10
7.9646734e-10
7.901087e-10
7.9336948e-10
7.882065e-10
7.9641305e-10
7.9065215e-10
7.9486406e-10
7.9236423e-10
7.9380447e-10
7.914131e-10
7.9364132e-10
7.895653e-10
7.9467383e-10
7.9141299e-10
7.8959234e-10
7.9230983e-10
7.9220103e-10
7.8997286e-10
7.8956519e-10
7.9372281e-10
7.945381e-10
7.9410334e-10
7.9144019e-10
7.9163032e-10
7.9543483e-10
7.9252716e-10
7.9084239e-10
7.9328805e-10
7.9230983e-10
7.9521734e-10
7.8991846e-10
7.9054358e-10
7.9402163e-10
7.9315221e-10
7.9157614e-10
7.876631e-10
7.8923923e-10
7.8801632e-10
7.8888585e-10
7.8690221e-10
7.9059775e-10
7.8815221e-10
7.9152185e-10
7.8913054e-10
7.8758156e-10
7.8524459e-10
7.895653e-10
7.8760876e-10
7.8739132e-10
7.8687501e-10
7.900543e-10
7.888587e-10
7.8451096e-10
7.8750001e-10
7.8918483e-10
7.8972823e-10
7.8301637e-10
7.9176626e-10
7.8440221e-10
7.8635864e-10
7.8529899e-10
7.8845103e-10
7.8269041e-10
7.8581525e-10
7.8377732e-10
7.8491841e-10
7.863859e-10
7.8426632e-10
7.8614132e-10
7.8646739e-10
7.8187506e-10
7.8214674e-10
7.8402174e-10
7.8494566e-10
7.8222823e-10
7.8032608e-10
7.8369566e-10
7.844021e-10
7.8195656e-10
7.8239126e-10
7.8130435e-10
7.7989132e-10
7.7885881e-10
7.8160328e-10
7.8038037e-10
7.7964663e-10
7.8266299e-10
7.8057066e-10
7.7956508e-10
7.8182061e-10
7.8315215e-10
7.818205e-10
7.8130435e-10
7.8217394e-10
7.8562495e-10
7.8404894e-10
7.7964679e-10
7.8304341e-10
7.8236406e-10
7.8252727e-10
7.8089674e-10
7.8160328e-10
7.8391299e-10
7.7989137e-10
7.8263585e-10
7.8100532e-10
7.8355983e-10
7.7815226e-10
7.8391293e-10
7.7910323e-10
7.8108686e-10
7.8168477e-10
7.8230977e-10
7.8309781e-10
7.8211965e-10
7.8247275e-10
7.8038037e-10
7.8214674e-10
7.8008144e-10
7.8269025e-10
7.8464663e-10
7.7915763e-10
7.8209245e-10
7.8127732e-10
7.8144013e-10
7.7883155e-10
7.8252721e-10
7.7972845e-10
7.845653e-10
7.8399454e-10
7.8220103e-10
7.8054346e-10
7.7910334e-10
7.8586959e-10
7.8038037e-10
7.8032608e-10
7.8206519e-10
7.8192935e-10
7.8027168e-10
7.7934792e-10
7.8274459e-10
7.8160328e-10
7.8220103e-10
7.8377721e-10
7.8326085e-10
7.8095103e-10
7.7891299e-10
7.8165763e-10
7.8277174e-10
7.8296186e-10
7.7921197e-10
7.7994577e-10
7.7858703e-10
7.7714662e-10
7.7978263e-10
7.7915763e-10
7.794565e-10
7.7970108e-10
7.770653e-10
7.7752715e-10
7.795925e-10
7.8073364e-10
7.738859e-10
7.783425e-10
7.7861417e-10
7.7847834e-10
7.7657619e-10
7.789403e-10
7.7345103e-10
7.7722823e-10
7.7826101e-10
7.770381e-10
7.7646745e-10
7.7711954e-10
7.745381e-10
7.7714668e-10
7.7163048e-10
7.708425e-10
7.714131e-10
7.7570661e-10
7.7353257e-10
7.7410334e-10
7.7532614e-10
7.7445644e-10
7.7404883e-10
7.7364132e-10
7.738315e-10
7.7103263e-10
7.7206513e-10
7.7258144e-10
7.7355977e-10
7.7399454e-10
7.7016304e-10
7.7603268e-10
7.6983697e-10
7.7508155e-10
7.7282614e-10
7.7622281e-10
7.7258155e-10
7.7230983e-10
7.6967394e-10
7.7092388e-10
7.6872281e-10
7.7027174e-10
7.7032608e-10
7.7342382e-10
7.7309775e-10
7.7410317e-10
7.7054346e-10
7.7035339e-10
7.7059775e-10
7.7027157e-10
7.7013579e-10
7.6885875e-10
7.6815221e-10
7.688315e-10
7.6899459e-10
7.6815215e-10
7.7024453e-10
7.6679346e-10
7.6953804e-10
7.669293e-10
7.726359e-10
7.6858697e-10
7.7043483e-10
7.7114143e-10
7.707881e-10
7.7076079e-10
7.7027168e-10
7.7144019e-10
7.7274465e-10
7.7279888e-10
7.6910328e-10
7.7141299e-10
7.6970114e-10
7.6790763e-10
7.7152174e-10
7.6777179e-10
7.738859e-10
7.6997286e-10
7.6910328e-10
7.7144025e-10
7.7383155e-10
7.6994566e-10
7.6839674e-10
7.7076084e-10
7.6777179e-10
7.7019024e-10
7.7035339e-10
7.7046197e-10
7.7065215e-10
7.6994555e-10
7.6402179e-10
7.6747275e-10
7.6684786e-10
7.638043e-10
7.694837e-10
7.6551637e-10
7.6817941e-10
7.6679357e-10
7.7125006e-10
7.6769024e-10
7.669837e-10
7.6755435e-10
7.6622281e-10
7.6641304e-10
7.6750001e-10
7.650271e-10
7.6858703e-10
7.6410328e-10
7.670109e-10
7.6269024e-10
7.6317935e-10
7.6475537e-10
7.6312501e-10
7.6391299e-10
7.6573381e-10
7.6804346e-10
7.6407608e-10
7.6486417e-10
7.6790757e-10
7.6589673e-10
7.6554346e-10
7.6345108e-10
7.6478274e-10
7.6546203e-10
7.6478263e-10
7.6192935e-10
7.6206524e-10
7.6347823e-10
7.6491857e-10
7.6437501e-10
7.6717399e-10
7.6627715e-10
7.6869572e-10
7.658153e-10
7.6410328e-10
7.6521728e-10
7.6611406e-10
7.6220114e-10
7.6673912e-10
7.637499e-10
7.6456513e-10
7.6483686e-10
7.6665752e-10
7.6244572e-10
7.6057061e-10
7.619021e-10
7.6122292e-10
7.7002726e-10
7.6002715e-10
7.6654888e-10
7.6222822e-10
7.6415768e-10
7.6163043e-10
7.6130435e-10
7.6228263e-10
7.6293477e-10
7.6203815e-10
7.6228263e-10
7.6423917e-10
7.6407608e-10
7.6122281e-10
7.601359e-10
7.6709233e-10
7.6274459e-10
7.5750001e-10
7.619837e-10
7.6203799e-10
7.5940221e-10
7.6144036e-10
7.6317919e-10
7.6467399e-10
7.6559781e-10
7.6342405e-10
7.6067924e-10
7.619021e-10
7.6586953e-10
7.656521e-10
7.5888573e-10
7.6206524e-10
7.6152179e-10
7.6171186e-10
7.6043488e-10
7.5978257e-10
7.6304341e-10
7.5970108e-10
7.6342394e-10
7.594565e-10
7.6084244e-10
7.6228263e-10
7.6160328e-10
7.5951084e-10
7.5812501e-10
7.576087e-10
7.5904893e-10
7.6135864e-10
7.6122281e-10
7.5921192e-10
7.5932072e-10
7.5793471e-10
7.6149453e-10
7.570653e-10
7.5989126e-10
7.5910339e-10
7.5986412e-10
7.6092393e-10
7.5953799e-10
7.5937501e-10
7.6108697e-10
7.5970108e-10
7.5940215e-10
7.5937501e-10
7.5682077e-10
7.594837e-10
7.5638595e-10
7.5961953e-10
7.563587e-10
7.5470113e-10
7.6035334e-10
7.6010864e-10
7.5741846e-10
7.5557061e-10
7.5709222e-10
7.6008155e-10
7.601359e-10
7.5807061e-10
7.5798917e-10
7.563315e-10
7.6010875e-10
7.5671186e-10
7.5603263e-10
7.5769024e-10
7.5622275e-10
7.544837e-10
7.5728268e-10
7.5532608e-10
7.5812501e-10
7.5698359e-10
7.5415757e-10
7.5418471e-10
7.5429357e-10
7.5312495e-10
7.5657602e-10
7.5478257e-10
7.5668477e-10
7.5192935e-10
7.5464685e-10
7.5146739e-10
7.5456519e-10
7.5440221e-10
7.5627715e-10
7.532337e-10
7.5432072e-10
7.5695661e-10
7.5217388e-10
7.5491846e-10
7.5086959e-10
7.5350548e-10
7.5214673e-10
7.5312501e-10
7.526631e-10
7.5413042e-10
7.5138595e-10
7.544565e-10
7.5282608e-10
7.5372281e-10
7.5619566e-10
7.5478251e-10
7.5804346e-10
7.5603263e-10
7.5850543e-10
7.556521e-10
7.520925e-10
7.5597834e-10
7.5372281e-10
7.5296192e-10
7.530162e-10
7.5437506e-10
7.5489126e-10
7.5589673e-10
7.557337e-10
7.5440221e-10
7.5459239e-10
7.500543e-10
7.5532613e-10
7.5244561e-10
7.5551632e-10
7.550271e-10
7.5543483e-10
7.5135853e-10
7.5442935e-10
7.5070661e-10
7.4997292e-10
7.5065204e-10
7.538315e-10
7.513859e-10
7.5263584e-10
7.5326095e-10
7.5029899e-10
7.5328815e-10
7.4858697e-10
7.5225554e-10
7.5440221e-10
7.4923912e-10
7.5293466e-10
7.4959244e-10
7.557609e-10
7.507065e-10
7.5252715e-10
7.4999995e-10
7.5407613e-10
7.539403e-10
7.5070655e-10
7.5100542e-10
7.5279893e-10
7.4883166e-10
7.495381e-10
7.5176632e-10
7.5095113e-10
7.4894013e-10
7.5165768e-10
7.4755435e-10
7.4902162e-10
7.526631e-10
7.5086959e-10
7.495109e-10
7.494837e-10
7.4845113e-10
7.5040757e-10
7.4279888e-10
7.4627715e-10
7.4472817e-10
7.4812512e-10
7.4307066e-10
7.4934781e-10
7.4415768e-10
7.4513573e-10
7.4345108e-10
7.4391304e-10
7.4326084e-10
7.4407602e-10
7.4611423e-10
7.4279882e-10
7.4184781e-10
7.4380418e-10
7.4597822e-10
7.4312506e-10
7.4470102e-10
7.4350553e-10
7.4361411e-10
7.4652168e-10
7.4489132e-10
7.4864126e-10
7.4374995e-10
7.4682072e-10
7.4230988e-10
7.4660317e-10
7.4255441e-10
7.4347833e-10
7.4595108e-10
7.4627715e-10
7.4831524e-10
7.4834228e-10
7.4736406e-10
7.463587e-10
7.4758161e-10
7.4714679e-10
7.4839668e-10
7.5043483e-10
7.4622281e-10
7.4899453e-10
7.4665762e-10
7.4660333e-10
7.4774459e-10
7.4448375e-10
7.438315e-10
7.4366846e-10
7.4858697e-10
7.4595102e-10
7.4714668e-10
7.4964668e-10
7.494837e-10
7.4883166e-10
7.4703804e-10
7.4521739e-10
7.4660322e-10
7.4557066e-10
7.4562484e-10
7.4475537e-10
7.4820661e-10
7.4711964e-10
7.4448375e-10
7.4239137e-10
7.4711948e-10
7.4480971e-10
7.4499995e-10
7.4434781e-10
7.4649464e-10
7.4652179e-10
7.4239126e-10
7.4116852e-10
7.4714673e-10
7.4480988e-10
7.4290757e-10
7.4679357e-10
7.4309786e-10
7.4369566e-10
7.470109e-10
7.4668471e-10
7.4201095e-10
7.4298911e-10
7.4355982e-10
7.4597833e-10
7.4230977e-10
7.3951084e-10
7.4298923e-10
7.4611411e-10
7.4059792e-10
7.4326084e-10
7.4407608e-10
7.394293e-10
7.4478257e-10
7.4364126e-10
7.4394035e-10
7.418206e-10
7.4559781e-10
7.407337e-10
7.4483703e-10
7.4266315e-10
7.4480971e-10
7.4160328e-10
7.4182077e-10
7.4282619e-10
7.4008144e-10
7.4086953e-10
7.374456e-10
7.3722833e-10
7.4149459e-10
7.3961948e-10
7.4046197e-10
7.3714668e-10
7.3679352e-10
7.4372286e-10
7.3771739e-10
7.3858691e-10
7.3986406e-10
7.3883144e-10
7.3918471e-10
7.4103268e-10
7.3910333e-10
7.4154882e-10
7.3614137e-10
7.3730971e-10
7.4116835e-10
7.3692935e-10
7.3578793e-10
7.394293e-10
7.3652173e-10
7.3657608e-10
7.3902173e-10
7.3771739e-10
7.4149453e-10
7.3698375e-10
7.4203799e-10
7.3880424e-10
7.3880441e-10
7.3845108e-10
7.3972828e-10
7.3864137e-10
7.4035333e-10
7.3665757e-10
7.3790757e-10
7.3975548e-10
7.3875012e-10
7.389403e-10
7.3769008e-10
7.3652173e-10
7.394565e-10
7.3885864e-10
7.3921197e-10
7.4364137e-10
7.4000001e-10
7.4288037e-10
7.399456e-10
7.4095119e-10
7.4187495e-10
7.3774453e-10
7.4081524e-10
7.4105982e-10
7.399184e-10
7.4081519e-10
7.3769024e-10
7.4176632e-10
7.4217393e-10
7.4000001e-10
7.4046197e-10
7.4089679e-10
7.3910322e-10
7.399456e-10
7.4059786e-10
7.3937512e-10
7.4103257e-10
7.4122292e-10
7.3989131e-10
7.3972833e-10
7.3684797e-10
7.3817935e-10
7.3913037e-10
7.392662e-10
7.3779877e-10
7.4010875e-10
7.4084239e-10
7.3730971e-10
7.444021e-10
7.3932066e-10
7.4211948e-10
7.3668482e-10
7.3801643e-10
7.4070644e-10
7.4078804e-10
7.4038042e-10
7.3785328e-10
7.3809781e-10
7.4002715e-10
7.3747286e-10
7.3918477e-10
7.4054357e-10
7.4353246e-10
7.3565215e-10
7.3728262e-10
7.3516304e-10
7.3383155e-10
7.3426631e-10
7.3720097e-10
7.3399453e-10
7.3597817e-10
7.382065e-10
7.3709239e-10
7.363315e-10
7.3671197e-10
7.3277168e-10
7.3502721e-10
7.3733697e-10
7.3690215e-10
7.3725542e-10
7.3641304e-10
7.3679357e-10
7.3891299e-10
7.3421197e-10
7.3573364e-10
7.3372286e-10
7.3402168e-10
7.3315215e-10
7.3201084e-10
7.3369555e-10
7.3347828e-10
7.345109e-10
7.3353257e-10
7.3339679e-10
7.3097828e-10
7.3385875e-10
7.3124995e-10
7.3415757e-10
7.3489131e-10
7.2864131e-10
7.3434786e-10
7.3508155e-10
7.3296197e-10
7.3529888e-10
7.3203799e-10
7.3769035e-10
7.3312512e-10
7.3255435e-10
7.3024453e-10
7.3019024e-10
7.3494555e-10
7.3839679e-10
7.3345108e-10
7.319837e-10
7.3578799e-10
7.3070655e-10
7.3551631e-10
7.3279893e-10
7.3339662e-10
7.3097828e-10
7.3165757e-10
7.3562506e-10
7.323912e-10
7.3059786e-10
7.2994566e-10
7.3301626e-10
7.3274459e-10
7.314131e-10
7.3176631e-10
7.3032602e-10
7.2902173e-10
7.3383155e-10
7.3258155e-10
7.3176631e-10
7.3301626e-10
7.2809775e-10
7.2926626e-10
7.3366851e-10
7.3328799e-10
7.3198375e-10
7.3217388e-10
7.313587e-10
7.3220108e-10
7.3336948e-10
7.313859e-10
7.3187506e-10
7.294837e-10
7.313315e-10
7.2942929e-10
7.2793482e-10
7.3081513e-10
7.3057072e-10
7.2956519e-10
7.305706e-10
7.276903e-10
7.3073364e-10
7.2627709e-10
7.2595108e-10
7.269565e-10
7.2907619e-10
7.3130424e-10
7.2875006e-10
7.258153e-10
7.274456e-10
7.2807066e-10
7.2625012e-10
7.2855988e-10
7.3048911e-10
7.2684786e-10
7.3095097e-10
7.2532613e-10
7.3135864e-10
7.276359e-10
7.2796202e-10
7.3105982e-10
7.3097828e-10
7.2921191e-10
7.2826084e-10
7.282881e-10
7.2891299e-10
7.2627715e-10
7.2663048e-10
7.2415757e-10
7.2394024e-10
7.230706e-10
7.2847828e-10
7.2459239e-10
7.2554335e-10
7.224728e-10
7.2543477e-10
7.2557071e-10
7.2673911e-10
7.2317935e-10
7.2608691e-10
7.2586953e-10
7.2619566e-10
7.2581513e-10
7.2478262e-10
7.2394024e-10
7.2423917e-10
7.2448375e-10
7.282065e-10
7.2608702e-10
7.263587e-10
7.2500006e-10
7.2508144e-10
7.2918482e-10
7.2646744e-10
7.269837e-10
7.2695644e-10
7.2997292e-10
7.2722822e-10
7.3546191e-10
7.2559775e-10
7.2798917e-10
7.2701078e-10
7.2798911e-10
7.2828799e-10
7.2923911e-10
7.2918477e-10
7.2654888e-10
7.3168477e-10
7.2790757e-10
7.2809775e-10
7.2663042e-10
7.2991846e-10
7.2793471e-10
7.2600537e-10
7.282609e-10
7.307609e-10
7.2380429e-10
7.2399464e-10
7.2524464e-10
7.2451095e-10
7.2649448e-10
7.2532602e-10
7.2625e-10
7.2714673e-10
7.2627715e-10
7.2483702e-10
7.2951084e-10
7.2752721e-10
7.2641304e-10
7.2543488e-10
7.2771739e-10
7.249728e-10
7.2336959e-10
7.2649459e-10
7.2442935e-10
7.2519024e-10
7.2717393e-10
7.2461964e-10
7.2054346e-10
7.2654888e-10
7.2627715e-10
7.2529893e-10
7.2345113e-10
7.2429346e-10
7.2546197e-10
7.2358697e-10
7.262228e-10
7.2557071e-10
7.24375e-10
7.2461959e-10
7.2201106e-10
7.23125e-10
7.230978e-10
7.2413031e-10
7.243478e-10
7.2380424e-10
7.2328804e-10
7.2353262e-10
7.2505424e-10
7.2326084e-10
7.2451095e-10
7.258425e-10
7.2467399e-10
7.25625e-10
7.2736411e-10
7.2298922e-10
7.2263578e-10
7.2051637e-10
7.2717382e-10
7.2320655e-10
7.226087e-10
7.2206535e-10
7.194022e-10
7.2222833e-10
7.218206e-10
7.2334233e-10
7.2059786e-10
7.2361417e-10
7.220381e-10
7.2084244e-10
7.218478e-10
7.2301637e-10
7.2067941e-10
7.226087e-10
7.2021733e-10
7.2084239e-10
7.2051626e-10
7.2345097e-10
7.2062495e-10
7.2361411e-10
7.2171202e-10
7.2445649e-10
7.2081524e-10
7.2288048e-10
7.2133149e-10
7.2581524e-10
7.2130435e-10
7.2535322e-10
7.2301626e-10
7.2619566e-10
7.1948369e-10
7.2239137e-10
7.2410328e-10
7.2250012e-10
7.217662e-10
7.2361417e-10
7.2706524e-10
7.2557066e-10
7.2374995e-10
7.2149459e-10
7.2413048e-10
7.194294e-10
7.2461953e-10
7.2483691e-10
7.2603257e-10
7.2206519e-10
7.2538048e-10
7.2228262e-10
7.2703815e-10
7.2345097e-10
7.2448364e-10
7.2184786e-10
7.2456507e-10
7.2486406e-10
7.2516299e-10
7.2695661e-10
7.2635864e-10
7.2402173e-10
7.2285322e-10
7.238587e-10
7.2782608e-10
7.218206e-10
7.245925e-10
7.2396744e-10
7.2089679e-10
7.2163042e-10
7.2195661e-10
7.2103268e-10
7.2220102e-10
7.2676642e-10
7.2279899e-10
7.2391315e-10
7.2597828e-10
7.2114126e-10
7.2396739e-10
7.2355982e-10
7.2298911e-10
7.2410328e-10
7.2415768e-10
7.2279888e-10
7.2290762e-10
7.2135864e-10
7.2225542e-10
7.2222833e-10
7.2421197e-10
7.239675e-10
7.230706e-10
7.217662e-10
7.2203798e-10
7.2163053e-10
7.2051637e-10
7.2285328e-10
7.1970108e-10
7.2176631e-10
7.2040768e-10
7.2586959e-10
7.2244566e-10
7.2165762e-10
7.1918477e-10
7.2307066e-10
7.1869566e-10
7.1997269e-10
7.2214684e-10
7.2211959e-10
7.2369566e-10
7.1747286e-10
7.2095102e-10
7.1861411e-10
7.1855977e-10
7.2078804e-10
7.2035322e-10
7.1953798e-10
7.2249984e-10
7.1839673e-10
7.206522e-10
7.1899459e-10
7.163044e-10
7.2152179e-10
7.2040768e-10
7.194022e-10
7.1437506e-10
7.2320655e-10
7.15e-10
7.1932066e-10
7.1654893e-10
7.2173917e-10
7.18125e-10
7.1736411e-10
7.1934791e-10
7.1565226e-10
7.1668482e-10
7.1904893e-10
7.1782602e-10
7.1842388e-10
7.1709239e-10
7.168478e-10
7.2024459e-10
7.1836953e-10
7.1989115e-10
7.202175e-10
7.2013584e-10
7.1831524e-10
7.1853257e-10
7.1953815e-10
7.2010864e-10
7.1845108e-10
7.219837e-10
7.2154899e-10
7.1709239e-10
7.1728257e-10
7.168478e-10
7.1725537e-10
7.1562495e-10
7.1907613e-10
7.1790768e-10
7.1866851e-10
7.1714668e-10
7.1978257e-10
7.1807071e-10
7.1872286e-10
7.1847817e-10
7.1929346e-10
7.1894019e-10
7.1557066e-10
7.1904888e-10
7.1730966e-10
7.1682071e-10
7.1554335e-10
7.1309775e-10
7.1703804e-10
7.1785328e-10
7.1635858e-10
7.1741846e-10
7.1769024e-10
7.1801631e-10
7.1483697e-10
7.1983702e-10
7.1209244e-10
7.1736411e-10
7.1399459e-10
7.1779882e-10
7.1307055e-10
7.1785322e-10
7.1774453e-10
7.1733691e-10
7.1217388e-10
7.187772e-10
7.1690215e-10
7.188044e-10
7.1369571e-10
7.1421197e-10
7.1426631e-10
7.1578798e-10
7.1529888e-10
7.1788042e-10
7.1429357e-10
7.1573369e-10
7.1698375e-10
7.1301626e-10
7.1565215e-10
7.0809775e-10
7.1861417e-10
7.1407608e-10
7.1554351e-10
7.143206e-10
7.1548911e-10
7.1448386e-10
7.1437506e-10
7.1491846e-10
7.1475548e-10
7.1328804e-10
7.1478268e-10
7.1616851e-10
7.1179351e-10
7.1483702e-10
7.144294e-10
7.1646744e-10
7.1415757e-10
7.1437495e-10
7.144566e-10
7.1505435e-10
7.1483697e-10
7.1500006e-10
7.1086964e-10
7.1372286e-10
7.1279893e-10
7.1831524e-10
7.136684e-10
7.1608697e-10
7.1399459e-10
7.1233691e-10
7.1554351e-10
7.1146739e-10
7.1785339e-10
7.1165768e-10
7.1923917e-10
7.1016304e-10
7.1565209e-10
7.1391321e-10
7.1334244e-10
7.1413037e-10
7.1524453e-10
7.1285322e-10
7.1589673e-10
7.1646744e-10
7.1711953e-10
7.1307071e-10
7.1415768e-10
7.1646733e-10
7.1570655e-10
7.1817929e-10
7.1741846e-10
7.168478e-10
7.1690209e-10
7.1687506e-10
7.1383155e-10
7.1614126e-10
7.1271744e-10
7.1861417e-10
7.1442924e-10
7.1771744e-10
7.1521739e-10
7.1725542e-10
7.1654893e-10
7.1404893e-10
7.1263584e-10
7.1510869e-10
7.1448369e-10
7.1410328e-10
7.1426631e-10
7.1459239e-10
7.1380435e-10
7.1489131e-10
7.1896739e-10
7.1459239e-10
7.1660322e-10
7.1614126e-10
7.1203804e-10
7.167934e-10
7.1527162e-10
7.1980982e-10
7.1486417e-10
7.1546202e-10
7.1342382e-10
7.1505435e-10
7.1589684e-10
7.1293477e-10
7.1312495e-10
7.131522e-10
7.1076089e-10
7.1260881e-10
7.1144018e-10
7.1252726e-10
7.113316e-10
7.1157613e-10
7.069566e-10
7.1222833e-10
7.111684e-10
7.1040768e-10
7.1065226e-10
7.0853262e-10
7.0978262e-10
7.0785328e-10
7.0953804e-10
7.1054351e-10
7.0978262e-10
7.0597828e-10
7.093478e-10
7.0592387e-10
7.10625e-10
7.0891298e-10
7.1065226e-10
7.0804346e-10
7.0953809e-10
7.1040768e-10
7.0649447e-10
7.0391304e-10
7.050816e-10
7.0730977e-10
7.0540762e-10
7.0690215e-10
7.0926637e-10
7.0885875e-10
7.0410328e-10
7.0820649e-10
7.0823369e-10
7.0888595e-10
7.0706524e-10
7.0891309e-10
7.0929351e-10
7.0671191e-10
7.0755418e-10
7.0725542e-10
7.080162e-10
7.1038048e-10
7.0663042e-10
7.1073375e-10
7.0812495e-10
7.1464673e-10
7.0470108e-10
7.082338e-10
7.0896744e-10
7.0953804e-10
7.088044e-10
7.0983708e-10
7.0894024e-10
7.0994571e-10
7.0883155e-10
7.0940215e-10
7.0937495e-10
7.1116846e-10
7.0692929e-10
7.1149464e-10
7.0633155e-10
7.0864142e-10
7.044566e-10
7.0589673e-10
7.0668482e-10
7.0921202e-10
7.0698369e-10
7.089947e-10
7.0638584e-10
7.0483691e-10
7.0654893e-10
7.1105982e-10
7.0758149e-10
7.0657608e-10
7.0494566e-10
7.050544e-10
7.0548906e-10
7.0907608e-10
7.0521738e-10
7.0459233e-10
7.0578804e-10
7.0790762e-10
7.0326084e-10
7.0442946e-10
7.0480982e-10
7.0456513e-10
7.0442946e-10
7.0480982e-10
7.0456513e-10
7.0442946e-10
7.0578804e-10
7.0790762e-10
7.0326084e-10
7.0442946e-10
7.0480982e-10
7.0456513e-10
7.0480982e-10
7.0456513e-10
7.0442946e-10
7.0578804e-10
7.0790762e-10
7.0326084e-10
7.0442946e-10
7.0480982e-10
7.0456513e-10
6.9951089e-10
6.9646738e-10
6.9888044e-10
6.98698369e-10
6.98940215e-10
7.0456513e-10
6.920456513e-10
6.9010869e-10
6.9010869e-10
6.9391309e-10
6.9165751e-10
6.9100536e-10
6.9233685e-10
6.9557077e-10
6.9323375e-10
6.8774458e-10
6.9559791e-10
6.955978e-10
6.9619566e-10
6.9198369e-10
6.9660328e-10
6.9513584e-10
6.9614126e-10
6.9179334e-10
6.9739131e-10
6.9475542e-10
6.9622291e-10
6.9407607e-10
6.9793471e-10
6.9779893e-10
7.0046197e-10
6.9597833e-10
7.0127726e-10
6.9722822e-10
6.9790757e-10
6.9736417e-10
6.9510869e-10
6.9809791e-10
6.9823364e-10
6.9706518e-10
7.0073369e-10
6.9961958e-10
7.0171186e-10
6.9899458e-10
6.9904887e-10
6.9429346e-10
6.9728268e-10
6.9720113e-10
7.0345108e-10
6.980978e-10
6.9970107e-10
7.0111417e-10
6.9907602e-10
6.9728262e-10
6.9956529e-10
6.9529887e-10
7.0008155e-10
6.9872286e-10
6.9964678e-10
7.0190215e-10
6.9899458e-10
6.992662e-10
7.0168488e-10
6.9635875e-10
7.0013589e-10
7.0220113e-10
6.999184e-10
7.0097828e-10
6.9923917e-10
7.0100548e-10
6.9918488e-10
7.0222833e-10
6.9967393e-10
6.9923917e-10
7.0019018e-10
6.9847816e-10
7.0092399e-10
7.0141304e-10
6.9959233e-10
6.9948369e-10
6.9902173e-10
6.9817929e-10
6.9706518e-10
7.0195655e-10
6.9828804e-10
6.9728257e-10
7.006522e-10
6.999456e-10
7.0051637e-10
6.9722833e-10
6.9948375e-10
6.9448369e-10
6.9701084e-10
6.9747286e-10
6.9535316e-10
6.9839678e-10
6.955434e-10
7.0149453e-10
6.957066e-10
6.9725536e-10
6.9375006e-10
6.9807055e-10
6.9720113e-10
6.9573364e-10
6.9595113e-10
6.9578809e-10
6.9565226e-10
6.995925e-10
6.9519024e-10
6.9660328e-10
6.9459227e-10
6.9415762e-10
6.9804351e-10
6.9793477e-10
7.0021733e-10
7.0002715e-10
6.9326078e-10
6.9714678e-10
6.9426637e-10
7.0010864e-10
6.9345107e-10
6.9804351e-10
6.9608697e-10
6.9557066e-10
6.9769024e-10
6.9948375e-10
6.9641304e-10
6.9649458e-10
6.9527173e-10
6.9576084e-10
6.9831529e-10
6.981522e-10
6.9894029e-10
6.9690209e-10
6.9720107e-10
6.9369571e-10
6.9646744e-10
6.9839678e-10
6.9763589e-10
6.9687489e-10
6.9902173e-10
6.9961953e-10
6.9809791e-10
6.9671197e-10
6.999728e-10
6.9472822e-10
6.9847833e-10
6.9608691e-10
6.9790757e-10
7.0073369e-10
6.9703809e-10
6.9777173e-10
6.9605977e-10
6.9717387e-10
6.9467393e-10
6.9804351e-10
6.9532607e-10
7.0081518e-10
7.0032613e-10
7.0100548e-10
7.0350542e-10
6.9641304e-10
7.0133149e-10
6.9975553e-10
6.9703804e-10
6.9749995e-10
6.9779899e-10
6.9687506e-10
6.9592387e-10
7.00625e-10
6.9836953e-10
6.9597822e-10
6.9766298e-10
6.988588e-10
6.9899464e-10
6.9842399e-10
6.9820655e-10
6.9975536e-10
6.9633155e-10
6.9983697e-10
6.9774453e-10
6.9788042e-10
6.9728257e-10
6.9358702e-10
6.9649458e-10
7.0043482e-10
6.9551631e-10
6.9834233e-10
6.9899458e-10
6.9608691e-10
6.9597833e-10
6.9353251e-10
6.9573369e-10
6.9494571e-10
6.9728262e-10
6.9616862e-10
6.9801631e-10
6.9652173e-10
6.9619566e-10
6.9451089e-10
6.9513584e-10
6.9540762e-10
6.9206513e-10
6.9728257e-10
6.8948369e-10
6.962772e-10
6.9377709e-10
6.9736411e-10
6.9271738e-10
6.9402184e-10
6.9081524e-10
6.9413042e-10
6.9654899e-10
6.9285333e-10
6.9355977e-10
6.9521738e-10
6.9747291e-10
6.9513584e-10
6.9505435e-10
6.9964673e-10
6.9413042e-10
6.9198369e-10
6.9510869e-10
6.9394018e-10
6.9543477e-10
6.9461953e-10
6.9654899e-10
6.944022e-10
6.9548911e-10
6.937228e-10
6.9554351e-10
6.9222827e-10
6.9432066e-10
6.9249995e-10
6.9358697e-10
6.9100553e-10
6.9402167e-10
6.937228e-10
6.9442935e-10
6.9624995e-10
6.9605988e-10
6.9190226e-10
6.9478268e-10
6.9410327e-10
6.9437506e-10
6.9086964e-10
6.9521738e-10
6.9551631e-10
6.9350536e-10
6.9220113e-10
6.9339673e-10
6.9671197e-10
6.9475548e-10
6.9021733e-10
6.9788042e-10
6.9559786e-10
6.9195655e-10
6.9567935e-10
6.9353256e-10
6.9442935e-10
6.9282613e-10
6.9328798e-10
6.9527162e-10
6.9625e-10
6.9336947e-10
6.9510869e-10
6.9622275e-10
6.9429346e-10
6.9771744e-10
6.9347827e-10
6.9453809e-10
6.9385864e-10
6.9407607e-10
6.9630429e-10
6.9418471e-10
6.9258155e-10
6.9543482e-10
6.9214673e-10
6.9529899e-10
6.9508155e-10
6.9657619e-10
6.9491851e-10
6.9434786e-10
6.9168471e-10
6.9543477e-10
6.9323369e-10
6.9369571e-10
6.9307055e-10
6.919022e-10
6.9372286e-10
6.9225553e-10
6.9616846e-10
6.9089678e-10
6.9448369e-10
6.8929351e-10
6.9084238e-10
6.9182071e-10
6.9250006e-10
6.9274458e-10
6.9567935e-10
6.9119571e-10
6.9361411e-10
6.9095107e-10
6.9459238e-10
6.9404893e-10
6.9201084e-10
6.9097827e-10
6.9176626e-10
6.9122286e-10
6.9437495e-10
6.9263589e-10
6.9198375e-10
6.9274458e-10
6.9201095e-10
6.9584238e-10
6.9255435e-10
6.8847822e-10
6.9152173e-10
6.8961958e-10
6.9565215e-10
6.9048922e-10
6.9214684e-10
6.9032602e-10
6.9532613e-10
6.9236405e-10
6.8970113e-10
6.9138589e-10
6.9576089e-10
6.9067935e-10
6.9160322e-10
6.9163031e-10
6.9472822e-10
6.8839673e-10
6.9274447e-10
6.9296197e-10
6.9543482e-10
6.9402184e-10
6.924728e-10
6.9538048e-10
6.9171202e-10
6.9138595e-10
6.9089678e-10
6.9641304e-10
6.9475548e-10
6.9228262e-10
6.9375e-10
6.905978e-10
6.9383155e-10
6.9239137e-10
6.9440215e-10
6.9423911e-10
6.9410327e-10
6.9225536e-10
6.9404887e-10
6.9646744e-10
6.9706518e-10
6.9228256e-10
6.9249995e-10
6.96875e-10
6.9538048e-10
6.9483697e-10
6.9304351e-10
6.9366851e-10
6.9326089e-10
6.923912e-10
6.9426631e-10
6.9453809e-10
6.9211958e-10
6.9524453e-10
6.9402167e-10
6.9366851e-10
6.9445649e-10
6.955434e-10
6.9508138e-10
6.9548911e-10
6.9293488e-10
6.9410333e-10
6.955706e-10
6.9516304e-10
6.9353268e-10
6.9345107e-10
6.9279887e-10
6.9657607e-10
6.9394029e-10
6.9399453e-10
6.9383155e-10
6.9874995e-10
6.9326078e-10
6.9605971e-10
6.952447e-10
6.9415762e-10
6.9024464e-10
6.9510875e-10
6.9233702e-10
6.9771744e-10
6.9e-10
6.9486406e-10
6.9146738e-10
6.93125e-10
6.8972822e-10
6.9214673e-10
6.9233691e-10
6.9249995e-10
6.9116846e-10
6.9141309e-10
6.9510869e-10
6.911412e-10
6.8970113e-10
6.9407613e-10
6.9100542e-10
6.9051631e-10
6.9130435e-10
6.9423911e-10
6.913044e-10
6.8769029e-10
6.9163048e-10
6.9046197e-10
6.9138589e-10
6.9383149e-10
6.9260869e-10
6.8880429e-10
6.91875e-10
6.9127715e-10
6.9342398e-10
6.9201095e-10
6.9331518e-10
6.8904887e-10
6.9339673e-10
6.8798911e-10
6.8812495e-10
6.9105982e-10
6.9203804e-10
6.8899453e-10
6.9263589e-10
6.9342393e-10
6.9119566e-10
6.8782613e-10
6.9165768e-10
6.9125006e-10
6.9048911e-10
6.9255435e-10
6.8980982e-10
6.9081529e-10
6.8665751e-10
6.9019024e-10
6.8760864e-10
6.9350548e-10
6.8771738e-10
6.9233702e-10
6.9065215e-10
6.8980982e-10
6.9361406e-10
6.9081524e-10
6.9138578e-10
6.8902178e-10
6.9402167e-10
6.8885875e-10
6.936684e-10
6.9149464e-10
6.8953809e-10
6.9252715e-10
6.8910333e-10
6.9249989e-10
6.9065209e-10
6.9339673e-10
6.8858702e-10
6.9364142e-10
6.9092393e-10
6.9627715e-10
6.8959244e-10
6.9203798e-10
6.9065231e-10
6.9347827e-10
6.9163048e-10
6.9013578e-10
6.9323375e-10
6.8823369e-10
6.9423917e-10
6.9350536e-10
6.9160327e-10
6.8970113e-10
6.9255435e-10
6.9336964e-10
6.9029882e-10
6.9260869e-10
6.9342393e-10
6.8929351e-10
6.9122286e-10
6.9000011e-10
6.9252726e-10
6.8850542e-10
6.9203809e-10
6.8725542e-10
6.9010858e-10
6.8836953e-10
6.9051631e-10
6.8752726e-10
6.8741846e-10
6.8964684e-10
6.8904887e-10
6.8885869e-10
6.8937495e-10
6.8483702e-10
6.8812506e-10
6.8263584e-10
6.8592387e-10
6.8627709e-10
6.8798917e-10
6.8970113e-10
6.8869566e-10
6.8961964e-10
6.8586953e-10
6.8638589e-10
6.8763578e-10
6.8711964e-10
6.8584233e-10
6.8706524e-10
6.8896744e-10
6.8739142e-10
6.9010869e-10
6.8804346e-10
6.8915762e-10
6.8391298e-10
6.925544e-10
6.8728268e-10
6.8298911e-10
6.8839673e-10
6.8646733e-10
6.9008149e-10
6.8494566e-10
6.8812506e-10
6.8701089e-10
6.8698375e-10
6.8978262e-10
6.915219e-10
6.8766304e-10
6.8918465e-10
6.8614125e-10
6.8769029e-10
6.837772e-10
6.905978e-10
6.887772e-10
6.9116846e-10
6.8722827e-10
6.8826089e-10
6.8896744e-10
6.8934786e-10
6.8619566e-10
6.8921191e-10
6.9209244e-10
6.8820644e-10
6.8739131e-10
6.8997291e-10
6.8978251e-10
6.9054351e-10
6.936956e-10
6.9179334e-10
6.9263589e-10
6.9024453e-10
6.9048911e-10
6.911956e-10
6.8782613e-10
6.8807066e-10
6.8657596e-10
6.9144013e-10
6.8801631e-10
6.9192935e-10
6.9043471e-10
6.9353256e-10
6.8970096e-10
6.9051631e-10
6.9274458e-10
6.8847827e-10
6.9135869e-10
6.9054346e-10
6.924728e-10
6.9122286e-10
6.8842393e-10
6.892934e-10
6.9527173e-10
6.9086958e-10
6.9364131e-10
6.8793482e-10
6.9141309e-10
6.8725542e-10
6.9228262e-10
6.8654893e-10
6.9054346e-10
6.9024453e-10
6.894566e-10
6.8714667e-10
6.9038036e-10
6.8747286e-10
6.9070655e-10
6.8828815e-10
6.8899453e-10
6.8926631e-10
6.8771738e-10
6.8932066e-10
6.8711953e-10
6.905978e-10
6.8850542e-10
6.8972833e-10
6.9046202e-10
6.9073375e-10
6.9149453e-10
6.8701089e-10
6.8975542e-10
6.8970113e-10
6.8855976e-10
6.8972816e-10
6.8611411e-10
6.8899458e-10
6.855978e-10
6.8826089e-10
6.900544e-10
6.8736405e-10
6.8663047e-10
6.9048911e-10
6.8847822e-10
6.8480971e-10
6.9111411e-10
6.9114137e-10
6.8312506e-10
6.8581524e-10
6.8309786e-10
6.8785327e-10
6.8532613e-10
6.8864126e-10
6.8663042e-10
6.8951084e-10
6.8442935e-10
6.8695649e-10
6.8592387e-10
6.8646738e-10
6.8663042e-10
6.8788042e-10
6.8779887e-10
6.8157607e-10
6.8538047e-10
6.8375e-10
6.8736411e-10
6.8554362e-10
6.8516315e-10
6.8502715e-10
6.8839684e-10
6.8720102e-10
6.8404898e-10
6.869294e-10
6.8562495e-10
6.875e-10
6.8519018e-10
6.8804346e-10
6.8551625e-10
6.8826089e-10
6.8527184e-10
6.8595107e-10
6.8440209e-10
6.8913047e-10
6.8361411e-10
6.9133144e-10
6.8532618e-10
6.9035327e-10
6.8241846e-10
6.8796202e-10
6.85625e-10
6.8942929e-10
6.8527173e-10
6.881522e-10
6.8616851e-10
6.8907607e-10
6.8809786e-10
6.8603256e-10
6.8478256e-10
6.8595107e-10
6.8614131e-10
6.8418476e-10
6.9133149e-10
6.8807066e-10
6.8820649e-10
6.8739126e-10
6.8472827e-10
6.8532613e-10
6.88614e-10
6.8133155e-10
6.9029882e-10
6.8551637e-10
6.8635869e-10
6.869294e-10
6.8834227e-10
6.8766309e-10
6.8991851e-10
6.8298905e-10
6.9070655e-10
6.8899458e-10
6.8845102e-10
6.8812495e-10
6.894294e-10
6.861684e-10
6.9024464e-10
6.8701095e-10
6.8461953e-10
6.8695649e-10
6.8407607e-10
6.8339678e-10
6.8706535e-10
6.8652167e-10
6.8576084e-10
6.844022e-10
6.8687511e-10
6.8894013e-10
6.855978e-10
6.8747275e-10
6.8342393e-10
6.8725542e-10
6.8519024e-10
6.8698369e-10
6.8652178e-10
6.8638589e-10
6.8500006e-10
6.8635869e-10
6.8489131e-10
6.8456524e-10
6.8586958e-10
6.8663042e-10
6.8100542e-10
6.8478262e-10
6.825544e-10
6.8448364e-10
6.8684791e-10
6.8288053e-10
6.8595107e-10
6.8239137e-10
6.8551642e-10
6.856794e-10
6.8576084e-10
6.8611411e-10
6.8548905e-10
6.8220096e-10
6.8804346e-10
6.9076089e-10
6.8885869e-10
6.8836953e-10
6.8184786e-10
6.8402173e-10
6.8676637e-10
6.8733697e-10
6.8301625e-10
6.8921191e-10
6.812772e-10
6.8771733e-10
6.863588e-10
6.8769013e-10
6.8627715e-10
6.8660333e-10
6.8788042e-10
6.9138589e-10
6.8336958e-10
6.838044e-10
6.8307066e-10
6.869022e-10
6.8402178e-10
6.89864e-10
6.8654887e-10
6.8584233e-10
6.8380429e-10
6.9165756e-10
6.8605982e-10
6.875e-10
6.8872275e-10
6.8798911e-10
6.86875e-10
6.874728e-10
6.8877709e-10
6.8709244e-10
6.83125e-10
6.8573375e-10
6.861684e-10
6.9013595e-10
6.8760864e-10
6.8554351e-10
6.8956529e-10
6.9008149e-10
6.8758149e-10
6.8741846e-10
6.892934e-10
6.8728256e-10
6.8364125e-10
6.8644018e-10
6.8529893e-10
6.8817935e-10
6.8483691e-10
6.874456e-10
6.8516298e-10
6.8516309e-10
6.8404898e-10
6.8472827e-10
6.8812506e-10
6.8665762e-10
6.8701095e-10
6.8154887e-10
6.8467387e-10
6.862228e-10
6.8467387e-10
6.8347833e-10
6.8467398e-10
6.8581524e-10
6.8529893e-10
6.8255429e-10
6.8567929e-10
6.8453804e-10
6.818478e-10
6.8475542e-10
6.8350542e-10
6.8336958e-10
6.8076089e-10
6.8475542e-10
6.8418476e-10
6.8486411e-10
6.8668482e-10
6.8369571e-10
6.8426625e-10
6.8453804e-10
6.8336958e-10
6.8005435e-10
6.8076078e-10
6.8244554e-10
6.8611422e-10
6.8217393e-10
6.8519018e-10
6.8339667e-10
6.7953804e-10
6.8576084e-10
6.8548917e-10
6.8116845e-10
6.8375e-10
6.8065215e-10
6.8385869e-10
6.8043482e-10
6.8500006e-10
6.8190215e-10
6.8543476e-10
6.8293476e-10
6.8557054e-10
6.8388595e-10
6.8092393e-10
6.8086953e-10
6.8339667e-10
6.8130435e-10
6.8540751e-10
6.8157607e-10
6.8377703e-10
6.8217376e-10
6.850816e-10
6.8135864e-10
6.8733702e-10
6.844566e-10
6.855978e-10
6.8434786e-10
6.8339678e-10
6.8440209e-10
6.8345107e-10
6.8491846e-10
6.8483702e-10
6.8489131e-10
6.8095113e-10
6.8236417e-10
6.8826089e-10
6.8092393e-10
6.8475536e-10
6.8627715e-10
6.8442935e-10
6.8225547e-10
6.8779887e-10
6.8499995e-10
6.8358708e-10
6.8239137e-10
6.8271749e-10
6.8317935e-10
6.8320655e-10
6.8372275e-10
6.8548917e-10
6.8353251e-10
6.8483702e-10
6.8301631e-10
6.8016309e-10
6.8635869e-10
6.8328815e-10
6.8426642e-10
6.8551642e-10
6.8364137e-10
6.8203809e-10
6.8605976e-10
6.8323375e-10
6.8483685e-10
6.7942929e-10
6.8423917e-10
6.7847827e-10
6.8241846e-10
6.8440226e-10
6.8217393e-10
6.8165773e-10
6.819838e-10
6.7861416e-10
6.7980976e-10
6.8323375e-10
6.773912e-10
6.8198364e-10
6.7970107e-10
6.8046196e-10
6.8002726e-10
6.8154887e-10
6.8119571e-10
6.8285322e-10
6.7942946e-10
6.8499995e-10
6.800544e-10
6.794294e-10
6.8059791e-10
6.7853273e-10
6.800544e-10
6.8160333e-10
6.8133155e-10
6.7970107e-10
6.8187506e-10
6.7994571e-10
6.8157607e-10
6.7826084e-10
6.8260875e-10
6.7769018e-10
6.7899447e-10
6.8336958e-10
6.8336947e-10
6.8160327e-10
6.8258149e-10
6.7970107e-10
6.8266304e-10
6.8402189e-10
6.8160327e-10
6.8032607e-10
6.8220118e-10
6.8222822e-10
6.8269018e-10
6.8029887e-10
6.8133155e-10
6.8358696e-10
6.7793487e-10
6.8467398e-10
6.8135864e-10
6.8842393e-10
6.8078798e-10
6.8222838e-10
6.825272e-10
6.8616851e-10
6.8035333e-10
6.8266304e-10
6.8067946e-10
6.8345107e-10
6.8146738e-10
6.8279898e-10
6.825272e-10
6.7853262e-10
6.8334238e-10
6.830706e-10
6.8141304e-10
6.831794e-10
6.8336958e-10
6.8092393e-10
6.8448364e-10
6.8163036e-10
6.8043482e-10
6.8426625e-10
6.8315215e-10
6.8038042e-10
6.8355982e-10
6.7888589e-10
6.8171191e-10
6.7831529e-10
6.8298922e-10
6.8288053e-10
6.8016309e-10
6.8345107e-10
6.8027167e-10
6.8198364e-10
6.786684e-10
6.8008155e-10
6.8152178e-10
6.8241851e-10
6.8008144e-10
6.838316e-10
6.8230976e-10
6.801088e-10
6.8173911e-10
6.8421196e-10
6.7986422e-10
6.8290756e-10
6.8288036e-10
6.8239125e-10
6.8008155e-10
6.8475542e-10
6.8125e-10
6.8168482e-10
6.7874995e-10
6.8252726e-10
6.7904893e-10
6.8375e-10
6.7874995e-10
6.8198369e-10
6.7907596e-10
6.8059774e-10
6.7850536e-10
6.8111417e-10
6.8206518e-10
6.8154887e-10
6.8187506e-10
6.8051637e-10
6.8054345e-10
6.8171202e-10
6.8108696e-10
6.775544e-10
6.8040756e-10
6.8027178e-10
6.8328809e-10
6.7804345e-10
6.8021749e-10
6.7956524e-10
6.7815226e-10
6.7774453e-10
6.7855976e-10
6.7864137e-10
6.7894018e-10
6.7570655e-10
6.8154882e-10
6.7709238e-10
6.7730982e-10
6.7953798e-10
6.8141304e-10
6.7880435e-10
6.7584244e-10
6.7948375e-10
6.7883144e-10
6.7959244e-10
6.8027178e-10
6.7910322e-10
6.8078804e-10
6.8057071e-10
6.8336958e-10
6.805706e-10
6.7842398e-10
6.7804345e-10
6.7948369e-10
6.7657602e-10
6.8038042e-10
6.7978262e-10
6.7464673e-10
6.8059774e-10
6.7915762e-10
6.8203798e-10
6.7850536e-10
6.7796196e-10
6.7961953e-10
6.7959244e-10
6.7788031e-10
6.7611416e-10
6.8e-10
6.8057066e-10
6.7869566e-10
6.7894029e-10
6.8000006e-10
6.8043482e-10
6.8236417e-10
6.786412e-10
6.812772e-10
6.7926637e-10
6.8339684e-10
6.813316e-10
6.8016315e-10
6.7698364e-10
6.8203793e-10
6.7320649e-10
6.8171191e-10
6.7994571e-10
6.8076095e-10
6.7866851e-10
6.7970107e-10
6.8016304e-10
6.7747286e-10
6.794022e-10
6.8176631e-10
6.7695655e-10
6.7999989e-10
6.8046208e-10
6.7749995e-10
6.7826095e-10
6.7989131e-10
6.7978262e-10
6.8364125e-10
6.8258155e-10
6.799184e-10
6.7956524e-10
6.7796196e-10
6.8228262e-10
6.7782613e-10
6.7986422e-10
6.7755435e-10
6.8222833e-10
6.7874995e-10
6.7961958e-10
6.7692935e-10
6.8266304e-10
6.7877709e-10
6.8135864e-10
6.8008155e-10
6.7733696e-10
6.775272e-10
6.7788047e-10
6.8e-10
6.7989131e-10
6.7711958e-10
6.8038053e-10
6.794294e-10
6.7910338e-10
6.7646744e-10
6.780978e-10
6.7956524e-10
6.7671202e-10
6.7698375e-10
6.781522e-10
6.8154887e-10
6.7611416e-10
6.7888589e-10
6.8016309e-10
6.8043482e-10
6.7380435e-10
6.7812495e-10
6.7853262e-10
6.7600542e-10
6.7437506e-10
6.7611416e-10
6.750272e-10
6.7804345e-10
6.7736411e-10
6.7953804e-10
6.7673905e-10
6.7646744e-10
6.7562494e-10
6.8019018e-10
6.7804345e-10
6.8005429e-10
6.7997286e-10
6.8092393e-10
6.780706e-10
6.7557065e-10
6.7801625e-10
6.7904893e-10
6.7972827e-10
6.7725542e-10
6.7961958e-10
6.7842398e-10
6.8146738e-10
6.7722822e-10
6.8000006e-10
6.7894029e-10
6.7907602e-10
6.8e-10
6.7907602e-10
6.8160327e-10
6.7698375e-10
6.7869566e-10
6.7630429e-10
6.7817935e-10
6.7641304e-10
6.8125e-10
6.7638595e-10
6.8089673e-10
6.7543482e-10
6.7978262e-10
6.768206e-10
6.8059774e-10
6.7885864e-10
6.768478e-10
6.8103256e-10
6.8157602e-10
6.7975536e-10
6.7711953e-10
6.8307066e-10
6.7728262e-10
6.767934e-10
6.7532613e-10
6.8103256e-10
6.7698375e-10
6.793478e-10
6.7869566e-10
6.7758144e-10
6.7755435e-10
6.8182066e-10
6.7660327e-10
6.7891309e-10
6.762772e-10
6.7839678e-10
6.8021738e-10
6.8103267e-10
6.7826095e-10
6.8165756e-10
6.7834238e-10
6.8160327e-10
6.8043482e-10
6.7874995e-10
6.8021738e-10
6.7929351e-10
6.7891298e-10
6.7690226e-10
6.8019018e-10
6.7826095e-10
6.7896744e-10
6.7614137e-10
6.7532607e-10
6.7521749e-10
6.7660327e-10
6.7437506e-10
6.7426636e-10
6.8013584e-10
6.7728256e-10
6.7929345e-10
6.7682071e-10
6.7866851e-10
6.7605971e-10
6.7714678e-10
6.7464684e-10
6.7676631e-10
6.7725542e-10
6.7709233e-10
6.7614125e-10
6.7415767e-10
6.7396738e-10
6.7453809e-10
6.7269029e-10
6.7603267e-10
6.7480976e-10
6.7877715e-10
6.7442935e-10
6.7660327e-10
6.7961953e-10
6.7475547e-10
6.7532607e-10
6.749456e-10
6.794294e-10
6.7548905e-10
6.8000006e-10
6.7510875e-10
6.7782602e-10
6.7616851e-10
6.7722833e-10
6.781522e-10
6.7540762e-10
6.7538047e-10
6.7720113e-10
6.7573369e-10
6.7605976e-10
6.7489131e-10
6.7923905e-10
6.7470113e-10
6.7788042e-10
6.775272e-10
6.7853256e-10
6.7654893e-10
6.7559786e-10
6.7730971e-10
6.7540762e-10
6.7649458e-10
6.7434786e-10
6.7644024e-10
6.7766309e-10
6.7749995e-10
6.7529898e-10
6.780978e-10
6.7980976e-10
6.7698364e-10
6.8070649e-10
6.7782613e-10
6.7521738e-10
6.8059791e-10
6.7722822e-10
6.7798905e-10
6.7736411e-10
6.7834238e-10
6.7749995e-10
6.7546202e-10
6.7605976e-10
6.7668476e-10
6.8002715e-10
6.7888584e-10
6.7850542e-10
6.7309786e-10
6.7891298e-10
6.7657607e-10
6.7521738e-10
6.7733691e-10
6.7736416e-10
6.7497274e-10
6.7855982e-10
6.7423911e-10
6.7377715e-10
6.7777173e-10
6.7812495e-10
6.7703804e-10
6.7720107e-10
6.7915762e-10
6.7524458e-10
6.7581529e-10
6.7932066e-10
6.7421196e-10
6.7611411e-10
6.7717393e-10
6.7388584e-10
6.7855982e-10
6.7478256e-10
6.7451089e-10
6.7586947e-10
6.7739131e-10
6.7285322e-10
6.7760875e-10
6.768206e-10
6.7301636e-10
6.7711958e-10
6.7578809e-10
6.7646744e-10
6.7413036e-10
6.7817929e-10
6.7396738e-10
6.7521738e-10
6.7497291e-10
6.7793476e-10
6.7682071e-10
6.7793493e-10
6.7692935e-10
6.7774453e-10
6.7611411e-10
6.7603262e-10
6.7486405e-10
6.7519013e-10
6.7573369e-10
6.7720107e-10
6.7285322e-10
6.7644029e-10
6.7788042e-10
6.762772e-10
6.7383155e-10
6.7369571e-10
6.7239136e-10
6.762228e-10
6.7510875e-10
6.7638578e-10
6.7410316e-10
6.7744571e-10
6.7760869e-10
6.7453809e-10
6.7758149e-10
6.724728e-10
6.7956524e-10
6.7736416e-10
6.7347822e-10
6.7459244e-10
6.7565215e-10
6.7804345e-10
6.7695655e-10
6.7730982e-10
6.7826084e-10
6.7923916e-10
6.7665751e-10
6.7644018e-10
6.7434791e-10
6.7874995e-10
6.7858691e-10
6.7581518e-10
6.731794e-10
6.8013589e-10
6.7970118e-10
6.8260875e-10
6.76875e-10
6.818478e-10
6.7815203e-10
6.7937495e-10
6.7820655e-10
6.7698364e-10
6.7576089e-10
6.7763589e-10
6.7690226e-10
6.7763589e-10
6.7798905e-10
6.7673905e-10
6.7701089e-10
6.7722822e-10
6.7622274e-10
6.7660327e-10
6.7790767e-10
6.7641304e-10
6.7831524e-10
6.7782618e-10
6.7880435e-10
6.7540762e-10
6.7910333e-10
6.7608708e-10
6.7953815e-10
6.7372286e-10
6.75e-10
6.7692946e-10
6.7747274e-10
6.7456524e-10
6.7888589e-10
6.7638595e-10
6.7915767e-10
6.7635869e-10
6.7445649e-10
6.7951095e-10
6.7804351e-10
6.7581529e-10
6.7418482e-10
6.7635869e-10
6.7307065e-10
6.7429345e-10
6.7798916e-10
6.7480976e-10
6.7527173e-10
6.7592393e-10
6.7565226e-10
6.7385864e-10
6.7328804e-10
6.7902173e-10
6.7690226e-10
6.7432065e-10
6.7288047e-10
6.7486416e-10
6.7385875e-10
6.7301625e-10
6.7394018e-10
6.7260869e-10
6.7342393e-10
6.7285333e-10
6.7540762e-10
6.7277184e-10
6.7233691e-10
6.7029893e-10
6.7578798e-10
6.7470102e-10
6.7361411e-10
6.7078804e-10
6.7472822e-10
6.7057071e-10
6.7605976e-10
6.749728e-10
6.7282607e-10
6.7459244e-10
6.7198369e-10
6.7032607e-10
6.7345102e-10
6.7513578e-10
6.7070655e-10
6.7095107e-10
6.7230982e-10
6.7228256e-10
6.713316e-10
6.7842398e-10
6.7065214e-10
6.7445649e-10
6.7557077e-10
6.7309791e-10
6.7195655e-10
6.7369571e-10
6.7673911e-10
6.7119571e-10
6.7426631e-10
6.755978e-10
6.7364125e-10
6.7138589e-10
6.7524458e-10
6.7451089e-10
6.7592387e-10
6.756794e-10
6.7478267e-10
6.775544e-10
6.7486416e-10
6.7570655e-10
6.7793476e-10
6.7290762e-10
6.7220113e-10
6.7326089e-10
6.7701089e-10
6.7426636e-10
6.7722822e-10
6.7138578e-10
6.794022e-10
6.7165756e-10
6.7285322e-10
6.7671196e-10
6.7388589e-10
6.7513584e-10
6.7516304e-10
6.7760864e-10
6.7497291e-10
6.7589673e-10
6.7646733e-10
6.7459238e-10
6.7880435e-10
6.7508149e-10
6.7605987e-10
6.7144024e-10
6.7777178e-10
6.7437506e-10
6.7361411e-10
6.7211953e-10
6.7472827e-10
6.7540762e-10
6.7657607e-10
6.7296196e-10
6.7413036e-10
6.737228e-10
6.7404893e-10
6.7442923e-10
6.7597822e-10
6.7426636e-10
6.7130435e-10
6.7203809e-10
6.7154893e-10
6.7516304e-10
6.7361422e-10
6.738588e-10
6.7116845e-10
6.7222816e-10
6.7179334e-10
6.7293476e-10
6.7557065e-10
6.7078809e-10
6.7095096e-10
6.7160327e-10
6.7529898e-10
6.7016304e-10
6.7203804e-10
6.6820649e-10
6.7165756e-10
6.7391293e-10
6.6980982e-10
6.6864131e-10
6.7206524e-10
6.7282613e-10
6.7116845e-10
6.736684e-10
6.6779898e-10
6.73125e-10
6.7076084e-10
6.7133149e-10
6.6956518e-10
6.7442935e-10
6.7100536e-10
6.7421196e-10
6.6983696e-10
6.7171196e-10
6.6875006e-10
6.7323369e-10
6.7211969e-10
6.693478e-10
6.7100542e-10
6.7331524e-10
6.7179351e-10
6.7288042e-10
6.7339673e-10
6.6769024e-10
6.7652178e-10
6.7342393e-10
6.705978e-10
6.7301636e-10
6.7266298e-10
6.7334233e-10
6.7173916e-10
6.7472827e-10
6.7160327e-10
6.7192935e-10
6.7486416e-10
6.7448375e-10
6.7508155e-10
6.7578815e-10
6.7149469e-10
6.7402178e-10
6.7195655e-10
6.7407607e-10
6.7029893e-10
6.7054351e-10
6.7429345e-10
6.7502726e-10
6.7426631e-10
6.724728e-10
6.7247286e-10
6.7410327e-10
6.7247286e-10
6.744022e-10
6.7388584e-10
6.7413042e-10
6.713588e-10
6.7358702e-10
6.7301636e-10
6.8019029e-10
6.6953809e-10
6.7279893e-10
6.6798916e-10
6.7475547e-10
6.7135869e-10
6.7298916e-10
6.7402167e-10
6.7214678e-10
6.7247286e-10
6.7391304e-10
6.7160327e-10
6.7339678e-10
6.7600542e-10
6.7078804e-10
6.7404893e-10
6.7249994e-10
6.749456e-10
6.7239131e-10
6.7089667e-10
6.7230976e-10
6.7388584e-10
6.6972833e-10
6.7320655e-10
6.6953815e-10
6.7413042e-10
6.7586958e-10
6.7105982e-10
6.7364131e-10
6.7317929e-10
6.7320649e-10
6.7282607e-10
6.7304345e-10
6.7114131e-10
6.70625e-10
6.7380435e-10
6.7002714e-10
6.7247286e-10
6.687228e-10
6.7364131e-10
6.7089678e-10
6.7375e-10
6.7165756e-10
6.7116845e-10
6.7429345e-10
6.7396738e-10
6.7239131e-10
6.7296191e-10
6.7279893e-10
6.7230976e-10
6.7388584e-10
6.7086953e-10
6.7486416e-10
6.713044e-10
6.7755435e-10
6.6904887e-10
6.7228256e-10
6.7440215e-10
6.7263589e-10
6.6823364e-10
6.7258155e-10
6.7480987e-10
6.7122286e-10
6.749728e-10
6.7277173e-10
6.6956518e-10
6.7209244e-10
6.6989125e-10
6.7557065e-10
6.6855976e-10
6.712772e-10
6.7048911e-10
6.7388584e-10
6.6994565e-10
6.7312494e-10
6.7005429e-10
6.737228e-10
6.6788042e-10
6.705706e-10
6.7201084e-10
6.731522e-10
6.7108702e-10
6.7179345e-10
6.7271738e-10
6.7282613e-10
6.7133149e-10
6.7154893e-10
6.7331524e-10
6.7152184e-10
6.7269018e-10
6.742934e-10
6.7203804e-10
6.7038036e-10
6.7396738e-10
6.7565215e-10
6.7252715e-10
6.7173922e-10
6.7320649e-10
6.736956e-10
6.7195655e-10
6.7347827e-10
6.7413053e-10
6.744566e-10
6.7758149e-10
6.7660327e-10
6.7728262e-10
6.7236411e-10
6.7288047e-10
6.7673911e-10
6.7160327e-10
6.7426631e-10
6.7149453e-10
6.7570644e-10
6.7543482e-10
6.749728e-10
6.7391304e-10
6.7467393e-10
6.7497291e-10
6.7529887e-10
6.7888589e-10
6.724728e-10
6.7744566e-10
6.6986411e-10
6.7513584e-10
6.7307065e-10
6.7540762e-10
6.7464673e-10
6.7176625e-10
6.724728e-10
6.7296196e-10
6.7122274e-10
6.6864125e-10
6.744294e-10
6.7211953e-10
6.7605971e-10
6.725816e-10
6.6869571e-10
6.7263584e-10
6.7081524e-10
6.7399453e-10
6.7013589e-10
6.7201084e-10
6.6975542e-10
6.693206e-10
6.6923911e-10
6.7203798e-10
6.6894024e-10
6.7073364e-10
6.6945643e-10
6.7084238e-10
6.700544e-10
6.7024453e-10
6.7165756e-10
6.6831518e-10
6.6885875e-10
6.6839684e-10
6.6932065e-10
6.7105982e-10
6.7073375e-10
6.6709233e-10
6.6826089e-10
6.7184791e-10
6.6877709e-10
6.7073364e-10
6.736956e-10
6.7092393e-10
6.6899453e-10
6.7258155e-10
6.7119565e-10
6.6997285e-10
6.7298911e-10
6.7195666e-10
6.7353256e-10
6.6937494e-10
6.7125006e-10
6.6815214e-10
6.7266298e-10
6.6942935e-10
6.726088e-10
6.7089667e-10
6.7198369e-10
6.7024453e-10
6.7293476e-10
6.7350547e-10
6.736956e-10
6.7165756e-10
6.7475547e-10
6.711956e-10
6.7459244e-10
6.7105982e-10
6.7464684e-10
6.7562511e-10
6.6975542e-10
6.7086958e-10
6.7086953e-10
6.7304345e-10
6.7375006e-10
6.7434786e-10
6.7470102e-10
6.7146727e-10
6.7241851e-10
6.71875e-10
6.7048911e-10
6.7266298e-10
6.7388578e-10
6.73125e-10
6.7301625e-10
6.7347822e-10
6.7244565e-10
6.737228e-10
6.7684786e-10
6.7358696e-10
6.7127714e-10
6.7394018e-10
6.719022e-10
6.7301636e-10
6.7290762e-10
6.6923911e-10
6.7111416e-10
6.7317929e-10
6.7130435e-10
6.7274458e-10
6.7448369e-10
6.7073375e-10
6.7891309e-10
6.6959233e-10
6.7271738e-10
6.7279893e-10
6.7062506e-10
6.7029898e-10
6.7217398e-10
6.7394013e-10
6.6940214e-10
6.7220113e-10
6.70625e-10
6.7122286e-10
6.688044e-10
6.755978e-10
6.6986416e-10
6.7285322e-10
6.7157613e-10
6.7296191e-10
6.7122286e-10
6.7081529e-10
6.7108702e-10
6.7135864e-10
6.7271744e-10
6.6915762e-10
6.7111411e-10
6.70625e-10
6.7217398e-10
6.6654887e-10
6.7171196e-10
6.6918476e-10
6.7019024e-10
6.7081529e-10
6.6929351e-10
6.669294e-10
6.7154893e-10
6.7105982e-10
6.6961958e-10
6.7250006e-10
6.7165756e-10
6.7032607e-10
6.7021733e-10
6.7353256e-10
6.7048911e-10
6.7108702e-10
6.7144024e-10
6.6885869e-10
6.6899458e-10
6.7399453e-10
6.7394018e-10
6.7152173e-10
6.7005429e-10
6.7154893e-10
6.6769024e-10
6.7385875e-10
6.726088e-10
6.71875e-10
6.7116857e-10
6.7260869e-10
6.6980982e-10
6.6864125e-10
6.6701089e-10
6.6891304e-10
6.6703804e-10
6.6902178e-10
6.7171196e-10
6.6883149e-10
6.6779898e-10
6.7e-10
6.6961958e-10
6.6861416e-10
6.7209244e-10
6.6921202e-10
6.7160327e-10
6.6910327e-10
6.6796202e-10
6.6355971e-10
6.7225536e-10
6.6991851e-10
6.7176625e-10
6.7244565e-10
6.755162e-10
6.707066e-10
6.6891298e-10
6.7029882e-10
6.6986411e-10
6.6839673e-10
6.6839667e-10
6.7355976e-10
6.7076078e-10
6.6934797e-10
6.7067935e-10
6.7089667e-10
6.7532613e-10
6.6926631e-10
6.7065209e-10
6.7551631e-10
6.6923911e-10
6.7285333e-10
6.7152173e-10
6.707338e-10
6.6839673e-10
6.7192935e-10
6.7383155e-10
6.7429345e-10
6.7070655e-10
6.7097827e-10
6.7097827e-10
6.7043476e-10
6.6836947e-10
6.7013578e-10
6.7105982e-10
6.7076084e-10
6.7464673e-10
6.6714667e-10
6.7048922e-10
6.656794e-10
6.6785333e-10
6.6562494e-10
6.6967393e-10
6.6929351e-10
6.7157602e-10
6.6850542e-10
6.6763589e-10
6.7086958e-10
6.6660322e-10
6.6807065e-10
6.6790756e-10
6.6989136e-10
6.6812506e-10
6.7024453e-10
6.6978262e-10
6.7220107e-10
6.6967393e-10
6.6975542e-10
6.687228e-10
6.7152173e-10
6.7024453e-10
6.687772e-10
6.7182071e-10
6.6725542e-10
6.6991845e-10
6.6894029e-10
6.6720102e-10
6.6932065e-10
6.6836953e-10
6.6567929e-10
6.6328804e-10
6.7032602e-10
6.7021733e-10
6.6858696e-10
6.6929357e-10
6.6578798e-10
6.6869571e-10
6.6883149e-10
6.7046196e-10
6.7065214e-10
6.6817935e-10
6.7260869e-10
6.6842387e-10
6.7035322e-10
6.656522e-10
6.7328804e-10
6.6858696e-10
6.7040767e-10
6.6733702e-10
6.6972838e-10
6.6910316e-10
6.7013578e-10
6.7250006e-10
6.719022e-10
6.6630435e-10
6.7307065e-10
6.7067935e-10
6.7489131e-10
6.6834227e-10
6.6951089e-10
6.6910327e-10
6.7298916e-10
6.7070655e-10
6.688044e-10
6.6972822e-10
6.699184e-10
6.7154887e-10
6.718478e-10
6.7239131e-10
6.6788036e-10
6.7394013e-10
6.6828815e-10
6.7130435e-10
6.6654887e-10
6.7019024e-10
6.7092387e-10
6.7165767e-10
6.6717382e-10
6.7043476e-10
6.669294e-10
6.7402167e-10
6.6937506e-10
6.7489142e-10
6.6815209e-10
6.7051625e-10
6.6801636e-10
6.6959244e-10
6.6692929e-10
6.6899458e-10
6.700816e-10
6.6926631e-10
6.6940209e-10
6.6820649e-10
6.7304345e-10
6.7062506e-10
6.7198375e-10
6.6703804e-10
6.6902173e-10
6.6644018e-10
6.680162e-10
6.6717398e-10
6.681794e-10
6.7086953e-10
6.6983691e-10
6.6880429e-10
6.6600547e-10
6.6720107e-10
6.7211958e-10
6.6663042e-10
6.719022e-10
6.6826089e-10
6.662228e-10
6.6807065e-10
6.6668482e-10
6.6788042e-10
6.7002726e-10
6.6361411e-10
6.6904887e-10
6.6717398e-10
6.7016304e-10
6.6728267e-10
6.6834238e-10
6.6959238e-10
6.655978e-10
6.6855971e-10
6.7119565e-10
6.7078804e-10
6.6358696e-10
6.7054351e-10
6.7021733e-10
6.6785327e-10
6.6755446e-10
6.6967393e-10
6.6676636e-10
6.6869571e-10
6.6497285e-10
6.711684e-10
6.6798911e-10
6.7179362e-10
6.6986411e-10
6.7157618e-10
6.6997285e-10
6.7366851e-10
6.7024447e-10
6.7535316e-10
6.7108702e-10
6.7165767e-10
6.6910316e-10
6.6986416e-10
6.6980971e-10
6.7086953e-10
6.7054345e-10
6.7399458e-10
6.7062506e-10
6.7236405e-10
6.7084238e-10
6.6989136e-10
6.6888578e-10
6.7065214e-10
6.7220113e-10
6.6864142e-10
6.6902173e-10
6.6907607e-10
6.7404893e-10
6.7230965e-10
6.7502709e-10
6.7353256e-10
6.7239131e-10
6.7035322e-10
6.7290762e-10
6.6953809e-10
6.7084238e-10
6.7027173e-10
6.7288042e-10
6.6986416e-10
6.6913036e-10
6.7081524e-10
6.7076089e-10
6.7021744e-10
6.7054351e-10
6.7230982e-10
6.7105971e-10
6.7402167e-10
6.7100542e-10
6.7228262e-10
6.6956518e-10
6.775272e-10
6.6755435e-10
6.7407613e-10
6.6975542e-10
6.7013595e-10
6.7144024e-10
6.7510875e-10
6.7144018e-10
6.6994565e-10
6.7073364e-10
6.669566e-10
6.7377726e-10
6.675e-10
6.7149464e-10
6.7168476e-10
6.7019024e-10
6.7021744e-10
6.6961964e-10
6.705706e-10
6.6902178e-10
6.6983696e-10
6.6997274e-10
6.7307065e-10
6.6956518e-10
6.6888595e-10
6.6891304e-10
6.6741851e-10
6.7119571e-10
6.6790767e-10
6.6847827e-10
6.6907618e-10
6.693206e-10
6.6959238e-10
6.7059786e-10
6.6703804e-10
6.681522e-10
6.7081524e-10
6.6736411e-10
6.6695649e-10
6.681794e-10
