5.4041666e-10
5.4020832e-10
5.3846355e-10
5.3804683e-10
5.3992188e-10
5.4145838e-10
5.4015631e-10
5.388282e-10
5.4054689e-10
5.4005206e-10
5.3906252e-10
5.4132815e-10
5.4052085e-10
5.4059895e-10
5.4028643e-10
5.4104171e-10
5.4117189e-10
5.416666e-10
5.3874999e-10
5.3950522e-10
5.3937499e-10
5.4020832e-10
5.4031246e-10
5.4070309e-10
5.4049482e-10
5.4070309e-10
5.4041666e-10
5.4031246e-10
5.3986976e-10
5.4161459e-10
5.4083332e-10
5.4054689e-10
5.396093e-10
5.3822918e-10
5.399739e-10
5.3924476e-10
5.390885e-10
5.3893229e-10
5.3914062e-10
5.4020827e-10
5.4049476e-10
5.3812499e-10
5.3867194e-10
5.3830729e-10
5.3932292e-10
5.3874999e-10
5.3947918e-10
5.3799476e-10
5.3731775e-10
5.4106769e-10
5.3825522e-10
5.3838539e-10
5.3763022e-10
5.3812499e-10
5.3781252e-10
5.3609378e-10
5.3812504e-10
5.3695309e-10
5.3760418e-10
5.3812493e-10
5.3609367e-10
5.3802079e-10
5.3757815e-10
5.3721355e-10
5.3778643e-10
5.3804688e-10
5.3697918e-10
5.3864585e-10
5.3770832e-10
5.3833332e-10
5.3833332e-10
5.3653654e-10
5.3684884e-10
5.3559895e-10
5.3898436e-10
5.3760413e-10
5.3692711e-10
5.3882809e-10
5.3630206e-10
5.3757809e-10
5.3604171e-10
5.3875004e-10
5.3729166e-10
5.38177e-10
5.3528648e-10
5.4046878e-10
5.3867183e-10
5.4015631e-10
5.3807286e-10
5.4028648e-10
5.3927085e-10
5.3903643e-10
5.3919263e-10
5.3786453e-10
5.3937499e-10
5.3781241e-10
5.3942711e-10
5.3888027e-10
5.3848953e-10
5.3898436e-10
5.3963539e-10
5.3833332e-10
5.3815102e-10
5.3981769e-10
5.4046873e-10
5.389062e-10
5.3929688e-10
5.3867188e-10
5.3692706e-10
5.3687493e-10
5.3859378e-10
5.395312e-10
5.3971355e-10
5.3934884e-10
5.3958332e-10
5.39427e-10
5.3953125e-10
5.3945309e-10
5.3950522e-10
5.4083332e-10
5.3856769e-10
5.3927085e-10
5.403385e-10
5.3843757e-10
5.3888022e-10
5.3929683e-10
5.3841137e-10
5.3843746e-10
5.3854166e-10
5.3677085e-10
5.3872395e-10
5.4067706e-10
5.3963545e-10
5.3807298e-10
5.3882815e-10
5.3843752e-10
5.3906252e-10
5.3783844e-10
5.3999999e-10
5.3718746e-10
5.3914062e-10
5.3755206e-10
5.3799482e-10
5.3921873e-10
5.3880206e-10
5.3817706e-10
5.3804694e-10
5.3765625e-10
5.3773436e-10
5.3716137e-10
5.3947913e-10
5.3664062e-10
5.3880217e-10
5.3992188e-10
5.3794269e-10
5.3869786e-10
5.3773441e-10
5.3854166e-10
5.3833332e-10
5.3643229e-10
5.3627608e-10
5.3708332e-10
5.3812499e-10
5.3739579e-10
5.3677085e-10
5.3557297e-10
5.3635424e-10
5.3604166e-10
5.3625004e-10
5.358593e-10
5.3541666e-10
5.3580729e-10
5.3781241e-10
5.3635413e-10
5.3932281e-10
5.3606775e-10
5.3718757e-10
5.3760418e-10
5.3630211e-10
5.3778643e-10
5.368489e-10
5.3609372e-10
5.3833332e-10
5.3739585e-10
5.3781246e-10
5.3828125e-10
5.3815108e-10
5.3697913e-10
5.3773441e-10
5.3648436e-10
5.383593e-10
5.3658855e-10
5.3807286e-10
5.383855e-10
5.3708332e-10
5.3692706e-10
5.3695315e-10
5.3718746e-10
5.3664057e-10
5.3736976e-10
5.3874999e-10
5.3869792e-10
5.3817711e-10
5.3713539e-10
5.3723953e-10
5.3820309e-10
5.3734373e-10
5.3796884e-10
5.3708338e-10
5.3710936e-10
5.3864585e-10
5.3726568e-10
5.3695309e-10
5.365885e-10
5.3890625e-10
5.3729166e-10
5.3768229e-10
5.3752608e-10
5.3669275e-10
5.3968746e-10
5.3802079e-10
5.3770827e-10
5.3755206e-10
5.3742183e-10
5.3914062e-10
5.3882815e-10
5.3882815e-10
5.3953125e-10
5.3940102e-10
5.3994792e-10
5.3960936e-10
5.3992194e-10
5.4091143e-10
5.3919275e-10
5.3921878e-10
5.3968746e-10
5.3885413e-10
5.3981769e-10
5.3872401e-10
5.396093e-10
5.3789057e-10
5.3856769e-10
5.3968757e-10
5.3888022e-10
5.4065102e-10
5.3895832e-10
5.4015625e-10
5.3812493e-10
5.3997395e-10
5.3898436e-10
5.3856769e-10
5.3973964e-10
5.3968746e-10
5.3794275e-10
5.3882809e-10
5.3869792e-10
5.3937493e-10
5.3763022e-10
5.3947913e-10
5.38177e-10
5.3760413e-10
5.3882815e-10
5.4020832e-10
5.3864579e-10
5.3914057e-10
5.3671878e-10
5.393489e-10
5.3877613e-10
5.3763011e-10
5.3822918e-10
5.3812493e-10
5.3601557e-10
5.3734367e-10
5.3940102e-10
5.3903643e-10
5.3830734e-10
5.3804694e-10
5.3742188e-10
5.3580734e-10
5.3776034e-10
5.3585936e-10
5.395312e-10
5.370312e-10
5.3677079e-10
5.3914062e-10
5.3802085e-10
5.3781246e-10
5.3731775e-10
5.3848959e-10
5.3679688e-10
5.3789062e-10
5.3890625e-10
5.3783855e-10
5.3815108e-10
5.3812504e-10
5.3940102e-10
5.4036459e-10
5.4031252e-10
5.3963539e-10
5.3919275e-10
5.3940113e-10
5.3906246e-10
5.3848953e-10
5.4096355e-10
5.399739e-10
5.3838539e-10
5.404166e-10
5.4039057e-10
5.3843746e-10
5.4026034e-10
5.3841143e-10
5.3940102e-10
5.4033861e-10
5.4002597e-10
5.4067706e-10
5.3929688e-10
5.380989e-10
5.4135413e-10
5.4124999e-10
5.4075516e-10
5.3934895e-10
5.4138022e-10
5.3830729e-10
5.3992188e-10
5.4002608e-10
5.4226562e-10
5.4075516e-10
5.4093746e-10
5.3997395e-10
5.4046878e-10
5.4062499e-10
5.4013022e-10
5.4130206e-10
5.4307292e-10
5.4132804e-10
5.4059895e-10
5.4041666e-10
5.4101562e-10
5.4106769e-10
5.4268229e-10
5.4236987e-10
5.4049476e-10
5.4294275e-10
5.4062493e-10
5.4161459e-10
5.4083338e-10
5.4070309e-10
5.4078125e-10
5.3820315e-10
5.4013022e-10
5.3976562e-10
5.4148441e-10
5.4033861e-10
5.4359378e-10
5.4208332e-10
5.4091148e-10
5.4018229e-10
5.3981769e-10
5.4065102e-10
5.4023436e-10
5.4059895e-10
5.3874999e-10
5.4046873e-10
5.4028643e-10
5.3864585e-10
5.3947918e-10
5.3940102e-10
5.4145832e-10
5.4059895e-10
5.3960941e-10
5.4041666e-10
5.3815102e-10
5.4031246e-10
5.3984373e-10
5.3986976e-10
5.3768229e-10
5.3770827e-10
5.3833332e-10
5.4010418e-10
5.371093e-10
5.3997395e-10
5.3890625e-10
5.3851568e-10
5.3778654e-10
5.4093741e-10
5.3937504e-10
5.3874999e-10
5.3945309e-10
5.4013022e-10
5.4067711e-10
5.3906252e-10
5.3869792e-10
5.4083327e-10
5.3929677e-10
5.4106775e-10
5.4135418e-10
5.4020832e-10
5.4111982e-10
5.3874993e-10
5.4026039e-10
5.3929677e-10
5.4072918e-10
5.3929683e-10
5.3867183e-10
5.3919263e-10
5.3968752e-10
5.3986982e-10
5.4164057e-10
5.4226562e-10
5.4065102e-10
5.4140631e-10
5.3929688e-10
5.4007804e-10
5.4080723e-10
5.3911459e-10
5.3976562e-10
5.4286453e-10
5.4307286e-10
5.4151034e-10
5.4080729e-10
5.4007815e-10
5.4182292e-10
5.4174476e-10
5.4031252e-10
5.4106769e-10
5.401562e-10
5.4036459e-10
5.409635e-10
5.4065102e-10
5.4171873e-10
5.4085936e-10
5.42552e-10
5.4054689e-10
5.4085936e-10
5.4184895e-10
5.4135413e-10
5.4005211e-10
5.4161459e-10
5.4067711e-10
5.4091143e-10
5.4127602e-10
5.4091148e-10
5.4005211e-10
5.4085936e-10
5.3971355e-10
5.4036459e-10
5.4109378e-10
5.4091148e-10
5.4005206e-10
5.3841148e-10
5.3950516e-10
5.3890625e-10
5.3885424e-10
5.3833338e-10
5.3815102e-10
5.3872384e-10
5.3921873e-10
5.4192711e-10
5.3955734e-10
5.4093746e-10
5.4218752e-10
5.4059895e-10
5.3929688e-10
5.3960941e-10
5.3937499e-10
5.4059895e-10
5.4236976e-10
5.4010418e-10
5.4031252e-10
5.3778648e-10
5.3778643e-10
5.3841148e-10
5.3903643e-10
5.3950527e-10
5.3940108e-10
5.3838534e-10
5.3747401e-10
5.3812504e-10
5.369532e-10
5.3880211e-10
5.3828125e-10
5.3869786e-10
5.3914062e-10
5.3877602e-10
5.4059895e-10
5.40052e-10
5.4106775e-10
5.4140625e-10
5.3994792e-10
5.4111976e-10
5.3999999e-10
5.4130206e-10
5.3986976e-10
5.4083327e-10
5.3986987e-10
5.4080723e-10
5.3992183e-10
5.4046873e-10
5.3989579e-10
5.4104166e-10
5.3942711e-10
5.415885e-10
5.4007804e-10
5.3973964e-10
5.4208332e-10
5.3895838e-10
5.4091148e-10
5.4057298e-10
5.4098953e-10
5.4078125e-10
5.4242183e-10
5.4156241e-10
5.4156252e-10
5.4398441e-10
5.4770827e-10
5.572916e-10
5.6807287e-10
5.8325522e-10
6.0169275e-10
6.1984373e-10
6.3960942e-10
6.5914058e-10
6.7505207e-10
6.9281253e-10
7.0825523e-10
7.2390627e-10
7.3596351e-10
7.4736972e-10
7.5989576e-10
7.6835938e-10
7.7546886e-10
7.8255208e-10
7.8794266e-10
7.9289059e-10
7.9536461e-10
8.0130197e-10
8.0385409e-10
8.0682289e-10
8.0867196e-10
8.1109369e-10
8.104688e-10
8.134115e-10
8.14323e-10
8.1476564e-10
8.1544282e-10
8.1468748e-10
8.1651047e-10
8.1843748e-10
8.1593748e-10
8.198176e-10
8.1588536e-10
8.1606766e-10
8.1526047e-10
8.1458335e-10
8.1388013e-10
8.1166668e-10
8.1361978e-10
8.1408857e-10
8.1208323e-10
8.1302082e-10
8.1179685e-10
8.1104173e-10
8.1208335e-10
8.1132812e-10
8.0971346e-10
8.0997403e-10
8.0875001e-10
8.0802093e-10
8.0869794e-10
8.0765622e-10
8.0723961e-10
8.0398449e-10
8.0773432e-10
8.0343737e-10
8.0309898e-10
8.0148438e-10
8.0158852e-10
8.0031248e-10
7.9885409e-10
7.9960943e-10
7.9856788e-10
7.9692714e-10
7.9481771e-10
7.9734375e-10
7.9500001e-10
7.9486989e-10
7.9192713e-10
7.9351548e-10
7.9143231e-10
7.9223955e-10
7.9002604e-10
7.9007817e-10
7.8916668e-10
7.9023432e-10
7.8791668e-10
7.8781248e-10
7.8770829e-10
7.8669266e-10
7.8497403e-10
7.8593748e-10
7.8742191e-10
7.859115e-10
7.8518231e-10
7.8328122e-10
7.8401036e-10
7.829688e-10
7.8052081e-10
7.8304691e-10
7.798957e-10
7.8062495e-10
7.8023449e-10
7.7705731e-10
7.781511e-10
7.7734374e-10
7.7901047e-10
7.7739587e-10
7.7624995e-10
7.7588541e-10
7.7424467e-10
7.7395823e-10
7.7317724e-10
7.7359369e-10
7.7273432e-10
7.7036449e-10
7.7158852e-10
7.7065115e-10
7.6906254e-10
7.6927087e-10
7.6736978e-10
7.6791667e-10
7.6591139e-10
7.6760415e-10
7.6638024e-10
7.6559908e-10
7.6481771e-10
7.6382811e-10
7.6500006e-10
7.6302092e-10
7.6135415e-10
7.631511e-10
7.622396e-10
7.6098966e-10
7.610938e-10
7.6075518e-10
7.5856771e-10
7.5835932e-10
7.5611983e-10
7.5804679e-10
7.5494788e-10
7.5598955e-10
7.552865e-10
7.5726564e-10
7.5489576e-10
7.5458328e-10
7.5369783e-10
7.541146e-10
7.5450529e-10
7.5307299e-10
7.5351564e-10
7.5291667e-10
7.512761e-10
7.4994794e-10
7.4945317e-10
7.4901046e-10
7.4718748e-10
7.4778633e-10
7.4624995e-10
7.4867185e-10
7.472396e-10
7.4843748e-10
7.4700518e-10
7.462761e-10
7.455469e-10
7.4713546e-10
7.4486972e-10
7.4328121e-10
7.4557299e-10
7.4247403e-10
7.4273437e-10
7.4273437e-10
7.4127615e-10
7.4096351e-10
7.4119794e-10
7.409115e-10
7.3893225e-10
7.4140633e-10
7.3807294e-10
7.3830719e-10
7.3682299e-10
7.3697914e-10
7.3632811e-10
7.3768236e-10
7.3500001e-10
7.3502587e-10
7.3559897e-10
7.3440104e-10
7.331511e-10
7.3434897e-10
7.3276046e-10
7.3302081e-10
7.3164058e-10
7.3294265e-10
7.3085937e-10
7.3106771e-10
7.297396e-10
7.2994788e-10
7.3101569e-10
7.3166656e-10
7.3065104e-10
7.3020834e-10
7.2890632e-10
7.2835937e-10
7.291146e-10
7.2723966e-10
7.2614581e-10
7.292707e-10
7.2731776e-10
7.267969e-10
7.2606771e-10
7.2815115e-10
7.2796874e-10
7.2757816e-10
7.2580725e-10
7.2739587e-10
7.2815093e-10
7.2544276e-10
7.2486994e-10
7.2520834e-10
7.2401046e-10
7.2580736e-10
7.2421869e-10
7.2343748e-10
7.2330725e-10
7.2390627e-10
7.2343753e-10
7.2221346e-10
7.2257816e-10
7.2190104e-10
7.2268236e-10
7.1984374e-10
7.2278644e-10
7.1973955e-10
7.2033851e-10
7.2138012e-10
7.1901035e-10
7.1833345e-10
7.1768236e-10
7.1963546e-10
7.172396e-10
7.1794276e-10
7.1791667e-10
7.1843748e-10
7.1635414e-10
7.1606765e-10
7.1671885e-10
7.1585937e-10
7.1463541e-10
7.1614575e-10
7.1544276e-10
7.1283851e-10
7.1502604e-10
7.1375e-10
7.1385431e-10
7.1234374e-10
7.1273437e-10
7.1213541e-10
7.1143241e-10
7.1156242e-10
7.1161455e-10
7.0880207e-10
7.0953132e-10
7.0802075e-10
7.0885414e-10
7.0828121e-10
7.0744788e-10
7.101823e-10
7.0802092e-10
7.0580725e-10
7.0684902e-10
7.0700518e-10
7.0658862e-10
7.0653644e-10
7.0661454e-10
7.0679684e-10
7.0343759e-10
7.0364581e-10
7.0343747e-10
7.0249989e-10
7.0226563e-10
7.0249989e-10
7.0234374e-10
7.0177081e-10
7.0088541e-10
7.0088529e-10
7.0046874e-10
7.0020839e-10
6.9997391e-10
6.9997402e-10
6.9916656e-10
7.0026035e-10
6.99375e-10
6.9705725e-10
6.9697914e-10
6.9817713e-10
6.9645828e-10
6.972396e-10
6.977865e-10
6.9734379e-10
6.9674472e-10
6.948177e-10
6.9796874e-10
6.9651035e-10
6.9765621e-10
6.955469e-10
6.9421868e-10
6.9411454e-10
6.9437495e-10
6.9369793e-10
6.9424483e-10
6.9432299e-10
6.9484368e-10
6.9403644e-10
6.9403644e-10
6.9518236e-10
6.951823e-10
6.9406242e-10
6.9531253e-10
6.9330719e-10
6.91875e-10
6.9442713e-10
6.9263018e-10
6.9361977e-10
6.9333339e-10
6.9270834e-10
6.9236972e-10
6.916146e-10
6.9153638e-10
6.9091149e-10
6.9226558e-10
6.8958328e-10
6.9283851e-10
6.9031264e-10
6.9195311e-10
6.8966144e-10
6.901823e-10
6.9096351e-10
6.8875e-10
6.8851552e-10
6.8859379e-10
6.8843747e-10
6.8833333e-10
6.8809897e-10
6.8809891e-10
6.8687495e-10
6.8684908e-10
6.8765632e-10
6.8695311e-10
6.8611977e-10
6.866146e-10
6.833854e-10
6.8450517e-10
6.8510403e-10
6.8317707e-10
6.8359379e-10
6.8322908e-10
6.8552092e-10
6.8614581e-10
6.8429684e-10
6.8312495e-10
6.8148437e-10
6.8239586e-10
6.8328126e-10
6.8309897e-10
6.8156253e-10
6.8276046e-10
6.8190104e-10
6.8335931e-10
6.8145828e-10
6.8148442e-10
6.8132816e-10
6.7736988e-10
6.7916672e-10
6.7812495e-10
6.8065092e-10
6.7903644e-10
6.7916672e-10
6.7890626e-10
6.788281e-10
6.7726563e-10
6.7664058e-10
6.7835942e-10
6.7729172e-10
6.7799477e-10
6.7763017e-10
6.7749989e-10
6.7815109e-10
6.765104e-10
6.7848954e-10
6.7802081e-10
6.7710942e-10
6.7583339e-10
6.7718747e-10
6.758854e-10
6.7619793e-10
6.7533845e-10
6.7549477e-10
6.7520828e-10
6.7528649e-10
6.7359379e-10
6.7507816e-10
6.7416672e-10
6.7364581e-10
6.7356781e-10
6.7312494e-10
6.7388023e-10
6.7315109e-10
6.7473954e-10
6.7361983e-10
6.7325517e-10
6.723177e-10
6.7239592e-10
6.7101569e-10
6.7239586e-10
6.7104161e-10
6.7221356e-10
6.7190103e-10
6.7049477e-10
6.7117184e-10
6.713281e-10
6.7148442e-10
6.7059891e-10
6.7052092e-10
6.7106765e-10
6.7010419e-10
6.7015632e-10
6.6947914e-10
6.6903638e-10
6.7046879e-10
6.7039063e-10
6.7049477e-10
6.6981776e-10
6.7026046e-10
6.6872402e-10
6.6906253e-10
6.6981776e-10
6.6932287e-10
6.6734379e-10
6.6828121e-10
6.697396e-10
6.6687494e-10
6.6697919e-10
6.6671874e-10
6.671354e-10
6.671354e-10
6.6843753e-10
6.6653644e-10
6.6723954e-10
6.6682299e-10
6.6721345e-10
6.6562494e-10
6.675e-10
6.6518235e-10
6.6619793e-10
6.6510419e-10
6.6434896e-10
6.6635408e-10
6.6489586e-10
6.6526035e-10
6.6494793e-10
6.6450528e-10
6.6460942e-10
6.6304695e-10
6.6414069e-10
6.6315103e-10
6.6247391e-10
6.6309896e-10
6.6281247e-10
6.6221345e-10
6.6091149e-10
6.6158856e-10
6.6153644e-10
6.6309896e-10
6.6117184e-10
6.6059908e-10
6.6119793e-10
6.6257805e-10
6.6335937e-10
6.624219e-10
6.6322919e-10
6.6135425e-10
6.620573e-10
6.6166667e-10
6.6010419e-10
6.6283851e-10
6.6005201e-10
6.6125e-10
6.6e-10
6.5937494e-10
6.5861983e-10
6.5994787e-10
6.5976558e-10
6.6026035e-10
6.5773448e-10
6.5796874e-10
6.5776046e-10
6.5684885e-10
6.5763017e-10
6.5596351e-10
6.5721345e-10
6.563281e-10
6.5601563e-10
6.5640621e-10
6.575e-10
6.5812505e-10
6.5830724e-10
6.5674488e-10
6.5684908e-10
6.5630207e-10
6.576823e-10
6.5739575e-10
6.5812505e-10
6.5619782e-10
6.5510419e-10
6.5533845e-10
6.5583339e-10
6.5630207e-10
6.5463546e-10
6.5539058e-10
6.5515621e-10
6.55e-10
6.5442712e-10
6.5541661e-10
6.560677e-10
6.5510414e-10
6.557031e-10
6.5453126e-10
6.5627609e-10
6.5682287e-10
6.5520833e-10
6.5533862e-10
6.5385408e-10
6.5494793e-10
6.5221345e-10
6.5351563e-10
6.536458e-10
6.5408856e-10
6.5351569e-10
6.5632816e-10
6.5335937e-10
6.5361982e-10
6.5429701e-10
6.5289063e-10
6.5291667e-10
6.5315103e-10
6.5359368e-10
6.5455724e-10
6.5351563e-10
6.5369793e-10
6.5406253e-10
6.5343747e-10
6.5390626e-10
6.5322925e-10
6.5197914e-10
6.5226563e-10
6.5221356e-10
6.541927e-10
6.533854e-10
6.5182287e-10
6.5263017e-10
6.5e-10
6.5018235e-10
6.5028644e-10
6.507031e-10
6.5221356e-10
6.5117184e-10
6.5e-10
6.5130212e-10
6.5104161e-10
6.4947919e-10
6.4942701e-10
6.4924482e-10
6.478646e-10
6.4947919e-10
6.4807287e-10
6.489061e-10
6.4924471e-10
6.4854166e-10
6.4713546e-10
6.4716149e-10
6.4513023e-10
6.4648437e-10
6.4507816e-10
6.4809891e-10
6.4604172e-10
6.4429678e-10
6.4507816e-10
6.4549482e-10
6.4468741e-10
6.4557287e-10
6.4640626e-10
6.4507816e-10
6.4611977e-10
6.4627609e-10
6.4544264e-10
6.435677e-10
6.4429684e-10
6.4427086e-10
6.4143241e-10
6.4458333e-10
6.438281e-10
6.4544275e-10
6.4434896e-10
6.4440098e-10
6.4276046e-10
6.4226563e-10
6.4281247e-10
6.4291661e-10
6.4408856e-10
6.4312494e-10
6.4255207e-10
6.441927e-10
6.430208e-10
6.445573e-10
6.4518219e-10
6.4476563e-10
6.4486971e-10
6.4270833e-10
6.445573e-10
6.4403644e-10
6.4296873e-10
6.4341149e-10
6.4270833e-10
6.4296879e-10
6.433854e-10
6.4484379e-10
6.4523431e-10
6.4390626e-10
6.4210931e-10
6.4322919e-10
6.4218741e-10
6.4434896e-10
6.4247402e-10
6.4333333e-10
6.423177e-10
6.4234373e-10
6.4111982e-10
6.4161454e-10
6.4078126e-10
6.4088534e-10
6.4143224e-10
6.4135414e-10
6.3942712e-10
6.405208e-10
6.4026046e-10
6.4080735e-10
6.4013023e-10
6.3888023e-10
6.4130207e-10
6.396354e-10
6.3893224e-10
6.3971362e-10
6.3729172e-10
6.3976557e-10
6.3888023e-10
6.3734379e-10
6.3934896e-10
6.3888028e-10
6.3776046e-10
6.3812494e-10
6.3729161e-10
6.3614586e-10
6.3578126e-10
6.3716143e-10
6.3598954e-10
6.3609379e-10
6.3497391e-10
6.3572908e-10
6.3414057e-10
6.336458e-10
6.3406241e-10
6.3330724e-10
6.3481775e-10
6.363281e-10
6.3468758e-10
6.3497391e-10
6.348177e-10
6.3419275e-10
6.3341138e-10
6.3325523e-10
6.3174482e-10
6.3377609e-10
6.328385e-10
6.3364586e-10
6.3236971e-10
6.3385414e-10
6.3450512e-10
6.3234379e-10
6.3432282e-10
6.3497391e-10
6.3213546e-10
6.3359368e-10
6.3276046e-10
6.336458e-10
6.3479161e-10
6.3192701e-10
6.3315109e-10
6.3328126e-10
6.3281252e-10
6.3200517e-10
6.3460931e-10
6.3492184e-10
6.3466143e-10
6.3265632e-10
6.3223954e-10
6.3252603e-10
6.3200517e-10
6.3283861e-10
6.3158856e-10
6.3184896e-10
6.3223954e-10
6.2934896e-10
6.311458e-10
6.3093752e-10
6.3130212e-10
6.3130212e-10
6.3127609e-10
6.3213546e-10
6.3203126e-10
6.3013017e-10
6.2966143e-10
6.2966149e-10
6.3101563e-10
6.3054689e-10
6.3117184e-10
6.2953126e-10
6.3127609e-10
6.3125e-10
6.3203126e-10
6.2880212e-10
6.3041666e-10
6.2997391e-10
6.2955735e-10
6.3005207e-10
6.3007816e-10
6.2809896e-10
6.2942712e-10
6.2895839e-10
6.2791677e-10
6.2809891e-10
6.2807293e-10
6.2830735e-10
6.2869798e-10
6.2989586e-10
6.2744793e-10
6.2773436e-10
6.2846367e-10
6.2679689e-10
6.2773436e-10
6.2851568e-10
6.2861982e-10
6.2833333e-10
6.2799477e-10
6.289062e-10
6.271354e-10
6.2898436e-10
6.2958344e-10
6.275e-10
6.2895839e-10
6.2713545e-10
6.2804689e-10
6.2648436e-10
6.2783861e-10
6.2861977e-10
6.275e-10
6.2802091e-10
6.276823e-10
6.2645839e-10
6.2611977e-10
6.2713545e-10
6.2776034e-10
6.2611982e-10
6.2690103e-10
6.2624994e-10
6.275e-10
6.2682287e-10
6.2630212e-10
6.2565103e-10
6.253385e-10
6.2359379e-10
6.2494793e-10
6.2585936e-10
6.2617184e-10
6.2653643e-10
6.25e-10
6.2476563e-10
6.233854e-10
6.2359379e-10
6.2367184e-10
6.232031e-10
6.221354e-10
6.2549482e-10
6.2291666e-10
6.240104e-10
6.2411454e-10
6.2317707e-10
6.2354166e-10
6.238281e-10
6.2304695e-10
6.2536459e-10
6.2520833e-10
6.2333333e-10
6.2286448e-10
6.2223959e-10
6.2609379e-10
6.2315109e-10
6.2406252e-10
6.2369782e-10
6.2468747e-10
6.2231775e-10
6.2330724e-10
6.2489586e-10
6.2494793e-10
6.2388023e-10
6.2281247e-10
6.2325517e-10
6.2304689e-10
6.2166672e-10
6.2333338e-10
6.2296879e-10
6.2257816e-10
6.2216149e-10
6.2263023e-10
6.2307287e-10
6.2296873e-10
6.2304689e-10
6.2153643e-10
6.2294264e-10
6.2346356e-10
6.2205729e-10
6.2218747e-10
6.2281247e-10
6.2226557e-10
6.2375011e-10
6.2278649e-10
6.2427086e-10
6.215885e-10
6.2388023e-10
6.221354e-10
6.2242184e-10
6.2226563e-10
6.228385e-10
6.2307298e-10
6.2148442e-10
6.2411459e-10
6.241927e-10
6.2281252e-10
6.2197919e-10
6.2312494e-10
6.225e-10
6.2091149e-10
6.2046879e-10
6.2039063e-10
6.2200517e-10
6.2031252e-10
6.2057287e-10
6.1901045e-10
6.201562e-10
6.215104e-10
6.2041666e-10
6.1984379e-10
6.1940103e-10
6.221354e-10
6.2091149e-10
6.194531e-10
6.2119793e-10
6.1776034e-10
6.1656241e-10
6.1916672e-10
6.1955735e-10
6.1802086e-10
6.2075523e-10
6.1763022e-10
6.1786454e-10
6.1817712e-10
6.180208e-10
6.1895827e-10
6.1817701e-10
6.1825522e-10
6.173177e-10
6.1789063e-10
6.1880207e-10
6.1880207e-10
6.2020827e-10
6.1786459e-10
6.1895827e-10
6.1768229e-10
6.1739586e-10
6.1916666e-10
6.1690103e-10
6.1880207e-10
6.1492189e-10
6.1721356e-10
6.1867189e-10
6.1588551e-10
6.173177e-10
6.1765626e-10
6.180208e-10
6.1822913e-10
6.1817701e-10
6.1734379e-10
6.1609379e-10
6.1726563e-10
6.1690103e-10
6.1726563e-10
6.1460936e-10
6.155208e-10
6.1401045e-10
6.166927e-10
6.152604e-10
6.1453126e-10
6.1486977e-10
6.1468747e-10
6.1544275e-10
6.1539057e-10
6.1562505e-10
6.1565103e-10
6.1429689e-10
6.1520827e-10
6.1447919e-10
6.1393229e-10
6.1505206e-10
6.1554684e-10
6.1507816e-10
6.1486977e-10
6.1502609e-10
6.1583333e-10
6.1416666e-10
6.1500005e-10
6.1674477e-10
6.1593752e-10
6.1354172e-10
6.1359368e-10
6.1604166e-10
6.1559891e-10
6.1664057e-10
6.1565103e-10
6.1539063e-10
6.1380212e-10
6.1523436e-10
6.1544275e-10
6.1630206e-10
6.1625011e-10
6.1606764e-10
6.1799471e-10
6.1583333e-10
6.1502597e-10
6.1815103e-10
6.1593747e-10
6.1872402e-10
6.1807287e-10
6.1513022e-10
6.1591149e-10
6.1486977e-10
6.1421873e-10
6.1507816e-10
6.1476563e-10
6.1453126e-10
6.1492195e-10
6.1562505e-10
6.1429689e-10
6.1606764e-10
6.136458e-10
6.1458333e-10
6.1268229e-10
6.1382804e-10
6.1294264e-10
6.1450522e-10
6.1263011e-10
6.122135e-10
6.14375e-10
6.1416672e-10
6.1257815e-10
6.1151034e-10
6.11875e-10
6.1250005e-10
6.1119793e-10
6.1200517e-10
6.1210936e-10
6.1312494e-10
6.1117184e-10
6.140104e-10
6.103385e-10
6.1125e-10
6.1075522e-10
6.1091138e-10
6.1093752e-10
6.1015626e-10
6.1143229e-10
6.0937505e-10
6.1010419e-10
6.1171873e-10
6.1226563e-10
6.107031e-10
6.1057298e-10
6.1104161e-10
6.1218747e-10
6.1148431e-10
6.1054689e-10
6.1067701e-10
6.0867184e-10
6.0968752e-10
6.1117178e-10
6.1098954e-10
6.1007815e-10
6.097135e-10
6.0966149e-10
6.0921873e-10
6.0882804e-10
6.1125e-10
6.1054678e-10
6.0820315e-10
6.1010413e-10
6.0992189e-10
6.1039057e-10
6.1033856e-10
6.078647e-10
6.1041666e-10
6.0929684e-10
6.0679689e-10
6.0710942e-10
6.0807293e-10
6.080208e-10
6.0815109e-10
6.0799471e-10
6.088281e-10
6.0906252e-10
6.0960931e-10
6.0726563e-10
6.098958e-10
6.0739586e-10
6.0911459e-10
6.0901034e-10
6.0822913e-10
6.0835936e-10
6.0890626e-10
6.0726557e-10
6.0888017e-10
6.0924477e-10
6.0843747e-10
6.1151034e-10
6.0776045e-10
6.0963551e-10
6.080208e-10
6.0713545e-10
6.0903643e-10
6.0861977e-10
6.090885e-10
6.069531e-10
6.102604e-10
6.0898436e-10
6.0989591e-10
6.0979172e-10
6.1059896e-10
6.0799477e-10
6.082031e-10
6.0986977e-10
6.0950517e-10
6.0888022e-10
6.1013022e-10
6.0898442e-10
6.0807287e-10
6.0958327e-10
6.0877609e-10
6.0859373e-10
6.0932287e-10
6.0895838e-10
6.0869793e-10
6.0752597e-10
6.0713534e-10
6.0736982e-10
6.0565103e-10
6.0718741e-10
6.0541666e-10
6.0648436e-10
6.0528643e-10
6.0572919e-10
6.0486977e-10
6.0567712e-10
6.0656252e-10
6.0502603e-10
6.0606775e-10
6.0716143e-10
6.0552086e-10
6.0463545e-10
6.0531258e-10
6.0494798e-10
6.0544275e-10
6.0479172e-10
6.0598965e-10
6.0494793e-10
6.0328126e-10
6.042708e-10
6.0406247e-10
6.0411459e-10
6.0393235e-10
6.046354e-10
6.0356775e-10
6.0307287e-10
6.0374999e-10
6.0398436e-10
6.0455729e-10
6.0221356e-10
6.0226563e-10
6.0414068e-10
6.0486977e-10
6.0372402e-10
6.0505212e-10
6.0239586e-10
6.026562e-10
6.0348959e-10
6.0231775e-10
6.0096356e-10
6.0260413e-10
6.0182292e-10
6.0322913e-10
6.0153654e-10
6.0091149e-10
5.999739e-10
6.0164057e-10
6.0169264e-10
6.0190103e-10
6.023958e-10
6.0044264e-10
6.019531e-10
6.0226563e-10
6.0091149e-10
5.9869798e-10
5.9966138e-10
6.0080729e-10
6.0101563e-10
6.0145833e-10
6.0151045e-10
6.0083333e-10
6.0096345e-10
6.0132815e-10
6.0270838e-10
6.0192712e-10
6.0333333e-10
6.0091143e-10
6.0315103e-10
6.0148442e-10
6.0111977e-10
6.0328126e-10
6.0341143e-10
6.0390626e-10
6.0182292e-10
6.0229166e-10
6.0265626e-10
6.0096367e-10
6.0174477e-10
6.0171879e-10
6.034635e-10
6.020312e-10
6.0234379e-10
6.0268235e-10
6.0265631e-10
6.0174471e-10
6.0356775e-10
6.0109367e-10
6.0049477e-10
6.0255206e-10
6.0026045e-10
6.0309896e-10
6.022135e-10
6.0249999e-10
6.0203126e-10
6.0234373e-10
6.0205735e-10
6.0054689e-10
6.0104166e-10
6.0226563e-10
6.019531e-10
6.0020838e-10
6.0091149e-10
5.9997401e-10
6.0197919e-10
6.0192717e-10
5.9976563e-10
5.9916655e-10
5.9861971e-10
5.9882815e-10
5.9854161e-10
5.9921867e-10
5.994531e-10
5.9742183e-10
5.9630206e-10
5.9966149e-10
5.9921867e-10
5.9919264e-10
5.9817706e-10
5.9666672e-10
5.9763011e-10
5.9679689e-10
5.9833333e-10
5.9645838e-10
5.9749999e-10
5.9859367e-10
5.9674482e-10
5.990104e-10
5.9526045e-10
5.984635e-10
5.9835931e-10
5.9721356e-10
5.9739586e-10
5.9669264e-10
5.9796879e-10
5.960677e-10
5.9825517e-10
5.9406252e-10
5.9520833e-10
5.9682292e-10
5.949739e-10
5.958854e-10
5.9700528e-10
5.9833333e-10
5.9721356e-10
5.9598965e-10
5.9796867e-10
5.9833333e-10
5.9580729e-10
5.966927e-10
5.9791666e-10
5.9570315e-10
5.9710936e-10
5.9523436e-10
5.9687494e-10
5.955208e-10
5.9635413e-10
5.9510424e-10
5.9617183e-10
5.9932287e-10
5.9559896e-10
5.9580729e-10
5.9643224e-10
5.9601563e-10
5.9643229e-10
5.9585942e-10
5.9703126e-10
5.9635413e-10
5.9486971e-10
5.9567706e-10
5.9716143e-10
5.9453126e-10
5.9669275e-10
5.9710936e-10
5.9742195e-10
5.973177e-10
5.9645833e-10
5.9700517e-10
5.9677085e-10
5.965885e-10
5.9807287e-10
5.9653649e-10
5.9783856e-10
5.9664057e-10
5.976562e-10
5.9630206e-10
5.9815108e-10
5.9783861e-10
5.9760419e-10
5.9835936e-10
5.9708333e-10
5.9716138e-10
5.9716149e-10
5.9749999e-10
5.9809896e-10
5.9617183e-10
5.9742189e-10
5.958854e-10
5.9502597e-10
5.9674482e-10
5.9624999e-10
5.9440108e-10
5.971354e-10
5.9593747e-10
5.9322919e-10
5.9611976e-10
5.9492189e-10
5.9505206e-10
5.9270833e-10
5.9359379e-10
5.9257804e-10
5.961458e-10
5.953385e-10
5.9294264e-10
5.9364585e-10
5.9554689e-10
5.9539057e-10
5.9385424e-10
5.9388017e-10
5.9317712e-10
5.9291666e-10
5.946354e-10
5.926562e-10
5.9283856e-10
5.9143224e-10
5.9278643e-10
5.9322924e-10
5.9333333e-10
5.9033856e-10
5.9260419e-10
5.9268229e-10
5.9218747e-10
5.9119792e-10
5.8950528e-10
5.9106775e-10
5.9015626e-10
5.8976563e-10
5.9309896e-10
5.9065103e-10
5.9028649e-10
5.9111988e-10
5.9020838e-10
5.9124994e-10
5.8992183e-10
5.9057292e-10
5.9049488e-10
5.9158856e-10
5.8828126e-10
5.8999994e-10
5.9049482e-10
5.8934896e-10
5.8898436e-10
5.904166e-10
5.9096356e-10
5.8986982e-10
5.9067706e-10
5.9171867e-10
5.9148436e-10
5.9151045e-10
5.9062494e-10
5.8901045e-10
5.911458e-10
5.908854e-10
5.8955724e-10
5.8893229e-10
5.8942712e-10
5.8890631e-10
5.8968747e-10
5.9065103e-10
5.9164057e-10
5.9093758e-10
5.9080735e-10
5.9023436e-10
5.8880212e-10
5.8947919e-10
5.9127608e-10
5.8893235e-10
5.9111982e-10
5.914062e-10
5.8992183e-10
5.9098959e-10
5.9062499e-10
5.9229166e-10
5.8906247e-10
5.9013017e-10
5.9098965e-10
5.8994792e-10
5.9119792e-10
5.9026051e-10
5.9098954e-10
5.8937505e-10
5.907031e-10
5.8833333e-10
5.9065103e-10
5.9049471e-10
5.9114585e-10
5.9187494e-10
5.8942706e-10
5.8989591e-10
5.924739e-10
5.9018229e-10
5.9075517e-10
5.9041666e-10
5.890104e-10
5.9156247e-10
5.9132815e-10
5.8945299e-10
5.9062505e-10
5.8825517e-10
5.9031252e-10
5.8976563e-10
5.883854e-10
5.8890631e-10
5.8901045e-10
5.8953126e-10
5.8903643e-10
5.8968747e-10
5.8843747e-10
5.8794275e-10
5.8747401e-10
5.9046873e-10
5.8830729e-10
5.8648436e-10
5.8822919e-10
5.8916666e-10
5.8861976e-10
5.8859373e-10
5.8804689e-10
5.8768229e-10
5.8989585e-10
5.8942706e-10
5.8859378e-10
5.8851563e-10
5.905208e-10
5.8877608e-10
5.8744792e-10
5.8822919e-10
5.8950522e-10
5.8960936e-10
5.8744792e-10
5.8768224e-10
5.8874999e-10
5.8940103e-10
5.8882815e-10
5.8882815e-10
5.8932287e-10
5.8700522e-10
5.8924482e-10
5.8731769e-10
5.8929689e-10
5.8755212e-10
5.8906252e-10
5.8773436e-10
5.8684901e-10
5.8471356e-10
5.8575517e-10
5.8648431e-10
5.8687499e-10
5.8578126e-10
5.8815108e-10
5.868489e-10
5.8664057e-10
5.8520827e-10
5.8721344e-10
5.8682292e-10
5.8661453e-10
5.8666666e-10
5.8796878e-10
5.8708327e-10
5.8924482e-10
5.8687505e-10
5.8700528e-10
5.8708333e-10
5.865104e-10
5.8583338e-10
5.8643229e-10
5.8651034e-10
5.8575528e-10
5.8546873e-10
5.8609378e-10
5.8723959e-10
5.857031e-10
5.871354e-10
5.8778643e-10
5.8638017e-10
5.8552085e-10
5.8815103e-10
5.8718752e-10
5.8700528e-10
5.8671873e-10
5.8770838e-10
5.8513022e-10
5.8635424e-10
5.869531e-10
5.8559901e-10
5.8692712e-10
5.8507804e-10
5.8713534e-10
5.8812494e-10
5.8687505e-10
5.8630217e-10
5.8638017e-10
5.8572919e-10
5.8684901e-10
5.8739585e-10
5.8544264e-10
5.863281e-10
5.8729166e-10
5.8734378e-10
5.8447919e-10
5.8388028e-10
5.8718747e-10
5.8671878e-10
5.8624999e-10
5.862239e-10
5.8718747e-10
5.857031e-10
5.8333333e-10
5.8635413e-10
5.859635e-10
5.8630206e-10
5.8645833e-10
5.8455729e-10
5.8434896e-10
5.8526045e-10
5.8653649e-10
5.8382815e-10
5.8492183e-10
5.8296873e-10
5.8585936e-10
5.8513022e-10
5.8455735e-10
5.8419275e-10
5.8406258e-10
5.8377608e-10
5.8421873e-10
5.8369792e-10
5.8255212e-10
5.8317712e-10
5.8463545e-10
5.8315103e-10
5.8315103e-10
5.8195315e-10
5.8317706e-10
5.8208338e-10
5.8239585e-10
5.8200517e-10
5.8124999e-10
5.8437505e-10
5.8354166e-10
5.8388022e-10
5.8388028e-10
5.8343752e-10
5.8229166e-10
5.8263028e-10
5.8244792e-10
5.8385413e-10
5.8377597e-10
5.8221356e-10
5.8401045e-10
5.8289057e-10
5.8291666e-10
5.8252603e-10
5.8427085e-10
5.842708e-10
5.8270833e-10
5.8442712e-10
5.844531e-10
5.8419264e-10
5.844531e-10
5.8197913e-10
5.8369792e-10
5.8356769e-10
5.8455735e-10
5.8343752e-10
5.8432298e-10
5.8138011e-10
5.8273447e-10
5.8169275e-10
5.8234373e-10
5.819531e-10
5.8249999e-10
5.8268218e-10
5.8250005e-10
5.8427091e-10
5.8296878e-10
5.8268235e-10
5.8200517e-10
5.8283861e-10
5.8127608e-10
5.8263022e-10
5.8203126e-10
5.8143229e-10
5.8296878e-10
5.8218746e-10
5.8239585e-10
5.8408856e-10
5.8226562e-10
5.8190103e-10
5.8184896e-10
5.8513017e-10
5.826562e-10
5.838281e-10
5.8312505e-10
5.825781e-10
5.7984378e-10
5.8179689e-10
5.8127603e-10
5.8322919e-10
5.8273442e-10
5.8216143e-10
5.8135413e-10
5.8098959e-10
5.8044275e-10
5.8106775e-10
5.8166666e-10
5.8078126e-10
5.826562e-10
5.8184901e-10
5.8255212e-10
5.8244792e-10
5.797916e-10
5.8067712e-10
5.8208327e-10
5.8122401e-10
5.8143229e-10
5.80547e-10
5.8098959e-10
5.8158856e-10
5.8049476e-10
5.8044264e-10
5.8111976e-10
5.7919275e-10
5.8033855e-10
5.7981769e-10
5.8010413e-10
5.8013022e-10
5.8088545e-10
5.7986982e-10
5.8018229e-10
5.7960942e-10
5.7976562e-10
5.7848959e-10
5.810416e-10
5.8200522e-10
5.7981769e-10
5.7885413e-10
5.8208333e-10
5.7992194e-10
5.7901045e-10
5.8067712e-10
5.7895827e-10
5.8171873e-10
5.8093746e-10
5.811458e-10
5.8005206e-10
5.7898436e-10
5.7997401e-10
5.7958333e-10
5.8169264e-10
5.7734373e-10
5.8028649e-10
5.8093752e-10
5.7908855e-10
5.7942712e-10
5.7861976e-10
5.7890626e-10
5.7763022e-10
5.7950511e-10
5.7786459e-10
5.7851562e-10
5.7981769e-10
5.7924476e-10
5.7927085e-10
5.8148442e-10
5.8075517e-10
5.8101562e-10
5.8085942e-10
5.8065108e-10
5.8091149e-10
5.7968741e-10
5.7854166e-10
5.7940103e-10
5.7966149e-10
5.8190103e-10
5.8138017e-10
5.7812505e-10
5.7981769e-10
5.8085931e-10
5.7799476e-10
5.8010413e-10
5.7937499e-10
5.7947908e-10
5.8036459e-10
5.7916666e-10
5.801562e-10
5.8018235e-10
5.7934896e-10
5.7976557e-10
5.8013017e-10
5.8231769e-10
5.793489e-10
5.8023436e-10
5.819531e-10
5.8190103e-10
5.8156241e-10
5.8098965e-10
5.823958e-10
5.7992189e-10
5.8101568e-10
5.797916e-10
5.7932292e-10
5.7924476e-10
5.7916666e-10
5.8002603e-10
5.792708e-10
5.7731764e-10
5.7799471e-10
5.7888022e-10
5.7908855e-10
5.8002608e-10
5.7851562e-10
5.7794269e-10
5.7882815e-10
5.7911448e-10
5.7906252e-10
5.7731769e-10
5.7903649e-10
5.7914068e-10
5.8046873e-10
5.7984378e-10
5.7947913e-10
5.776562e-10
5.7802091e-10
5.7755206e-10
5.7809896e-10
5.7716137e-10
5.7789062e-10
5.7601562e-10
5.7572919e-10
5.7601568e-10
5.7770833e-10
5.7653637e-10
5.7674476e-10
5.7736976e-10
5.7622396e-10
5.7768229e-10
5.771093e-10
5.7651034e-10
5.7729166e-10
5.7718752e-10
5.7645833e-10
5.7580735e-10
5.7781258e-10
5.7700517e-10
5.7729166e-10
5.7583333e-10
5.7651039e-10
5.7700517e-10
5.764062e-10
5.771354e-10
5.7731775e-10
5.7588545e-10
5.7497396e-10
5.757031e-10
5.7624999e-10
5.7656252e-10
5.7755212e-10
5.7718746e-10
5.7632804e-10
5.7726562e-10
5.7656252e-10
5.7723953e-10
5.7453126e-10
5.7643229e-10
5.7820315e-10
5.7598964e-10
5.7583333e-10
5.7656246e-10
5.7598953e-10
5.7799482e-10
5.7807298e-10
5.771354e-10
5.7773436e-10
5.7705724e-10
5.7723953e-10
5.7950522e-10
5.7700517e-10
5.7893229e-10
5.7770838e-10
5.7807298e-10
5.796093e-10
5.7908855e-10
5.7893224e-10
5.7713545e-10
5.7848965e-10
5.7807287e-10
5.7588539e-10
5.7692712e-10
5.7789062e-10
5.7786459e-10
5.7749999e-10
5.7796878e-10
5.7846355e-10
5.7833338e-10
5.7742189e-10
5.7835942e-10
5.7619792e-10
5.7846355e-10
5.7757815e-10
5.7768229e-10
5.7695315e-10
5.7734378e-10
5.7734367e-10
5.7721344e-10
5.7895833e-10
5.7619792e-10
5.7578126e-10
5.7781252e-10
5.7611976e-10
5.7651045e-10
5.765885e-10
5.751562e-10
5.7731769e-10
5.748958e-10
5.7611976e-10
5.748958e-10
5.751562e-10
5.739062e-10
5.7541666e-10
5.7523436e-10
5.7619787e-10
5.7565103e-10
5.7523436e-10
5.7588539e-10
5.7528643e-10
5.7424482e-10
5.733593e-10
5.7606769e-10
5.7492189e-10
5.7255206e-10
5.737239e-10
5.7343752e-10
5.745312e-10
5.7424476e-10
5.7406246e-10
5.7625005e-10
5.7572913e-10
5.7651045e-10
5.7434896e-10
5.7531252e-10
5.7463545e-10
5.7533855e-10
5.721093e-10
5.7434907e-10
5.7432287e-10
5.7424482e-10
5.7351557e-10
5.7450522e-10
5.7388022e-10
5.7429689e-10
5.7361976e-10
5.7406252e-10
5.7481775e-10
5.7541666e-10
5.7585936e-10
5.7416666e-10
5.7541666e-10
5.7341148e-10
5.7247396e-10
5.7619792e-10
5.7416666e-10
5.7434896e-10
5.7473964e-10
5.7557287e-10
5.7507815e-10
5.7554689e-10
5.767708e-10
5.7463539e-10
5.7481769e-10
5.7520833e-10
5.742708e-10
5.7562499e-10
5.7364574e-10
5.740885e-10
5.7367178e-10
5.7499999e-10
5.7398436e-10
5.751562e-10
5.7372396e-10
5.7398436e-10
5.7369787e-10
5.722916e-10
5.7460936e-10
5.7572908e-10
5.7455724e-10
5.7414062e-10
5.7591143e-10
5.7499999e-10
5.7505201e-10
5.7505206e-10
5.7244792e-10
5.721616e-10
5.7442712e-10
5.7539057e-10
5.7591149e-10
5.7447919e-10
5.744531e-10
5.7374999e-10
5.7499999e-10
5.7583333e-10
5.7382815e-10
5.7580735e-10
5.7401039e-10
5.740885e-10
5.7515631e-10
5.7388022e-10
5.7414062e-10
5.7554689e-10
5.7471355e-10
5.7372396e-10
5.7442706e-10
5.7505206e-10
5.7544275e-10
5.7447913e-10
5.7338539e-10
5.7432298e-10
5.7424482e-10
5.7606769e-10
5.7351562e-10
5.747916e-10
5.7265626e-10
5.7546878e-10
5.7263022e-10
5.7651034e-10
5.7356769e-10
5.7289057e-10
5.7361976e-10
5.7361976e-10
5.7309896e-10
5.726562e-10
5.7236982e-10
5.7184896e-10
5.7294275e-10
5.7367178e-10
5.7080729e-10
5.7171867e-10
5.7085942e-10
5.6929689e-10
5.7031252e-10
5.7281252e-10
5.7218746e-10
5.7093752e-10
5.713281e-10
5.7343752e-10
5.7164068e-10
5.7153643e-10
5.7236976e-10
5.7138017e-10
5.7184896e-10
5.7289062e-10
5.7223953e-10
5.7328126e-10
5.725781e-10
5.7184896e-10
5.726562e-10
5.7250005e-10
5.7395827e-10
5.7244792e-10
5.7536459e-10
5.7330724e-10
5.7179689e-10
5.7166671e-10
5.7380206e-10
5.7429689e-10
5.7351562e-10
5.7401045e-10
5.7268229e-10
5.7296873e-10
5.7119792e-10
5.7226562e-10
5.7239574e-10
5.738281e-10
5.7367194e-10
5.7273436e-10
5.7140626e-10
5.7244792e-10
5.7148436e-10
5.702343e-10
5.7255206e-10
5.7177085e-10
5.7252603e-10
5.7356769e-10
5.7289057e-10
5.7442706e-10
5.7187505e-10
5.7260413e-10
5.7182298e-10
5.7080735e-10
5.7354166e-10
5.7289062e-10
5.7151034e-10
5.7494792e-10
5.7257815e-10
5.7200517e-10
5.7221355e-10
5.7447913e-10
5.733593e-10
5.7372401e-10
5.7299476e-10
5.7192706e-10
5.7197913e-10
5.7153643e-10
5.7361982e-10
5.7291666e-10
5.7242189e-10
5.7096355e-10
5.7098953e-10
5.7062499e-10
5.7093746e-10
5.7119792e-10
5.7234378e-10
5.7143229e-10
5.7122396e-10
5.7179683e-10
5.7153654e-10
5.7062499e-10
5.7203126e-10
5.7057287e-10
5.7023436e-10
5.6973959e-10
5.6885424e-10
5.7119781e-10
5.7078126e-10
5.7080723e-10
5.7033861e-10
5.7013022e-10
5.7026039e-10
5.7065103e-10
5.7036459e-10
5.7015631e-10
5.6968741e-10
5.7020827e-10
5.7127603e-10
5.7015626e-10
5.6835936e-10
5.6971355e-10
5.7031241e-10
5.7002603e-10
5.7132815e-10
5.6942712e-10
5.6828126e-10
5.6869792e-10
5.6940103e-10
5.6932292e-10
5.7044264e-10
5.6807292e-10
5.7127597e-10
5.7044264e-10
5.7005217e-10
5.6901034e-10
5.7023436e-10
5.6929689e-10
5.694531e-10
5.6903643e-10
5.7028648e-10
5.6903643e-10
5.7005206e-10
5.6976562e-10
5.6945315e-10
5.6914062e-10
5.7117194e-10
5.703385e-10
5.7075517e-10
5.7114585e-10
5.7052085e-10
5.6937494e-10
5.6960936e-10
5.6966148e-10
5.711458e-10
5.6875005e-10
5.6976562e-10
5.6955723e-10
5.6973953e-10
5.7031252e-10
5.6942706e-10
5.6966137e-10
5.712239e-10
5.707031e-10
5.7130206e-10
5.7083333e-10
5.7156252e-10
5.7143229e-10
5.6960936e-10
5.6966148e-10
5.7028648e-10
5.695312e-10
5.697135e-10
5.7065103e-10
5.7052085e-10
5.717708e-10
5.7026045e-10
5.6916666e-10
5.6976562e-10
5.7041671e-10
5.6950517e-10
5.6979166e-10
5.6851562e-10
5.6929683e-10
5.6947908e-10
5.6924482e-10
5.7049482e-10
5.6919275e-10
5.6815103e-10
5.6971355e-10
5.7138022e-10
5.7124999e-10
5.7078126e-10
5.688281e-10
5.6895838e-10
5.7015631e-10
5.6796873e-10
5.6815114e-10
5.6877608e-10
5.7052091e-10
5.6875005e-10
5.667708e-10
5.6851562e-10
5.6859378e-10
5.6841143e-10
5.6919269e-10
5.7096355e-10
5.6973964e-10
5.6874999e-10
5.6723953e-10
5.6682298e-10
5.6729166e-10
5.6872396e-10
5.678385e-10
5.6794264e-10
5.6843752e-10
5.6747396e-10
5.6815103e-10
5.6739585e-10
5.6817701e-10
5.6700528e-10
5.6666666e-10
5.6937494e-10
5.6718752e-10
5.6661453e-10
5.6812499e-10
5.673178e-10
5.6820321e-10
5.6606764e-10
5.6669275e-10
5.6593752e-10
5.6546873e-10
5.6713539e-10
5.6447919e-10
5.6645838e-10
5.6635424e-10
5.6622396e-10
5.6731769e-10
5.6802091e-10
5.6531257e-10
5.6679689e-10
5.695312e-10
5.6671867e-10
5.6726557e-10
5.662239e-10
5.6666666e-10
5.6557298e-10
5.6664068e-10
5.6598959e-10
5.6627608e-10
5.6632804e-10
5.6744792e-10
5.6736982e-10
5.673958e-10
5.6690097e-10
5.6679689e-10
5.6596355e-10
5.6710925e-10
5.6830729e-10
5.6731764e-10
5.6973953e-10
5.6820315e-10
5.6880206e-10
5.6877603e-10
5.6815103e-10
5.6854166e-10
5.7054683e-10
5.6705729e-10
5.6848953e-10
5.6822919e-10
5.6721355e-10
5.6838545e-10
5.6809896e-10
5.7039068e-10
5.6966154e-10
5.687239e-10
5.6867183e-10
5.7093752e-10
5.6960942e-10
5.6882815e-10
5.7052085e-10
5.6781252e-10
5.6731769e-10
5.6749999e-10
5.6924471e-10
5.6927085e-10
5.6817701e-10
5.7062494e-10
5.6874999e-10
5.674739e-10
5.6789057e-10
5.6976562e-10
5.6916666e-10
5.6828126e-10
5.6627597e-10
5.6994792e-10
5.6927085e-10
5.6807287e-10
5.6924482e-10
5.6903654e-10
5.6817712e-10
5.6664068e-10
5.6768229e-10
5.6890626e-10
5.6778643e-10
5.683593e-10
5.6499999e-10
5.6658855e-10
5.6812499e-10
5.687239e-10
5.6421873e-10
5.6807287e-10
5.6598959e-10
5.6966148e-10
5.6653654e-10
5.6510413e-10
5.6554689e-10
5.6617189e-10
5.6523436e-10
5.636458e-10
5.6315103e-10
5.6653648e-10
5.6463539e-10
5.6479166e-10
5.6460941e-10
5.6554689e-10
5.6546873e-10
5.6510413e-10
5.6690103e-10
5.6341148e-10
5.6408855e-10
5.6411453e-10
5.662239e-10
5.6638016e-10
5.6466148e-10
5.6632815e-10
5.6679689e-10
5.6716148e-10
5.6471355e-10
5.6539057e-10
5.6486976e-10
5.6414057e-10
5.6346355e-10
5.650781e-10
5.6546878e-10
5.6486976e-10
5.6518229e-10
5.6687499e-10
5.6541666e-10
5.6507804e-10
5.6492189e-10
5.6419269e-10
5.6249999e-10
5.626562e-10
5.6567712e-10
5.6591137e-10
5.6463539e-10
5.6481764e-10
5.6236976e-10
5.6325522e-10
5.636458e-10
5.6361976e-10
5.6343746e-10
5.6414062e-10
5.6304689e-10
5.6330723e-10
5.6380212e-10
5.6432298e-10
5.653385e-10
5.6588534e-10
5.6455735e-10
5.6348959e-10
5.6666666e-10
5.649739e-10
5.6411459e-10
5.6450522e-10
5.6421873e-10
5.6395838e-10
5.6703126e-10
5.6533861e-10
5.6596355e-10
5.6437505e-10
5.6315103e-10
5.6330729e-10
5.6401039e-10
5.6513022e-10
5.6380206e-10
5.6432298e-10
5.6567701e-10
5.6388016e-10
5.6411459e-10
5.649739e-10
5.6359378e-10
5.6505212e-10
5.6330729e-10
5.6289068e-10
5.614843e-10
5.6187499e-10
5.6325522e-10
5.6317717e-10
5.6252608e-10
5.6364585e-10
5.6458332e-10
5.6255206e-10
5.6190108e-10
5.6041677e-10
5.6192712e-10
5.6177085e-10
5.6007815e-10
5.6174482e-10
5.6252608e-10
5.6364585e-10
5.6458332e-10
5.6255206e-10
5.6190108e-10
5.6041677e-10
5.6192712e-10
5.6177085e-10
5.6007815e-10
5.6174482e-10
5.5915625e-10
5.5875005e-10
5.579739e-10
5.5845315e-10
5.595885e-10
5.5861459e-10
5.5995832e-10
5.6195315e-10
5.6244792e-10
5.6218752e-10
5.6294264e-10
5.6302074e-10
5.596878e-10
5.558332e-10
5.592194e-10
5.556769e-10
5.5442706e-10
5.5377597e-10
5.5320309e-10
5.5382809e-10
5.5401039e-10
5.5578125e-10
5.5416666e-10
5.5531246e-10
5.5476562e-10
5.5593746e-10
5.5651045e-10
5.5528643e-10
5.5531257e-10
5.5533855e-10
5.5705734e-10
5.5515625e-10
5.5622401e-10
5.5572918e-10
5.5705723e-10
5.5669264e-10
5.5606764e-10
5.5734378e-10
5.5617183e-10
5.5776045e-10
5.5658855e-10
5.5765631e-10
5.5611982e-10
5.5617194e-10
5.5804689e-10
5.5611982e-10
5.576562e-10
5.5791677e-10
5.5765625e-10
5.5794275e-10
5.5830723e-10
5.6018229e-10
5.5911459e-10
5.5942712e-10
5.5851562e-10
5.6020838e-10
5.5950516e-10
5.5820304e-10
5.5989574e-10
5.599739e-10
5.6151045e-10
5.6093752e-10
5.5976562e-10
5.5794275e-10
5.6088545e-10
5.587501e-10
5.6091148e-10
5.6005206e-10
5.5963539e-10
5.6070315e-10
5.6036453e-10
5.5973964e-10
5.5989585e-10
5.5994792e-10
5.614062e-10
5.5966154e-10
5.6026045e-10
5.6033855e-10
5.6164062e-10
5.603385e-10
5.5937499e-10
5.6145832e-10
5.612239e-10
5.5994798e-10
5.5872401e-10
5.6153648e-10
5.6002603e-10
5.5929678e-10
5.5945309e-10
5.5906246e-10
5.6020832e-10
5.6013022e-10
5.5846355e-10
5.5890625e-10
5.5940097e-10
5.5851557e-10
5.5763022e-10
5.5979166e-10
5.5674471e-10
5.5841143e-10
5.6088539e-10
5.6033855e-10
5.5854166e-10
5.5776045e-10
5.5838539e-10
5.5627603e-10
5.579166e-10
5.5736982e-10
5.5593746e-10
5.5619787e-10
5.5736976e-10
5.5596355e-10
5.549739e-10
5.5661464e-10
5.5744792e-10
5.5622401e-10
5.5588539e-10
5.5515625e-10
5.5721355e-10
5.552343e-10
5.552343e-10
5.5583332e-10
5.5523436e-10
5.5606769e-10
5.5565103e-10
5.5497396e-10
5.5531252e-10
5.5338539e-10
5.5575522e-10
5.555208e-10
5.5708338e-10
5.565885e-10
5.5872396e-10
5.5757809e-10
5.5750005e-10
5.574739e-10
5.5648436e-10
5.5789057e-10
5.5757804e-10
5.5567712e-10
5.5778643e-10
5.5713539e-10
5.5718746e-10
5.5604171e-10
5.5768234e-10
5.5864585e-10
5.5822913e-10
5.5632809e-10
5.5921873e-10
5.568489e-10
5.5809896e-10
5.5705734e-10
5.5872401e-10
5.5677085e-10
5.5669269e-10
5.5976562e-10
5.5815103e-10
5.5932287e-10
5.5822913e-10
5.5820309e-10
5.578385e-10
5.5778643e-10
5.5848959e-10
5.5854166e-10
5.5835936e-10
5.5765631e-10
5.5835941e-10
5.5822913e-10
5.5807287e-10
5.5867183e-10
5.5812499e-10
5.592708e-10
5.5833332e-10
5.5848953e-10
5.6010413e-10
5.5877603e-10
5.5752608e-10
5.5718757e-10
5.6059896e-10
5.584635e-10
5.5973953e-10
5.5760413e-10
5.5783855e-10
5.5940103e-10
5.6020832e-10
5.5859378e-10
5.5684896e-10
5.5638016e-10
5.5776045e-10
5.5773441e-10
5.5794275e-10
5.587239e-10
5.5869792e-10
5.5794275e-10
5.592708e-10
5.5783844e-10
5.5843752e-10
5.5776045e-10
5.5760413e-10
5.5789068e-10
5.5804689e-10
5.5549476e-10
5.5742183e-10
5.5570309e-10
5.5434896e-10
5.5601568e-10
5.5661459e-10
5.5604166e-10
5.5604166e-10
5.5593752e-10
5.5674482e-10
5.5614585e-10
5.5697913e-10
5.5658844e-10
5.5723959e-10
5.5578125e-10
5.5635418e-10
5.5609378e-10
5.5481764e-10
5.5651039e-10
5.5718746e-10
5.5640631e-10
5.5606775e-10
5.5611982e-10
5.5664057e-10
5.5627603e-10
5.5630206e-10
5.5651034e-10
5.5565103e-10
5.5481769e-10
5.5544269e-10
5.5690114e-10
5.5666666e-10
5.5632815e-10
5.5455729e-10
5.5434896e-10
5.5559896e-10
5.5505206e-10
5.5585941e-10
5.5523436e-10
5.55052e-10
5.565885e-10
5.5502608e-10
5.5567712e-10
5.5760413e-10
5.540885e-10
5.5562505e-10
5.5559896e-10
5.5723959e-10
5.5494792e-10
5.5434896e-10
5.5593746e-10
5.5481769e-10
5.5742183e-10
5.5559901e-10
5.5609378e-10
5.5479166e-10
5.5794275e-10
5.5658855e-10
5.5666666e-10
5.5703125e-10
5.5723959e-10
5.5765625e-10
5.5684896e-10
5.5661453e-10
5.5669269e-10
5.5929683e-10
5.5624994e-10
5.5666666e-10
5.5653643e-10
5.5570309e-10
5.5598953e-10
5.5606775e-10
5.585678e-10
5.5690103e-10
5.5562499e-10
5.5749999e-10
5.5643218e-10
5.5627608e-10
5.5515625e-10
5.5703125e-10
5.5619787e-10
5.5645827e-10
5.5731769e-10
5.5723964e-10
5.5815108e-10
5.5653654e-10
5.5700522e-10
5.5731775e-10
5.5674476e-10
5.564062e-10
5.5776045e-10
5.5664057e-10
5.565885e-10
5.5601551e-10
5.5388016e-10
5.5492194e-10
5.5695309e-10
5.5549476e-10
5.5492183e-10
5.5468746e-10
5.5453125e-10
5.5562499e-10
5.5479166e-10
5.5385413e-10
5.53802e-10
5.5489585e-10
5.5557287e-10
5.5489585e-10
5.5440103e-10
5.5559896e-10
5.5476551e-10
5.5645832e-10
5.5635407e-10
5.5445315e-10
5.5588539e-10
5.5479166e-10
5.530989e-10
5.546355e-10
5.5604166e-10
5.5526045e-10
5.5562493e-10
5.5432287e-10
5.5398436e-10
5.5494792e-10
5.5242189e-10
5.5281252e-10
5.5283855e-10
5.5401045e-10
5.5296873e-10
5.540885e-10
5.5416655e-10
5.5497396e-10
5.5492189e-10
5.5466148e-10
5.5390625e-10
5.5395832e-10
5.5351562e-10
5.5539062e-10
5.5395832e-10
5.5494787e-10
5.546093e-10
5.5377591e-10
5.5328125e-10
5.5567706e-10
5.5442706e-10
5.5403643e-10
5.5510413e-10
5.5388022e-10
5.5549471e-10
5.5489585e-10
5.5656241e-10
5.5494781e-10
5.5567712e-10
5.5502597e-10
5.5544264e-10
5.5466143e-10
5.5325522e-10
5.553385e-10
5.553385e-10
5.5570309e-10
5.5640625e-10
5.5625005e-10
5.5208332e-10
5.5411453e-10
5.5554689e-10
5.5656241e-10
5.5598959e-10
5.555989e-10
5.5554689e-10
5.5507815e-10
5.5739585e-10
5.5692706e-10
5.5734373e-10
5.5658861e-10
5.5546873e-10
5.5562493e-10
5.5593746e-10
5.5679689e-10
5.55677e-10
5.5604171e-10
5.5638022e-10
5.5505212e-10
5.5611982e-10
5.5627603e-10
5.549739e-10
5.5549476e-10
5.5656246e-10
5.5703125e-10
5.5661459e-10
5.5804689e-10
5.5669269e-10
5.5739591e-10
5.5645832e-10
5.5624999e-10
5.5794275e-10
5.5565103e-10
5.5747396e-10
5.5661459e-10
5.5638016e-10
5.5749999e-10
5.5864585e-10
5.553385e-10
5.5531252e-10
5.5528648e-10
5.5755217e-10
5.5658855e-10
5.5570309e-10
5.5343752e-10
5.5539057e-10
5.5440108e-10
5.5533855e-10
5.5640625e-10
5.5481769e-10
5.5518229e-10
5.5479166e-10
5.5619792e-10
5.5518229e-10
5.5325522e-10
5.5533861e-10
5.5471355e-10
5.5325516e-10
5.5312505e-10
5.554166e-10
5.5268229e-10
5.5593752e-10
5.5437499e-10
5.5369792e-10
5.5351562e-10
5.5455723e-10
5.5549476e-10
5.5458332e-10
5.5473953e-10
5.5208332e-10
5.5437493e-10
5.5515625e-10
5.5596355e-10
5.5427091e-10
5.5377608e-10
5.5606769e-10
5.530208e-10
5.5575522e-10
5.5494792e-10
5.5317706e-10
5.5450528e-10
5.5486982e-10
5.5455729e-10
5.5291666e-10
5.5382815e-10
5.5289057e-10
5.5476562e-10
5.5309896e-10
5.5377603e-10
5.5401039e-10
5.515885e-10
5.5526034e-10
5.5476562e-10
5.5476562e-10
5.5588539e-10
5.5450516e-10
5.5507809e-10
5.5388022e-10
5.5476568e-10
5.5513022e-10
5.5549476e-10
5.5455723e-10
5.5411459e-10
5.5570309e-10
5.5450522e-10
5.5598953e-10
5.5424482e-10
5.555208e-10
5.5598953e-10
5.572916e-10
5.5518229e-10
5.5763022e-10
5.5455734e-10
5.5546867e-10
5.5520832e-10
5.5393229e-10
5.551562e-10
5.5346355e-10
5.5526039e-10
5.5276034e-10
5.5450516e-10
5.5330734e-10
5.5510413e-10
5.5434901e-10
5.5458338e-10
5.5526045e-10
5.5320309e-10
5.5513022e-10
5.5455734e-10
5.539062e-10
5.5432287e-10
5.5473959e-10
5.542708e-10
5.5286459e-10
5.5429689e-10
5.5377597e-10
5.5218752e-10
5.5255206e-10
5.5377608e-10
5.5341143e-10
5.5049476e-10
5.5398436e-10
5.5341148e-10
5.532812e-10
5.5335936e-10
5.5393229e-10
5.5216148e-10
5.5338545e-10
5.5286459e-10
5.5059907e-10
5.5252597e-10
5.5192712e-10
5.5393229e-10
5.524739e-10
5.5247401e-10
5.5127608e-10
5.5119792e-10
5.5252597e-10
5.5153648e-10
5.5341143e-10
5.5187499e-10
5.5132815e-10
5.5307292e-10
5.5169269e-10
5.532812e-10
5.527343e-10
5.5114585e-10
5.5093757e-10
5.5174482e-10
5.5091137e-10
5.5135418e-10
5.507812e-10
5.4859378e-10
5.5111976e-10
5.5085941e-10
5.5276039e-10
5.5278643e-10
5.5289068e-10
5.5221355e-10
5.5111982e-10
5.5098964e-10
5.5085941e-10
5.5322913e-10
5.5229166e-10
5.5252602e-10
5.5244792e-10
5.5166666e-10
5.5036459e-10
5.5252602e-10
5.5213539e-10
5.51927e-10
5.5171878e-10
5.5080729e-10
5.530208e-10
5.5231769e-10
5.5377608e-10
5.5145838e-10
5.5309896e-10
5.5333321e-10
5.5520838e-10
5.5294269e-10
5.5143229e-10
5.5338539e-10
5.5374999e-10
5.5450516e-10
5.5289062e-10
5.5432298e-10
5.530208e-10
5.5440103e-10
5.5526039e-10
5.5398436e-10
5.5606769e-10
5.5453125e-10
5.5432287e-10
5.5531246e-10
5.5328125e-10
5.5611976e-10
5.5414057e-10
5.5401039e-10
5.5481769e-10
5.5338545e-10
5.540885e-10
5.5453125e-10
5.5320309e-10
5.53802e-10
5.5528643e-10
5.5536453e-10
5.5473953e-10
5.5398436e-10
5.5341137e-10
5.5460936e-10
5.522916e-10
5.5505206e-10
5.5367183e-10
5.5320309e-10
5.5117183e-10
5.5374999e-10
5.5205723e-10
5.5257815e-10
5.5143229e-10
5.5148436e-10
5.5096361e-10
5.5239585e-10
5.5156252e-10
5.5281252e-10
5.5255217e-10
5.5294269e-10
5.5374999e-10
5.5138022e-10
5.5190102e-10
5.5158855e-10
5.5098964e-10
5.5059896e-10
5.5143229e-10
5.5057287e-10
5.5039057e-10
5.499739e-10
5.5268234e-10
5.5143229e-10
5.4950516e-10
5.5046867e-10
5.4932292e-10
5.5171873e-10
5.5151045e-10
5.5104166e-10
5.5182298e-10
5.5200516e-10
5.4984367e-10
5.5122396e-10
5.5328125e-10
5.5169275e-10
5.4986976e-10
5.5109367e-10
5.5174482e-10
5.5145838e-10
5.5005211e-10
5.5036459e-10
5.5143229e-10
5.504428e-10
5.5088539e-10
5.5192706e-10
5.4953131e-10
5.5257815e-10
5.5111976e-10
5.5046873e-10
5.5166666e-10
5.5098964e-10
5.5249999e-10
5.4856769e-10
5.5221355e-10
5.4976562e-10
5.5130212e-10
5.5059896e-10
5.5046873e-10
5.5080723e-10
5.5299476e-10
5.5239585e-10
5.5124999e-10
5.5023436e-10
5.5023441e-10
5.5161459e-10
5.5039068e-10
5.4984378e-10
5.5065102e-10
5.5088539e-10
5.5174482e-10
5.5005206e-10
5.5036459e-10
5.5062499e-10
5.5252602e-10
5.5101568e-10
5.5046878e-10
5.5195309e-10
5.5216143e-10
5.5234378e-10
5.5286459e-10
5.5192712e-10
5.5031252e-10
5.5200516e-10
5.5111982e-10
5.5182298e-10
5.5036459e-10
5.5192712e-10
5.5132815e-10
5.5013016e-10
5.5226557e-10
5.5101562e-10
5.5171878e-10
5.5226557e-10
5.5263027e-10
5.5093746e-10
5.5174476e-10
5.5075516e-10
5.5200527e-10
5.5221355e-10
5.5255217e-10
5.5200516e-10
5.5111976e-10
5.5046878e-10
5.5320309e-10
5.5231769e-10
5.5101562e-10
5.5281246e-10
5.5164062e-10
5.5174482e-10
5.503385e-10
5.5109367e-10
5.5223964e-10
5.5072913e-10
5.5127602e-10
5.5135407e-10
5.5020827e-10
5.498958e-10
5.5226562e-10
5.4947918e-10
5.501562e-10
5.4968746e-10
5.5062488e-10
5.5132809e-10
5.5070309e-10
5.5018229e-10
5.5132804e-10
5.4999999e-10
5.4999999e-10
5.4999999e-10
5.5151045e-10
5.5156252e-10
5.5033861e-10
5.5059896e-10
5.5042706e-10
5.4942717e-10
5.5138022e-10
5.5072913e-10
5.5002608e-10
5.5018229e-10
5.5101562e-10
5.5085936e-10
5.5153654e-10
5.4869792e-10
5.5122396e-10
5.5007815e-10
5.5226562e-10
5.5002602e-10
5.5111987e-10
5.5007804e-10
5.5249999e-10
5.5000005e-10
5.5010418e-10
5.5065102e-10
5.5010413e-10
5.4984373e-10
5.4903648e-10
5.5184896e-10
5.5200516e-10
5.5080734e-10
5.5197918e-10
5.5187493e-10
5.5166666e-10
5.5338539e-10
5.5208327e-10
5.5098964e-10
5.5463545e-10
5.5260413e-10
5.5234373e-10
5.5197913e-10
5.5088545e-10
5.514062e-10
5.5221355e-10
5.5059896e-10
5.5309896e-10
5.5075527e-10
5.5026045e-10
5.5276045e-10
5.5229171e-10
5.5320309e-10
5.5111976e-10
5.5223953e-10
5.5197918e-10
5.5216148e-10
5.5018218e-10
5.5166666e-10
5.5197918e-10
5.5205734e-10
5.5010424e-10
5.5179677e-10
5.5346355e-10
5.5364585e-10
5.5145832e-10
5.5257815e-10
5.5122401e-10
5.5187505e-10
5.5164062e-10
5.5104171e-10
5.5046878e-10
5.5203131e-10
5.511458e-10
5.5109373e-10
5.5158861e-10
5.5023436e-10
5.5041666e-10
5.4958332e-10
5.5046873e-10
5.5109367e-10
5.505208e-10
5.5125005e-10
5.5255212e-10
5.5281241e-10
5.503385e-10
5.5312499e-10
5.5270827e-10
5.5203125e-10
5.51927e-10
5.5174482e-10
5.4986982e-10
5.4992183e-10
5.5309896e-10
5.5052091e-10
5.5218746e-10
5.5226562e-10
5.5067706e-10
5.4986976e-10
5.5135418e-10
5.5106769e-10
5.5177085e-10
5.5114585e-10
5.4934896e-10
5.5171873e-10
5.5130206e-10
5.5127597e-10
5.5205723e-10
5.524739e-10
5.516666e-10
5.5075522e-10
5.4877597e-10
5.5083332e-10
5.5104166e-10
5.5010413e-10
5.5098964e-10
5.5044275e-10
5.4979171e-10
5.4942706e-10
5.4911459e-10
5.5072913e-10
5.4843752e-10
5.4921878e-10
5.5067712e-10
5.5098959e-10
5.5098959e-10
5.5114585e-10
5.5208332e-10
5.5122396e-10
5.4950522e-10
5.5161459e-10
5.5158855e-10
5.5046873e-10
5.5216148e-10
5.4973964e-10
5.5244781e-10
5.5148441e-10
5.5039057e-10
5.5226557e-10
5.4992183e-10
5.4932292e-10
5.5151045e-10
5.5171873e-10
5.5226557e-10
5.5049482e-10
5.5132815e-10
5.4999999e-10
5.5260413e-10
5.5007815e-10
5.4986987e-10
5.5138022e-10
5.5013016e-10
5.5010413e-10
5.515885e-10
5.510416e-10
5.5010424e-10
5.5268229e-10
5.5117183e-10
5.5052085e-10
5.5098959e-10
5.5109378e-10
5.5117183e-10
5.5289057e-10
5.5187493e-10
5.5067712e-10
5.5190102e-10
5.5231769e-10
5.5388022e-10
5.5109378e-10
5.5294269e-10
5.5216148e-10
5.5161453e-10
5.5231764e-10
5.5158861e-10
5.5143229e-10
5.5205729e-10
5.5005211e-10
5.5164068e-10
5.5148441e-10
5.5200522e-10
5.5127597e-10
5.5174482e-10
5.5309896e-10
5.514062e-10
5.5070315e-10
5.5161453e-10
5.5289062e-10
5.5148436e-10
5.5197918e-10
5.5153643e-10
5.5015631e-10
5.503385e-10
5.5377608e-10
5.522135e-10
5.5171878e-10
5.5395838e-10
5.5440108e-10
5.5229171e-10
5.4994787e-10
5.5039062e-10
5.5156241e-10
5.4973959e-10
5.5062505e-10
5.5075516e-10
5.5135413e-10
5.5260413e-10
5.5119787e-10
5.5067712e-10
5.5114574e-10
5.4885413e-10
5.5044269e-10
5.4937493e-10
5.5052074e-10
5.5054677e-10
5.4895838e-10
5.5244787e-10
5.487239e-10
5.5166671e-10
5.4992183e-10
5.4986976e-10
5.4979166e-10
5.4888027e-10
5.5148436e-10
5.4973959e-10
5.5080734e-10
5.5044275e-10
5.4890631e-10
5.4888022e-10
5.5148436e-10
5.5078125e-10
5.5140625e-10
5.4979166e-10
5.4940108e-10
5.4945309e-10
5.501562e-10
5.4781252e-10
5.5057287e-10
5.5218746e-10
5.5015625e-10
5.5138022e-10
5.5111976e-10
5.5242194e-10
5.5156257e-10
5.5171873e-10
5.5229171e-10
5.5260418e-10
5.5117194e-10
5.5289068e-10
5.5007815e-10
5.5278643e-10
5.5283861e-10
5.5208332e-10
5.5494792e-10
5.53802e-10
5.520312e-10
5.5231775e-10
5.5263016e-10
5.5315102e-10
5.5320309e-10
5.5481764e-10
5.5455723e-10
5.5330729e-10
5.5276039e-10
5.5437505e-10
5.5192712e-10
5.5307292e-10
5.5260413e-10
5.5479166e-10
5.5213545e-10
5.5145838e-10
5.5330729e-10
5.5421873e-10
5.5182292e-10
5.5296873e-10
5.5265625e-10
5.5328125e-10
5.5059896e-10
5.5325516e-10
5.5096355e-10
5.5187499e-10
5.5244792e-10
5.5296878e-10
5.5304683e-10
5.5075516e-10
5.5312493e-10
5.5236982e-10
5.5041666e-10
5.5119792e-10
5.5351562e-10
5.5075516e-10
5.4999999e-10
5.5083332e-10
5.4971355e-10
5.5085936e-10
5.5361976e-10
5.4958332e-10
5.5135413e-10
5.5140625e-10
5.5039062e-10
5.5091143e-10
5.5111976e-10
5.5096355e-10
5.5085941e-10
5.5111971e-10
5.5028648e-10
5.490885e-10
5.5138011e-10
5.499739e-10
5.499739e-10
5.4960941e-10
5.4820309e-10
5.4942711e-10
5.5013022e-10
5.5010418e-10
5.4929683e-10
5.4885413e-10
5.4958327e-10
5.4893223e-10
5.4794264e-10
5.5044269e-10
5.4950527e-10
5.4976562e-10
5.4869792e-10
5.4919275e-10
5.4825516e-10
5.489062e-10
5.5124999e-10
5.5106775e-10
5.4992183e-10
5.5114585e-10
5.4895832e-10
5.4966137e-10
5.516666e-10
5.5065102e-10
5.5119792e-10
5.5018229e-10
5.5070309e-10
5.4822918e-10
5.5109373e-10
5.4947924e-10
5.4929689e-10
5.5005206e-10
5.5153643e-10
5.5046873e-10
5.5117183e-10
5.5028637e-10
5.496093e-10
5.5054689e-10
5.5231769e-10
5.4940097e-10
5.5218746e-10
5.5093757e-10
5.5234378e-10
5.5096344e-10
5.5109378e-10
5.4947913e-10
5.5122401e-10
5.4916666e-10
5.5088545e-10
5.504166e-10
5.5127614e-10
5.5263022e-10
5.5093746e-10
5.5270827e-10
5.5229166e-10
5.50052e-10
5.5244792e-10
5.5127597e-10
5.530208e-10
5.5190108e-10
5.5242189e-10
5.5153643e-10
5.5197918e-10
5.5164062e-10
5.5078125e-10
5.5190102e-10
5.5065102e-10
5.5320309e-10
5.5093752e-10
5.5132804e-10
5.5083332e-10
5.5156241e-10
5.5091154e-10
5.5083332e-10
5.5221361e-10
5.4953125e-10
5.4942706e-10
5.4958343e-10
5.5054689e-10
5.4919269e-10
5.5119787e-10
5.5244792e-10
5.5109373e-10
5.5046873e-10
5.5005211e-10
5.5096355e-10
5.5015625e-10
5.5085936e-10
5.5093752e-10
5.4940102e-10
5.4953125e-10
5.4992183e-10
5.5041666e-10
5.480989e-10
5.5028643e-10
5.4919275e-10
5.4942711e-10
5.4973953e-10
5.4992183e-10
5.5062499e-10
5.5013016e-10
5.4937493e-10
5.486458e-10
5.497135e-10
5.4734373e-10
5.4622401e-10
5.4992189e-10
5.4822918e-10
5.4841143e-10
5.478385e-10
5.4908855e-10
5.4916666e-10
5.4916671e-10
5.4867189e-10
5.4632804e-10
5.489062e-10
5.4895843e-10
5.4947913e-10
5.4752608e-10
5.5083332e-10
5.4830723e-10
5.4914068e-10
5.4895827e-10
5.4984378e-10
5.4885413e-10
5.4833332e-10
5.514062e-10
5.5083338e-10
5.5020838e-10
5.5054683e-10
5.5075522e-10
5.4955729e-10
5.4960941e-10
5.5044264e-10
5.4997401e-10
5.489062e-10
5.5111971e-10
5.5041666e-10
5.4874993e-10
5.4794269e-10
5.5013022e-10
5.4934896e-10
5.5091143e-10
5.4953125e-10
5.5005206e-10
5.5041666e-10
5.4986976e-10
5.4916666e-10
5.4968752e-10
5.5109367e-10
5.5135424e-10
5.5294269e-10
5.5156246e-10
5.5039062e-10
5.5231764e-10
5.5072918e-10
5.5101562e-10
5.4924482e-10
5.5317712e-10
5.5007809e-10
5.5320309e-10
5.5046878e-10
5.5249999e-10
5.5130212e-10
5.5156241e-10
5.5119792e-10
5.5083332e-10
5.5169269e-10
5.5192706e-10
5.5028643e-10
5.4966143e-10
5.4976562e-10
5.4984373e-10
5.499739e-10
5.4812505e-10
5.4895838e-10
5.5020827e-10
5.4901045e-10
5.4851562e-10
5.4924476e-10
5.4932286e-10
5.5065114e-10
5.5106775e-10
5.4872396e-10
5.4833332e-10
5.4958327e-10
5.4851562e-10
5.4973953e-10
5.4854166e-10
5.5036459e-10
5.4947918e-10
5.5005206e-10
5.5049482e-10
5.5072918e-10
5.4911459e-10
5.4955729e-10
5.4999999e-10
5.4921873e-10
5.4804689e-10
5.4848964e-10
5.4932292e-10
5.4817706e-10
5.4749993e-10
5.4752602e-10
5.4950516e-10
5.490105e-10
5.4757815e-10
5.4963539e-10
5.4968752e-10
5.4906246e-10
5.4773436e-10
5.4786453e-10
5.5010407e-10
5.5065102e-10
5.5018223e-10
5.5010413e-10
5.4796861e-10
5.499739e-10
5.499739e-10
5.4997401e-10
5.5059896e-10
5.4828114e-10
5.4867189e-10
5.4942706e-10
5.5075527e-10
5.4898436e-10
5.4929689e-10
5.5013022e-10
5.5164068e-10
5.4880206e-10
5.5096355e-10
5.5124999e-10
5.5153648e-10
5.5124993e-10
5.497135e-10
5.5002608e-10
5.4937505e-10
5.5007815e-10
5.5161459e-10
5.5062493e-10
5.503385e-10
5.5062499e-10
5.5114585e-10
5.5257815e-10
5.5036453e-10
5.5351562e-10
5.5156252e-10
5.5044269e-10
5.5072918e-10
5.4986976e-10
5.5171873e-10
5.5171873e-10
5.522916e-10
5.5106775e-10
5.5184896e-10
5.4945309e-10
5.5091137e-10
5.5151045e-10
5.5263016e-10
5.4973953e-10
5.5091148e-10
5.5070304e-10
5.5182298e-10
5.5249999e-10
5.4992183e-10
5.5161459e-10
5.4924471e-10
5.5236976e-10
5.5208332e-10
5.5161459e-10
5.499739e-10
5.4872401e-10
5.5013022e-10
5.514062e-10
5.5075522e-10
5.5252608e-10
5.5059896e-10
5.5265625e-10
5.5197918e-10
5.4999999e-10
5.5101551e-10
5.5322913e-10
5.5067712e-10
5.4942706e-10
5.511458e-10
5.4989585e-10
5.514843e-10
5.5166666e-10
5.5088539e-10
5.5044275e-10
5.484635e-10
5.4955723e-10
5.5072918e-10
5.4963539e-10
5.4924482e-10
5.4885413e-10
5.510416e-10
5.4901039e-10
5.4955734e-10
5.4971355e-10
5.4643229e-10
5.4773436e-10
5.4953125e-10
5.4854171e-10
5.478385e-10
5.4671867e-10
5.4794269e-10
5.4815102e-10
5.4640625e-10
5.4817706e-10
5.4684896e-10
5.477343e-10
5.4992183e-10
5.4950522e-10
5.4815102e-10
5.4820315e-10
5.4854166e-10
5.4789068e-10
5.4700522e-10
5.4645832e-10
5.4601562e-10
5.472916e-10
5.4739585e-10
5.4710941e-10
5.4666666e-10
5.4716143e-10
5.4791666e-10
5.467708e-10
5.4929689e-10
5.4833332e-10
5.4903648e-10
5.4937499e-10
5.4624999e-10
5.4718746e-10
5.4539062e-10
5.4742189e-10
5.4744792e-10
5.4721361e-10
5.4773447e-10
5.4934896e-10
5.4843752e-10
5.5080723e-10
5.4820309e-10
5.4856769e-10
5.4971355e-10
5.4893223e-10
5.4817711e-10
5.4966143e-10
5.5020832e-10
5.4916666e-10
5.4815102e-10
5.5039062e-10
5.4968746e-10
5.4778648e-10
5.4856769e-10
5.4864585e-10
5.5119798e-10
5.5028643e-10
5.5190102e-10
5.5041666e-10
5.508593e-10
5.4932281e-10
5.4822913e-10
5.5158855e-10
5.4898436e-10
5.5046878e-10
5.4947918e-10
5.5010418e-10
5.5122401e-10
5.5135424e-10
5.5028643e-10
5.5078125e-10
5.5187493e-10
5.5049482e-10
5.5101557e-10
5.4937493e-10
5.5065108e-10
5.5210941e-10
5.5041666e-10
5.5046878e-10
5.5098953e-10
5.5054689e-10
5.4916671e-10
5.4807298e-10
5.4986976e-10
5.483593e-10
5.4958332e-10
5.4752608e-10
5.4718741e-10
5.4666666e-10
5.4677085e-10
5.4744792e-10
5.4708332e-10
5.4812505e-10
5.470312e-10
5.4848959e-10
5.4765625e-10
5.4640625e-10
5.4726568e-10
5.4661459e-10
5.4812499e-10
5.4645832e-10
5.4632815e-10
5.4742183e-10
5.4770838e-10
5.464062e-10
5.4776034e-10
5.4817706e-10
5.4880206e-10
5.4901045e-10
5.4744792e-10
5.4723953e-10
5.4817711e-10
5.4783855e-10
5.4869786e-10
5.4794275e-10
5.4880206e-10
5.4854171e-10
5.4744792e-10
5.4716148e-10
5.4656246e-10
5.4770827e-10
5.476562e-10
5.4770838e-10
5.4796878e-10
5.478385e-10
5.5002614e-10
5.4695309e-10
5.4960936e-10
5.4802091e-10
5.4763022e-10
5.4919264e-10
5.4880206e-10
5.4838539e-10
5.4885413e-10
5.4958338e-10
5.4781246e-10
5.5036464e-10
5.4911459e-10
5.4640625e-10
5.4825516e-10
5.4781252e-10
5.4888016e-10
5.4859378e-10
5.4947907e-10
5.4848959e-10
5.4947918e-10
5.4950516e-10
5.4901045e-10
5.4984367e-10
5.4947913e-10
5.4916666e-10
5.497916e-10
5.512239e-10
5.4976568e-10
5.5070315e-10
5.4981769e-10
5.4690102e-10
5.4955729e-10
5.4940102e-10
5.4914068e-10
5.4979171e-10
5.5062493e-10
5.4932286e-10
5.501562e-10
5.4984373e-10
5.4796867e-10
5.4817711e-10
5.487239e-10
5.479166e-10
5.465885e-10
5.4843752e-10
5.4804689e-10
5.474739e-10
5.4539057e-10
5.4778643e-10
5.4721355e-10
5.4781246e-10
5.4867189e-10
5.4692706e-10
5.4843746e-10
5.4723953e-10
5.4822918e-10
5.4927085e-10
5.4760413e-10
5.4708332e-10
5.4757809e-10
5.4739585e-10
5.4833332e-10
5.4723959e-10
5.4643223e-10
5.4919264e-10
5.4789057e-10
5.4736976e-10
5.4906252e-10
5.4661459e-10
5.4692711e-10
5.4770827e-10
5.4804683e-10
5.476562e-10
5.4755206e-10
5.458593e-10
5.4510413e-10
5.4695309e-10
5.4747401e-10
5.4786448e-10
5.4794264e-10
5.4981769e-10
5.4624999e-10
5.4575522e-10
5.4614585e-10
5.4739591e-10
5.4635407e-10
5.4703125e-10
5.480208e-10
5.4598953e-10
5.4648441e-10
5.4825527e-10
5.4604166e-10
5.4666666e-10
5.4619792e-10
5.4687499e-10
5.455208e-10
5.4661453e-10
5.4609378e-10
5.4557292e-10
5.4843752e-10
5.467708e-10
5.455208e-10
5.4825522e-10
5.4593752e-10
5.4716148e-10
5.4559901e-10
5.4773436e-10
5.4690108e-10
5.474739e-10
5.4768229e-10
5.4447918e-10
5.4716148e-10
5.4736987e-10
5.4596355e-10
5.4567706e-10
5.453385e-10
5.4570309e-10
5.4666666e-10
5.4536453e-10
5.4513022e-10
5.4710936e-10
5.4658855e-10
5.4807298e-10
5.4627597e-10
5.478385e-10
5.4718752e-10
5.4742194e-10
5.4747396e-10
5.4942711e-10
5.4580723e-10
5.4695309e-10
5.4502597e-10
5.4752602e-10
5.4804689e-10
5.4833332e-10
5.4682286e-10
5.467708e-10
5.5033855e-10
5.4950522e-10
5.4877602e-10
5.4723953e-10
5.4882809e-10
5.4950527e-10
5.4776045e-10
5.4898436e-10
5.4791666e-10
5.461458e-10
5.4682292e-10
5.4851562e-10
5.4786459e-10
5.4716137e-10
5.4757815e-10
5.4565091e-10
5.4335941e-10
5.4531246e-10
5.4591143e-10
5.4697913e-10
5.471093e-10
5.4505217e-10
5.4596361e-10
5.4596355e-10
5.4708332e-10
5.4494792e-10
5.4575527e-10
5.4651045e-10
5.4742183e-10
5.4669269e-10
5.4718746e-10
5.4484378e-10
5.4723964e-10
5.4539057e-10
5.4739591e-10
5.4557298e-10
5.452343e-10
5.4682286e-10
5.4651039e-10
5.4518229e-10
5.4513022e-10
5.4585936e-10
5.4684896e-10
5.4468746e-10
5.4546873e-10
5.4809901e-10
5.4716143e-10
5.4447918e-10
5.4796873e-10
5.4528648e-10
5.4536464e-10
5.4617189e-10
5.455989e-10
5.449739e-10
5.4507809e-10
5.4622395e-10
5.4526045e-10
5.4382815e-10
5.4414057e-10
5.4364585e-10
5.4500005e-10
5.4419264e-10
5.4445309e-10
5.4382815e-10
5.4486982e-10
5.4583332e-10
5.4513016e-10
5.4499999e-10
5.4666666e-10
5.448958e-10
5.4570315e-10
5.448958e-10
5.4486976e-10
5.4763022e-10
5.4492189e-10
5.4609378e-10
5.4492189e-10
5.4585941e-10
5.4510413e-10
5.4533855e-10
5.4687499e-10
5.4609373e-10
5.4455723e-10
5.4656246e-10
5.4570309e-10
5.4765625e-10
5.4809896e-10
5.4794269e-10
5.4497395e-10
5.4885418e-10
5.4815102e-10
5.4794269e-10
5.480989e-10
5.4874993e-10
5.4747401e-10
5.4671873e-10
5.4768229e-10
5.476562e-10
5.4687493e-10
5.4851562e-10
5.4632815e-10
5.4791666e-10
5.4794275e-10
5.4669264e-10
5.4736971e-10
5.4739585e-10
5.4687499e-10
5.4458332e-10
5.4570315e-10
5.4661459e-10
5.4460941e-10
5.4656246e-10
5.4742189e-10
5.4651039e-10
5.4632809e-10
5.4583338e-10
5.4726562e-10
5.4486982e-10
5.4580729e-10
5.4583332e-10
5.4578131e-10
5.4445309e-10
5.4502597e-10
5.4601557e-10
5.4424482e-10
5.4148441e-10
5.4518234e-10
5.4526039e-10
5.4557286e-10
5.4401045e-10
5.4679689e-10
5.4403643e-10
5.4502608e-10
5.4552074e-10
5.4546873e-10
5.4583332e-10
5.442708e-10
5.4606769e-10
5.4484373e-10
5.4570315e-10
5.4325516e-10
5.4455723e-10
5.4364585e-10
5.4312504e-10
5.4546873e-10
5.4557298e-10
5.4531252e-10
5.4343752e-10
5.4539068e-10
5.4307286e-10
5.4440108e-10
5.4406246e-10
5.4369792e-10
5.4507809e-10
5.4395832e-10
5.4588539e-10
5.4468746e-10
5.4489585e-10
5.4299476e-10
5.4437499e-10
5.4437493e-10
5.440885e-10
5.4401034e-10
5.4494792e-10
5.4682292e-10
5.454166e-10
5.4393229e-10
5.4611987e-10
5.436458e-10
5.4505211e-10
5.4414068e-10
5.4479166e-10
5.4494792e-10
5.4499999e-10
5.4468757e-10
5.4575522e-10
5.4609378e-10
5.4510413e-10
5.4513022e-10
5.4450522e-10
5.4408855e-10
5.4518229e-10
5.4429683e-10
5.4395838e-10
5.4289068e-10
5.4437493e-10
5.4320315e-10
5.4606769e-10
5.4526045e-10
5.4570309e-10
5.4510413e-10
5.4742183e-10
5.4398441e-10
5.4695309e-10
5.4624999e-10
5.4361982e-10
5.4757815e-10
5.4742189e-10
5.4773436e-10
5.4710941e-10
5.4778643e-10
5.4828131e-10
5.4838534e-10
5.461458e-10
5.4778654e-10
5.4726562e-10
5.4906252e-10
5.4841148e-10
5.4726562e-10
5.5041666e-10
5.4755206e-10
5.4921878e-10
5.4791666e-10
5.4752602e-10
5.4802074e-10
5.4723953e-10
5.4749999e-10
5.4752597e-10
5.4692706e-10
5.478385e-10
5.4791666e-10
5.4624999e-10
5.4664057e-10
5.4773436e-10
5.4729166e-10
5.4723959e-10
5.4723953e-10
5.4734373e-10
5.4609378e-10
5.4593746e-10
5.4734378e-10
5.464843e-10
5.4546873e-10
5.4822918e-10
5.4679689e-10
5.4734378e-10
5.4786453e-10
5.4744786e-10
5.4705734e-10
5.4700527e-10
5.4528648e-10
5.458593e-10
5.4674476e-10
5.459635e-10
5.4651045e-10
5.4619786e-10
5.4682286e-10
5.473178e-10
5.4429689e-10
5.4429689e-10
5.4505206e-10
5.4674476e-10
5.4427085e-10
5.4632815e-10
5.4580729e-10
5.4398441e-10
5.4416671e-10
5.4481758e-10
5.4401039e-10
5.4338539e-10
5.4317706e-10
5.4333332e-10
5.4453125e-10
5.4429689e-10
5.4382815e-10
5.4354166e-10
5.4460941e-10
5.4494792e-10
5.4429689e-10
5.442708e-10
5.4513022e-10
5.4440102e-10
5.4424482e-10
5.4419269e-10
5.45052e-10
5.4554694e-10
5.457812e-10
5.4489591e-10
5.4598953e-10
5.4476562e-10
5.4546878e-10
5.4632809e-10
5.4593757e-10
5.4598953e-10
5.4611982e-10
5.4476562e-10
5.4531246e-10
5.4700516e-10
5.4544275e-10
5.4458332e-10
5.464062e-10
5.442708e-10
5.4611971e-10
5.4450516e-10
5.4455729e-10
5.4622395e-10
5.4796873e-10
5.4635413e-10
5.4749993e-10
5.4690102e-10
5.4541666e-10
5.4643234e-10
5.4567711e-10
5.4677091e-10
5.4684896e-10
5.4682281e-10
5.4760418e-10
5.4752608e-10
5.4575516e-10
5.4755206e-10
5.4684884e-10
5.4598959e-10
5.4575522e-10
5.4510418e-10
5.4747396e-10
5.4755206e-10
5.4604171e-10
5.4632809e-10
5.4619792e-10
5.4721355e-10
5.4669275e-10
5.4583332e-10
5.4869792e-10
5.4614585e-10
5.4598959e-10
5.4541666e-10
5.4750005e-10
5.4695309e-10
5.4598959e-10
5.4557286e-10
5.474739e-10
5.4617183e-10
5.459635e-10
5.4585936e-10
5.4598953e-10
5.4763022e-10
5.4666666e-10
5.4807292e-10
5.4648436e-10
5.4825522e-10
5.4815108e-10
5.4682286e-10
5.4661459e-10
5.4664062e-10
5.4606769e-10
5.4731769e-10
5.4570309e-10
5.4648436e-10
5.4606769e-10
5.4575516e-10
5.4429683e-10
5.4497395e-10
5.4432281e-10
5.4567711e-10
5.4380206e-10
5.4255206e-10
5.4270832e-10
5.4283861e-10
5.455208e-10
5.4385413e-10
5.4531252e-10
5.4369792e-10
5.458593e-10
5.4520832e-10
5.4492189e-10
5.4544275e-10
5.4473964e-10
5.451562e-10
5.4302085e-10
5.457812e-10
5.426562e-10
5.4593752e-10
5.4643229e-10
5.4361976e-10
5.4421873e-10
5.442708e-10
5.4723953e-10
5.4320298e-10
5.4598959e-10
5.4500005e-10
5.4572913e-10
5.4572918e-10
5.4453125e-10
5.442708e-10
5.4544269e-10
5.4593746e-10
5.4598953e-10
5.4421873e-10
5.4468752e-10
5.4312499e-10
5.4421878e-10
5.4531246e-10
5.4601562e-10
5.4434895e-10
5.4557292e-10
5.4526045e-10
5.4546873e-10
5.4632815e-10
5.4507815e-10
5.4546873e-10
5.4604171e-10
5.4648436e-10
5.442708e-10
5.4442711e-10
5.4447913e-10
5.4450522e-10
5.443489e-10
5.4531246e-10
5.452343e-10
5.4494792e-10
5.4479171e-10
5.4536453e-10
5.4520827e-10
5.4382809e-10
5.4578125e-10
5.4645832e-10
5.4645832e-10
5.4614585e-10
5.4505211e-10
5.4656246e-10
5.4557292e-10
5.4481769e-10
5.4557286e-10
5.4656252e-10
5.4703125e-10
5.4585941e-10
5.4513011e-10
5.4598953e-10
5.4583327e-10
5.4700522e-10
5.4588539e-10
5.4593746e-10
5.4614585e-10
5.4411453e-10
5.4463539e-10
5.4473964e-10
5.4307286e-10
5.446355e-10
5.4466148e-10
5.4554689e-10
5.4434895e-10
5.4278643e-10
5.4320315e-10
5.437239e-10
5.4289062e-10
5.4421878e-10
5.4393229e-10
5.4276045e-10
5.4388022e-10
5.424739e-10
5.4398436e-10
5.4536464e-10
5.4158855e-10
5.4403643e-10
5.4401039e-10
5.4341148e-10
5.4434895e-10
5.4223953e-10
5.4302079e-10
5.4309895e-10
5.4263016e-10
5.4325527e-10
5.4424482e-10
5.4401045e-10
5.4351562e-10
5.4424482e-10
5.4249999e-10
5.4429694e-10
5.4393229e-10
5.4440108e-10
5.4286453e-10
5.4419275e-10
5.4437499e-10
5.4468752e-10
5.4450511e-10
5.4445309e-10
5.4333332e-10
5.4536459e-10
5.4320315e-10
5.4302091e-10
5.4466154e-10
5.4403654e-10
5.4554677e-10
5.4489585e-10
5.4304689e-10
5.4395832e-10
5.4369792e-10
5.4257815e-10
5.4643229e-10
5.4372401e-10
5.4437493e-10
5.4455729e-10
5.440885e-10
5.4421873e-10
5.4437505e-10
5.4270832e-10
5.4374999e-10
5.4255206e-10
5.4536459e-10
5.4617183e-10
5.4408855e-10
5.4523436e-10
5.4455734e-10
5.4354171e-10
5.4281252e-10
5.4460936e-10
5.4333332e-10
5.4541666e-10
5.4364585e-10
5.4401039e-10
5.4471355e-10
5.440885e-10
5.4671873e-10
5.4437499e-10
5.4309895e-10
5.4455723e-10
5.4510413e-10
5.4515631e-10
5.4359384e-10
5.4369792e-10
5.4544275e-10
5.4395838e-10
5.4257815e-10
5.436458e-10
5.4442706e-10
5.4429689e-10
5.447916e-10
5.4544275e-10
5.4526045e-10
5.4442711e-10
5.44427e-10
5.4445309e-10
5.4419275e-10
5.4322918e-10
5.4367183e-10
5.4354166e-10
5.4296873e-10
5.436458e-10
5.424739e-10
5.4289068e-10
5.4130206e-10
5.4354166e-10
5.4442706e-10
5.4289057e-10
5.4307292e-10
5.4268223e-10
5.451824e-10
5.4393229e-10
5.4307292e-10
5.4380206e-10
5.4401045e-10
5.4255206e-10
5.4179689e-10
5.4341143e-10
5.4401045e-10
5.4395838e-10
5.4117183e-10
5.4210936e-10
5.434635e-10
5.4307298e-10
5.4421873e-10
5.4414057e-10
5.4380206e-10
5.4388011e-10
5.4390625e-10
5.428385e-10
5.4075522e-10
5.4223959e-10
5.4289068e-10
5.4328125e-10
5.4239585e-10
5.4273441e-10
5.4156252e-10
5.4458321e-10
