4.5525e-10
4.560417e-10
4.5760415e-10
4.5541662e-10
4.5525e-10
4.5477083e-10
4.5631249e-10
4.5581255e-10
4.557292e-10
4.5610415e-10
4.568958e-10
4.5631252e-10
4.547708e-10
4.5764581e-10
4.5677087e-10
4.5462498e-10
4.5485418e-10
4.5479168e-10
4.5664589e-10
4.5456255e-10
4.5674994e-10
4.5664586e-10
4.5441662e-10
4.5460416e-10
4.5414578e-10
4.5756249e-10
4.5595833e-10
4.5741669e-10
4.5616666e-10
4.5612503e-10
4.5693749e-10
4.5614584e-10
4.5710413e-10
4.5608334e-10
4.5649998e-10
4.582083e-10
4.5608331e-10
4.5670834e-10
4.58e-10
4.5654167e-10
4.5760423e-10
4.5554163e-10
4.5750001e-10
4.5708332e-10
4.572708e-10
4.5620832e-10
4.566458e-10
4.5495835e-10
4.5622919e-10
4.5568752e-10
4.5672921e-10
4.5675005e-10
4.5447915e-10
4.5560425e-10
4.5708337e-10
4.5749998e-10
4.5591667e-10
4.5633336e-10
4.5710416e-10
4.555e-10
4.5718745e-10
4.5691662e-10
4.5710416e-10
4.5816667e-10
4.5714579e-10
4.5625001e-10
4.5687504e-10
4.5720833e-10
4.5516665e-10
4.581458e-10
4.5849996e-10
4.563542e-10
4.581667e-10
4.5718751e-10
4.5629162e-10
4.5629164e-10
4.5704168e-10
4.5822918e-10
4.5591664e-10
4.5664583e-10
4.5714585e-10
4.5643753e-10
4.5550005e-10
4.5733331e-10
4.555625e-10
4.5675e-10
4.55875e-10
4.5602086e-10
4.5677079e-10
4.5677082e-10
4.565e-10
4.5589582e-10
4.5639584e-10
4.564375e-10
4.5593754e-10
4.5691667e-10
4.5637502e-10
4.561875e-10
4.5737503e-10
4.5522916e-10
4.579167e-10
4.5662504e-10
4.56125e-10
4.5693752e-10
4.5739587e-10
4.5766668e-10
4.5864582e-10
4.5833337e-10
4.5789586e-10
4.5704165e-10
4.5799997e-10
4.5700005e-10
4.5731244e-10
4.5856247e-10
4.5902082e-10
4.576042e-10
4.6008333e-10
4.5804166e-10
4.5660412e-10
4.5825005e-10
4.584583e-10
4.5866663e-10
4.5777085e-10
4.5802079e-10
4.5918749e-10
4.5850002e-10
4.585417e-10
4.5822915e-10
4.5735418e-10
4.5729168e-10
4.6008336e-10
4.5866672e-10
4.5741666e-10
4.5856249e-10
4.5779164e-10
4.5806248e-10
4.5712495e-10
4.55875e-10
4.5712498e-10
4.5758328e-10
4.5931253e-10
4.5622925e-10
4.5756249e-10
4.5693746e-10
4.560417e-10
4.5747919e-10
4.5799994e-10
4.5679163e-10
4.5693749e-10
4.5868759e-10
4.5735418e-10
4.58375e-10
4.5670839e-10
4.5706247e-10
4.5914586e-10
4.572083e-10
4.5593748e-10
4.5577081e-10
4.5577084e-10
4.5537496e-10
4.5587498e-10
4.5812501e-10
4.5497922e-10
4.5637497e-10
4.552084e-10
4.5660414e-10
4.5812501e-10
4.5527085e-10
4.5570836e-10
4.5579165e-10
4.5577087e-10
4.5560414e-10
4.5585419e-10
4.5702081e-10
4.5697918e-10
4.5527082e-10
4.574375e-10
4.5693746e-10
4.547292e-10
4.5562498e-10
4.5654175e-10
4.5675003e-10
4.5616663e-10
4.5685419e-10
4.5560411e-10
4.555625e-10
4.555625e-10
4.5443752e-10
4.539375e-10
4.5589588e-10
4.5587506e-10
4.5583332e-10
4.5543749e-10
4.5506249e-10
4.5797915e-10
4.575208e-10
4.5645832e-10
4.5602086e-10
4.5585419e-10
4.5725004e-10
4.5545837e-10
4.5668749e-10
4.5600004e-10
4.5668752e-10
4.5622914e-10
4.5745832e-10
4.5422915e-10
4.5645834e-10
4.576042e-10
4.565e-10
4.5645832e-10
4.5618753e-10
4.5754167e-10
4.5860415e-10
4.5643753e-10
4.5585416e-10
4.5666668e-10
4.5483339e-10
4.5700002e-10
4.5629164e-10
4.5637499e-10
4.5824997e-10
4.5550003e-10
4.5525003e-10
4.5614584e-10
4.5602083e-10
4.5566662e-10
4.556458e-10
4.5564588e-10
4.5606255e-10
4.565e-10
4.5727086e-10
4.5660417e-10
4.5731252e-10
4.5558332e-10
4.5449999e-10
4.5660417e-10
4.5637497e-10
4.5516668e-10
4.5685417e-10
4.5700002e-10
4.5483331e-10
4.5577084e-10
4.572708e-10
4.5466669e-10
4.5652085e-10
4.5685414e-10
4.5666668e-10
4.5500004e-10
4.5570828e-10
4.5693749e-10
4.564375e-10
4.5556253e-10
4.5597917e-10
4.5631252e-10
4.5704163e-10
4.5597917e-10
4.5643753e-10
4.5599999e-10
4.5458334e-10
4.5589582e-10
4.5662502e-10
4.5520832e-10
4.5535414e-10
4.5560417e-10
4.5364587e-10
4.5516663e-10
4.5477083e-10
4.5574994e-10
4.5564588e-10
4.5414594e-10
4.5556245e-10
4.5612497e-10
4.5475002e-10
4.5625001e-10
4.5474999e-10
4.539375e-10
4.5568754e-10
4.5514584e-10
4.54875e-10
4.5866669e-10
4.5666668e-10
4.5618748e-10
4.5408333e-10
4.5456247e-10
4.539375e-10
4.5558327e-10
4.5587492e-10
4.5458337e-10
4.5529172e-10
4.557916e-10
4.5577084e-10
4.5527082e-10
4.566458e-10
4.5452081e-10
4.552709e-10
4.5658333e-10
4.5491669e-10
4.554167e-10
4.5583332e-10
4.5593748e-10
4.5558329e-10
4.5520832e-10
4.561875e-10
4.551042e-10
4.5418747e-10
4.5547918e-10
4.560417e-10
4.5433338e-10
4.5508336e-10
4.557083e-10
4.5777082e-10
4.5685417e-10
4.550624e-10
4.5716664e-10
4.5533335e-10
4.5502085e-10
4.5470833e-10
4.5585419e-10
4.5425003e-10
4.5477078e-10
4.5422918e-10
4.551042e-10
4.5516668e-10
4.5491672e-10
4.5489582e-10
4.5652085e-10
4.5541665e-10
4.5618748e-10
4.5483334e-10
4.564375e-10
4.5525003e-10
4.5391665e-10
4.5602089e-10
4.5531248e-10
4.5718748e-10
4.5531257e-10
4.5508328e-10
4.5572915e-10
4.5474999e-10
4.5606249e-10
4.5531248e-10
4.5500001e-10
4.5552079e-10
4.5541665e-10
4.5481252e-10
4.5591667e-10
4.5635415e-10
4.5500001e-10
4.5608345e-10
4.5564585e-10
4.5583329e-10
4.5697918e-10
4.5683332e-10
4.5666665e-10
4.5675005e-10
4.5635412e-10
4.5660414e-10
4.5747914e-10
4.5695842e-10
4.5829163e-10
4.5672915e-10
4.5668752e-10
4.5733331e-10
4.5764581e-10
4.5643753e-10
4.5622914e-10
4.5645837e-10
4.5825002e-10
4.5793755e-10
4.5787502e-10
4.5679166e-10
4.5681245e-10
4.5768747e-10
4.5610415e-10
4.5685422e-10
4.5727092e-10
4.5749995e-10
4.5652085e-10
4.575833e-10
4.5735413e-10
4.5839582e-10
4.5637502e-10
4.5631249e-10
4.5591664e-10
4.5564583e-10
4.5804166e-10
4.5604173e-10
4.5724999e-10
4.5706247e-10
4.5666668e-10
4.5691667e-10
4.5510423e-10
4.5660414e-10
4.5604162e-10
4.5889589e-10
4.5533338e-10
4.5758333e-10
4.5591664e-10
4.5777085e-10
4.5764587e-10
4.5787502e-10
4.5677087e-10
4.575833e-10
4.5570836e-10
4.5670831e-10
4.5735415e-10
4.584583e-10
4.5791665e-10
4.589375e-10
4.5637497e-10
4.5802084e-10
4.5741669e-10
4.5845835e-10
4.585417e-10
4.5795837e-10
4.5693752e-10
4.5768755e-10
4.5660414e-10
4.5664589e-10
4.5779161e-10
4.5777077e-10
4.5695833e-10
4.5745832e-10
4.5568746e-10
4.5627077e-10
4.5845833e-10
4.5666668e-10
4.5714585e-10
4.5739587e-10
4.5700002e-10
4.5629164e-10
4.5691664e-10
4.5812495e-10
4.5608342e-10
4.573541e-10
4.5552084e-10
4.5556253e-10
4.5658333e-10
4.549375e-10
4.570625e-10
4.5610421e-10
4.5785417e-10
4.5606244e-10
4.5529164e-10
4.5689585e-10
4.5641665e-10
4.5687501e-10
4.5877083e-10
4.5541665e-10
4.5618748e-10
4.5652093e-10
4.5670834e-10
4.5525e-10
4.5583329e-10
4.5583332e-10
4.5516665e-10
4.5543747e-10
4.5799997e-10
4.5720833e-10
4.5591667e-10
4.5633336e-10
4.5633328e-10
4.5770829e-10
4.5749993e-10
4.5535423e-10
4.5462498e-10
4.5747914e-10
4.5724999e-10
4.5600002e-10
4.5702084e-10
4.5404169e-10
4.5487508e-10
4.5675e-10
4.5545839e-10
4.5566664e-10
4.5602086e-10
4.553333e-10
4.5356252e-10
4.5370824e-10
4.5383336e-10
4.5593751e-10
4.5508339e-10
4.5614584e-10
4.5875001e-10
4.5600004e-10
4.5708329e-10
4.5458332e-10
4.5474996e-10
4.5754164e-10
4.5647919e-10
4.5789583e-10
4.5837495e-10
4.5554172e-10
4.5654167e-10
4.5585408e-10
4.547292e-10
4.5639587e-10
4.5729165e-10
4.5699994e-10
4.5568752e-10
4.5608328e-10
4.5720833e-10
4.5597914e-10
4.5820828e-10
4.5652088e-10
4.5518753e-10
4.5450002e-10
4.5668749e-10
4.5460416e-10
4.5760412e-10
4.5581255e-10
4.5622914e-10
4.5727075e-10
4.6491663e-10
4.7387499e-10
4.8233334e-10
4.9402088e-10
5.0810417e-10
5.256458e-10
5.4877081e-10
5.7039584e-10
5.9606259e-10
6.2008332e-10
6.4345845e-10
6.6087502e-10
6.7814582e-10
6.9625006e-10
7.0662504e-10
7.1916673e-10
7.2808332e-10
7.3620837e-10
7.4702083e-10
7.5375012e-10
7.6225004e-10
7.6716672e-10
7.7216683e-10
7.7802081e-10
7.812917e-10
7.8554169e-10
7.8974988e-10
7.9185408e-10
7.9420831e-10
7.9775003e-10
7.9947921e-10
8.012917e-10
8.0268758e-10
8.0585422e-10
8.053751e-10
8.0750001e-10
8.0752088e-10
8.0914575e-10
8.1143747e-10
8.1020846e-10
8.1218743e-10
8.1012502e-10
8.1129159e-10
8.1166684e-10
8.0785412e-10
8.0935419e-10
8.0693757e-10
8.0706253e-10
8.0802087e-10
8.0752088e-10
8.0754159e-10
8.0862506e-10
8.0654167e-10
8.0689577e-10
8.0452089e-10
8.0541651e-10
8.0470836e-10
8.0522916e-10
8.0181256e-10
8.0214591e-10
7.985001e-10
7.9862494e-10
7.9710422e-10
7.9741669e-10
7.9714596e-10
7.9608331e-10
7.9414592e-10
7.9381235e-10
7.9204165e-10
7.9302087e-10
7.9114582e-10
7.9049994e-10
7.887499e-10
7.8810414e-10
7.8722912e-10
7.8574997e-10
7.8427076e-10
7.8477075e-10
7.8406248e-10
7.8360413e-10
7.8106244e-10
7.7891665e-10
7.7806261e-10
7.7781248e-10
7.769167e-10
7.7629164e-10
7.7510415e-10
7.7466666e-10
7.7364581e-10
7.7235413e-10
7.7070833e-10
7.6958334e-10
7.6722917e-10
7.6645823e-10
7.6589579e-10
7.6431256e-10
7.6239581e-10
7.6454171e-10
7.6393747e-10
7.6343748e-10
7.6110407e-10
7.6060414e-10
7.5974993e-10
7.5795842e-10
7.5758333e-10
7.552084e-10
7.58479e-10
7.569167e-10
7.5281259e-10
7.5212486e-10
7.5268752e-10
7.5200007e-10
7.5022916e-10
7.4956241e-10
7.5027073e-10
7.4983331e-10
7.4910411e-10
7.4741668e-10
7.4656248e-10
7.4600004e-10
7.4695833e-10
7.4464579e-10
7.440209e-10
7.4220829e-10
7.3964584e-10
7.4079154e-10
7.3925011e-10
7.3672907e-10
7.3920831e-10
7.3756251e-10
7.3483325e-10
7.3574996e-10
7.3502088e-10
7.3189593e-10
7.3237494e-10
7.3189577e-10
7.3177098e-10
7.3108325e-10
7.2991668e-10
7.3060424e-10
7.269792e-10
7.2877082e-10
7.2912493e-10
7.2831263e-10
7.2472922e-10
7.2745837e-10
7.2456252e-10
7.2320833e-10
7.2329159e-10
7.2362499e-10
7.2229167e-10
7.199793e-10
7.2131251e-10
7.1989587e-10
7.1841655e-10
7.179583e-10
7.1699996e-10
7.160208e-10
7.1645834e-10
7.1643741e-10
7.1502088e-10
7.1256234e-10
7.1243744e-10
7.1277084e-10
7.110208e-10
7.1010414e-10
7.0999989e-10
7.0989581e-10
7.0835426e-10
7.0558326e-10
7.0852069e-10
7.0668743e-10
7.0802086e-10
7.0470835e-10
7.0585426e-10
7.044999e-10
7.0533335e-10
7.0566653e-10
7.0347927e-10
7.0383332e-10
7.0270839e-10
7.0039591e-10
7.003958e-10
6.9929162e-10
6.9972916e-10
6.984166e-10
6.9752076e-10
6.9804162e-10
6.9824996e-10
6.9656247e-10
6.9758338e-10
6.9729167e-10
6.9827089e-10
6.9529166e-10
6.9500011e-10
6.9341666e-10
6.9529182e-10
6.9445838e-10
6.9368755e-10
6.9270845e-10
6.9172923e-10
6.9029166e-10
6.9027078e-10
6.8702083e-10
6.8620837e-10
6.8683331e-10
6.8645828e-10
6.8777095e-10
6.8350003e-10
6.8412492e-10
6.8270839e-10
6.8285416e-10
6.8289574e-10
6.8333328e-10
6.8339578e-10
6.8245842e-10
6.8083328e-10
6.8231254e-10
6.8166678e-10
6.8150008e-10
6.7860412e-10
6.7795825e-10
6.7552092e-10
6.7685424e-10
6.7585415e-10
6.7808326e-10
6.7508321e-10
6.7552092e-10
6.7333333e-10
6.7447914e-10
6.727916e-10
6.7260414e-10
6.7227091e-10
6.7154171e-10
6.7085426e-10
6.7270833e-10
6.7031247e-10
6.704583e-10
6.7131251e-10
6.6977074e-10
6.7127082e-10
6.7193739e-10
6.6879174e-10
6.6972905e-10
6.7045836e-10
6.6899997e-10
6.6966666e-10
6.7033323e-10
6.6831257e-10
6.6774997e-10
6.6689587e-10
6.6710426e-10
6.6522909e-10
6.6510419e-10
6.6347916e-10
6.6414579e-10
6.6233335e-10
6.6431255e-10
6.6370831e-10
6.6166667e-10
6.6237499e-10
6.6058337e-10
6.6139594e-10
6.6243744e-10
6.5950007e-10
6.6054162e-10
6.5908345e-10
6.6027084e-10
6.5958333e-10
6.5889577e-10
6.5827083e-10
6.5797917e-10
6.5658334e-10
6.5627082e-10
6.5541667e-10
6.5660416e-10
6.546666e-10
6.5560424e-10
6.5325007e-10
6.5181249e-10
6.522291e-10
6.5308325e-10
6.5345834e-10
6.5104167e-10
6.5224992e-10
6.502916e-10
6.4958333e-10
6.4866673e-10
6.4970834e-10
6.4952071e-10
6.4991668e-10
6.4935418e-10
6.4843747e-10
6.487918e-10
6.4764583e-10
6.4849998e-10
6.4783329e-10
6.4793765e-10
6.4618744e-10
6.4568739e-10
6.4404165e-10
6.4470829e-10
6.4281241e-10
6.4395839e-10
6.4327083e-10
6.4495825e-10
6.4145828e-10
6.4260408e-10
6.4124994e-10
6.397291e-10
6.4095834e-10
6.4064576e-10
6.4e-10
6.3975009e-10
6.4266659e-10
6.4010414e-10
6.4033323e-10
6.4102085e-10
6.402916e-10
6.4027084e-10
6.379583e-10
6.3912492e-10
6.3768746e-10
6.3887495e-10
6.3952083e-10
6.3837502e-10
6.3822914e-10
6.3683331e-10
6.3764577e-10
6.3635414e-10
6.3604172e-10
6.3833344e-10
6.3729161e-10
6.3952077e-10
6.3593747e-10
6.3718752e-10
6.3806244e-10
6.3827077e-10
6.3718758e-10
6.3804162e-10
6.3712502e-10
6.3827088e-10
6.3649991e-10
6.333542e-10
6.3493749e-10
6.3489575e-10
6.3445843e-10
6.3264577e-10
6.3252081e-10
6.3127081e-10
6.3224986e-10
6.3352079e-10
6.3145839e-10
6.312082e-10
6.3081262e-10
6.301667e-10
6.2995831e-10
6.3118755e-10
6.3085426e-10
6.2956246e-10
6.2912497e-10
6.2860417e-10
6.2906252e-10
6.2850003e-10
6.2887501e-10
6.2762501e-10
6.3045835e-10
6.2656252e-10
6.2793754e-10
6.2881245e-10
6.2468747e-10
6.2489575e-10
6.2445832e-10
6.2695821e-10
6.2681255e-10
6.2583333e-10
6.2595823e-10
6.2514594e-10
6.2514588e-10
6.2458333e-10
6.2625e-10
6.251874e-10
6.2433331e-10
6.230208e-10
6.2270827e-10
6.2424999e-10
6.2252081e-10
6.231875e-10
6.2083333e-10
6.2231259e-10
6.2129163e-10
6.2022915e-10
6.2129168e-10
6.2106242e-10
6.1856242e-10
6.1908334e-10
6.1879185e-10
6.1974992e-10
6.1772915e-10
6.1791661e-10
6.1858341e-10
6.1810412e-10
6.1775007e-10
6.1783345e-10
6.1760425e-10
6.1762501e-10
6.1733335e-10
6.171666e-10
6.1664573e-10
6.1645827e-10
6.1741662e-10
6.1508337e-10
6.1722916e-10
6.173958e-10
6.1618749e-10
6.165834e-10
6.1441674e-10
6.158542e-10
6.142708e-10
6.1493749e-10
6.1400002e-10
6.1366656e-10
6.1452082e-10
6.1349997e-10
6.1312505e-10
6.1383337e-10
6.1279165e-10
6.1224992e-10
6.1260419e-10
6.1314576e-10
6.1352085e-10
6.1322908e-10
6.1199995e-10
6.0877081e-10
6.1020822e-10
6.1033345e-10
6.0989575e-10
6.0891669e-10
6.0895833e-10
6.0795835e-10
6.0795829e-10
6.0833333e-10
6.0766664e-10
6.0743749e-10
6.0787497e-10
6.0841665e-10
6.0725003e-10
6.0837496e-10
6.0789584e-10
6.0737509e-10
6.0816663e-10
6.0649991e-10
6.0679173e-10
6.0718747e-10
6.058542e-10
6.0737498e-10
6.0612493e-10
6.0702093e-10
6.0541666e-10
6.0706251e-10
6.0502092e-10
6.0764582e-10
6.0600008e-10
6.0629174e-10
6.0754168e-10
6.0491673e-10
6.0641658e-10
6.0816663e-10
6.0529171e-10
6.0600003e-10
6.0660421e-10
6.053959e-10
6.0547911e-10
6.0575001e-10
6.0595834e-10
6.0489574e-10
6.0418748e-10
6.0516664e-10
6.075625e-10
6.0408334e-10
6.0387501e-10
6.0339578e-10
6.0343747e-10
6.0474992e-10
6.0329175e-10
6.0366662e-10
6.0441668e-10
6.0437494e-10
6.0433325e-10
6.0312494e-10
6.0335414e-10
6.0510419e-10
6.0572913e-10
6.0275002e-10
6.0274996e-10
6.0370825e-10
6.0400002e-10
6.0216665e-10
6.0187499e-10
6.0204169e-10
5.9829158e-10
6.0116662e-10
5.9970839e-10
5.9931254e-10
5.9768746e-10
5.9918748e-10
5.9879163e-10
5.9820837e-10
6.0156247e-10
5.9870836e-10
6.0083322e-10
5.9779176e-10
5.9622907e-10
5.969375e-10
5.9566663e-10
5.9649991e-10
5.9489574e-10
5.9447919e-10
5.9383332e-10
5.9435407e-10
5.9577082e-10
5.95125e-10
5.9389582e-10
5.9306243e-10
5.9404159e-10
5.9497918e-10
5.9360417e-10
5.9612493e-10
5.9345834e-10
5.9483329e-10
5.9470834e-10
5.9377075e-10
5.9289579e-10
5.9277078e-10
5.9374999e-10
5.9439587e-10
5.92e-10
5.9362498e-10
5.9218747e-10
5.930208e-10
5.9325e-10
5.9252075e-10
5.9287497e-10
5.9420835e-10
5.9422922e-10
5.9218747e-10
5.9235422e-10
5.918751e-10
5.9316663e-10
5.9106248e-10
5.9168748e-10
5.8881255e-10
5.8758337e-10
5.8760424e-10
5.8972927e-10
5.8818755e-10
5.878959e-10
5.880626e-10
5.8774996e-10
5.8781263e-10
5.8802085e-10
5.8812494e-10
5.8793764e-10
5.9012495e-10
5.8804162e-10
5.875625e-10
5.8779176e-10
5.8802091e-10
5.8729166e-10
5.8631255e-10
5.8810412e-10
5.8668742e-10
5.8812499e-10
5.8868743e-10
5.879166e-10
5.8658317e-10
5.8652072e-10
5.8860411e-10
5.8860433e-10
5.8725003e-10
5.8683342e-10
5.8752092e-10
5.8356242e-10
5.864792e-10
5.856457e-10
5.8599997e-10
5.8487504e-10
5.852499e-10
5.8350008e-10
5.8441663e-10
5.8522909e-10
5.8358329e-10
5.8339578e-10
5.8368749e-10
5.8162508e-10
5.8191668e-10
5.8091659e-10
5.8172911e-10
5.8145827e-10
5.8016669e-10
5.8072924e-10
5.8089583e-10
5.8241667e-10
5.8270827e-10
5.812083e-10
5.8087496e-10
5.8341665e-10
5.8185418e-10
5.8035421e-10
5.8222915e-10
5.8108329e-10
5.8081251e-10
5.829584e-10
5.8120819e-10
5.8077076e-10
5.8031246e-10
5.7920835e-10
5.8041671e-10
5.7960414e-10
5.7974997e-10
5.7877075e-10
5.7839578e-10
5.7935412e-10
5.7925004e-10
5.7872912e-10
5.805208e-10
5.7985411e-10
5.7920835e-10
5.7908339e-10
5.7997923e-10
5.799583e-10
5.7856259e-10
5.7885419e-10
5.7885413e-10
5.7908334e-10
5.7731248e-10
5.7679173e-10
5.773334e-10
5.7770833e-10
5.774583e-10
5.778541e-10
5.773958e-10
5.7674993e-10
5.7689581e-10
5.7616667e-10
5.7470834e-10
5.7735416e-10
5.7760408e-10
5.7677085e-10
5.7525001e-10
5.7562505e-10
5.7439575e-10
5.7520838e-10
5.7570826e-10
5.7585414e-10
5.7381261e-10
5.7370836e-10
5.7593752e-10
5.7593752e-10
5.7547916e-10
5.7577076e-10
5.7439581e-10
5.7445837e-10
5.7464583e-10
5.7366661e-10
5.7383337e-10
5.7291666e-10
5.7254168e-10
5.731875e-10
5.7252075e-10
5.7266664e-10
5.7260419e-10
5.7135419e-10
5.7189592e-10
5.7108335e-10
5.6864585e-10
5.6933325e-10
5.6962501e-10
5.6931249e-10
5.7018745e-10
5.7020821e-10
5.6970834e-10
5.7170835e-10
5.7100003e-10
5.7037502e-10
5.7133337e-10
5.6947924e-10
5.6987493e-10
5.6995841e-10
5.6935417e-10
5.6889587e-10
5.6887495e-10
5.6943755e-10
5.692084e-10
5.6954169e-10
5.6835414e-10
5.699583e-10
5.6793747e-10
5.6722915e-10
5.6641664e-10
5.6791666e-10
5.648958e-10
5.672291e-10
5.669375e-10
5.660834e-10
5.6543747e-10
5.6670829e-10
5.6579169e-10
5.660834e-10
5.6668742e-10
5.6689586e-10
5.6583332e-10
5.6435417e-10
5.6510419e-10
5.6406252e-10
5.6689575e-10
5.6577082e-10
5.6562505e-10
5.6331262e-10
5.644582e-10
5.6472921e-10
5.6366667e-10
5.6547927e-10
5.6395832e-10
5.6572913e-10
5.6352073e-10
5.6393745e-10
5.6377086e-10
5.6393745e-10
5.6393745e-10
5.630208e-10
5.6285415e-10
5.6470828e-10
5.6431243e-10
5.6504157e-10
5.6549992e-10
5.6487498e-10
5.6422922e-10
5.650625e-10
5.6329169e-10
5.6204164e-10
5.6287502e-10
5.6483335e-10
5.6281241e-10
5.6316662e-10
5.6562499e-10
5.6333327e-10
5.636458e-10
5.6366661e-10
5.634791e-10
5.6200006e-10
5.6402089e-10
5.6254168e-10
5.6010413e-10
5.6133326e-10
5.6133331e-10
5.6174998e-10
5.6237498e-10
5.6200006e-10
5.6218752e-10
5.6181249e-10
5.6310417e-10
5.616666e-10
5.6170835e-10
5.6233335e-10
5.6141658e-10
5.606875e-10
5.6129162e-10
5.617708e-10
5.6004168e-10
5.5972915e-10
5.5941662e-10
5.5870841e-10
5.5841654e-10
5.5718746e-10
5.573958e-10
5.5785415e-10
5.5810406e-10
5.5877081e-10
5.595e-10
5.6027089e-10
5.6110422e-10
5.60125e-10
5.5981247e-10
5.6054167e-10
5.5864585e-10
5.584167e-10
5.6060412e-10
5.5906246e-10
5.5845828e-10
5.5725008e-10
5.5706251e-10
5.5837501e-10
5.6050004e-10
5.5899996e-10
5.5839583e-10
5.5866672e-10
5.5856247e-10
5.5933341e-10
5.5837496e-10
5.5797916e-10
5.5664573e-10
5.5650001e-10
5.5775001e-10
5.5679161e-10
5.5793753e-10
5.5691662e-10
5.5787497e-10
5.5810417e-10
5.5489585e-10
5.5577082e-10
5.5602084e-10
5.5570831e-10
5.5641663e-10
5.5487503e-10
5.5508326e-10
5.554584e-10
5.5431243e-10
5.5424998e-10
5.5395832e-10
5.5404159e-10
5.5285415e-10
5.5383326e-10
5.5179161e-10
5.5222921e-10
5.5214583e-10
5.5160421e-10
5.5264582e-10
5.5152083e-10
5.5389582e-10
5.503959e-10
5.524583e-10
5.534791e-10
5.5381244e-10
5.5089583e-10
5.5210414e-10
5.5181254e-10
5.5052085e-10
5.5191662e-10
5.5091665e-10
5.5133337e-10
5.5027088e-10
5.5010418e-10
5.5122912e-10
5.4954163e-10
5.4931243e-10
5.4966665e-10
5.5118754e-10
5.508542e-10
5.5166677e-10
5.5135418e-10
5.5154165e-10
5.4987498e-10
5.5091665e-10
5.4968752e-10
5.4964577e-10
5.5043742e-10
5.5112509e-10
5.486458e-10
5.5081245e-10
5.5016663e-10
5.5002081e-10
5.5047911e-10
5.4868743e-10
5.5099997e-10
5.4914584e-10
5.5043742e-10
5.5043742e-10
5.4866661e-10
5.4891669e-10
5.4843746e-10
5.4954163e-10
5.488125e-10
5.4741667e-10
5.4849991e-10
5.4927091e-10
5.4814581e-10
5.4816668e-10
5.4727078e-10
5.4689581e-10
5.4835408e-10
5.4716653e-10
5.4781252e-10
5.4764576e-10
5.4554167e-10
5.4549998e-10
5.4452076e-10
5.4456251e-10
5.4585408e-10
5.4583327e-10
5.4470828e-10
5.4454169e-10
5.4781257e-10
5.4554167e-10
5.47e-10
5.4685417e-10
5.4541671e-10
5.462083e-10
5.4549992e-10
5.4491667e-10
5.4566657e-10
5.4681248e-10
5.4425003e-10
5.4516663e-10
5.4404165e-10
5.4452093e-10
5.4472921e-10
5.4479171e-10
5.4583332e-10
5.4270827e-10
5.4462496e-10
5.4416666e-10
5.4339572e-10
5.4466659e-10
5.4287497e-10
5.4379168e-10
5.4264576e-10
5.4470828e-10
5.433749e-10
5.4485411e-10
5.4312493e-10
5.4656257e-10
5.4299998e-10
5.4347915e-10
5.4445831e-10
5.4518756e-10
5.4572913e-10
5.4566657e-10
5.4206245e-10
5.4406252e-10
5.4383337e-10
5.4395827e-10
5.4581245e-10
5.4397914e-10
5.4185417e-10
5.4285415e-10
5.4200006e-10
5.4360422e-10
5.4250004e-10
5.4370841e-10
5.4220822e-10
5.4189581e-10
5.4289573e-10
5.4483329e-10
5.4270832e-10
5.43875e-10
5.4458332e-10
5.4256249e-10
5.4510413e-10
5.4331245e-10
5.4214594e-10
5.4097909e-10
5.4252081e-10
5.3947924e-10
5.3933324e-10
5.3999999e-10
5.3960414e-10
5.3933324e-10
5.4083332e-10
5.4064592e-10
5.4039578e-10
5.4085419e-10
5.3935417e-10
5.3868743e-10
5.395e-10
5.395e-10
5.3906246e-10
5.4062504e-10
5.3954169e-10
5.4037491e-10
5.3952076e-10
5.4016663e-10
5.3902088e-10
5.4079169e-10
5.3879173e-10
5.3843757e-10
5.3916671e-10
5.3943755e-10
5.4079163e-10
5.393333e-10
5.3891663e-10
5.3818744e-10
5.3781241e-10
5.3664589e-10
5.3602084e-10
5.3831251e-10
5.3697924e-10
5.3883337e-10
5.3541666e-10
5.3739579e-10
5.3743754e-10
5.3835419e-10
5.3825006e-10
5.3712501e-10
5.3720833e-10
5.367084e-10
5.3722921e-10
5.362083e-10
5.359167e-10
5.3727078e-10
5.3779176e-10
5.3714594e-10
5.3720833e-10
5.3785409e-10
5.36375e-10
5.3687493e-10
5.355833e-10
5.3593757e-10
5.3647914e-10
5.3862498e-10
5.3560417e-10
5.3722915e-10
5.3604171e-10
5.3743754e-10
5.3472909e-10
5.3685412e-10
5.3664578e-10
5.3745836e-10
5.3714572e-10
5.360416e-10
5.3560417e-10
5.3637511e-10
5.3599997e-10
5.3643739e-10
5.3614585e-10
5.3520827e-10
5.3664573e-10
5.3510429e-10
5.3666666e-10
5.3564581e-10
5.3422916e-10
5.3406252e-10
5.3352084e-10
5.3381249e-10
5.3289584e-10
5.3381244e-10
5.3352078e-10
5.3520838e-10
5.3360411e-10
5.3527072e-10
5.3381244e-10
5.3335414e-10
5.3400001e-10
5.3595828e-10
5.3391663e-10
5.3347915e-10
5.3137494e-10
5.3227089e-10
5.3197907e-10
5.3297922e-10
5.3087496e-10
5.3062499e-10
5.3222921e-10
5.3081245e-10
5.3233334e-10
5.3137506e-10
5.3091659e-10
5.3327082e-10
5.3289578e-10
5.3191673e-10
5.3256238e-10
5.3070826e-10
5.3116672e-10
5.3185417e-10
5.3141663e-10
5.3220833e-10
5.3022914e-10
5.3162502e-10
5.3102084e-10
5.3112498e-10
5.2947924e-10
5.3135402e-10
5.3224997e-10
5.3025001e-10
5.3133326e-10
5.2989579e-10
5.2879162e-10
5.3050003e-10
5.3112509e-10
5.2987503e-10
5.3016663e-10
5.2724997e-10
5.2877086e-10
5.2770832e-10
5.3095833e-10
5.2879162e-10
5.2962501e-10
5.2999999e-10
5.2910404e-10
5.2974997e-10
5.2962501e-10
5.2839583e-10
5.3035415e-10
5.3085419e-10
5.3072918e-10
5.2970833e-10
5.3014576e-10
5.2958327e-10
5.3020838e-10
5.2983334e-10
5.2885418e-10
5.2929161e-10
5.286459e-10
5.2843752e-10
5.2935417e-10
5.2862498e-10
5.292084e-10
5.2922916e-10
5.3037502e-10
5.2804167e-10
5.2956245e-10
5.2893756e-10
5.2793753e-10
5.2958332e-10
5.2916671e-10
5.2916665e-10
5.2958332e-10
5.2918747e-10
5.2879162e-10
5.2854165e-10
5.2877086e-10
5.276875e-10
5.2741667e-10
5.277917e-10
5.2760413e-10
5.2845833e-10
5.2806243e-10
5.2779164e-10
5.2883331e-10
5.269376e-10
5.258125e-10
5.2520827e-10
5.2577087e-10
5.2708338e-10
5.2772919e-10
5.2547916e-10
5.2681248e-10
5.2387494e-10
5.2445837e-10
5.2289584e-10
5.2537502e-10
5.2416665e-10
5.2356247e-10
5.2491672e-10
5.2266663e-10
5.2374999e-10
5.2364579e-10
5.2272914e-10
5.2408339e-10
5.2599997e-10
5.246667e-10
5.2252086e-10
5.2270838e-10
5.2233329e-10
5.2260418e-10
5.2352084e-10
5.2295834e-10
5.2395832e-10
5.2295829e-10
5.2197907e-10
5.2352073e-10
5.2150001e-10
5.2152077e-10
5.2124999e-10
5.2383331e-10
5.2347915e-10
5.1993748e-10
5.2139576e-10
5.2160415e-10
5.23875e-10
5.2172916e-10
5.2237492e-10
5.2227084e-10
5.2202082e-10
5.2197913e-10
5.2170834e-10
5.226875e-10
5.2366667e-10
5.2106247e-10
5.2325e-10
5.2214583e-10
5.217291e-10
5.225208e-10
5.2249999e-10
5.2256255e-10
5.2214583e-10
5.2187499e-10
5.2302085e-10
5.226875e-10
5.2079163e-10
5.2154164e-10
5.2208332e-10
5.2325e-10
5.2283333e-10
5.227917e-10
5.2150001e-10
5.2279159e-10
5.2197918e-10
5.1977084e-10
5.2239574e-10
5.2310417e-10
5.2274995e-10
5.2079163e-10
5.2104171e-10
5.2145832e-10
5.2299998e-10
5.2254168e-10
5.2329163e-10
5.2177079e-10
5.2091664e-10
5.2006249e-10
5.2310423e-10
5.2045834e-10
5.2174998e-10
5.1883337e-10
5.2150001e-10
5.22e-10
5.2085414e-10
5.1981247e-10
5.1939586e-10
5.2129168e-10
5.2187504e-10
5.1981247e-10
5.205833e-10
5.2014582e-10
5.1945842e-10
5.2027088e-10
5.1862498e-10
5.201875e-10
5.1897919e-10
5.1912502e-10
5.1914578e-10
5.2179161e-10
5.1912491e-10
5.1800003e-10
5.1864579e-10
5.1914584e-10
5.179166e-10
5.1839583e-10
5.1714583e-10
5.1883331e-10
5.1960414e-10
5.1758337e-10
5.1868748e-10
5.1864579e-10
5.1752086e-10
5.167291e-10
5.1637505e-10
5.1616666e-10
5.1504162e-10
5.1674998e-10
5.1695825e-10
5.1583332e-10
5.1681248e-10
5.1599991e-10
5.174583e-10
5.1606258e-10
5.1612498e-10
5.1672916e-10
5.1631244e-10
5.1635413e-10
5.1612498e-10
5.1464583e-10
5.155833e-10
5.1595828e-10
5.164375e-10
5.1499999e-10
5.1514587e-10
5.1329169e-10
5.1393745e-10
5.1443744e-10
5.164375e-10
5.1495835e-10
5.1549998e-10
5.1345828e-10
5.1527071e-10
5.1560423e-10
5.1429166e-10
5.1541676e-10
5.1258336e-10
5.1524995e-10
5.1535415e-10
5.1499999e-10
5.1541665e-10
5.1656246e-10
5.1599991e-10
5.1431243e-10
5.1366666e-10
5.1618737e-10
5.1491661e-10
5.1427096e-10
5.1341664e-10
5.1460419e-10
5.1660415e-10
5.1585414e-10
5.1589588e-10
5.1599996e-10
5.1464583e-10
5.1527083e-10
5.1404159e-10
5.150208e-10
5.1520832e-10
5.1458326e-10
5.1495835e-10
5.159167e-10
5.1525001e-10
5.137083e-10
5.1527083e-10
5.1416665e-10
5.1395838e-10
5.1385418e-10
5.1299998e-10
5.1491666e-10
5.1416665e-10
5.1343746e-10
5.1225002e-10
5.1193744e-10
5.1337501e-10
5.1464583e-10
5.1366666e-10
5.1487503e-10
5.1422927e-10
5.1460414e-10
5.1602084e-10
5.1335408e-10
5.1481253e-10
5.1356253e-10
5.131458e-10
5.1285426e-10
5.1310411e-10
5.1256249e-10
5.1256244e-10
5.1477078e-10
5.1272914e-10
5.1533339e-10
5.1424998e-10
5.1402083e-10
5.1400001e-10
5.1260413e-10
5.1547916e-10
5.1420829e-10
5.1127086e-10
5.1397919e-10
5.1281251e-10
5.13875e-10
5.1218751e-10
5.1360416e-10
5.1179172e-10
5.1389576e-10
5.129791e-10
5.1395832e-10
5.1275001e-10
5.1314591e-10
5.1347915e-10
5.1006249e-10
5.1099996e-10
5.121249e-10
5.1131249e-10
5.1139593e-10
5.1204169e-10
5.126875e-10
5.1343746e-10
5.1216659e-10
5.1264587e-10
5.121249e-10
5.1193744e-10
5.1370824e-10
5.130209e-10
5.1135413e-10
5.1120835e-10
5.1179161e-10
5.1137505e-10
5.1287496e-10
5.1200005e-10
5.1302085e-10
5.1143745e-10
5.1247911e-10
5.1285415e-10
5.117291e-10
5.1031251e-10
5.125208e-10
5.118751e-10
5.1149995e-10
5.1197924e-10
5.1118748e-10
5.1054161e-10
5.1133331e-10
5.1029159e-10
5.1191668e-10
5.0812504e-10
5.0943755e-10
5.1054166e-10
5.1095828e-10
5.0975008e-10
5.1083332e-10
5.1091664e-10
5.0745835e-10
5.0866672e-10
5.106458e-10
5.1172921e-10
5.1179172e-10
5.104166e-10
5.106458e-10
5.1066668e-10
5.1152083e-10
5.1039589e-10
5.0947918e-10
5.1079163e-10
5.0881249e-10
5.0904164e-10
5.101875e-10
5.0954163e-10
5.1018745e-10
5.0749999e-10
5.0800003e-10
5.0889576e-10
5.0931248e-10
5.0993748e-10
5.0929161e-10
5.0799992e-10
5.0900001e-10
5.0793747e-10
5.093958e-10
5.0720833e-10
5.0837495e-10
5.0927085e-10
5.0897919e-10
5.0877086e-10
5.1031246e-10
5.0664578e-10
5.0883336e-10
5.0758331e-10
5.0756255e-10
5.0900006e-10
5.1147908e-10
5.0756249e-10
5.0756249e-10
5.0822913e-10
5.0793753e-10
5.0643745e-10
5.0739579e-10
5.0820836e-10
5.0745835e-10
5.0670834e-10
5.089375e-10
5.0783322e-10
5.0733334e-10
5.0589577e-10
5.0733334e-10
5.0618743e-10
5.0622911e-10
5.0749999e-10
5.070625e-10
5.0729171e-10
5.0587501e-10
5.0658333e-10
5.046667e-10
5.0685417e-10
5.0602089e-10
5.0741666e-10
5.0641663e-10
5.0597915e-10
5.0610416e-10
5.072292e-10
5.0610416e-10
5.0693749e-10
5.0758336e-10
5.0712495e-10
5.0641674e-10
5.0554161e-10
5.0612503e-10
5.0543747e-10
5.0704163e-10
5.0631249e-10
5.0604165e-10
5.0481247e-10
5.0443749e-10
5.0341664e-10
5.0452081e-10
5.0356253e-10
5.0443749e-10
5.0370835e-10
5.0412491e-10
5.0564569e-10
5.0416671e-10
5.037083e-10
5.0345828e-10
5.0452087e-10
5.0512505e-10
5.042709e-10
5.0533339e-10
5.0414589e-10
5.0406251e-10
5.0404164e-10
5.0335414e-10
5.0264581e-10
5.0250004e-10
5.0360421e-10
5.0227084e-10
5.027917e-10
5.02625e-10
5.0179161e-10
5.022916e-10
5.0352078e-10
5.022292e-10
5.0162491e-10
5.0097915e-10
5.0152082e-10
5.0308324e-10
5.0120835e-10
5.0254162e-10
5.030833e-10
5.0260412e-10
5.0131255e-10
5.0233334e-10
5.0074994e-10
5.0172916e-10
5.0100002e-10
5.016666e-10
5.0362503e-10
5.0327092e-10
5.0297916e-10
5.0247917e-10
5.0272919e-10
5.0285409e-10
5.0289584e-10
5.028124e-10
5.0260418e-10
5.0231247e-10
5.0231252e-10
5.0320831e-10
5.0339577e-10
5.0220833e-10
5.0241672e-10
5.0431248e-10
5.025208e-10
5.0164584e-10
5.0135418e-10
5.0112497e-10
5.0243748e-10
5.0191656e-10
5.0010412e-10
5.0289589e-10
5.0310417e-10
5.0220833e-10
5.0114585e-10
5.0154164e-10
5.0287502e-10
5.0133331e-10
5.0000004e-10
5.0168747e-10
4.989375e-10
5.018333e-10
5.0081256e-10
5.0049997e-10
4.9985416e-10
4.9943749e-10
5.0135418e-10
4.9991666e-10
4.9952081e-10
5.009374e-10
5.0004173e-10
5.0091659e-10
4.9879162e-10
4.9974991e-10
5.0129167e-10
4.9968751e-10
5.0045834e-10
5.0099996e-10
4.9970833e-10
5.0033333e-10
5.0056242e-10
5.0031246e-10
4.9749999e-10
4.9881255e-10
4.992709e-10
5.0004173e-10
4.987708e-10
4.9945842e-10
4.9775001e-10
4.9754173e-10
4.9839588e-10
4.9635424e-10
4.9777082e-10
4.9879162e-10
4.9839582e-10
4.9681242e-10
4.9981252e-10
4.9935411e-10
4.9975007e-10
5.0014581e-10
5.0068755e-10
5.0174997e-10
4.9906246e-10
4.9954163e-10
5.0022914e-10
5.0037496e-10
5.0008336e-10
4.9937499e-10
5.0135418e-10
4.9962501e-10
4.9999999e-10
5.0087501e-10
5.0058335e-10
4.9985421e-10
4.9927085e-10
5.0022919e-10
4.9812499e-10
4.9887494e-10
4.9916671e-10
4.9741666e-10
5.0039584e-10
4.9802085e-10
5.0045834e-10
4.9895826e-10
4.9879162e-10
4.9885418e-10
4.9916665e-10
4.9895832e-10
4.9912502e-10
4.9818744e-10
4.9862503e-10
4.9945836e-10
4.9908339e-10
4.9879162e-10
4.9843746e-10
4.9958332e-10
4.9916671e-10
4.9849996e-10
4.999583e-10
4.9908339e-10
4.9939591e-10
4.981458e-10
4.9806242e-10
4.9829169e-10
4.9941656e-10
4.995625e-10
4.9883331e-10
4.9764581e-10
4.9889587e-10
4.9508331e-10
4.9781246e-10
4.9627086e-10
4.9839582e-10
4.9906251e-10
4.9687493e-10
4.9716664e-10
4.971667e-10
4.964375e-10
4.9614585e-10
4.9741666e-10
4.9622917e-10
4.9668752e-10
4.97e-10
4.974583e-10
4.9683335e-10
4.9754167e-10
4.9777088e-10
4.950208e-10
4.9739585e-10
4.9649995e-10
4.9531246e-10
4.9716659e-10
4.966666e-10
4.9712501e-10
4.9700005e-10
4.9454163e-10
4.956876e-10
4.9454169e-10
4.9485416e-10
4.9550003e-10
4.9362492e-10
4.953542e-10
4.9410415e-10
4.974583e-10
4.9362497e-10
4.9602084e-10
4.9427085e-10
4.9597909e-10
4.946667e-10
4.9560411e-10
4.9616677e-10
4.945625e-10
4.9727084e-10
4.9537502e-10
4.9666665e-10
4.9558335e-10
4.9547916e-10
4.9670834e-10
4.958125e-10
4.9537502e-10
4.9562499e-10
4.9499993e-10
4.956458e-10
4.9568738e-10
4.9481252e-10
4.9591664e-10
4.9645837e-10
4.9593746e-10
4.9510418e-10
4.9624999e-10
4.9700005e-10
4.9662502e-10
4.9652082e-10
4.9606247e-10
4.977917e-10
4.9587501e-10
4.9754162e-10
4.9560417e-10
4.9660415e-10
4.9533333e-10
4.9560411e-10
4.939375e-10
4.9622911e-10
4.9485416e-10
4.9691667e-10
4.964375e-10
4.9622917e-10
4.9602084e-10
4.9483329e-10
4.9443755e-10
4.974583e-10
4.9575e-10
4.9497911e-10
4.9510412e-10
4.9579169e-10
4.964375e-10
4.955833e-10
4.9708332e-10
4.9462501e-10
4.9612503e-10
4.9552079e-10
4.936459e-10
4.9568755e-10
4.936041e-10
4.9618742e-10
4.9599996e-10
4.9422921e-10
4.9381249e-10
4.9499999e-10
4.9520837e-10
4.950208e-10
4.946667e-10
4.9402077e-10
4.951875e-10
4.9479165e-10
4.9535409e-10
4.9527082e-10
4.9572912e-10
4.9370835e-10
4.9424997e-10
4.9529164e-10
4.9531251e-10
4.9470833e-10
4.9727084e-10
4.9641663e-10
4.9652082e-10
4.9414584e-10
4.9554161e-10
4.9633336e-10
4.9377086e-10
4.9606252e-10
4.9583332e-10
4.9408333e-10
4.9508336e-10
4.9431254e-10
4.9531251e-10
4.9493754e-10
4.9445836e-10
4.9362503e-10
4.9491672e-10
4.9377075e-10
4.9377091e-10
4.9422916e-10
4.9312499e-10
4.9452081e-10
4.9349996e-10
4.941042e-10
4.9237497e-10
4.9406251e-10
4.9462501e-10
4.9322918e-10
4.943333e-10
4.9483334e-10
4.930209e-10
4.93875e-10
4.9287502e-10
4.9214577e-10
4.939375e-10
4.9277088e-10
4.934167e-10
4.9406251e-10
4.9368748e-10
4.9297916e-10
4.9300003e-10
4.9235421e-10
4.9408333e-10
4.9485416e-10
4.9435417e-10
4.9408333e-10
4.9664578e-10
4.958125e-10
4.953542e-10
4.9504167e-10
4.9347915e-10
4.9406257e-10
4.9508336e-10
4.9393756e-10
4.9475007e-10
4.9612503e-10
4.9449994e-10
4.9260412e-10
4.9381249e-10
4.9281246e-10
4.9293747e-10
4.9216664e-10
4.9345833e-10
4.9210414e-10
4.8991666e-10
4.9195836e-10
4.9249999e-10
4.9235416e-10
4.9218751e-10
4.912083e-10
4.912083e-10
4.9118748e-10
4.9141663e-10
4.9016663e-10
4.9172916e-10
4.9318755e-10
4.9214582e-10
4.9262489e-10
4.9110416e-10
4.9208332e-10
4.9033333e-10
4.9239585e-10
4.9016663e-10
4.9070836e-10
4.8927079e-10
4.9131249e-10
4.9035415e-10
4.8962501e-10
4.9100002e-10
4.9047921e-10
4.8964582e-10
4.8999999e-10
4.9220827e-10
4.9083332e-10
4.8931242e-10
4.9137494e-10
4.9062504e-10
4.8889576e-10
4.912083e-10
4.9033333e-10
4.92e-10
4.9087501e-10
4.9152088e-10
4.9058335e-10
4.9060422e-10
4.9139576e-10
4.9047916e-10
4.9029159e-10
4.9172921e-10
4.8970833e-10
4.8699994e-10
4.8985421e-10
4.9070831e-10
4.8877086e-10
4.9025001e-10
4.9016663e-10
4.9014576e-10
4.887708e-10
4.8895832e-10
4.8881243e-10
4.8885418e-10
4.8822918e-10
4.8858334e-10
4.879791e-10
4.8843746e-10
4.8900006e-10
4.8841664e-10
4.8895837e-10
4.8774995e-10
4.8906246e-10
4.886041e-10
4.8908327e-10
4.8812504e-10
4.8906251e-10
4.8891668e-10
4.8983329e-10
4.8937504e-10
4.9031246e-10
4.8895837e-10
4.8795834e-10
4.8908333e-10
4.9035415e-10
4.8991666e-10
4.8949994e-10
4.8852089e-10
4.8804166e-10
4.8712495e-10
4.9102078e-10
4.8752086e-10
4.8741666e-10
4.8885418e-10
4.8879156e-10
4.8714577e-10
4.8931242e-10
4.8891668e-10
4.8922916e-10
4.8777088e-10
4.8858334e-10
4.8974996e-10
4.9056254e-10
4.8879162e-10
4.8929161e-10
4.8831245e-10
4.8920834e-10
4.8764576e-10
4.8993742e-10
4.8872917e-10
4.8762494e-10
4.8879167e-10
4.8843746e-10
4.8883331e-10
4.8693743e-10
4.8818749e-10
4.8770832e-10
4.8747917e-10
4.8750004e-10
4.876875e-10
4.8754173e-10
4.8797916e-10
4.8604171e-10
4.86375e-10
4.8866672e-10
4.8635423e-10
4.8641663e-10
4.8710419e-10
4.8572918e-10
4.8758331e-10
4.8727089e-10
4.8716664e-10
4.8816667e-10
4.8879162e-10
4.8747917e-10
4.8770826e-10
4.8731247e-10
4.8770832e-10
4.8860421e-10
4.8618748e-10
4.8695836e-10
4.8808335e-10
4.8900001e-10
4.8883331e-10
4.8679172e-10
4.8683335e-10
4.8793752e-10
4.8864585e-10
4.8733334e-10
4.891042e-10
4.8804172e-10
4.8691667e-10
4.87625e-10
4.880833e-10
4.8779175e-10
4.8885418e-10
4.8783333e-10
4.8793752e-10
4.8985416e-10
4.8656251e-10
4.886459e-10
4.8720838e-10
4.9033333e-10
4.895625e-10
4.8883336e-10
4.8658333e-10
4.8802079e-10
4.8947912e-10
4.8900006e-10
4.8862497e-10
4.8899995e-10
4.8850002e-10
4.8947923e-10
4.8912496e-10
4.8916665e-10
4.9075e-10
4.9016669e-10
4.9045829e-10
4.895e-10
4.8891663e-10
4.897292e-10
4.9049997e-10
4.8941667e-10
4.8785409e-10
4.8910415e-10
4.8891668e-10
4.880833e-10
4.8827087e-10
4.877917e-10
4.8660415e-10
4.8843751e-10
4.90125e-10
4.8789583e-10
4.8872917e-10
4.8829168e-10
4.8766668e-10
4.8706256e-10
4.8697923e-10
4.8650006e-10
4.8720827e-10
4.8829168e-10
4.8677085e-10
4.8733328e-10
4.8625004e-10
4.8560411e-10
4.8850002e-10
4.8599996e-10
4.8652082e-10
4.8624998e-10
4.854166e-10
4.8470827e-10
4.8575e-10
4.8720833e-10
4.8602083e-10
4.8568749e-10
4.8870835e-10
4.8622917e-10
4.8637505e-10
4.8756249e-10
4.8735416e-10
4.8647913e-10
4.8683335e-10
4.8731247e-10
4.8491666e-10
4.8691667e-10
4.8691667e-10
4.8495835e-10
4.847292e-10
4.8543758e-10
4.8447918e-10
4.8635418e-10
4.8547916e-10
4.837708e-10
4.8499993e-10
4.853542e-10
4.8664583e-10
4.8545834e-10
4.8529164e-10
4.8697912e-10
4.865417e-10
4.8537502e-10
4.8429166e-10
4.843958e-10
4.8570836e-10
4.8589588e-10
4.8537507e-10
4.8441667e-10
4.8477083e-10
4.8354165e-10
4.8579168e-10
4.8345833e-10
4.8585413e-10
4.8449994e-10
4.8441662e-10
4.845625e-10
4.8227078e-10
4.8402082e-10
4.8287496e-10
4.8366661e-10
4.8468746e-10
4.8372917e-10
4.8245835e-10
4.8599996e-10
4.8364579e-10
4.8468751e-10
4.8614585e-10
4.8470838e-10
4.8322918e-10
4.8545834e-10
4.848334e-10
4.8589588e-10
4.8481252e-10
4.8570831e-10
4.8552085e-10
4.8443755e-10
4.8560422e-10
4.85125e-10
4.8497911e-10
4.8468751e-10
4.8549992e-10
4.8470838e-10
4.8562504e-10
4.8504162e-10
4.8572907e-10
4.8568743e-10
4.8639587e-10
4.8477083e-10
4.8529158e-10
4.8400006e-10
4.8562504e-10
4.847292e-10
4.8512494e-10
4.8462506e-10
4.839375e-10
4.8374998e-10
4.8156251e-10
4.8354165e-10
4.8402088e-10
4.8385418e-10
4.8437504e-10
4.8381249e-10
4.8479165e-10
4.8395837e-10
4.8381249e-10
4.8427079e-10
4.8675003e-10
4.8427079e-10
4.8400006e-10
4.8422916e-10
4.8470833e-10
4.8450005e-10
4.8202087e-10
4.8368753e-10
4.8283333e-10
4.8356252e-10
4.8431248e-10
4.8287502e-10
4.8481252e-10
4.8302085e-10
4.8212495e-10
4.8320836e-10
4.8366661e-10
4.8368748e-10
4.848541e-10
4.8299997e-10
4.8304172e-10
4.8324994e-10
4.8345833e-10
4.8312498e-10
4.8377086e-10
4.8016663e-10
4.8325e-10
4.816042e-10
4.8168741e-10
4.8156251e-10
4.8325005e-10
4.814375e-10
4.824583e-10
4.8304166e-10
4.8249993e-10
4.8306242e-10
4.8329163e-10
4.8183341e-10
4.8031251e-10
4.8218746e-10
4.8389587e-10
4.8139581e-10
4.8210425e-10
4.8372917e-10
4.8124998e-10
4.8195831e-10
4.8322912e-10
4.8370841e-10
4.8135418e-10
4.8160415e-10
4.8387494e-10
4.8333337e-10
4.8308341e-10
4.843333e-10
4.8222915e-10
4.8360416e-10
4.8383336e-10
4.8287502e-10
4.8316667e-10
4.8270837e-10
4.8179161e-10
4.8254162e-10
4.8164578e-10
4.8364585e-10
4.8239585e-10
4.82625e-10
4.8470838e-10
4.8481252e-10
4.8452081e-10
4.8377086e-10
4.8179166e-10
4.8241672e-10
4.8356247e-10
4.8466664e-10
4.8258336e-10
4.8293752e-10
4.8391663e-10
4.7997911e-10
4.8327081e-10
4.8300003e-10
4.8343751e-10
4.8181253e-10
4.8181248e-10
4.8218757e-10
4.8085413e-10
4.8045834e-10
4.820625e-10
4.8191662e-10
4.8145832e-10
4.8177085e-10
4.8118748e-10
4.7974996e-10
4.814375e-10
4.8154164e-10
4.8087506e-10
4.8085419e-10
4.8177079e-10
4.8156246e-10
4.8202081e-10
4.8085419e-10
4.810416e-10
4.8031251e-10
4.8027082e-10
4.8066667e-10
4.8187493e-10
4.8002091e-10
4.8014581e-10
4.809167e-10
4.8116655e-10
4.8124998e-10
4.8045834e-10
4.8047916e-10
4.8156251e-10
4.8099996e-10
4.8077081e-10
4.8231252e-10
4.8054166e-10
4.8116666e-10
4.8122906e-10
4.8143745e-10
4.7914583e-10
4.7945825e-10
4.8089582e-10
4.8085419e-10
4.8004167e-10
4.8062498e-10
4.8020826e-10
4.8162496e-10
4.8039583e-10
4.8085413e-10
4.8172921e-10
4.8202087e-10
4.8170834e-10
4.8087506e-10
4.8058324e-10
4.800208e-10
4.7904175e-10
4.7962501e-10
4.8043752e-10
4.7924997e-10
4.7985421e-10
4.7804172e-10
4.796249e-10
4.7993753e-10
4.7852083e-10
4.7902088e-10
4.7908327e-10
4.7824994e-10
4.7868748e-10
4.7866672e-10
4.7816662e-10
4.7958337e-10
4.8020826e-10
4.7820836e-10
4.7839577e-10
4.8043747e-10
4.787083e-10
4.7872917e-10
4.8039589e-10
4.7875004e-10
4.7870835e-10
4.7827087e-10
4.8066662e-10
4.7916671e-10
4.7954168e-10
4.792709e-10
4.7914583e-10
4.8018756e-10
4.7772913e-10
4.7931253e-10
4.7804166e-10
4.7735416e-10
4.7741661e-10
4.7837495e-10
4.7931248e-10
4.7883331e-10
4.7764581e-10
4.7891663e-10
4.7902088e-10
4.7825e-10
4.7795834e-10
4.7997917e-10
4.7879156e-10
4.7747917e-10
4.7533327e-10
4.7960413e-10
4.7758342e-10
4.7843751e-10
4.7802085e-10
4.8033333e-10
4.795625e-10
4.7716664e-10
4.7735416e-10
4.78875e-10
4.7818749e-10
4.7856258e-10
4.770625e-10
4.7635412e-10
4.7741672e-10
4.7589582e-10
4.7829168e-10
4.7833326e-10
4.784792e-10
4.7827081e-10
4.7991666e-10
4.7760418e-10
4.7797916e-10
4.7872917e-10
4.7856247e-10
4.7931253e-10
4.7862497e-10
4.7795834e-10
4.7995835e-10
4.771667e-10
4.7904175e-10
4.80125e-10
4.795625e-10
4.7902088e-10
4.7760412e-10
4.7872917e-10
4.8033338e-10
4.8114579e-10
4.7991661e-10
4.7758342e-10
4.7899995e-10
4.7970838e-10
4.7941667e-10
4.7943749e-10
4.7881249e-10
4.7816662e-10
4.7814586e-10
4.8031246e-10
4.7885412e-10
4.7906251e-10
4.7860416e-10
4.7939586e-10
4.7999998e-10
4.7802079e-10
4.8068749e-10
4.7958337e-10
4.7870841e-10
4.7818749e-10
4.7827076e-10
4.7983328e-10
4.8025001e-10
4.8020826e-10
4.772292e-10
4.7937498e-10
4.8016668e-10
4.7916665e-10
4.7941667e-10
4.7979165e-10
4.7839588e-10
4.7743748e-10
4.7974996e-10
4.7770832e-10
4.8070842e-10
4.8037502e-10
4.809167e-10
4.7895832e-10
4.8145837e-10
4.7985416e-10
4.8147913e-10
4.7985416e-10
4.7889581e-10
4.8008336e-10
4.8041665e-10
4.7845833e-10
4.806458e-10
4.7860416e-10
4.8045834e-10
4.7999993e-10
4.789375e-10
4.7852083e-10
4.7906251e-10
4.7947918e-10
4.7864585e-10
4.7745835e-10
4.7983334e-10
4.7839582e-10
4.7897925e-10
4.7797921e-10
4.7937504e-10
4.7843751e-10
4.7839588e-10
4.7756249e-10
4.7852078e-10
4.7854171e-10
4.7845833e-10
4.7729165e-10
4.7785415e-10
4.7720833e-10
4.7799997e-10
4.7724996e-10
4.776875e-10
4.777917e-10
4.8043747e-10
4.7845827e-10
4.793958e-10
4.7856252e-10
4.7918752e-10
4.7854171e-10
4.7914583e-10
4.7881249e-10
4.7747911e-10
4.7654175e-10
4.7681248e-10
4.7804172e-10
4.7827081e-10
4.7856258e-10
4.7758336e-10
4.7745835e-10
4.7727089e-10
4.7556248e-10
4.7766668e-10
4.7775001e-10
4.772292e-10
4.7960419e-10
4.7589582e-10
4.7687504e-10
4.7737503e-10
4.7599996e-10
4.7685417e-10
4.7624998e-10
4.7606247e-10
4.7737492e-10
4.7679166e-10
4.7762505e-10
4.7829168e-10
4.7664589e-10
4.7747917e-10
4.7827087e-10
4.7733328e-10
4.77625e-10
4.7693738e-10
4.7639576e-10
4.7616661e-10
4.7635418e-10
4.7572912e-10
4.7475002e-10
4.7710425e-10
4.7760423e-10
4.7593751e-10
4.7479165e-10
4.7585424e-10
4.7583337e-10
4.7685417e-10
4.7785415e-10
4.7391668e-10
4.7595833e-10
4.7520843e-10
4.7516668e-10
4.7645837e-10
4.7352078e-10
4.7468751e-10
4.743958e-10
4.7537502e-10
4.7335419e-10
4.7522913e-10
4.7414589e-10
4.7483334e-10
4.7275001e-10
4.7402088e-10
4.7437504e-10
4.7291665e-10
4.7552084e-10
4.7300008e-10
4.7335419e-10
4.7425003e-10
4.7418741e-10
4.7408333e-10
4.7472914e-10
4.7470833e-10
4.7391668e-10
4.7368748e-10
4.7531251e-10
4.7460413e-10
4.7414583e-10
4.7477083e-10
4.7493748e-10
4.7695825e-10
4.7485416e-10
4.7558335e-10
4.7554155e-10
4.7574994e-10
4.7510418e-10
4.7579168e-10
4.7458332e-10
4.7477083e-10
4.7504167e-10
4.7714582e-10
4.7639587e-10
4.7654169e-10
4.7729165e-10
4.7658333e-10
4.7854165e-10
4.7649995e-10
4.7610416e-10
4.7797916e-10
4.7708337e-10
4.7620835e-10
4.761459e-10
4.7572918e-10
4.7656251e-10
4.7447918e-10
4.7635412e-10
4.7589582e-10
4.7777082e-10
4.7731252e-10
4.7639581e-10
4.7645832e-10
4.759374e-10
4.7758336e-10
4.7764587e-10
4.7577087e-10
4.7760412e-10
4.7724996e-10
4.7675003e-10
4.7683335e-10
4.779166e-10
4.7639576e-10
4.7695836e-10
4.7770837e-10
4.7595833e-10
4.7493753e-10
4.764375e-10
4.7506254e-10
4.7541671e-10
4.7510418e-10
4.767709e-10
4.7566667e-10
4.7602089e-10
4.7454168e-10
4.7533333e-10
4.7312498e-10
4.7483334e-10
4.7633331e-10
4.7506254e-10
4.7562498e-10
4.7437498e-10
4.7414578e-10
4.739375e-10
4.745625e-10
4.7483328e-10
4.7510418e-10
4.7543752e-10
4.7462501e-10
4.7418752e-10
4.7449994e-10
4.7300003e-10
4.7493748e-10
4.7643745e-10
4.7595833e-10
4.753542e-10
4.7343757e-10
4.7556248e-10
4.7435411e-10
4.7512505e-10
4.7595827e-10
4.7402082e-10
4.7516663e-10
4.7468751e-10
4.7395832e-10
4.7550003e-10
4.7549997e-10
4.7493748e-10
4.7422916e-10
4.7479171e-10
4.7485416e-10
4.7508336e-10
4.7385418e-10
4.7499998e-10
4.7695831e-10
4.750208e-10
4.7502086e-10
4.739375e-10
4.742709e-10
4.7585419e-10
4.7595833e-10
4.7497917e-10
4.768958e-10
4.7400001e-10
4.7462495e-10
4.7406251e-10
4.7325005e-10
4.7356247e-10
4.7333343e-10
4.7685411e-10
4.7372911e-10
4.7516674e-10
4.7335413e-10
4.7366661e-10
4.7541665e-10
4.7445836e-10
4.7470833e-10
4.7529164e-10
4.7370835e-10
4.7318749e-10
4.7218751e-10
4.7443743e-10
4.7354171e-10
4.7458332e-10
4.741042e-10
4.7433341e-10
4.7468751e-10
4.7539583e-10
4.7347909e-10
4.7429161e-10
4.7366666e-10
4.7322918e-10
4.7310411e-10
4.7320831e-10
4.7525001e-10
4.7291665e-10
4.7449994e-10
4.7360416e-10
4.7429166e-10
4.7585419e-10
4.7545839e-10
4.750208e-10
4.7310417e-10
4.7372922e-10
4.7387494e-10
4.7447912e-10
4.730209e-10
4.7445836e-10
4.7433329e-10
4.7420834e-10
4.7295834e-10
4.7425003e-10
4.7260418e-10
4.7433335e-10
4.7214577e-10
4.7379167e-10
4.7204168e-10
4.7385418e-10
4.750208e-10
4.7479171e-10
4.7312504e-10
4.7383331e-10
4.7404164e-10
4.7291671e-10
4.7349996e-10
4.7404164e-10
4.7310422e-10
4.7318749e-10
4.7283333e-10
4.7545839e-10
4.7354165e-10
4.7339582e-10
4.7327087e-10
4.7514587e-10
4.7333337e-10
4.7179166e-10
4.7318754e-10
4.7237497e-10
4.7212495e-10
4.7329168e-10
4.7143744e-10
4.7264581e-10
4.7225002e-10
4.7206244e-10
4.7237508e-10
4.7299997e-10
4.7362503e-10
4.7231247e-10
4.7220833e-10
4.7266657e-10
4.7291671e-10
4.7327087e-10
4.7350002e-10
4.7254162e-10
4.7347914e-10
4.7170828e-10
4.7541671e-10
4.7366661e-10
4.7497917e-10
4.7354159e-10
4.7352078e-10
4.7441662e-10
4.7325005e-10
4.7468751e-10
4.7370829e-10
4.7416665e-10
4.7297916e-10
4.7441667e-10
4.7400001e-10
4.7266668e-10
4.7324999e-10
4.7216664e-10
4.736041e-10
4.7385412e-10
4.745625e-10
4.7185422e-10
4.7316662e-10
4.7197912e-10
4.7247917e-10
4.7324999e-10
4.7385418e-10
4.7264576e-10
4.7272913e-10
4.7210419e-10
4.7312493e-10
4.7231247e-10
4.7264576e-10
4.7279164e-10
4.7262494e-10
4.7174997e-10
4.7350002e-10
4.7293747e-10
4.7366666e-10
4.7277082e-10
4.7299997e-10
4.7379162e-10
4.7266668e-10
4.7185422e-10
4.7241666e-10
4.7345838e-10
4.7258331e-10
4.7214582e-10
4.7412507e-10
4.7233334e-10
4.7114579e-10
4.7320836e-10
4.7225007e-10
4.7391663e-10
4.7427079e-10
4.7293747e-10
4.7254162e-10
4.7314586e-10
4.7320831e-10
4.7391663e-10
4.7429166e-10
4.7370829e-10
4.7291665e-10
4.7252091e-10
4.7402077e-10
4.7185417e-10
4.7241661e-10
4.7316667e-10
4.7297921e-10
4.7243748e-10
4.7368753e-10
4.7227078e-10
4.7327087e-10
4.7293747e-10
4.7218751e-10
4.7247917e-10
4.7106247e-10
4.7172921e-10
4.722292e-10
4.7243753e-10
4.7264581e-10
4.722292e-10
4.7264581e-10
4.7112497e-10
4.7310417e-10
4.7170834e-10
4.7252086e-10
4.7247911e-10
4.7260407e-10
4.7352089e-10
4.7295834e-10
4.7131243e-10
4.7187493e-10
4.7147913e-10
4.7324999e-10
4.7208332e-10
4.7168752e-10
4.7199999e-10
4.7389581e-10
4.7260418e-10
4.7320836e-10
4.7227083e-10
4.7208332e-10
4.7114584e-10
4.7289583e-10
4.7379167e-10
4.7391663e-10
4.7314586e-10
4.7439574e-10
4.7231247e-10
4.7352083e-10
4.7324999e-10
4.7277082e-10
4.7187504e-10
4.7195836e-10
4.7285414e-10
4.7364584e-10
4.7064586e-10
4.7247917e-10
4.7272913e-10
4.7089582e-10
4.7087495e-10
4.708125e-10
4.7220833e-10
4.726875e-10
4.7208332e-10
4.7270837e-10
4.7175003e-10
4.7260412e-10
4.7300003e-10
4.7404169e-10
4.7410409e-10
4.7102078e-10
4.701875e-10
4.7193743e-10
4.7152082e-10
4.7181248e-10
4.7243753e-10
4.7366661e-10
4.7060417e-10
4.7137499e-10
4.708125e-10
4.7070836e-10
4.7093746e-10
4.7004167e-10
4.7162502e-10
4.7293758e-10
4.7235421e-10
4.7174997e-10
4.7220833e-10
4.7154158e-10
4.7200005e-10
4.7022913e-10
4.6981247e-10
4.6983339e-10
4.7110421e-10
4.7129162e-10
4.7210419e-10
4.6949994e-10
4.6897919e-10
4.7058329e-10
4.7087501e-10
4.7083332e-10
4.7045839e-10
4.7056248e-10
4.7083337e-10
4.725208e-10
4.7027082e-10
4.7104165e-10
4.7091664e-10
4.7056248e-10
4.7262499e-10
4.6991672e-10
4.7039583e-10
4.7145837e-10
4.7247917e-10
4.7066673e-10
4.7141668e-10
4.7104165e-10
4.7018744e-10
4.7135418e-10
4.7031246e-10
4.7329174e-10
4.7239584e-10
4.7379162e-10
4.7160414e-10
4.7385418e-10
4.7191667e-10
4.7145832e-10
4.7233339e-10
4.7170834e-10
4.7168747e-10
4.7233339e-10
4.7062504e-10
4.7152077e-10
4.7312493e-10
4.723541e-10
4.718958e-10
4.7275001e-10
4.7277088e-10
4.7012505e-10
4.7089582e-10
4.7214582e-10
4.7135418e-10
4.7074999e-10
4.6889587e-10
4.7087501e-10
4.6937493e-10
4.7102083e-10
4.7154169e-10
4.7110421e-10
4.698959e-10
4.6999998e-10
4.7045828e-10
4.695625e-10
4.7145832e-10
4.7049997e-10
4.7039583e-10
4.7243753e-10
4.7033333e-10
4.7331244e-10
4.7177084e-10
4.7289583e-10
4.7281251e-10
4.7281251e-10
4.7112514e-10
4.7049997e-10
4.7304161e-10
4.7166659e-10
4.7097914e-10
4.7237514e-10
4.7218746e-10
4.7179172e-10
4.7181248e-10
4.7287496e-10
4.7027082e-10
4.7202087e-10
4.7139576e-10
4.7070842e-10
4.7043752e-10
4.7202081e-10
4.7154169e-10
4.7260412e-10
4.7089588e-10
4.7070836e-10
4.7077081e-10
4.7179166e-10
4.7187504e-10
4.6943754e-10
4.7135423e-10
4.7143756e-10
4.6987497e-10
4.7137505e-10
4.7233334e-10
4.7106247e-10
4.7110421e-10
4.7020837e-10
4.7066667e-10
4.7056248e-10
4.7185417e-10
4.7233334e-10
4.712708e-10
4.7154164e-10
4.7158333e-10
4.7150001e-10
4.6966669e-10
4.7056248e-10
4.725208e-10
4.7033338e-10
4.7116666e-10
4.714375e-10
4.7025001e-10
4.7179166e-10
4.7083337e-10
4.7175003e-10
4.7070836e-10
4.7058335e-10
4.7108328e-10
4.6993748e-10
4.7156257e-10
4.731458e-10
4.7095838e-10
4.7129162e-10
4.7033333e-10
4.7058329e-10
4.697292e-10
4.7102089e-10
4.7170839e-10
4.7104165e-10
4.7150001e-10
4.7093746e-10
4.7004167e-10
4.7062498e-10
4.7062493e-10
4.6958332e-10
4.7045834e-10
4.7133331e-10
4.6818743e-10
4.6958332e-10
4.6843757e-10
4.6935417e-10
4.6977089e-10
4.6929161e-10
4.697292e-10
4.7002086e-10
4.704791e-10
4.6862503e-10
4.703542e-10
4.6912507e-10
4.6852083e-10
4.6860416e-10
4.7006254e-10
4.7064591e-10
4.6970838e-10
4.6979171e-10
4.6931253e-10
4.7052079e-10
4.6866672e-10
4.6937504e-10
4.7031251e-10
4.6931248e-10
4.6883336e-10
4.6800008e-10
4.7052084e-10
4.6989584e-10
4.6991666e-10
4.6789589e-10
4.6943754e-10
4.6791665e-10
4.6856247e-10
4.6947918e-10
4.6931248e-10
4.6870841e-10
4.6925003e-10
4.6960413e-10
4.6820831e-10
4.6795834e-10
4.6906251e-10
4.7064586e-10
4.6883331e-10
4.6939586e-10
4.704791e-10
4.6877086e-10
4.6883336e-10
4.6847914e-10
4.6839588e-10
4.6912502e-10
4.6895832e-10
4.6827087e-10
4.6937493e-10
4.6993753e-10
4.6802084e-10
4.6812498e-10
4.6789583e-10
4.6983328e-10
4.6964577e-10
4.6866666e-10
4.6991666e-10
4.7108334e-10
4.6904164e-10
4.7168752e-10
4.6987497e-10
4.6910414e-10
4.7208337e-10
4.6931253e-10
4.7085419e-10
4.7018756e-10
4.7012505e-10
4.7150001e-10
4.7345833e-10
4.7016663e-10
4.7129162e-10
4.7102083e-10
4.7120829e-10
4.7222914e-10
4.7193749e-10
4.6970838e-10
4.7102078e-10
4.7150001e-10
4.7110416e-10
4.7087501e-10
4.7293752e-10
4.6887505e-10
4.7085419e-10
4.7120829e-10
4.7170834e-10
4.7231252e-10
4.7124998e-10
4.7356247e-10
4.7052079e-10
4.7199994e-10
4.7137499e-10
4.7091658e-10
4.7141663e-10
4.7106252e-10
4.7150001e-10
4.7093746e-10
4.6954163e-10
4.7214582e-10
4.7045839e-10
4.7164583e-10
4.709374e-10
4.7210419e-10
4.7010418e-10
4.6964582e-10
4.708125e-10
4.7029164e-10
4.7147908e-10
4.7066667e-10
4.7227083e-10
4.7249998e-10
4.7268744e-10
4.7183335e-10
4.7239584e-10
4.7112508e-10
4.7168752e-10
4.7087501e-10
4.7066667e-10
4.7054166e-10
4.7052079e-10
4.6935411e-10
4.7262499e-10
4.7149995e-10
4.7033333e-10
4.7104165e-10
4.7039578e-10
4.6943749e-10
4.6966669e-10
4.6891668e-10
4.6908327e-10
4.7052079e-10
4.6789583e-10
4.6935411e-10
4.7008331e-10
4.6841669e-10
4.690624e-10
4.6877086e-10
4.6783333e-10
4.6906246e-10
4.6929161e-10
4.6889581e-10
4.7056248e-10
4.701875e-10
4.6852078e-10
4.6839582e-10
4.7014587e-10
4.7041671e-10
4.7097914e-10
4.691042e-10
4.6947918e-10
4.6849996e-10
4.7037502e-10
4.6856252e-10
4.6927084e-10
4.6900001e-10
4.7062493e-10
4.6974996e-10
4.6966669e-10
4.6908333e-10
4.6824999e-10
4.6993748e-10
4.7033333e-10
4.6845833e-10
4.6785414e-10
4.6877086e-10
4.6677079e-10
4.6777088e-10
4.7060417e-10
4.6983334e-10
4.6935417e-10
4.6943749e-10
4.6993748e-10
4.6977083e-10
4.7129162e-10
4.6925003e-10
4.7027082e-10
4.7014581e-10
4.6912502e-10
4.7024995e-10
4.7087501e-10
4.7114584e-10
4.6904164e-10
4.7106252e-10
4.6812498e-10
4.6910414e-10
4.6829163e-10
4.6891663e-10
4.6864579e-10
4.6770832e-10
4.6920839e-10
4.6937504e-10
4.6887499e-10
4.7004162e-10
4.6902088e-10
4.6891663e-10
4.7097914e-10
4.6879167e-10
4.6795834e-10
4.7056248e-10
4.6850002e-10
4.6950005e-10
4.6891668e-10
4.6883331e-10
4.6810411e-10
4.6874998e-10
4.6739579e-10
4.6862497e-10
4.6931248e-10
4.6877091e-10
4.6931248e-10
4.6724996e-10
4.6914583e-10
4.6904169e-10
4.6912502e-10
4.668958e-10
4.6900001e-10
4.6702087e-10
4.6702081e-10
4.6647913e-10
4.6633342e-10
4.6858334e-10
4.6822918e-10
4.6662507e-10
4.6895832e-10
4.6831239e-10
4.6645832e-10
4.6829168e-10
4.6718746e-10
4.6995841e-10
4.6777088e-10
4.6799997e-10
4.6900001e-10
4.6931248e-10
4.6879167e-10
4.6979171e-10
4.6943749e-10
4.6910409e-10
4.6777082e-10
4.6729165e-10
4.6872922e-10
4.6854171e-10
4.6777088e-10
4.6835419e-10
4.689375e-10
4.6874993e-10
4.6966664e-10
4.6791671e-10
4.6993748e-10
4.6927084e-10
4.7068754e-10
4.7068743e-10
4.7037502e-10
4.7062498e-10
4.6933335e-10
4.6887499e-10
4.6883336e-10
4.6920828e-10
4.6791665e-10
4.6658333e-10
4.6866666e-10
4.6774995e-10
4.6760423e-10
4.6799997e-10
4.6808329e-10
4.6989584e-10
4.6879162e-10
4.6922921e-10
4.6897913e-10
4.6743753e-10
4.6924997e-10
4.6764581e-10
4.7045839e-10
4.6914583e-10
4.6889581e-10
4.671874e-10
4.6910409e-10
4.6758336e-10
4.6739584e-10
4.6858334e-10
4.6970838e-10
4.7008336e-10
4.6937493e-10
4.6864579e-10
4.695625e-10
4.6858339e-10
4.6858334e-10
4.6766663e-10
4.6766668e-10
4.6645837e-10
4.6799997e-10
4.6879167e-10
4.6977089e-10
4.6808341e-10
4.6762499e-10
4.6837495e-10
4.6789583e-10
4.6647919e-10
4.6743748e-10
4.6637499e-10
4.7004167e-10
4.6727089e-10
4.6881249e-10
4.6866672e-10
4.6902077e-10
4.7081244e-10
4.6804172e-10
4.6935417e-10
4.6868748e-10
4.6610416e-10
4.6925003e-10
4.6970838e-10
4.6966669e-10
4.6812504e-10
4.6797916e-10
4.6762499e-10
4.6962495e-10
4.6883336e-10
4.670625e-10
4.7004162e-10
4.6691667e-10
4.6881243e-10
4.6775001e-10
4.6720833e-10
4.6954168e-10
4.6849996e-10
4.6835413e-10
4.6785409e-10
4.6775001e-10
4.6627086e-10
4.6881243e-10
4.6935411e-10
4.6689591e-10
4.6850002e-10
4.6695831e-10
4.6791659e-10
4.6700005e-10
4.6743753e-10
4.6829163e-10
4.6733334e-10
4.6645826e-10
4.6599996e-10
4.6681253e-10
4.6764587e-10
4.6710419e-10
4.6670828e-10
4.6683335e-10
4.6647919e-10
4.6852083e-10
4.6720833e-10
4.6656257e-10
4.6724996e-10
4.6531251e-10
4.6810417e-10
4.6756254e-10
4.6716664e-10
4.6704163e-10
4.6729171e-10
4.6618748e-10
4.6925003e-10
4.6697918e-10
4.6699999e-10
4.6733334e-10
4.6927079e-10
4.6762494e-10
4.6572912e-10
4.6679161e-10
4.6800003e-10
4.6670834e-10
4.6747917e-10
4.6579163e-10
4.6693749e-10
4.6483337e-10
4.6658333e-10
4.6624998e-10
4.6710413e-10
4.6612503e-10
4.6685406e-10
4.6631249e-10
4.6791671e-10
4.6679172e-10
4.6672921e-10
4.6660414e-10
4.6670834e-10
4.6777082e-10
4.6633336e-10
4.6875004e-10
4.6833332e-10
4.6858328e-10
4.6731252e-10
4.6608334e-10
4.6977078e-10
4.6662496e-10
4.6622917e-10
4.6762499e-10
4.6800003e-10
4.6816667e-10
4.6764587e-10
4.6641663e-10
4.6850002e-10
4.6766663e-10
4.6679166e-10
4.6729165e-10
4.6833337e-10
4.6831244e-10
4.6777082e-10
4.6743748e-10
4.6793747e-10
4.6822918e-10
4.6743748e-10
4.6952087e-10
4.6760412e-10
4.6835413e-10
4.6850007e-10
4.6652082e-10
4.7010418e-10
4.6641668e-10
4.6704163e-10
4.6666671e-10
4.6662502e-10
4.6647913e-10
4.6691662e-10
4.6799997e-10
4.6591669e-10
4.670625e-10
4.670625e-10
4.6695831e-10
4.6733334e-10
4.6562498e-10
4.6604171e-10
4.6720833e-10
4.6708332e-10
4.6687504e-10
4.666042e-10
4.6656246e-10
4.6637505e-10
4.6810422e-10
4.6854171e-10
4.6725002e-10
4.6670834e-10
4.6633336e-10
4.6537499e-10
4.662708e-10
4.6622922e-10
4.6843746e-10
4.6827081e-10
4.6493748e-10
4.6829174e-10
4.6645832e-10
4.6618742e-10
4.6745829e-10
4.6631243e-10
4.6625004e-10
4.6808329e-10
4.6716664e-10
4.644167e-10
4.6652088e-10
4.6712501e-10
4.6574999e-10
4.6593751e-10
4.6654164e-10
4.6683335e-10
4.6620829e-10
4.6691667e-10
4.6633331e-10
4.6547921e-10
4.6541668e-10
4.6633342e-10
4.64875e-10
4.653333e-10
4.6552087e-10
4.6804172e-10
4.6762505e-10
4.6639587e-10
4.6645832e-10
4.6587495e-10
4.6674997e-10
4.6466669e-10
4.6641663e-10
4.662708e-10
4.6666665e-10
4.671043e-10
4.6577081e-10
4.6714588e-10
4.6483334e-10
4.659792e-10
4.6779169e-10
4.6541673e-10
4.6560419e-10
4.6729165e-10
4.664375e-10
4.6677084e-10
4.6627086e-10
4.6620835e-10
4.6587495e-10
4.6654169e-10
4.6597914e-10
4.6606252e-10
4.655e-10
4.6747917e-10
4.6572912e-10
4.6693749e-10
4.6531254e-10
4.6797916e-10
4.6629167e-10
4.6572923e-10
4.6489584e-10
4.6745835e-10
4.6516666e-10
4.6583332e-10
4.6662496e-10
4.6733339e-10
4.6595827e-10
4.6535414e-10
4.6656251e-10
4.6650001e-10
4.6610421e-10
4.6581256e-10
4.6693749e-10
4.6412507e-10
4.6556242e-10
4.6656251e-10
4.6614584e-10
4.6675003e-10
4.6620835e-10
4.6579168e-10
4.6656251e-10
4.6629167e-10
4.6499996e-10
4.6727089e-10
4.6574994e-10
4.6597914e-10
4.6454166e-10
4.6570831e-10
4.658125e-10
4.6493756e-10
4.6791671e-10
4.6547913e-10
4.651875e-10
4.6612503e-10
4.662708e-10
4.6479171e-10
4.6675003e-10
4.6587501e-10
4.6754167e-10
4.6537502e-10
4.6731247e-10
4.6837501e-10
4.6574999e-10
4.6739579e-10
4.6883331e-10
4.6622911e-10
4.6664583e-10
4.6577081e-10
4.6760418e-10
4.6702087e-10
4.6635418e-10
4.6691667e-10
4.6677084e-10
4.6664583e-10
4.6770832e-10
4.6770837e-10
4.6868748e-10
4.6687498e-10
4.6783327e-10
4.681458e-10
4.6581256e-10
4.6793752e-10
4.6633331e-10
4.6727083e-10
4.6639581e-10
4.6787496e-10
4.6585419e-10
4.6527079e-10
4.6745829e-10
4.6620829e-10
4.6727083e-10
4.6635418e-10
4.6895832e-10
4.6595833e-10
4.6797916e-10
4.6687504e-10
4.6731252e-10
4.6691662e-10
4.6802084e-10
4.6543752e-10
4.6670834e-10
4.6518753e-10
4.6587501e-10
4.6502086e-10
4.6754167e-10
4.6508325e-10
4.6462498e-10
4.6508336e-10
4.6554169e-10
4.661459e-10
4.6608334e-10
4.6520826e-10
4.6714577e-10
4.6633331e-10
4.6662496e-10
4.6679166e-10
4.6672916e-10
4.6543744e-10
4.6662502e-10
4.6795834e-10
4.6620829e-10
4.6577087e-10
4.6508336e-10
4.662708e-10
4.6602083e-10
4.6749998e-10
4.6579168e-10
4.6458334e-10
4.6595827e-10
4.6708337e-10
4.6679161e-10
4.6524998e-10
4.6525003e-10
4.6691662e-10
4.6683324e-10
4.6629167e-10
4.6524998e-10
4.6581244e-10
4.654791e-10
4.655209e-10
4.6395829e-10
4.6508339e-10
4.6556245e-10
4.6635418e-10
4.6531243e-10
4.6539586e-10
4.6379167e-10
4.6479165e-10
4.6370835e-10
4.6462495e-10
4.6422913e-10
4.6366672e-10
4.6508333e-10
4.62125e-10
4.6454166e-10
4.6300003e-10
4.6360413e-10
4.6439583e-10
4.6456247e-10
4.6256254e-10
4.6397919e-10
4.6181253e-10
4.6329166e-10
4.6404161e-10
4.6158335e-10
4.6487497e-10
4.6504164e-10
4.639375e-10
4.6322915e-10
4.6418744e-10
4.6187501e-10
4.6354168e-10
4.6193757e-10
4.6239584e-10
4.6585424e-10
4.6552084e-10
4.6395829e-10
4.6325005e-10
4.616667e-10
4.6333334e-10
4.6474999e-10
4.6229162e-10
4.6443749e-10
4.6443752e-10
4.6085413e-10
4.6185414e-10
4.6308332e-10
4.6447915e-10
4.6341672e-10
4.6452084e-10
4.6360413e-10
4.6443749e-10
4.6552084e-10
4.6295828e-10
4.6462503e-10
4.6502083e-10
4.6435417e-10
4.6491666e-10
4.6368756e-10
4.6306248e-10
4.6458329e-10
4.6435408e-10
4.6591658e-10
4.6439583e-10
4.6393753e-10
4.6372917e-10
4.6341661e-10
4.6468746e-10
4.6620835e-10
4.6631254e-10
4.6479162e-10
4.6295831e-10
4.6445831e-10
4.634583e-10
4.6439583e-10
4.6364573e-10
4.6472917e-10
4.6587501e-10
4.6570831e-10
4.6583332e-10
4.6568754e-10
4.6522916e-10
4.6562496e-10
4.6454166e-10
4.6683335e-10
4.6514584e-10
4.6606252e-10
4.6506254e-10
4.6358331e-10
4.6541668e-10
4.6570836e-10
4.6381249e-10
4.6422921e-10
4.6508333e-10
4.6614579e-10
4.6502074e-10
4.6343754e-10
4.6529164e-10
4.6558332e-10
4.6406248e-10
4.6556245e-10
4.6570836e-10
4.6652082e-10
4.6654169e-10
4.6656251e-10
4.6708332e-10
4.6554172e-10
4.6693754e-10
4.6497917e-10
4.6595833e-10
4.6602083e-10
4.6606247e-10
4.6583332e-10
4.6558338e-10
4.6670834e-10
4.6566667e-10
4.6754167e-10
4.6804166e-10
4.6587495e-10
4.6643744e-10
4.6645826e-10
4.6666665e-10
4.6510412e-10
4.6602083e-10
4.6660414e-10
4.6695831e-10
4.6643744e-10
4.6606247e-10
4.6629173e-10
4.6568754e-10
4.6560417e-10
4.6600002e-10
4.6358334e-10
4.6600002e-10
4.6477083e-10
4.651875e-10
4.6402082e-10
4.6447909e-10
4.6495835e-10
4.6458334e-10
4.6387491e-10
4.6650006e-10
4.6558338e-10
4.6477083e-10
4.6658333e-10
4.6514578e-10
4.6406243e-10
4.6560408e-10
4.6391674e-10
4.6516666e-10
4.6418747e-10
4.6510423e-10
4.6502086e-10
4.6381249e-10
4.6443746e-10
4.6383333e-10
4.6491666e-10
4.6429169e-10
4.6541662e-10
4.6368745e-10
4.6385412e-10
4.6425e-10
4.6422916e-10
4.6449999e-10
4.631667e-10
4.6300003e-10
4.637499e-10
4.6375001e-10
4.6541671e-10
4.647292e-10
4.6389587e-10
4.6372914e-10
4.6356252e-10
4.6391663e-10
4.6368751e-10
4.6218745e-10
4.6506254e-10
4.6502088e-10
4.6341669e-10
4.6385418e-10
4.6341669e-10
4.6345833e-10
4.6418749e-10
4.6483334e-10
4.6320828e-10
4.6322912e-10
4.6312498e-10
4.6527085e-10
4.6233339e-10
4.6500001e-10
4.6418747e-10
4.6572918e-10
4.6356249e-10
4.6416665e-10
4.6477083e-10
4.6395829e-10
4.6377083e-10
4.6474996e-10
4.6356247e-10
4.6256246e-10
4.6220833e-10
4.6414586e-10
4.6504162e-10
4.6514584e-10
4.6325002e-10
4.6374998e-10
4.6183332e-10
4.6320831e-10
4.6452078e-10
4.6356252e-10
4.6410417e-10
4.6474996e-10
4.6406254e-10
4.6431251e-10
4.6506249e-10
4.6268753e-10
4.6299997e-10
4.6402082e-10
4.6437504e-10
4.6495832e-10
4.6352083e-10
4.6337501e-10
4.6510412e-10
4.6456253e-10
4.6422918e-10
4.6424994e-10
4.6349999e-10
4.6424994e-10
4.650208e-10
4.6339582e-10
4.6475002e-10
4.6481255e-10
4.6347914e-10
4.6420831e-10
4.6350002e-10
4.6243748e-10
4.6327084e-10
4.6283327e-10
4.6406248e-10
4.6310417e-10
4.6233337e-10
4.6229162e-10
4.6431251e-10
4.6383333e-10
4.6414586e-10
4.6372917e-10
4.6454166e-10
4.6285414e-10
4.6416662e-10
4.6500001e-10
4.6304163e-10
4.6539583e-10
4.6383331e-10
4.6527085e-10
4.6352081e-10
4.6343748e-10
4.624375e-10
4.6374998e-10
4.6391666e-10
4.6393744e-10
4.6399998e-10
4.6354165e-10
4.6314583e-10
4.6431245e-10
4.6320831e-10
4.6466664e-10
4.6652077e-10
4.6479171e-10
4.6493753e-10
4.6512502e-10
4.6622911e-10
4.6481249e-10
4.6564577e-10
4.6479171e-10
4.6287496e-10
4.645625e-10
4.6356247e-10
4.6404169e-10
4.6470838e-10
4.6435422e-10
4.6647919e-10
4.6585424e-10
4.6562504e-10
4.6410414e-10
4.6666671e-10
4.6604165e-10
4.6558338e-10
4.6704163e-10
4.6622917e-10
4.6691667e-10
4.6508336e-10
4.6462495e-10
4.6324999e-10
4.6468751e-10
4.6525001e-10
4.6474996e-10
4.6420831e-10
4.6454171e-10
4.6397916e-10
4.6468754e-10
4.6479171e-10
4.6514584e-10
4.6489587e-10
4.6516666e-10
4.6445833e-10
4.6454171e-10
4.6477078e-10
4.6431245e-10
4.6524998e-10
4.6458323e-10
4.6577081e-10
4.6487506e-10
4.6412499e-10
4.6527082e-10
4.6435419e-10
4.6379167e-10
4.6512491e-10
4.664375e-10
4.6525006e-10
4.6577087e-10
4.6529172e-10
4.6685417e-10
4.6318754e-10
4.6610421e-10
4.6487506e-10
4.6568749e-10
4.6283335e-10
4.6556253e-10
4.6502083e-10
4.6560414e-10
4.6727083e-10
4.6568749e-10
4.6812498e-10
4.6381252e-10
4.6525003e-10
4.6522916e-10
4.6472914e-10
4.6418744e-10
4.6543749e-10
4.6370835e-10
4.6541662e-10
4.656876e-10
4.6545831e-10
4.6624998e-10
4.6481249e-10
4.6485413e-10
4.6687498e-10
4.6545834e-10
4.6499996e-10
4.6570836e-10
4.6574999e-10
4.6416659e-10
4.6512502e-10
4.6599996e-10
4.6531251e-10
4.6320842e-10
4.6395829e-10
4.651875e-10
4.6424997e-10
4.6408338e-10
4.6464585e-10
4.6522922e-10
4.6474996e-10
4.6520837e-10
4.6597914e-10
4.6558329e-10
4.6385418e-10
4.6425006e-10
4.6318752e-10
4.6383333e-10
4.6462498e-10
4.6385415e-10
4.6450005e-10
4.6504167e-10
4.634583e-10
4.6322918e-10
4.6391666e-10
4.6327084e-10
4.6425008e-10
4.6377083e-10
4.6437496e-10
4.6574999e-10
4.6372919e-10
4.6410417e-10
4.6543752e-10
4.6485427e-10
4.6402082e-10
4.6427084e-10
4.6447912e-10
4.6606252e-10
4.6635412e-10
4.6508339e-10
4.6318746e-10
4.6397916e-10
4.6504167e-10
4.6422921e-10
4.6306253e-10
4.6312504e-10
4.6483326e-10
4.6487497e-10
4.6491666e-10
4.6395832e-10
4.6516666e-10
4.6427087e-10
4.6614584e-10
4.6514584e-10
4.6485421e-10
4.6383336e-10
4.6606247e-10
4.6547913e-10
4.6489584e-10
4.6597914e-10
4.6585419e-10
4.6422916e-10
4.655e-10
4.6579163e-10
4.6454168e-10
4.6477086e-10
4.6402085e-10
4.6574999e-10
4.6554169e-10
4.6420831e-10
4.6464582e-10
4.6522916e-10
4.6352081e-10
4.6316673e-10
4.6464582e-10
4.6343748e-10
4.6437504e-10
4.6275e-10
4.6518747e-10
4.6356249e-10
4.6362506e-10
4.6393753e-10
4.6527082e-10
4.6583337e-10
4.6614584e-10
4.6481258e-10
4.6422918e-10
4.6379164e-10
4.6408336e-10
4.6439591e-10
4.6414586e-10
4.6364587e-10
4.6302082e-10
4.6304163e-10
4.6437496e-10
4.6302079e-10
4.6318743e-10
4.6308335e-10
4.6256249e-10
4.6193749e-10
4.615833e-10
4.6339579e-10
4.6202089e-10
4.611875e-10
4.6481249e-10
4.6279167e-10
4.6352083e-10
4.6272922e-10
4.6214582e-10
4.63625e-10
4.6314586e-10
4.6416665e-10
4.6254167e-10
4.6318746e-10
4.6214588e-10
4.6356249e-10
4.6341675e-10
4.6337498e-10
4.6329166e-10
4.6310419e-10
4.6297913e-10
4.6412499e-10
4.6381252e-10
4.6424997e-10
4.6279167e-10
4.6349999e-10
4.6235421e-10
4.615e-10
4.6104168e-10
4.6164586e-10
4.6308332e-10
4.625208e-10
4.6247922e-10
4.6170837e-10
4.6287502e-10
4.6170837e-10
4.6035414e-10
4.6200002e-10
4.6185417e-10
4.6189585e-10
4.6247914e-10
4.6347917e-10
4.6187501e-10
4.6185417e-10
4.6385418e-10
4.6347917e-10
4.6243759e-10
4.6306245e-10
4.624584e-10
4.61125e-10
4.6185414e-10
4.5995829e-10
4.6193754e-10
4.6110424e-10
4.623959e-10
4.6231247e-10
4.6208329e-10
4.6250001e-10
4.6189583e-10
4.6475002e-10
4.6281248e-10
4.6252083e-10
4.6302082e-10
4.6274998e-10
4.6181248e-10
4.6045837e-10
4.6168752e-10
4.6204168e-10
4.6404167e-10
4.626875e-10
4.6260418e-10
4.6314583e-10
4.6216672e-10
4.6337501e-10
4.6306248e-10
4.6177076e-10
4.6452081e-10
4.6247919e-10
4.611875e-10
4.6337503e-10
4.6374998e-10
4.6364576e-10
4.6085419e-10
4.6285417e-10
4.6324997e-10
4.6177087e-10
4.6272916e-10
4.6187501e-10
4.6264587e-10
4.6295837e-10
4.625833e-10
4.6416665e-10
4.6366663e-10
4.6299997e-10
4.6091672e-10
4.637708e-10
4.6320839e-10
4.6389589e-10
4.6279164e-10
4.6412499e-10
4.6579168e-10
4.6518744e-10
4.6195836e-10
4.637708e-10
4.6314588e-10
4.6308329e-10
4.6389587e-10
4.6143758e-10
4.6252085e-10
4.6241669e-10
4.6272922e-10
4.6293758e-10
4.6374996e-10
4.6402085e-10
4.6445831e-10
4.6393758e-10
4.6470833e-10
4.6427079e-10
4.6435422e-10
4.6366674e-10
4.6410423e-10
4.6347912e-10
4.6481255e-10
4.6233337e-10
4.6460416e-10
4.6195833e-10
4.6185417e-10
4.6383336e-10
4.6462503e-10
4.6349996e-10
4.6420828e-10
4.6304166e-10
4.6254167e-10
4.6174994e-10
4.6335416e-10
4.6329163e-10
4.6299997e-10
4.6393747e-10
4.651875e-10
4.6437501e-10
4.6387502e-10
4.6147913e-10
4.6464582e-10
4.6218748e-10
4.6370838e-10
4.6279172e-10
4.6447918e-10
4.6397924e-10
4.6337501e-10
4.6424997e-10
4.6375004e-10
4.6391671e-10
4.6181248e-10
4.6272911e-10
4.6277082e-10
4.6189585e-10
4.6210419e-10
4.6214585e-10
4.6204168e-10
4.6041665e-10
4.6137499e-10
4.6074999e-10
4.6208334e-10
4.6095833e-10
4.6254167e-10
4.6385423e-10
4.6389589e-10
4.6304161e-10
4.6281248e-10
4.6206253e-10
4.6418749e-10
4.6112494e-10
4.6406251e-10
4.6341672e-10
4.6106247e-10
4.6218745e-10
4.6195836e-10
4.6102086e-10
4.6345836e-10
4.6412504e-10
4.6362503e-10
4.6341672e-10
4.6389584e-10
4.6164589e-10
4.6335419e-10
4.6270837e-10
4.6289594e-10
4.622292e-10
4.6458337e-10
4.6352083e-10
4.6477083e-10
4.6425003e-10
4.6341678e-10
4.6233328e-10
4.6420831e-10
4.6516663e-10
4.6366658e-10
4.6297918e-10
4.6195839e-10
4.6474993e-10
4.6279175e-10
4.6449997e-10
4.6281246e-10
4.6366663e-10
4.6237497e-10
4.6358339e-10
4.6337503e-10
4.6295837e-10
4.6306253e-10
4.6231252e-10
4.6375004e-10
4.6247919e-10
4.6300005e-10
4.6475002e-10
4.6335422e-10
4.6337498e-10
4.6343748e-10
4.6354165e-10
4.6385412e-10
4.6370832e-10
4.6333326e-10
4.6358331e-10
4.6195836e-10
4.6200005e-10
4.625833e-10
4.6262502e-10
4.6304166e-10
4.6237497e-10
4.6302084e-10
4.6216672e-10
4.6291665e-10
4.6431251e-10
4.6224993e-10
4.6277088e-10
4.6289583e-10
4.6358331e-10
4.6349999e-10
4.6293749e-10
4.6270829e-10
4.626875e-10
4.6470824e-10
4.6227078e-10
4.6375007e-10
4.6587506e-10
4.6462506e-10
4.6275003e-10
4.6587506e-10
4.6447915e-10
4.634583e-10
4.6320839e-10
4.6410414e-10
4.6118756e-10
4.6443741e-10
4.6343746e-10
4.625208e-10
4.6335416e-10
4.6489584e-10
4.6154164e-10
4.6358337e-10
4.6360413e-10
4.6339582e-10
4.6460422e-10
4.6368751e-10
4.63e-10
4.6416673e-10
4.6474996e-10
4.6368751e-10
4.6427084e-10
4.6395832e-10
4.6366669e-10
4.6356252e-10
4.627084e-10
4.6324997e-10
4.6410417e-10
4.6320842e-10
4.6358337e-10
4.6429166e-10
4.6302084e-10
4.6347914e-10
4.622708e-10
4.6445833e-10
4.6377077e-10
4.6256252e-10
4.6204168e-10
4.6210419e-10
4.6437501e-10
4.6306248e-10
4.6362503e-10
4.6397919e-10
4.6318746e-10
4.6460419e-10
4.658125e-10
4.6335419e-10
4.6456253e-10
4.6214588e-10
4.6304169e-10
4.6343754e-10
4.6233334e-10
4.6462495e-10
4.6320839e-10
4.6402082e-10
4.6318752e-10
4.6291668e-10
4.6091672e-10
4.6224999e-10
4.6302084e-10
4.6270829e-10
4.6202075e-10
4.6114579e-10
4.6162499e-10
4.6212492e-10
4.6364582e-10
4.6283335e-10
4.6189585e-10
4.6222917e-10
4.6320839e-10
4.625833e-10
4.6445831e-10
4.6322918e-10
4.6414581e-10
4.6322912e-10
4.6464582e-10
4.6422913e-10
4.6412493e-10
4.6381249e-10
4.6306253e-10
4.6427082e-10
4.6291662e-10
4.6283335e-10
4.6172915e-10
4.6391666e-10
4.6487506e-10
4.6262497e-10
4.6222917e-10
4.6189583e-10
4.62375e-10
4.6304172e-10
4.6166665e-10
4.6272911e-10
4.6156254e-10
4.6304169e-10
4.6320831e-10
4.6239587e-10
4.6254167e-10
4.6320839e-10
4.6339585e-10
4.6216664e-10
4.6189583e-10
4.6372914e-10
4.6302084e-10
4.6179163e-10
4.6095833e-10
4.6120832e-10
4.6110407e-10
4.6400001e-10
4.616458e-10
4.6100002e-10
4.6160423e-10
4.6239579e-10
4.6120832e-10
4.6020834e-10
4.6154167e-10
4.6277085e-10
4.6197918e-10
4.6149992e-10
4.6141665e-10
4.6304166e-10
4.6283338e-10
4.6237503e-10
4.6199997e-10
4.600417e-10
4.6152077e-10
4.6116669e-10
4.6191662e-10
4.6189585e-10
4.6310414e-10
4.6222917e-10
4.6320833e-10
4.6206253e-10
4.6254167e-10
4.6262502e-10
4.6304163e-10
4.6093751e-10
4.6200002e-10
4.6308327e-10
4.6381254e-10
4.6356252e-10
4.6210416e-10
4.6441664e-10
4.6295831e-10
4.6324999e-10
4.6410417e-10
4.6247922e-10
4.6320833e-10
4.6402082e-10
4.6287496e-10
4.6127083e-10
4.6154164e-10
4.6287496e-10
4.6189583e-10
4.6320828e-10
4.6137499e-10
4.6210416e-10
4.6252088e-10
4.611875e-10
4.6320842e-10
4.6187498e-10
4.6202089e-10
4.6354162e-10
4.6387502e-10
4.6154164e-10
4.6218751e-10
4.6070839e-10
4.6141665e-10
4.613333e-10
4.6210416e-10
4.6118753e-10
4.624584e-10
4.6168749e-10
4.6047915e-10
4.6122914e-10
