3.2916667e-10
3.3079159e-10
3.2981251e-10
3.2837497e-10
3.2966666e-10
3.2760422e-10
3.2937503e-10
3.2916664e-10
3.3149999e-10
3.2958336e-10
3.3108333e-10
3.2824998e-10
3.2866662e-10
3.2783334e-10
3.2935416e-10
3.2910419e-10
3.2908334e-10
3.3045833e-10
3.2710418e-10
3.3043748e-10
3.2806252e-10
3.2856251e-10
3.2833333e-10
3.2972919e-10
3.2860417e-10
3.292292e-10
3.3027084e-10
3.2977082e-10
3.2964584e-10
3.2868747e-10
3.3002087e-10
3.2997916e-10
3.2918751e-10
3.3012501e-10
3.303125e-10
3.2806258e-10
3.3127082e-10
3.2872916e-10
3.2927083e-10
3.2887504e-10
3.3016664e-10
3.3193751e-10
3.3018752e-10
3.3035422e-10
3.3022923e-10
3.3012501e-10
3.3139583e-10
3.2906244e-10
3.3152089e-10
3.3039582e-10
3.3035416e-10
3.2962505e-10
3.2850003e-10
3.3041667e-10
3.3052083e-10
3.3087505e-10
3.3072919e-10
3.2887501e-10
3.2835423e-10
3.3058331e-10
3.2956257e-10
3.3022915e-10
3.2916664e-10
3.2958339e-10
3.2964581e-10
3.2964589e-10
3.3041669e-10
3.3012498e-10
3.280208e-10
3.3102085e-10
3.3112504e-10
3.298333e-10
3.298542e-10
3.3170836e-10
3.3149997e-10
3.3166669e-10
3.3337502e-10
3.2833333e-10
3.3145831e-10
3.3022915e-10
3.3049996e-10
3.3004172e-10
3.2981248e-10
3.2966671e-10
3.3058337e-10
3.3110414e-10
3.3050002e-10
3.2833339e-10
3.28125e-10
3.2839581e-10
3.2997913e-10
3.2929168e-10
3.2964584e-10
3.2881248e-10
3.3054165e-10
3.2864583e-10
3.3006248e-10
3.3004169e-10
3.2960418e-10
3.2949996e-10
3.2837497e-10
3.2920833e-10
3.2993747e-10
3.2683337e-10
3.2939579e-10
3.2724995e-10
3.2958333e-10
3.2649999e-10
3.2941658e-10
3.3143752e-10
3.2985423e-10
3.3081252e-10
3.2920836e-10
3.2966666e-10
3.3202083e-10
3.3020831e-10
3.3083331e-10
3.2931249e-10
3.2997916e-10
3.2956249e-10
3.2789582e-10
3.2893746e-10
3.3089578e-10
3.2706249e-10
3.2879169e-10
3.2735417e-10
3.2870828e-10
3.2820824e-10
3.2956252e-10
3.2810418e-10
3.2870831e-10
3.3087499e-10
3.3066666e-10
3.3106248e-10
3.2897915e-10
3.2987499e-10
3.3087494e-10
3.2925004e-10
3.2774999e-10
3.26e-10
3.3033329e-10
3.2918751e-10
3.3070838e-10
3.3110414e-10
3.2714587e-10
3.2937503e-10
3.2989581e-10
3.3083333e-10
3.292292e-10
3.3195832e-10
3.2924999e-10
3.3133329e-10
3.2877079e-10
3.3022915e-10
3.3322914e-10
3.3112504e-10
3.3035416e-10
3.2733335e-10
3.2841665e-10
3.3020839e-10
3.2927083e-10
3.3037498e-10
3.2945829e-10
3.3108336e-10
3.2881251e-10
3.2870834e-10
3.3170833e-10
3.3083333e-10
3.2910419e-10
3.2950001e-10
3.3066663e-10
3.3072911e-10
3.2883332e-10
3.2729164e-10
3.285833e-10
3.2991662e-10
3.2945832e-10
3.2797912e-10
3.3068751e-10
3.2845834e-10
3.2866668e-10
3.2977085e-10
3.3087499e-10
3.2772915e-10
3.3174999e-10
3.2993749e-10
3.3127084e-10
3.2735417e-10
3.2931249e-10
3.3049999e-10
3.2943753e-10
3.2772915e-10
3.2947914e-10
3.2883332e-10
3.2916667e-10
3.2837497e-10
3.3089581e-10
3.2877087e-10
3.3085418e-10
3.2772909e-10
3.3158332e-10
3.275625e-10
3.3010414e-10
3.2716668e-10
3.3e-10
3.2912506e-10
3.2945841e-10
3.2956252e-10
3.2845834e-10
3.2835415e-10
3.3012501e-10
3.2989578e-10
3.2754166e-10
3.2977082e-10
3.3018749e-10
3.3033334e-10
3.2804162e-10
3.2910419e-10
3.3066666e-10
3.2837497e-10
3.2774994e-10
3.310833e-10
3.2964581e-10
3.2895831e-10
3.3041664e-10
3.271875e-10
3.270833e-10
3.2829167e-10
3.2697917e-10
3.2697908e-10
3.2770828e-10
3.2833336e-10
3.2752082e-10
3.2793751e-10
3.2912501e-10
3.2968753e-10
3.2785419e-10
3.2802078e-10
3.2895828e-10
3.2947919e-10
3.2891673e-10
3.2889583e-10
3.2937503e-10
3.2983333e-10
3.2877079e-10
3.3047914e-10
3.2920833e-10
3.3033337e-10
3.2910413e-10
3.2885422e-10
3.2997916e-10
3.29375e-10
3.2852077e-10
3.2808331e-10
3.2962505e-10
3.2766667e-10
3.2785416e-10
3.3197919e-10
3.2866662e-10
3.2881256e-10
3.2770828e-10
3.3033337e-10
3.2920838e-10
3.2874997e-10
3.2816663e-10
3.2889585e-10
3.2885422e-10
3.2814584e-10
3.3068753e-10
3.2649999e-10
3.3058337e-10
3.2750005e-10
3.295208e-10
3.2912501e-10
3.2497913e-10
3.2997916e-10
3.2870831e-10
3.2602088e-10
3.2693748e-10
3.2920827e-10
3.2854164e-10
3.2766675e-10
3.2789582e-10
3.3072917e-10
3.2883335e-10
3.2504172e-10
3.2831252e-10
3.2683331e-10
3.2752082e-10
3.3025002e-10
3.2879169e-10
3.2991665e-10
3.2785413e-10
3.2685418e-10
3.3010411e-10
3.2883335e-10
3.2724998e-10
3.2677086e-10
3.3081254e-10
3.2854167e-10
3.2904166e-10
3.2785413e-10
3.2933339e-10
3.2950001e-10
3.2716671e-10
3.2879169e-10
3.2700001e-10
3.2825001e-10
3.2568748e-10
3.2762504e-10
3.282917e-10
3.2847913e-10
3.2960407e-10
3.2558331e-10
3.2672917e-10
3.2977085e-10
3.2881248e-10
3.2945829e-10
3.2947917e-10
3.2814579e-10
3.2862499e-10
3.2710418e-10
3.2785419e-10
3.2960421e-10
3.264167e-10
3.2841668e-10
3.292292e-10
3.2981248e-10
3.2654163e-10
3.2806249e-10
3.2693753e-10
3.2860417e-10
3.2856246e-10
3.2754166e-10
3.2785416e-10
3.2679162e-10
3.2883329e-10
3.2550004e-10
3.2889583e-10
3.2570832e-10
3.2720834e-10
3.2854161e-10
3.2904163e-10
3.2787506e-10
3.2899997e-10
3.2904166e-10
3.2595829e-10
3.28125e-10
3.2724998e-10
3.2833333e-10
3.3047917e-10
3.2752084e-10
3.279583e-10
3.2935418e-10
3.2881248e-10
3.2931255e-10
3.2852085e-10
3.2887501e-10
3.2845829e-10
3.2891662e-10
3.2931247e-10
3.2941661e-10
3.2837497e-10
3.2916664e-10
3.2835418e-10
3.2714581e-10
3.2845829e-10
3.2770828e-10
3.2783332e-10
3.2760419e-10
3.267708e-10
3.263125e-10
3.2908334e-10
3.2874997e-10
3.2941669e-10
3.2683334e-10
3.2937503e-10
3.2870831e-10
3.2954167e-10
3.3041667e-10
3.2922917e-10
3.283333e-10
3.2958336e-10
3.2897918e-10
3.2908337e-10
3.3068753e-10
3.2704164e-10
3.2989586e-10
3.290625e-10
3.2983333e-10
3.2791669e-10
3.2685415e-10
3.2875e-10
3.3102088e-10
3.2862502e-10
3.279583e-10
3.2812505e-10
3.2827085e-10
3.2822917e-10
3.2916667e-10
3.2824998e-10
3.2699995e-10
3.3097913e-10
3.2956249e-10
3.2729167e-10
3.2770839e-10
3.279583e-10
3.275834e-10
3.2681247e-10
3.2743752e-10
3.2858333e-10
3.2864583e-10
3.2585418e-10
3.2931247e-10
3.2958336e-10
3.2658337e-10
3.2816669e-10
3.2760414e-10
3.2872913e-10
3.2843753e-10
3.2995834e-10
3.2681244e-10
3.3004166e-10
3.2877084e-10
3.2795835e-10
3.2902081e-10
3.2745831e-10
3.2875e-10
3.2989583e-10
3.2697917e-10
3.285833e-10
3.2883335e-10
3.259375e-10
3.2872918e-10
3.2858338e-10
3.2718753e-10
3.2922912e-10
3.301458e-10
3.290625e-10
3.2881248e-10
3.2858333e-10
3.3002082e-10
3.2635417e-10
3.2820832e-10
3.2897918e-10
3.2885419e-10
3.2804168e-10
3.2835415e-10
3.2766664e-10
3.2956252e-10
3.2789579e-10
3.2837502e-10
3.2749997e-10
3.2793751e-10
3.2702088e-10
3.2822917e-10
3.3004166e-10
3.3377082e-10
3.3095829e-10
3.298542e-10
3.2839584e-10
3.2877084e-10
3.2735414e-10
3.2810421e-10
3.2822917e-10
3.2612502e-10
3.2674999e-10
3.2712497e-10
3.2893757e-10
3.2814582e-10
3.261042e-10
3.2818753e-10
3.2625008e-10
3.2895836e-10
3.2893743e-10
3.2914579e-10
3.2987499e-10
3.2604167e-10
3.2691669e-10
3.2908337e-10
3.2760419e-10
3.2720834e-10
3.2843747e-10
3.2868749e-10
3.2764585e-10
3.2791667e-10
3.2931252e-10
3.2979164e-10
3.2756245e-10
3.2847916e-10
3.3077083e-10
3.2683328e-10
3.2770839e-10
3.2945829e-10
3.2835415e-10
3.2695835e-10
3.2760419e-10
3.2825001e-10
3.2841668e-10
3.2922912e-10
3.2802083e-10
3.2770833e-10
3.2885417e-10
3.2902081e-10
3.2899999e-10
3.2737499e-10
3.2895831e-10
3.2958336e-10
3.2960415e-10
3.2981251e-10
3.3041667e-10
3.3020833e-10
3.2943748e-10
3.3033334e-10
3.3291669e-10
3.3235414e-10
3.3702083e-10
3.4116665e-10
3.5125003e-10
3.5760411e-10
3.6637496e-10
3.7364584e-10
3.8100004e-10
3.8737499e-10
3.9652079e-10
4.0114587e-10
4.0818754e-10
4.1385423e-10
4.1747922e-10
4.2372914e-10
4.2772921e-10
4.319583e-10
4.3268752e-10
4.3652088e-10
4.3889586e-10
4.4120838e-10
4.4393744e-10
4.4479173e-10
4.4741669e-10
4.4647916e-10
4.493125e-10
4.4929166e-10
4.5329163e-10
4.5341661e-10
4.545625e-10
4.5352078e-10
4.5416662e-10
4.5849996e-10
4.5558329e-10
4.5979162e-10
4.5933332e-10
4.591042e-10
4.5974996e-10
4.594167e-10
4.5983339e-10
4.6404172e-10
4.5945836e-10
4.6093751e-10
4.6108323e-10
4.6002085e-10
4.6262499e-10
4.5912502e-10
4.6081255e-10
4.6106249e-10
4.6010412e-10
4.6268753e-10
4.6206255e-10
4.6058329e-10
4.619792e-10
4.6049997e-10
4.605e-10
4.6027088e-10
4.5962506e-10
4.5977078e-10
4.5993745e-10
4.5860415e-10
4.6102086e-10
4.5827084e-10
4.5777085e-10
4.5839585e-10
4.57375e-10
4.5589585e-10
4.5800003e-10
4.5691673e-10
4.5439591e-10
4.5616669e-10
4.5564583e-10
4.5604162e-10
4.5422915e-10
4.5445833e-10
4.5245835e-10
4.518958e-10
4.5256252e-10
4.5154172e-10
4.4983334e-10
4.5031254e-10
4.500417e-10
4.4970833e-10
4.537708e-10
4.4599999e-10
4.4950005e-10
4.5037496e-10
4.4899998e-10
4.4883333e-10
4.5110415e-10
4.4747914e-10
4.4762499e-10
4.4587503e-10
4.4891657e-10
4.4666673e-10
4.4635423e-10
4.4535423e-10
4.4537501e-10
4.4543746e-10
4.4554166e-10
4.4535417e-10
4.4606246e-10
4.4437501e-10
4.4343754e-10
4.4358334e-10
4.4318751e-10
4.4308335e-10
4.4462498e-10
4.4195836e-10
4.4404164e-10
4.4152079e-10
4.416042e-10
4.4162501e-10
4.4133333e-10
4.4058329e-10
4.4114587e-10
4.3918749e-10
4.3870832e-10
4.3710421e-10
4.3858334e-10
4.372292e-10
4.3802079e-10
4.4062506e-10
4.3743756e-10
4.3566664e-10
4.3683332e-10
4.366458e-10
4.3589579e-10
4.3522919e-10
4.3506251e-10
4.3777079e-10
4.353958e-10
4.3187506e-10
4.3272921e-10
4.3258336e-10
4.3137494e-10
4.3202084e-10
4.3308335e-10
4.3124998e-10
4.3293757e-10
4.3104167e-10
4.3156254e-10
4.3287504e-10
4.3229173e-10
4.2952084e-10
4.2979165e-10
4.3147919e-10
4.2910417e-10
4.3147919e-10
4.2875001e-10
4.3008339e-10
4.2806253e-10
4.2818751e-10
4.2793755e-10
4.3022916e-10
4.2693751e-10
4.2843748e-10
4.2568751e-10
4.2700002e-10
4.2685416e-10
4.2370829e-10
4.2737502e-10
4.2641671e-10
4.2468751e-10
4.2385423e-10
4.272292e-10
4.246041e-10
4.2495835e-10
4.2485412e-10
4.2252077e-10
4.2516668e-10
4.2143755e-10
4.2072917e-10
4.2193754e-10
4.2443749e-10
4.2329162e-10
4.2152087e-10
4.2218753e-10
4.23375e-10
4.2099996e-10
4.2100001e-10
4.2100001e-10
4.2260417e-10
4.2064577e-10
4.2197915e-10
4.1937495e-10
4.2050011e-10
4.209792e-10
4.1916667e-10
4.1985423e-10
4.1977086e-10
4.183125e-10
4.1879164e-10
4.1714585e-10
4.1689582e-10
4.1672907e-10
4.1735421e-10
4.1525006e-10
4.1810413e-10
4.1816658e-10
4.1802081e-10
4.1772916e-10
4.1574999e-10
4.1820833e-10
4.1510415e-10
4.1349993e-10
4.1345835e-10
4.1310419e-10
4.1352083e-10
4.1693743e-10
4.1554168e-10
4.1504167e-10
4.1554168e-10
4.1370832e-10
4.1322915e-10
4.1362502e-10
4.1520831e-10
4.1320838e-10
4.1349998e-10
4.1520831e-10
4.1222917e-10
4.1327083e-10
4.1324999e-10
4.115209e-10
4.1043749e-10
4.1202081e-10
4.1008336e-10
4.1216661e-10
4.1185413e-10
4.106667e-10
4.11125e-10
4.0968751e-10
4.0881254e-10
4.1035414e-10
4.1089579e-10
4.1347917e-10
4.1406251e-10
4.1222908e-10
4.1110412e-10
4.0993742e-10
4.1050005e-10
4.1022918e-10
4.0904169e-10
4.0764583e-10
4.1062492e-10
4.0750001e-10
4.0797923e-10
4.0837497e-10
4.0812501e-10
4.0785419e-10
4.0918743e-10
4.0812495e-10
4.1177081e-10
4.0797912e-10
4.0758333e-10
4.0627077e-10
4.0583331e-10
4.0633336e-10
4.0564582e-10
4.0708331e-10
4.0820824e-10
4.0758336e-10
4.0487497e-10
4.0620837e-10
4.0531253e-10
4.0547918e-10
4.0568746e-10
4.0524997e-10
4.0547921e-10
4.0410419e-10
4.0320827e-10
4.0224998e-10
4.0197914e-10
4.0427084e-10
4.0443748e-10
4.0497919e-10
4.0139581e-10
4.0497916e-10
4.0122916e-10
4.0302087e-10
4.0541684e-10
4.0022916e-10
4.0347911e-10
4.0170836e-10
4.0354164e-10
4.0112502e-10
4.0345829e-10
4.0493758e-10
4.0397918e-10
4.0237502e-10
4.0331255e-10
4.0114581e-10
4.011875e-10
3.9850004e-10
4.0070833e-10
3.9995837e-10
4.0131248e-10
4.0152084e-10
3.9777084e-10
4.0185419e-10
4.0060416e-10
3.9995837e-10
4.0239584e-10
3.9766671e-10
3.9897916e-10
3.979167e-10
3.9843756e-10
3.9883336e-10
4.0118747e-10
3.9756248e-10
3.9762504e-10
3.9922918e-10
3.9927084e-10
3.9835416e-10
4.0037501e-10
3.9893747e-10
3.9952086e-10
3.9927084e-10
3.9802084e-10
3.9843748e-10
3.9741666e-10
4.0056253e-10
3.982083e-10
3.9795836e-10
3.9816669e-10
3.9908341e-10
3.9841672e-10
3.9860421e-10
3.9737505e-10
3.9483339e-10
3.9645831e-10
3.9589582e-10
3.9910419e-10
3.9772916e-10
3.9845829e-10
3.9785417e-10
3.9550002e-10
3.9918752e-10
3.9554165e-10
3.9666662e-10
3.9425002e-10
3.9343759e-10
3.9802081e-10
3.9337497e-10
3.9691667e-10
3.9581247e-10
3.9656251e-10
3.9587497e-10
3.9564588e-10
3.9795828e-10
3.945208e-10
3.9575002e-10
3.9470832e-10
3.9591663e-10
3.9385417e-10
3.9508333e-10
3.9485418e-10
3.9352083e-10
3.9354164e-10
3.9439582e-10
3.9456249e-10
3.9129164e-10
3.9285417e-10
3.9347919e-10
3.9518749e-10
3.9389578e-10
3.932083e-10
3.9264583e-10
3.9441675e-10
3.9443745e-10
3.9177087e-10
3.9285419e-10
3.9160417e-10
3.9431247e-10
3.9341669e-10
3.9035417e-10
3.9210415e-10
3.9193751e-10
3.9047909e-10
3.8854167e-10
3.8995834e-10
3.9147918e-10
3.909375e-10
3.9208337e-10
3.925e-10
3.929167e-10
3.9345829e-10
3.9460418e-10
3.9412498e-10
3.9208331e-10
3.9314585e-10
3.9287498e-10
3.9033329e-10
3.9308326e-10
3.9379164e-10
3.946041e-10
3.917916e-10
3.9343748e-10
3.9095835e-10
3.9270828e-10
3.8950004e-10
3.9308334e-10
3.9068754e-10
3.9141668e-10
3.9166664e-10
3.9145837e-10
3.9191667e-10
3.921875e-10
3.9033329e-10
3.9143749e-10
3.915e-10
3.907917e-10
3.919583e-10
3.8829168e-10
3.9183334e-10
3.9029166e-10
3.8972911e-10
3.8870829e-10
3.9091666e-10
3.8987499e-10
3.8879161e-10
3.9089584e-10
3.8872916e-10
3.9106249e-10
3.8800002e-10
3.8893752e-10
3.8910414e-10
3.8908332e-10
3.8714584e-10
3.8745826e-10
3.8654166e-10
3.8645842e-10
3.8772913e-10
3.8868755e-10
3.8697914e-10
3.8733328e-10
3.898542e-10
3.8889583e-10
3.869999e-10
3.8933329e-10
3.8920839e-10
3.8672915e-10
3.8854167e-10
3.8797915e-10
3.8835418e-10
3.8677087e-10
3.86875e-10
3.8912498e-10
3.8791667e-10
3.8616663e-10
3.8645837e-10
3.8650003e-10
3.8504164e-10
3.8760417e-10
3.8491665e-10
3.8691667e-10
3.8735418e-10
3.8581244e-10
3.863333e-10
3.8695833e-10
3.8766668e-10
3.8862502e-10
3.8620837e-10
3.8691669e-10
3.8443748e-10
3.8549999e-10
3.8518747e-10
3.8568751e-10
3.8533335e-10
3.8610415e-10
3.8327078e-10
3.8879169e-10
3.8533338e-10
3.8422912e-10
3.8416673e-10
3.8647915e-10
3.8566667e-10
3.8587497e-10
3.8512499e-10
3.8695833e-10
3.8691667e-10
3.847708e-10
3.844583e-10
3.8706249e-10
3.8489587e-10
3.8506254e-10
3.8564579e-10
3.8560419e-10
3.8487499e-10
3.8402084e-10
3.8318751e-10
3.8550002e-10
3.8508335e-10
3.8483339e-10
3.8483336e-10
3.8316672e-10
3.8483333e-10
3.8377085e-10
3.835417e-10
3.8329165e-10
3.8254167e-10
3.8335413e-10
3.8218753e-10
3.8187498e-10
3.8466666e-10
3.8160411e-10
3.840625e-10
3.8147918e-10
3.807292e-10
3.8112502e-10
3.8143749e-10
3.8183331e-10
3.8006248e-10
3.8289588e-10
3.8220835e-10
3.8120834e-10
3.798333e-10
3.8175002e-10
3.8233333e-10
3.8024994e-10
3.8083331e-10
3.7904171e-10
3.801042e-10
3.8162495e-10
3.8127082e-10
3.8114584e-10
3.8181244e-10
3.8060413e-10
3.8156248e-10
3.8139583e-10
3.8035414e-10
3.8066664e-10
3.7902087e-10
3.8066661e-10
3.7937495e-10
3.8254158e-10
3.7883335e-10
3.8083328e-10
3.7927081e-10
3.8152084e-10
3.8083331e-10
3.8077086e-10
3.8043751e-10
3.7856254e-10
3.7872919e-10
3.7964581e-10
3.8002085e-10
3.7879166e-10
3.7954168e-10
3.7752079e-10
3.7977083e-10
3.776458e-10
3.7802078e-10
3.7899994e-10
3.7966663e-10
3.7724998e-10
3.8070835e-10
3.793334e-10
3.7908343e-10
3.7893746e-10
3.7827083e-10
3.7977083e-10
3.782083e-10
3.7968745e-10
3.7770834e-10
3.7835418e-10
3.7793743e-10
3.7979167e-10
3.7864581e-10
3.7925002e-10
3.7852085e-10
3.7899997e-10
3.8041661e-10
3.7924999e-10
3.7910416e-10
3.8022913e-10
3.7945835e-10
3.7824996e-10
3.7916667e-10
3.796041e-10
3.8179163e-10
3.8014583e-10
3.7922912e-10
3.7966663e-10
3.7883327e-10
3.7918746e-10
3.7708331e-10
3.7958331e-10
3.7866674e-10
3.8043743e-10
3.8041664e-10
3.7704165e-10
3.7835421e-10
3.7799999e-10
3.782292e-10
3.7658329e-10
3.7849998e-10
3.7849995e-10
3.7654163e-10
3.7768752e-10
3.7556253e-10
3.7929165e-10
3.7639583e-10
3.7704165e-10
3.7654171e-10
3.7929168e-10
3.7806253e-10
3.7708334e-10
3.7727083e-10
3.772708e-10
3.7560413e-10
3.7847911e-10
3.77125e-10
3.7833334e-10
3.7749992e-10
3.7749995e-10
3.7537495e-10
3.7631248e-10
3.7504169e-10
3.76875e-10
3.7891676e-10
3.7597919e-10
3.7604161e-10
3.755625e-10
3.7689585e-10
3.7735418e-10
3.770208e-10
3.761875e-10
3.7693754e-10
3.7722911e-10
3.7700004e-10
3.768541e-10
3.7410419e-10
3.7550005e-10
3.7541667e-10
3.7487494e-10
3.7539585e-10
3.7472916e-10
3.7543749e-10
3.7285419e-10
3.7535414e-10
3.7656245e-10
3.7520836e-10
3.7568748e-10
3.7535416e-10
3.7456249e-10
3.7570838e-10
3.7443745e-10
3.7308334e-10
3.7322914e-10
3.7414585e-10
3.7218753e-10
3.7347916e-10
3.7458334e-10
3.730625e-10
3.735208e-10
3.7187503e-10
3.741458e-10
3.7554168e-10
3.735833e-10
3.7495834e-10
3.7112496e-10
3.729167e-10
3.7164588e-10
3.7222908e-10
3.7087497e-10
3.7222916e-10
3.7362505e-10
3.7241668e-10
3.7125e-10
3.7322917e-10
3.7466658e-10
3.7193751e-10
3.7312503e-10
3.7247924e-10
3.7245831e-10
3.718125e-10
3.7235415e-10
3.7072914e-10
3.7291673e-10
3.7129169e-10
3.7295836e-10
3.7208331e-10
3.7179174e-10
3.7139578e-10
3.6997913e-10
3.7020834e-10
3.710833e-10
3.715209e-10
3.7058329e-10
3.7124998e-10
3.7060416e-10
3.7050005e-10
3.6841674e-10
3.7322917e-10
3.6914577e-10
3.6983339e-10
3.7035414e-10
3.6933334e-10
3.7174999e-10
3.7222922e-10
3.705625e-10
3.7012499e-10
3.7095826e-10
3.7318751e-10
3.6972914e-10
3.7129164e-10
3.7214587e-10
3.6985418e-10
3.7204168e-10
3.6958334e-10
3.7379169e-10
3.7064585e-10
3.7058331e-10
3.7025e-10
3.7047915e-10
3.7175002e-10
3.7154171e-10
3.7070835e-10
3.7260414e-10
3.6883332e-10
3.7116668e-10
3.7377085e-10
3.7166659e-10
3.7147918e-10
3.7012499e-10
3.7043749e-10
3.7168749e-10
3.7243744e-10
3.7247921e-10
3.7187498e-10
3.7216669e-10
3.7249998e-10
3.7377085e-10
3.732708e-10
3.7258333e-10
3.7027084e-10
3.7137493e-10
3.7193748e-10
3.716667e-10
3.7268749e-10
3.7237502e-10
3.7131248e-10
3.7272915e-10
3.7308331e-10
3.713333e-10
3.7318754e-10
3.7043746e-10
3.7208334e-10
3.7070835e-10
3.7041664e-10
3.7187498e-10
3.7135414e-10
3.7089584e-10
3.7216671e-10
3.7127082e-10
3.6979167e-10
3.6775e-10
3.7087497e-10
3.710833e-10
3.6958339e-10
3.7066666e-10
3.7029163e-10
3.7056241e-10
3.6710418e-10
3.6918749e-10
3.6872919e-10
3.6889586e-10
3.6810421e-10
3.6802081e-10
3.6681252e-10
3.6939582e-10
3.6799996e-10
3.7020834e-10
3.6918746e-10
3.6964584e-10
3.6902081e-10
3.7031248e-10
3.6941658e-10
3.682292e-10
3.6735415e-10
3.678958e-10
3.6597916e-10
3.6816672e-10
3.6900002e-10
3.674375e-10
3.6802086e-10
3.6825001e-10
3.6729161e-10
3.6654166e-10
3.6693748e-10
3.6743747e-10
3.6912501e-10
3.6737502e-10
3.6806252e-10
3.6620831e-10
3.6691664e-10
3.6527087e-10
3.653125e-10
3.6910416e-10
3.6843753e-10
3.6660416e-10
3.6620829e-10
3.6672915e-10
3.6635417e-10
3.6716666e-10
3.6535411e-10
3.6629164e-10
3.6452083e-10
3.6793757e-10
3.6456246e-10
3.6420827e-10
3.6566669e-10
3.6672915e-10
3.669792e-10
3.6393749e-10
3.6718747e-10
3.6700001e-10
3.6854167e-10
3.6804162e-10
3.6585418e-10
3.6716669e-10
3.660417e-10
3.6689576e-10
3.6687495e-10
3.661875e-10
3.6581252e-10
3.6797923e-10
3.6606254e-10
3.6735417e-10
3.6985418e-10
3.6610415e-10
3.6585412e-10
3.6616665e-10
3.6729172e-10
3.6758324e-10
3.661875e-10
3.6733333e-10
3.669792e-10
3.6643755e-10
3.6543746e-10
3.6583331e-10
3.662291e-10
3.6337502e-10
3.6768749e-10
3.6543746e-10
3.6497913e-10
3.6737502e-10
3.6731243e-10
3.6781247e-10
3.6506254e-10
3.6620831e-10
3.663333e-10
3.6614584e-10
3.6364584e-10
3.6693751e-10
3.6227082e-10
3.6422909e-10
3.6495831e-10
3.6400002e-10
3.6562497e-10
3.645417e-10
3.6358333e-10
3.6741665e-10
3.6302081e-10
3.6431258e-10
3.6608333e-10
3.6381251e-10
3.6339584e-10
3.6429168e-10
3.6433331e-10
3.6558329e-10
3.6683337e-10
3.6712497e-10
3.6597919e-10
3.6397915e-10
3.6533329e-10
3.6720829e-10
3.6679162e-10
3.6633332e-10
3.6579167e-10
3.6537498e-10
3.6645839e-10
3.6575001e-10
3.6708331e-10
3.6679168e-10
3.6564585e-10
3.6454165e-10
3.6500006e-10
3.665e-10
3.6483333e-10
3.6462494e-10
3.6687495e-10
3.6454167e-10
3.6785416e-10
3.6518746e-10
3.6470832e-10
3.6612499e-10
3.65875e-10
3.6345832e-10
3.6597914e-10
3.6350001e-10
3.6662504e-10
3.6247913e-10
3.6714579e-10
3.6539582e-10
3.6362502e-10
3.6497913e-10
3.6424999e-10
3.6466666e-10
3.6497916e-10
3.6554165e-10
3.64e-10
3.6549996e-10
3.6352074e-10
3.6416667e-10
3.6527087e-10
3.6210415e-10
3.6333339e-10
3.6579167e-10
3.6291656e-10
3.6314582e-10
3.6302078e-10
3.6410422e-10
3.6339584e-10
3.5941664e-10
3.6352082e-10
3.618959e-10
3.6291667e-10
3.6452077e-10
3.6175002e-10
3.6275e-10
3.5937503e-10
3.6320832e-10
3.6143755e-10
3.6414585e-10
3.6429168e-10
3.6247919e-10
3.6237499e-10
3.619792e-10
3.64e-10
3.6268755e-10
3.6114581e-10
3.6310413e-10
3.6043746e-10
3.6200004e-10
3.6435421e-10
3.6447911e-10
3.6108333e-10
3.6216663e-10
3.6260414e-10
3.6260417e-10
3.6222908e-10
3.6245837e-10
3.6241671e-10
3.6220837e-10
3.6156245e-10
3.6216671e-10
3.6093753e-10
3.62125e-10
3.6047915e-10
3.6443742e-10
3.6158332e-10
3.6239584e-10
3.6202077e-10
3.6168751e-10
3.6183331e-10
3.6131248e-10
3.6166672e-10
3.6154166e-10
3.6397915e-10
3.6437492e-10
3.6345832e-10
3.6616668e-10
3.6272915e-10
3.6141662e-10
3.6191666e-10
3.6133332e-10
3.623542e-10
3.6308329e-10
3.6233333e-10
3.6233333e-10
3.6239584e-10
3.6274997e-10
3.636875e-10
3.6224995e-10
3.6222911e-10
3.6245834e-10
3.6158335e-10
3.6327086e-10
3.6227085e-10
3.617292e-10
3.6177075e-10
3.6266667e-10
3.5945838e-10
3.6168751e-10
3.6189585e-10
3.6302081e-10
3.6022912e-10
3.6235417e-10
3.6252076e-10
3.614167e-10
3.6147915e-10
3.6383327e-10
3.6216663e-10
3.6164582e-10
3.6318751e-10
3.613958e-10
3.6368755e-10
3.6004169e-10
3.6300002e-10
3.6187497e-10
3.6091666e-10
3.6154163e-10
3.6237496e-10
3.6014577e-10
3.6127087e-10
3.5918749e-10
3.6247921e-10
3.6091669e-10
3.6052084e-10
3.6043754e-10
3.6131248e-10
3.5941664e-10
3.5972914e-10
3.5981254e-10
3.5974998e-10
3.6233327e-10
3.604583e-10
3.6231249e-10
3.5804168e-10
3.6193748e-10
3.5833334e-10
3.6158335e-10
3.6016665e-10
3.5839587e-10
3.6135414e-10
3.5927084e-10
3.6037495e-10
3.6062503e-10
3.5954165e-10
3.5866668e-10
3.5802075e-10
3.5949999e-10
3.5906245e-10
3.5872916e-10
3.6008335e-10
3.5829165e-10
3.5995834e-10
3.6064582e-10
3.6056258e-10
3.5677081e-10
3.6229164e-10
3.5904166e-10
3.5904166e-10
3.5966666e-10
3.6018752e-10
3.6004169e-10
3.5960418e-10
3.5995834e-10
3.5918751e-10
3.5970835e-10
3.6070832e-10
3.6260417e-10
3.6116671e-10
3.5829167e-10
3.6012501e-10
3.5968747e-10
3.6008338e-10
3.6072911e-10
3.6118752e-10
3.6056244e-10
3.5847914e-10
3.5791664e-10
3.5777084e-10
3.5849998e-10
3.594583e-10
3.5908335e-10
3.5720832e-10
3.5735415e-10
3.5904169e-10
3.6010422e-10
3.5981249e-10
3.5941664e-10
3.5781253e-10
3.5793754e-10
3.6029171e-10
3.5947911e-10
3.5929168e-10
3.5802084e-10
3.5722919e-10
3.5922917e-10
3.5668751e-10
3.5818754e-10
3.5689582e-10
3.5860412e-10
3.5754166e-10
3.5654166e-10
3.5812503e-10
3.5979172e-10
3.5956252e-10
3.5816672e-10
3.5979167e-10
3.5716666e-10
3.5714581e-10
3.5487496e-10
3.5843745e-10
3.5895828e-10
3.5772915e-10
3.5699993e-10
3.5827083e-10
3.5697922e-10
3.5724998e-10
3.5824996e-10
3.5652087e-10
3.5643749e-10
3.5791672e-10
3.5714584e-10
3.5872919e-10
3.5768757e-10
3.5689587e-10
3.5604172e-10
3.5758335e-10
3.5762501e-10
3.5625003e-10
3.5745826e-10
3.6012499e-10
3.557292e-10
3.5618752e-10
3.5843747e-10
3.57125e-10
3.5462502e-10
3.5847914e-10
3.5483336e-10
3.5462502e-10
3.5579167e-10
3.5749997e-10
3.5679162e-10
3.5829162e-10
3.5527081e-10
3.5718753e-10
3.5762499e-10
3.5770836e-10
3.5650011e-10
3.5791667e-10
3.5616662e-10
3.5370837e-10
3.5608325e-10
3.5606249e-10
3.5462497e-10
3.5429168e-10
3.5489583e-10
3.5468747e-10
3.5779163e-10
3.5416672e-10
3.5474998e-10
3.5589581e-10
3.5466666e-10
3.5679174e-10
3.5545827e-10
3.5429168e-10
3.5739584e-10
3.5356248e-10
3.5385411e-10
3.5585412e-10
3.5585415e-10
3.5589579e-10
3.5568751e-10
3.5597914e-10
3.5543746e-10
3.5437503e-10
3.5506251e-10
3.5539585e-10
3.5566666e-10
3.5737496e-10
3.5543746e-10
3.5545838e-10
3.5843753e-10
3.5716666e-10
3.54375e-10
3.5558337e-10
3.532708e-10
3.5579165e-10
3.557917e-10
3.5493752e-10
3.5485417e-10
3.5647918e-10
3.5352085e-10
3.5793754e-10
3.5412498e-10
3.5497916e-10
3.5281253e-10
3.5568748e-10
3.54e-10
3.5685419e-10
3.5356246e-10
3.5724992e-10
3.5681241e-10
3.57125e-10
3.5608336e-10
3.5577086e-10
3.5591663e-10
3.5664585e-10
3.5399994e-10
3.5589581e-10
3.5516667e-10
3.5377085e-10
3.5660414e-10
3.5285416e-10
3.5349998e-10
3.5549999e-10
3.5585418e-10
3.5658332e-10
3.5479164e-10
3.5281247e-10
3.5666667e-10
3.5356251e-10
3.5316669e-10
3.5487499e-10
3.5585426e-10
3.538542e-10
3.5585415e-10
3.5449996e-10
3.5512498e-10
3.5468753e-10
3.5385417e-10
3.5554165e-10
3.5418746e-10
3.5570832e-10
3.5556255e-10
3.5370831e-10
3.5677078e-10
3.5533329e-10
3.5449998e-10
3.5314585e-10
3.5339578e-10
3.5518749e-10
3.5372916e-10
3.5285413e-10
3.5514583e-10
3.521875e-10
3.5487505e-10
3.5527081e-10
3.5485423e-10
3.5449998e-10
3.5495834e-10
3.5352082e-10
3.5654166e-10
3.5324998e-10
3.5268752e-10
3.5554162e-10
3.51875e-10
3.5331252e-10
3.5412498e-10
3.5391662e-10
3.5143752e-10
3.5314579e-10
3.5287495e-10
3.5352082e-10
3.5235412e-10
3.5241668e-10
3.5606249e-10
3.5341668e-10
3.5322914e-10
3.5287498e-10
3.5356248e-10
3.5243752e-10
3.5277081e-10
3.5185413e-10
3.5354167e-10
3.5191669e-10
3.5379163e-10
3.5443751e-10
3.5243752e-10
3.529583e-10
3.4952086e-10
3.5389588e-10
3.530625e-10
3.5612502e-10
3.5072917e-10
3.5333336e-10
3.5231254e-10
3.5314585e-10
3.5352077e-10
3.5224998e-10
3.524791e-10
3.5239583e-10
3.5339587e-10
3.5462497e-10
3.5168751e-10
3.5133332e-10
3.5462497e-10
3.5239581e-10
3.5356248e-10
3.5291664e-10
3.5454165e-10
3.5199996e-10
3.5254166e-10
3.5370831e-10
3.5074996e-10
3.5012498e-10
3.5310418e-10
3.5308331e-10
3.529583e-10
3.5158329e-10
3.543125e-10
3.5218753e-10
3.5420833e-10
3.5027078e-10
3.5504161e-10
3.5200001e-10
3.522708e-10
3.5399997e-10
3.5277081e-10
3.5131248e-10
3.5372916e-10
3.5237496e-10
3.5504169e-10
3.5360417e-10
3.5254163e-10
3.5302078e-10
3.515e-10
3.5143749e-10
3.5362496e-10
3.5095832e-10
3.5354167e-10
3.5137501e-10
3.5237496e-10
3.5375003e-10
3.5097916e-10
3.5160416e-10
3.5433337e-10
3.5202077e-10
3.5360417e-10
3.496459e-10
3.517916e-10
3.5074998e-10
3.5110417e-10
3.5183331e-10
3.5252082e-10
3.5187497e-10
3.4989583e-10
3.5052083e-10
3.5006256e-10
3.5002085e-10
3.5181247e-10
3.5066663e-10
3.5395839e-10
3.5222922e-10
3.493334e-10
3.5147921e-10
3.5047915e-10
3.5231251e-10
3.4924999e-10
3.5306252e-10
3.5333336e-10
3.5162498e-10
3.5147915e-10
3.5049996e-10
3.4881251e-10
3.4979172e-10
3.5133332e-10
3.4839578e-10
3.4977082e-10
3.503125e-10
3.5049999e-10
3.5043751e-10
3.510417e-10
3.5020833e-10
3.518125e-10
3.5012498e-10
3.5193756e-10
3.4827083e-10
3.5012496e-10
3.5193748e-10
3.5006253e-10
3.5035416e-10
3.518125e-10
3.4777081e-10
3.51875e-10
3.5120831e-10
3.5022915e-10
3.4972911e-10
3.507499e-10
3.5047912e-10
3.4960415e-10
3.4989578e-10
3.5164585e-10
3.5145833e-10
3.4877079e-10
3.5037503e-10
3.5029171e-10
3.5064582e-10
3.5085418e-10
3.5012498e-10
3.4895836e-10
3.5154166e-10
3.4872918e-10
3.5089581e-10
3.50625e-10
3.5002079e-10
3.5291672e-10
3.5214581e-10
3.4952086e-10
3.5143749e-10
3.5050005e-10
3.4908332e-10
3.5347913e-10
3.4916667e-10
3.5020833e-10
3.5083342e-10
3.4862493e-10
3.5060416e-10
3.5218753e-10
3.5200001e-10
3.4954165e-10
3.4989586e-10
3.5152084e-10
3.505625e-10
3.5143752e-10
3.5120831e-10
3.513542e-10
3.5029174e-10
3.4945827e-10
3.5102091e-10
3.474375e-10
3.468959e-10
3.497917e-10
3.493959e-10
3.4885414e-10
3.4989575e-10
3.4768752e-10
3.4718747e-10
3.4785419e-10
3.4824998e-10
3.4954165e-10
3.4874997e-10
3.498333e-10
3.480625e-10
3.4922915e-10
3.4735417e-10
3.5091666e-10
3.4887501e-10
3.5177081e-10
3.5033329e-10
3.5075001e-10
3.5022918e-10
3.4887504e-10
3.5085415e-10
3.4785413e-10
3.4689585e-10
3.4908329e-10
3.5085415e-10
3.4997916e-10
3.5047912e-10
3.4970832e-10
3.5045833e-10
3.4945832e-10
3.4893746e-10
3.4850001e-10
3.4764583e-10
3.4937503e-10
3.489376e-10
3.4864586e-10
3.5018749e-10
3.4899994e-10
3.5012498e-10
3.4956246e-10
3.493125e-10
3.476458e-10
3.515e-10
3.4833336e-10
3.501458e-10
3.4883332e-10
3.5010411e-10
3.4852082e-10
3.5304168e-10
3.4897912e-10
3.5008332e-10
3.4693751e-10
3.5064587e-10
3.4881251e-10
3.4935416e-10
3.493125e-10
3.5018746e-10
3.4970832e-10
3.491458e-10
3.5081246e-10
3.4941666e-10
3.4785416e-10
3.4989578e-10
3.5018746e-10
3.4820832e-10
3.4922917e-10
3.4918748e-10
3.4756253e-10
3.4868747e-10
3.4922915e-10
3.4918746e-10
3.4816672e-10
3.4556255e-10
3.4970832e-10
3.4904168e-10
3.4595835e-10
3.4831246e-10
3.5066666e-10
3.4912503e-10
3.4874997e-10
3.4704162e-10
3.5012507e-10
3.4708336e-10
3.4799993e-10
3.4706249e-10
3.4910416e-10
3.4716666e-10
3.466667e-10
3.5095837e-10
3.4729167e-10
3.4731248e-10
3.496875e-10
3.5006245e-10
3.4793757e-10
3.4762501e-10
3.4847913e-10
3.4799993e-10
3.4731243e-10
3.45875e-10
3.4747921e-10
3.4877079e-10
3.466458e-10
3.4677081e-10
3.4656247e-10
3.4714581e-10
3.4579173e-10
3.4552086e-10
3.4779166e-10
3.4774997e-10
3.4543746e-10
3.4643749e-10
3.4716663e-10
3.4677092e-10
3.4754169e-10
3.4402084e-10
3.4693753e-10
3.4785416e-10
3.4585415e-10
3.462291e-10
3.4868747e-10
3.4720832e-10
3.46875e-10
3.4747918e-10
3.4560413e-10
3.4537495e-10
3.4612502e-10
3.4718753e-10
3.4756245e-10
3.4560418e-10
3.4533335e-10
3.4781247e-10
3.4541667e-10
3.4768755e-10
3.4470832e-10
3.4810413e-10
3.4512498e-10
3.4764586e-10
3.4179165e-10
3.4589584e-10
3.4581246e-10
3.4631245e-10
3.4668751e-10
3.4370831e-10
3.47125e-10
3.4508341e-10
3.463958e-10
3.4545836e-10
3.4679165e-10
3.432083e-10
3.442292e-10
3.4631256e-10
3.4566669e-10
3.4543751e-10
3.4560413e-10
3.4456252e-10
3.4693751e-10
3.463958e-10
3.4824998e-10
3.4514583e-10
3.4643749e-10
3.4622921e-10
3.4791667e-10
3.4614583e-10
3.4795827e-10
3.4616668e-10
3.4620828e-10
3.4700001e-10
3.46875e-10
3.4764586e-10
3.4497913e-10
3.468125e-10
3.4693753e-10
3.4729164e-10
3.502709e-10
3.4806255e-10
3.4558331e-10
3.4702083e-10
3.4668748e-10
3.473333e-10
3.4562495e-10
3.4800002e-10
3.485833e-10
3.4949998e-10
3.4793754e-10
3.4660416e-10
3.4758338e-10
3.4775e-10
3.4679165e-10
3.4802083e-10
3.4858333e-10
3.4552081e-10
3.4958328e-10
3.5031253e-10
3.4775002e-10
3.461875e-10
3.4806252e-10
3.4750006e-10
3.4793748e-10
3.4781253e-10
3.4683334e-10
3.4924999e-10
3.4785411e-10
3.4758335e-10
3.4797917e-10
3.468125e-10
3.4643752e-10
3.4666667e-10
3.4368747e-10
3.4658332e-10
3.473333e-10
3.4618747e-10
3.4389583e-10
3.4602085e-10
3.4616662e-10
3.4695832e-10
3.4722916e-10
3.4629172e-10
3.4750006e-10
3.4579165e-10
3.4822914e-10
3.462709e-10
3.4437503e-10
3.4810416e-10
3.4895833e-10
3.4418751e-10
3.4606254e-10
3.4435416e-10
3.455625e-10
3.4658332e-10
3.4487505e-10
3.4610417e-10
3.4570832e-10
3.4791667e-10
3.4429162e-10
3.4733336e-10
3.4318751e-10
3.4441663e-10
3.4525005e-10
3.4570838e-10
3.4452086e-10
3.4597913e-10
3.4714584e-10
3.4622918e-10
3.4662495e-10
3.4729172e-10
3.4622921e-10
3.435417e-10
3.4558328e-10
3.444583e-10
3.4566663e-10
3.4416664e-10
3.4747913e-10
3.4402084e-10
3.4581255e-10
3.4395828e-10
3.4720837e-10
3.4504169e-10
3.4618752e-10
3.4493752e-10
3.4602082e-10
3.4602074e-10
3.4514583e-10
3.446666e-10
3.4649997e-10
3.4429162e-10
3.4370837e-10
3.445208e-10
3.4591668e-10
3.4585415e-10
3.4452083e-10
3.4439579e-10
3.4452083e-10
3.4283332e-10
3.4379166e-10
3.4379166e-10
3.4516665e-10
3.4291664e-10
3.4325001e-10
3.4566669e-10
3.4556255e-10
3.4312506e-10
3.436875e-10
3.4558328e-10
3.4383332e-10
3.445417e-10
3.4429171e-10
3.4183331e-10
3.4381253e-10
3.4316666e-10
3.4410413e-10
3.4583331e-10
3.4414577e-10
3.4612499e-10
3.4447917e-10
3.4354172e-10
3.4422915e-10
3.448542e-10
3.4522918e-10
3.4441663e-10
3.433959e-10
3.4570832e-10
3.4570832e-10
3.4110414e-10
3.4708336e-10
3.4512498e-10
3.4191669e-10
3.4522915e-10
3.4460418e-10
3.434166e-10
3.4512498e-10
3.4322911e-10
3.4472913e-10
3.4393749e-10
3.4272923e-10
3.4447917e-10
3.4412501e-10
3.438333e-10
3.454167e-10
3.4279168e-10
3.4416667e-10
3.4441666e-10
3.4343742e-10
3.4272921e-10
3.4316672e-10
3.4354161e-10
3.4324996e-10
3.4300002e-10
3.4247913e-10
3.439167e-10
3.4316663e-10
3.4133329e-10
3.4647915e-10
3.4083333e-10
3.4306252e-10
3.4564582e-10
3.4266662e-10
3.4462497e-10
3.4237499e-10
3.4364586e-10
3.429583e-10
3.4156247e-10
3.4243752e-10
3.4206252e-10
3.4310416e-10
3.4318753e-10
3.4262501e-10
3.4354167e-10
3.4395831e-10
3.430625e-10
3.4229167e-10
3.425e-10
3.4135414e-10
3.4308331e-10
3.4262504e-10
3.4256253e-10
3.4427081e-10
3.4377082e-10
3.4677081e-10
3.4097919e-10
3.4320827e-10
3.4397915e-10
3.4377076e-10
3.4143749e-10
3.4310416e-10
3.4485409e-10
3.438542e-10
3.4262501e-10
3.4439579e-10
3.4379169e-10
3.4322914e-10
3.4249997e-10
3.4362502e-10
3.4258338e-10
3.4308334e-10
3.4254166e-10
3.4158337e-10
3.4447917e-10
3.4383338e-10
3.4291667e-10
3.4310418e-10
3.4308337e-10
3.4302086e-10
3.4379166e-10
3.4337497e-10
3.4374997e-10
3.4406256e-10
3.421875e-10
3.4222919e-10
3.4268749e-10
3.4062497e-10
3.4156244e-10
3.4220837e-10
3.4097919e-10
3.4166669e-10
3.4014583e-10
3.4135414e-10
3.4189584e-10
3.4247921e-10
3.4287501e-10
3.4172914e-10
3.4431255e-10
3.457917e-10
3.4324996e-10
3.4312497e-10
3.4195838e-10
3.445208e-10
3.43375e-10
3.4308334e-10
3.4366671e-10
3.43375e-10
3.4506248e-10
3.4172917e-10
3.4231251e-10
3.4264586e-10
3.4420836e-10
3.420208e-10
3.4427086e-10
3.4329167e-10
3.4195835e-10
3.4393749e-10
3.4291667e-10
3.4304165e-10
3.4362505e-10
3.4252085e-10
3.4410416e-10
3.4247921e-10
3.4391665e-10
3.4566661e-10
3.4183337e-10
3.421875e-10
3.4260414e-10
3.4329167e-10
3.4254166e-10
3.4362499e-10
3.4174999e-10
3.4366671e-10
3.4062503e-10
3.4299996e-10
3.422708e-10
3.4204167e-10
3.4372916e-10
3.439167e-10
3.4043748e-10
3.4177086e-10
3.4191669e-10
3.445417e-10
3.4527087e-10
3.4272915e-10
3.4306244e-10
3.431041e-10
3.4437503e-10
3.417292e-10
3.4327083e-10
3.4125e-10
3.4381248e-10
3.4275002e-10
3.4137498e-10
3.4160413e-10
3.4114583e-10
3.4370834e-10
3.4274997e-10
3.4070827e-10
3.4252087e-10
3.4145833e-10
3.424375e-10
3.4266667e-10
3.402916e-10
3.4227082e-10
3.4031256e-10
3.4095834e-10
3.424375e-10
3.4245839e-10
3.3970834e-10
3.4052081e-10
3.42125e-10
3.4245826e-10
3.4191669e-10
3.3931247e-10
3.409375e-10
3.438333e-10
3.4475001e-10
3.4247918e-10
3.43125e-10
3.4310413e-10
3.4241662e-10
3.3970829e-10
3.4108333e-10
3.4389583e-10
3.3962502e-10
3.4381248e-10
3.4229164e-10
3.4068748e-10
3.4122918e-10
3.4214581e-10
3.4285419e-10
3.4247918e-10
3.4374997e-10
3.4468747e-10
3.4118749e-10
3.4258332e-10
3.4252085e-10
3.4193748e-10
3.4160416e-10
3.4197922e-10
3.4133329e-10
3.4272921e-10
3.4154166e-10
3.4158334e-10
3.4206249e-10
3.4222919e-10
3.4133332e-10
3.4197917e-10
3.4172917e-10
3.4149999e-10
3.4047917e-10
3.4129172e-10
3.4122916e-10
3.4081246e-10
3.4081257e-10
3.4293748e-10
3.4199996e-10
3.4245834e-10
3.4233336e-10
3.4308331e-10
3.429583e-10
3.4202091e-10
3.4341668e-10
3.4502085e-10
3.4260414e-10
3.4299996e-10
3.4116671e-10
3.4227082e-10
3.4193751e-10
3.4129169e-10
3.4045836e-10
3.4147915e-10
3.4252085e-10
3.4268749e-10
3.441458e-10
3.4010408e-10
3.4325001e-10
3.4250006e-10
3.4008335e-10
3.4193748e-10
3.4158329e-10
3.4437503e-10
3.4139583e-10
3.443125e-10
3.4358336e-10
3.4204162e-10
3.4185413e-10
3.4087497e-10
3.4118749e-10
3.4139583e-10
3.4091666e-10
3.4056252e-10
3.4139583e-10
3.3975001e-10
3.3879163e-10
3.4272915e-10
3.4095837e-10
3.3958333e-10
3.4206249e-10
3.4183331e-10
3.4112493e-10
3.4083331e-10
3.4231248e-10
3.438542e-10
3.446875e-10
3.4027081e-10
3.4452086e-10
3.4256248e-10
3.4218747e-10
3.417083e-10
3.4343753e-10
3.4277081e-10
3.3960421e-10
3.4158332e-10
3.4095834e-10
3.3964589e-10
3.3999997e-10
3.4141667e-10
3.3972916e-10
3.4010414e-10
3.4106248e-10
3.3962502e-10
3.3924999e-10
3.404792e-10
3.3977085e-10
3.4043751e-10
3.4029168e-10
3.4002087e-10
3.4050002e-10
3.4056252e-10
3.3937503e-10
3.4074998e-10
3.4029163e-10
3.3950004e-10
3.3977082e-10
3.3877084e-10
3.3987504e-10
3.3908334e-10
3.3989583e-10
3.396875e-10
3.3862504e-10
3.4266667e-10
3.4091668e-10
3.3952083e-10
3.4231248e-10
3.4149997e-10
3.398333e-10
3.4002084e-10
3.4043751e-10
3.396875e-10
3.3981248e-10
3.3833331e-10
3.4029168e-10
3.4127087e-10
3.432083e-10
3.4114581e-10
3.4012501e-10
3.3860417e-10
3.429583e-10
3.4018746e-10
3.4162498e-10
3.4050002e-10
3.3989583e-10
3.3977085e-10
3.4075001e-10
3.4033337e-10
3.4006253e-10
3.3956252e-10
3.4118749e-10
3.4081254e-10
3.4072922e-10
3.4224995e-10
3.4279166e-10
3.4370831e-10
3.4129169e-10
3.4066661e-10
3.4249995e-10
3.4112496e-10
3.4229167e-10
3.4272915e-10
3.4118749e-10
3.4191669e-10
3.4254163e-10
3.40625e-10
3.4202083e-10
3.4158332e-10
3.4072919e-10
3.4245837e-10
3.4289585e-10
3.3943745e-10
3.4122916e-10
3.4104172e-10
3.3941663e-10
3.4043751e-10
3.4158332e-10
3.4106254e-10
3.4043748e-10
3.3879169e-10
3.4324998e-10
3.4141664e-10
3.4093756e-10
3.4079167e-10
3.4072914e-10
3.4095829e-10
3.4239583e-10
3.4125e-10
3.4120834e-10
3.4114581e-10
3.4018746e-10
3.4087499e-10
3.3970832e-10
3.4054165e-10
3.4052083e-10
3.4018752e-10
3.4089581e-10
3.3914585e-10
3.3964578e-10
3.3895833e-10
3.4004169e-10
3.3983336e-10
3.4131248e-10
3.4120834e-10
3.4274994e-10
3.3912503e-10
3.3960418e-10
3.3885422e-10
3.3995826e-10
3.3933334e-10
3.3943748e-10
3.3910419e-10
3.4039579e-10
3.3916667e-10
3.4085418e-10
3.4225003e-10
3.3958336e-10
3.3841668e-10
3.4160416e-10
3.415416e-10
3.4164588e-10
3.4022912e-10
3.4135419e-10
3.4156247e-10
3.4112502e-10
3.4070832e-10
3.398333e-10
3.4054165e-10
3.4116665e-10
3.3912501e-10
3.3879166e-10
3.4100001e-10
3.4193753e-10
3.4100003e-10
3.4083333e-10
3.4087497e-10
3.4095829e-10
3.4191666e-10
3.3993747e-10
3.3991665e-10
3.3985417e-10
3.3816666e-10
3.38125e-10
3.4102074e-10
3.3693751e-10
3.3875006e-10
3.3808334e-10
3.4054168e-10
3.3995831e-10
3.3818756e-10
3.4141667e-10
3.3929171e-10
3.4079167e-10
3.3897915e-10
3.4012493e-10
3.3866662e-10
3.4143752e-10
3.4193748e-10
3.3793751e-10
3.4154163e-10
3.3916661e-10
3.3941663e-10
3.3874997e-10
3.3902081e-10
3.4087505e-10
3.3887501e-10
3.4041664e-10
3.4093753e-10
3.4104167e-10
3.3902084e-10
3.3872916e-10
3.3824993e-10
3.3981251e-10
3.3912501e-10
3.4029171e-10
3.4095834e-10
3.3958333e-10
3.3779166e-10
3.4249992e-10
3.3852082e-10
3.38125e-10
3.3945832e-10
3.3991662e-10
3.4033334e-10
3.3918748e-10
3.4177086e-10
3.4233333e-10
3.3912501e-10
3.3872913e-10
3.4012501e-10
3.3964589e-10
3.4022915e-10
3.4000003e-10
3.4010414e-10
3.4072914e-10
3.3975001e-10
3.3906253e-10
3.3991668e-10
3.4020831e-10
3.4058337e-10
3.3866668e-10
3.3937503e-10
3.3975001e-10
3.3914585e-10
3.4029171e-10
3.382708e-10
3.3879163e-10
3.4079173e-10
3.4006251e-10
3.3856251e-10
3.4074998e-10
3.3943748e-10
3.3977082e-10
3.4006253e-10
3.3889588e-10
3.4091666e-10
3.3833333e-10
3.3831249e-10
3.3772912e-10
3.4102085e-10
3.3760417e-10
3.3743747e-10
3.3825001e-10
3.360833e-10
3.3418746e-10
3.3839584e-10
3.3664585e-10
3.3770836e-10
3.3804171e-10
3.409375e-10
3.3683331e-10
3.3941663e-10
3.39375e-10
3.3947919e-10
3.3945838e-10
3.3985417e-10
3.3687503e-10
3.4087499e-10
3.3799999e-10
3.3749994e-10
3.3747921e-10
3.3700004e-10
3.3672914e-10
3.3941666e-10
3.3743744e-10
3.4039585e-10
3.3962502e-10
3.3850001e-10
3.4049999e-10
3.3902087e-10
3.4004163e-10
3.3964589e-10
3.3779163e-10
3.3747918e-10
3.3808334e-10
3.3789585e-10
3.3881251e-10
3.3781247e-10
3.3685413e-10
3.3783334e-10
3.3822919e-10
3.396875e-10
3.3750006e-10
3.3893752e-10
3.3722916e-10
3.3810421e-10
3.4022918e-10
3.3889586e-10
3.3906253e-10
3.4018749e-10
3.3727085e-10
3.3793748e-10
3.3847919e-10
3.3631251e-10
3.3741662e-10
3.3768749e-10
3.3797917e-10
3.3675007e-10
3.3647915e-10
3.3504166e-10
3.3733336e-10
3.370208e-10
3.3818745e-10
3.3958328e-10
3.3618749e-10
3.3875003e-10
3.3687503e-10
3.3964581e-10
3.390625e-10
3.3883329e-10
3.3839581e-10
3.3854167e-10
3.3741662e-10
3.3833339e-10
3.3964584e-10
3.3774997e-10
3.3983333e-10
3.3937503e-10
3.3747918e-10
3.3964581e-10
3.3749997e-10
3.3958333e-10
3.3920836e-10
3.3604167e-10
3.3727079e-10
3.3947917e-10
3.3960421e-10
3.3906253e-10
3.3618749e-10
3.3779171e-10
3.3731248e-10
3.3870834e-10
3.3637501e-10
3.3947919e-10
3.3889583e-10
3.3858336e-10
3.3912498e-10
3.4000006e-10
3.3977085e-10
3.3964581e-10
3.3981251e-10
3.3804165e-10
3.3891664e-10
3.3866662e-10
3.3833333e-10
3.3843753e-10
3.3804168e-10
3.4049999e-10
3.3912492e-10
3.3845834e-10
3.3712497e-10
3.3837505e-10
3.3606254e-10
3.3804165e-10
3.3895836e-10
3.3756248e-10
3.3762496e-10
3.3733333e-10
3.3766664e-10
3.3625e-10
3.3737499e-10
3.3633335e-10
3.3935418e-10
3.3745834e-10
3.3762498e-10
3.3733333e-10
3.3695832e-10
3.364167e-10
3.3929168e-10
3.3504169e-10
3.3610417e-10
3.3806249e-10
3.3987496e-10
3.3768749e-10
3.3595837e-10
3.3831252e-10
3.3495837e-10
3.3612502e-10
3.3764583e-10
3.3647915e-10
3.3600003e-10
3.3712502e-10
3.3777084e-10
3.3670833e-10
3.3960421e-10
3.3768749e-10
3.3779163e-10
3.3885417e-10
3.3877082e-10
3.365625e-10
3.3529163e-10
3.3922914e-10
3.4049996e-10
3.3891673e-10
3.3916661e-10
3.3937503e-10
3.3975001e-10
3.3879166e-10
3.3891662e-10
3.3862502e-10
3.3706249e-10
3.3791667e-10
3.4041669e-10
3.3954164e-10
3.3735414e-10
3.3756253e-10
3.3820829e-10
3.3587497e-10
3.3814584e-10
3.3818753e-10
3.3683331e-10
3.3716663e-10
3.3677089e-10
3.3881248e-10
3.3931252e-10
3.3539579e-10
3.3641667e-10
3.3639586e-10
3.3493749e-10
3.3841668e-10
3.3691666e-10
3.3772912e-10
3.3691669e-10
3.3781247e-10
3.3564579e-10
3.3672917e-10
3.3731246e-10
3.3502084e-10
3.3487499e-10
3.3512507e-10
3.3749994e-10
3.3566672e-10
3.3637501e-10
3.3824998e-10
3.3506253e-10
3.35625e-10
3.3589581e-10
3.3654166e-10
3.3631248e-10
3.3675002e-10
3.3752079e-10
3.3785416e-10
3.375e-10
3.3970832e-10
3.3791667e-10
3.3958333e-10
3.3806255e-10
3.4045833e-10
3.3872916e-10
3.3524999e-10
3.3633338e-10
3.3814587e-10
3.3560413e-10
3.3849998e-10
3.360833e-10
3.3447919e-10
3.3700004e-10
3.3649997e-10
3.3825004e-10
3.392292e-10
3.3606254e-10
3.3637498e-10
3.3825001e-10
3.3645833e-10
3.4064582e-10
3.3710418e-10
3.3627076e-10
3.3854161e-10
3.3747918e-10
3.3829164e-10
3.3841671e-10
3.4129172e-10
3.3716663e-10
3.3847916e-10
3.379583e-10
3.3741668e-10
3.3995834e-10
3.3783337e-10
3.3781247e-10
3.3816666e-10
3.3664579e-10
3.3910416e-10
3.3741668e-10
3.3727082e-10
3.3731251e-10
3.3839587e-10
3.3491665e-10
3.3637498e-10
3.35625e-10
3.3718753e-10
3.3685416e-10
3.3714587e-10
3.364167e-10
3.370208e-10
3.36875e-10
3.3922914e-10
3.3583328e-10
3.3672914e-10
3.3904166e-10
3.3681247e-10
3.3787503e-10
3.3495834e-10
3.3722911e-10
3.3806249e-10
3.3745837e-10
3.3749997e-10
3.3731248e-10
3.3770839e-10
3.3714581e-10
3.3549999e-10
3.3622916e-10
3.3660416e-10
3.3672914e-10
3.3562497e-10
3.3722916e-10
3.3727085e-10
3.3606248e-10
3.3637498e-10
3.3550002e-10
3.3635417e-10
3.3660416e-10
3.3522918e-10
3.3647915e-10
3.3664585e-10
3.3879166e-10
3.3472916e-10
3.3564584e-10
3.3604169e-10
3.353125e-10
3.3431249e-10
3.3466666e-10
3.3460421e-10
3.3443753e-10
3.3554168e-10
3.3795827e-10
3.3733333e-10
3.3820832e-10
3.3466666e-10
3.3641667e-10
3.3889583e-10
3.3704167e-10
3.3645831e-10
3.3318751e-10
3.3514586e-10
3.3595829e-10
3.3616662e-10
3.3660411e-10
3.3766664e-10
3.3524997e-10
3.3691666e-10
3.3564579e-10
3.3641667e-10
3.3618744e-10
3.3527078e-10
3.3768749e-10
3.3514583e-10
3.3577086e-10
3.3714587e-10
3.3720837e-10
3.3466663e-10
3.3852085e-10
3.3695832e-10
3.3820829e-10
3.3608333e-10
3.3725003e-10
3.3687503e-10
3.3689584e-10
3.371875e-10
3.3747924e-10
3.3766673e-10
3.3816669e-10
3.3595834e-10
3.3631256e-10
3.3808337e-10
3.3606248e-10
3.3793754e-10
3.3631251e-10
3.3802083e-10
3.3664582e-10
3.3635414e-10
3.3612502e-10
3.3797917e-10
3.3597913e-10
3.3604161e-10
3.3633335e-10
3.3514583e-10
3.3658329e-10
3.3754169e-10
3.3787495e-10
3.3924996e-10
3.3922917e-10
3.3554165e-10
3.3460418e-10
3.3827086e-10
3.3591666e-10
3.3797914e-10
3.3670833e-10
3.3802083e-10
3.359375e-10
3.3431252e-10
3.3768754e-10
3.3643749e-10
3.3762501e-10
3.3774999e-10
3.3570832e-10
3.3849998e-10
3.3816672e-10
3.3585415e-10
3.3666669e-10
3.3668751e-10
3.3635414e-10
3.3629163e-10
3.3862504e-10
3.3466668e-10
3.3756248e-10
3.3660413e-10
3.3479169e-10
3.3547917e-10
3.3922917e-10
3.3566658e-10
3.3606248e-10
3.3404166e-10
3.3685418e-10
3.3720832e-10
3.3739586e-10
3.3489583e-10
3.35625e-10
3.3556252e-10
3.3485417e-10
3.3739578e-10
3.3754169e-10
3.3552081e-10
3.3737502e-10
3.3766664e-10
3.3845829e-10
3.3539585e-10
3.3768749e-10
3.3643749e-10
3.3716666e-10
3.3718747e-10
3.3720834e-10
3.3714584e-10
3.3585415e-10
3.3768754e-10
3.3581252e-10
3.3612499e-10
3.3643746e-10
3.3789585e-10
3.3633332e-10
3.3808339e-10
3.3612499e-10
3.3591668e-10
3.3843744e-10
3.3616665e-10
3.3572917e-10
3.3575001e-10
3.3435418e-10
3.3670833e-10
3.35625e-10
3.3822911e-10
3.3854167e-10
3.3510414e-10
3.3606248e-10
3.3677081e-10
3.3614583e-10
3.3454164e-10
3.3785419e-10
3.3843747e-10
3.3510414e-10
3.3612502e-10
3.3547914e-10
3.3837505e-10
3.3608333e-10
3.3849998e-10
3.3624997e-10
3.3560413e-10
3.3756251e-10
3.3614583e-10
3.3812503e-10
3.3552078e-10
3.3610409e-10
3.3854169e-10
3.3645833e-10
3.3693748e-10
3.3610412e-10
3.365625e-10
3.3814587e-10
3.3695832e-10
3.3791669e-10
3.359375e-10
3.3741671e-10
3.3725003e-10
3.3656244e-10
3.3560418e-10
3.3670833e-10
3.3458336e-10
3.3543746e-10
3.3456249e-10
3.3472916e-10
3.3493749e-10
3.3579159e-10
3.3379169e-10
3.3679168e-10
3.3456249e-10
3.3460421e-10
3.3381253e-10
3.3439576e-10
3.3472913e-10
3.3512498e-10
3.3397912e-10
3.3764583e-10
3.3429165e-10
3.3412501e-10
3.3593747e-10
3.3543748e-10
3.3483333e-10
3.3493752e-10
3.3462494e-10
3.3524999e-10
3.3462502e-10
3.3620834e-10
3.3452083e-10
3.3354167e-10
3.3535413e-10
3.3364583e-10
3.3527087e-10
3.3433331e-10
3.3512493e-10
3.3633329e-10
3.3631251e-10
3.3293751e-10
3.3585418e-10
3.3427089e-10
3.3570832e-10
3.3595829e-10
3.3508332e-10
3.3683334e-10
3.3502082e-10
3.3597919e-10
3.3556252e-10
3.3189584e-10
3.3729164e-10
3.3558331e-10
3.3470832e-10
3.3660422e-10
3.3710418e-10
3.3527081e-10
3.3445838e-10
3.3583333e-10
3.3414588e-10
3.3741665e-10
3.3585415e-10
3.3391659e-10
3.3547917e-10
3.3516667e-10
3.3660416e-10
3.3635417e-10
3.3462497e-10
3.3520833e-10
3.3606243e-10
3.3568745e-10
3.3429162e-10
3.3589578e-10
3.3443748e-10
3.3549999e-10
3.3383338e-10
3.3270836e-10
3.3339584e-10
3.3604167e-10
3.3677081e-10
3.3349998e-10
3.3762501e-10
3.3468753e-10
3.3520833e-10
3.3541661e-10
3.3629169e-10
3.3543748e-10
3.3410413e-10
3.3616668e-10
3.351458e-10
3.3379166e-10
3.3529168e-10
3.3564584e-10
3.3427089e-10
3.3639583e-10
3.340625e-10
3.3566669e-10
3.3524999e-10
3.3622916e-10
3.3931255e-10
3.3691666e-10
3.3483324e-10
3.3549999e-10
3.3643749e-10
3.3418748e-10
3.3645836e-10
3.3672923e-10
3.3631245e-10
3.3549999e-10
3.3889583e-10
3.3524999e-10
3.3508338e-10
3.3704164e-10
3.3687497e-10
3.3699993e-10
3.3412498e-10
3.3499994e-10
3.3745831e-10
3.3320838e-10
3.3439579e-10
3.3318751e-10
3.3581252e-10
3.3554168e-10
3.3412498e-10
3.3812503e-10
3.3577086e-10
3.3550002e-10
3.3566669e-10
3.3325001e-10
3.3387504e-10
3.3577091e-10
3.3681252e-10
3.3602079e-10
3.3512501e-10
3.3416672e-10
3.3622921e-10
3.3416667e-10
3.3427086e-10
3.3387498e-10
3.3614583e-10
3.3527084e-10
3.365625e-10
3.3535416e-10
3.3612499e-10
3.3704167e-10
3.3491665e-10
3.3564582e-10
3.3302081e-10
3.3727082e-10
3.3579167e-10
3.3699996e-10
3.3495831e-10
3.3735417e-10
3.3597919e-10
3.3677086e-10
3.3512507e-10
3.3695832e-10
3.3449998e-10
3.3535422e-10
3.3604172e-10
3.353125e-10
3.3718744e-10
3.3570832e-10
3.3512501e-10
3.363958e-10
3.3516664e-10
3.3583331e-10
3.3529166e-10
3.3802081e-10
3.3524997e-10
3.3518746e-10
3.3724998e-10
3.3616668e-10
3.3489583e-10
3.3779166e-10
3.3556249e-10
3.3639583e-10
3.3520836e-10
3.3399999e-10
3.3410413e-10
3.3622918e-10
3.3541667e-10
3.3333336e-10
3.3847913e-10
3.3660419e-10
3.3558337e-10
3.3449998e-10
3.3597924e-10
3.3652084e-10
3.3506251e-10
3.3618749e-10
3.3568751e-10
3.3416664e-10
3.3435413e-10
3.3770839e-10
3.3658332e-10
3.3414577e-10
3.3479164e-10
3.357917e-10
3.3787498e-10
3.3537498e-10
3.3595832e-10
3.3747918e-10
3.3572911e-10
3.3672917e-10
3.3714584e-10
3.3752082e-10
3.3595832e-10
3.3758335e-10
3.3372913e-10
3.3549999e-10
3.3502084e-10
3.3702083e-10
3.3795836e-10
3.3633335e-10
3.3622913e-10
3.3516662e-10
3.3712502e-10
3.3637501e-10
3.3570832e-10
3.3660416e-10
3.3610414e-10
3.3879172e-10
3.3379169e-10
3.3491662e-10
3.3754166e-10
3.3783332e-10
3.3427081e-10
3.3639583e-10
3.3650002e-10
3.3658329e-10
3.3581246e-10
3.3360423e-10
3.3591666e-10
3.3416661e-10
3.3527084e-10
3.3566669e-10
3.3581246e-10
3.3506248e-10
3.3704164e-10
3.3512498e-10
3.3724998e-10
3.3487504e-10
3.3597916e-10
3.3556252e-10
3.3583333e-10
3.3558326e-10
3.3608327e-10
3.3506248e-10
3.3618752e-10
3.3543751e-10
3.3543748e-10
3.3635417e-10
3.3535413e-10
3.3412501e-10
3.3827083e-10
3.3650002e-10
3.3622913e-10
3.3547917e-10
3.3495828e-10
3.3816672e-10
3.335833e-10
3.3666667e-10
3.3562506e-10
3.3433334e-10
3.3350003e-10
3.3504161e-10
3.3516662e-10
3.3556244e-10
3.3529163e-10
3.3570838e-10
3.3752084e-10
3.3525002e-10
3.3535416e-10
3.3537501e-10
3.3556252e-10
3.3447917e-10
3.3510411e-10
3.3570835e-10
3.3489578e-10
3.34375e-10
3.3429171e-10
3.3393749e-10
3.3314582e-10
3.3574998e-10
3.3666667e-10
3.3341671e-10
3.3643749e-10
3.3414585e-10
3.3377082e-10
3.3427078e-10
3.3487499e-10
3.3418748e-10
3.3581252e-10
3.3339581e-10
3.3414588e-10
3.3247918e-10
3.3600001e-10
3.3327083e-10
3.3552083e-10
3.3404166e-10
3.3450004e-10
3.3356248e-10
3.3602085e-10
3.3539582e-10
3.3335421e-10
3.3527087e-10
3.3554171e-10
3.3435424e-10
3.340625e-10
3.3520831e-10
3.3685418e-10
3.3389583e-10
3.3666669e-10
3.3508335e-10
3.3629172e-10
3.3643749e-10
3.342292e-10
3.340834e-10
3.3564579e-10
3.3422917e-10
3.3322914e-10
3.3472913e-10
3.3441666e-10
3.3387501e-10
3.3379166e-10
3.3168751e-10
3.353125e-10
3.339167e-10
3.3464581e-10
3.3452086e-10
3.3308331e-10
3.3274999e-10
3.3560416e-10
3.3381253e-10
3.3489578e-10
3.3508335e-10
3.3145831e-10
3.3602082e-10
3.3414579e-10
3.3402081e-10
3.3522915e-10
3.3356251e-10
3.3418751e-10
3.3514586e-10
3.3224998e-10
3.3335421e-10
3.3299996e-10
3.345208e-10
3.3514588e-10
3.3387501e-10
3.3314582e-10
3.3389583e-10
3.3410416e-10
3.3389586e-10
3.3460415e-10
3.3558337e-10
3.3470837e-10
3.3402084e-10
3.3499997e-10
3.3591663e-10
3.3360414e-10
3.3368749e-10
3.3454164e-10
3.3508335e-10
3.3285422e-10
3.3554162e-10
3.3345832e-10
3.325e-10
3.3452086e-10
3.3450001e-10
3.3691666e-10
3.3400002e-10
3.348333e-10
3.3662495e-10
3.3395833e-10
3.3500003e-10
3.3558331e-10
3.3550002e-10
3.3558331e-10
3.3347916e-10
3.3470832e-10
3.332708e-10
3.3497918e-10
3.3383335e-10
3.3358333e-10
3.3493749e-10
3.3368749e-10
3.3458331e-10
3.3308337e-10
3.3443748e-10
3.3443751e-10
3.3385419e-10
3.3589587e-10
3.3293754e-10
3.3414579e-10
3.3483336e-10
3.3587497e-10
3.3631248e-10
3.3410413e-10
3.3383335e-10
3.3416667e-10
3.3443748e-10
3.3254166e-10
3.3408337e-10
3.348333e-10
3.3066669e-10
3.3252084e-10
3.3268752e-10
3.3335418e-10
3.3356254e-10
3.3518752e-10
3.3583333e-10
3.3687503e-10
3.3285419e-10
3.3429168e-10
3.3627084e-10
3.3341671e-10
3.3425002e-10
3.3374997e-10
3.3233336e-10
3.3435418e-10
3.3439582e-10
3.3462494e-10
3.3385419e-10
3.3504163e-10
3.3547917e-10
3.3466666e-10
3.3312503e-10
3.3375003e-10
3.3391664e-10
3.3370834e-10
3.3433339e-10
3.3422917e-10
3.3479169e-10
3.3616665e-10
3.3408337e-10
3.3522915e-10
3.3466668e-10
3.3568742e-10
3.3425002e-10
3.3399999e-10
3.3550002e-10
3.3477088e-10
3.3524994e-10
3.3370834e-10
3.3427081e-10
3.3325004e-10
3.3652078e-10
3.3377082e-10
3.3418751e-10
3.3625e-10
3.3447914e-10
3.3622916e-10
3.3320832e-10
3.3468747e-10
3.3341666e-10
3.3545833e-10
3.3339587e-10
3.3475001e-10
3.3356254e-10
3.3524997e-10
3.3587494e-10
3.3395833e-10
3.3549999e-10
3.3358336e-10
3.3289585e-10
3.3560413e-10
3.3370834e-10
3.3289585e-10
3.3460415e-10
3.3481251e-10
3.3718756e-10
3.3245831e-10
3.3368744e-10
3.3508338e-10
3.3216666e-10
3.3474998e-10
3.3462497e-10
3.3479167e-10
3.3597919e-10
3.3364586e-10
3.3304168e-10
3.3541661e-10
3.3418748e-10
3.3300004e-10
3.3418751e-10
3.3579167e-10
3.3256251e-10
3.3520833e-10
3.3385417e-10
3.3597919e-10
3.3414585e-10
3.3379166e-10
3.3364589e-10
3.3483333e-10
3.3377084e-10
3.3360414e-10
3.3579167e-10
3.3545833e-10
3.3247918e-10
3.3514577e-10
3.3372916e-10
3.3349998e-10
3.3693756e-10
3.3441663e-10
3.3508332e-10
3.3552083e-10
3.3383332e-10
3.3429165e-10
3.3568748e-10
3.3402084e-10
3.3527084e-10
3.3550002e-10
3.3322919e-10
3.3331249e-10
3.3402084e-10
3.3364586e-10
3.3402084e-10
3.3375003e-10
3.3381251e-10
3.3577083e-10
3.3514583e-10
3.3389586e-10
3.3554171e-10
3.3433334e-10
3.3464581e-10
3.3477085e-10
3.3504166e-10
3.3541669e-10
3.3347916e-10
3.3462497e-10
3.3358327e-10
3.3514577e-10
3.3545833e-10
3.3366673e-10
3.3383338e-10
3.3487496e-10
3.3381245e-10
3.3466668e-10
3.3506253e-10
3.3331254e-10
3.3550002e-10
3.3466668e-10
3.3397915e-10
3.3464584e-10
3.3416661e-10
3.3558331e-10
3.3445832e-10
3.3322917e-10
3.3310416e-10
3.3522915e-10
3.3477085e-10
3.3464584e-10
3.3535413e-10
3.3433334e-10
3.3318751e-10
3.3531253e-10
3.3443751e-10
3.3433334e-10
3.3545836e-10
3.3597919e-10
3.3435421e-10
3.3327083e-10
3.3581246e-10
3.3316666e-10
3.3550004e-10
3.3410413e-10
3.3489583e-10
3.3556252e-10
3.3452083e-10
3.3293751e-10
3.3443753e-10
3.3345832e-10
3.3245831e-10
3.3677086e-10
3.3347916e-10
3.3437494e-10
3.3285422e-10
3.3481257e-10
3.3389577e-10
3.348542e-10
3.3375e-10
3.3422917e-10
3.3295838e-10
3.3575001e-10
3.3385414e-10
3.3512496e-10
3.3289585e-10
3.346875e-10
3.3443751e-10
3.3527089e-10
3.3108336e-10
3.3299993e-10
3.3560416e-10
3.339167e-10
3.3335421e-10
3.3056255e-10
3.3210415e-10
3.3235414e-10
3.3254166e-10
3.3597919e-10
3.3397915e-10
3.3649999e-10
3.2977082e-10
3.3366662e-10
3.3356248e-10
3.3449998e-10
3.3437494e-10
3.3085415e-10
3.3433337e-10
3.328125e-10
3.3181252e-10
3.3335415e-10
3.3224998e-10
3.3345829e-10
3.3247918e-10
3.3347916e-10
3.3375e-10
3.3295836e-10
3.3185416e-10
3.3479164e-10
3.3445832e-10
3.3514586e-10
3.3208333e-10
3.323333e-10
3.3206252e-10
3.3318745e-10
3.3310416e-10
3.3416667e-10
3.3362502e-10
3.3170836e-10
3.3447914e-10
3.3224995e-10
3.3527087e-10
3.3372916e-10
3.340625e-10
3.3495834e-10
3.3308334e-10
3.3414579e-10
3.3279166e-10
3.3425007e-10
3.3222911e-10
3.3568751e-10
3.3272912e-10
3.3241662e-10
3.3445832e-10
3.3466663e-10
3.3443745e-10
3.3424996e-10
3.337291e-10
3.3512501e-10
3.3260414e-10
3.3231246e-10
3.3433337e-10
3.3324998e-10
3.3431249e-10
3.3512496e-10
3.3493752e-10
3.3450001e-10
3.3485417e-10
3.3545833e-10
3.3441661e-10
3.3258335e-10
3.3591666e-10
3.3408337e-10
3.3420833e-10
3.3302083e-10
3.3379172e-10
3.3297912e-10
3.3306252e-10
3.3433331e-10
3.3458331e-10
3.3156253e-10
3.3468747e-10
3.3435416e-10
3.3362499e-10
3.3441666e-10
3.3516667e-10
3.3206243e-10
3.342083e-10
3.3399997e-10
3.3339581e-10
3.3391662e-10
3.3516664e-10
3.3554162e-10
3.3537501e-10
3.3439582e-10
3.342292e-10
3.3356251e-10
3.3456249e-10
3.3625e-10
3.3618752e-10
3.3393752e-10
3.3393752e-10
3.3697917e-10
3.3481246e-10
3.3418751e-10
3.3462505e-10
3.3635417e-10
3.3397921e-10
3.3397921e-10
3.325e-10
3.3568745e-10
3.3408334e-10
3.3339587e-10
3.3310416e-10
3.3545836e-10
3.3497916e-10
3.3404166e-10
3.3335418e-10
3.3385417e-10
3.3514583e-10
3.3414579e-10
3.3185416e-10
3.3424999e-10
3.3370828e-10
3.3272915e-10
3.3341666e-10
3.3266667e-10
3.3283337e-10
3.3287501e-10
3.3293751e-10
3.3237502e-10
3.3231251e-10
3.3299999e-10
3.3333331e-10
3.3293751e-10
3.3237502e-10
3.33125e-10
3.3416667e-10
3.326667e-10
3.3570835e-10
3.332708e-10
3.3389586e-10
3.3212499e-10
3.3270828e-10
3.3402081e-10
3.3447911e-10
3.3487504e-10
3.3404171e-10
3.3383332e-10
3.3220834e-10
3.3372918e-10
3.360833e-10
3.3272909e-10
3.3377084e-10
3.3329162e-10
3.3154166e-10
3.3412498e-10
3.3285416e-10
3.3320829e-10
3.3458333e-10
3.3335415e-10
3.342292e-10
3.329583e-10
3.3172917e-10
3.3291669e-10
3.3260411e-10
3.3287503e-10
3.3389586e-10
3.3577083e-10
3.3454167e-10
3.3270828e-10
3.3274999e-10
3.3522921e-10
3.334166e-10
3.3362496e-10
3.3247913e-10
3.345208e-10
3.3272915e-10
3.3262496e-10
3.3500003e-10
3.3408334e-10
3.3318745e-10
3.3406247e-10
3.3256248e-10
3.325e-10
3.3654163e-10
3.3379166e-10
3.3268749e-10
3.345208e-10
3.3543748e-10
3.3350003e-10
3.3427081e-10
3.3293757e-10
3.3210418e-10
3.3410411e-10
3.3429165e-10
3.3331249e-10
3.339167e-10
3.3337505e-10
3.3231246e-10
3.3181247e-10
3.3339589e-10
3.3175002e-10
3.3341666e-10
3.298542e-10
3.3474998e-10
3.3316672e-10
3.3443748e-10
3.3097913e-10
3.3270833e-10
3.3335421e-10
3.34375e-10
3.3274999e-10
3.33125e-10
3.3389583e-10
3.3202088e-10
3.3535413e-10
3.3302083e-10
3.3425002e-10
3.3395833e-10
3.3179165e-10
3.3533329e-10
3.3412503e-10
3.3600003e-10
3.3374997e-10
3.3424999e-10
3.3297914e-10
3.3297912e-10
3.3381251e-10
3.3464584e-10
3.3350001e-10
3.3216668e-10
3.325e-10
3.3420833e-10
3.3156247e-10
3.3314579e-10
3.3379169e-10
3.3547917e-10
3.3247918e-10
3.3089584e-10
3.3502082e-10
3.3333333e-10
3.3270828e-10
3.3383335e-10
3.3302078e-10
3.345417e-10
3.3481246e-10
3.3429165e-10
3.3470837e-10
3.3418748e-10
3.3145836e-10
3.3216668e-10
3.3364589e-10
3.3418751e-10
3.3287498e-10
3.3339581e-10
3.3447919e-10
3.3137498e-10
3.3410419e-10
3.3412501e-10
3.3420833e-10
3.3322919e-10
3.3191663e-10
3.3289591e-10
3.3408334e-10
3.326667e-10
3.3418748e-10
3.3274999e-10
3.3254166e-10
3.3322914e-10
3.3431249e-10
3.3270839e-10
3.3266667e-10
3.323333e-10
3.3495831e-10
3.3279163e-10
3.3379166e-10
3.3352082e-10
3.3285413e-10
3.3647915e-10
3.3235417e-10
3.3204162e-10
3.3660416e-10
3.3420833e-10
3.3383335e-10
3.3331249e-10
3.357917e-10
3.3366671e-10
3.3525002e-10
3.3277081e-10
3.339167e-10
3.3274999e-10
3.3445832e-10
3.348542e-10
3.3208333e-10
3.3277081e-10
3.3364583e-10
3.34375e-10
3.3216666e-10
3.3143749e-10
3.3479167e-10
3.3208339e-10
3.3366659e-10
3.3404166e-10
3.3727077e-10
3.3518746e-10
3.3283334e-10
3.3302086e-10
3.3477082e-10
3.332708e-10
3.3347922e-10
3.3414579e-10
3.3360417e-10
3.3399997e-10
3.3272915e-10
3.323542e-10
3.3291667e-10
3.3364583e-10
3.3091668e-10
3.3441663e-10
3.3202083e-10
3.3335418e-10
3.3485417e-10
3.3422917e-10
3.3195832e-10
3.3106257e-10
3.3189587e-10
3.3097913e-10
3.3300002e-10
3.3158332e-10
3.329583e-10
3.3424996e-10
3.3289582e-10
3.3377079e-10
3.3429168e-10
3.3185416e-10
3.3333339e-10
3.3177089e-10
3.3418746e-10
3.3191669e-10
3.3258332e-10
3.328125e-10
3.3299999e-10
3.3325001e-10
3.3200001e-10
3.3106254e-10
3.3210418e-10
3.3141667e-10
3.3181249e-10
3.3354161e-10
3.3249997e-10
3.3025005e-10
3.332708e-10
3.3077083e-10
3.3385411e-10
3.3270833e-10
3.3277078e-10
3.3345834e-10
3.3145833e-10
3.3081246e-10
3.3416667e-10
3.3289585e-10
3.3191663e-10
3.3375e-10
3.3408332e-10
3.3070835e-10
3.3187497e-10
3.3166667e-10
3.3037498e-10
3.340625e-10
3.3256253e-10
3.3287503e-10
3.3256251e-10
3.2952083e-10
3.3064584e-10
3.3037498e-10
3.3504172e-10
3.3241662e-10
3.3200001e-10
3.3252087e-10
3.3210423e-10
3.3247918e-10
3.3308331e-10
3.3385414e-10
3.3252076e-10
3.3143749e-10
3.3412501e-10
3.31875e-10
3.3068753e-10
3.3329167e-10
3.3227085e-10
3.3291669e-10
3.3395833e-10
3.3293751e-10
3.326667e-10
3.3352085e-10
3.3266667e-10
3.3185418e-10
3.3358333e-10
3.3177081e-10
3.3347916e-10
3.3377082e-10
3.3502082e-10
3.3393749e-10
3.3247918e-10
3.3452086e-10
3.3212505e-10
3.3245831e-10
3.3479169e-10
3.3247918e-10
3.3216668e-10
3.3283332e-10
3.3433331e-10
3.3216666e-10
3.3254161e-10
3.3314584e-10
3.3422912e-10
3.3116668e-10
3.3081252e-10
3.3074998e-10
3.3368749e-10
3.3224995e-10
3.3247918e-10
3.3110414e-10
3.327916e-10
3.3237504e-10
3.3216668e-10
3.3472913e-10
3.3364586e-10
3.3289579e-10
3.3404168e-10
3.3372916e-10
3.3341666e-10
3.3385414e-10
3.3285413e-10
3.3299999e-10
3.3145836e-10
3.3241665e-10
3.3264583e-10
3.310833e-10
3.3187497e-10
3.3197914e-10
3.3310421e-10
3.3089584e-10
3.3208336e-10
3.3316663e-10
3.2981248e-10
3.3252082e-10
3.3293748e-10
3.3195835e-10
3.3135414e-10
3.3256251e-10
3.3164588e-10
3.3199996e-10
3.3368749e-10
3.2975003e-10
3.3304165e-10
3.3222911e-10
3.3464584e-10
3.3200004e-10
3.3122918e-10
3.3314582e-10
3.3152084e-10
3.3239586e-10
3.3354164e-10
3.3320838e-10
3.3214584e-10
3.3439587e-10
3.3339584e-10
3.3285419e-10
3.3381251e-10
3.3306244e-10
3.3310413e-10
3.3350001e-10
3.3308334e-10
3.3310418e-10
3.3293751e-10
3.3314584e-10
3.3312497e-10
3.3564582e-10
3.3252082e-10
3.3370831e-10
3.3512501e-10
3.3443748e-10
3.3368744e-10
3.3227085e-10
3.3410422e-10
3.3295836e-10
3.3235414e-10
3.3254161e-10
3.3260414e-10
3.3233336e-10
3.3324996e-10
3.3402084e-10
3.3260419e-10
3.3352088e-10
3.3164585e-10
3.3279163e-10
3.3245826e-10
3.3295836e-10
3.3439579e-10
3.3418748e-10
3.3420833e-10
3.3416661e-10
3.3589581e-10
3.3310416e-10
3.345208e-10
3.3308334e-10
3.3500003e-10
3.3600001e-10
3.3187497e-10
3.3262501e-10
3.3227085e-10
3.3131251e-10
3.3424999e-10
3.3166669e-10
3.3464584e-10
3.3279166e-10
3.3162498e-10
3.3156253e-10
3.3316669e-10
3.3427081e-10
3.3318753e-10
3.3393749e-10
3.3245834e-10
3.328125e-10
3.3475001e-10
3.3277084e-10
3.3247918e-10
3.325e-10
3.3379166e-10
3.3527081e-10
3.34375e-10
3.3422914e-10
3.3335421e-10
3.3437503e-10
3.3254161e-10
3.3560418e-10
3.3472916e-10
3.3408334e-10
3.3335415e-10
3.3045836e-10
3.3489581e-10
3.3377084e-10
3.348333e-10
3.3206246e-10
3.3256251e-10
3.3308331e-10
3.340625e-10
3.3077083e-10
3.3393743e-10
3.3400002e-10
3.3299999e-10
3.3241665e-10
3.3279168e-10
3.3243749e-10
3.3437503e-10
3.345208e-10
3.3514577e-10
3.3354167e-10
3.3118747e-10
3.3225006e-10
3.348333e-10
3.3364586e-10
3.3095834e-10
3.3502082e-10
3.2985412e-10
3.3272912e-10
3.309375e-10
3.2995828e-10
3.3179173e-10
3.3266667e-10
3.3027084e-10
3.3202094e-10
3.3291672e-10
3.3235412e-10
3.3041669e-10
3.3362502e-10
3.3162503e-10
3.3477082e-10
3.3149999e-10
3.3445838e-10
3.3241668e-10
3.3389586e-10
3.3177086e-10
3.3137501e-10
3.3264586e-10
3.3097916e-10
3.3258332e-10
3.3285413e-10
3.3177089e-10
3.3395833e-10
3.3093747e-10
3.3462497e-10
3.3339581e-10
3.3439579e-10
3.3366671e-10
3.3450001e-10
3.3470834e-10
3.3252079e-10
3.3427083e-10
3.3437503e-10
3.3097916e-10
3.3283329e-10
3.3379166e-10
3.3562492e-10
3.3274997e-10
3.3258335e-10
3.346875e-10
3.3345843e-10
3.3193753e-10
3.3297917e-10
3.3487499e-10
3.3204167e-10
3.3341668e-10
3.3408334e-10
3.3218753e-10
3.3091668e-10
3.3229169e-10
3.3133329e-10
3.3266667e-10
3.3158334e-10
3.3177081e-10
3.3393749e-10
3.3314587e-10
3.3185416e-10
3.3231248e-10
3.3335415e-10
3.3070827e-10
3.3177078e-10
3.3245834e-10
3.3218747e-10
3.3287501e-10
3.3179162e-10
3.3306249e-10
3.3320832e-10
3.3152084e-10
3.3318745e-10
3.3139586e-10
3.3158334e-10
3.3177086e-10
3.3145833e-10
3.3164585e-10
3.3162498e-10
3.3160416e-10
3.3345829e-10
3.3060416e-10
3.3358336e-10
3.3297923e-10
3.3300002e-10
3.3272912e-10
3.3127084e-10
3.3362499e-10
3.3235414e-10
3.304583e-10
3.3399997e-10
3.3212499e-10
3.3222922e-10
3.3314582e-10
3.3145833e-10
3.3270836e-10
3.3302081e-10
3.3145842e-10
3.3329167e-10
3.3068753e-10
3.3408332e-10
3.3220829e-10
3.3239583e-10
3.3360417e-10
3.3114583e-10
3.3204164e-10
3.321875e-10
3.3312503e-10
3.3379166e-10
3.3206252e-10
3.3277081e-10
3.3268749e-10
3.3291672e-10
3.3347919e-10
3.3097913e-10
3.3224998e-10
3.3429162e-10
3.3231251e-10
3.3149999e-10
3.3145833e-10
3.3197917e-10
3.3379169e-10
3.3285416e-10
3.3197917e-10
3.3252082e-10
3.3179165e-10
3.3239581e-10
3.3354167e-10
3.3206246e-10
3.3439582e-10
3.3197917e-10
3.3327083e-10
3.3329167e-10
3.3245831e-10
3.3064584e-10
3.3097919e-10
3.3137501e-10
3.3100001e-10
3.325e-10
3.3220834e-10
3.3306252e-10
3.3393746e-10
3.3333331e-10
3.3487496e-10
3.3304168e-10
3.3260414e-10
3.3297917e-10
3.3156247e-10
3.3172917e-10
3.3235414e-10
3.3127084e-10
3.3420833e-10
3.3272915e-10
3.3145831e-10
3.3229167e-10
3.3343744e-10
3.3054173e-10
3.2962497e-10
3.3312503e-10
3.3289582e-10
3.3212499e-10
3.3370831e-10
3.3081252e-10
3.3177086e-10
3.3220832e-10
3.3277078e-10
3.3466668e-10
3.3341666e-10
3.3435418e-10
3.3222911e-10
3.326667e-10
3.3162498e-10
3.3458336e-10
3.3379169e-10
3.3266667e-10
3.3452083e-10
3.3220834e-10
3.3131251e-10
3.3166667e-10
3.3412501e-10
3.3339578e-10
3.329583e-10
3.3264586e-10
3.3254169e-10
3.3291669e-10
3.3314587e-10
3.317292e-10
3.3574996e-10
3.3241665e-10
3.3491665e-10
3.3289585e-10
3.3300002e-10
3.3431249e-10
3.3437503e-10
3.3193753e-10
3.3112499e-10
3.3220834e-10
3.31875e-10
3.3181247e-10
3.3295827e-10
3.3149997e-10
3.3133332e-10
3.3395831e-10
3.2949998e-10
3.3135417e-10
3.3460415e-10
3.3102085e-10
3.3297912e-10
3.3189584e-10
3.3302086e-10
3.3160419e-10
3.3279166e-10
3.3102085e-10
3.3356246e-10
3.3160419e-10
3.3274999e-10
3.3362504e-10
3.3272915e-10
3.3120831e-10
3.3016667e-10
3.3031253e-10
3.3416667e-10
3.3145836e-10
3.3087499e-10
3.3116668e-10
3.3412498e-10
3.3168748e-10
3.332917e-10
3.3220832e-10
3.3193748e-10
3.3191672e-10
3.3177078e-10
3.3212505e-10
3.3195835e-10
3.3191666e-10
3.3254166e-10
3.3202083e-10
3.3143749e-10
3.3245834e-10
3.3289579e-10
3.3349998e-10
3.3229161e-10
3.3100003e-10
3.3187503e-10
3.3033334e-10
3.3137496e-10
3.3139583e-10
3.3033334e-10
3.3139586e-10
3.3206246e-10
3.3079167e-10
3.3145833e-10
3.3145833e-10
3.3183334e-10
3.3008338e-10
3.3047917e-10
3.3185418e-10
3.3368747e-10
3.3156247e-10
3.3239586e-10
3.3210418e-10
3.3137498e-10
3.3239581e-10
3.3095834e-10
3.3075004e-10
3.3306244e-10
3.3133335e-10
3.3335409e-10
3.3339587e-10
3.3237502e-10
3.3204167e-10
3.307917e-10
3.3127084e-10
3.3297914e-10
3.3318753e-10
3.3166669e-10
3.3297914e-10
3.3262501e-10
3.3529166e-10
3.3175007e-10
3.3285416e-10
3.3164585e-10
3.3235423e-10
3.317292e-10
3.3091666e-10
3.3106248e-10
3.3235414e-10
3.3256251e-10
3.3189582e-10
3.3260419e-10
3.3300002e-10
3.3224998e-10
3.3162501e-10
3.3304168e-10
3.3414579e-10
3.3443751e-10
3.3450001e-10
3.3254166e-10
3.3375e-10
3.3289582e-10
3.3414585e-10
3.3302081e-10
3.326667e-10
3.3164582e-10
3.3012496e-10
3.3331249e-10
3.3345829e-10
3.3124997e-10
3.3231251e-10
3.321666e-10
3.3210421e-10
3.3362499e-10
3.3339581e-10
3.3210415e-10
3.3327086e-10
3.3254166e-10
3.3174993e-10
3.3247921e-10
3.3197917e-10
3.3225003e-10
3.3189587e-10
3.3162501e-10
3.3179165e-10
3.3152087e-10
3.2947917e-10
3.3181244e-10
3.3116668e-10
3.3145833e-10
3.3116662e-10
3.3191669e-10
3.3285416e-10
3.3056244e-10
3.315625e-10
3.3239583e-10
3.3172923e-10
3.3049999e-10
3.3018746e-10
3.3247918e-10
3.3131251e-10
3.3152087e-10
3.3018746e-10
3.3043751e-10
3.3074998e-10
3.3116673e-10
3.3049996e-10
3.3274997e-10
3.3070832e-10
3.323333e-10
3.3149999e-10
3.3356251e-10
3.3262501e-10
3.3281253e-10
3.3181249e-10
3.3189579e-10
3.3181249e-10
3.3370831e-10
3.3310421e-10
3.3054171e-10
3.3120834e-10
3.3054168e-10
3.2939587e-10
3.323333e-10
3.3114583e-10
3.3274999e-10
3.3279168e-10
3.2879169e-10
3.3306249e-10
3.3131251e-10
3.3195835e-10
3.3556252e-10
3.3352082e-10
3.3264583e-10
3.3337505e-10
3.3554171e-10
3.3437503e-10
3.3231246e-10
3.3233333e-10
3.3064582e-10
3.3302078e-10
3.3200004e-10
3.3047917e-10
3.3154166e-10
3.340834e-10
3.3312506e-10
3.3256251e-10
3.3383332e-10
3.3441669e-10
3.3197919e-10
3.3329167e-10
3.3497918e-10
3.3262501e-10
3.3470834e-10
3.3252084e-10
3.3143752e-10
3.3366668e-10
3.3145831e-10
3.3077086e-10
3.317292e-10
3.3210415e-10
3.3039582e-10
3.3150005e-10
3.3066666e-10
3.3083333e-10
3.3358336e-10
3.3287501e-10
3.3477082e-10
3.3179165e-10
3.3464584e-10
3.3231251e-10
3.3054168e-10
3.3166667e-10
3.3337499e-10
3.3195832e-10
3.3352085e-10
3.3070832e-10
3.340416e-10
3.3035413e-10
3.3074998e-10
3.3408337e-10
3.3245831e-10
3.2916664e-10
3.3035422e-10
3.3139588e-10
3.2889585e-10
3.3191669e-10
3.3066666e-10
3.3304165e-10
3.323542e-10
3.3008332e-10
3.3322917e-10
3.3485417e-10
3.3314582e-10
3.3287503e-10
3.3258335e-10
3.3214584e-10
3.2904168e-10
3.3006251e-10
3.3014583e-10
3.2941661e-10
3.3064579e-10
3.3160422e-10
3.3164582e-10
3.3422917e-10
3.3154171e-10
3.3131245e-10
3.3162498e-10
3.3162498e-10
3.3252082e-10
3.3204162e-10
3.3208333e-10
3.3154166e-10
3.3293748e-10
3.3224995e-10
3.3210421e-10
3.3241665e-10
3.3368747e-10
3.3083331e-10
3.3247921e-10
3.3083328e-10
3.3260419e-10
3.3189582e-10
3.3304162e-10
3.3168754e-10
3.3297909e-10
3.3120834e-10
3.3047917e-10
3.3122921e-10
3.3345834e-10
3.3216668e-10
3.3112499e-10
3.3079173e-10
3.3181249e-10
3.2874992e-10
3.3035416e-10
3.3349998e-10
3.3120837e-10
3.3022915e-10
3.3095834e-10
3.3077086e-10
3.303334e-10
3.3460418e-10
3.3037501e-10
3.3064579e-10
3.3224998e-10
3.3131248e-10
3.3193753e-10
3.3181252e-10
3.3177081e-10
3.3106248e-10
3.3185418e-10
3.3072917e-10
3.3279163e-10
3.3258329e-10
3.3231248e-10
3.3170836e-10
3.3222908e-10
3.3066666e-10
3.3341668e-10
3.3254166e-10
3.3089581e-10
3.3070832e-10
3.3141667e-10
3.3033329e-10
3.3106248e-10
3.3212497e-10
3.3062497e-10
3.3431252e-10
3.3385417e-10
3.321875e-10
3.3247918e-10
3.3083331e-10
3.3191669e-10
3.3314582e-10
3.3154166e-10
3.3147918e-10
3.3314582e-10
3.3206254e-10
3.3331249e-10
3.3125003e-10
3.2912498e-10
3.3154166e-10
3.3049999e-10
3.3133329e-10
3.3224998e-10
3.3220834e-10
3.3035416e-10
3.3075001e-10
3.3235417e-10
3.320417e-10
3.3208333e-10
3.3187494e-10
3.3239583e-10
3.3243747e-10
3.3175002e-10
3.328125e-10
3.3241665e-10
3.3343753e-10
3.3479164e-10
3.3218753e-10
3.3206252e-10
3.3197919e-10
3.3170836e-10
3.3143749e-10
3.3212499e-10
3.3181249e-10
3.3258327e-10
3.3222919e-10
3.3070835e-10
3.3172917e-10
3.3172917e-10
3.3308334e-10
3.3445829e-10
3.3214584e-10
3.3460418e-10
3.3181249e-10
3.329583e-10
3.3245831e-10
3.3352079e-10
3.3179168e-10
3.324791e-10
3.3125e-10
3.3193748e-10
3.3272915e-10
3.3139577e-10
3.3356251e-10
3.3197919e-10
3.3285422e-10
3.2983333e-10
3.3154171e-10
3.3181244e-10
3.3275002e-10
3.3193748e-10
3.3195835e-10
3.3102085e-10
3.3189582e-10
3.3414585e-10
3.3195835e-10
3.2960418e-10
3.3368755e-10
3.3043748e-10
3.3179165e-10
3.3237502e-10
3.3072917e-10
3.2981251e-10
3.3058337e-10
3.3177086e-10
3.3191669e-10
3.3060418e-10
3.3172917e-10
3.3193751e-10
3.3262498e-10
3.3279166e-10
3.2981251e-10
3.3222911e-10
3.3077091e-10
3.2954167e-10
3.3185421e-10
3.2908334e-10
3.3110417e-10
3.2983338e-10
3.3179173e-10
3.3239586e-10
3.3297914e-10
3.3297917e-10
3.3449998e-10
3.3179168e-10
3.3310418e-10
3.3239583e-10
3.2975001e-10
3.3208336e-10
3.3020836e-10
3.2885417e-10
3.3087491e-10
3.3089584e-10
3.3220832e-10
3.3252087e-10
3.3291667e-10
3.3054165e-10
3.329583e-10
3.3262496e-10
3.3172917e-10
3.3141667e-10
3.3175002e-10
3.3218756e-10
3.3089581e-10
3.3322919e-10
3.3143749e-10
3.317292e-10
3.3070832e-10
3.3168754e-10
3.3177089e-10
3.3108333e-10
3.3070829e-10
3.3102082e-10
3.3341668e-10
3.3139583e-10
3.2941669e-10
3.3227085e-10
3.3152084e-10
3.3227082e-10
3.3062503e-10
3.3308334e-10
3.3170833e-10
3.3337497e-10
3.3210418e-10
3.2981251e-10
3.3166669e-10
