-6.8981466e-11
-6.743054e-11
-6.3356473e-11
-6.8217591e-11
-6.6550918e-11
-6.4560177e-11
-6.1527769e-11
-6.2662021e-11
-6.6180547e-11
-6.3773133e-11
-6.3981466e-11
-6.4791658e-11
-6.8935177e-11
-6.7175911e-11
-6.4537028e-11
-6.5648133e-11
-6.8078702e-11
-6.6481473e-11
-6.3310177e-11
-6.8564807e-11
-6.8333325e-11
-6.685185e-11
-6.5046288e-11
-6.6134244e-11
-6.8402763e-11
-6.4004614e-11
-6.5601843e-11
-6.7847214e-11
-6.673611e-11
-6.4884244e-11
-6.5162022e-11
-6.6689806e-11
-6.6226837e-11
-6.789351e-11
-6.7384251e-11
-6.4189813e-11
-6.8819429e-11
-6.6550911e-11
-6.7870362e-11
-6.5601843e-11
-7.0949066e-11
-6.4814806e-11
-6.5972207e-11
-6.6666658e-11
-6.5509251e-11
-6.5648147e-11
-6.7152776e-11
-6.9861103e-11
-7.04398e-11
-7.0925925e-11
-6.6435177e-11
-6.5046288e-11
-6.5601843e-11
-6.3055547e-11
-6.3819436e-11
-6.2893517e-11
-6.3981466e-11
-6.5208325e-11
-6.5162029e-11
-6.9236096e-11
-6.5486096e-11
-6.2962954e-11
-6.5462955e-11
-6.4444436e-11
-6.5254621e-11
-6.6388874e-11
-6.9120362e-11
-6.7615726e-11
-7.0671281e-11
-6.564814e-11
-6.4652769e-11
-6.7129621e-11
-6.6365732e-11
-6.4884244e-11
-6.5694429e-11
-6.4560184e-11
-6.4282392e-11
-6.7546288e-11
-6.4791658e-11
-6.6064806e-11
-6.5902769e-11
-6.7962955e-11
-6.3749991e-11
-6.4837954e-11
-6.5856473e-11
-6.5416658e-11
-6.789351e-11
-6.4629621e-11
-6.3194429e-11
-6.3819436e-11
-6.831017e-11
-6.1504614e-11
-6.6435177e-11
-6.689814e-11
-6.5393503e-11
-6.4791651e-11
-6.4004621e-11
-6.4722214e-11
-6.726851e-11
-6.5879621e-11
-6.351851e-11
-6.3749984e-11
-6.5208325e-11
-6.3032399e-11
-6.4791658e-11
-6.5046288e-11
-6.9652777e-11
-6.2430547e-11
-6.3402769e-11
-5.9583324e-11
-6.6643517e-11
-6.4699072e-11
-6.4236109e-11
-6.3032399e-11
-6.6273133e-11
-6.6782399e-11
-6.5254628e-11
-6.4652762e-11
-6.7476844e-11
-6.1828702e-11
-6.3310183e-11
-6.6180554e-11
-6.2708318e-11
-6.5092577e-11
-6.6226837e-11
-6.5532399e-11
-6.7731466e-11
-6.7222214e-11
-6.7337948e-11
-6.405091e-11
-6.5902762e-11
-6.388888e-11
-6.3055547e-11
-6.5324066e-11
-6.7847214e-11
-6.5995362e-11
-6.3749978e-11
-6.2175917e-11
-6.8240733e-11
-6.8680547e-11
-6.5902769e-11
-6.3796288e-11
-6.5347207e-11
-6.7152763e-11
-6.2222207e-11
-6.3449065e-11
-6.6504621e-11
-6.5393503e-11
-6.6550924e-11
-6.2013873e-11
-6.6620362e-11
-6.6365725e-11
-6.6203688e-11
-6.976851e-11
-6.4236096e-11
-6.6967577e-11
-6.7013874e-11
-6.0995368e-11
-6.5231473e-11
-6.7037029e-11
-6.3773133e-11
-6.5925918e-11
-6.4074059e-11
-6.5486096e-11
-6.5694436e-11
-6.5810177e-11
-6.6666658e-11
-6.7546288e-11
-6.8402763e-11
-6.3634251e-11
-6.5995362e-11
-6.4027769e-11
-6.7175918e-11
-6.6944436e-11
-6.4722214e-11
-6.4699066e-11
-6.6365732e-11
-6.3287035e-11
-6.6689806e-11
-6.8379621e-11
-6.5370362e-11
-6.6874992e-11
-6.5277776e-11
-6.4004628e-11
-6.5578695e-11
-6.7037029e-11
-6.4467577e-11
-6.8865726e-11
-6.7175918e-11
-6.6111103e-11
-6.4999992e-11
-6.6481473e-11
-6.263888e-11
-6.4467584e-11
-6.5324059e-11
-6.9305547e-11
-6.4583325e-11
-6.3148139e-11
-6.6828688e-11
-6.4999992e-11
-6.4837954e-11
-6.601851e-11
-6.4444436e-11
-6.6226837e-11
-6.5509251e-11
-6.5949073e-11
-6.7129621e-11
-6.7523133e-11
-6.7106473e-11
-6.4259251e-11
-6.3865732e-11
-6.6574066e-11
-6.6273133e-11
-6.439814e-11
-6.91898e-11
-6.326388e-11
-6.4490732e-11
-6.5532399e-11
-6.3124991e-11
-6.6064799e-11
-6.5925918e-11
-6.310185e-11
-6.7407399e-11
-6.4374985e-11
-6.9699073e-11
-6.4004621e-11
-5.976851e-11
-7.0879615e-11
-6.7569436e-11
-6.6249992e-11
-6.6967577e-11
-6.5787036e-11
-6.79398e-11
-6.7291658e-11
-6.5694436e-11
-6.8263874e-11
-6.4305547e-11
-6.5601836e-11
-6.7453695e-11
-6.5046288e-11
-6.6666651e-11
-6.6574066e-11
-6.5949073e-11
-6.7847214e-11
-6.814814e-11
-6.5972207e-11
-7.1527763e-11
-6.6249992e-11
-6.9629622e-11
-6.6365725e-11
-7.1782393e-11
-6.3703695e-11
-6.6990732e-11
-6.414351e-11
-6.7361103e-11
-6.5833325e-11
-6.6458318e-11
-6.1435176e-11
-6.877314e-11
-6.710648e-11
-6.5277769e-11
-6.7152763e-11
-6.8009251e-11
-6.7870369e-11
-6.5370362e-11
-6.6782392e-11
-6.5717577e-11
-6.7523133e-11
-6.3287028e-11
-6.6365725e-11
-6.9907399e-11
-6.7893503e-11
-6.3564806e-11
-6.164351e-11
-6.564814e-11
-6.7708325e-11
-6.5902769e-11
-6.868054e-11
-6.6967591e-11
-6.6921288e-11
-6.6620362e-11
-6.5300917e-11
-6.7361096e-11
-6.4629621e-11
-6.4027769e-11
-6.4837948e-11
-6.4166658e-11
-6.5254621e-11
-6.5300911e-11
-6.6180547e-11
-6.689814e-11
-6.6296281e-11
-6.4467584e-11
-6.8333325e-11
-6.5578695e-11
-6.7685177e-11
-6.6111103e-11
-6.3449065e-11
-6.3587954e-11
-6.7037029e-11
-6.3148133e-11
-6.6689806e-11
-6.6087948e-11
-6.4583325e-11
-6.8518503e-11
-6.6851837e-11
-6.3865725e-11
-6.4050917e-11
-6.5208318e-11
-6.9583318e-11
-6.331017e-11
-6.5856466e-11
-6.9374992e-11
-6.8449066e-11
-6.6736103e-11
-6.4722207e-11
-6.8958318e-11
-6.5115732e-11
-6.6874992e-11
-6.7013881e-11
-6.877314e-11
-6.7384251e-11
-6.1458325e-11
-6.3912022e-11
-6.4027769e-11
-6.4907399e-11
-6.4699072e-11
-6.3796288e-11
-6.2361102e-11
-6.6342584e-11
-6.5277769e-11
-6.5972214e-11
-6.3240732e-11
-6.5856466e-11
-6.601851e-11
-6.3148139e-11
-6.4328688e-11
-6.4282392e-11
-6.6412036e-11
-6.5624992e-11
-6.2106473e-11
-6.6157399e-11
-6.5324066e-11
-6.5763874e-11
-6.9606466e-11
-6.8333325e-11
-6.5439813e-11
-6.3865725e-11
-6.4374998e-11
-6.726851e-11
-6.7708325e-11
-6.6296288e-11
-6.618054e-11
-6.4537028e-11
-7.0324059e-11
-6.5069429e-11
-6.79398e-11
-6.013888e-11
-6.2268517e-11
-6.6550911e-11
-6.1851843e-11
-6.7245362e-11
-6.5972214e-11
-6.4050917e-11
-6.5185177e-11
-6.6921288e-11
-6.4097214e-11
-6.5694436e-11
-6.9212955e-11
-6.3009251e-11
-7.0995369e-11
-6.4444436e-11
-6.2569436e-11
-6.3402769e-11
-6.3356466e-11
-6.6342591e-11
-6.752314e-11
-6.6967577e-11
-6.4675917e-11
-6.8680554e-11
-6.1041665e-11
-6.7824059e-11
-6.7986103e-11
-6.9583325e-11
-6.0879621e-11
-6.6597214e-11
-6.6967577e-11
-6.7106473e-11
-6.5856466e-11
-6.3819443e-11
-6.7870348e-11
-6.2592584e-11
-6.7638881e-11
-6.9837955e-11
-6.6481473e-11
-6.8171295e-11
-6.1134244e-11
-6.5416651e-11
-6.3634244e-11
-6.8449059e-11
-6.8148133e-11
-6.8078689e-11
-6.4699066e-11
-6.8171295e-11
-6.4027769e-11
-6.5995355e-11
-6.372685e-11
-6.4236109e-11
-6.4837961e-11
-6.1620362e-11
-6.2199065e-11
-6.5162022e-11
-6.8819429e-11
-6.3865725e-11
-6.502314e-11
-6.6967577e-11
-6.7430547e-11
-6.2430547e-11
-6.3587954e-11
-6.4606466e-11
-6.6851844e-11
-6.4537028e-11
-6.555554e-11
-6.2222213e-11
-6.5069429e-11
-6.4097207e-11
-6.4143503e-11
-6.3518503e-11
-6.4537028e-11
-6.335648e-11
-6.3912035e-11
-6.7893503e-11
-6.8726837e-11
-6.3171281e-11
-6.5694429e-11
-6.8819429e-11
-6.5810177e-11
-6.8541658e-11
-6.5347207e-11
-6.8194436e-11
-6.4814806e-11
-6.7569436e-11
-6.8078695e-11
-6.7754628e-11
-7.0856473e-11
-6.9074066e-11
-6.7314807e-11
-6.4837954e-11
-6.6620362e-11
-6.6111103e-11
-6.923611e-11
-6.4120362e-11
-7.0740733e-11
-6.5833325e-11
-6.8749985e-11
-6.8495369e-11
-6.7499992e-11
-7.1134251e-11
-7.1087948e-11
-6.4143517e-11
-6.2754621e-11
-6.743054e-11
-6.5578688e-11
-6.8356466e-11
-6.8726844e-11
-6.4328688e-11
-6.8171281e-11
-6.7337948e-11
-6.4004628e-11
-6.5925918e-11
-6.6249992e-11
-6.6597207e-11
-6.8981473e-11
-6.2777769e-11
-6.2175917e-11
-6.4444436e-11
-6.8842584e-11
-6.9884244e-11
-6.3564806e-11
-6.5787036e-11
-6.7754628e-11
-6.726851e-11
-6.3449059e-11
-6.388888e-11
-6.7546295e-11
-6.7453695e-11
-6.8888881e-11
-6.6481466e-11
-6.4791658e-11
-6.6249992e-11
-6.8587955e-11
-6.4814806e-11
-6.7569436e-11
-7.0069429e-11
-6.6874999e-11
-6.3657399e-11
-6.5949059e-11
-6.3819436e-11
-6.4490732e-11
-6.5486103e-11
-6.7731466e-11
-6.7962955e-11
-6.4120362e-11
-6.5810184e-11
-6.4745369e-11
-6.8865733e-11
-6.3680547e-11
-6.6620362e-11
-6.4374985e-11
-6.4374985e-11
-6.2824058e-11
-6.4814806e-11
-6.2569436e-11
-6.7476837e-11
-6.8009251e-11
-6.581017e-11
-7.2430541e-11
-1.1236111e-10
-1.6800925e-10
-2.1210649e-10
-2.5300922e-10
-2.8495373e-10
-3.1745373e-10
-3.4699074e-10
-3.7377315e-10
-3.9418979e-10
-4.0340281e-10
-4.1224538e-10
-4.1817125e-10
-4.159954e-10
-4.1699075e-10
-4.1476847e-10
-4.0965276e-10
-4.0782405e-10
-4.0456016e-10
-4.0127315e-10
-3.9182865e-10
-3.8048609e-10
-3.7541664e-10
-3.6344913e-10
-3.5074074e-10
-3.4134257e-10
-3.2502315e-10
-3.1509262e-10
-3.0962954e-10
-2.924074e-10
-2.8194444e-10
-2.7356481e-10
-2.6532407e-10
-2.5291666e-10
-2.4284719e-10
-2.4124999e-10
-2.2842592e-10
-2.1493056e-10
-2.0553242e-10
-2.0185185e-10
-1.9624996e-10
-1.8824071e-10
-1.8050927e-10
-1.7395833e-10
-1.6861111e-10
-1.6358793e-10
-1.6238423e-10
-1.5777776e-10
-1.5069442e-10
-1.4680553e-10
-1.4240739e-10
-1.4039353e-10
-1.3509258e-10
-1.3201389e-10
-1.3016202e-10
-1.2935183e-10
-1.2752313e-10
-1.2305554e-10
-1.1807869e-10
-1.1719907e-10
-1.1821757e-10
-1.1847222e-10
-1.1143517e-10
-1.0951388e-10
-1.0935183e-10
-1.0842591e-10
-1.0842592e-10
-1.0942128e-10
-1.0483795e-10
-1.0479167e-10
-1.049537e-10
-1.0324074e-10
-1.0490739e-10
-9.8472203e-11
-9.8796277e-11
-9.9999974e-11
-9.7152772e-11
-1.0009257e-10
-9.5324068e-11
-9.4305549e-11
-9.3449054e-11
-9.6504631e-11
-9.5092594e-11
-9.291666e-11
-9.3796276e-11
-9.6111105e-11
-9.0995357e-11
-9.145832e-11
-9.2060179e-11
-8.6203697e-11
-8.6319438e-11
-8.9513889e-11
-8.8888882e-11
-8.8009246e-11
-8.7916653e-11
-8.6736097e-11
-8.4166646e-11
-8.990738e-11
-8.7430542e-11
-8.5902785e-11
-8.557869e-11
-8.4050905e-11
-8.2708333e-11
-8.5231461e-11
-8.5972215e-11
-8.6828704e-11
-8.2384259e-11
-8.7615734e-11
-8.2037016e-11
-8.1574053e-11
-8.2824053e-11
-7.923609e-11
-8.469906e-11
-8.1504622e-11
-8.2615727e-11
-8.5810185e-11
-8.495369e-11
-8.3472201e-11
-8.1921275e-11
-8.2361104e-11
-8.0185164e-11
-8.3796296e-11
-8.3495356e-11
-8.2199074e-11
-8.219906e-11
-7.9282386e-11
-7.7384245e-11
-8.1874986e-11
-8.3148127e-11
-8.1412023e-11
-8.5856468e-11
-7.898146e-11
-8.0717592e-11
-8.2569444e-11
-8.3680535e-11
-7.6967592e-11
-8.0856474e-11
-7.8171282e-11
-8.131943e-11
-7.8541652e-11
-7.9652764e-11
-7.8680534e-11
-7.6712955e-11
-8.1921275e-11
-7.8310164e-11
-7.5254629e-11
-7.3240733e-11
-7.8356467e-11
-7.9351845e-11
-7.715277e-11
-8.1597201e-11
-8.5069431e-11
-7.6967578e-11
-8.1249986e-11
-8.3333333e-11
-8.2847222e-11
-7.9282393e-11
-8.2060171e-11
-7.8333326e-11
-7.9629622e-11
-7.5740733e-11
-7.8287023e-11
-7.7986097e-11
-8.0787023e-11
-7.5671289e-11
-7.7245356e-11
-7.8935171e-11
-8.3171289e-11
-8.0046282e-11
-7.861109e-11
-7.7662037e-11
-7.5023134e-11
-7.5717578e-11
-7.6157393e-11
-7.85648e-11
-7.7615733e-11
-7.7222222e-11
-7.4930548e-11
-7.5185184e-11
-7.4583319e-11
-8.1180541e-11
-7.6388867e-11
-7.439814e-11
-7.7847222e-11
-7.6273134e-11
-7.8310164e-11
-7.9629608e-11
-7.5648141e-11
-7.7939794e-11
-7.6805548e-11
-7.3634245e-11
-7.8356474e-11
-7.3912029e-11
-7.599537e-11
-7.7986097e-11
-7.9513868e-11
-7.6898134e-11
-7.4097208e-11
-7.5624979e-11
-7.6180541e-11
-7.5347208e-11
-7.7731474e-11
-7.6458312e-11
-7.5416652e-11
-7.4537029e-11
-7.36574e-11
-7.6898141e-11
-7.7986104e-11
-7.7268511e-11
-7.4837955e-11
-7.6504622e-11
-7.3634245e-11
-7.4212948e-11
-7.9305548e-11
-7.6504622e-11
-7.4351844e-11
-7.5416659e-11
-7.5324059e-11
-7.6527763e-11
-7.60648e-11
-7.386574e-11
-7.6087962e-11
-7.252314e-11
-7.8587963e-11
-7.4120363e-11
-7.719906e-11
-7.2037036e-11
-7.4097208e-11
-7.3333326e-11
-7.3981474e-11
-7.1921281e-11
-7.2222214e-11
-7.4999992e-11
-7.402777e-11
-7.4861096e-11
-7.1296288e-11
-7.5185178e-11
-7.5300918e-11
-7.2037029e-11
-7.4097214e-11
-7.5902763e-11
-7.7291645e-11
-7.3587948e-11
-7.6898134e-11
-7.5416652e-11
-7.8541666e-11
-7.8518497e-11
-7.4374985e-11
-7.5092571e-11
-7.7638881e-11
-7.8287023e-11
-7.6805548e-11
-7.3101844e-11
-7.5532393e-11
-7.6759252e-11
-7.8194437e-11
-7.4722215e-11
-7.8657393e-11
-7.3495356e-11
-7.3819437e-11
-7.4374985e-11
-7.5787022e-11
-7.319443e-11
-7.4814793e-11
-7.4606467e-11
-7.6898127e-11
-7.277777e-11
-7.6597215e-11
-7.7407386e-11
-7.1851844e-11
-7.4699059e-11
-7.4699059e-11
-7.6365726e-11
-7.7893511e-11
-7.3124999e-11
-7.8101837e-11
-7.3981474e-11
-7.4143518e-11
-7.6041652e-11
-7.6805541e-11
-7.4814807e-11
-7.6666659e-11
-7.5486103e-11
-7.3703696e-11
-7.386574e-11
-7.7060171e-11
-7.5810171e-11
-7.4328689e-11
-7.60648e-11
-7.5694437e-11
-7.6458319e-11
-6.851851e-11
-7.6851844e-11
-7.6736097e-11
-6.8194429e-11
-7.3009251e-11
-7.3888881e-11
-7.7199053e-11
-7.719906e-11
-7.3032393e-11
-7.2361096e-11
-7.0185163e-11
-7.4745363e-11
-7.4166645e-11
-7.3935177e-11
-7.393517e-11
-7.4143504e-11
-7.4768504e-11
-7.4722215e-11
-7.8680541e-11
-7.736109e-11
-7.4976837e-11
-7.3541659e-11
-7.7662016e-11
-7.3680541e-11
-7.3495356e-11
-7.5162016e-11
-7.6041659e-11
-6.7245355e-11
-7.699074e-11
-7.0069422e-11
-7.1574052e-11
-7.2662022e-11
-7.881943e-11
-7.2916652e-11
-7.6296289e-11
-7.4583319e-11
-7.9328703e-11
-7.4791652e-11
-7.1967585e-11
-7.2384244e-11
-7.4305548e-11
-7.3634251e-11
-7.5648147e-11
-7.3773147e-11
-7.1782399e-11
-7.3055548e-11
-7.5138867e-11
-7.3287029e-11
-8.0879616e-11
-7.4467585e-11
-7.9328703e-11
-7.8171282e-11
-7.1712955e-11
-7.4814807e-11
-7.4560171e-11
-7.5416652e-11
-7.7222201e-11
-7.7268511e-11
-7.41898e-11
-7.5740733e-11
-7.465277e-11
-7.986109e-11
-7.2893518e-11
-7.5370363e-11
-7.6782393e-11
-7.5208326e-11
-7.3101837e-11
-7.2731474e-11
-7.6249985e-11
-7.6828689e-11
-7.7152763e-11
-7.4374985e-11
-7.4930548e-11
-7.4259238e-11
-7.3865726e-11
-7.4814807e-11
-7.5462955e-11
-7.5740719e-11
-7.4583319e-11
-7.2407379e-11
-7.5578689e-11
-7.7430555e-11
-7.6643518e-11
-7.3449059e-11
-7.3611103e-11
-7.3865719e-11
-7.6435178e-11
-7.277777e-11
-7.6921282e-11
-7.5439793e-11
-7.8796289e-11
-7.6550911e-11
-7.4374992e-11
-7.2870369e-11
-7.3356474e-11
-7.5115726e-11
-7.7638881e-11
-7.703703e-11
-7.4444437e-11
-7.4606481e-11
-7.6527763e-11
-7.5324066e-11
-7.4884245e-11
-7.6597215e-11
-7.5046289e-11
-7.2129622e-11
-7.506943e-11
-7.5787029e-11
-7.2245362e-11
-7.3379622e-11
-7.7523141e-11
-7.1921281e-11
-7.3263881e-11
-7.8356474e-11
-7.8263881e-11
-7.7754615e-11
-7.5138881e-11
-7.74074e-11
-7.6087948e-11
-7.3912029e-11
-7.5115733e-11
-7.3773133e-11
-7.7106467e-11
-7.3287022e-11
-7.5138874e-11
-7.8495356e-11
-7.4398133e-11
-7.3333326e-11
-7.7337955e-11
-7.6435171e-11
-7.24074e-11
-7.506943e-11
-7.7476837e-11
-7.5509252e-11
-7.4768504e-11
-6.9930547e-11
-7.4212948e-11
-7.4560177e-11
-7.3726837e-11
-7.6134252e-11
-7.2893504e-11
-7.2453696e-11
-6.9351844e-11
-7.3356474e-11
-7.1111089e-11
-7.49074e-11
-6.8634244e-11
-7.5624999e-11
-7.2546281e-11
-7.4305548e-11
-7.6249985e-11
-7.0347221e-11
-7.5393511e-11
-7.3032393e-11
-7.5416652e-11
-7.3263881e-11
-7.0833325e-11
-7.8379615e-11
-7.4143504e-11
-7.0023147e-11
-7.3749992e-11
-7.2754608e-11
-7.4606467e-11
-7.402777e-11
-7.1388881e-11
-7.2129622e-11
-7.4583326e-11
-7.2199059e-11
-7.3078696e-11
-7.1759237e-11
-7.1296288e-11
-7.1365726e-11
-7.2615733e-11
-7.5995356e-11
-7.0833311e-11
-7.2199059e-11
-7.28472e-11
-7.085648e-11
-6.7847207e-11
-7.3287022e-11
-7.0462955e-11
-7.6967578e-11
-7.0833325e-11
-7.1620362e-11
-7.2384244e-11
-7.6365726e-11
-7.0995369e-11
-7.1412029e-11
-7.1851844e-11
-7.41898e-11
-7.0763874e-11
-7.2546281e-11
-7.3981481e-11
-7.2893511e-11
-7.4421296e-11
-7.0833311e-11
-7.2430548e-11
-7.0069422e-11
-7.277777e-11
-7.2013874e-11
-7.0972214e-11
-7.1782393e-11
-7.4467578e-11
-7.0763867e-11
-7.7013874e-11
-7.331017e-11
-7.4305548e-11
-7.4259252e-11
-6.9074066e-11
-7.2962955e-11
-7.2314807e-11
-7.3333326e-11
-7.0555548e-11
-7.423611e-11
-7.3425904e-11
-7.319443e-11
-7.3124985e-11
-7.4097214e-11
-7.1944437e-11
-7.1874992e-11
-7.402777e-11
-7.3680541e-11
-7.0601844e-11
-7.1851844e-11
-7.5254615e-11
-7.1620355e-11
-7.2824066e-11
-7.1365726e-11
-7.5624979e-11
-7.1134251e-11
-7.0486103e-11
-7.1921274e-11
-7.1087948e-11
-7.1550911e-11
-7.0925918e-11
-7.1041659e-11
-7.210646e-11
-7.4629622e-11
-7.1805541e-11
-7.1388867e-11
-7.5231474e-11
-7.1874985e-11
-7.3749992e-11
-7.423611e-11
-7.2615733e-11
-7.1111103e-11
-7.5509245e-11
-7.2314807e-11
-7.4606467e-11
-7.1921281e-11
-7.4837948e-11
-7.1273126e-11
-7.1087941e-11
-7.2060177e-11
-7.2013874e-11
-7.277777e-11
-7.2731467e-11
-6.9467591e-11
-7.1874985e-11
-7.0324066e-11
-7.4861096e-11
-6.8634244e-11
-7.0300918e-11
-7.189814e-11
-7.1412022e-11
-7.0254615e-11
-6.9814807e-11
-7.2546288e-11
-7.4328689e-11
-6.9166659e-11
-7.0694429e-11
-7.2129622e-11
-7.2847221e-11
-7.0509244e-11
-7.0995355e-11
-7.4606467e-11
-7.4120356e-11
-7.1782393e-11
-7.2824059e-11
-7.3888881e-11
-7.5324066e-11
-7.2708319e-11
-7.3935177e-11
-7.4305548e-11
-7.3842585e-11
-7.1504622e-11
-7.3171288e-11
-7.4907386e-11
-7.5601837e-11
-7.4722215e-11
-7.7013868e-11
-7.5208319e-11
-7.3425925e-11
-7.5879622e-11
-7.611111e-11
-7.4999992e-11
-7.5138874e-11
-7.4027763e-11
-7.1666659e-11
-7.5023134e-11
-7.2083318e-11
-7.0138881e-11
-7.2083325e-11
-7.2800918e-11
-6.9236096e-11
-7.5254615e-11
-7.1064807e-11
-7.3078689e-11
-7.3680541e-11
-7.5578696e-11
-7.3356474e-11
-7.1087948e-11
-7.4699059e-11
-7.7037036e-11
-7.2499992e-11
-7.2106467e-11
-7.2499978e-11
-7.4166659e-11
-7.0162022e-11
-7.1134251e-11
-7.2731467e-11
-7.2268504e-11
-7.1412029e-11
-7.1874985e-11
-7.0416652e-11
-6.9884244e-11
-7.2291666e-11
-7.1273133e-11
-7.1805548e-11
-6.9166659e-11
-6.8472214e-11
-6.9884244e-11
-7.3749985e-11
-7.2962955e-11
-7.0347207e-11
-7.0694429e-11
-7.5138874e-11
-7.4374992e-11
-7.0763881e-11
-7.4259252e-11
-7.3819437e-11
-7.185183e-11
-7.4930548e-11
-7.0902777e-11
-7.189814e-11
-7.3055548e-11
-7.1203682e-11
-7.3518511e-11
-7.314814e-11
-7.8263875e-11
-7.1851844e-11
-7.3888867e-11
-7.1157392e-11
-7.5370349e-11
-7.1643504e-11
-6.9999992e-11
-7.4120356e-11
-7.2592571e-11
-7.2361096e-11
-7.2175911e-11
-7.4120363e-11
-7.8425919e-11
-7.4606467e-11
-8.0601845e-11
-7.0138881e-11
-8.0254615e-11
-6.9004615e-11
-7.5810171e-11
-7.4097208e-11
-7.0601844e-11
-7.5046289e-11
-7.7129608e-11
-7.4097208e-11
-7.3356474e-11
-7.5740733e-11
-6.9930547e-11
-6.8819436e-11
-7.2592585e-11
-7.5486103e-11
-7.0046288e-11
-7.24074e-11
-7.04398e-11
-7.1203696e-11
-7.2499992e-11
-7.3171288e-11
-7.2430548e-11
-6.9189807e-11
-7.0787022e-11
-7.3912022e-11
-7.319443e-11
-6.622685e-11
-6.9120355e-11
-6.9467578e-11
-7.2199059e-11
-7.1759251e-11
-7.3958319e-11
-7.1527763e-11
-7.4537029e-11
-7.0092585e-11
-7.8171289e-11
-7.1157399e-11
-7.4328703e-11
-6.9444436e-11
-7.277777e-11
-6.9884258e-11
-7.0324059e-11
-7.2060184e-11
-7.3865726e-11
-7.3958333e-11
-7.3124985e-11
-7.1481474e-11
-7.1759258e-11
-6.9004615e-11
-6.8796281e-11
-7.5462941e-11
-7.2662015e-11
-7.2037029e-11
-7.1527763e-11
-7.3703696e-11
-7.3171275e-11
-7.5115733e-11
-6.9282392e-11
-7.1388881e-11
-7.0462955e-11
-7.1527763e-11
-7.3402763e-11
-7.2013867e-11
-7.703703e-11
-7.1736096e-11
-7.2847221e-11
-7.1481474e-11
-7.252314e-11
-7.1712955e-11
-7.1111103e-11
-7.2222214e-11
-7.6759252e-11
-7.0046281e-11
-6.8796288e-11
-6.9143503e-11
-6.7800918e-11
-7.1365719e-11
-7.0509244e-11
-7.4212948e-11
-7.1805541e-11
-7.0509237e-11
-7.5208319e-11
-7.7523141e-11
-7.3055548e-11
-7.3425918e-11
-7.4629629e-11
-7.2523133e-11
-7.2407406e-11
-7.1296288e-11
-6.9374985e-11
-7.0717578e-11
-7.3263874e-11
-7.0324059e-11
-7.3101837e-11
-7.0763881e-11
-6.9398133e-11
-7.1782399e-11
-7.1944437e-11
-7.1504615e-11
-7.5046282e-11
-7.3888881e-11
-7.3379615e-11
-7.2430548e-11
-7.0162036e-11
-7.027777e-11
-6.8009244e-11
-6.8981466e-11
-6.9444436e-11
-7.2060177e-11
-7.0601837e-11
-7.3425918e-11
-6.9768503e-11
-7.402777e-11
-6.9027763e-11
-6.9999978e-11
-7.4259252e-11
-7.3078696e-11
-7.2800911e-11
-7.0393504e-11
-6.9768503e-11
-6.9629628e-11
-6.9351851e-11
-7.3148126e-11
-7.6111104e-11
-7.5115726e-11
-7.3819437e-11
-7.4398127e-11
-7.252314e-11
-7.3912029e-11
-7.5995356e-11
-7.0185184e-11
-7.0949066e-11
-7.2893518e-11
-7.1828689e-11
-7.0787022e-11
-7.1365726e-11
-6.9675911e-11
-7.3379615e-11
-7.1249985e-11
-7.04398e-11
-7.1782399e-11
-6.8518503e-11
-7.0486103e-11
-7.4814814e-11
-7.2916659e-11
-7.1574066e-11
-7.2708325e-11
-6.9837955e-11
-7.1157399e-11
-6.8935177e-11
-7.081017e-11
-7.1041659e-11
-7.0532392e-11
-6.7083318e-11
-6.6111103e-11
-6.9583318e-11
-6.9398133e-11
-7.2523133e-11
-6.9166665e-11
-6.5902769e-11
-7.1805541e-11
-7.0949073e-11
-7.1921295e-11
-7.2685177e-11
-7.35648e-11
-7.0208325e-11
-7.256943e-11
-7.039351e-11
-7.0092585e-11
-7.3124978e-11
-7.1689814e-11
-7.3842578e-11
-7.29398e-11
-6.9374985e-11
-7.1666659e-11
-7.1157399e-11
-7.0486103e-11
-6.9884244e-11
-6.9629622e-11
-6.930554e-11
-7.1898133e-11
-6.9652763e-11
-7.0949066e-11
-7.3124985e-11
-6.8333325e-11
-6.8356473e-11
-7.1759251e-11
-6.9282392e-11
-6.7013887e-11
-6.8819443e-11
-6.9074066e-11
-6.91898e-11
-6.9236096e-11
-6.7546281e-11
-6.8888881e-11
-7.1087948e-11
-7.3796289e-11
-6.7592584e-11
-6.9884244e-11
-7.3240719e-11
-7.1226844e-11
-6.9953696e-11
-7.4837955e-11
-7.173611e-11
-7.1851851e-11
-6.9212948e-11
-7.6412023e-11
-7.331017e-11
-6.9421274e-11
-8.0115727e-11
-6.9976837e-11
-7.4513874e-11
-7.3356467e-11
-7.0046288e-11
-7.0763874e-11
-6.726851e-11
-6.9143517e-11
-7.2962955e-11
-7.1990726e-11
-7.0347221e-11
-7.2175918e-11
-7.0972207e-11
-6.9050911e-11
-7.1990733e-11
-6.9259251e-11
-6.9259251e-11
-6.9652763e-11
-7.0462955e-11
-7.1990726e-11
-6.976851e-11
-7.1504615e-11
-6.9004615e-11
-7.393517e-11
-7.1504622e-11
-6.9513874e-11
-6.9074066e-11
-6.8749992e-11
-7.0069429e-11
-7.2847207e-11
-6.9490726e-11
-7.1249985e-11
-6.9097214e-11
-7.4004615e-11
-7.1574066e-11
-7.3333332e-11
-6.8495355e-11
-6.7592584e-11
-6.877314e-11
-6.689814e-11
-7.0138874e-11
-6.7685177e-11
-7.0601837e-11
-7.0532385e-11
-6.7245355e-11
-7.1388888e-11
-6.8171281e-11
-7.0740733e-11
-7.0277756e-11
-7.1550925e-11
-7.0300918e-11
-7.1805541e-11
-7.5023134e-11
-7.2083318e-11
-6.9050904e-11
-6.9861096e-11
-6.8217584e-11
-6.7523133e-11
-7.1574052e-11
-7.0347221e-11
-7.2291645e-11
-6.7037029e-11
-7.064814e-11
-7.2361096e-11
-7.0949059e-11
-6.8541652e-11
-7.0185177e-11
-6.7800918e-11
-6.8541652e-11
-7.136574e-11
-7.1504615e-11
-6.9884258e-11
-6.4884258e-11
-7.2592571e-11
-6.9675911e-11
-6.752314e-11
-6.8356466e-11
-7.1736096e-11
-6.9976837e-11
-6.7777763e-11
-6.6435177e-11
-6.7986103e-11
-6.9467584e-11
-6.9884244e-11
-7.0462941e-11
-6.8819429e-11
-7.3055548e-11
-7.027777e-11
-6.8842584e-11
-6.930554e-11
-7.0115733e-11
-7.4490726e-11
-7.3703696e-11
-6.9791652e-11
-6.8449059e-11
-7.0347207e-11
-7.0879622e-11
-6.673611e-11
-6.9120362e-11
-6.9351844e-11
-6.8032392e-11
-6.7407392e-11
-7.002314e-11
-7.2407406e-11
-7.2754615e-11
-7.0925904e-11
-6.7708325e-11
-6.9166659e-11
-7.0092585e-11
-7.1435163e-11
-6.9861096e-11
-6.7638881e-11
-6.6157399e-11
-7.2013888e-11
-7.2638881e-11
-6.7361103e-11
-7.2013874e-11
-7.1087948e-11
-7.0949066e-11
-6.7314807e-11
-6.893517e-11
-6.8171295e-11
-7.1041659e-11
-7.0162022e-11
-7.6111104e-11
-6.9675918e-11
-7.4953689e-11
-7.5486103e-11
-7.3958319e-11
-6.9444436e-11
-6.6597207e-11
-7.1111103e-11
-6.9444436e-11
-7.3819437e-11
-6.9675918e-11
-6.930554e-11
-7.2476837e-11
-7.0115726e-11
-6.9814807e-11
-6.8078689e-11
-7.1319436e-11
-7.3055548e-11
-7.2893518e-11
-6.8287029e-11
-7.0856473e-11
-7.2268504e-11
-6.9537029e-11
-7.1828689e-11
-6.8611103e-11
-6.9884244e-11
-7.1203696e-11
-7.0995355e-11
-6.7037036e-11
-6.9189807e-11
-6.9583325e-11
-6.9930541e-11
-7.3819437e-11
-7.0555554e-11
-7.0347207e-11
-7.3796289e-11
-6.9675911e-11
-7.0069429e-11
-7.1666659e-11
-7.0601844e-11
-7.2638881e-11
-7.0694436e-11
-7.0509244e-11
-7.0555548e-11
-6.9097214e-11
-7.2222214e-11
-7.0115726e-11
-6.7800911e-11
-6.9699059e-11
-6.9861103e-11
-6.7314807e-11
-7.0555548e-11
-7.1087948e-11
-6.8402776e-11
-7.1712955e-11
-7.1180541e-11
-7.1481474e-11
-6.8078689e-11
-7.1921281e-11
-7.4560171e-11
-6.893517e-11
-6.8495362e-11
-7.1203696e-11
-6.9166645e-11
-7.0833325e-11
-6.7986096e-11
-7.0208325e-11
-7.1273147e-11
-7.2708325e-11
-6.9953689e-11
-7.1620355e-11
-7.1388881e-11
-7.4583312e-11
-7.1527763e-11
-7.5856467e-11
-7.1990726e-11
-7.1296274e-11
-6.9560177e-11
-7.3171282e-11
-7.081017e-11
-6.9791652e-11
-7.0787022e-11
-6.960648e-11
-7.1296274e-11
-7.2245356e-11
-7.4999992e-11
-7.236111e-11
-7.0092585e-11
-7.2754608e-11
-6.9282392e-11
-7.1203696e-11
-6.9351844e-11
-6.9027763e-11
-6.8402763e-11
-7.0879622e-11
-7.2523133e-11
-6.9699059e-11
-7.0624999e-11
-7.24074e-11
-7.319443e-11
-7.2800911e-11
-7.2824066e-11
-7.0671281e-11
-7.1898133e-11
-7.2638881e-11
-6.777777e-11
-7.314814e-11
-6.9560177e-11
-6.9143503e-11
-7.2106467e-11
-7.1921281e-11
-7.6087948e-11
-6.9745369e-11
-6.6643503e-11
-6.9398133e-11
-7.0601844e-11
-6.8287029e-11
-7.24074e-11
-7.2222214e-11
-7.064814e-11
-7.3981474e-11
-7.1296274e-11
-7.136574e-11
-7.0023133e-11
-6.8865726e-11
-7.24074e-11
-6.9699059e-11
-6.9513874e-11
-6.8287022e-11
-7.0138881e-11
-6.9953689e-11
-6.9282399e-11
-7.1643518e-11
-6.5300911e-11
-6.9120362e-11
-7.1550911e-11
-7.1134244e-11
-7.1111089e-11
-7.0370348e-11
-7.4976837e-11
-7.1134251e-11
-7.2037029e-11
-7.3958319e-11
-6.8425918e-11
-6.8171288e-11
-7.1018497e-11
-6.9652763e-11
-7.0671281e-11
-6.777777e-11
-6.7152769e-11
-6.8981466e-11
-6.8078689e-11
-7.0208325e-11
-7.0370362e-11
-6.930554e-11
-6.4652762e-11
-7.2268511e-11
-6.5254628e-11
-7.1805548e-11
-6.877314e-11
-7.0324059e-11
-6.9421295e-11
-6.939814e-11
-6.9027763e-11
-6.923611e-11
-6.6504621e-11
-7.0856473e-11
-6.6828688e-11
-6.8425918e-11
-7.0694429e-11
-7.1342578e-11
-7.0949059e-11
-6.8842577e-11
-6.5416651e-11
-7.0995355e-11
-6.7129621e-11
-6.7800918e-11
-7.261574e-11
-6.7708318e-11
-6.9490726e-11
-7.1643504e-11
-7.3171288e-11
-7.277777e-11
-6.9675911e-11
-6.8796281e-11
-6.7337948e-11
-7.0462955e-11
-7.0208318e-11
-6.7592584e-11
-7.1412036e-11
-7.0416652e-11
-6.8425911e-11
-7.0300911e-11
-7.1296288e-11
-7.2615726e-11
-7.2476851e-11
-6.7731473e-11
-7.3518511e-11
-7.2013888e-11
-7.2175911e-11
-6.9745362e-11
-7.4837955e-11
-7.1365726e-11
-7.3634251e-11
-7.4490726e-11
-6.868054e-11
-7.1759251e-11
-7.0324059e-11
-7.0347207e-11
-6.9814807e-11
-6.9282399e-11
-6.930554e-11
-7.2430548e-11
-6.6944436e-11
-7.1828682e-11
-6.9652763e-11
-7.0300918e-11
-6.9444436e-11
-6.689814e-11
-7.1666659e-11
-7.0185163e-11
-6.7291658e-11
-6.7870362e-11
-6.8032392e-11
-6.6736103e-11
-7.2731474e-11
-6.8287029e-11
-6.7962955e-11
-6.8472214e-11
-6.8865726e-11
-7.1643504e-11
-6.8333325e-11
-7.0208318e-11
-6.91898e-11
-6.6944436e-11
-7.1458311e-11
-6.8217577e-11
-7.1412022e-11
-7.0787029e-11
-6.777777e-11
-7.3356467e-11
-7.0532406e-11
-6.6712955e-11
-6.9143503e-11
-7.2384258e-11
-7.4537029e-11
-7.0902756e-11
-7.3240733e-11
-6.5393517e-11
-6.9398126e-11
-7.1550925e-11
-7.0671288e-11
-7.1180541e-11
-7.3171288e-11
-6.7870348e-11
-6.965277e-11
-6.6620362e-11
-6.9884244e-11
-6.6597214e-11
-6.8564807e-11
-6.6296288e-11
-6.6874999e-11
-7.1736096e-11
-6.7152763e-11
-6.7152763e-11
-7.0555554e-11
-6.7222214e-11
-7.1203696e-11
-6.7777763e-11
-6.9907399e-11
-7.2337955e-11
-7.3287022e-11
-6.8541652e-11
-7.2523133e-11
-6.9259237e-11
-6.8495355e-11
-7.1041659e-11
-7.3912029e-11
-6.9745362e-11
-6.7708318e-11
-6.7268503e-11
-6.9537029e-11
-6.6041658e-11
-7.1342585e-11
-6.9004615e-11
-6.9791666e-11
-7.039351e-11
-7.0972207e-11
-6.7245362e-11
-6.5856473e-11
-7.0115733e-11
-6.8749992e-11
-6.6782392e-11
-7.0092571e-11
-6.7962955e-11
-6.7870362e-11
-6.9745362e-11
-7.1712955e-11
-7.1736096e-11
-6.8819443e-11
-6.7291658e-11
-6.7662022e-11
-6.893517e-11
-6.5972214e-11
-7.1157392e-11
-6.4745355e-11
-6.6481473e-11
-6.9999992e-11
-6.9537015e-11
-7.2268511e-11
-6.6527769e-11
-7.1828703e-11
-7.2800918e-11
-6.9212948e-11
-6.7083325e-11
-7.1504615e-11
-6.8263888e-11
-7.2060177e-11
-7.0856473e-11
-6.6759251e-11
-7.1874992e-11
-6.9513874e-11
-6.1064806e-11
-6.5185177e-11
-6.8611103e-11
-6.8263874e-11
-7.0486103e-11
-7.0092585e-11
-7.1782406e-11
-7.0185177e-11
-6.9537029e-11
-6.7893503e-11
-6.548611e-11
-6.6087955e-11
-6.7175918e-11
-7.4143504e-11
-7.1412022e-11
-6.8148147e-11
-6.6759251e-11
-6.6944443e-11
-6.6550911e-11
-6.581017e-11
-6.4282392e-11
-6.7384244e-11
-6.585648e-11
-6.7986103e-11
-6.814814e-11
-6.9560177e-11
-7.173611e-11
-6.9282392e-11
-6.6597207e-11
-6.8078689e-11
-7.1180541e-11
-6.7638881e-11
-6.8703696e-11
-7.0185163e-11
-6.9537029e-11
-7.1944423e-11
-7.3055548e-11
-6.6666651e-11
-6.7384251e-11
-6.8749992e-11
-6.8124992e-11
-6.9999992e-11
-6.8657392e-11
-6.7523133e-11
-6.789351e-11
-7.0509244e-11
-6.7638874e-11
-7.1712955e-11
-6.9328689e-11
-6.9629628e-11
-6.965277e-11
-6.6365739e-11
-6.6203695e-11
-6.8495355e-11
-6.9976837e-11
-7.3611103e-11
-6.9999992e-11
-6.7407399e-11
-6.8124985e-11
-7.1203696e-11
-7.1666645e-11
-6.9120355e-11
-7.1087948e-11
-7.1412029e-11
-6.8101844e-11
-7.3865726e-11
-7.3287022e-11
-6.6597214e-11
-6.9421281e-11
-6.5972214e-11
-6.7245362e-11
-7.2175918e-11
-7.0046281e-11
-7.1736096e-11
-7.1574066e-11
-6.8703696e-11
-7.0254615e-11
-6.8287022e-11
-7.1921295e-11
-6.8981473e-11
-6.3634244e-11
-6.8958318e-11
-6.6874992e-11
-7.0393504e-11
-6.8263874e-11
-6.9930541e-11
-7.0115733e-11
-6.9004621e-11
-6.7893503e-11
-6.5995355e-11
-7.0300918e-11
-6.9282392e-11
-6.618054e-11
-7.0879615e-11
-6.7986103e-11
-6.7291658e-11
-6.9374985e-11
-7.143517e-11
-6.726851e-11
-7.1273133e-11
-7.2083318e-11
-6.8634251e-11
-7.4791645e-11
-7.1273133e-11
-6.6944436e-11
-6.3726836e-11
-6.9629622e-11
-6.6574066e-11
-6.9050911e-11
-7.0347207e-11
-7.319443e-11
-6.9560177e-11
-7.0393504e-11
-6.930554e-11
-7.2453696e-11
-6.8495355e-11
-6.6874985e-11
-7.0416652e-11
-6.8865726e-11
-6.6666658e-11
-6.8449066e-11
-6.8263888e-11
-6.6620362e-11
-6.7939807e-11
-6.7037029e-11
-7.3703696e-11
-7.1620355e-11
-6.9629622e-11
-6.8749992e-11
-7.0162036e-11
-7.1990726e-11
-6.9050911e-11
-6.5671281e-11
-7.1018511e-11
-7.0439814e-11
-7.0532392e-11
-6.6458325e-11
-7.0879615e-11
-6.7407399e-11
-7.2453696e-11
-7.5856474e-11
-6.789351e-11
-6.8240733e-11
-6.7546274e-11
-6.7870362e-11
-7.2337962e-11
-6.9444436e-11
-6.9606466e-11
-6.726851e-11
-6.4884244e-11
-6.6689813e-11
-6.7986096e-11
-7.074074e-11
-6.7476844e-11
-7.3032393e-11
-6.9421281e-11
-6.5277762e-11
-6.7546288e-11
-6.9722214e-11
-7.1898133e-11
-6.8078695e-11
-7.4953689e-11
-7.0624985e-11
-6.9166659e-11
-6.9097214e-11
-7.0324066e-11
-6.6898133e-11
-6.9814807e-11
-6.8148126e-11
-6.8634244e-11
-7.0902756e-11
-7.1643504e-11
-6.7569429e-11
-6.6458325e-11
-7.4004622e-11
-7.1828689e-11
-6.5833318e-11
-6.8171295e-11
-7.0046281e-11
-6.7013874e-11
-6.9074066e-11
-6.5856473e-11
-6.8124978e-11
-6.5925911e-11
-6.5972214e-11
-6.9236096e-11
-7.1874985e-11
-6.9513874e-11
-6.8078695e-11
-7.10648e-11
-6.930554e-11
-7.0208325e-11
-6.9351844e-11
-7.1226837e-11
-6.743054e-11
-6.6226837e-11
-7.1458318e-11
-7.2314807e-11
-6.7986096e-11
-6.9583318e-11
-7.5300911e-11
-6.2986102e-11
-6.9999992e-11
-6.893517e-11
-6.8217577e-11
-6.814814e-11
-7.0648147e-11
-6.8217577e-11
-6.7893517e-11
-7.0856473e-11
-7.1296295e-11
-6.8819429e-11
-6.8495362e-11
-6.6874985e-11
-7.0509251e-11
-6.8912022e-11
-6.3101843e-11
-6.8379614e-11
-6.6620362e-11
-6.8009244e-11
-6.8773133e-11
-7.465277e-11
-7.3171282e-11
-7.0624985e-11
-7.0763881e-11
-6.8888881e-11
-6.7129621e-11
-6.5787029e-11
-6.9189807e-11
-6.7453695e-11
-6.939814e-11
-6.6041665e-11
-7.0972207e-11
-6.9189807e-11
-6.6087948e-11
-6.6574066e-11
-6.5578695e-11
-6.7083318e-11
-6.6180547e-11
-6.8148133e-11
-6.7870355e-11
-7.0069429e-11
-7.1550911e-11
-6.7083318e-11
-7.0532392e-11
-6.9467584e-11
-6.9421295e-11
-6.8402763e-11
-6.851851e-11
-6.8124985e-11
-6.7638874e-11
-6.789351e-11
-6.6620362e-11
-6.7546288e-11
-6.8055547e-11
-6.8379621e-11
-7.1087948e-11
-6.3009251e-11
-6.4027769e-11
-6.7361089e-11
-6.7800918e-11
-6.689814e-11
-6.8217577e-11
-6.8703696e-11
-6.5972214e-11
-6.8865733e-11
-6.7384258e-11
-6.768517e-11
-6.7106473e-11
-6.9907399e-11
-6.7407399e-11
-6.9606466e-11
-7.1527763e-11
-6.8888874e-11
-6.8171281e-11
-6.8888881e-11
-6.8564807e-11
-6.6388881e-11
-6.7199059e-11
-6.9166645e-11
-6.7384251e-11
-7.0393517e-11
-6.5879614e-11
-6.79398e-11
-6.6226837e-11
-6.9884244e-11
-6.9050911e-11
-6.6550918e-11
-6.6273147e-11
-6.743054e-11
-6.5787036e-11
-6.7662022e-11
-6.7986103e-11
-7.0601837e-11
-6.9976837e-11
-7.1180541e-11
-7.1041652e-11
-6.6828695e-11
-6.9305547e-11
-6.9999992e-11
-6.743054e-11
-6.8240733e-11
-6.8333325e-11
-6.726851e-11
-6.7083318e-11
-7.064814e-11
-6.868054e-11
-7.0578696e-11
-6.9398133e-11
-6.9398133e-11
-6.6458325e-11
-7.0555548e-11
-6.9722214e-11
-6.9490726e-11
-6.747685e-11
-6.8472214e-11
-6.9814814e-11
-6.5717577e-11
-6.5902776e-11
-7.0231466e-11
-6.7499978e-11
-6.8541652e-11
-7.2476837e-11
-6.9259251e-11
-7.1296288e-11
-7.1620362e-11
-6.9212955e-11
-6.3796281e-11
-7.1157399e-11
-6.7731473e-11
-6.5995362e-11
-7.0046288e-11
-6.7615739e-11
-6.7638881e-11
-6.9537029e-11
-6.9143503e-11
-6.8032392e-11
-7.0949059e-11
-6.9930541e-11
-6.5555547e-11
-7.1898133e-11
-6.8425918e-11
-6.8842584e-11
-6.7013881e-11
-6.8564807e-11
-6.9513874e-11
-6.9143503e-11
-6.9074066e-11
-6.9050911e-11
-6.3703688e-11
-6.2152776e-11
-6.814814e-11
-7.1874992e-11
-6.9143517e-11
-6.8796281e-11
-6.5601843e-11
-6.8611089e-11
-6.868054e-11
-6.8171281e-11
-6.7870362e-11
-6.6921295e-11
-6.439814e-11
-6.8449066e-11
-6.8032392e-11
-6.6944436e-11
-6.8449073e-11
-6.7499992e-11
-6.8171288e-11
-6.6134258e-11
-6.5231473e-11
-6.851851e-11
-6.5624992e-11
-6.5231473e-11
-7.2106481e-11
-7.0763881e-11
-6.9328703e-11
-6.7939807e-11
-6.7361096e-11
-6.6712955e-11
-7.1180541e-11
-6.8032392e-11
-6.6967577e-11
-6.8310177e-11
-6.6041651e-11
-6.5555547e-11
-6.7060184e-11
-6.9999992e-11
-6.8912022e-11
-6.8564807e-11
-6.8726837e-11
-6.8865733e-11
-6.8263881e-11
-6.8148133e-11
-6.9699059e-11
-6.8935177e-11
-6.8425918e-11
-6.8773147e-11
-7.0462941e-11
-6.5925918e-11
-6.8564807e-11
-6.7199073e-11
-6.4421288e-11
-6.8981473e-11
-6.2615725e-11
-6.7245355e-11
-7.0902763e-11
-6.8865733e-11
-6.9490733e-11
-7.0925918e-11
-7.1851844e-11
-6.9907385e-11
-6.689814e-11
-6.8356466e-11
-6.6365725e-11
-6.8263874e-11
-6.8773133e-11
-6.6574059e-11
-6.8055547e-11
-7.1435177e-11
-6.6620362e-11
-6.8749992e-11
-6.8819436e-11
-6.777777e-11
-6.8009244e-11
-6.4189806e-11
-6.7546288e-11
-6.5069436e-11
-6.6296288e-11
-6.7662022e-11
-7.0486096e-11
-7.04398e-11
-6.7800918e-11
-6.7662022e-11
-6.805554e-11
-6.85648e-11
-6.9444422e-11
-6.3425917e-11
-6.6828695e-11
-6.8287029e-11
-6.5185163e-11
-6.7708325e-11
-6.6874992e-11
-6.7916651e-11
-6.8078695e-11
-6.8287029e-11
-6.9120355e-11
-6.9120362e-11
-6.6828695e-11
-6.8194429e-11
-6.9374992e-11
-6.6759251e-11
-6.9768517e-11
-6.6759251e-11
-6.9513874e-11
-6.9699059e-11
-7.0578696e-11
-6.7916658e-11
-6.4768503e-11
-6.9490726e-11
-7.0462941e-11
-6.6759251e-11
-7.1157399e-11
-7.0069429e-11
-6.5601843e-11
-6.7337955e-11
-6.5439806e-11
-6.8009251e-11
-6.7569429e-11
-6.601851e-11
-6.7476837e-11
-6.7962955e-11
-6.7800911e-11
-6.8749992e-11
-6.7152763e-11
-7.2129622e-11
-6.8124992e-11
-6.9953696e-11
-6.743054e-11
-6.6296295e-11
-6.8935177e-11
-6.8148133e-11
-6.6435177e-11
-6.965277e-11
-6.8032392e-11
-6.902777e-11
-6.6481466e-11
-6.1967591e-11
-7.2708319e-11
-6.7662029e-11
-6.7384258e-11
-6.965277e-11
-7.1666659e-11
-6.7291651e-11
-6.7847214e-11
-6.9097214e-11
-6.7662022e-11
-7.1643504e-11
-6.689814e-11
-6.7546288e-11
-6.6134244e-11
-6.5694436e-11
-6.7546281e-11
-6.7245362e-11
-6.9675918e-11
-6.7777763e-11
-7.0949066e-11
-6.7870355e-11
-6.5416644e-11
-6.7453688e-11
-6.8356466e-11
-6.3912035e-11
-6.8356473e-11
-6.7129628e-11
-6.7083325e-11
-6.8541652e-11
-6.7847214e-11
-6.7129621e-11
-6.7870362e-11
-6.8749992e-11
-6.6180547e-11
-6.9421295e-11
-6.6458318e-11
-6.3680547e-11
-6.7407399e-11
-6.5162035e-11
-6.7638881e-11
-6.8819443e-11
-6.8819443e-11
-6.5509244e-11
-6.7245369e-11
-7.1087962e-11
-7.1041652e-11
-6.9444436e-11
-6.8287029e-11
-7.1712955e-11
-6.4560177e-11
-7.0138874e-11
-7.2083325e-11
-6.7615732e-11
-6.9490726e-11
-6.4537028e-11
-6.4907399e-11
-6.5416658e-11
-6.7152776e-11
-6.9953696e-11
-7.0138881e-11
-6.7499992e-11
-6.8611103e-11
-6.7870362e-11
-6.7685184e-11
-6.9606466e-11
-6.5532399e-11
-6.6319436e-11
-6.777777e-11
-6.5370362e-11
-6.8449059e-11
-6.377314e-11
-6.8124978e-11
-6.6481473e-11
-6.777777e-11
-7.0393517e-11
-6.5810177e-11
-6.5694429e-11
-6.7939807e-11
-6.493054e-11
-6.5208318e-11
-6.9259258e-11
-6.6666651e-11
-6.4606473e-11
-6.564814e-11
-6.6828702e-11
-6.8379614e-11
-6.8009251e-11
-7.2476837e-11
-6.4699059e-11
-6.5740732e-11
-6.7337948e-11
-6.6574066e-11
-7.002314e-11
-6.9212955e-11
-6.3495369e-11
-6.8703696e-11
-6.7106466e-11
-6.6365732e-11
-6.5995355e-11
-6.7708325e-11
-6.6805547e-11
-6.456017e-11
-6.7615726e-11
-6.2453702e-11
-6.6712962e-11
-6.5532399e-11
-6.9074052e-11
-6.8888874e-11
-6.4861096e-11
-6.9074066e-11
-6.6111103e-11
-7.0763881e-11
-7.0115733e-11
-6.8842584e-11
-6.6597214e-11
-6.5949059e-11
-6.5046288e-11
-6.6828695e-11
-7.1689807e-11
-6.7152763e-11
-6.9629622e-11
-6.7037029e-11
-6.6504621e-11
-6.3842584e-11
-6.6967591e-11
-6.8541658e-11
-6.5231473e-11
-6.6388874e-11
-7.0740733e-11
-7.1087948e-11
-6.9212948e-11
-6.7986103e-11
-6.7592584e-11
-6.601851e-11
-6.7199066e-11
-6.8935177e-11
-6.6504614e-11
-6.5231473e-11
-6.4884244e-11
-6.601851e-11
-6.1435176e-11
-6.5347214e-11
-6.6481473e-11
-6.5532399e-11
-6.5578702e-11
-6.8217577e-11
-6.6087948e-11
-6.7453695e-11
-6.8703696e-11
-6.7199059e-11
-6.9861103e-11
-7.0624999e-11
-6.3541658e-11
-6.9097214e-11
-6.4791658e-11
-6.7499985e-11
-6.6249985e-11
-6.6249985e-11
-7.1226844e-11
-6.7245362e-11
-6.7731473e-11
-6.6967577e-11
-6.9490733e-11
-6.7384244e-11
-6.8912029e-11
-6.8981473e-11
-6.9629622e-11
-7.0185177e-11
-6.706017e-11
-6.66898e-11
-6.7731473e-11
-6.6597214e-11
-6.7986103e-11
-6.3749991e-11
-6.789351e-11
-6.8009251e-11
-6.3194436e-11
-6.5115732e-11
-6.7384244e-11
-6.7384251e-11
-6.5370362e-11
-7.0856473e-11
-7.1574066e-11
-7.1689807e-11
-6.8564807e-11
-7.04398e-11
-7.0601837e-11
-6.9537029e-11
-6.7962948e-11
-6.7916658e-11
-6.8958318e-11
-6.6597207e-11
-6.5532406e-11
-6.6157392e-11
-7.1134251e-11
-7.0138874e-11
-6.6041658e-11
-6.5370369e-11
-6.8611103e-11
-6.576388e-11
-7.0717592e-11
-6.6296281e-11
-6.6990732e-11
-6.8032406e-11
-6.5972214e-11
-6.611111e-11
-6.6087955e-11
-6.6041665e-11
-7.0115733e-11
-7.0162022e-11
-6.7708325e-11
-6.689814e-11
-7.1087962e-11
-6.9629628e-11
-6.9421281e-11
-6.4953688e-11
-6.8472207e-11
-6.7291651e-11
-6.4120355e-11
-6.5277769e-11
-6.7638874e-11
-6.6574066e-11
-6.8958325e-11
-6.5648133e-11
-6.7731473e-11
-6.66898e-11
-6.923611e-11
-6.7106466e-11
-6.752314e-11
-7.1180541e-11
-6.7291651e-11
-6.4699072e-11
-6.5671288e-11
-6.9606466e-11
-6.7615739e-11
-6.6782399e-11
-6.6574066e-11
-6.4976836e-11
-6.7569436e-11
-6.6273133e-11
-6.648148e-11
-6.5671288e-11
-6.2615739e-11
-6.8333325e-11
-6.581017e-11
-6.2175924e-11
-6.2291658e-11
-6.5185177e-11
-6.5856473e-11
-6.3402769e-11
-6.6574066e-11
-6.5092584e-11
-6.6689806e-11
-6.6712955e-11
-6.7013887e-11
-6.377314e-11
-6.6087955e-11
-6.4282399e-11
-6.7430547e-11
-6.7337948e-11
-6.3078702e-11
-6.5254614e-11
-6.5208318e-11
-6.8402763e-11
-7.0972214e-11
-6.4606466e-11
-6.4861103e-11
-6.5879628e-11
-6.7731473e-11
-6.7268503e-11
-6.8055547e-11
-6.7337948e-11
-6.7847214e-11
-6.8101844e-11
-6.3055547e-11
-6.601851e-11
-6.4444436e-11
-7.0879615e-11
-6.6481473e-11
-6.8009251e-11
-6.7314807e-11
-6.4907399e-11
-7.0046288e-11
-6.8865733e-11
-6.6712955e-11
-6.9699059e-11
-7.027777e-11
-6.6759251e-11
-6.8055547e-11
-6.5902769e-11
-6.4884251e-11
-6.9583318e-11
-6.5115732e-11
-6.6319443e-11
-6.9259258e-11
-6.8240726e-11
-6.5740732e-11
-6.7870355e-11
-6.9490733e-11
-5.9583324e-11
-6.9537015e-11
-6.6921281e-11
-6.5393503e-11
-6.9560177e-11
-6.8495369e-11
-7.0462955e-11
-6.3958332e-11
-6.3958318e-11
-6.5787029e-11
-6.7916651e-11
-6.8958318e-11
-6.5162022e-11
-6.7592584e-11
-6.4467591e-11
-6.5185184e-11
-6.9120355e-11
-6.601851e-11
-6.9583325e-11
-6.7777763e-11
-6.7777763e-11
-6.6481473e-11
-6.8356466e-11
-6.6967584e-11
-6.601851e-11
-6.777777e-11
-6.9652777e-11
-6.726851e-11
-6.4004614e-11
-6.8541658e-11
-6.9675918e-11
-6.6944436e-11
-6.7662029e-11
-6.777777e-11
-6.7268503e-11
-7.2476837e-11
-6.6782392e-11
-6.6550918e-11
-6.8287015e-11
-6.814814e-11
-6.9189807e-11
-6.6944436e-11
-6.6712955e-11
-6.7731473e-11
-6.9328689e-11
-6.6666658e-11
-6.6087948e-11
-6.6041651e-11
-6.5185177e-11
-6.4675917e-11
-7.0532392e-11
-6.6782399e-11
-6.5925918e-11
-6.8287022e-11
-6.7245362e-11
-6.326388e-11
-7.189814e-11
-6.4027762e-11
-6.6064806e-11
-6.6736096e-11
-6.6249999e-11
-6.2569443e-11
-6.6851844e-11
-6.7569443e-11
-6.6921281e-11
-6.8240733e-11
-6.965277e-11
-7.0092585e-11
-7.002314e-11
-7.0462955e-11
-6.673611e-11
-6.6828688e-11
-6.8425911e-11
-6.9374985e-11
-6.4791651e-11
-6.7824066e-11
-6.5624992e-11
-6.956017e-11
-6.5578695e-11
-7.1412022e-11
-7.0347221e-11
-6.840277e-11
-6.6435177e-11
-7.0370362e-11
-6.6712948e-11
-6.6342584e-11
-6.743054e-11
-6.6273147e-11
-7.0092585e-11
-6.7222214e-11
-6.7037029e-11
-6.9884244e-11
-6.7245355e-11
-6.6249999e-11
-6.6041651e-11
-6.6574073e-11
-6.9537029e-11
-6.9606466e-11
-6.8611096e-11
-6.6249992e-11
-6.9768503e-11
-6.9537029e-11
-6.9745369e-11
-6.5115732e-11
-6.7916658e-11
-6.9861096e-11
-6.8356473e-11
-6.7060177e-11
-7.1041659e-11
-6.6967577e-11
-6.6180547e-11
-6.451388e-11
-6.6203695e-11
-6.7592584e-11
-6.4097214e-11
-6.7870362e-11
-6.7569436e-11
-6.4814806e-11
-6.8310184e-11
-6.7129614e-11
-6.4236096e-11
-6.902777e-11
-6.5601843e-11
-6.3495362e-11
-6.6967591e-11
-6.8425918e-11
-6.8587955e-11
-6.513888e-11
-6.7337955e-11
-6.7638881e-11
-6.6736096e-11
-7.0347207e-11
-6.9583325e-11
-6.7685177e-11
-7.1828682e-11
-6.8217591e-11
-7.0370362e-11
-6.3819443e-11
-6.8356466e-11
-7.1157392e-11
-6.8703696e-11
-6.8171281e-11
-6.6736096e-11
-6.2870355e-11
-6.8032392e-11
-6.5046281e-11
-7.0092571e-11
-6.7708325e-11
-7.0370362e-11
-6.8287029e-11
-6.7800918e-11
-7.0138888e-11
-6.7847207e-11
-6.8888874e-11
-6.9675911e-11
-7.1782393e-11
-6.7175918e-11
-6.8749985e-11
-6.6944436e-11
-6.5046288e-11
-6.6180547e-11
-6.6759251e-11
-6.814814e-11
-6.7777763e-11
-6.8749985e-11
-6.8009251e-11
-6.5763887e-11
-6.4236096e-11
-6.9212948e-11
-6.7592584e-11
-6.5555547e-11
-6.9444436e-11
-6.9236096e-11
-6.9745362e-11
-6.4490732e-11
-6.5555547e-11
-6.6921295e-11
-6.6458318e-11
-6.8703696e-11
-6.6412022e-11
-6.6527762e-11
-6.7384258e-11
-6.9722221e-11
-6.7847214e-11
-6.6296288e-11
-7.1180541e-11
-6.7106473e-11
-6.6689806e-11
-6.5115739e-11
-6.4675917e-11
-6.7499992e-11
-6.2939799e-11
-6.7592584e-11
-6.9606466e-11
-6.6203695e-11
-7.0347207e-11
-6.7476844e-11
-6.6712955e-11
-6.5740732e-11
-6.8194436e-11
-7.0949059e-11
-6.3217584e-11
-7.1388881e-11
-6.3078688e-11
-6.5740732e-11
-6.6180554e-11
-6.7847214e-11
-6.79398e-11
-6.5347207e-11
-6.7569436e-11
-6.4814806e-11
-6.7986096e-11
-6.5300917e-11
-6.6342584e-11
-6.8912022e-11
-6.6041651e-11
-6.6087955e-11
-6.9259251e-11
-7.0486103e-11
-6.9097214e-11
-6.7731473e-11
-6.6365725e-11
-6.8796288e-11
-6.6157399e-11
-6.7708318e-11
-6.7800911e-11
-6.8356473e-11
-6.6203688e-11
-6.743054e-11
-6.4444422e-11
-6.8055547e-11
-6.601851e-11
-6.7337948e-11
-7.1365719e-11
-6.8333318e-11
-6.6134244e-11
-6.6087955e-11
-6.9374992e-11
-6.5185177e-11
-6.8078689e-11
-6.831017e-11
-6.3402776e-11
-6.5925918e-11
-6.9861103e-11
-6.6574073e-11
-6.6828688e-11
-6.8518503e-11
-6.4513887e-11
-7.002314e-11
-7.0115726e-11
-6.5439799e-11
-6.5277769e-11
-6.8310177e-11
-6.8055547e-11
-6.6504614e-11
-6.7291658e-11
-6.7546288e-11
-6.6157399e-11
-7.1041652e-11
-6.6249985e-11
-6.7592584e-11
-6.6134251e-11
-6.6481473e-11
-6.6388881e-11
-6.9282399e-11
-6.9282392e-11
-6.9351844e-11
-6.5601843e-11
-6.6967577e-11
-6.9976837e-11
-6.8842584e-11
-6.6226837e-11
-6.6759251e-11
-7.0555548e-11
-6.9282399e-11
-6.7916665e-11
-6.9236096e-11
-6.6134251e-11
-6.5231473e-11
-6.680554e-11
-6.5694436e-11
-7.1157392e-11
-6.8842584e-11
-7.0740733e-11
-6.9467584e-11
-7.1087962e-11
-6.7499992e-11
-6.5509251e-11
-6.7569436e-11
-6.8842591e-11
-6.8981473e-11
-6.6990732e-11
-6.6203695e-11
-6.4930547e-11
-6.9629622e-11
-6.414351e-11
-6.5694436e-11
-6.7083325e-11
-6.7592584e-11
-6.7800911e-11
-6.5347207e-11
-6.7337948e-11
-6.6203695e-11
-6.5972221e-11
-6.6041665e-11
-6.7800911e-11
-6.5277769e-11
-6.8912022e-11
-6.268517e-11
-6.7893503e-11
-6.7129614e-11
-6.7962955e-11
-6.5601836e-11
-6.4953695e-11
-6.6180547e-11
-6.7476844e-11
-6.5972214e-11
-6.5092584e-11
-6.8356473e-11
-7.0856473e-11
-6.7407385e-11
-6.9722214e-11
-6.7384258e-11
-6.6620355e-11
-6.8958325e-11
-6.7916658e-11
-7.1782399e-11
-7.148146e-11
-6.5972207e-11
-6.5277769e-11
-7.1157399e-11
-6.8287029e-11
-7.0069443e-11
-6.4907399e-11
-6.548611e-11
-6.513888e-11
-6.8495362e-11
-6.9675918e-11
-7.0115733e-11
-6.7499985e-11
-6.6180547e-11
-6.9722214e-11
-6.7314807e-11
-7.1874992e-11
-7.0833311e-11
-6.752314e-11
-6.6296281e-11
-6.7337955e-11
-7.0254629e-11
-6.8032392e-11
-7.0555548e-11
-6.9050911e-11
-6.7870355e-11
-6.7800911e-11
-6.5879614e-11
-6.8749992e-11
-6.6458318e-11
-6.7361103e-11
-6.9328689e-11
-6.7430547e-11
-6.9814807e-11
-6.7916658e-11
-6.5740732e-11
-6.3657399e-11
-6.9120355e-11
-6.5370362e-11
-6.7199059e-11
-6.8333318e-11
-6.3217591e-11
-6.9884244e-11
-7.0578696e-11
-6.4421288e-11
-6.7152763e-11
-6.5740732e-11
-6.8842577e-11
-6.6736096e-11
-6.4930554e-11
-6.9143503e-11
-6.7337962e-11
-6.4652776e-11
-6.9050911e-11
-6.2175924e-11
-6.6712955e-11
-6.4444436e-11
-6.4328688e-11
-6.6365732e-11
-6.7499992e-11
-6.6782392e-11
-6.6898133e-11
-6.831017e-11
-6.4814799e-11
-6.5185177e-11
-6.7430547e-11
-6.5624992e-11
-6.5046288e-11
-6.5717577e-11
-6.814814e-11
-6.6041658e-11
-6.5532399e-11
-6.4606473e-11
-6.4282392e-11
-6.9513874e-11
-6.4791665e-11
-6.710648e-11
-6.7592584e-11
-6.4791665e-11
-6.6296288e-11
-6.5439806e-11
-6.3842584e-11
-7.1921295e-11
-6.8333325e-11
-6.7916658e-11
-6.5671295e-11
-7.039351e-11
-6.4282392e-11
-7.143517e-11
-6.7731473e-11
-6.5162022e-11
-6.7199059e-11
-6.7546288e-11
-6.3564806e-11
-6.6087948e-11
-6.6805547e-11
-6.7430547e-11
-6.9212948e-11
-6.5787036e-11
-6.4050924e-11
-6.6319436e-11
-6.7523147e-11
-6.513888e-11
-6.2777769e-11
-6.7245355e-11
-6.5069429e-11
-6.5833325e-11
-6.5162035e-11
-6.935183e-11
-6.7662022e-11
-6.5208332e-11
-6.7499985e-11
-6.6712955e-11
-6.8333325e-11
-6.7384251e-11
-6.8009251e-11
-6.4837948e-11
-6.9768503e-11
-6.4884251e-11
-7.2499992e-11
-6.7546288e-11
-6.7175918e-11
-6.7384244e-11
-6.7824066e-11
-6.5995362e-11
-6.8865733e-11
-6.6921281e-11
-6.9143517e-11
-6.5763887e-11
-6.6620362e-11
-6.8402763e-11
-7.0578689e-11
-6.618054e-11
-6.6180547e-11
-6.5902776e-11
-6.5879621e-11
-6.5671281e-11
-6.6296281e-11
-6.6759251e-11
-6.539351e-11
-6.6759244e-11
-6.263888e-11
-6.7037029e-11
-6.5162022e-11
-6.8472214e-11
-6.5324059e-11
-6.5532399e-11
-6.2129621e-11
-6.4722221e-11
-6.9814807e-11
-6.6828688e-11
-6.5787022e-11
-6.7037029e-11
-6.6851844e-11
-6.4583325e-11
-6.3124998e-11
-6.9537029e-11
-6.8333311e-11
-6.7222207e-11
-6.6898133e-11
-6.8333318e-11
-6.8935177e-11
-6.3912022e-11
-6.8819429e-11
-6.6759251e-11
-7.1134251e-11
-7.0092585e-11
-6.4236103e-11
-6.2106473e-11
-6.3634258e-11
-6.773148e-11
-6.5555547e-11
-6.6689806e-11
-6.6921288e-11
-6.5694436e-11
-6.7847214e-11
-6.79398e-11
-6.8958318e-11
-7.0902763e-11
-6.6018503e-11
-6.4745362e-11
-6.8333325e-11
-6.6157399e-11
-6.627314e-11
-6.4629621e-11
-6.8425918e-11
-6.6759251e-11
-6.85648e-11
-6.8217577e-11
-6.6967584e-11
-6.4722214e-11
-6.601851e-11
-6.7476837e-11
-6.8055547e-11
-6.5092584e-11
-6.7060177e-11
-6.9050911e-11
-6.564814e-11
-6.5439799e-11
-6.9999992e-11
-6.7037029e-11
-6.7222214e-11
-6.6643503e-11
-6.6828695e-11
-6.8657392e-11
-6.9513888e-11
-6.7453695e-11
-6.7222207e-11
-6.8449066e-11
-6.7106466e-11
-6.9884258e-11
-6.8888881e-11
-7.3101837e-11
-6.8935177e-11
-6.7662022e-11
-6.8055547e-11
-6.6388881e-11
-6.6944443e-11
-6.3796288e-11
-6.8495369e-11
-6.627314e-11
-6.6597214e-11
-6.8171288e-11
-6.6157392e-11
-6.7592577e-11
-6.777777e-11
-6.7870362e-11
-6.6805547e-11
-6.5949073e-11
-6.689814e-11
-6.6041651e-11
-6.6481466e-11
-6.8796281e-11
-6.5324066e-11
-6.7314807e-11
-7.1412022e-11
-6.7013874e-11
-6.7476844e-11
-7.0138874e-11
-6.6504614e-11
-6.6087955e-11
-6.6365739e-11
-6.8101837e-11
-6.8703696e-11
-6.5208318e-11
-6.7662029e-11
-6.5995362e-11
-6.6597207e-11
-6.3032406e-11
-6.5555547e-11
-6.7847207e-11
-6.7662022e-11
-6.4236096e-11
-6.6226843e-11
-6.85648e-11
-6.4421288e-11
-6.7314807e-11
-6.4652769e-11
-6.8287022e-11
-6.513888e-11
-6.7291665e-11
-6.6759244e-11
-6.576388e-11
-6.4606473e-11
-6.5717577e-11
-7.1990726e-11
-6.5694436e-11
-7.0879622e-11
-6.5324066e-11
-6.7037022e-11
-6.8564807e-11
-6.7222214e-11
-6.4930547e-11
-7.1087948e-11
-7.1458318e-11
-6.6435177e-11
-6.6759251e-11
-6.5532399e-11
-6.5254614e-11
-6.5162022e-11
-6.9166665e-11
-6.6481473e-11
-7.0046288e-11
-6.4629621e-11
-6.7939813e-11
-6.7245355e-11
-6.5601843e-11
-6.9305547e-11
-6.5023147e-11
-6.2754628e-11
-6.5694429e-11
-7.1041659e-11
-6.3101836e-11
-6.6828695e-11
-6.5532399e-11
-6.5601843e-11
-6.7662029e-11
-6.5254614e-11
-6.6574059e-11
-6.5902762e-11
-6.9374985e-11
-6.9421295e-11
-6.7175911e-11
-6.4120362e-11
-6.5254614e-11
-6.7407399e-11
-6.9884244e-11
-6.664351e-11
-6.8217584e-11
-6.564814e-11
-6.8564807e-11
-6.768517e-11
-6.5347214e-11
-6.7384244e-11
-6.8009251e-11
-6.7083318e-11
-7.002314e-11
-6.5509251e-11
-6.7824066e-11
-6.8958325e-11
-6.8055554e-11
-6.6365739e-11
-6.7592584e-11
-6.9745355e-11
-6.5949059e-11
-7.0069443e-11
-6.7222214e-11
-6.6550918e-11
-6.8055547e-11
-6.7453695e-11
-6.7384251e-11
-6.7129614e-11
-6.7708318e-11
-6.9583325e-11
-6.5949059e-11
-6.9120362e-11
-6.7453688e-11
-6.4884258e-11
-6.5347207e-11
-7.2291645e-11
-7.0462955e-11
-6.6736096e-11
-6.6666665e-11
-6.8541658e-11
-6.7222214e-11
-6.6782392e-11
-6.8680547e-11
-6.7106466e-11
-6.7199059e-11
-6.8009244e-11
-6.7615732e-11
-6.8032392e-11
-7.0694429e-11
-6.7754614e-11
-6.5416658e-11
-6.6967591e-11
-6.7083325e-11
-6.7129621e-11
-6.9212955e-11
-6.9537036e-11
-6.6458332e-11
-6.6921281e-11
-6.7754614e-11
-6.7939807e-11
-6.6689806e-11
-7.0300911e-11
-6.4699072e-11
-7.0902763e-11
-6.7013874e-11
-6.7800911e-11
-6.7430547e-11
-6.7638874e-11
-6.9212948e-11
-6.8171288e-11
-6.8912022e-11
-6.4861103e-11
-6.4212961e-11
-6.7222214e-11
-7.0416659e-11
-6.3819429e-11
-6.6828695e-11
-6.8935163e-11
-6.877314e-11
-6.8749999e-11
-6.6597207e-11
-7.0347207e-11
-6.726851e-11
-6.8032399e-11
-6.8819429e-11
-6.6412029e-11
-6.513888e-11
-7.0717578e-11
-7.0092585e-11
-6.8078695e-11
-6.7013874e-11
-6.7685177e-11
-6.4884251e-11
-6.4953695e-11
-6.6921288e-11
-6.7175911e-11
-6.6898133e-11
-7.2175904e-11
-6.8240733e-11
-6.6990732e-11
-7.1967585e-11
-6.9351844e-11
-6.7129621e-11
-6.7152763e-11
-6.6851844e-11
-6.8634251e-11
-6.9120362e-11
-7.0462955e-11
-6.5833325e-11
-6.8958325e-11
-7.0115733e-11
-6.5810177e-11
-6.7430547e-11
-6.8310177e-11
-6.6828688e-11
-6.9097214e-11
-6.7314807e-11
-6.9699059e-11
-6.4861103e-11
-6.8564807e-11
-6.9259251e-11
-6.7800911e-11
-6.5069436e-11
-6.7106473e-11
-6.4282392e-11
-6.7638881e-11
-6.8564807e-11
-7.2384244e-11
-7.0763881e-11
-6.7199073e-11
-6.8657399e-11
-6.7777776e-11
-6.4953688e-11
-6.6504621e-11
-6.5115732e-11
-6.79398e-11
-6.8773147e-11
-6.743054e-11
-6.5138873e-11
-7.1782393e-11
-6.7662036e-11
-6.4212947e-11
-6.7361103e-11
-6.9745362e-11
-6.8217584e-11
-6.6967584e-11
-6.9629622e-11
-6.7129621e-11
-6.6712955e-11
-6.8958332e-11
-6.6458318e-11
-6.7916658e-11
-6.7800918e-11
-6.8958325e-11
-6.689814e-11
-7.0138874e-11
-6.9907399e-11
-6.3356473e-11
-6.902777e-11
-6.8263881e-11
-6.5763887e-11
-6.7916658e-11
-6.8888874e-11
-6.4699066e-11
-6.5810184e-11
-6.4930547e-11
-6.6249992e-11
-6.5486103e-11
-6.6712955e-11
-6.7222214e-11
-6.5694436e-11
-6.3773133e-11
-6.9004615e-11
-6.3865739e-11
-6.9884258e-11
-6.5254621e-11
-6.4074065e-11
-6.4930547e-11
-6.810183e-11
-6.3310183e-11
-6.4999992e-11
-6.7037029e-11
-6.5902762e-11
-7.0740733e-11
-6.6620348e-11
-6.2708332e-11
-6.706017e-11
-7.4374992e-11
-6.6805547e-11
-6.8124985e-11
-6.5787029e-11
-6.8032406e-11
-6.664351e-11
-6.7916658e-11
-6.4745362e-11
-6.9421295e-11
-6.4745362e-11
-6.8263888e-11
-6.3495369e-11
-6.2754628e-11
-6.710648e-11
-6.902777e-11
-6.7685177e-11
-6.7060177e-11
-6.8333318e-11
-6.9513874e-11
-6.8032399e-11
-6.9305547e-11
-6.7013881e-11
-6.5254628e-11
-6.8009244e-11
-6.7939807e-11
-7.0763881e-11
-6.8865733e-11
-6.7013874e-11
-6.6643503e-11
-6.8240719e-11
-7.0879615e-11
-6.9282399e-11
-7.0578696e-11
-6.9768503e-11
-6.6458325e-11
-6.5300924e-11
-6.7708318e-11
-6.513888e-11
-6.7592584e-11
-6.8773133e-11
-6.8703696e-11
-6.7337955e-11
-6.8356466e-11
-6.9629628e-11
-6.8634244e-11
-6.7569429e-11
-6.564814e-11
-6.7222214e-11
-6.8055547e-11
-6.5648133e-11
-6.8935177e-11
-6.6134251e-11
-7.0115733e-11
-7.0763881e-11
-6.513888e-11
-6.5740732e-11
-6.7361103e-11
-6.689814e-11
-6.5856473e-11
-6.8124999e-11
-6.7476837e-11
-7.0300918e-11
-6.7800918e-11
-6.4328688e-11
-6.8912022e-11
-6.6574066e-11
-6.3287028e-11
-6.8819429e-11
-6.8055547e-11
-6.5069436e-11
-6.9050911e-11
-6.5856473e-11
-6.5023133e-11
-6.6319436e-11
-6.539351e-11
-6.6018503e-11
-6.6550911e-11
-6.7546288e-11
-6.4583332e-11
-6.6504628e-11
-6.8449059e-11
-6.9884244e-11
-6.8333325e-11
-6.7384251e-11
-6.689814e-11
-6.7916658e-11
-6.8958318e-11
-6.7361103e-11
-6.9050911e-11
-6.601851e-11
-7.0879615e-11
-6.5486103e-11
-6.4374985e-11
-7.0624985e-11
-6.9861103e-11
-6.7013874e-11
-6.7245362e-11
-6.664351e-11
-6.7824066e-11
-6.8194422e-11
-6.5925918e-11
-6.5347214e-11
-6.3356473e-11
-6.6319436e-11
-7.027777e-11
-6.9212948e-11
-6.7453695e-11
-6.673611e-11
-6.8333325e-11
-6.9004628e-11
-6.3101843e-11
-6.5393496e-11
-6.5740732e-11
-6.5972214e-11
-6.9699059e-11
-6.6134244e-11
-6.939814e-11
-6.6134244e-11
-6.576388e-11
-6.4768517e-11
-6.7013881e-11
-6.8124985e-11
-6.4699072e-11
-7.2824066e-11
-6.7314807e-11
-6.4259251e-11
-6.7314807e-11
-6.7384244e-11
-6.8101844e-11
-6.7731473e-11
-7.1620362e-11
-6.726851e-11
-6.7499992e-11
-7.0185177e-11
-6.618054e-11
-6.273148e-11
-6.3032406e-11
-6.4629621e-11
-6.8055547e-11
-6.7847214e-11
-6.4652769e-11
-6.9652763e-11
-6.0833324e-11
-6.1990732e-11
-6.4814806e-11
-6.8425918e-11
-6.9837948e-11
-6.7731473e-11
-6.5115725e-11
-6.9699059e-11
-6.8657392e-11
-6.6342584e-11
-6.335648e-11
-6.7245362e-11
-6.7175918e-11
-6.6064806e-11
-6.6388881e-11
-6.923611e-11
-6.5231473e-11
-6.7384244e-11
-6.8032392e-11
-6.7291658e-11
-6.7407399e-11
-6.5717584e-11
-6.7754628e-11
-6.7499992e-11
-6.4328695e-11
-6.5115732e-11
-6.4166658e-11
-6.8055547e-11
-6.6990732e-11
-6.9490726e-11
-7.0416659e-11
-7.027777e-11
-6.9351851e-11
-6.7569429e-11
-6.8310184e-11
-6.6134244e-11
-6.877314e-11
-6.7083325e-11
-6.5439806e-11
-6.7499992e-11
-6.3356473e-11
-6.8819443e-11
-6.3333325e-11
-6.7916658e-11
-6.7361103e-11
-6.6666644e-11
-7.0092585e-11
-6.5578695e-11
-6.5416658e-11
-6.5879628e-11
-6.6990732e-11
-7.1296288e-11
-6.6712955e-11
-6.3634258e-11
-6.5069429e-11
-7.1990726e-11
-6.7361096e-11
-6.5162029e-11
-6.7152769e-11
-6.564814e-11
-6.7870362e-11
-6.7939807e-11
-7.0324059e-11
-6.6944436e-11
-6.4884258e-11
-6.8402763e-11
-6.4745355e-11
-7.1111103e-11
-6.7708325e-11
-6.476851e-11
-6.7499992e-11
-6.4837961e-11
-6.8032392e-11
-6.6203688e-11
-7.1481474e-11
-6.6365739e-11
-6.6712955e-11
-6.7083311e-11
-6.5787029e-11
-6.3773133e-11
-6.7314807e-11
-7.0254629e-11
-6.9768503e-11
-6.451388e-11
-6.7199059e-11
-6.5185177e-11
-6.3101843e-11
-6.5879614e-11
-6.85648e-11
-6.7245355e-11
-6.4745362e-11
-6.3564806e-11
-6.5717584e-11
-6.3194436e-11
-6.7546288e-11
-6.7962955e-11
-6.7685177e-11
-6.5231473e-11
-6.7916651e-11
-6.5972214e-11
-6.8356466e-11
-6.5740732e-11
-6.6782392e-11
-6.7731473e-11
-6.4166658e-11
-6.7916658e-11
-6.3263873e-11
-6.0416665e-11
-6.3657399e-11
-7.0462955e-11
-6.7731473e-11
-6.8055547e-11
-6.8078695e-11
-6.3726836e-11
-6.9050911e-11
-6.8402776e-11
-6.5509251e-11
-6.6342584e-11
-6.6666658e-11
-6.5162035e-11
-6.4861096e-11
-6.497685e-11
-6.4444436e-11
-6.7546281e-11
-6.6226837e-11
-6.3587954e-11
-6.8240726e-11
-6.7453688e-11
-6.7615732e-11
-6.5717577e-11
-6.4027769e-11
-6.9467584e-11
-6.4583325e-11
-6.6319436e-11
-6.7199059e-11
-6.4791651e-11
-6.6527769e-11
-6.3333325e-11
-6.7870362e-11
-6.6134258e-11
-6.7546288e-11
-6.7592577e-11
-6.1157399e-11
-6.6828695e-11
-6.6180547e-11
-6.6944436e-11
-6.6574066e-11
-6.351851e-11
-6.4629621e-11
-6.3217584e-11
-6.4236103e-11
-6.2615725e-11
-6.4953695e-11
-6.7638874e-11
-6.7662029e-11
-6.5231473e-11
-6.6828688e-11
-6.6736096e-11
-6.5763874e-11
-6.5324059e-11
-6.7337955e-11
-6.5300924e-11
-6.5995362e-11
-6.7847221e-11
-6.8194429e-11
-6.3495355e-11
-6.8124992e-11
-6.4953695e-11
-6.4861096e-11
-6.5925918e-11
-6.5925918e-11
-7.0324059e-11
-6.5277769e-11
-6.493054e-11
-6.6180554e-11
-6.5787029e-11
-6.6666651e-11
-6.4884251e-11
-6.4212954e-11
-7.0347221e-11
-6.8101837e-11
-6.5740732e-11
-6.7916658e-11
-6.4953688e-11
-6.7337955e-11
-6.5671295e-11
-6.7384251e-11
-6.6458325e-11
-6.6249992e-11
-6.5601843e-11
-6.9050911e-11
-7.1134251e-11
-6.451388e-11
-6.7916658e-11
-6.9560177e-11
-6.576388e-11
-6.9907399e-11
-6.6296281e-11
-6.476851e-11
-6.4907399e-11
-6.5115732e-11
-7.027777e-11
-6.3379621e-11
-6.7013881e-11
-6.5462955e-11
-6.5740732e-11
-7.1944443e-11
-6.4606466e-11
-6.664351e-11
-6.6990725e-11
-6.5995369e-11
-6.8935177e-11
-6.9097214e-11
-6.6759251e-11
-6.6342577e-11
-6.8425918e-11
-6.4699066e-11
-6.5462955e-11
-6.6388887e-11
-6.8611103e-11
-6.6087961e-11
-6.8101844e-11
-6.5624985e-11
-6.4537028e-11
-6.7083325e-11
-6.6157399e-11
-6.5879621e-11
-6.4490725e-11
-6.3773146e-11
-6.8611103e-11
-6.7129621e-11
-6.368054e-11
-6.2870362e-11
-6.9837948e-11
-6.6944429e-11
-6.5092584e-11
-6.7986103e-11
-6.5046281e-11
-6.6319436e-11
-6.7777763e-11
-6.6365725e-11
-6.9189807e-11
-6.6550918e-11
-6.6365739e-11
-6.6620355e-11
-6.7407399e-11
-6.6712955e-11
-6.6782392e-11
-6.4629621e-11
-6.3541658e-11
-6.923611e-11
-6.8657399e-11
-6.3749991e-11
-6.5833325e-11
-6.9814793e-11
-6.930554e-11
-6.368054e-11
-6.7685177e-11
-6.439814e-11
-6.5115725e-11
-6.4374985e-11
-6.4699059e-11
-6.8819429e-11
-6.6874999e-11
-6.4259258e-11
-7.0925918e-11
-6.6712955e-11
-6.4120369e-11
-6.5023147e-11
-6.5532392e-11
-6.6458318e-11
-6.6041651e-11
-7.0185184e-11
-6.4652769e-11
-6.7361096e-11
-6.8101844e-11
-6.7708318e-11
-6.6273147e-11
-6.4953702e-11
-6.8749992e-11
-6.6851844e-11
-6.6898133e-11
-6.6805547e-11
-6.9537029e-11
-6.8819443e-11
-7.16898e-11
-6.8888881e-11
-6.9421281e-11
-6.5439799e-11
-6.8472214e-11
-6.576388e-11
-6.5972214e-11
-6.4189806e-11
-6.7615739e-11
-7.0972214e-11
-6.7199066e-11
-6.7615732e-11
-6.6249992e-11
-7.0763881e-11
-6.3101843e-11
-6.5115732e-11
-6.5578688e-11
-6.5231473e-11
-6.5810177e-11
-6.8171281e-11
-6.7708325e-11
-6.3449065e-11
-6.4583325e-11
-6.6921281e-11
-6.5787029e-11
-6.851851e-11
-6.5717577e-11
-6.5185177e-11
-6.7638881e-11
-6.8657399e-11
-6.6712955e-11
-6.3912022e-11
-6.3842584e-11
-6.7916658e-11
-6.8009251e-11
-6.5277769e-11
-6.4907399e-11
-6.518517e-11
-6.4675917e-11
-6.7384251e-11
-6.6828688e-11
-6.814814e-11
-6.6157406e-11
-6.8263874e-11
-6.7083325e-11
-6.8472207e-11
-6.7638881e-11
-6.9236096e-11
-6.7662029e-11
-6.5763887e-11
-6.7129621e-11
-6.5509258e-11
-6.6805554e-11
-7.1458332e-11
-6.618054e-11
-6.7476844e-11
-6.6226837e-11
-6.4513887e-11
-6.6388881e-11
-6.5324066e-11
-6.9120362e-11
-6.6435184e-11
-6.8472207e-11
-6.8217584e-11
-6.6597207e-11
-6.5231473e-11
-6.6828688e-11
-6.539351e-11
-6.5254621e-11
-7.0347221e-11
-6.7754614e-11
-6.7037029e-11
-6.6226843e-11
-6.8819436e-11
-6.7199066e-11
-6.6458318e-11
-6.7499985e-11
-6.8912022e-11
-6.476851e-11
-6.747685e-11
-6.414351e-11
-7.0370362e-11
-6.5347214e-11
-6.3865739e-11
-6.8634251e-11
-6.7129621e-11
-6.6944429e-11
-6.5856466e-11
-6.6458332e-11
-6.7870369e-11
-6.7175918e-11
-6.9444436e-11
-6.4212954e-11
-6.585648e-11
-6.5902762e-11
-6.4444436e-11
-6.3634251e-11
-6.5717577e-11
-6.7870369e-11
-6.7453695e-11
-6.7685177e-11
-6.7523133e-11
-7.04398e-11
-6.493054e-11
-6.6157399e-11
-6.7499985e-11
-6.5347214e-11
-6.7731466e-11
-6.6157392e-11
-6.2662021e-11
-6.6921281e-11
-6.7569436e-11
-6.9004621e-11
-6.564814e-11
-6.5717577e-11
-6.4328688e-11
-6.6828688e-11
-6.8240733e-11
-6.2870362e-11
-6.7499992e-11
-6.6157399e-11
-6.6249992e-11
-6.7685177e-11
-6.6782399e-11
-6.7893503e-11
-6.9328689e-11
-6.8819436e-11
-6.8425918e-11
-6.4722214e-11
-7.0740733e-11
-6.6944436e-11
-6.4374991e-11
-7.0833325e-11
-6.8449066e-11
-6.91898e-11
-6.8055547e-11
-6.6736103e-11
-6.3472207e-11
-6.7152776e-11
-6.9444436e-11
-6.5439806e-11
-6.5555554e-11
-6.6296288e-11
-6.6504621e-11
-6.8518503e-11
-6.4212954e-11
-6.8749999e-11
-6.518517e-11
-6.5856466e-11
-6.6157399e-11
-6.4861096e-11
-6.6504628e-11
-6.8958318e-11
-6.9074066e-11
-6.5486096e-11
-6.6134244e-11
-6.5601843e-11
-6.4861103e-11
-6.9999992e-11
-6.4907392e-11
-6.7453695e-11
-6.6064793e-11
-6.5486103e-11
-6.5416658e-11
-6.7152769e-11
-6.7800911e-11
-6.7152769e-11
-6.6481473e-11
-6.4606473e-11
-6.439814e-11
-6.8009251e-11
-6.7199059e-11
-6.7523133e-11
-6.4421288e-11
-6.7893503e-11
-6.5972207e-11
-6.8541658e-11
-6.4999992e-11
-6.0902769e-11
-6.893517e-11
-6.6249992e-11
-6.439814e-11
-6.6990732e-11
-6.3055547e-11
-6.7870362e-11
-6.7916665e-11
-6.4930554e-11
-6.8333325e-11
-6.8472207e-11
-6.6087948e-11
-6.5069443e-11
-6.9120355e-11
-6.7708318e-11
-6.6736096e-11
-6.5370362e-11
-6.7685177e-11
-6.814814e-11
-6.3055547e-11
-6.5370362e-11
-6.6319429e-11
-6.4814806e-11
-6.7662029e-11
-6.8032392e-11
-6.7337948e-11
-6.8888881e-11
-6.8171281e-11
-6.3912028e-11
-6.7523133e-11
-6.7060177e-11
-6.8564807e-11
-6.8263881e-11
-6.7314807e-11
-7.0949066e-11
-6.6666658e-11
-6.8379614e-11
-6.9074066e-11
-7.0949066e-11
-6.8217577e-11
-6.8171281e-11
-6.7430547e-11
-6.7569429e-11
-6.5763887e-11
-6.414351e-11
-6.5624985e-11
-6.3773133e-11
-6.206017e-11
-6.7083325e-11
-6.6041651e-11
-6.5624985e-11
-6.4675917e-11
-6.6249992e-11
-6.6342577e-11
-6.6597207e-11
-6.9259237e-11
-6.4814799e-11
-6.4837948e-11
-6.5787029e-11
-6.7222207e-11
-6.3032399e-11
-6.3171295e-11
-6.5300911e-11
-6.4699059e-11
-6.5462955e-11
-6.6226843e-11
-6.7060184e-11
-6.6064813e-11
-6.5208332e-11
-6.4930547e-11
-6.7546281e-11
-6.4143503e-11
-6.4537028e-11
-6.4444443e-11
-6.2939806e-11
-6.5902762e-11
-6.3055547e-11
-6.5671295e-11
-6.4537028e-11
-6.8611103e-11
-6.4583325e-11
-6.8124992e-11
-6.4120355e-11
-6.8055547e-11
-6.4351843e-11
-6.372685e-11
-6.6504614e-11
-6.8819436e-11
-6.5416658e-11
-6.6041651e-11
-6.6203695e-11
-6.622685e-11
-6.4189799e-11
-6.6064806e-11
-6.7013881e-11
-6.1435176e-11
-6.4282392e-11
-6.6087948e-11
-6.726851e-11
-6.3981473e-11
-6.3078688e-11
-6.3935177e-11
-6.9374992e-11
-7.1319436e-11
-6.6365725e-11
-6.4374991e-11
-6.4212954e-11
-6.85648e-11
-6.456017e-11
-6.6666658e-11
-6.8726837e-11
-6.3935184e-11
-6.5810177e-11
-6.5972207e-11
-6.8263881e-11
-6.6041651e-11
-6.3263887e-11
-6.8263881e-11
-6.601851e-11
-6.4560177e-11
-6.4606466e-11
-6.7708318e-11
-6.5092584e-11
-6.3518503e-11
-6.7754621e-11
-6.8958318e-11
-6.8287029e-11
-6.8310184e-11
-6.7916651e-11
-6.8287029e-11
-6.3194436e-11
-6.8634258e-11
-6.4421295e-11
-6.6504614e-11
-6.8611103e-11
-6.5208325e-11
-6.5416651e-11
-6.777777e-11
-6.6319443e-11
-6.6412029e-11
-6.6527776e-11
-6.7962962e-11
-6.752314e-11
-6.9537036e-11
-6.6319429e-11
-6.877314e-11
-6.243054e-11
-7.1087962e-11
-6.7708332e-11
-6.1550917e-11
-6.4884258e-11
-6.5046281e-11
-6.747685e-11
-6.7708325e-11
-6.7037022e-11
-6.7731466e-11
-6.7361103e-11
-6.2777769e-11
-6.7245355e-11
-6.9259251e-11
-6.2245369e-11
-6.5925918e-11
-6.6967577e-11
-7.0092585e-11
-6.8796288e-11
-6.851851e-11
-6.1782399e-11
-6.7685177e-11
-6.2546288e-11
-7.002314e-11
-6.5555547e-11
-6.6087948e-11
-6.1851843e-11
-6.5254614e-11
-6.414351e-11
-6.7546281e-11
-6.9629622e-11
-6.4814799e-11
-6.7847214e-11
-6.5439813e-11
-6.4907399e-11
-6.4421288e-11
-6.5185177e-11
-6.8171281e-11
-6.6296295e-11
-6.6550911e-11
-6.8333332e-11
-6.5740739e-11
-6.8819429e-11
-6.851851e-11
-6.7800911e-11
-6.8124985e-11
-6.8657392e-11
-7.0300918e-11
-6.6111103e-11
-6.5578702e-11
-6.7453695e-11
-6.1319443e-11
-6.6736096e-11
-6.8032399e-11
-6.5787029e-11
-6.6782399e-11
-6.7731473e-11
-6.7152763e-11
-6.6712955e-11
-6.8078702e-11
-6.3495362e-11
-6.7060177e-11
-6.8749978e-11
-6.6921288e-11
-6.5324066e-11
-6.4652769e-11
-6.5509251e-11
-6.2083325e-11
-6.7384244e-11
-6.5532392e-11
-6.9722214e-11
-6.3726843e-11
-6.6296288e-11
-6.3217584e-11
-6.3796288e-11
-6.726851e-11
-6.6990732e-11
-6.7800925e-11
-6.6689813e-11
-6.9791652e-11
-7.1458318e-11
-6.66898e-11
-6.405091e-11
-6.7407399e-11
-6.7708318e-11
-6.6157392e-11
-6.9861103e-11
-7.0069429e-11
-6.5462955e-11
-6.9050911e-11
-6.5833325e-11
-6.6574066e-11
-6.5833318e-11
-6.581017e-11
-6.9930547e-11
-6.456017e-11
-6.8935177e-11
-6.743054e-11
-6.7569429e-11
-7.0277756e-11
-6.7083318e-11
-6.789351e-11
-6.581017e-11
-7.1064814e-11
-6.7453702e-11
-6.6504621e-11
-6.8472214e-11
-6.7569443e-11
-6.5949059e-11
-6.7546288e-11
-6.5787029e-11
-7.0092585e-11
-6.6435177e-11
-6.7013874e-11
-6.7708325e-11
-6.9166659e-11
-6.7962955e-11
-6.8819429e-11
-6.8032399e-11
-7.04398e-11
-6.5810177e-11
-6.5115725e-11
-6.3796288e-11
-6.3935177e-11
-6.3171288e-11
-6.8541658e-11
-6.8634251e-11
-6.5555547e-11
-6.6203688e-11
-6.388888e-11
-6.7592584e-11
-6.601851e-11
-6.8148133e-11
-6.8796288e-11
-6.6134258e-11
-7.0601844e-11
-6.3287028e-11
-6.689814e-11
-6.7106466e-11
-6.8564807e-11
-6.6064806e-11
-6.7407399e-11
-6.6481473e-11
-6.3749991e-11
-6.3541658e-11
-6.4583318e-11
-6.6388874e-11
-6.3379621e-11
-6.6967584e-11
-6.3749998e-11
-6.3773133e-11
-6.7870362e-11
-6.6041658e-11
-6.5787029e-11
-6.4583325e-11
-6.6365739e-11
-7.0115726e-11
-6.4282406e-11
-6.377314e-11
-6.3472214e-11
-6.8495362e-11
-6.5601836e-11
-6.8773133e-11
-6.9861103e-11
-6.4652769e-11
-6.5856466e-11
-6.618054e-11
-6.5694429e-11
-6.5763874e-11
-6.7314813e-11
-6.6944429e-11
-6.5115725e-11
-6.4282399e-11
-6.8842584e-11
-6.8425911e-11
-6.8865739e-11
-6.5115725e-11
-6.5069429e-11
-6.7361103e-11
-6.5462948e-11
-6.777777e-11
-6.902777e-11
-6.3263873e-11
-6.7800911e-11
-6.5092577e-11
-6.5601843e-11
-6.6990732e-11
-6.6226837e-11
-6.377314e-11
-7.081017e-11
-6.7152763e-11
-6.7175911e-11
-6.5092584e-11
-6.5995355e-11
-6.9259237e-11
-6.618054e-11
-6.4490732e-11
-6.601851e-11
-6.6666658e-11
-6.4999992e-11
-6.4699066e-11
-6.5046288e-11
-6.5555547e-11
-6.8217584e-11
-6.6574066e-11
-6.4490732e-11
-6.5208318e-11
-6.5995355e-11
-6.9004621e-11
-6.7569429e-11
-6.7152763e-11
-6.5254621e-11
-6.3912035e-11
-6.6157392e-11
-6.7708318e-11
-6.7962955e-11
-6.6689813e-11
-6.8935163e-11
-6.6550911e-11
-6.6041651e-11
-6.8032399e-11
-6.6805547e-11
-6.456017e-11
-6.6226843e-11
-6.6504621e-11
-6.8495362e-11
-7.04398e-11
-6.8240726e-11
-6.5092584e-11
-6.6805547e-11
-6.8402763e-11
-6.4606466e-11
-6.3541665e-11
-6.7337948e-11
-6.581017e-11
-6.6597207e-11
-6.5532392e-11
-6.5624985e-11
-6.7152776e-11
-6.5486103e-11
-6.7638881e-11
-6.6782392e-11
-6.5578695e-11
-6.4745355e-11
-6.5763874e-11
-6.6643503e-11
-6.831017e-11
-6.3078702e-11
-6.5300924e-11
-7.1967585e-11
-6.4490732e-11
-6.6759258e-11
-6.6759244e-11
-6.5092577e-11
-6.5810177e-11
-6.7129621e-11
-6.6249992e-11
-6.8726837e-11
-6.6504614e-11
-6.5856473e-11
-6.6828695e-11
-6.7013887e-11
-6.1435176e-11
-6.4629621e-11
-6.5324066e-11
-6.3356473e-11
-6.5694436e-11
-6.5277769e-11
-6.6828695e-11
-6.5578688e-11
-6.6203695e-11
-6.7708332e-11
-6.7592584e-11
-6.7499992e-11
-6.601851e-11
-6.5046288e-11
-6.8657392e-11
-6.8541652e-11
-6.8148126e-11
-6.8101837e-11
-6.8425918e-11
-6.8124992e-11
-6.5578688e-11
-6.5416658e-11
-6.4837961e-11
-6.6365732e-11
-6.564814e-11
-6.439814e-11
-6.439814e-11
-6.8263881e-11
-6.5902776e-11
-6.6504621e-11
-6.648148e-11
-6.4791658e-11
-6.6342584e-11
-6.7615726e-11
-6.8888881e-11
-6.7847207e-11
-6.2592584e-11
-6.5347221e-11
-6.2754621e-11
-6.513888e-11
-7.0115733e-11
-6.6921281e-11
-6.6944436e-11
-6.1157399e-11
-6.7291658e-11
-6.7245362e-11
-6.6157399e-11
-6.5601843e-11
-6.3449059e-11
-6.5185177e-11
-6.7592584e-11
-6.8749985e-11
-7.027777e-11
-6.9537029e-11
-6.7222207e-11
-6.8703689e-11
-6.7916658e-11
-6.7916658e-11
-7.0532392e-11
-6.8634244e-11
-7.0162022e-11
-6.9837955e-11
-6.5532392e-11
-7.0486103e-11
-6.726851e-11
-7.0833325e-11
-6.9120362e-11
-6.6851837e-11
-6.9328689e-11
-6.226851e-11
-6.7430547e-11
-6.6597214e-11
-6.8472207e-11
-6.7222207e-11
-6.6666658e-11
-6.2523139e-11
-6.289351e-11
-6.7476844e-11
-6.8263881e-11
-6.5277769e-11
-6.9421295e-11
-6.4791658e-11
-6.743054e-11
-6.689814e-11
-6.5648133e-11
-6.5787022e-11
-6.4212961e-11
-6.564814e-11
-6.6620362e-11
-6.6388881e-11
-6.6319443e-11
-6.7523133e-11
-6.6550918e-11
-6.7129621e-11
-6.7291658e-11
-6.4675917e-11
-6.6666651e-11
-6.627314e-11
-6.8402763e-11
-6.5856473e-11
-6.6273133e-11
-6.3726836e-11
-6.5648126e-11
-6.5925911e-11
-6.7546288e-11
-6.6388881e-11
-6.6412022e-11
-6.7384258e-11
-6.5763874e-11
-7.0300918e-11
-6.902777e-11
-6.6435177e-11
-6.8310184e-11
-6.6828688e-11
-6.930554e-11
-6.3124998e-11
-6.6759251e-11
-6.5972221e-11
-6.7106473e-11
-6.9074066e-11
-6.6203695e-11
-6.835648e-11
-6.6944429e-11
-6.8587948e-11
-6.7106473e-11
-6.2453688e-11
-6.877314e-11
-6.8379621e-11
-6.9537029e-11
-6.8472214e-11
-7.0787022e-11
-6.8124992e-11
-6.6504614e-11
-6.9745362e-11
-6.9305547e-11
-6.3981466e-11
-6.6944429e-11
-6.8842584e-11
-7.0439814e-11
-6.9930554e-11
-6.7384244e-11
-6.7499985e-11
-6.6990732e-11
-6.7175911e-11
-6.1504628e-11
-6.4467577e-11
-6.5717577e-11
-6.935183e-11
-6.3194436e-11
-6.5763874e-11
-6.564814e-11
-6.7407399e-11
-6.351851e-11
-6.664351e-11
-6.8078702e-11
-6.6574066e-11
-6.5555547e-11
-6.3425917e-11
-6.8333318e-11
-6.5208318e-11
-6.4699066e-11
-6.7083318e-11
-7.0879622e-11
-6.6481466e-11
-6.4814806e-11
-6.4490725e-11
-6.789351e-11
-6.752314e-11
-6.4097207e-11
-6.3819429e-11
-6.4722221e-11
-6.4444429e-11
-6.2916658e-11
-6.6435177e-11
-6.9513874e-11
-6.5902762e-11
-6.5925918e-11
-6.3657399e-11
-6.4351843e-11
-5.976851e-11
-6.6087948e-11
-6.601851e-11
-6.3078688e-11
-6.3495362e-11
-6.6249978e-11
-6.8634251e-11
-6.8240733e-11
-6.4745362e-11
-6.618054e-11
-6.7430547e-11
-6.226851e-11
-6.5254621e-11
-6.4050917e-11
-6.747685e-11
-6.6620362e-11
-6.5208332e-11
-6.539351e-11
-6.4814799e-11
-6.5833325e-11
-6.3148146e-11
-6.6574059e-11
-6.6296288e-11
-6.5254621e-11
-6.6643503e-11
-6.3634251e-11
-6.6527769e-11
-6.8472214e-11
-6.5902769e-11
-6.564814e-11
-6.9351844e-11
-6.8958318e-11
-6.4189813e-11
-6.4097207e-11
-6.564814e-11
-6.6504628e-11
-6.6944436e-11
-6.7037029e-11
-6.6597221e-11
-6.5300917e-11
-6.486111e-11
-6.5555554e-11
-6.8240739e-11
-6.7268503e-11
-6.4351843e-11
-6.8773147e-11
-6.6874999e-11
-6.6527762e-11
-6.7337955e-11
-6.4236103e-11
-6.5439806e-11
-6.6759251e-11
-6.85648e-11
-6.6180547e-11
-6.4305547e-11
-6.2939806e-11
-6.5972214e-11
-6.7916658e-11
-6.6319436e-11
-6.5069429e-11
-6.6782399e-11
-6.939814e-11
-6.5046288e-11
-6.585648e-11
-6.6388881e-11
-6.9884244e-11
-6.6249992e-11
-6.5972214e-11
-6.5787015e-11
-6.5925918e-11
-6.6296288e-11
-6.5092584e-11
-6.6944429e-11
-6.5324066e-11
-6.6759251e-11
-6.6550918e-11
-6.8425918e-11
-6.7824066e-11
-6.4259251e-11
-6.3541665e-11
-7.1134244e-11
-6.6921281e-11
-6.5370362e-11
-7.002314e-11
-6.976851e-11
-6.6967577e-11
-6.4930547e-11
-6.5277776e-11
-6.6620362e-11
-6.8287029e-11
-6.5624992e-11
-6.6203695e-11
-6.7152776e-11
-6.3657399e-11
-6.3032392e-11
-6.768517e-11
-6.6064806e-11
-6.1273139e-11
-6.3449065e-11
-6.3078695e-11
-6.9143517e-11
-6.3541658e-11
-6.6041651e-11
-6.7592584e-11
-6.9212948e-11
-6.5740725e-11
-6.3587947e-11
-6.9560177e-11
-6.5671281e-11
-6.1157399e-11
-6.4351843e-11
-6.5717577e-11
-6.3124991e-11
-6.6597214e-11
-6.7106466e-11
-6.8356466e-11
-6.8796281e-11
-6.7731466e-11
-6.3078688e-11
-6.4745355e-11
-6.4166658e-11
-6.6643503e-11
-6.8634244e-11
-6.5254614e-11
-6.6041658e-11
-6.8518503e-11
-6.6319436e-11
-6.4351843e-11
-6.4328688e-11
-6.7662029e-11
-6.4282406e-11
-6.6203695e-11
-7.0231466e-11
-6.4374991e-11
-6.4374991e-11
-6.5254614e-11
-6.6805547e-11
-6.5740732e-11
-6.6203695e-11
-6.5439806e-11
-6.5069436e-11
-6.502314e-11
-6.9467584e-11
-6.5972214e-11
-6.5856473e-11
-6.7523133e-11
-7.0509244e-11
-6.6736096e-11
-6.4699059e-11
-6.3055554e-11
-6.6990732e-11
-6.8564807e-11
-6.451388e-11
-6.8865726e-11
-6.6342584e-11
-6.6597214e-11
-6.6550911e-11
-6.6157385e-11
-6.7708318e-11
-6.555554e-11
-6.8101844e-11
-6.6041658e-11
-6.736111e-11
-6.6759251e-11
-6.6134244e-11
-6.664351e-11
-6.8518503e-11
-6.6203695e-11
-7.1273147e-11
-6.6550918e-11
-6.5648133e-11
-6.752314e-11
-6.4999992e-11
-6.5648133e-11
-6.8472207e-11
-6.6157399e-11
-6.9004621e-11
-6.59722e-11
-6.6412029e-11
-6.7870362e-11
-6.8680547e-11
-6.5416658e-11
-6.8680547e-11
-6.6643517e-11
-6.3634251e-11
-6.3657399e-11
-6.8194436e-11
-6.6689806e-11
-6.6643517e-11
-6.8611103e-11
-6.9699059e-11
-6.9074066e-11
-6.9513888e-11
-6.6759251e-11
-6.4421288e-11
-6.1296287e-11
-6.9999999e-11
-6.493054e-11
-6.9004621e-11
-6.6805547e-11
-6.622685e-11
-6.893517e-11
-6.5694436e-11
-6.9398133e-11
-6.6550918e-11
-6.877314e-11
-6.9953689e-11
-6.7407392e-11
-6.8263881e-11
-7.0925918e-11
-6.7129621e-11
-6.7615732e-11
-6.5694436e-11
-6.9722214e-11
-6.9490733e-11
-7.148148e-11
-6.6666651e-11
-6.4861103e-11
-6.8796295e-11
-6.601851e-11
-6.6111103e-11
-7.0995355e-11
-6.8587948e-11
-7.2083325e-11
-6.3587961e-11
-6.4652762e-11
-6.5462955e-11
-6.8009251e-11
-6.6828702e-11
-7.2060177e-11
-6.8981473e-11
-6.6782392e-11
-6.6180547e-11
-6.743054e-11
-6.5393503e-11
-6.1967584e-11
-6.6296288e-11
-6.7708332e-11
-6.5486103e-11
-6.8124985e-11
-6.7060177e-11
-6.7824066e-11
-6.5185177e-11
-6.2592584e-11
-7.0046281e-11
-6.7476837e-11
-6.7662036e-11
-6.3171288e-11
-6.4999998e-11
-6.7847207e-11
-6.5393503e-11
-6.7986103e-11
-6.8124985e-11
-6.5254614e-11
-6.8425918e-11
-6.1666658e-11
-6.743054e-11
-6.7939807e-11
-7.1527763e-11
-6.4652776e-11
-6.4814806e-11
-6.5717591e-11
-6.643517e-11
-6.7291651e-11
-6.8263888e-11
-6.689814e-11
-6.9097214e-11
-6.8703702e-11
-6.5185184e-11
-6.6828695e-11
-6.4074065e-11
-7.1481474e-11
-6.4837954e-11
-6.8518503e-11
-6.9120362e-11
-7.1620362e-11
-6.5370362e-11
-6.5115732e-11
-7.0069429e-11
-6.5879628e-11
-6.6782392e-11
-6.9004621e-11
-6.4837948e-11
-6.6203695e-11
-7.0787022e-11
-6.6828688e-11
-6.4976843e-11
-6.8773133e-11
-6.6574066e-11
-6.8009251e-11
-6.5046295e-11
-6.5694436e-11
-6.5231473e-11
-6.4999985e-11
-6.7916651e-11
-6.6481473e-11
-6.7407392e-11
-6.456017e-11
-6.9351844e-11
-6.4745362e-11
-6.4351843e-11
-6.6365739e-11
-6.3009244e-11
-6.0416658e-11
-6.5879621e-11
-6.8009251e-11
-6.4004628e-11
-6.5254614e-11
-6.6134251e-11
-7.1689807e-11
-6.7337955e-11
-6.8101837e-11
-6.6643503e-11
-6.5949066e-11
-6.555554e-11
-6.5046281e-11
-6.7962955e-11
-6.6527762e-11
-6.3217584e-11
-6.5393517e-11
-6.648148e-11
-6.4027769e-11
-6.263888e-11
-6.627314e-11
-6.6435177e-11
-6.388888e-11
-6.8541658e-11
-6.4745362e-11
-6.6967584e-11
-6.6319443e-11
-6.7800911e-11
-6.689814e-11
-6.5995362e-11
-6.3796281e-11
-6.5879621e-11
-6.4467577e-11
-6.680554e-11
-6.513888e-11
-6.6041658e-11
-6.7592577e-11
-6.7708325e-11
-6.3611102e-11
-6.5717577e-11
-6.6319436e-11
-6.0300917e-11
-6.6365725e-11
-6.7592577e-11
-6.8402763e-11
-7.2129622e-11
-6.7962955e-11
-6.4606466e-11
-6.4884244e-11
-6.5578695e-11
-6.3749991e-11
-6.7638874e-11
-6.4236103e-11
-6.7268503e-11
-6.9074066e-11
-6.6365732e-11
-6.8009251e-11
-6.7407392e-11
-6.7430547e-11
-6.3749991e-11
-6.8379621e-11
-6.6574066e-11
-6.4467584e-11
-6.5601836e-11
-6.7129621e-11
-6.560185e-11
-6.5509251e-11
-6.6249985e-11
-6.7824059e-11
-6.3726843e-11
-6.5995362e-11
-6.4652769e-11
-6.6319443e-11
-7.1874992e-11
-6.6203695e-11
-6.9143517e-11
