4.4172624e-10
4.4208329e-10
4.4226189e-10
4.4122023e-10
4.4241069e-10
4.4395831e-10
4.4348217e-10
4.4297616e-10
4.3994045e-10
4.4244045e-10
4.4199408e-10
4.4258924e-10
4.4264875e-10
4.4241072e-10
4.4276785e-10
4.421726e-10
4.410714e-10
4.4181553e-10
4.4184528e-10
4.4122023e-10
4.4238091e-10
4.423214e-10
4.4247023e-10
4.4208329e-10
4.4107143e-10
4.4127973e-10
4.4175591e-10
4.4330359e-10
4.4229168e-10
4.4202378e-10
4.4354162e-10
4.4169637e-10
4.411905e-10
4.4380943e-10
4.4294637e-10
4.4309517e-10
4.4318454e-10
4.416964e-10
4.4264881e-10
4.4202386e-10
4.4282736e-10
4.4297618e-10
4.4306547e-10
4.427084e-10
4.4172616e-10
4.4285708e-10
4.4202381e-10
4.4291659e-10
4.4285714e-10
4.4270834e-10
4.4223217e-10
4.4330356e-10
4.4080353e-10
4.4193449e-10
4.4196435e-10
4.42887e-10
4.4169651e-10
4.4154766e-10
4.4327381e-10
4.4223211e-10
4.4095239e-10
4.4297616e-10
4.4255952e-10
4.4116072e-10
4.4291668e-10
4.4297618e-10
4.4238099e-10
4.41994e-10
4.4279758e-10
4.4312498e-10
4.4217258e-10
4.4264881e-10
4.4226192e-10
4.421726e-10
4.4187504e-10
4.4193454e-10
4.4107143e-10
4.4098214e-10
4.4199405e-10
4.4166673e-10
4.4291668e-10
4.4252979e-10
4.425893e-10
4.439881e-10
4.4264881e-10
4.4300597e-10
4.4261905e-10
4.4223211e-10
4.4360121e-10
4.4318449e-10
4.4261902e-10
4.409226e-10
4.4321427e-10
4.434226e-10
4.4151785e-10
4.434226e-10
4.4151788e-10
4.4139883e-10
4.4339288e-10
4.4122023e-10
4.4089291e-10
4.4205356e-10
4.4178569e-10
4.4250009e-10
4.4065476e-10
4.4193449e-10
4.4023812e-10
4.4098214e-10
4.416964e-10
4.4181547e-10
4.4193449e-10
4.4205356e-10
4.4258924e-10
4.430952e-10
4.4154763e-10
4.4098214e-10
4.4056547e-10
4.418452e-10
4.4014883e-10
4.4181553e-10
4.4238102e-10
4.4223211e-10
4.4339282e-10
4.4175591e-10
4.4226192e-10
4.416964e-10
4.4050591e-10
4.4220241e-10
4.4193454e-10
4.4273812e-10
4.4208331e-10
4.4327378e-10
4.4255952e-10
4.4136905e-10
4.4223211e-10
4.421131e-10
4.4208329e-10
4.4193454e-10
4.4190471e-10
4.4208331e-10
4.421131e-10
4.4306553e-10
4.4038689e-10
4.407143e-10
4.4220239e-10
4.4157739e-10
4.4339282e-10
4.4276785e-10
4.4190476e-10
4.4187504e-10
4.4273812e-10
4.4181547e-10
4.4193449e-10
4.4425597e-10
4.4190476e-10
4.425893e-10
4.4291665e-10
4.4163689e-10
4.4273812e-10
4.4119053e-10
4.4241069e-10
4.4270834e-10
4.4276785e-10
4.424702e-10
4.4175591e-10
4.4401785e-10
4.4395834e-10
4.425893e-10
4.4351189e-10
4.4306547e-10
4.4291668e-10
4.4267853e-10
4.436905e-10
4.419643e-10
4.4327378e-10
4.4148812e-10
4.4190479e-10
4.4127976e-10
4.4187504e-10
4.4282741e-10
4.4345233e-10
4.4113094e-10
4.4312498e-10
4.408631e-10
4.435714e-10
4.4244045e-10
4.4330356e-10
4.4372023e-10
4.4139883e-10
4.4163695e-10
4.4342266e-10
4.4187498e-10
4.438393e-10
4.4238099e-10
4.4223211e-10
4.4389881e-10
4.4241069e-10
4.4261911e-10
4.4184517e-10
4.4139883e-10
4.4377974e-10
4.4110121e-10
4.4321427e-10
4.4232148e-10
4.4220239e-10
4.4327381e-10
4.4241072e-10
4.4110116e-10
4.4377979e-10
4.4363097e-10
4.4193457e-10
4.4294643e-10
4.434226e-10
4.4318457e-10
4.4279758e-10
4.4291665e-10
4.4113094e-10
4.4270831e-10
4.4264883e-10
4.4273812e-10
4.4348217e-10
4.4330356e-10
4.4369042e-10
4.4431547e-10
4.4264881e-10
4.4038695e-10
4.4202381e-10
4.4226189e-10
4.4062493e-10
4.4252979e-10
4.4386908e-10
4.4255952e-10
4.4250001e-10
4.4229168e-10
4.4241069e-10
4.4113094e-10
4.4163689e-10
4.4232143e-10
4.4116072e-10
4.430952e-10
4.4151788e-10
4.4077378e-10
4.4291668e-10
4.4157744e-10
4.4178575e-10
4.4250004e-10
4.4181547e-10
4.4249995e-10
4.4291668e-10
4.4184525e-10
4.416964e-10
4.410714e-10
4.4190479e-10
4.4300597e-10
4.4160714e-10
4.4267856e-10
4.4238099e-10
4.4142856e-10
4.433631e-10
4.410714e-10
4.4205364e-10
4.4330351e-10
4.4023807e-10
4.4125004e-10
4.4241072e-10
4.4116075e-10
4.4184528e-10
4.4139883e-10
4.4333331e-10
4.4113102e-10
4.4125001e-10
4.4130952e-10
4.4238094e-10
4.4190479e-10
4.4261905e-10
4.421131e-10
4.4184525e-10
4.4193454e-10
4.4238099e-10
4.4306545e-10
4.4071435e-10
4.4220241e-10
4.4145829e-10
4.4264883e-10
4.4113094e-10
4.40119e-10
4.4339293e-10
4.4244045e-10
4.4154758e-10
4.3949402e-10
4.4252974e-10
4.4133927e-10
4.4446427e-10
4.4238099e-10
4.4077386e-10
4.4226192e-10
4.4136897e-10
4.421131e-10
4.4291665e-10
4.4282733e-10
4.4047624e-10
4.4181553e-10
4.4285708e-10
4.4151788e-10
4.424405e-10
4.394643e-10
4.4119045e-10
4.4056547e-10
4.4151785e-10
4.4241069e-10
4.4205356e-10
4.4163687e-10
4.4285708e-10
4.4124995e-10
4.4336307e-10
4.4101192e-10
4.4273812e-10
4.4163689e-10
4.4098214e-10
4.4199405e-10
4.4032744e-10
4.423214e-10
4.4127973e-10
4.4086312e-10
4.4139878e-10
4.4047616e-10
4.4235118e-10
4.4238091e-10
4.4116072e-10
4.4220239e-10
4.4074402e-10
4.4312498e-10
4.4303569e-10
4.4285714e-10
4.4160714e-10
4.4059525e-10
4.4360121e-10
4.4178575e-10
4.4148815e-10
4.421726e-10
4.4130952e-10
4.4175597e-10
4.4107143e-10
4.4133927e-10
4.4122023e-10
4.4098214e-10
4.4202386e-10
4.4151785e-10
4.4157744e-10
4.4279758e-10
4.4327381e-10
4.4238091e-10
4.4431553e-10
4.4264875e-10
4.4241069e-10
4.4288692e-10
4.4241072e-10
4.4416665e-10
4.4247023e-10
4.4154763e-10
4.434226e-10
4.4208331e-10
4.4163687e-10
4.4360118e-10
4.4187498e-10
4.4291668e-10
4.4395834e-10
4.424405e-10
4.4282736e-10
4.4363099e-10
4.4315476e-10
4.4232148e-10
4.4279758e-10
4.4148812e-10
4.4357146e-10
4.4351189e-10
4.4348217e-10
4.438393e-10
4.4419643e-10
4.4360113e-10
4.430952e-10
4.4113099e-10
4.421726e-10
4.4354168e-10
4.4354162e-10
4.4285714e-10
4.4375001e-10
4.4300597e-10
4.4306547e-10
4.4169646e-10
4.4264881e-10
4.4264881e-10
4.4247023e-10
4.4363097e-10
4.4315471e-10
4.4327378e-10
4.4178575e-10
4.430952e-10
4.4312498e-10
4.4312495e-10
4.4374998e-10
4.4258924e-10
4.4154763e-10
4.4375001e-10
4.4249995e-10
4.4163687e-10
4.4113094e-10
4.4235121e-10
4.4226189e-10
4.421131e-10
4.4092263e-10
4.4208337e-10
4.4163689e-10
4.4270831e-10
4.4300588e-10
4.4261905e-10
4.4276785e-10
4.4196427e-10
4.423214e-10
4.4125001e-10
4.4190471e-10
4.4160714e-10
4.422917e-10
4.4086312e-10
4.4125004e-10
4.4208337e-10
4.4074408e-10
4.4193449e-10
4.4151779e-10
4.4142862e-10
4.4133933e-10
4.4107143e-10
4.4196427e-10
4.4285714e-10
4.4065471e-10
4.4098211e-10
4.4202381e-10
4.4026785e-10
4.4327378e-10
4.4202381e-10
4.4244045e-10
4.4157736e-10
4.4205356e-10
4.4151785e-10
4.4125004e-10
4.435714e-10
4.4333331e-10
4.4336315e-10
4.4261911e-10
4.4151788e-10
4.4154763e-10
4.4044637e-10
4.4282736e-10
4.4288692e-10
4.4473217e-10
4.4247023e-10
4.4071427e-10
4.4312498e-10
4.4306547e-10
4.4255952e-10
4.4136902e-10
4.407143e-10
4.4309525e-10
4.422322e-10
4.4074402e-10
4.4145834e-10
4.4336315e-10
4.4172618e-10
4.4184525e-10
4.4232143e-10
4.4247023e-10
4.4264881e-10
4.4220239e-10
4.4101192e-10
4.4145834e-10
4.4223217e-10
4.4279758e-10
4.4306547e-10
4.4437498e-10
4.4119053e-10
4.4255954e-10
4.4440482e-10
4.4127968e-10
4.4437495e-10
4.4133927e-10
4.4386902e-10
4.4178569e-10
4.4324405e-10
4.4324405e-10
4.41994e-10
4.4380957e-10
4.4273807e-10
4.41994e-10
4.4297624e-10
4.411905e-10
4.4133927e-10
4.4273812e-10
4.4136905e-10
4.4020834e-10
4.4214282e-10
4.4133933e-10
4.4065479e-10
4.4282736e-10
4.4229162e-10
4.4125004e-10
4.4261905e-10
4.4116072e-10
4.4375001e-10
4.4151785e-10
4.4142856e-10
4.4410711e-10
4.530952e-10
4.698214e-10
4.897619e-10
5.0863086e-10
5.303869e-10
5.4809518e-10
5.6357147e-10
5.7741067e-10
5.8973215e-10
6.0062494e-10
6.0901784e-10
6.1726202e-10
6.2181538e-10
6.3190475e-10
6.3464284e-10
6.4002975e-10
6.4392852e-10
6.5017852e-10
6.5244049e-10
6.5303574e-10
6.5785716e-10
6.5866068e-10
6.6181538e-10
6.6244049e-10
6.6342265e-10
6.6395839e-10
6.6532735e-10
6.6773809e-10
6.6788697e-10
6.6895839e-10
6.6895833e-10
6.6708339e-10
6.6880956e-10
6.7053574e-10
6.6952383e-10
6.7005951e-10
6.696429e-10
6.7014883e-10
6.7020833e-10
6.6860106e-10
6.6854167e-10
6.6854156e-10
6.6892847e-10
6.6723216e-10
6.6758926e-10
6.6806549e-10
6.6630956e-10
6.6633932e-10
6.6675598e-10
6.6455363e-10
6.6529765e-10
6.6559519e-10
6.6488098e-10
6.6428568e-10
6.6229167e-10
6.609821e-10
6.6148809e-10
6.6092259e-10
6.603571e-10
6.6014882e-10
6.5895833e-10
6.5830352e-10
6.5672612e-10
6.5622024e-10
6.5604161e-10
6.5538686e-10
6.5258926e-10
6.5336314e-10
6.5345235e-10
6.5318451e-10
6.4958333e-10
6.4880951e-10
6.4916672e-10
6.4851191e-10
6.4732142e-10
6.4586309e-10
6.4705352e-10
6.4666661e-10
6.4508932e-10
6.4529759e-10
6.4330358e-10
6.4386901e-10
6.427382e-10
6.4172623e-10
6.4142863e-10
6.4077377e-10
6.4026789e-10
6.384524e-10
6.3886907e-10
6.3851185e-10
6.3818462e-10
6.3797628e-10
6.3568451e-10
6.3425593e-10
6.345835e-10
6.3452377e-10
6.3214284e-10
6.3220235e-10
6.3145839e-10
6.2985123e-10
6.3065475e-10
6.2967265e-10
6.2803573e-10
6.2988093e-10
6.2693456e-10
6.26875e-10
6.2675604e-10
6.2839289e-10
6.2586303e-10
6.2455363e-10
6.2541661e-10
6.2613092e-10
6.2374994e-10
6.2440475e-10
6.2309524e-10
6.2464289e-10
6.2294642e-10
6.2261912e-10
6.2199407e-10
6.2157735e-10
6.2125005e-10
6.2026784e-10
6.1994049e-10
6.2148814e-10
6.2116062e-10
6.197321e-10
6.18125e-10
6.1877969e-10
6.16875e-10
6.1803573e-10
6.1627975e-10
6.1747024e-10
6.1672611e-10
6.1488098e-10
6.1351196e-10
6.1455357e-10
6.1333327e-10
6.1383931e-10
6.13125e-10
6.1139882e-10
6.1244043e-10
6.137203e-10
6.1035721e-10
6.1053573e-10
6.1059524e-10
6.0979161e-10
6.1026789e-10
6.0907751e-10
6.0773808e-10
6.069642e-10
6.0869043e-10
6.0663691e-10
6.0836314e-10
6.0583338e-10
6.0574407e-10
6.0482136e-10
6.0598221e-10
6.0505945e-10
6.0392857e-10
6.0300587e-10
6.044345e-10
6.0363092e-10
6.0178573e-10
6.0074407e-10
6.0041666e-10
6.002977e-10
6.0047622e-10
5.9839284e-10
5.9782729e-10
5.9803568e-10
5.9836308e-10
5.9934518e-10
5.9589278e-10
5.9630956e-10
5.9675598e-10
5.9410715e-10
5.9520827e-10
5.9306549e-10
5.9392846e-10
5.9297622e-10
5.9264876e-10
5.9229166e-10
5.9279764e-10
5.9053573e-10
5.9169647e-10
5.925595e-10
5.9142857e-10
5.9110128e-10
5.904166e-10
5.8839272e-10
5.8943456e-10
5.8880956e-10
5.8892852e-10
5.8919641e-10
5.8744043e-10
5.8630956e-10
5.8705357e-10
5.8877969e-10
5.8657734e-10
5.8461308e-10
5.8535715e-10
5.8482136e-10
5.8452382e-10
5.8318456e-10
5.8404759e-10
5.8532734e-10
5.841071e-10
5.8273808e-10
5.8297617e-10
5.8229166e-10
5.8303573e-10
5.8351191e-10
5.8247024e-10
5.8324395e-10
5.8104166e-10
5.8199412e-10
5.8196425e-10
5.7979171e-10
5.8124999e-10
5.7860117e-10
5.7874994e-10
5.7830363e-10
5.7821431e-10
5.7851191e-10
5.781845e-10
5.7645833e-10
5.766071e-10
5.7577371e-10
5.7485117e-10
5.7586308e-10
5.7610122e-10
5.7532745e-10
5.7520827e-10
5.7470245e-10
5.7511912e-10
5.7461313e-10
5.7330346e-10
5.7345229e-10
5.7306543e-10
5.7244054e-10
5.7241073e-10
5.7133931e-10
5.7080357e-10
5.7119048e-10
5.7110122e-10
5.7145833e-10
5.6842253e-10
5.7062499e-10
5.6967264e-10
5.7059524e-10
5.688095e-10
5.684524e-10
5.6806537e-10
5.6919641e-10
5.6741073e-10
5.6866073e-10
5.6711308e-10
5.6779764e-10
5.6866073e-10
5.669048e-10
5.6705357e-10
5.6705357e-10
5.6761901e-10
5.6752975e-10
5.6604171e-10
5.6636906e-10
5.6491067e-10
5.6497018e-10
5.6642857e-10
5.644048e-10
5.6369054e-10
5.6389887e-10
5.641666e-10
5.6467264e-10
5.6357136e-10
5.615774e-10
5.6223215e-10
5.6184524e-10
5.6446425e-10
5.6276789e-10
5.6315469e-10
5.6181548e-10
5.6202376e-10
5.6294647e-10
5.6291666e-10
5.6187505e-10
5.6163679e-10
5.612798e-10
5.6190469e-10
5.6014882e-10
5.6229166e-10
5.6038696e-10
5.6175598e-10
5.5958332e-10
5.5886906e-10
5.6011895e-10
5.6244048e-10
5.6110122e-10
5.5824406e-10
5.6000005e-10
5.584524e-10
5.5916666e-10
5.6098226e-10
5.587798e-10
5.5803567e-10
5.5860117e-10
5.5967259e-10
5.5964289e-10
5.5672611e-10
5.5690469e-10
5.5797617e-10
5.5672617e-10
5.5616067e-10
5.5556548e-10
5.5669641e-10
5.5708327e-10
5.5645843e-10
5.5580357e-10
5.5598215e-10
5.5482147e-10
5.556845e-10
5.5416666e-10
5.5559524e-10
5.5404759e-10
5.538095e-10
5.5619054e-10
5.5511906e-10
5.5318455e-10
5.5348215e-10
5.5285709e-10
5.5306543e-10
5.5133931e-10
5.5089289e-10
5.5122024e-10
5.5133936e-10
5.5294647e-10
5.5238097e-10
5.5187493e-10
5.4964283e-10
5.5041671e-10
5.5020832e-10
5.5080362e-10
5.4958327e-10
5.5002974e-10
5.4958338e-10
5.5056548e-10
5.4836308e-10
5.4833332e-10
5.4749999e-10
5.4776778e-10
5.4735111e-10
5.4824401e-10
5.4616067e-10
5.4758925e-10
5.4672616e-10
5.459227e-10
5.4511906e-10
5.4723209e-10
5.4723215e-10
5.4422616e-10
5.4595234e-10
5.469642e-10
5.4559518e-10
5.4544647e-10
5.4553578e-10
5.4550597e-10
5.4574406e-10
5.4455357e-10
5.4494043e-10
5.4497024e-10
5.4488097e-10
5.4410715e-10
5.4517862e-10
5.4425592e-10
5.4523813e-10
5.4401789e-10
5.4446431e-10
5.4345234e-10
5.4395832e-10
5.4342264e-10
5.435119e-10
5.4440474e-10
5.4163685e-10
5.4437493e-10
5.4291671e-10
5.4187504e-10
5.4178573e-10
5.4348215e-10
5.4440474e-10
5.4175597e-10
5.4208327e-10
5.4395827e-10
5.4119048e-10
5.4163685e-10
5.4187499e-10
5.4071431e-10
5.3910715e-10
5.3860116e-10
5.4035709e-10
5.3877974e-10
5.3845239e-10
5.3961308e-10
5.3785715e-10
5.3744043e-10
5.3657734e-10
5.3785715e-10
5.356845e-10
5.3758925e-10
5.3696425e-10
5.3610116e-10
5.3726196e-10
5.3714289e-10
5.3806548e-10
5.3761895e-10
5.36994e-10
5.3776777e-10
5.3604171e-10
5.3619048e-10
5.3648808e-10
5.3622029e-10
5.3809524e-10
5.3529758e-10
5.3404769e-10
5.3547622e-10
5.3407739e-10
5.3505944e-10
5.3392857e-10
5.3494054e-10
5.3422622e-10
5.3428573e-10
5.3419641e-10
5.3196425e-10
5.3095239e-10
5.3252974e-10
5.3321425e-10
5.3062504e-10
5.3181543e-10
5.3217269e-10
5.31369e-10
5.310416e-10
5.3008931e-10
5.2928573e-10
5.3241073e-10
5.3098209e-10
5.3211308e-10
5.2997029e-10
5.3005944e-10
5.297619e-10
5.2988092e-10
5.303869e-10
5.2907745e-10
5.2916665e-10
5.2949412e-10
5.3017857e-10
5.2931548e-10
5.272619e-10
5.3071425e-10
5.2904764e-10
5.2877974e-10
5.288095e-10
5.2747029e-10
5.2842258e-10
5.3014881e-10
5.2961308e-10
5.3026783e-10
5.2747023e-10
5.2720239e-10
5.2907739e-10
5.3098215e-10
5.2991078e-10
5.291369e-10
5.2821425e-10
5.2940469e-10
5.2654769e-10
5.2785715e-10
5.2863092e-10
5.2723215e-10
5.2714288e-10
5.2773813e-10
5.2616078e-10
5.2857141e-10
5.2616073e-10
5.2601201e-10
5.2928567e-10
5.2645832e-10
5.2669646e-10
5.2702381e-10
5.2702381e-10
5.2619048e-10
5.2482146e-10
5.2809518e-10
5.2511906e-10
5.2666665e-10
5.2568455e-10
5.2446425e-10
5.256845e-10
5.2583338e-10
5.2464283e-10
5.2321425e-10
5.2369048e-10
5.2452381e-10
5.2258936e-10
5.2348215e-10
5.2232146e-10
5.2321425e-10
5.2339283e-10
5.2431542e-10
5.2169635e-10
5.2208327e-10
5.2333332e-10
5.2279758e-10
5.2255955e-10
5.2142857e-10
5.2261906e-10
5.2089277e-10
5.2050597e-10
5.216666e-10
5.228869e-10
5.2092264e-10
5.2291671e-10
5.2032739e-10
5.2264876e-10
5.2124999e-10
5.2214294e-10
5.2148807e-10
5.2184523e-10
5.2011911e-10
5.2139881e-10
5.2020832e-10
5.1833332e-10
5.2089283e-10
5.1818444e-10
5.197916e-10
5.2032734e-10
5.1791665e-10
5.1830357e-10
5.1779769e-10
5.191369e-10
5.1845239e-10
5.1738092e-10
5.1955357e-10
5.1776788e-10
5.1556542e-10
5.1723215e-10
5.1654764e-10
5.1782739e-10
5.1839283e-10
5.1681548e-10
5.1770827e-10
5.1761906e-10
5.175893e-10
5.1598215e-10
5.1764881e-10
5.16994e-10
5.1633925e-10
5.1660709e-10
5.1776783e-10
5.1517857e-10
5.1690474e-10
5.15744e-10
5.1654764e-10
5.1559523e-10
5.1675592e-10
5.172619e-10
5.162798e-10
5.1642857e-10
5.16369e-10
5.1526783e-10
5.1675597e-10
5.1738092e-10
5.159822e-10
5.1577381e-10
5.1443455e-10
5.1520826e-10
5.1627974e-10
5.1720239e-10
5.1657745e-10
5.1532739e-10
5.1354165e-10
5.1309523e-10
5.147619e-10
5.1363103e-10
5.1300592e-10
5.1312499e-10
5.1461313e-10
5.1494053e-10
5.1494048e-10
5.1467264e-10
5.144048e-10
5.1282739e-10
5.1491073e-10
5.1419641e-10
5.1270838e-10
5.1318449e-10
5.1437504e-10
5.1294646e-10
5.1258925e-10
5.1229171e-10
5.1324406e-10
5.1348215e-10
5.1380949e-10
5.1238092e-10
5.1193449e-10
5.1208326e-10
5.1321425e-10
5.1220239e-10
5.1428578e-10
5.1142862e-10
5.1229165e-10
5.1110116e-10
5.1166671e-10
5.1020832e-10
5.1101195e-10
5.122619e-10
5.1044641e-10
5.1294641e-10
5.1232141e-10
5.1062504e-10
5.1119048e-10
5.1148807e-10
5.1044646e-10
5.1023802e-10
5.1104165e-10
5.0955357e-10
5.0994048e-10
5.1047611e-10
5.1053567e-10
5.1077376e-10
5.1011906e-10
5.1023807e-10
5.0732141e-10
5.0994048e-10
5.1098209e-10
5.1202376e-10
5.1113097e-10
5.087798e-10
5.1136906e-10
5.1053561e-10
5.1130949e-10
5.10119e-10
5.1086313e-10
5.1062499e-10
5.1193455e-10
5.1086319e-10
5.107143e-10
5.1151777e-10
5.1056548e-10
5.097619e-10
5.1032739e-10
5.100893e-10
5.1047622e-10
5.1032739e-10
5.0919646e-10
5.1154758e-10
5.0821419e-10
5.106548e-10
5.1044646e-10
5.0809518e-10
5.0931548e-10
5.0877974e-10
5.0869042e-10
5.0830357e-10
5.08244e-10
5.0886906e-10
5.0714288e-10
5.0645826e-10
5.0741072e-10
5.0767857e-10
5.0791665e-10
5.0696425e-10
5.0744042e-10
5.0803567e-10
5.0910715e-10
5.0845239e-10
5.0690474e-10
5.0874999e-10
5.0604165e-10
5.0794646e-10
5.060119e-10
5.0711307e-10
5.0791665e-10
5.0580357e-10
5.0622023e-10
5.060416e-10
5.0654758e-10
5.0574406e-10
5.0657739e-10
5.0532734e-10
5.0529758e-10
5.0648807e-10
5.0630949e-10
5.0547616e-10
5.0541665e-10
5.0455362e-10
5.0532734e-10
5.0434529e-10
5.0431548e-10
5.0547611e-10
5.0508941e-10
5.0624999e-10
5.0455362e-10
5.0592258e-10
5.0348214e-10
5.0601195e-10
5.0488091e-10
5.0523807e-10
5.0544646e-10
5.0354165e-10
5.0398807e-10
5.0422611e-10
5.0407734e-10
5.0372023e-10
5.0336313e-10
5.0232135e-10
5.0315474e-10
5.0306553e-10
5.0291671e-10
5.0333332e-10
5.0255949e-10
5.0306553e-10
5.0244048e-10
5.0279764e-10
5.0208337e-10
5.032143e-10
5.0249999e-10
5.0285709e-10
5.0318455e-10
5.0273807e-10
5.0351184e-10
5.0086313e-10
5.0071425e-10
5.0095234e-10
5.0175603e-10
5.0116067e-10
5.0002974e-10
5.0050603e-10
5.0232146e-10
5.0005955e-10
5.0172616e-10
5.0139881e-10
5.0336313e-10
5.0029764e-10
4.9955357e-10
5.0029758e-10
4.9985122e-10
5.0005949e-10
4.9997029e-10
4.9994048e-10
4.9889876e-10
4.9967264e-10
4.9931542e-10
4.9940468e-10
4.9910714e-10
4.9916665e-10
4.9919635e-10
4.9919646e-10
4.98244e-10
4.9827376e-10
4.9669646e-10
4.987798e-10
4.9830351e-10
4.9705356e-10
4.966369e-10
4.9907739e-10
4.9717258e-10
4.9875004e-10
4.9782728e-10
4.9877974e-10
4.991369e-10
4.9675597e-10
4.9708337e-10
5.000893e-10
4.9633925e-10
4.9732146e-10
4.9547616e-10
4.9681548e-10
4.9681553e-10
4.975893e-10
4.9809518e-10
4.9684529e-10
4.9523807e-10
4.9708337e-10
4.9803572e-10
4.9654758e-10
4.9797616e-10
4.9752968e-10
4.9669646e-10
4.9708332e-10
4.994643e-10
4.9782733e-10
4.9821425e-10
4.9770826e-10
4.9589288e-10
4.9648802e-10
4.9648813e-10
4.9627974e-10
4.9568449e-10
4.9589283e-10
4.9642856e-10
4.972619e-10
4.9654758e-10
4.9523813e-10
4.9705356e-10
4.9500004e-10
4.9571425e-10
4.9485116e-10
4.9485116e-10
4.9538695e-10
4.9499999e-10
4.9419641e-10
4.9428572e-10
4.9428567e-10
4.9488091e-10
4.9351195e-10
4.9431548e-10
4.9592264e-10
4.9482146e-10
4.9494048e-10
4.9592258e-10
4.9413695e-10
4.9425597e-10
4.9508925e-10
4.9529758e-10
4.9354171e-10
4.9354165e-10
4.9401783e-10
4.9252985e-10
4.9455356e-10
4.9479171e-10
4.9431542e-10
4.9500004e-10
4.9339283e-10
4.944346e-10
4.9413684e-10
4.9119053e-10
4.9241072e-10
4.9354165e-10
4.9380955e-10
4.9252974e-10
4.9258936e-10
4.9366067e-10
4.9214277e-10
4.9345228e-10
4.9437499e-10
4.9241067e-10
4.9267851e-10
4.9229176e-10
4.9125004e-10
4.9139876e-10
4.9205356e-10
4.9151783e-10
4.9220239e-10
4.9279758e-10
4.9235116e-10
4.9011906e-10
4.9086313e-10
4.9130949e-10
4.9116072e-10
4.9157733e-10
4.9235122e-10
4.9270837e-10
4.9014875e-10
4.9187499e-10
4.9062499e-10
4.9047622e-10
4.9172616e-10
4.9163684e-10
4.910119e-10
4.9086307e-10
4.8982146e-10
4.9077381e-10
4.9205351e-10
4.9098209e-10
4.9095245e-10
4.8934523e-10
4.9136906e-10
4.9235122e-10
4.9130949e-10
4.9172622e-10
4.8866072e-10
4.9095228e-10
4.907143e-10
4.9107146e-10
4.9113102e-10
4.9110116e-10
4.9202381e-10
4.9193449e-10
4.9175597e-10
4.9122023e-10
4.9041665e-10
4.9252974e-10
4.9122018e-10
4.9205362e-10
4.9110127e-10
4.9020832e-10
4.9116072e-10
4.9130949e-10
4.9020837e-10
4.9086313e-10
4.9032728e-10
4.9139881e-10
4.9056537e-10
4.9071425e-10
4.9032739e-10
4.9056548e-10
4.8949406e-10
4.894643e-10
4.9119048e-10
4.8839288e-10
4.9020837e-10
4.8985127e-10
4.8928567e-10
4.8892856e-10
4.8904764e-10
4.8723203e-10
4.8809518e-10
4.8797616e-10
4.8696425e-10
4.8675597e-10
4.8645826e-10
4.8857141e-10
4.8633925e-10
4.8764881e-10
4.8723214e-10
4.8800586e-10
4.8869048e-10
4.8681548e-10
4.8836313e-10
4.8744042e-10
4.8747023e-10
4.8681548e-10
4.8791665e-10
4.8779758e-10
4.8895843e-10
4.8651794e-10
4.8714288e-10
4.8839288e-10
4.8535709e-10
4.8785714e-10
4.872619e-10
4.8889881e-10
4.8636906e-10
4.8586302e-10
4.8776777e-10
4.860416e-10
4.8684523e-10
4.8857141e-10
4.8773807e-10
4.857143e-10
4.8815474e-10
4.8595244e-10
4.8553567e-10
4.8651783e-10
4.8720239e-10
4.8690485e-10
4.8708337e-10
4.8690479e-10
4.8690474e-10
4.857143e-10
4.8654764e-10
4.8488097e-10
4.8476195e-10
4.856251e-10
4.8458332e-10
4.8532739e-10
4.8452381e-10
4.8440479e-10
4.8485127e-10
4.8425591e-10
4.8556548e-10
4.8508925e-10
4.8559529e-10
4.8702381e-10
4.8633925e-10
4.8625004e-10
4.8639887e-10
4.8589283e-10
4.857143e-10
4.8583332e-10
4.8696425e-10
4.8616078e-10
4.8532739e-10
4.8660714e-10
4.8827387e-10
4.8616072e-10
4.857143e-10
4.8604171e-10
4.8559518e-10
4.8419641e-10
4.8491078e-10
4.8452375e-10
4.8520837e-10
4.8425591e-10
4.8401788e-10
4.844346e-10
4.8476184e-10
4.8565479e-10
4.8479165e-10
4.8473209e-10
4.8550597e-10
4.8538684e-10
4.8467258e-10
4.8464288e-10
4.8375004e-10
4.8449406e-10
4.8377979e-10
4.8476184e-10
4.8380955e-10
4.8550597e-10
4.8583332e-10
4.8482141e-10
4.8583332e-10
4.8553578e-10
4.8351184e-10
4.8452381e-10
4.8291665e-10
4.8404758e-10
4.8559523e-10
4.8476195e-10
4.8538695e-10
4.8556548e-10
4.831846e-10
4.857143e-10
4.857143e-10
4.8404764e-10
4.8565479e-10
4.8375004e-10
4.8449406e-10
4.832143e-10
4.8264881e-10
4.847619e-10
4.8488091e-10
4.8633936e-10
4.8294646e-10
4.8389881e-10
4.8300591e-10
4.8583326e-10
4.8348209e-10
4.8235116e-10
4.8214288e-10
4.847619e-10
4.8345244e-10
4.8348214e-10
4.8354165e-10
4.8255949e-10
4.828869e-10
4.8279758e-10
4.8297621e-10
4.8333332e-10
4.8401788e-10
4.8267856e-10
4.8342264e-10
4.8303567e-10
4.8199411e-10
4.82619e-10
4.8461313e-10
4.8273813e-10
4.8190474e-10
4.8080351e-10
4.8163684e-10
4.8255949e-10
4.8166665e-10
4.8092264e-10
4.8139881e-10
4.8005949e-10
4.8041665e-10
4.8142851e-10
4.8059523e-10
4.7991072e-10
4.8041671e-10
4.7997029e-10
4.8139887e-10
4.8122017e-10
4.816369e-10
4.7988097e-10
4.797619e-10
4.8166671e-10
4.8178567e-10
4.8035714e-10
4.8095239e-10
4.8110127e-10
4.8157733e-10
4.8017851e-10
4.7952387e-10
4.8020832e-10
4.8020832e-10
4.7943455e-10
4.8059523e-10
4.8160714e-10
4.8062493e-10
4.816072e-10
4.797619e-10
4.7961307e-10
4.8041671e-10
4.8020832e-10
4.7937504e-10
4.812501e-10
4.810416e-10
4.8002974e-10
4.8032739e-10
4.8148813e-10
4.8026788e-10
4.7735121e-10
4.8059523e-10
4.7895843e-10
4.7976195e-10
4.797619e-10
4.7869048e-10
4.7943455e-10
4.8059523e-10
4.8083332e-10
4.8104165e-10
4.7937504e-10
4.7863091e-10
4.7812498e-10
4.7985121e-10
4.8041671e-10
4.7940479e-10
4.8142851e-10
4.8080356e-10
4.803572e-10
4.8098214e-10
4.8002979e-10
4.8145832e-10
4.7892862e-10
4.7910714e-10
4.8074394e-10
4.7988091e-10
4.8077381e-10
4.7961307e-10
4.8050597e-10
4.8056542e-10
4.7985121e-10
4.7985116e-10
4.8044652e-10
4.8065485e-10
4.8035725e-10
4.7898813e-10
4.8187498e-10
4.8151788e-10
4.8133925e-10
4.7922621e-10
4.7919646e-10
4.7803578e-10
4.7999998e-10
4.7952375e-10
4.7937493e-10
4.7854165e-10
4.7961307e-10
4.8083332e-10
4.7776777e-10
4.7922616e-10
4.7910709e-10
4.7931548e-10
4.7854165e-10
4.7764881e-10
4.7901783e-10
4.7836313e-10
4.7860116e-10
4.7842263e-10
4.7821419e-10
4.7824406e-10
4.7568455e-10
4.7860121e-10
4.7803572e-10
4.7696425e-10
4.7964288e-10
4.7857146e-10
4.7744048e-10
4.7678567e-10
4.7681548e-10
4.7738086e-10
4.7860116e-10
4.7732152e-10
4.7764881e-10
4.7672621e-10
4.7872023e-10
4.7687504e-10
4.7830356e-10
4.772619e-10
4.785119e-10
4.7735116e-10
4.7696419e-10
4.7619053e-10
4.766666e-10
4.7803572e-10
4.7651777e-10
4.7874993e-10
4.7800597e-10
4.772619e-10
4.7779763e-10
4.7744042e-10
4.7928567e-10
4.7898802e-10
4.7744042e-10
4.7818455e-10
4.775893e-10
4.7699406e-10
4.7895832e-10
4.7705362e-10
4.778869e-10
4.785119e-10
4.7699406e-10
4.7607146e-10
4.766964e-10
4.7613091e-10
4.7708332e-10
4.769643e-10
4.7821425e-10
4.7720239e-10
4.7779763e-10
4.7809523e-10
4.7648813e-10
4.7779763e-10
4.7761911e-10
4.7806548e-10
4.7880955e-10
4.78244e-10
4.7654763e-10
4.7616072e-10
4.7589283e-10
4.757143e-10
4.7553572e-10
4.7666665e-10
4.7624998e-10
4.760714e-10
4.7642856e-10
4.7675591e-10
4.7720233e-10
4.7907739e-10
4.766369e-10
4.7702375e-10
4.7755949e-10
4.7517856e-10
4.7747023e-10
4.7791665e-10
4.7654769e-10
4.7812498e-10
4.7684529e-10
4.7821425e-10
4.7744053e-10
4.775893e-10
4.7729171e-10
4.7735127e-10
4.7657739e-10
4.7750004e-10
4.7729165e-10
4.7779763e-10
4.7702375e-10
4.7532739e-10
4.7744048e-10
4.760416e-10
4.7749998e-10
4.772619e-10
4.753869e-10
4.7848203e-10
4.7809523e-10
4.7726201e-10
4.7583332e-10
4.7625004e-10
4.7657733e-10
4.7648813e-10
4.7613102e-10
4.7773807e-10
4.759822e-10
4.7648807e-10
4.7630955e-10
4.7488086e-10
4.7755949e-10
4.7675597e-10
4.7586313e-10
4.7669635e-10
4.7687504e-10
4.7773807e-10
4.7622017e-10
4.7639875e-10
4.7565468e-10
4.7735121e-10
4.7708337e-10
4.7726184e-10
4.772619e-10
4.7586318e-10
4.7407739e-10
4.766072e-10
4.7559523e-10
4.76369e-10
4.7723214e-10
4.7607135e-10
4.7565479e-10
4.7711307e-10
4.7505949e-10
4.7636906e-10
4.7622023e-10
4.7342263e-10
4.7684523e-10
4.7607146e-10
4.747619e-10
4.7547616e-10
4.7565479e-10
4.7508936e-10
4.7428572e-10
4.7491072e-10
4.7416671e-10
4.7526783e-10
4.7678572e-10
4.7416659e-10
4.7595239e-10
4.7238097e-10
4.7491067e-10
4.769346e-10
4.7535709e-10
4.7491067e-10
4.7437498e-10
4.7517851e-10
4.7502974e-10
4.7508936e-10
4.7535714e-10
4.7360121e-10
4.7386906e-10
4.741964e-10
4.7523802e-10
4.7526783e-10
4.7345239e-10
4.7532744e-10
4.7383936e-10
4.7476195e-10
4.7229171e-10
4.7398813e-10
4.7345239e-10
4.7285714e-10
4.7395832e-10
4.732143e-10
4.7249998e-10
4.7276788e-10
4.7345239e-10
4.7342263e-10
4.7428578e-10
4.7297616e-10
4.7354165e-10
4.7345239e-10
4.7255949e-10
4.7354165e-10
4.7386911e-10
4.7372029e-10
4.7461307e-10
4.7520832e-10
4.738393e-10
4.7657739e-10
4.7339288e-10
4.7425597e-10
4.7407739e-10
4.7306548e-10
4.7333337e-10
4.7422621e-10
4.7404758e-10
4.7398807e-10
4.7336313e-10
4.7494048e-10
4.7348214e-10
4.7345233e-10
4.7294635e-10
4.7145832e-10
4.7291665e-10
4.7279769e-10
4.7252985e-10
4.7372023e-10
4.728869e-10
4.7348214e-10
4.7229165e-10
4.7264881e-10
4.7190474e-10
4.7297621e-10
4.7241067e-10
4.7461313e-10
4.7395832e-10
4.7238091e-10
4.7247023e-10
4.729464e-10
4.7181548e-10
4.7249998e-10
4.7303572e-10
4.7321425e-10
4.7285714e-10
4.7252979e-10
4.7380955e-10
4.7086313e-10
4.7214288e-10
4.723214e-10
4.7223214e-10
4.7244048e-10
4.7113091e-10
4.732143e-10
4.7229165e-10
4.7068449e-10
4.7229165e-10
4.7101195e-10
4.709525e-10
4.7202375e-10
4.7178572e-10
4.7193455e-10
4.7348209e-10
4.7205356e-10
4.7071425e-10
4.7083332e-10
4.7130944e-10
4.7279763e-10
4.7214282e-10
4.7306553e-10
4.7029758e-10
4.7187504e-10
4.7041665e-10
4.7208332e-10
4.7142851e-10
4.7083326e-10
4.703869e-10
4.7151782e-10
4.7223209e-10
4.6842263e-10
4.6830351e-10
4.6910709e-10
4.7017856e-10
4.6910714e-10
4.6999998e-10
4.7035714e-10
4.6898802e-10
4.7068455e-10
4.6994048e-10
4.6943455e-10
4.6898813e-10
4.6922616e-10
4.7002979e-10
4.7214288e-10
4.7029763e-10
4.7017862e-10
4.6970239e-10
4.7110121e-10
4.7023802e-10
4.7050597e-10
4.70119e-10
4.7139881e-10
4.7089282e-10
4.7110121e-10
4.6937493e-10
4.7092263e-10
4.7113102e-10
4.7029769e-10
4.7157733e-10
4.6985121e-10
4.6940474e-10
4.7127974e-10
4.7002979e-10
4.7062504e-10
4.7056553e-10
4.6973209e-10
4.7083337e-10
4.7130949e-10
4.7065479e-10
4.7038695e-10
4.7119048e-10
4.7044652e-10
4.7127979e-10
4.6904763e-10
4.7068449e-10
4.7017856e-10
4.6988097e-10
4.7077381e-10
4.703869e-10
4.6907733e-10
4.7047621e-10
4.6940474e-10
4.685119e-10
4.7059523e-10
4.6892862e-10
4.6889886e-10
4.6845239e-10
4.7065479e-10
4.6869042e-10
4.6922616e-10
4.6827381e-10
4.6904763e-10
4.6880949e-10
4.6872028e-10
4.6872023e-10
4.6967263e-10
4.6845239e-10
4.6755949e-10
4.7014881e-10
4.678869e-10
4.6877979e-10
4.6949405e-10
4.6800591e-10
4.6776782e-10
4.6752979e-10
4.6845239e-10
4.6752974e-10
4.6770832e-10
4.6818449e-10
4.6761905e-10
4.6877979e-10
4.6705362e-10
4.6782733e-10
4.6690474e-10
4.6645832e-10
4.682737e-10
4.6761905e-10
4.6874998e-10
4.6645832e-10
4.6684523e-10
4.6744048e-10
4.6794646e-10
4.6773807e-10
4.6842252e-10
4.6625004e-10
4.6630955e-10
4.6613091e-10
4.6788684e-10
4.6845239e-10
4.6738091e-10
4.666964e-10
4.6553567e-10
4.6752974e-10
4.6657739e-10
4.6619053e-10
4.66994e-10
4.6571424e-10
4.6749998e-10
4.6690474e-10
4.6595233e-10
4.666964e-10
4.6589282e-10
4.660714e-10
4.6702381e-10
4.6586313e-10
4.6648813e-10
4.661011e-10
4.6720239e-10
4.6571424e-10
4.6613091e-10
4.6601184e-10
4.6755955e-10
4.6708337e-10
4.660714e-10
4.660119e-10
4.6758925e-10
4.659822e-10
4.6657733e-10
4.6687498e-10
4.6577381e-10
4.6773813e-10
4.68244e-10
4.6532742e-10
4.6874998e-10
4.669643e-10
4.6827381e-10
4.6818449e-10
4.6639881e-10
4.6809528e-10
4.6627974e-10
4.6514875e-10
4.6672621e-10
4.6550594e-10
4.6788684e-10
4.6690474e-10
4.6562496e-10
4.6720239e-10
4.657143e-10
4.6738091e-10
4.6553567e-10
4.6666665e-10
4.6550599e-10
4.666369e-10
4.6708337e-10
4.6702381e-10
4.6619048e-10
4.66369e-10
4.6610121e-10
4.6675591e-10
4.675893e-10
4.673214e-10
4.6541665e-10
4.6595239e-10
4.6773801e-10
4.6708337e-10
4.6639875e-10
4.6639881e-10
4.6482146e-10
4.666964e-10
4.6437496e-10
4.6684523e-10
4.6497023e-10
4.6508924e-10
4.660119e-10
4.654464e-10
4.6479162e-10
4.650893e-10
4.6610121e-10
4.6639875e-10
4.6559517e-10
4.6577381e-10
4.6610121e-10
4.6672616e-10
4.6535711e-10
4.6580362e-10
4.6517853e-10
4.6657739e-10
4.6520832e-10
4.6369056e-10
4.6476195e-10
4.6354162e-10
4.6470236e-10
4.6407744e-10
4.6526788e-10
4.65119e-10
4.6241078e-10
4.659822e-10
4.6255952e-10
4.6428572e-10
4.6559523e-10
4.6431547e-10
4.6428567e-10
4.6443449e-10
4.6455356e-10
4.6553572e-10
4.63244e-10
4.6568449e-10
4.6404763e-10
4.6470239e-10
4.633631e-10
4.6366072e-10
4.6389881e-10
4.6482146e-10
4.6285709e-10
4.6288692e-10
4.6369047e-10
4.6291668e-10
4.6461315e-10
4.6502974e-10
4.6547616e-10
4.6508922e-10
4.6434526e-10
4.6261903e-10
4.6285722e-10
4.6336315e-10
4.6383924e-10
4.6363097e-10
4.6517862e-10
4.6434523e-10
4.639881e-10
4.6461307e-10
4.6437498e-10
4.6529755e-10
4.6476187e-10
4.6377974e-10
4.6589288e-10
4.638393e-10
4.6455351e-10
4.6485121e-10
4.623214e-10
4.6297624e-10
4.6488097e-10
4.6223217e-10
4.6226192e-10
4.6238094e-10
4.6565476e-10
4.639881e-10
4.6312504e-10
4.633631e-10
4.6151785e-10
4.6315485e-10
4.6383924e-10
4.6437504e-10
4.6205356e-10
4.6386908e-10
4.630952e-10
4.6377974e-10
4.6255955e-10
4.6369047e-10
4.6375001e-10
4.6145829e-10
4.6255952e-10
4.6422616e-10
4.6255946e-10
4.6116064e-10
4.6205365e-10
4.6309517e-10
4.6279766e-10
4.6339282e-10
4.6255955e-10
4.6229162e-10
4.6232143e-10
4.637202e-10
4.6190471e-10
4.6294643e-10
4.623214e-10
4.6294638e-10
4.622917e-10
4.6190476e-10
4.6205356e-10
4.6300594e-10
4.6309526e-10
4.6196436e-10
4.6133924e-10
4.6270834e-10
4.6258933e-10
4.6208332e-10
4.6086313e-10
4.6080359e-10
4.6443446e-10
4.6175602e-10
4.6193457e-10
4.6104173e-10
4.6276785e-10
4.6264875e-10
4.6026785e-10
4.6288684e-10
4.610714e-10
4.6208332e-10
4.6083332e-10
4.6178567e-10
4.6377974e-10
4.6229168e-10
4.6211307e-10
4.6217266e-10
4.6264875e-10
4.643749e-10
4.6196427e-10
4.6404763e-10
4.6214282e-10
4.6196427e-10
4.6267856e-10
4.616964e-10
4.5946424e-10
4.6211307e-10
4.6116075e-10
4.6208332e-10
4.6327381e-10
4.6139878e-10
4.6229168e-10
4.6235119e-10
4.6330359e-10
4.6247023e-10
4.6282736e-10
4.627084e-10
4.6151785e-10
4.6139884e-10
4.6404761e-10
4.6375001e-10
4.6318455e-10
4.6098211e-10
4.616369e-10
4.6160717e-10
4.61994e-10
4.6389881e-10
4.6184526e-10
4.6252974e-10
4.6110121e-10
4.6235121e-10
4.6142856e-10
4.6178569e-10
4.6178569e-10
4.6160717e-10
4.6077381e-10
4.6267853e-10
4.6270832e-10
4.6020829e-10
4.6166668e-10
4.6178569e-10
4.6122023e-10
4.6041665e-10
4.6133924e-10
4.610417e-10
4.6270834e-10
4.6154763e-10
4.6247028e-10
4.6080359e-10
4.6279763e-10
4.6214282e-10
4.6279758e-10
4.6247023e-10
4.6199408e-10
4.6068449e-10
4.6059526e-10
4.6139884e-10
4.622917e-10
4.6154758e-10
4.6130952e-10
4.6133927e-10
4.6130946e-10
4.6190476e-10
4.6095239e-10
4.6202381e-10
4.6208337e-10
4.6270834e-10
4.6211315e-10
4.6113094e-10
4.6232149e-10
4.6187498e-10
4.6125001e-10
4.6130952e-10
4.6321427e-10
4.6273804e-10
4.6139884e-10
4.616964e-10
4.6068452e-10
4.6190476e-10
4.6300597e-10
4.6154758e-10
4.6205356e-10
4.6223211e-10
4.6184526e-10
4.6065476e-10
4.6232143e-10
4.6193457e-10
4.6208332e-10
4.6252979e-10
4.6232149e-10
4.6166665e-10
4.5985116e-10
4.6127974e-10
4.5994045e-10
4.6124995e-10
4.6005955e-10
4.6062501e-10
4.6220233e-10
4.6122026e-10
4.6092263e-10
4.616369e-10
4.621131e-10
4.6116075e-10
4.5967263e-10
4.6047618e-10
4.608334e-10
4.6211307e-10
4.6116072e-10
4.6264881e-10
4.6241069e-10
4.6160717e-10
4.6122026e-10
4.6303569e-10
4.6160709e-10
4.6136903e-10
4.6056547e-10
4.611905e-10
4.6267856e-10
4.6083332e-10
4.6056547e-10
4.6264884e-10
4.6208329e-10
4.6267853e-10
4.6166665e-10
4.6095242e-10
4.6148813e-10
4.6005946e-10
4.6041668e-10
4.6119045e-10
4.6020834e-10
4.619643e-10
4.6241072e-10
4.6238094e-10
4.6092263e-10
4.6229162e-10
4.6217269e-10
4.6178569e-10
4.6148807e-10
4.5985116e-10
4.6190479e-10
4.6199408e-10
4.6130952e-10
4.6142856e-10
4.6092263e-10
4.611905e-10
4.5934523e-10
4.6041665e-10
4.6178567e-10
4.6279766e-10
4.6026788e-10
4.6235119e-10
4.6092263e-10
4.6011905e-10
4.6050599e-10
4.6127968e-10
4.6154758e-10
4.6166659e-10
4.6080359e-10
4.6071427e-10
4.6122023e-10
4.6214288e-10
4.5988097e-10
4.6122026e-10
4.604761e-10
4.6160714e-10
4.6017856e-10
4.618452e-10
4.6127976e-10
4.6023801e-10
4.5982146e-10
4.6172619e-10
4.6008927e-10
4.6130952e-10
4.63244e-10
4.5901785e-10
4.6157739e-10
4.6202381e-10
4.6032736e-10
4.6050591e-10
4.6172624e-10
4.6095242e-10
4.6178575e-10
4.6008924e-10
4.603869e-10
4.6181547e-10
4.6071427e-10
4.6062507e-10
4.6017848e-10
4.6127976e-10
4.6062498e-10
4.597322e-10
4.5970244e-10
4.6059534e-10
4.5928569e-10
4.6047627e-10
4.6083337e-10
4.5967261e-10
4.5949403e-10
4.5928569e-10
4.5916668e-10
4.5937501e-10
4.6124995e-10
4.6032736e-10
4.5851187e-10
4.5928564e-10
4.6029758e-10
4.5964285e-10
4.5907736e-10
4.5895834e-10
4.5824411e-10
4.6053569e-10
4.5869053e-10
4.5895834e-10
4.5892859e-10
4.5872026e-10
4.5848209e-10
4.5976187e-10
4.5934531e-10
4.5851192e-10
4.5672616e-10
4.5943457e-10
4.5904758e-10
4.5752976e-10
4.5949408e-10
4.5848214e-10
4.5943449e-10
4.5895837e-10
4.5696433e-10
4.5958326e-10
4.585417e-10
4.5952384e-10
4.6023813e-10
4.6020834e-10
4.585417e-10
4.5872026e-10
4.5949403e-10
4.577381e-10
4.5797618e-10
4.5785711e-10
4.5836307e-10
4.5934531e-10
4.585417e-10
4.5761905e-10
4.5770837e-10
4.5916659e-10
4.5866072e-10
4.5880955e-10
4.5809528e-10
4.5767856e-10
4.5892859e-10
4.5806545e-10
4.5851187e-10
4.5770832e-10
4.6023813e-10
4.5869047e-10
4.582143e-10
4.5842255e-10
4.5931556e-10
4.591964e-10
4.5922618e-10
4.5857143e-10
4.5854165e-10
4.5842258e-10
4.5946424e-10
4.5863097e-10
4.5690465e-10
4.5752971e-10
4.5869045e-10
4.5776788e-10
4.5904766e-10
4.5735118e-10
4.5779761e-10
4.5663689e-10
4.5660714e-10
4.5627976e-10
4.5779766e-10
4.5708332e-10
4.5625007e-10
4.5880957e-10
4.5562504e-10
4.5717258e-10
4.5601195e-10
4.5717263e-10
4.5714285e-10
4.5699405e-10
4.5639878e-10
4.5729168e-10
4.563096e-10
4.5586313e-10
4.5705353e-10
4.574702e-10
4.57619e-10
4.5663689e-10
4.5660711e-10
4.5622026e-10
4.5645829e-10
4.552084e-10
4.5687504e-10
4.5684523e-10
4.5633927e-10
4.5568446e-10
4.5473209e-10
4.5711313e-10
4.5619042e-10
4.5598214e-10
4.5672616e-10
4.5687495e-10
4.564881e-10
4.5627976e-10
4.5678572e-10
4.5598206e-10
4.561905e-10
4.5809523e-10
4.5738094e-10
4.575893e-10
4.5583334e-10
4.5491069e-10
4.5723217e-10
4.5502979e-10
4.5550594e-10
4.5684528e-10
4.5708334e-10
4.5571419e-10
4.5654755e-10
4.5502971e-10
4.5550591e-10
4.5535711e-10
4.5565476e-10
4.5782733e-10
4.5630952e-10
4.5342266e-10
4.5598214e-10
4.5627976e-10
4.5669635e-10
4.5699403e-10
4.5812495e-10
4.5625001e-10
4.5538689e-10
4.5541665e-10
4.5714282e-10
4.5541665e-10
4.5559517e-10
4.5705353e-10
4.5625001e-10
4.5523812e-10
4.5348217e-10
4.5720241e-10
4.5741075e-10
4.566072e-10
4.5473211e-10
4.5675591e-10
4.5532733e-10
4.5735116e-10
4.5610118e-10
4.5791662e-10
4.5619056e-10
4.5488097e-10
4.5755946e-10
4.5532741e-10
4.5711307e-10
4.5702381e-10
4.5699405e-10
4.5714285e-10
4.5592258e-10
4.5446427e-10
4.5687504e-10
4.5562501e-10
4.5580356e-10
4.5633927e-10
4.5517862e-10
4.5476189e-10
4.5714291e-10
4.5660714e-10
4.5604159e-10
4.5514881e-10
4.5508924e-10
4.5598214e-10
4.5648804e-10
4.5526791e-10
4.5485121e-10
4.5744047e-10
4.5559523e-10
4.5467261e-10
4.5732146e-10
4.5535706e-10
4.552381e-10
4.5595244e-10
4.5562504e-10
4.5639878e-10
4.5574403e-10
4.5583334e-10
4.5693455e-10
4.5580356e-10
4.560714e-10
4.5565468e-10
4.5580356e-10
4.5627976e-10
4.563393e-10
4.5568455e-10
4.5514881e-10
4.5526782e-10
4.5505952e-10
4.560714e-10
4.5613091e-10
4.555655e-10
4.5476195e-10
4.550893e-10
4.5592258e-10
4.5473217e-10
4.5574405e-10
4.5491069e-10
4.5663692e-10
4.5488099e-10
4.5511903e-10
4.5488097e-10
4.555655e-10
4.5473217e-10
4.5499998e-10
4.5529763e-10
4.5514881e-10
4.5526782e-10
4.5488097e-10
4.5532739e-10
4.538393e-10
4.5446424e-10
4.5476187e-10
4.5547624e-10
4.5494056e-10
4.5511903e-10
4.5598214e-10
4.5654761e-10
4.5502974e-10
4.5592263e-10
4.5627976e-10
4.5375001e-10
4.5470239e-10
4.5482146e-10
4.5571433e-10
4.5494042e-10
4.5520826e-10
4.5476187e-10
4.5604168e-10
4.5401782e-10
4.5526788e-10
4.5538689e-10
4.5470236e-10
4.5574405e-10
4.5485121e-10
4.5502979e-10
4.5425594e-10
4.5270834e-10
4.5401782e-10
4.5401785e-10
4.5479168e-10
4.5264881e-10
4.5363091e-10
4.5452384e-10
4.5413684e-10
4.5377979e-10
4.5592258e-10
4.5392859e-10
4.5458329e-10
4.538393e-10
4.5502974e-10
4.5461307e-10
4.5610118e-10
4.5428572e-10
4.5312498e-10
4.5398804e-10
4.5413692e-10
4.5514881e-10
4.5321427e-10
4.5464288e-10
4.5532739e-10
4.5312504e-10
4.5422621e-10
4.537202e-10
4.5407736e-10
4.5595236e-10
4.5324408e-10
4.5330359e-10
4.5306547e-10
4.5244045e-10
4.5339282e-10
4.5431545e-10
4.5318455e-10
4.5122023e-10
4.5416662e-10
4.5422616e-10
4.5425594e-10
4.5297618e-10
4.5229168e-10
4.5360113e-10
4.5267856e-10
4.5157736e-10
4.525893e-10
4.53244e-10
4.5261905e-10
4.5375001e-10
4.5175597e-10
4.5351189e-10
4.5449408e-10
4.5312498e-10
4.5276785e-10
4.5383933e-10
4.5315471e-10
4.53244e-10
4.5440476e-10
4.5312504e-10
4.5229162e-10
4.5208337e-10
4.5229168e-10
4.5419643e-10
4.5339288e-10
4.5270832e-10
4.5273807e-10
4.5214282e-10
4.5485118e-10
4.5157736e-10
4.532143e-10
4.5264875e-10
4.5282736e-10
4.5482146e-10
4.5392862e-10
4.5252982e-10
4.5419643e-10
4.5252982e-10
4.533631e-10
4.5392859e-10
4.5574394e-10
4.5407736e-10
4.5276785e-10
4.5372028e-10
4.5294643e-10
4.5377979e-10
4.5244053e-10
4.5249995e-10
4.5455351e-10
4.5431553e-10
4.5407736e-10
4.5541662e-10
4.5336315e-10
4.5386903e-10
4.5363091e-10
4.5485121e-10
4.5547616e-10
4.5315476e-10
4.5443457e-10
4.537202e-10
4.5377979e-10
4.5389881e-10
4.5443455e-10
4.5389884e-10
4.538096e-10
4.5389884e-10
4.5267856e-10
4.5562504e-10
4.5446427e-10
4.5499998e-10
4.5636908e-10
4.5630952e-10
4.5446433e-10
4.5366069e-10
4.5413692e-10
4.5285714e-10
4.5455359e-10
4.5538692e-10
4.541667e-10
4.535714e-10
4.5449405e-10
4.5458329e-10
4.5428566e-10
4.5458334e-10
4.5616075e-10
4.5309528e-10
4.5553566e-10
4.5398812e-10
4.5321435e-10
4.5675599e-10
4.546131e-10
4.5291668e-10
4.5375007e-10
4.5324405e-10
4.5467261e-10
4.5413692e-10
4.5440474e-10
4.5276793e-10
4.5235118e-10
4.5315476e-10
4.5437498e-10
4.550893e-10
4.5273812e-10
4.5333337e-10
4.5297624e-10
4.5470239e-10
4.525893e-10
4.5434523e-10
4.5440474e-10
4.5327381e-10
4.5425597e-10
4.5404761e-10
4.5348211e-10
4.5401791e-10
4.550893e-10
4.5276785e-10
4.5440476e-10
4.5241069e-10
4.5163687e-10
4.5336301e-10
4.5440482e-10
4.5333343e-10
4.5395834e-10
4.5458334e-10
4.5580356e-10
4.5413692e-10
4.5330359e-10
4.5318455e-10
4.5380952e-10
4.5306545e-10
4.5449408e-10
4.5455351e-10
4.5342266e-10
4.5449405e-10
4.5360121e-10
4.5306545e-10
4.5422616e-10
4.5389875e-10
4.5419646e-10
4.5470239e-10
4.5464277e-10
4.5375001e-10
4.5300602e-10
4.5363097e-10
4.5324405e-10
4.5401785e-10
4.537202e-10
4.5214282e-10
4.5401785e-10
4.5333337e-10
4.5443449e-10
4.5244053e-10
4.5303569e-10
4.5306545e-10
4.5416662e-10
4.5282741e-10
4.5369047e-10
4.5258933e-10
4.5282741e-10
4.5401785e-10
4.5514886e-10
4.523214e-10
4.5386908e-10
4.5404763e-10
4.5333337e-10
4.5363091e-10
4.5425597e-10
4.5473211e-10
4.5425597e-10
4.560714e-10
4.532143e-10
4.5330356e-10
4.5267856e-10
4.5398812e-10
4.5437498e-10
4.5562504e-10
4.5327381e-10
4.5351195e-10
4.5101192e-10
4.5467258e-10
4.5383933e-10
4.5386903e-10
4.5377974e-10
4.5291659e-10
4.5386908e-10
4.5294643e-10
4.515178e-10
4.5175602e-10
4.5279758e-10
4.5345244e-10
4.5375001e-10
4.5279758e-10
4.5184526e-10
4.5193455e-10
4.523214e-10
4.5244045e-10
4.5401785e-10
4.5202381e-10
4.530952e-10
4.5160717e-10
4.5226184e-10
4.5395834e-10
4.5187504e-10
4.521131e-10
4.5255952e-10
4.5187504e-10
4.5363099e-10
4.5163681e-10
4.5300597e-10
4.5127976e-10
4.509226e-10
4.5205356e-10
4.5157739e-10
4.5235121e-10
4.5273807e-10
4.5208337e-10
4.521726e-10
4.5321427e-10
4.5261903e-10
4.5238094e-10
4.5348217e-10
4.5252982e-10
4.5330359e-10
4.5241072e-10
4.5413692e-10
4.5422624e-10
4.5130952e-10
4.5372028e-10
4.5154763e-10
4.5223217e-10
4.5297616e-10
4.5145837e-10
4.5250004e-10
4.510714e-10
4.5157739e-10
4.5261903e-10
4.5190485e-10
4.5229162e-10
4.5336307e-10
4.5154766e-10
4.5166665e-10
4.5282733e-10
4.5241072e-10
4.5154758e-10
4.5205359e-10
4.5145834e-10
4.5261903e-10
4.5306547e-10
4.5232143e-10
4.5264881e-10
4.5363086e-10
4.5130955e-10
4.5178575e-10
4.5318446e-10
4.5255955e-10
4.5324405e-10
4.525893e-10
4.509226e-10
4.5306547e-10
4.5208332e-10
4.5151788e-10
4.5270834e-10
4.4937498e-10
4.5190479e-10
4.5187498e-10
4.5294643e-10
4.5127976e-10
4.5428575e-10
4.5041668e-10
4.5175597e-10
4.5157736e-10
4.5273807e-10
4.5294646e-10
4.5214282e-10
4.5377979e-10
4.5330359e-10
4.5181553e-10
4.5413687e-10
4.5148807e-10
4.532143e-10
4.5261903e-10
4.5342266e-10
4.5294643e-10
4.5377979e-10
4.5264884e-10
4.5238094e-10
4.5345239e-10
4.5482149e-10
4.521131e-10
4.5505952e-10
4.5333332e-10
4.5122031e-10
4.5345233e-10
4.5252974e-10
4.5205356e-10
4.5205356e-10
4.5255952e-10
4.5315476e-10
4.5125001e-10
4.5202378e-10
4.5348209e-10
4.5199405e-10
4.5127982e-10
4.5196422e-10
4.5190471e-10
4.5223217e-10
4.5312498e-10
4.5282741e-10
4.5285717e-10
4.5300597e-10
4.5142862e-10
4.5130952e-10
4.5178575e-10
4.5127974e-10
4.5145843e-10
4.5136905e-10
4.5136903e-10
4.5113094e-10
4.505952e-10
4.5050591e-10
4.5107143e-10
4.522322e-10
4.5032739e-10
4.5166668e-10
4.5276782e-10
4.5032739e-10
4.5235121e-10
4.5130955e-10
4.5205359e-10
4.5160714e-10
4.5241078e-10
4.5095239e-10
4.5214288e-10
4.5190479e-10
4.524405e-10
4.5300602e-10
4.5193457e-10
4.5223217e-10
4.5187504e-10
4.5190476e-10
4.5142856e-10
4.5398801e-10
4.5074408e-10
4.5285709e-10
4.5151788e-10
4.5315471e-10
4.4985121e-10
4.5116072e-10
4.5193455e-10
4.5285717e-10
4.5116072e-10
4.5020829e-10
4.5202378e-10
4.5014883e-10
4.5333337e-10
4.5145837e-10
4.5160709e-10
4.5247023e-10
4.5154758e-10
4.5303569e-10
4.5175597e-10
4.508631e-10
4.508334e-10
4.5214291e-10
4.5223217e-10
4.4952375e-10
4.518452e-10
4.510714e-10
4.5142862e-10
4.5122017e-10
4.5044637e-10
4.5208337e-10
4.5166668e-10
4.5238094e-10
4.5235121e-10
4.5086304e-10
4.5023807e-10
4.5098214e-10
4.4964285e-10
4.5148812e-10
4.5002982e-10
4.505655e-10
4.5169646e-10
4.5175597e-10
4.5190471e-10
4.4973214e-10
4.497322e-10
4.508631e-10
4.5050597e-10
4.4916668e-10
4.495834e-10
4.500596e-10
4.5050599e-10
4.5011905e-10
4.5083332e-10
4.5113094e-10
4.4901793e-10
4.5095239e-10
4.4943449e-10
4.5047618e-10
4.4991075e-10
4.5116072e-10
4.5291665e-10
4.4967263e-10
4.4958326e-10
4.5145837e-10
4.5056542e-10
4.5017856e-10
4.5139883e-10
4.5250001e-10
4.5068452e-10
4.5217258e-10
4.5080353e-10
4.5374998e-10
4.5193455e-10
4.5214282e-10
4.4940479e-10
4.508631e-10
4.5223211e-10
4.5116072e-10
4.5023807e-10
4.5068457e-10
4.5002982e-10
4.5276791e-10
4.507143e-10
4.5190476e-10
4.5160709e-10
4.5238099e-10
4.5190476e-10
4.5163689e-10
4.4994045e-10
4.5113094e-10
4.5020834e-10
4.5145829e-10
4.5214288e-10
4.5136903e-10
4.5047618e-10
4.5116066e-10
4.5110113e-10
4.5098211e-10
4.5297618e-10
4.5160709e-10
4.5104162e-10
4.5122026e-10
4.5270834e-10
4.5151788e-10
4.5130955e-10
4.5193455e-10
4.5107143e-10
4.5157744e-10
4.5053569e-10
4.5101192e-10
4.5041665e-10
4.5077378e-10
4.5297618e-10
4.5139883e-10
4.4937498e-10
4.5050588e-10
4.4949403e-10
4.5035714e-10
4.5002976e-10
4.4999998e-10
4.5014883e-10
4.5092263e-10
4.5080362e-10
4.5029763e-10
4.505655e-10
4.5157739e-10
4.5136903e-10
4.5041659e-10
4.5172624e-10
4.5229168e-10
4.5127974e-10
4.5133924e-10
4.5017856e-10
4.5241069e-10
4.5113094e-10
4.5145837e-10
4.5041665e-10
4.5008927e-10
4.4994047e-10
4.4973214e-10
4.4997017e-10
4.5089282e-10
4.5023807e-10
4.5199405e-10
4.5026788e-10
4.5047624e-10
4.5047618e-10
4.5062501e-10
4.4997031e-10
4.4988094e-10
4.4875004e-10
4.5044649e-10
4.5160714e-10
4.5020834e-10
4.5252979e-10
4.5047616e-10
4.5187504e-10
4.510714e-10
4.5074411e-10
4.510714e-10
4.4940474e-10
4.4925597e-10
4.5053575e-10
4.508631e-10
4.5047616e-10
4.4964277e-10
4.4958332e-10
4.5002974e-10
4.4991072e-10
4.5053569e-10
4.5092269e-10
4.5154763e-10
4.4925597e-10
4.5160714e-10
4.4880955e-10
4.5288692e-10
4.496131e-10
4.5005949e-10
4.5038689e-10
4.4898807e-10
4.5032736e-10
4.4946424e-10
4.5095239e-10
4.5142853e-10
4.5083337e-10
4.4904758e-10
4.5074408e-10
4.4919649e-10
4.4982146e-10
4.5032736e-10
4.4880955e-10
4.4937501e-10
4.4991072e-10
4.4952383e-10
4.496726e-10
4.4892859e-10
4.5056547e-10
4.5032736e-10
4.4851192e-10
4.4863097e-10
4.4830356e-10
4.5056556e-10
4.4982146e-10
4.4973211e-10
4.4851187e-10
4.4979165e-10
4.4919637e-10
4.4815474e-10
4.482143e-10
4.4830353e-10
4.4845241e-10
4.4997023e-10
4.5041668e-10
4.4886908e-10
4.4898807e-10
4.4842263e-10
4.4854165e-10
4.4854165e-10
4.4818452e-10
4.4857143e-10
4.479464e-10
4.4910717e-10
4.4985124e-10
4.4869053e-10
4.4797621e-10
4.4863094e-10
4.4800594e-10
4.4836312e-10
4.4916662e-10
4.474702e-10
4.4818446e-10
4.4681545e-10
4.4925597e-10
4.4839282e-10
4.4770829e-10
4.4788692e-10
4.5101189e-10
4.4877976e-10
4.504464e-10
4.4973214e-10
4.4857143e-10
4.4839291e-10
4.4741069e-10
4.4842263e-10
4.4922621e-10
4.4880949e-10
4.4863097e-10
4.4901788e-10
4.496131e-10
4.4976195e-10
4.4866072e-10
4.4925597e-10
4.4895829e-10
4.4967263e-10
4.4889883e-10
4.4833334e-10
4.4812493e-10
4.4764878e-10
4.4770837e-10
4.4761905e-10
4.4806545e-10
4.4773815e-10
4.4776782e-10
4.4675591e-10
4.4815474e-10
4.4794643e-10
4.4755957e-10
4.4699403e-10
4.4839282e-10
4.4565482e-10
4.4735127e-10
4.4833331e-10
4.4842269e-10
4.4869053e-10
4.4895837e-10
4.4857143e-10
4.466667e-10
4.496131e-10
4.4976192e-10
4.489881e-10
4.4678572e-10
4.4812501e-10
4.4982143e-10
4.5002974e-10
4.4809523e-10
4.4919646e-10
4.496726e-10
4.4803572e-10
4.4764881e-10
4.4761905e-10
4.490773e-10
4.4877968e-10
4.4747026e-10
4.4747026e-10
4.4741069e-10
4.4854159e-10
4.4788692e-10
4.4833334e-10
4.4776791e-10
4.4869045e-10
4.4901788e-10
4.477976e-10
4.4747028e-10
4.4892859e-10
4.4842258e-10
4.4770829e-10
4.494643e-10
4.4979165e-10
4.4809523e-10
4.4913695e-10
4.4758927e-10
4.4940479e-10
4.4946424e-10
4.4764878e-10
4.5050591e-10
4.4690479e-10
4.5017862e-10
4.4889875e-10
4.4866072e-10
4.4749998e-10
4.4836307e-10
4.4883924e-10
4.4785711e-10
4.4848214e-10
4.4848214e-10
4.4845241e-10
4.4592263e-10
4.4764881e-10
4.4687501e-10
4.4874998e-10
4.4872031e-10
4.4764878e-10
4.4785711e-10
4.4818452e-10
4.4836307e-10
4.4747026e-10
4.4800594e-10
4.4732146e-10
4.4943449e-10
4.4886905e-10
4.4913689e-10
4.4705356e-10
4.4666665e-10
4.4848208e-10
4.4872026e-10
4.4892859e-10
4.4877976e-10
4.4782741e-10
4.4815474e-10
4.477381e-10
4.4663689e-10
4.4913689e-10
4.4848208e-10
4.4880949e-10
4.4625006e-10
4.4761905e-10
4.4785711e-10
4.4842263e-10
4.4764878e-10
4.4833331e-10
4.4726192e-10
4.4997026e-10
4.4991072e-10
4.4904766e-10
4.4872017e-10
4.4732146e-10
4.4779758e-10
4.4889883e-10
4.4833334e-10
4.4824405e-10
4.4999998e-10
4.490773e-10
4.4815479e-10
4.4916668e-10
4.4866072e-10
4.4770831e-10
4.4809528e-10
4.4886905e-10
4.4767864e-10
4.4913687e-10
4.4860121e-10
4.4732143e-10
4.5080359e-10
4.4949408e-10
4.4729165e-10
4.5029763e-10
4.4675599e-10
4.4675594e-10
4.4883927e-10
4.4860116e-10
4.4815479e-10
4.4758927e-10
4.4916662e-10
4.4782741e-10
4.4877976e-10
4.4892851e-10
4.4949403e-10
4.4937498e-10
4.5017851e-10
4.4976178e-10
4.4991072e-10
4.4999998e-10
4.4961304e-10
4.461905e-10
4.5050591e-10
4.4940474e-10
4.4839291e-10
4.4943457e-10
4.4976187e-10
4.4943443e-10
4.4910717e-10
4.4988088e-10
4.4952383e-10
4.4877982e-10
4.4916662e-10
4.4907739e-10
4.5005955e-10
4.491964e-10
4.4830353e-10
4.4997017e-10
4.5017862e-10
4.5005946e-10
4.5002976e-10
4.507143e-10
4.5005949e-10
4.4976187e-10
4.4913695e-10
4.5089288e-10
4.4886908e-10
4.4824397e-10
4.4997026e-10
4.479464e-10
4.4949408e-10
4.4916668e-10
4.4779766e-10
4.490476e-10
4.4946433e-10
4.4872026e-10
4.5056547e-10
4.4940471e-10
4.4988097e-10
4.5011905e-10
4.4696424e-10
4.4860121e-10
4.5020834e-10
4.4824405e-10
4.4886908e-10
4.4940474e-10
4.4901785e-10
4.480655e-10
4.4854165e-10
4.4767856e-10
4.4803572e-10
4.4997017e-10
4.4809523e-10
4.4860121e-10
4.4958332e-10
4.4889878e-10
4.4773807e-10
4.493155e-10
4.4988097e-10
4.482143e-10
4.4797618e-10
4.479761e-10
4.5002974e-10
4.5074408e-10
4.4952381e-10
4.4714282e-10
4.480655e-10
4.4919646e-10
4.4979165e-10
4.4830353e-10
4.4982146e-10
4.4943449e-10
4.4940474e-10
4.4797621e-10
4.4812504e-10
4.4886905e-10
4.4922621e-10
4.4877976e-10
4.4800591e-10
4.4964285e-10
4.4738094e-10
4.4654769e-10
4.4767859e-10
4.4830356e-10
4.4642853e-10
4.4877982e-10
4.4708331e-10
4.4976192e-10
4.4898807e-10
4.4886905e-10
4.4925605e-10
4.4791668e-10
4.4845236e-10
4.4985121e-10
4.4842263e-10
4.4955359e-10
4.490773e-10
4.4892856e-10
4.4880957e-10
4.4851187e-10
4.493452e-10
4.4904766e-10
4.4946433e-10
4.4818446e-10
4.4839291e-10
4.4866072e-10
4.477976e-10
4.4616069e-10
4.4857143e-10
4.4922618e-10
4.4767859e-10
4.4714285e-10
4.4863094e-10
4.4973214e-10
4.5020829e-10
4.4874998e-10
4.4979165e-10
4.4693452e-10
4.4764878e-10
4.4827383e-10
4.4666665e-10
4.490476e-10
4.4726192e-10
4.4788689e-10
4.468155e-10
4.4910711e-10
4.4803564e-10
4.474702e-10
4.465476e-10
4.4880955e-10
4.4874998e-10
4.4821424e-10
4.4764878e-10
4.4851192e-10
4.4714291e-10
4.4895834e-10
4.4839291e-10
4.4738097e-10
4.4812493e-10
4.4785717e-10
4.4752976e-10
4.4848214e-10
4.4892856e-10
4.4708334e-10
4.4877976e-10
4.4875006e-10
4.4764886e-10
4.4794635e-10
4.4639881e-10
4.4824405e-10
4.4845233e-10
4.4747026e-10
4.4755954e-10
4.461011e-10
4.4922618e-10
4.4824397e-10
4.4699403e-10
4.4738097e-10
4.4776788e-10
4.4791668e-10
4.4782741e-10
4.4657739e-10
4.4824411e-10
4.4630957e-10
4.4726192e-10
4.4735118e-10
4.4738102e-10
4.4669643e-10
4.4803578e-10
4.4919649e-10
4.4752979e-10
4.4726192e-10
4.4735118e-10
4.4499993e-10
4.4761905e-10
4.4672621e-10
4.4586307e-10
4.4651779e-10
4.4693452e-10
4.4749998e-10
4.4690474e-10
4.4499998e-10
4.465773e-10
4.4824397e-10
4.482143e-10
4.4684523e-10
4.4690479e-10
4.4639881e-10
4.4821424e-10
4.4860121e-10
4.4967269e-10
4.4824405e-10
4.4705348e-10
4.4833334e-10
4.4967263e-10
4.4916662e-10
4.4916668e-10
4.4892859e-10
4.4595239e-10
4.4842263e-10
4.4830353e-10
4.4973211e-10
4.475893e-10
4.4883927e-10
4.4791662e-10
4.469643e-10
4.4812495e-10
4.4931547e-10
4.4860121e-10
4.4880955e-10
4.4526777e-10
4.4806542e-10
4.477976e-10
4.474702e-10
4.4869053e-10
4.4788689e-10
4.4991072e-10
4.4809528e-10
4.4854159e-10
4.494643e-10
4.4863094e-10
4.4636908e-10
4.4812501e-10
4.4657733e-10
4.4931547e-10
4.4901788e-10
4.4845241e-10
4.4741078e-10
4.4767859e-10
4.4741069e-10
4.4595236e-10
4.4675599e-10
4.4913689e-10
4.4699403e-10
4.4720233e-10
4.4776782e-10
4.4720241e-10
4.4866075e-10
4.4714285e-10
4.4735116e-10
4.4889883e-10
4.452976e-10
4.4741075e-10
4.4711312e-10
4.4770837e-10
4.4690474e-10
4.4797621e-10
4.4616069e-10
4.4657747e-10
4.4672621e-10
4.4717258e-10
4.4669643e-10
4.4860124e-10
4.4720236e-10
4.4684523e-10
4.482143e-10
4.4648812e-10
4.4863094e-10
4.4815479e-10
4.4827375e-10
4.4699403e-10
4.4827389e-10
4.4785717e-10
4.4839282e-10
4.4720241e-10
4.4770837e-10
4.4791662e-10
4.479167e-10
4.4741075e-10
4.4803569e-10
4.4726192e-10
4.485417e-10
4.4729165e-10
4.4800591e-10
4.4782739e-10
4.4779769e-10
4.4904766e-10
4.4821433e-10
4.4741075e-10
4.466964e-10
4.4839285e-10
4.4830353e-10
4.4809523e-10
4.4952381e-10
4.4794649e-10
4.4749998e-10
4.4720244e-10
4.4842269e-10
4.4791668e-10
4.4797621e-10
4.4654763e-10
4.4690474e-10
4.4788692e-10
4.4851195e-10
4.4636908e-10
4.4755957e-10
4.4794643e-10
4.4755949e-10
4.4750004e-10
4.4580362e-10
4.4782739e-10
4.4544643e-10
4.4502985e-10
4.4630952e-10
4.4732154e-10
4.4687501e-10
4.4755957e-10
4.478572e-10
4.4714291e-10
4.4758927e-10
4.4797621e-10
4.4711307e-10
4.477381e-10
4.4782739e-10
4.4735118e-10
4.4663689e-10
4.4562504e-10
4.4675594e-10
4.4776782e-10
4.4627971e-10
4.4747028e-10
4.4761905e-10
4.454464e-10
4.4681545e-10
4.4627979e-10
4.4982137e-10
4.4744047e-10
4.4889875e-10
4.4854165e-10
4.4812501e-10
4.4720236e-10
4.489881e-10
4.4910717e-10
4.4776782e-10
4.4711312e-10
4.4726192e-10
4.4803572e-10
4.4705362e-10
4.4669643e-10
4.4761908e-10
4.4797621e-10
4.4732146e-10
4.4627976e-10
4.454464e-10
4.4738088e-10
4.4818452e-10
4.4645837e-10
4.4767859e-10
4.4854165e-10
4.4758927e-10
4.4851192e-10
4.477381e-10
4.4800594e-10
4.4770831e-10
4.4827383e-10
4.4744053e-10
4.463393e-10
4.466667e-10
4.4708334e-10
4.4863094e-10
4.4866072e-10
4.4672621e-10
4.4642859e-10
4.4845236e-10
4.4720241e-10
4.4815474e-10
4.4788684e-10
4.4690482e-10
4.4744047e-10
4.4854165e-10
4.4794643e-10
4.4928572e-10
4.4735124e-10
4.4613091e-10
4.4633935e-10
4.4672616e-10
4.4729165e-10
4.4791676e-10
4.4735116e-10
4.469643e-10
4.4592263e-10
4.4812501e-10
4.4827381e-10
4.4595236e-10
4.4767864e-10
4.4675602e-10
4.4690479e-10
4.4803572e-10
4.4800599e-10
4.4797627e-10
4.4616066e-10
4.4672621e-10
4.4657739e-10
4.4687501e-10
4.4738097e-10
4.4717255e-10
4.4553566e-10
4.4726192e-10
4.4595239e-10
4.4589288e-10
4.4895837e-10
4.4642859e-10
4.463393e-10
4.4729173e-10
4.4651779e-10
4.4535714e-10
4.4785711e-10
4.4800594e-10
4.4833326e-10
4.4610118e-10
4.466667e-10
4.463393e-10
4.4854159e-10
4.4818452e-10
4.4622028e-10
4.4830362e-10
4.4574405e-10
4.465476e-10
4.4747026e-10
4.455655e-10
4.465476e-10
4.4565476e-10
4.4857137e-10
4.4800599e-10
4.4627976e-10
4.4687495e-10
4.4514881e-10
4.4741069e-10
4.4613097e-10
4.4553572e-10
4.4580356e-10
4.4598217e-10
4.4791668e-10
4.4622026e-10
4.4577378e-10
4.4610116e-10
4.4639881e-10
4.4726187e-10
4.4678572e-10
4.4717263e-10
4.4622026e-10
4.4568452e-10
4.4645831e-10
4.4654763e-10
4.4705356e-10
4.4622026e-10
4.4654763e-10
4.4690479e-10
4.4663692e-10
4.4592258e-10
4.4785711e-10
4.480655e-10
4.4684523e-10
4.4571427e-10
4.4485118e-10
4.4556553e-10
4.4729165e-10
4.4586312e-10
4.4690474e-10
4.4717258e-10
4.468155e-10
4.4773807e-10
4.4684523e-10
4.4592263e-10
4.4514875e-10
4.4744053e-10
4.4720236e-10
4.4648804e-10
4.4645837e-10
4.4627971e-10
4.460714e-10
4.4526796e-10
4.4729168e-10
4.4538689e-10
4.4687501e-10
4.4663692e-10
4.4663692e-10
4.4476195e-10
4.4586312e-10
4.4610116e-10
4.465476e-10
4.4559526e-10
4.4654769e-10
4.4738094e-10
4.4824403e-10
4.4720244e-10
4.4699403e-10
4.4630952e-10
4.4869045e-10
4.4732143e-10
4.4663684e-10
4.460714e-10
4.4675599e-10
4.4660714e-10
4.4726192e-10
4.4892859e-10
4.4839282e-10
4.4818446e-10
4.4767864e-10
4.4755949e-10
4.4714285e-10
4.4749995e-10
4.4788689e-10
4.4672621e-10
4.4767856e-10
4.4883933e-10
4.4827383e-10
4.4681553e-10
4.4839291e-10
4.477381e-10
4.4735124e-10
4.4630957e-10
4.4806545e-10
4.4598217e-10
4.4761905e-10
4.5038695e-10
4.4821424e-10
4.4770829e-10
4.4758935e-10
4.4738097e-10
4.4764881e-10
4.4809523e-10
4.4800591e-10
4.4678566e-10
4.4797618e-10
4.491964e-10
4.4598214e-10
4.4749995e-10
4.4827383e-10
4.4800599e-10
4.4776791e-10
4.4874995e-10
4.4616075e-10
4.4776791e-10
4.4672621e-10
4.4660711e-10
4.4568452e-10
4.4491069e-10
4.4604165e-10
4.4613099e-10
4.4675599e-10
4.460714e-10
4.4711307e-10
4.4702383e-10
4.4625006e-10
4.4732146e-10
4.4755949e-10
4.4613091e-10
4.4749998e-10
4.462202e-10
4.4711307e-10
4.4892859e-10
4.4705356e-10
4.4642859e-10
4.4619047e-10
4.4651788e-10
4.4508924e-10
4.4604168e-10
4.4866072e-10
4.4720241e-10
4.4497023e-10
4.4571433e-10
4.4571427e-10
4.4770837e-10
4.4809523e-10
4.4738097e-10
4.4714291e-10
4.4767851e-10
4.4547616e-10
4.4702383e-10
4.4714291e-10
4.4604165e-10
4.4583329e-10
4.4630952e-10
4.4687501e-10
4.4437498e-10
4.4675599e-10
4.4797621e-10
4.4764881e-10
4.4714291e-10
4.468155e-10
4.4502974e-10
4.4553566e-10
4.4616077e-10
4.4729168e-10
4.4723214e-10
4.4595236e-10
4.4565482e-10
4.477976e-10
4.4681553e-10
4.4723208e-10
4.4892859e-10
4.4779766e-10
4.4720236e-10
4.4681545e-10
4.468155e-10
4.4616075e-10
4.4610116e-10
4.4758927e-10
4.4627979e-10
4.4711312e-10
4.4749998e-10
4.4785725e-10
4.4776788e-10
4.4616069e-10
4.4645831e-10
4.464881e-10
4.465476e-10
4.4752979e-10
4.4836307e-10
4.4523804e-10
4.469643e-10
4.466964e-10
4.477976e-10
4.4624993e-10
4.480655e-10
4.4708334e-10
4.4610124e-10
4.4749995e-10
4.4616075e-10
4.4702381e-10
4.4696424e-10
4.4663692e-10
4.4678566e-10
4.4761905e-10
4.4547624e-10
4.4687495e-10
4.452976e-10
4.4616075e-10
4.4678578e-10
4.4767859e-10
4.4794643e-10
4.4672627e-10
4.4723214e-10
4.4502974e-10
4.4583334e-10
4.4749998e-10
4.4577378e-10
4.4535714e-10
4.4642853e-10
4.468155e-10
4.4672616e-10
4.4758927e-10
4.4714285e-10
4.4541665e-10
4.4702383e-10
4.4574411e-10
4.4625001e-10
4.4705356e-10
4.4422616e-10
4.4747026e-10
4.4669635e-10
4.4636908e-10
4.4770831e-10
4.4678572e-10
4.4672621e-10
4.4711307e-10
4.4583329e-10
4.4633935e-10
4.462202e-10
4.4809523e-10
4.484822e-10
4.4577383e-10
4.4604165e-10
4.4755949e-10
4.4717255e-10
4.4729165e-10
4.4788689e-10
4.4633927e-10
4.4645831e-10
4.4672616e-10
4.4633922e-10
4.4627976e-10
4.4714282e-10
4.4538692e-10
4.4610118e-10
4.4642859e-10
4.4741075e-10
4.4547621e-10
4.4717263e-10
4.4657739e-10
4.4639881e-10
4.4711307e-10
4.4672621e-10
4.4666665e-10
4.4610116e-10
4.4690479e-10
4.4526782e-10
4.455655e-10
4.4547621e-10
4.4687504e-10
4.4639886e-10
4.4562495e-10
4.4630952e-10
4.4589285e-10
4.4494047e-10
4.4485118e-10
4.4693452e-10
4.4717258e-10
4.4485113e-10
4.4538692e-10
4.4702381e-10
4.4577383e-10
4.4627979e-10
4.4497023e-10
4.4535711e-10
4.4443454e-10
4.4398818e-10
4.4502974e-10
4.4702381e-10
4.4583334e-10
4.4601195e-10
4.4520837e-10
4.4351189e-10
4.4675594e-10
4.4601189e-10
4.4592266e-10
4.4499998e-10
4.4595244e-10
4.4497028e-10
4.452976e-10
4.4547621e-10
4.4616075e-10
4.4613091e-10
4.4639878e-10
4.4580362e-10
4.4630952e-10
4.4520837e-10
4.4666665e-10
4.4723217e-10
4.4479162e-10
4.4663684e-10
4.4580356e-10
4.4636908e-10
4.4625001e-10
4.4672613e-10
4.4508922e-10
4.4693454e-10
4.455655e-10
4.4538692e-10
4.4523812e-10
4.4446433e-10
4.4613099e-10
4.4663698e-10
4.4568452e-10
4.4526788e-10
4.4416665e-10
4.4592263e-10
4.4693454e-10
4.4488097e-10
4.4464285e-10
4.4455356e-10
4.4577386e-10
4.4473217e-10
4.4476189e-10
4.4648804e-10
4.4485118e-10
4.4553572e-10
4.449405e-10
4.4434523e-10
4.4422621e-10
4.4556545e-10
4.4389875e-10
4.4511902e-10
4.4434517e-10
4.455655e-10
4.4583329e-10
4.4520837e-10
4.4351189e-10
4.4583329e-10
4.4482146e-10
4.4547616e-10
4.452381e-10
4.4428572e-10
4.4636903e-10
4.4616066e-10
4.4744045e-10
4.4583334e-10
4.4669643e-10
4.4627976e-10
4.4279763e-10
4.4526788e-10
4.4586312e-10
4.464881e-10
4.4479154e-10
4.4571424e-10
4.4589285e-10
4.4598208e-10
4.4502974e-10
4.4613097e-10
4.4622026e-10
4.454167e-10
4.4425597e-10
4.4532739e-10
4.4508922e-10
4.460714e-10
4.4550599e-10
4.4482146e-10
4.4550594e-10
4.4613099e-10
4.4657741e-10
4.4678578e-10
4.4651782e-10
4.4589279e-10
4.45119e-10
4.4622026e-10
4.4666665e-10
4.4532739e-10
4.4601189e-10
4.4574405e-10
4.4502979e-10
4.4601189e-10
4.4434523e-10
4.4630949e-10
4.4485118e-10
4.4678578e-10
4.4607146e-10
4.4386902e-10
4.4428575e-10
4.4413687e-10
4.4642853e-10
4.464881e-10
4.452976e-10
4.4586307e-10
4.4624998e-10
4.4395831e-10
4.4470244e-10
4.4428566e-10
4.4440476e-10
4.4485121e-10
4.4556545e-10
4.465476e-10
4.4502985e-10
4.4285714e-10
4.4648812e-10
4.4422621e-10
4.4633927e-10
4.4497028e-10
4.454464e-10
4.4613097e-10
4.4437498e-10
4.4419643e-10
4.4520831e-10
4.4580356e-10
4.4544649e-10
4.4488097e-10
4.4488097e-10
4.4470236e-10
4.4651788e-10
4.4416665e-10
4.4514881e-10
4.4544643e-10
4.4452383e-10
4.4601189e-10
4.439881e-10
4.4494047e-10
4.4294643e-10
4.4410711e-10
4.4491072e-10
4.4491072e-10
4.4416662e-10
4.4559526e-10
4.4458334e-10
4.4488091e-10
4.4458334e-10
4.4491077e-10
4.453572e-10
4.4363091e-10
4.4508922e-10
4.4413692e-10
4.450893e-10
4.4485121e-10
4.4386908e-10
4.439881e-10
4.452976e-10
4.4502979e-10
4.4511902e-10
4.4526782e-10
4.4401785e-10
4.4604165e-10
4.4500006e-10
4.4601189e-10
4.4547621e-10
4.4514881e-10
4.4467266e-10
4.4479162e-10
4.4372023e-10
4.4520831e-10
4.4413695e-10
4.4580356e-10
4.4690479e-10
4.4464285e-10
4.4586307e-10
4.4690474e-10
4.4479168e-10
4.4526782e-10
4.4494047e-10
4.4366072e-10
4.4532733e-10
4.4645837e-10
4.4500001e-10
4.4580356e-10
4.4559523e-10
4.4449405e-10
4.4517859e-10
4.4681553e-10
4.4505949e-10
4.4699405e-10
4.4505952e-10
4.4529763e-10
4.4553575e-10
4.4500001e-10
4.4550599e-10
4.4535714e-10
4.4526782e-10
4.4663692e-10
4.4443454e-10
4.4541662e-10
4.4508924e-10
4.4473217e-10
4.4300602e-10
4.4455359e-10
4.4601195e-10
4.4446427e-10
4.4488097e-10
4.4532739e-10
4.4520837e-10
4.4502985e-10
4.4517859e-10
4.4443446e-10
4.4440476e-10
4.4610118e-10
4.4464288e-10
4.4410714e-10
4.4497023e-10
4.4505957e-10
4.4577378e-10
4.4458334e-10
4.4505949e-10
4.4416665e-10
4.4264883e-10
4.4553575e-10
4.4485121e-10
4.454464e-10
4.4499993e-10
4.4479168e-10
4.440476e-10
4.4502974e-10
4.452976e-10
4.4285714e-10
4.4574403e-10
4.4517859e-10
4.4645831e-10
4.4422621e-10
4.4598208e-10
4.4449408e-10
4.446726e-10
4.4494047e-10
4.4568452e-10
4.4407736e-10
4.4571424e-10
4.4482146e-10
4.4395834e-10
4.446726e-10
4.446131e-10
4.4589279e-10
4.4363091e-10
4.4511911e-10
4.4479162e-10
4.4660711e-10
4.4577383e-10
4.4443449e-10
4.4354168e-10
4.4511902e-10
4.4348217e-10
4.4711312e-10
4.4538692e-10
4.4556545e-10
4.4473217e-10
4.4592266e-10
4.4598214e-10
4.4598217e-10
4.4613091e-10
4.4345244e-10
4.4568452e-10
4.4595236e-10
4.4657739e-10
4.4461301e-10
4.448214e-10
4.4461315e-10
4.4502971e-10
4.4568454e-10
4.4839282e-10
4.4386902e-10
4.4601189e-10
4.4550591e-10
4.4613099e-10
4.4505952e-10
4.4550591e-10
4.4639878e-10
4.4622017e-10
4.4604168e-10
4.4488105e-10
4.4464285e-10
4.441072e-10
4.4553566e-10
4.4449405e-10
4.4514872e-10
4.4857146e-10
4.4636908e-10
4.4559517e-10
4.4541673e-10
4.466667e-10
4.4601189e-10
4.4741075e-10
4.4678572e-10
4.447917e-10
4.4657739e-10
4.4550591e-10
4.448214e-10
4.4681545e-10
4.4529763e-10
4.4372028e-10
4.447322e-10
4.4502979e-10
4.4372023e-10
4.4568452e-10
4.4380949e-10
4.4633927e-10
4.4485118e-10
4.4413684e-10
4.4568452e-10
4.4458337e-10
4.4345239e-10
4.4630952e-10
4.435714e-10
4.4476189e-10
4.4255954e-10
4.4419646e-10
4.4279766e-10
4.4500001e-10
4.4419643e-10
4.4315471e-10
4.4374998e-10
4.4389881e-10
4.4425588e-10
4.4306547e-10
4.4380957e-10
4.4425597e-10
4.4377974e-10
4.4452383e-10
4.4348211e-10
4.4321427e-10
4.4241072e-10
4.4443454e-10
4.441667e-10
4.4288695e-10
4.4443454e-10
4.4485121e-10
4.4476195e-10
4.4517859e-10
4.4279763e-10
4.4499993e-10
4.4416665e-10
4.4422616e-10
4.4270831e-10
4.4508924e-10
4.4261902e-10
4.4354168e-10
4.4398812e-10
4.4434523e-10
4.43244e-10
4.4547616e-10
4.438393e-10
4.447917e-10
4.4500001e-10
4.4598206e-10
4.4565474e-10
4.4383924e-10
4.4267862e-10
4.453572e-10
4.4627979e-10
4.4583334e-10
4.4452383e-10
4.4398818e-10
4.4491072e-10
4.4410711e-10
4.449702e-10
4.4476187e-10
4.4648804e-10
4.4395834e-10
4.4461315e-10
4.4467258e-10
4.4464288e-10
4.4619047e-10
4.4529763e-10
4.4568446e-10
4.4502971e-10
4.4389881e-10
4.4520831e-10
4.4505952e-10
4.4419643e-10
4.4446427e-10
4.4645831e-10
4.4419643e-10
4.4428575e-10
4.4514881e-10
4.4529763e-10
4.4556545e-10
4.4410711e-10
4.4565476e-10
4.446726e-10
4.4476195e-10
4.4660714e-10
4.4294643e-10
4.446726e-10
4.4452378e-10
4.4303569e-10
4.4410714e-10
4.4485113e-10
4.4476189e-10
4.4428572e-10
4.4473208e-10
4.4630957e-10
4.4410714e-10
4.4505949e-10
4.4642859e-10
4.4538698e-10
4.44494e-10
4.4333323e-10
4.4392859e-10
4.4577378e-10
4.4357146e-10
4.4416665e-10
4.4401785e-10
4.441667e-10
4.4187498e-10
4.4288692e-10
4.4398812e-10
4.4196427e-10
4.4339288e-10
4.439881e-10
4.4217266e-10
4.433631e-10
4.4309525e-10
4.4366069e-10
4.4309525e-10
4.4270826e-10
4.4413687e-10
4.4354168e-10
4.4309525e-10
4.4529763e-10
4.4336307e-10
4.4526782e-10
4.4372028e-10
4.4250001e-10
4.4300597e-10
4.4366072e-10
4.4377971e-10
4.4235118e-10
4.423214e-10
4.433631e-10
4.4252974e-10
4.4348211e-10
4.4434523e-10
4.4321427e-10
4.4446427e-10
4.4389883e-10
4.4303569e-10
4.4306553e-10
4.4437498e-10
4.4479168e-10
4.4392859e-10
4.4202381e-10
4.4419637e-10
4.4175597e-10
4.4395834e-10
4.4214282e-10
4.4318457e-10
4.4437498e-10
4.4377979e-10
4.4502974e-10
4.4461315e-10
4.435714e-10
4.4428575e-10
4.4339282e-10
4.4431547e-10
4.4374993e-10
4.436905e-10
4.4491069e-10
4.4464288e-10
4.4276785e-10
4.4244045e-10
4.422917e-10
4.4425597e-10
4.4470236e-10
4.447917e-10
4.4312498e-10
4.433631e-10
4.4419643e-10
4.4428572e-10
4.4505952e-10
4.4336307e-10
4.4223217e-10
4.4473217e-10
4.4267853e-10
4.4351195e-10
4.4339282e-10
4.4279758e-10
4.449405e-10
4.4422613e-10
4.4434523e-10
4.4419646e-10
4.434822e-10
4.4500001e-10
4.4428566e-10
4.4372023e-10
4.4354168e-10
4.4306547e-10
4.4389881e-10
4.4407744e-10
4.4425594e-10
4.4544649e-10
4.4458329e-10
4.4553572e-10
4.44494e-10
4.4410714e-10
4.4410711e-10
4.4529763e-10
4.4428575e-10
4.4318454e-10
4.4559523e-10
4.4458334e-10
4.4476195e-10
4.4404763e-10
4.4404763e-10
4.4500001e-10
4.4380952e-10
4.4500001e-10
4.4354168e-10
4.436905e-10
4.4369047e-10
4.4395834e-10
4.4321422e-10
4.4410714e-10
4.435714e-10
4.4398818e-10
4.4351184e-10
4.441667e-10
4.4267862e-10
4.427084e-10
4.4339288e-10
4.4303569e-10
4.4443449e-10
4.449405e-10
4.4505952e-10
4.4354168e-10
4.4372028e-10
4.4491072e-10
4.4312504e-10
4.4437498e-10
4.4449405e-10
4.4333337e-10
4.4377974e-10
4.4449405e-10
4.4291665e-10
4.4318454e-10
4.4446433e-10
4.4229168e-10
4.4455356e-10
4.4366072e-10
4.4363097e-10
4.4306545e-10
4.44494e-10
4.4285714e-10
4.4410711e-10
4.4333331e-10
4.4366064e-10
4.4321422e-10
4.439881e-10
4.4428564e-10
4.442858e-10
4.4443454e-10
4.4476187e-10
4.4306553e-10
4.4419643e-10
4.4345233e-10
4.4315471e-10
4.4419643e-10
4.4202386e-10
4.441667e-10
4.4244045e-10
4.4380952e-10
4.425893e-10
4.4357146e-10
4.452084e-10
4.4250001e-10
4.4303575e-10
4.4392853e-10
4.4309517e-10
4.4383924e-10
4.4437498e-10
4.4333331e-10
4.4413695e-10
4.4443454e-10
4.433631e-10
4.4250001e-10
4.4306545e-10
4.4494047e-10
4.4211307e-10
4.4413687e-10
4.4416665e-10
4.436905e-10
4.4464285e-10
4.4327378e-10
4.4327381e-10
4.4428572e-10
4.4377974e-10
4.4363097e-10
4.4377974e-10
4.4300597e-10
4.4455359e-10
4.4395831e-10
4.4458334e-10
4.4434526e-10
4.4300602e-10
4.4571433e-10
4.4184525e-10
4.4398812e-10
4.4392859e-10
4.4235121e-10
4.4526782e-10
4.4404763e-10
4.4425597e-10
4.4571433e-10
4.4386908e-10
4.4449405e-10
4.4374998e-10
4.4380957e-10
4.4508935e-10
4.4419643e-10
4.4494047e-10
4.4550591e-10
4.4395831e-10
4.4538689e-10
4.4282733e-10
4.4458334e-10
4.4386902e-10
4.4175597e-10
4.4416665e-10
4.4354168e-10
4.4407744e-10
4.4499998e-10
4.4491072e-10
4.4419637e-10
4.4377979e-10
4.4395831e-10
4.4252982e-10
4.4333331e-10
4.4351189e-10
4.4386902e-10
4.4440476e-10
4.438393e-10
4.4559523e-10
4.4202378e-10
4.4267853e-10
4.4401785e-10
4.4238099e-10
4.446131e-10
4.4392859e-10
4.4407741e-10
4.4494047e-10
4.4357149e-10
4.430952e-10
4.4494056e-10
4.4413687e-10
4.4366069e-10
4.4467266e-10
4.4443457e-10
4.4705353e-10
4.4541662e-10
4.4336315e-10
4.4553566e-10
4.4520831e-10
4.4604168e-10
4.4425588e-10
4.4532739e-10
4.4443449e-10
4.4494047e-10
4.47619e-10
4.4437498e-10
4.4443449e-10
4.441667e-10
4.4375001e-10
4.4511902e-10
4.4452383e-10
4.4604165e-10
4.4470239e-10
4.454464e-10
4.4562495e-10
4.4639881e-10
4.4312504e-10
4.4538692e-10
4.4526782e-10
4.4485118e-10
4.450893e-10
4.452381e-10
4.4535714e-10
4.4577383e-10
4.4476195e-10
4.4508935e-10
4.4508924e-10
4.4452383e-10
4.4485118e-10
4.4410711e-10
4.4449405e-10
4.4261905e-10
4.4395834e-10
4.4443454e-10
4.4499993e-10
4.441667e-10
4.4505952e-10
4.4455359e-10
4.436905e-10
4.4741066e-10
4.4470244e-10
4.4383924e-10
4.4410714e-10
4.4440474e-10
4.4592263e-10
4.4422616e-10
4.4413692e-10
4.4363091e-10
4.4458334e-10
4.4488097e-10
4.4538692e-10
4.441667e-10
4.4333329e-10
4.4532739e-10
4.4437498e-10
4.44494e-10
4.4538689e-10
4.4553575e-10
4.4416665e-10
4.4434523e-10
4.449405e-10
4.4500001e-10
4.4383924e-10
4.4267862e-10
4.4491072e-10
4.4467266e-10
4.4398804e-10
4.4398812e-10
4.4499998e-10
4.4354162e-10
4.4508922e-10
4.4315476e-10
4.4494047e-10
4.4482137e-10
4.4443449e-10
4.4342266e-10
4.439881e-10
4.4636908e-10
4.4431547e-10
4.4348211e-10
4.4532739e-10
4.4339288e-10
4.4377971e-10
4.4395831e-10
4.4410714e-10
4.4330359e-10
4.4488099e-10
4.4282741e-10
4.4425597e-10
4.4279758e-10
4.4437495e-10
4.4544643e-10
4.433631e-10
4.4392862e-10
4.4300594e-10
4.4452383e-10
4.4252982e-10
4.4270831e-10
4.4383924e-10
4.4514881e-10
4.4354168e-10
4.4446433e-10
4.4282741e-10
4.4544643e-10
4.4348217e-10
4.4205356e-10
4.4306547e-10
4.4392859e-10
4.4354168e-10
4.4377979e-10
4.4443449e-10
4.450893e-10
4.4511908e-10
4.4303569e-10
4.4401793e-10
4.4535714e-10
4.4425597e-10
4.439584e-10
4.4351184e-10
4.4357146e-10
4.4455351e-10
4.448214e-10
4.4535714e-10
4.4386902e-10
4.4366069e-10
4.437202e-10
4.4395834e-10
4.4434523e-10
4.4363099e-10
4.4440468e-10
4.4583337e-10
4.4422621e-10
4.4485121e-10
4.4413692e-10
4.4386908e-10
4.4476195e-10
4.4491077e-10
4.4395834e-10
4.4559523e-10
4.4425588e-10
4.4571424e-10
4.4500001e-10
4.4247023e-10
4.4345244e-10
4.4488099e-10
