-8.610751e-13
-3.1850911e-13
6.605827e-14
-4.439088e-13
-9.9557862e-13
-4.3511028e-13
-9.0255581e-13
4.6190829e-13
1.1932122e-13
-1.6804613e-13
-3.0156433e-13
1.6049662e-13
1.3043872e-12
-2.2064295e-13
-5.7799598e-13
5.4081739e-14
-1.0137169e-12
4.5230486e-13
4.5975723e-13
-8.4793284e-14
8.7367613e-13
1.0904055e-12
9.0048802e-13
-2.0178303e-14
-3.4126868e-13
1.2898571e-12
1.7706669e-13
5.951073e-13
5.7015503e-13
3.8775927e-13
3.2274183e-13
5.3378135e-13
-3.0600522e-14
2.5554558e-13
-1.1563944e-12
1.6188439e-13
2.5325575e-13
5.7265304e-13
-1.5941415e-13
-4.8365478e-13
4.5011217e-13
6.317169e-13
1.7802426e-13
6.0465521e-13
-5.8170135e-13
9.3763886e-13
-1.5340507e-13
-3.1979974e-13
-4.1647241e-14
2.7669533e-13
8.4560137e-13
-6.2089223e-14
-9.2495456e-14
2.8924085e-13
7.6590123e-13
-2.8009539e-13
-1.2083112e-12
-1.3680723e-13
-1.2954915e-13
2.0435043e-13
3.894246e-13
-2.7139402e-13
1.1376178e-12
1.3535978e-12
9.7842567e-13
8.8060115e-13
5.3677895e-13
-2.2487567e-13
-3.7998771e-13
2.5786318e-13
-2.9076741e-13
2.8022029e-13
-3.6026737e-14
7.1649631e-13
5.23942e-13
6.4308281e-13
1.0128426e-12
6.2191918e-13
4.6188053e-13
4.7700732e-13
7.4380779e-13
4.4124426e-13
-8.3652529e-13
5.3808347e-13
-1.6804613e-13
-8.2904517e-13
7.1023742e-13
-1.2490009e-15
-3.3445469e-15
1.3195556e-12
5.1081361e-13
-9.4438346e-14
9.0566443e-13
1.0981771e-12
2.2362667e-13
1.4130364e-12
1.0648427e-13
3.29195e-13
8.430201e-13
-2.4422131e-13
1.6191493e-12
1.1447787e-13
3.4292014e-13
1.0619006e-12
1.6139035e-12
3.3209546e-14
1.3811452e-12
3.081424e-13
1.4652168e-12
4.8024085e-13
4.5061177e-14
9.6284092e-14
5.1900151e-13
9.8186737e-13
8.3098806e-13
-2.3604729e-13
-1.7921775e-13
-6.5292216e-13
-2.6943725e-13
1.3923585e-13
9.5043418e-13
-1.1548401e-12
-1.2502499e-13
1.8304802e-14
9.9303898e-13
-5.9799388e-14
-2.5816849e-13
4.2438275e-14
-1.3353069e-12
-9.6075925e-13
-1.0135087e-12
-8.310852e-13
-4.3302861e-13
-3.1812053e-13
-4.2393866e-13
6.9812212e-13
-3.1698255e-13
-7.9131146e-14
-1.6227297e-13
1.4831192e-13
4.4972359e-13
-1.5709656e-14
-8.8845598e-14
-5.1016136e-13
-1.1168844e-13
-6.9284856e-13
-1.2649326e-12
1.9198532e-13
-3.8914705e-13
-4.1976145e-13
-2.7600144e-13
-4.6102011e-13
-1.6202317e-13
-6.1048389e-14
-5.1028626e-14
-3.9426795e-14
5.3457239e-14
-1.0938056e-12
8.0005447e-14
-6.9953765e-13
-1.5301649e-13
5.3103355e-13
-7.0299322e-13
1.4961643e-13
-6.4860617e-13
-1.1508433e-12
-8.1880336e-13
1.6460444e-13
1.5834556e-14
-6.2765071e-13
7.0249362e-14
-7.7406137e-13
-7.2004902e-13
-1.3765378e-13
-7.8287377e-13
-4.1296133e-13
-3.7803094e-13
-3.3346936e-13
8.2076013e-13
-6.8278716e-14
-2.7255975e-13
1.5829005e-13
6.6736894e-13
-4.8303028e-13
-5.1958438e-14
3.0850322e-13
-2.8617386e-13
1.9236002e-13
-8.7180263e-14
1.7774809e-12
-1.9619029e-13
9.9072139e-13
1.4083179e-13
-1.3193613e-13
8.6666785e-13
4.5628779e-13
4.6185278e-13
-3.9300507e-13
9.6099517e-13
1.3070101e-13
-4.7753468e-14
5.8890393e-13
9.3434982e-13
-5.1333937e-14
-8.5588481e-13
2.3653302e-13
1.2143064e-13
-7.4551476e-14
3.4069969e-14
2.6935398e-13
1.898065e-13
1.0112744e-12
-7.1635753e-13
2.9362623e-13
-2.2135072e-14
-3.7406189e-13
2.3084312e-13
1.1415452e-12
7.8399787e-13
6.252221e-13
8.5535745e-13
2.1238566e-13
-4.6374016e-13
6.7321149e-14
-9.7290231e-13
-5.5386251e-14
-2.0557167e-13
9.7907793e-14
2.2484792e-13
1.4385715e-12
6.9030892e-13
4.9406312e-13
7.1539996e-14
1.6479873e-13
3.9496184e-13
6.6673056e-13
1.2723295e-12
2.8851921e-13
9.4840802e-14
3.5915715e-13
-8.9188379e-13
-6.1964323e-13
1.014383e-12
-7.6202933e-14
2.3817059e-13
1.1579765e-12
1.8651747e-13
6.6319172e-13
-6.4695471e-13
-6.2592986e-13
3.7018999e-13
8.4537932e-13
-2.6520453e-14
-5.2166604e-14
7.0603245e-13
1.3182511e-13
2.7158831e-14
9.9642516e-15
-2.0826396e-13
6.8403616e-14
5.5232208e-13
2.8586855e-13
1.6493751e-13
4.0251136e-13
1.5026869e-13
6.0387806e-13
1.3374718e-12
5.0916216e-13
9.5630448e-13
-4.181655e-13
9.742207e-15
1.2927159e-13
1.2356366e-12
6.43402e-13
1.2698176e-14
5.9030558e-13
-7.1971595e-13
2.9025393e-13
2.3976654e-13
1.6081581e-13
7.0693451e-14
-2.2115643e-13
-9.1132657e-13
-9.3068608e-13
-6.4312444e-13
-8.4979246e-13
-7.8448359e-13
-2.6174896e-13
4.4605986e-13
1.49325e-14
1.0169643e-13
3.0461744e-14
4.4092507e-13
7.0793371e-13
3.6806669e-13
2.1639635e-13
-2.048639e-13
9.4937946e-14
6.7090777e-13
-5.9804939e-13
-2.6326163e-13
-1.1144002e-12
-6.958184e-13
-3.5671466e-13
4.3841319e-13
-6.5272787e-13
-4.9821258e-15
-3.1306902e-13
5.0154325e-14
-1.1216028e-13
-4.8390458e-13
-9.3829111e-13
-1.8408886e-13
3.128886e-13
1.0781931e-12
2.5224267e-13
-4.5788373e-13
-7.8259621e-13
3.8635761e-13
-9.0344399e-15
6.8184347e-13
2.2021274e-13
-2.4394375e-13
-3.8734294e-13
8.2726881e-13
-7.253087e-13
-3.1319392e-13
4.1036619e-13
-4.6877779e-13
-9.2273411e-14
4.0689674e-13
-2.8431424e-13
8.7457819e-14
-2.5146552e-14
-3.4218461e-13
-1.117384e-12
-1.0701162e-13
-2.9524994e-13
1.5502877e-13
-2.471634e-13
-9.4901864e-13
1.3200413e-12
-3.19203e-13
-1.7907897e-13
-7.2404582e-13
-6.7255923e-13
-3.9884762e-13
4.7095661e-13
2.567252e-13
-9.2703623e-13
-5.5462579e-13
-1.3368612e-12
-2.2791491e-13
-2.3830937e-13
-5.4521665e-13
-8.5481622e-13
-7.7518547e-13
-6.7452988e-13
-1.0375034e-12
-2.0830559e-13
-6.4745431e-13
-7.9690421e-13
-1.2828349e-12
-5.0599802e-13
-2.667172e-13
-1.8264557e-13
-1.6137092e-13
2.6305347e-13
-1.5498713e-13
-1.0346168e-12
-7.9898588e-13
-2.7387814e-13
-9.1392172e-13
-4.4637904e-13
-6.8377248e-13
-1.2731066e-12
-7.2192252e-13
-1.3621326e-12
-1.2274626e-12
-9.4928232e-13
-8.6833318e-13
-1.0632883e-12
-1.4423046e-12
-6.7457151e-13
2.205458e-13
1.2698176e-13
-1.0655921e-12
-9.1238128e-13
-1.1569495e-12
6.1531336e-13
-3.2554515e-13
-5.5065674e-13
-6.2129468e-13
-4.052314e-14
-5.6858684e-13
-7.4873441e-13
-7.6381956e-13
-4.5320692e-13
-5.3089477e-13
-1.0556417e-12
-5.827977e-13
-6.009776e-13
-5.0752458e-13
-5.0549842e-13
-4.6013193e-13
-1.691286e-13
-5.2846616e-13
-8.0260798e-13
-1.591921e-13
-3.3753556e-13
-1.9273472e-13
-2.9090619e-13
-6.8012262e-13
-7.7406137e-13
-8.5649543e-13
-1.4685198e-12
-8.1404328e-13
-8.5127738e-13
-7.5911499e-13
-1.8049451e-13
-7.6906537e-13
-2.9803937e-13
-7.3256679e-13
1.2817525e-13
-8.4784957e-13
7.4287798e-14
-1.821876e-13
-1.1012025e-13
1.7873203e-13
-5.3324012e-13
-3.8306858e-13
4.2096882e-13
1.9623192e-14
2.8570202e-13
1.7601198e-13
-1.4709067e-13
9.3076935e-13
-2.6373348e-13
-8.8505592e-13
-2.5222879e-13
3.4278136e-14
9.0354113e-13
4.7975512e-14
-4.6032622e-14
-5.3207438e-14
-8.4647567e-13
-2.3300806e-13
4.858336e-13
6.0661198e-13
1.2360252e-12
-6.8893502e-13
2.9549974e-13
2.5542068e-13
1.1297213e-12
2.8514691e-13
2.0938806e-13
5.2874372e-13
-2.4835689e-13
-5.1660065e-13
-4.7184479e-14
3.0545011e-13
6.5326911e-13
-1.8665625e-13
-6.6679995e-13
5.4296845e-13
1.3977708e-13
2.484124e-14
5.9031946e-13
-6.4241668e-13
-6.0540462e-13
-6.3876682e-13
4.5241588e-15
1.1515788e-13
-4.9830973e-13
-1.4843127e-12
-1.9274859e-13
2.8123337e-13
-7.7722551e-13
2.5679459e-13
-2.8627101e-13
3.3904823e-13
5.5323801e-13
9.0696894e-13
5.7580329e-13
1.2385926e-13
-1.2202739e-13
-4.0445425e-13
4.0176196e-14
1.0280526e-12
-2.0732027e-13
-6.6394112e-13
-8.2919782e-14
1.9631519e-13
-1.3995749e-13
-1.6892043e-13
-2.3099578e-13
2.9272418e-13
-1.622591e-13
6.4770411e-13
-6.1001204e-13
-4.9016347e-14
-2.6140201e-13
-1.6786572e-13
-1.2487233e-12
8.3728857e-13
7.063794e-15
6.3349326e-13
1.2485984e-12
7.5410511e-13
1.4434287e-13
3.0832281e-13
-2.9622138e-13
1.0134948e-13
1.5147605e-12
1.3342383e-12
1.129985e-12
1.0068751e-12
1.4231949e-12
7.7109152e-13
2.3607921e-12
2.7716024e-12
3.0928593e-12
4.7194054e-12
7.5896511e-12
1.0029283e-11
1.217465e-11
1.4972898e-11
1.8473417e-11
2.1791888e-11
2.5137017e-11
2.8865896e-11
3.1913833e-11
3.3534953e-11
3.6944073e-11
3.8810524e-11
3.9826351e-11
4.0730655e-11
4.1369005e-11
4.0519935e-11
4.0200843e-11
4.1788781e-11
4.1425002e-11
4.1529211e-11
4.2442855e-11
4.3038281e-11
4.3811274e-11
4.4782733e-11
4.61437e-11
4.5016879e-11
4.6152734e-11
4.5670592e-11
4.5982662e-11
4.5247153e-11
4.5971588e-11
4.6477308e-11
4.6173204e-11
4.6704002e-11
4.6887452e-11
4.5853266e-11
4.7020873e-11
4.8725773e-11
4.686114e-11
4.8473323e-11
4.9465446e-11
4.9334814e-11
4.8704499e-11
4.9179064e-11
4.9467722e-11
4.9252311e-11
4.9335688e-11
4.9870996e-11
4.9150045e-11
5.0300791e-11
4.9450333e-11
4.9395738e-11
4.9408741e-11
5.0650303e-11
5.0954546e-11
5.0014506e-11
4.9602808e-11
4.9722421e-11
4.9412224e-11
4.99569e-11
4.9795668e-11
4.9333496e-11
4.8958046e-11
4.8916121e-11
4.8379453e-11
4.9286158e-11
4.9709278e-11
4.9793503e-11
4.97824e-11
5.0176349e-11
4.9430779e-11
4.9397014e-11
4.9677165e-11
4.979174e-11
4.8858112e-11
4.9178064e-11
4.8974838e-11
4.8922685e-11
4.8383089e-11
4.8209783e-11
4.8228199e-11
4.7368692e-11
4.9206417e-11
4.8791526e-11
4.7760337e-11
4.8041487e-11
4.8661464e-11
4.8224993e-11
4.8633375e-11
4.7252049e-11
4.7510385e-11
4.7413087e-11
4.7784221e-11
4.7174237e-11
4.7739215e-11
4.6866219e-11
4.6265228e-11
4.7073109e-11
4.7019805e-11
4.6666171e-11
4.6660675e-11
4.6962961e-11
4.7188642e-11
4.6405199e-11
4.6765036e-11
4.5789622e-11
4.6147905e-11
4.6885412e-11
4.6966528e-11
4.6259913e-11
4.6462639e-11
4.6589441e-11
4.5057555e-11
4.5009635e-11
4.4967766e-11
4.5146956e-11
4.492437e-11
4.4430043e-11
4.6224066e-11
4.5483464e-11
4.5536727e-11
4.5241588e-11
4.4675361e-11
4.3382478e-11
4.4206042e-11
4.4943743e-11
4.4211149e-11
4.3909709e-11
4.3421336e-11
4.3679643e-11
4.4459589e-11
4.3730478e-11
4.3635207e-11
4.3875265e-11
4.2991985e-11
4.3528833e-11
4.3332407e-11
4.2893036e-11
4.3549456e-11
4.3939241e-11
4.2978079e-11
4.2502252e-11
4.187789e-11
4.2220935e-11
4.2297166e-11
4.2131507e-11
4.2734913e-11
4.2137363e-11
4.2344614e-11
4.1930917e-11
4.1644146e-11
4.2438469e-11
4.2510925e-11
4.2458301e-11
4.2070666e-11
4.1535442e-11
4.2562884e-11
4.1072992e-11
4.0769693e-11
4.0600259e-11
4.1541479e-11
4.0724188e-11
4.1946988e-11
4.0515785e-11
4.127923e-11
4.0713655e-11
3.8859083e-11
4.0656103e-11
3.9352049e-11
3.8879955e-11
3.9022341e-11
3.9096462e-11
4.0057832e-11
3.9576578e-11
3.9555872e-11
3.9773268e-11
3.982531e-11
3.9844822e-11
4.0665749e-11
3.9665299e-11
3.9469733e-11
4.0181886e-11
3.9990539e-11
4.0124265e-11
3.92925e-11
3.9631715e-11
3.9253129e-11
3.9357226e-11
3.9951015e-11
3.8808179e-11
3.9244538e-11
3.9907952e-11
3.9725612e-11
3.9843698e-11
3.9533932e-11
3.934586e-11
3.7595344e-11
3.893752e-11
3.9657541e-11
3.793707e-11
3.9257153e-11
3.9217365e-11
3.8333059e-11
3.8428705e-11
3.8169856e-11
3.8153439e-11
3.8286124e-11
3.7477979e-11
3.7881379e-11
3.8455142e-11
3.8105727e-11
3.7583256e-11
3.7577913e-11
3.8036158e-11
3.8254677e-11
3.8019921e-11
3.8078651e-11
3.7346654e-11
3.7283066e-11
3.6946238e-11
3.7693598e-11
3.8155173e-11
3.7534045e-11
3.7476119e-11
3.6367673e-11
3.674358e-11
3.6654985e-11
3.6495446e-11
3.5890901e-11
3.6615849e-11
3.5285636e-11
3.6309011e-11
3.6205053e-11
3.6274067e-11
3.5654396e-11
3.5844619e-11
3.4521649e-11
3.5081077e-11
3.5045203e-11
3.501488e-11
3.4721434e-11
3.4907285e-11
3.5634024e-11
3.6340722e-11
3.6113557e-11
3.556333e-11
3.525949e-11
3.5432018e-11
3.5167119e-11
3.4972303e-11
3.5750417e-11
3.5588643e-11
3.4542175e-11
3.3739553e-11
3.4461975e-11
3.5332431e-11
3.4571859e-11
3.5444828e-11
3.5487988e-11
3.4028322e-11
3.3918104e-11
3.5459427e-11
3.4197076e-11
3.4389352e-11
3.4867623e-11
3.4408518e-11
3.4153846e-11
3.3700903e-11
3.2935876e-11
3.4091743e-11
3.377805e-11
3.3348324e-11
3.3269207e-11
3.4050832e-11
3.3048855e-11
3.2540012e-11
3.3968439e-11
3.3936798e-11
3.2896366e-11
3.3683042e-11
3.3918063e-11
3.3788819e-11
3.4172748e-11
3.3352224e-11
3.3018338e-11
3.30099e-11
3.3710895e-11
3.2389424e-11
3.376989e-11
3.2561634e-11
3.2197689e-11
3.1792305e-11
3.2387606e-11
3.290973e-11
3.2992248e-11
3.3022196e-11
3.1981917e-11
3.3037489e-11
3.3374692e-11
3.3581332e-11
3.2586267e-11
3.3562625e-11
3.2277417e-11
3.1303751e-11
3.2968017e-11
3.299977e-11
3.2920597e-11
3.316282e-11
3.1720987e-11
3.3358954e-11
3.2318315e-11
3.188852e-11
3.1989439e-11
3.1943545e-11
3.232975e-11
3.0794436e-11
3.1586872e-11
3.0780586e-11
3.1102759e-11
3.069818e-11
3.1704847e-11
3.0507111e-11
3.0505376e-11
2.9750771e-11
3.2185893e-11
3.1089006e-11
3.0848143e-11
3.0715097e-11
2.9708513e-11
3.058874e-11
3.1323652e-11
3.1064054e-11
3.1095515e-11
3.1476224e-11
2.9766661e-11
2.9592065e-11
3.0812644e-11
3.0461869e-11
2.9981198e-11
2.941157e-11
2.8844718e-11
2.8974517e-11
3.0007746e-11
2.998099e-11
2.7970459e-11
3.0056541e-11
2.9851122e-11
2.8832256e-11
2.9006395e-11
2.9361694e-11
2.8574046e-11
2.9806657e-11
2.8722372e-11
2.9872577e-11
2.8672231e-11
2.8606242e-11
2.9202613e-11
2.856522e-11
2.8841957e-11
2.8626726e-11
2.8274591e-11
2.830905e-11
2.8613528e-11
2.7576219e-11
2.8037156e-11
2.8098565e-11
2.8099509e-11
2.8585578e-11
2.816164e-11
2.7942343e-11
2.8783212e-11
2.8818434e-11
2.8053462e-11
2.8002919e-11
2.8746686e-11
2.7995939e-11
2.7565145e-11
2.7874272e-11
2.7586461e-11
2.7773034e-11
2.7531227e-11
2.8395494e-11
2.8130345e-11
2.7805799e-11
2.8661809e-11
2.7591832e-11
2.8836003e-11
2.767421e-11
2.6868133e-11
2.6921021e-11
2.8118549e-11
2.767446e-11
2.7550823e-11
2.7147479e-11
2.8127403e-11
2.6898345e-11
2.6253152e-11
2.680306e-11
2.6430205e-11
2.7716607e-11
2.7795086e-11
2.657119e-11
2.6218763e-11
2.6039698e-11
2.7511493e-11
2.6923866e-11
2.6224703e-11
2.598595e-11
2.6185262e-11
2.6405017e-11
2.5562746e-11
2.7319674e-11
2.8123462e-11
2.6739264e-11
2.538024e-11
2.7452776e-11
2.5302635e-11
2.5683719e-11
2.6322264e-11
2.6144087e-11
2.6948471e-11
2.7424396e-11
2.661453e-11
2.6227451e-11
2.6605398e-11
2.6648822e-11
2.5957736e-11
2.6253347e-11
2.6205718e-11
2.6898789e-11
2.6134012e-11
2.5876759e-11
2.604604e-11
2.6534885e-11
2.616872e-11
2.5259461e-11
2.5437458e-11
2.5769872e-11
2.5823871e-11
2.4965904e-11
2.4802216e-11
2.5788233e-11
2.6385255e-11
2.6072269e-11
2.578536e-11
2.6097874e-11
2.5929078e-11
2.6645464e-11
2.5404137e-11
2.5795824e-11
2.6274025e-11
2.5995567e-11
2.6430441e-11
2.5860966e-11
2.5516228e-11
2.5132202e-11
2.5538002e-11
2.5425675e-11
2.543786e-11
2.4366786e-11
2.5069807e-11
2.3810273e-11
2.374452e-11
2.5145747e-11
2.4844321e-11
2.5482338e-11
2.4074409e-11
2.4375474e-11
2.4141272e-11
2.4432331e-11
2.4638527e-11
2.4665409e-11
2.4133348e-11
2.4511573e-11
2.3589505e-11
2.4215671e-11
2.5213859e-11
2.4723251e-11
2.5064645e-11
2.4085955e-11
2.376109e-11
2.4684657e-11
2.5177416e-11
2.3798533e-11
2.4683047e-11
2.4343125e-11
2.4966779e-11
2.4051566e-11
2.3850852e-11
2.3992905e-11
2.4523064e-11
2.4281729e-11
2.4612937e-11
2.4763649e-11
2.5080979e-11
2.441157e-11
2.3586716e-11
2.3996458e-11
2.412176e-11
2.3084271e-11
2.3885477e-11
2.3235067e-11
2.4462474e-11
2.40786e-11
2.4053037e-11
2.3939517e-11
2.356125e-11
2.4366273e-11
2.3355873e-11
2.4301908e-11
2.2696067e-11
2.277617e-11
2.3628946e-11
2.3022986e-11
2.1875793e-11
2.224354e-11
2.2799845e-11
2.2411184e-11
2.2517155e-11
2.2250146e-11
2.3036156e-11
2.2794683e-11
2.2816235e-11
2.2760488e-11
2.3029051e-11
2.4039451e-11
2.2883348e-11
2.1772917e-11
2.2406368e-11
2.157681e-11
2.3084729e-11
2.2857882e-11
2.1743538e-11
2.2932503e-11
2.1792151e-11
2.2594496e-11
2.1333782e-11
2.2102611e-11
2.2212371e-11
2.2181354e-11
2.245984e-11
2.2313984e-11
2.2230093e-11
2.19261e-11
2.17137e-11
2.2304936e-11
2.2162897e-11
2.1864649e-11
2.2662289e-11
2.3311256e-11
2.2699551e-11
2.2723434e-11
2.3206825e-11
2.312997e-11
2.2937388e-11
2.2934613e-11
2.1895111e-11
2.3179056e-11
2.2220809e-11
2.2543703e-11
2.2167754e-11
2.2624749e-11
2.2433277e-11
2.2407548e-11
2.2201158e-11
2.2691571e-11
2.2323185e-11
2.2872121e-11
2.2498794e-11
2.3485394e-11
2.2215937e-11
2.3128749e-11
2.2920929e-11
2.2562022e-11
2.3291882e-11
2.2208818e-11
2.264558e-11
2.2263219e-11
2.3427774e-11
2.3547053e-11
2.2666105e-11
2.1731228e-11
2.2216548e-11
2.2785551e-11
2.2754826e-11
2.1944335e-11
2.1686722e-11
2.0808841e-11
2.2312291e-11
2.2580868e-11
2.1624119e-11
2.2599908e-11
2.2597535e-11
2.2297705e-11
2.196332e-11
2.0880464e-11
2.0918031e-11
2.1043736e-11
1.979561e-11
2.1906629e-11
2.0829324e-11
2.1155272e-11
2.0518739e-11
2.1164917e-11
2.1265989e-11
2.1096347e-11
2.1155633e-11
2.1893459e-11
2.157742e-11
2.1103883e-11
2.1937965e-11
2.1843236e-11
2.1673052e-11
2.1235166e-11
2.0984617e-11
2.1626964e-11
2.1133387e-11
2.1173091e-11
2.0752844e-11
2.1529487e-11
2.1208008e-11
2.1570384e-11
2.1480803e-11
2.2226443e-11
2.1436089e-11
2.1217209e-11
2.0668356e-11
2.0928329e-11
2.0583202e-11
1.9888466e-11
2.0931284e-11
2.0419597e-11
2.0860841e-11
2.0689436e-11
2.0716054e-11
2.1535815e-11
2.043006e-11
2.0802332e-11
2.1245103e-11
2.1361676e-11
2.1443874e-11
2.0888125e-11
2.1220983e-11
2.1208021e-11
2.1379024e-11
2.1911584e-11
2.0295224e-11
2.203894e-11
2.0589808e-11
2.1039434e-11
2.1411067e-11
2.1140242e-11
2.0329238e-11
2.040311e-11
2.0268565e-11
2.0354093e-11
1.9850094e-11
2.0616397e-11
2.0651147e-11
2.1520258e-11
2.1765437e-11
2.1222052e-11
2.1846386e-11
2.0998231e-11
2.0346141e-11
2.1307095e-11
2.145141e-11
2.0450697e-11
2.0846436e-11
2.1491406e-11
2.1347535e-11
2.0505653e-11
1.9988552e-11
2.0651439e-11
2.0969435e-11
2.0605823e-11
2.0950602e-11
2.0580496e-11
2.0940583e-11
2.0878022e-11
2.0117324e-11
1.9940813e-11
2.0768248e-11
1.9915444e-11
2.0125013e-11
2.0190433e-11
1.9946891e-11
2.1005184e-11
2.0383306e-11
1.8940224e-11
1.960096e-11
2.0302884e-11
1.962934e-11
2.0723229e-11
2.0374188e-11
1.9770394e-11
1.9329746e-11
1.96963e-11
1.9696564e-11
2.0127344e-11
2.0691698e-11
1.9558424e-11
2.0381502e-11
1.9802646e-11
1.9341029e-11
1.9535318e-11
2.0508109e-11
2.0114452e-11
1.9338461e-11
1.9086205e-11
1.9620208e-11
2.0468155e-11
1.984081e-11
1.9483914e-11
1.9214977e-11
1.7821966e-11
1.8980928e-11
1.9964391e-11
1.986819e-11
1.9781815e-11
1.9536414e-11
1.9529767e-11
1.9402951e-11
1.9375307e-11
2.0387803e-11
1.9679508e-11
1.9093047e-11
1.9358737e-11
1.8880508e-11
1.9787422e-11
1.8951563e-11
1.9582211e-11
1.8933549e-11
1.868114e-11
1.8823332e-11
1.8981774e-11
1.9688418e-11
1.9390059e-11
1.8615554e-11
1.8297169e-11
1.9734117e-11
1.9322155e-11
1.8541502e-11
1.8675742e-11
1.9176535e-11
1.9199517e-11
1.9395818e-11
1.9812194e-11
1.9635113e-11
1.994678e-11
1.9772253e-11
1.9529517e-11
2.0482505e-11
1.985144e-11
1.8942112e-11
1.9289653e-11
1.8599816e-11
1.9600419e-11
1.9975577e-11
1.8684984e-11
1.936995e-11
1.8283736e-11
1.8811452e-11
1.9135096e-11
1.8654453e-11
1.7925592e-11
1.8020807e-11
1.8041416e-11
1.8030979e-11
1.8457111e-11
1.7676874e-11
1.763302e-11
1.7871107e-11
1.8812216e-11
1.8346658e-11
1.9024518e-11
1.9158966e-11
1.8354554e-11
1.8470475e-11
1.8650456e-11
1.8498855e-11
1.9034496e-11
1.8660448e-11
1.8617732e-11
1.86203e-11
1.847264e-11
1.8908555e-11
1.9203583e-11
1.8806887e-11
1.8783433e-11
1.9720517e-11
1.8406651e-11
1.8657562e-11
1.9292373e-11
1.8587326e-11
1.9533763e-11
1.8335541e-11
1.8656965e-11
1.8901644e-11
1.922594e-11
1.9571386e-11
1.8255605e-11
1.8221646e-11
1.8675464e-11
1.8677948e-11
1.7578897e-11
1.8108209e-11
1.8179375e-11
1.7328833e-11
1.6969759e-11
1.7785259e-11
1.8494636e-11
1.8144097e-11
1.8388763e-11
1.7982463e-11
1.8605908e-11
1.8641574e-11
1.8032367e-11
1.8404778e-11
1.843041e-11
1.8236537e-11
1.8854043e-11
1.7877269e-11
1.8312241e-11
1.8683124e-11
1.8858373e-11
1.8340426e-11
1.8347893e-11
1.8812271e-11
1.8147595e-11
1.8703275e-11
2.027159e-11
1.8577986e-11
1.8704371e-11
1.8734486e-11
1.9201363e-11
1.8792287e-11
1.8936047e-11
1.8604979e-11
1.8484617e-11
1.9223664e-11
1.8182067e-11
1.8032589e-11
1.7140747e-11
1.7457188e-11
1.8088225e-11
1.8687399e-11
1.7878476e-11
1.7682841e-11
1.8494831e-11
1.7966115e-11
1.7600491e-11
1.614317e-11
1.7752855e-11
1.7294929e-11
1.7877186e-11
1.8199733e-11
1.7837551e-11
1.8239577e-11
1.810678e-11
1.9179838e-11
1.7598561e-11
1.8798102e-11
1.9418703e-11
1.7559149e-11
1.8093735e-11
1.8383281e-11
1.7724405e-11
1.7182353e-11
1.8128804e-11
1.8592614e-11
1.7953902e-11
1.8010038e-11
1.7147006e-11
1.8038668e-11
1.7762125e-11
1.8034574e-11
1.8864785e-11
1.8142543e-11
1.762171e-11
1.8631e-11
1.8093443e-11
1.9098834e-11
1.7854759e-11
1.8827481e-11
1.902245e-11
1.8366114e-11
1.8182247e-11
1.8003168e-11
1.7519292e-11
1.7535709e-11
1.8288024e-11
1.783243e-11
1.9023214e-11
1.8632179e-11
1.7357726e-11
1.7754867e-11
1.8319096e-11
1.7159121e-11
1.8001392e-11
1.8983329e-11
1.7620905e-11
1.7564422e-11
1.7745444e-11
1.8100604e-11
1.6976198e-11
1.7598714e-11
1.7562396e-11
1.7609594e-11
1.7736951e-11
1.8015534e-11
1.7655294e-11
1.7113047e-11
1.7245982e-11
1.7430168e-11
1.7343196e-11
1.7309584e-11
1.6973173e-11
1.7333579e-11
1.741246e-11
1.7656848e-11
1.6219179e-11
1.6845483e-11
1.6961321e-11
1.6903215e-11
1.7701812e-11
1.8069157e-11
1.7681523e-11
1.7639126e-11
1.8341953e-11
1.7833179e-11
1.7795362e-11
1.7430238e-11
1.7977272e-11
1.7928908e-11
1.8548524e-11
1.7413238e-11
1.7092314e-11
1.6725329e-11
1.6625576e-11
1.7109342e-11
1.7002275e-11
1.6128196e-11
1.6149249e-11
1.7058716e-11
1.6417617e-11
1.6129126e-11
1.6590021e-11
1.6064802e-11
1.598173e-11
1.6437116e-11
1.5920654e-11
1.6045207e-11
1.6768906e-11
1.6808194e-11
1.5818472e-11
1.6873586e-11
1.6669374e-11
1.6445026e-11
1.5745932e-11
1.6329049e-11
1.5994261e-11
1.6403046e-11
1.611021e-11
1.5779558e-11
1.6725635e-11
1.6947443e-11
1.7176552e-11
1.6116525e-11
1.653952e-11
1.6988647e-11
1.6329424e-11
1.6156951e-11
1.584069e-11
1.6063637e-11
1.6571369e-11
1.793532e-11
1.6503812e-11
1.6975074e-11
1.6249335e-11
1.5233009e-11
1.5197302e-11
1.7125926e-11
1.7228413e-11
1.5595872e-11
1.5664567e-11
1.5789925e-11
1.6334725e-11
1.6171411e-11
1.6209908e-11
1.6506102e-11
1.6715504e-11
1.6147514e-11
1.6709051e-11
1.6674634e-11
1.6601442e-11
1.6637913e-11
1.6667501e-11
1.6030344e-11
1.6418866e-11
1.6743357e-11
1.7280538e-11
1.6732213e-11
1.6327176e-11
1.6484439e-11
1.6682322e-11
1.6916704e-11
1.6725052e-11
1.6616916e-11
1.6096471e-11
1.6990895e-11
1.6833188e-11
1.7277249e-11
1.6676743e-11
1.5921875e-11
1.645914e-11
1.5711377e-11
1.5934559e-11
1.5421248e-11
1.5780294e-11
1.5340298e-11
1.5271631e-11
1.6056628e-11
1.4938148e-11
1.4986193e-11
1.580748e-11
1.5844132e-11
1.5358229e-11
1.5152934e-11
1.5120585e-11
1.536099e-11
1.5482476e-11
1.4437562e-11
1.4956217e-11
1.5125012e-11
1.5157001e-11
1.5395657e-11
1.5232204e-11
1.4835855e-11
1.4486745e-11
1.4931945e-11
1.4642829e-11
1.5364363e-11
1.4884621e-11
1.5142332e-11
1.4758958e-11
1.5627652e-11
1.4547932e-11
1.4947751e-11
1.4978532e-11
1.4762025e-11
1.4651863e-11
1.5762364e-11
1.5008522e-11
1.4570858e-11
1.4167806e-11
1.4489493e-11
1.4919552e-11
1.5117366e-11
1.4260926e-11
1.5358922e-11
1.5539361e-11
1.4923729e-11
1.4471077e-11
1.5046825e-11
1.4865706e-11
1.4954468e-11
1.4367105e-11
1.4697951e-11
1.4815246e-11
1.4430623e-11
1.5478105e-11
1.5351748e-11
1.5062826e-11
1.589813e-11
1.6060347e-11
1.5186546e-11
1.63944e-11
1.5030643e-11
1.4971691e-11
1.5793034e-11
1.4900012e-11
1.5665275e-11
1.5243334e-11
1.4622317e-11
1.4433357e-11
1.525631e-11
1.5030616e-11
1.4590593e-11
1.4707596e-11
1.5159998e-11
1.5189378e-11
1.5791604e-11
1.453461e-11
1.452749e-11
1.474354e-11
1.4941284e-11
1.4960436e-11
1.4604706e-11
1.5063756e-11
1.5118837e-11
1.5403775e-11
1.5227278e-11
1.458432e-11
1.4896487e-11
1.4935983e-11
1.5301038e-11
1.5942678e-11
1.5503335e-11
1.5870805e-11
1.5002194e-11
1.441719e-11
1.4100124e-11
1.574077e-11
1.5402984e-11
1.5736565e-11
1.5124138e-11
1.5814475e-11
1.5522805e-11
1.4784701e-11
1.5386137e-11
1.5523319e-11
1.4808432e-11
1.5409674e-11
1.5385276e-11
1.4378276e-11
1.5150478e-11
1.499173e-11
1.5764071e-11
1.6437934e-11
1.6138382e-11
1.5156446e-11
1.4128088e-11
1.4920731e-11
1.5484197e-11
1.4910601e-11
1.5798807e-11
1.4985485e-11
1.4837701e-11
1.464992e-11
1.465171e-11
1.4826695e-11
1.395048e-11
1.4404783e-11
1.413171e-11
1.396315e-11
1.4893073e-11
1.4336463e-11
1.5236867e-11
1.4650947e-11
1.4095766e-11
1.4836424e-11
1.4548723e-11
1.3450532e-11
1.4017232e-11
1.4649171e-11
1.5064658e-11
1.4875448e-11
1.4648949e-11
1.463854e-11
1.4373266e-11
1.5126261e-11
1.444582e-11
1.5024232e-11
1.4202556e-11
1.5577942e-11
1.4672472e-11
1.4878529e-11
1.4809459e-11
1.5449766e-11
1.4965529e-11
1.5520016e-11
1.4171386e-11
1.6178781e-11
1.4996976e-11
1.5724963e-11
1.4949847e-11
1.4995741e-11
1.4882443e-11
1.4363732e-11
1.4331411e-11
1.4135304e-11
1.4301699e-11
1.4759971e-11
1.380035e-11
1.484958e-11
1.4501844e-11
1.3688148e-11
1.3874527e-11
1.4650142e-11
1.4307777e-11
1.4413595e-11
1.4415344e-11
1.4228924e-11
1.5113868e-11
1.473334e-11
1.4617405e-11
1.4905382e-11
1.3915022e-11
1.4227911e-11
1.4603596e-11
1.4464832e-11
1.5132187e-11
1.4309651e-11
1.5034265e-11
1.5761434e-11
1.5295917e-11
1.5627902e-11
1.4917928e-11
1.5653839e-11
1.4181711e-11
1.6143573e-11
1.4068149e-11
1.4525436e-11
1.412713e-11
1.3788526e-11
1.442077e-11
1.4678397e-11
1.5782084e-11
1.4279605e-11
1.5437734e-11
1.5737883e-11
1.5429047e-11
1.518724e-11
1.387368e-11
1.4485066e-11
1.4717533e-11
1.4838894e-11
1.5061161e-11
1.4543311e-11
1.3710352e-11
1.4032012e-11
1.4999377e-11
1.4148141e-11
1.3372081e-11
1.3845258e-11
1.324553e-11
1.4112711e-11
1.4328372e-11
1.3466742e-11
1.4995449e-11
1.4267199e-11
1.3632082e-11
1.431491e-11
1.3538143e-11
1.3505488e-11
1.3495469e-11
1.4169929e-11
1.3550827e-11
1.3955948e-11
1.2489412e-11
1.2986334e-11
1.3987311e-11
1.4205193e-11
1.3928234e-11
1.3368806e-11
1.3193405e-11
1.3475568e-11
1.3844398e-11
1.3622492e-11
1.4224608e-11
1.3178736e-11
1.3115495e-11
1.3192392e-11
1.3169049e-11
1.3050228e-11
1.4342291e-11
1.4267976e-11
1.3400975e-11
1.3905072e-11
1.3924112e-11
1.3323148e-11
1.4256055e-11
1.3249776e-11
1.2649326e-11
1.3356247e-11
1.2931725e-11
1.302751e-11
1.3695975e-11
1.3594431e-11
1.3980275e-11
1.3790857e-11
1.3063578e-11
1.4227813e-11
1.4201321e-11
1.335515e-11
1.4150417e-11
1.3624449e-11
1.4211257e-11
1.3499438e-11
1.3371998e-11
1.4318824e-11
1.440674e-11
1.3230403e-11
1.4281604e-11
1.3668594e-11
1.4105675e-11
1.5043952e-11
1.4574952e-11
1.2604265e-11
1.4564502e-11
1.3452239e-11
1.3931675e-11
1.4105633e-11
1.4076629e-11
1.4434481e-11
1.2998699e-11
1.2837953e-11
1.2922163e-11
1.4063722e-11
1.4218529e-11
1.4101706e-11
1.3666651e-11
1.346101e-11
1.37583e-11
1.3875678e-11
1.4136387e-11
1.3142362e-11
1.4348106e-11
1.4363788e-11
1.3672383e-11
1.3268719e-11
1.3502185e-11
1.432035e-11
1.3879606e-11
1.4008308e-11
1.3779755e-11
1.3976084e-11
1.2343848e-11
1.3502033e-11
1.4128976e-11
1.3272744e-11
1.3339996e-11
1.3604562e-11
1.3681264e-11
1.382626e-11
1.3120408e-11
1.37578e-11
1.2640472e-11
1.3067325e-11
1.3865714e-11
1.4210313e-11
1.2580756e-11
1.2606027e-11
1.3100424e-11
1.3240395e-11
1.2374685e-11
1.3215082e-11
1.2633283e-11
1.2922552e-11
1.2802828e-11
1.223259e-11
1.2155152e-11
1.1788764e-11
1.1702084e-11
1.2522802e-11
1.1848522e-11
1.2815624e-11
1.1377635e-11
1.2165061e-11
1.2692666e-11
1.2265522e-11
1.2939677e-11
1.2793114e-11
1.2785079e-11
1.2146936e-11
1.2653184e-11
1.1722637e-11
1.1700793e-11
1.1554147e-11
1.1429455e-11
1.2664189e-11
1.2012821e-11
1.2189749e-11
1.1902646e-11
1.232156e-11
1.1907655e-11
1.1253387e-11
1.1857251e-11
1.1737833e-11
1.2458312e-11
1.2254225e-11
1.2299314e-11
1.2021731e-11
1.3124266e-11
1.2029239e-11
1.1764922e-11
1.181967e-11
1.2149878e-11
1.1993392e-11
1.15363e-11
1.1880844e-11
1.2250603e-11
1.2354465e-11
1.3610113e-11
1.2540149e-11
1.2627746e-11
1.204814e-11
1.1764395e-11
1.1411552e-11
1.30322e-11
1.247924e-11
1.2094978e-11
1.2683576e-11
1.2049819e-11
1.2450735e-11
1.1820322e-11
1.2676554e-11
1.283329e-11
1.1693757e-11
1.2424867e-11
1.2909118e-11
1.1656842e-11
1.1973061e-11
1.2622042e-11
1.2614201e-11
1.2015972e-11
1.2854495e-11
1.2534751e-11
1.2632673e-11
1.148466e-11
1.2234325e-11
1.1104895e-11
1.1128418e-11
1.1596335e-11
1.1326648e-11
1.1337056e-11
1.0286605e-11
1.0633536e-11
1.1345064e-11
1.1162779e-11
1.1212239e-11
1.0426049e-11
1.1308662e-11
1.1374082e-11
1.1347936e-11
1.0716761e-11
1.0797779e-11
1.1420739e-11
1.0742462e-11
1.0981757e-11
1.1793497e-11
1.0628359e-11
1.1273621e-11
1.205612e-11
1.0460077e-11
1.124241e-11
1.2118528e-11
1.1254303e-11
1.2269644e-11
1.1149096e-11
1.1652387e-11
1.2297843e-11
1.2102722e-11
1.0440496e-11
1.1308718e-11
1.0679554e-11
1.0717469e-11
1.1564721e-11
1.1150525e-11
1.1281254e-11
1.1230517e-11
1.1270013e-11
1.0803913e-11
1.1262713e-11
1.0636617e-11
1.0245416e-11
1.081954e-11
1.1965332e-11
1.1039017e-11
1.0673948e-11
1.1276632e-11
1.2235449e-11
1.18828e-11
1.0450779e-11
1.106143e-11
1.1332588e-11
1.0562856e-11
1.1137286e-11
1.1514151e-11
1.1960835e-11
1.2366275e-11
1.1154966e-11
1.0834889e-11
1.102915e-11
1.00496e-11
1.092812e-11
1.0886334e-11
1.0838219e-11
1.0897949e-11
1.0885542e-11
1.1274856e-11
1.1432646e-11
1.0425508e-11
1.0802984e-11
9.411999e-12
1.0972209e-11
1.0910703e-11
1.0601423e-11
1.1110043e-11
1.1532789e-11
1.0872636e-11
1.1551468e-11
1.0944773e-11
1.1020074e-11
1.1556492e-11
1.073748e-11
1.184744e-11
1.150792e-11
1.08515e-11
9.8767938e-12
1.0807619e-11
1.1085716e-11
1.085268e-11
1.1364715e-11
1.0876286e-11
1.0518225e-11
1.1537854e-11
1.0721146e-11
1.145202e-11
1.0172904e-11
9.7687136e-12
1.0718759e-11
1.1203705e-11
1.0640488e-11
1.0583451e-11
9.5641967e-12
9.2544306e-12
1.0996315e-11
9.8547975e-12
9.9310421e-12
9.6390812e-12
1.0564619e-11
1.0173598e-11
1.0352899e-11
8.9134811e-12
9.4316499e-12
9.0745467e-12
1.0409687e-11
8.6630425e-12
1.0398363e-11
9.3778735e-12
1.0001708e-11
9.1314734e-12
1.0441537e-11
1.0844298e-11
1.0504694e-11
9.8464986e-12
1.0370038e-11
1.0405232e-11
9.8876324e-12
9.8510228e-12
1.0219617e-11
9.3075131e-12
9.8088343e-12
9.2095775e-12
1.0513479e-11
9.9651398e-12
1.0063159e-11
9.8744207e-12
1.0298068e-11
1.0238754e-11
9.9176917e-12
1.0420984e-11
9.7408331e-12
9.4755037e-12
9.1368024e-12
1.0122375e-11
9.5351921e-12
9.7345465e-12
9.0709662e-12
9.3716007e-12
9.596296e-12
9.376569e-12
9.4037556e-12
9.7939296e-12
9.0118746e-12
1.0066864e-11
9.3367952e-12
9.2033881e-12
9.8257513e-12
1.0288076e-11
1.0312598e-11
9.4799585e-12
1.060016e-11
1.0958082e-11
1.0237422e-11
9.9824038e-12
9.5506797e-12
1.0210721e-11
9.9087544e-12
9.2768987e-12
1.051588e-11
1.0079382e-11
9.4014657e-12
9.7141739e-12
1.0592208e-11
9.2735125e-12
9.2338082e-12
9.7333253e-12
9.9991404e-12
1.0076925e-11
1.0202852e-11
9.613324e-12
9.8938496e-12
9.4063091e-12
1.0203616e-11
9.4921015e-12
8.7122254e-12
9.7492708e-12
9.911072e-12
9.6972014e-12
1.0431933e-11
9.5230768e-12
1.0282733e-11
9.6308239e-12
1.0621309e-11
9.664769e-12
9.117776e-12
1.0147688e-11
1.1365908e-11
1.0569254e-11
1.1467063e-11
1.0022969e-11
9.7988284e-12
1.1071435e-11
9.8822617e-12
1.0733595e-11
1.0730805e-11
1.0269161e-11
1.0292392e-11
1.0568171e-11
1.0066462e-11
1.0177664e-11
9.1772007e-12
9.3737518e-12
9.888701e-12
9.2507668e-12
1.0364501e-11
1.0157333e-11
1.0125206e-11
1.0033085e-11
1.1209839e-11
1.0433501e-11
1.0124082e-11
1.1095749e-11
1.0394269e-11
1.0376131e-11
1.0477647e-11
9.4628888e-12
9.7724467e-12
1.0248746e-11
9.7430952e-12
1.1047704e-11
1.0408563e-11
1.0644444e-11
1.0010257e-11
1.0589127e-11
1.0474219e-11
1.0763043e-11
1.0505458e-11
9.8880626e-12
1.0119711e-11
9.7422903e-12
1.0005136e-11
1.0633452e-11
1.0737453e-11
1.0843951e-11
1.1354487e-11
9.752657e-12
1.0383194e-11
1.0495771e-11
1.0612011e-11
1.0445991e-11
9.9773245e-12
1.0219062e-11
9.6815334e-12
9.9539404e-12
1.0304785e-11
9.35238e-12
1.0363085e-11
1.0354731e-11
1.0469847e-11
1.0969239e-11
1.0363835e-11
9.7241104e-12
1.0089457e-11
1.0141762e-11
9.9512343e-12
9.5400493e-12
9.9758812e-12
1.0673087e-11
9.926171e-12
1.0478368e-11
1.0302537e-11
1.0614093e-11
1.0527967e-11
1.0982215e-11
1.0637727e-11
9.9140141e-12
1.0902251e-11
1.0145898e-11
1.0613316e-11
1.0756937e-11
9.5132791e-12
1.0251702e-11
9.486828e-12
9.8149544e-12
9.3686586e-12
1.0689394e-11
1.0655143e-11
1.0078133e-11
1.0445825e-11
1.0590612e-11
1.1198251e-11
1.040347e-11
9.2497537e-12
9.6172931e-12
1.0539208e-11
1.1378454e-11
1.0128828e-11
9.2847952e-12
1.0071874e-11
9.8164116e-12
9.9582287e-12
9.7321179e-12
1.0447976e-11
9.8124703e-12
1.0473303e-11
1.0447046e-11
9.2754832e-12
1.0744558e-11
9.229506e-12
1.0056025e-11
1.0801499e-11
1.0336829e-11
9.9113912e-12
1.0843007e-11
9.6066488e-12
9.651252e-12
9.6401775e-12
1.0124346e-11
1.0590778e-11
1.0117546e-11
9.5346092e-12
9.5026487e-12
9.3613867e-12
1.0157195e-11
1.0098478e-11
9.8167585e-12
8.4659502e-12
1.0265955e-11
1.0425202e-11
9.8048236e-12
1.0121695e-11
9.6247177e-12
1.021401e-11
9.9437542e-12
1.0808326e-11
1.0130605e-11
9.9681652e-12
1.1219775e-11
1.0768123e-11
1.0324852e-11
1.0287105e-11
1.0076079e-11
1.0573889e-11
9.1690405e-12
1.00501e-11
1.0512063e-11
1.0479853e-11
1.0068196e-11
1.0971293e-11
1.1113832e-11
1.080544e-11
1.0093551e-11
1.0549062e-11
1.0470819e-11
1.0025022e-11
1.0116463e-11
1.1041598e-11
1.0250398e-11
9.8812764e-12
9.588691e-12
1.0293877e-11
1.0155016e-11
1.0644069e-11
9.7115788e-12
1.0494397e-11
1.088922e-11
1.0454845e-11
9.4202285e-12
1.0519433e-11
9.1682911e-12
9.9900921e-12
9.9578956e-12
9.9219799e-12
1.0173418e-11
1.1290732e-11
1.0895659e-11
9.8919622e-12
1.0469001e-11
8.6639446e-12
9.0166902e-12
9.096307e-12
8.5274426e-12
9.6657404e-12
9.4867447e-12
9.2612723e-12
1.0678958e-11
9.9778935e-12
9.1580771e-12
9.0762675e-12
8.573392e-12
9.2960362e-12
8.7933827e-12
9.0389779e-12
8.6050334e-12
9.0760316e-12
8.6544244e-12
8.4291324e-12
9.4418084e-12
8.479939e-12
7.3632628e-12
8.4748736e-12
8.7663626e-12
8.2250179e-12
9.1718022e-12
8.5715185e-12
8.3297258e-12
8.6776558e-12
8.196388e-12
8.2400059e-12
8.0214446e-12
8.4552088e-12
7.834039e-12
8.1607221e-12
9.6646163e-12
8.6160662e-12
8.0313395e-12
8.3090063e-12
8.4373897e-12
9.024545e-12
8.2207435e-12
8.3386908e-12
8.9293989e-12
9.1518598e-12
8.2091833e-12
8.5748908e-12
9.4697999e-12
8.1434443e-12
8.5127738e-12
8.769277e-12
8.7057583e-12
8.5882412e-12
9.7000741e-12
9.2409136e-12
7.5424111e-12
6.8731548e-12
8.1400026e-12
7.8147211e-12
9.108922e-12
8.5217944e-12
7.8976548e-12
7.6376266e-12
8.3334728e-12
8.842288e-12
8.3723722e-12
8.2142487e-12
8.9379892e-12
8.0335877e-12
8.7562596e-12
7.4588391e-12
7.346776e-12
8.4781904e-12
8.3456991e-12
8.7330143e-12
8.2236856e-12
8.4523361e-12
8.4850321e-12
9.4073777e-12
8.3789503e-12
9.001716e-12
8.7148344e-12
8.3658913e-12
7.9212609e-12
8.3616447e-12
9.0106117e-12
8.5946389e-12
9.0035063e-12
9.0963209e-12
8.7210655e-12
8.6966684e-12
8.9972613e-12
9.1375241e-12
8.0637996e-12
7.5873335e-12
7.7428064e-12
7.7364504e-12
7.9385942e-12
8.32244e-12
8.5565305e-12
8.4229845e-12
8.4789537e-12
8.4866697e-12
8.5884772e-12
9.0115693e-12
8.6005369e-12
8.8153373e-12
9.1446295e-12
9.1038566e-12
9.22179e-12
8.8757196e-12
8.9266511e-12
8.9673269e-12
9.2407471e-12
9.2664626e-12
9.6718605e-12
9.2305052e-12
8.49186e-12
9.0280006e-12
9.7338387e-12
8.7112678e-12
8.9341728e-12
1.0140916e-11
8.6119167e-12
8.9090402e-12
9.6752328e-12
8.6946006e-12
9.6040814e-12
1.00676e-11
7.8337475e-12
8.4335733e-12
7.9245777e-12
8.4471874e-12
8.7800461e-12
9.3986346e-12
8.6014251e-12
8.4143109e-12
8.7910096e-12
9.1727598e-12
9.2937602e-12
8.1863682e-12
8.520018e-12
8.5660784e-12
8.5201152e-12
8.6476382e-12
8.9320912e-12
7.9231899e-12
8.8357932e-12
8.6945728e-12
9.5541075e-12
8.5595836e-12
8.8694607e-12
8.9067365e-12
9.037604e-12
8.8934693e-12
8.9687285e-12
8.8043739e-12
9.563475e-12
8.7688884e-12
7.52573e-12
7.7418488e-12
8.5038226e-12
8.1294971e-12
1.0048781e-11
7.85981e-12
8.2597124e-12
8.2913815e-12
8.2056584e-12
8.077275e-12
8.3181101e-12
9.2764407e-12
8.6586016e-12
8.5728369e-12
9.4095287e-12
7.8986123e-12
7.1091466e-12
7.4411172e-12
8.8977575e-12
8.2573809e-12
8.6967378e-12
8.8957175e-12
8.2640561e-12
8.1238349e-12
8.8853785e-12
7.7052253e-12
8.0870727e-12
8.2643337e-12
8.3478502e-12
7.5423973e-12
6.8550582e-12
7.8074769e-12
9.0192159e-12
7.8956564e-12
7.4589224e-12
7.5801865e-12
7.945769e-12
7.5486978e-12
7.5216638e-12
7.7885476e-12
7.840395e-12
8.1617629e-12
7.4178996e-12
7.0028428e-12
7.9814766e-12
7.4483197e-12
7.1408851e-12
8.1802204e-12
7.0251305e-12
7.5147666e-12
7.2154921e-12
7.9731222e-12
7.272738e-12
7.7189782e-12
7.8669293e-12
8.21547e-12
8.1675916e-12
7.5013051e-12
7.3684392e-12
8.6684132e-12
8.3881374e-12
8.9959151e-12
8.2405471e-12
8.1722268e-12
7.6900153e-12
9.0358138e-12
8.0585399e-12
7.5214418e-12
7.7546441e-12
7.167128e-12
8.1717549e-12
7.6398055e-12
8.3205665e-12
7.2573475e-12
7.4523304e-12
7.8256984e-12
8.1929602e-12
7.8218682e-12
6.8909461e-12
8.1706447e-12
6.8993561e-12
6.3164474e-12
6.526904e-12
7.3389489e-12
7.2118977e-12
7.5960765e-12
7.4722589e-12
6.4770411e-12
7.7043927e-12
7.7622353e-12
7.1218864e-12
7.3743928e-12
7.011558e-12
7.348025e-12
6.8089978e-12
7.0019407e-12
6.5980554e-12
7.7305384e-12
8.0647572e-12
7.9650037e-12
6.4324657e-12
6.5925043e-12
7.2840484e-12
7.7024498e-12
6.9262512e-12
7.5636719e-12
7.0655981e-12
7.9308643e-12
7.2935685e-12
7.1675305e-12
7.5481427e-12
8.257936e-12
7.3454159e-12
7.2511858e-12
7.9267426e-12
8.0982304e-12
7.1846695e-12
7.7627627e-12
7.2395007e-12
8.0815771e-12
8.5009777e-12
7.7842316e-12
8.1954998e-12
7.8244355e-12
6.9285688e-12
7.3049483e-12
7.9343615e-12
8.5290525e-12
7.6078588e-12
7.1804507e-12
7.7282625e-12
7.8526075e-12
7.3133583e-12
8.0147e-12
8.3311552e-12
7.9003332e-12
8.7404251e-12
8.9127733e-12
7.7176876e-12
7.6328943e-12
8.0846024e-12
8.1813584e-12
7.8433787e-12
7.754769e-12
8.72101e-12
7.366982e-12
8.4910273e-12
8.1511603e-12
8.6326779e-12
8.3234114e-12
7.2385709e-12
7.9552614e-12
7.5312673e-12
7.5831286e-12
7.1582879e-12
7.8499984e-12
8.0274121e-12
8.1136486e-12
8.3374835e-12
8.8089813e-12
7.7796103e-12
8.0057766e-12
8.2726465e-12
7.994036e-12
8.9080687e-12
8.4809104e-12
8.3742041e-12
7.4279888e-12
6.0639688e-12
8.0772194e-12
7.9766749e-12
7.4067835e-12
7.9602158e-12
7.6940676e-12
7.8072548e-12
8.0042639e-12
8.682513e-12
7.7929468e-12
7.5835033e-12
7.3615142e-12
6.42017e-12
8.2834017e-12
8.6078922e-12
7.1337658e-12
7.498599e-12
8.7562457e-12
8.9203089e-12
8.1021023e-12
9.429138e-12
8.4398322e-12
8.3478641e-12
7.6344903e-12
8.106682e-12
7.0933676e-12
7.3149542e-12
7.5171258e-12
7.3788198e-12
7.5981443e-12
7.6722101e-12
7.115461e-12
7.1884165e-12
7.7892276e-12
7.5593282e-12
7.186432e-12
7.7837459e-12
6.7208461e-12
6.6619904e-12
6.9896311e-12
7.4848738e-12
7.1544298e-12
7.4778655e-12
6.8978989e-12
6.8827721e-12
7.9126983e-12
7.3562961e-12
7.0425749e-12
6.6285727e-12
6.589701e-12
6.6576605e-12
7.2845757e-12
6.81602e-12
6.1947392e-12
6.2986005e-12
6.9919071e-12
6.7691547e-12
7.1375961e-12
6.7597455e-12
8.3301976e-12
7.0271844e-12
5.559414e-12
6.3029582e-12
5.4923704e-12
6.665668e-12
6.2313488e-12
7.1432305e-12
6.6189415e-12
7.4294043e-12
6.2136823e-12
6.9722284e-12
5.5977861e-12
6.5759065e-12
7.7870349e-12
5.701592e-12
6.128667e-12
8.5910862e-12
7.4630996e-12
6.6938954e-12
6.4358519e-12
6.7303246e-12
6.7929273e-12
6.9862172e-12
7.1668504e-12
6.7822414e-12
6.194753e-12
6.9940165e-12
7.4452666e-12
7.2180595e-12
6.7530842e-12
6.4176719e-12
7.8044654e-12
7.0931455e-12
6.7392064e-12
7.1450901e-12
6.8305778e-12
6.8473699e-12
6.9889788e-12
6.4708655e-12
6.8513251e-12
7.3153844e-12
6.9214079e-12
6.1020911e-12
6.187828e-12
6.4528521e-12
5.6140231e-12
7.1486705e-12
6.5712574e-12
6.4673128e-12
6.3022504e-12
6.4981354e-12
5.8801852e-12
7.9598689e-12
6.1012445e-12
6.9174111e-12
6.0317584e-12
6.1756156e-12
7.2985507e-12
6.1771699e-12
6.5985689e-12
6.9941691e-12
6.5452643e-12
6.3814232e-12
6.5670386e-12
6.8613171e-12
5.6820104e-12
5.960149e-12
6.7023748e-12
7.0242007e-12
7.206763e-12
6.9949463e-12
7.2963718e-12
6.72018e-12
7.0632666e-12
6.3449246e-12
6.4423189e-12
6.4664107e-12
6.0460109e-12
6.7534867e-12
6.5572409e-12
7.8752144e-12
6.9665662e-12
7.2013229e-12
7.5490586e-12
6.4517003e-12
7.0122796e-12
7.1491563e-12
6.5551176e-12
6.5112776e-12
7.4815293e-12
6.3020839e-12
6.7647971e-12
6.8145906e-12
6.7735401e-12
7.0713435e-12
6.3045541e-12
6.2225086e-12
6.1661093e-12
6.7262446e-12
5.7379795e-12
7.3009515e-12
6.5518702e-12
6.373152e-12
6.5028538e-12
7.072648e-12
6.767531e-12
6.7141431e-12
6.3571648e-12
6.7368194e-12
7.4038692e-12
6.0991073e-12
7.048917e-12
7.1299494e-12
7.2379741e-12
6.7940237e-12
6.1416011e-12
6.5522449e-12
7.1829626e-12
6.7510442e-12
6.6401051e-12
7.1830597e-12
6.4013794e-12
6.5516065e-12
7.2715861e-12
6.1211453e-12
5.8909128e-12
5.6883387e-12
6.710521e-12
5.7050892e-12
6.5454309e-12
6.7216926e-12
5.6290944e-12
6.1589345e-12
6.8580835e-12
6.8256789e-12
5.9618283e-12
5.546244e-12
5.4379834e-12
6.4909328e-12
6.7181677e-12
6.2742034e-12
5.9939415e-12
5.5351834e-12
6.2141958e-12
6.2587019e-12
6.7883199e-12
6.0401822e-12
5.8971994e-12
7.5786044e-12
7.5763423e-12
7.3415024e-12
6.4155764e-12
6.5765865e-12
6.3630351e-12
6.9690226e-12
6.8919315e-12
6.3797717e-12
6.6709832e-12
6.8277051e-12
6.8841183e-12
5.71522e-12
6.3694466e-12
5.9587196e-12
6.4149935e-12
6.3749006e-12
5.4993926e-12
6.6649603e-12
5.8731353e-12
5.9472982e-12
6.6515127e-12
6.9618755e-12
6.9225736e-12
5.6449845e-12
6.5712158e-12
6.1667615e-12
6.5120687e-12
6.114248e-12
5.7061994e-12
5.6730731e-12
6.2513189e-12
5.4230509e-12
6.0536715e-12
5.6712968e-12
6.1518568e-12
6.3807987e-12
6.1473465e-12
6.3576922e-12
5.6193106e-12
6.726758e-12
6.087339e-12
6.4690336e-12
6.5690231e-12
6.1444044e-12
6.262213e-12
6.4064865e-12
6.5056432e-12
5.7442801e-12
5.3163862e-12
5.6182836e-12
6.281059e-12
5.4493909e-12
6.4571959e-12
5.5775523e-12
6.1967792e-12
6.8399175e-12
6.4386413e-12
6.032369e-12
7.2642586e-12
6.8231532e-12
6.6820299e-12
6.0105115e-12
6.5844136e-12
5.5320609e-12
6.2485156e-12
6.8242079e-12
5.0646293e-12
6.2418126e-12
5.7224642e-12
5.7380212e-12
6.491363e-12
5.9599686e-12
6.034534e-12
5.510592e-12
5.8611171e-12
6.8996198e-12
5.417472e-12
6.1415595e-12
5.6121635e-12
6.2743422e-12
6.1100847e-12
5.1705584e-12
6.7283401e-12
5.1953025e-12
5.1746385e-12
6.3651306e-12
5.8786032e-12
5.752912e-12
5.3864135e-12
5.8691385e-12
6.6468636e-12
5.0880966e-12
5.1408738e-12
5.3492072e-12
5.8667377e-12
6.0762645e-12
5.3844151e-12
5.6601529e-12
4.9931448e-12
5.5173782e-12
5.4188182e-12
5.1611354e-12
5.2017834e-12
6.2064381e-12
6.0298572e-12
5.3268778e-12
6.0096927e-12
6.4888095e-12
6.3086342e-12
7.1151002e-12
6.3113542e-12
6.3105493e-12
5.9450916e-12
6.1244343e-12
6.3533345e-12
6.8197947e-12
5.795614e-12
5.2092497e-12
6.7817973e-12
6.1264605e-12
6.901299e-12
5.7261557e-12
5.4651561e-12
6.0515065e-12
5.4047183e-12
6.1301936e-12
6.3495875e-12
6.7476996e-12
6.5691202e-12
5.8652389e-12
7.0480288e-12
6.4028088e-12
6.4299122e-12
6.1096683e-12
5.760864e-12
5.6023519e-12
6.022835e-12
5.3378274e-12
5.4683064e-12
5.5371957e-12
6.3713895e-12
5.9108551e-12
5.6295107e-12
6.4104139e-12
5.9898475e-12
6.0261518e-12
5.7883975e-12
5.9886401e-12
5.0379978e-12
5.114284e-12
5.5515592e-12
5.4944105e-12
5.6025878e-12
5.4726501e-12
5.2170213e-12
4.2619935e-12
5.089873e-12
6.5299849e-12
5.949935e-12
5.762793e-12
5.2991084e-12
5.9990624e-12
5.3269472e-12
5.467099e-12
6.2437971e-12
5.7479715e-12
6.0512012e-12
5.9237754e-12
5.9072192e-12
5.2266386e-12
6.705525e-12
6.1917554e-12
5.0978527e-12
5.5127014e-12
5.4816846e-12
5.8070077e-12
6.8855338e-12
6.1364802e-12
6.089601e-12
6.2168187e-12
5.8641564e-12
6.2125444e-12
6.6748135e-12
5.531256e-12
5.7597399e-12
5.750983e-12
4.7300081e-12
6.0719901e-12
4.7126608e-12
5.2977067e-12
6.4044464e-12
5.7445437e-12
6.9438205e-12
5.8809069e-12
6.3935385e-12
6.0475236e-12
7.2912509e-12
7.3240441e-12
6.3898609e-12
6.8111211e-12
4.883885e-12
5.4116989e-12
5.1956356e-12
5.7019389e-12
6.3297562e-12
6.185108e-12
6.0112748e-12
5.8933275e-12
5.6080834e-12
5.5766919e-12
5.4730526e-12
5.9477978e-12
5.9454941e-12
5.2647747e-12
5.8140021e-12
5.910758e-12
7.5586065e-12
6.5227407e-12
5.9561384e-12
6.1105287e-12
6.1850108e-12
6.0441097e-12
6.1090855e-12
6.7527095e-12
6.523268e-12
6.7994083e-12
5.9927063e-12
5.5588173e-12
6.3425654e-12
6.1105149e-12
6.4841743e-12
5.2585714e-12
6.2636285e-12
6.4468986e-12
7.2774148e-12
6.0539213e-12
5.92143e-12
5.7217425e-12
7.3004935e-12
6.3311717e-12
6.6551764e-12
5.8535815e-12
5.2019777e-12
5.4669463e-12
7.1771894e-12
7.5845996e-12
6.2082839e-12
5.8737459e-12
6.1387007e-12
5.758255e-12
5.6143701e-12
5.8941463e-12
5.5512261e-12
5.8157645e-12
6.3215683e-12
6.3663519e-12
5.5449395e-12
4.6997822e-12
5.0990184e-12
5.0029841e-12
6.095624e-12
5.184117e-12
5.6391836e-12
4.3915149e-12
5.6342708e-12
5.7561178e-12
5.8486688e-12
5.4444227e-12
5.9338645e-12
5.7063659e-12
5.7633481e-12
5.7921029e-12
5.7311933e-12
5.9538346e-12
5.9326849e-12
5.4902471e-12
5.872608e-12
5.7915339e-12
4.1803089e-12
5.4141691e-12
4.8330506e-12
4.8682031e-12
5.9780791e-12
5.1327831e-12
5.5223881e-12
5.1875032e-12
6.0170757e-12
5.9916516e-12
6.0193378e-12
5.6130239e-12
5.4396765e-12
6.3399702e-12
5.252479e-12
5.5470628e-12
6.3018618e-12
5.9475203e-12
5.5686289e-12
5.1755267e-12
5.7843175e-12
5.2185478e-12
4.4937387e-12
5.2547133e-12
5.9460215e-12
5.3901328e-12
5.9187655e-12
6.0455668e-12
5.0406207e-12
6.033854e-12
5.4698607e-12
6.3026528e-12
6.657605e-12
6.8407086e-12
6.2354288e-12
5.3923394e-12
5.6235017e-12
6.3510169e-12
5.2771398e-12
6.3561101e-12
5.6893101e-12
5.9560135e-12
4.8625548e-12
5.1768173e-12
6.5357164e-12
6.024431e-12
5.8192895e-12
5.8731076e-12
5.9284799e-12
5.6336047e-12
5.5698363e-12
4.9409365e-12
5.6053912e-12
4.499276e-12
4.4349108e-12
5.4339866e-12
5.3955868e-12
6.171702e-12
5.4840299e-12
5.1032234e-12
4.8916149e-12
4.809278e-12
5.2063215e-12
5.8644062e-12
5.6681049e-12
4.8047538e-12
5.0017629e-12
6.479664e-12
5.1763316e-12
6.2653216e-12
6.2099076e-12
5.567713e-12
5.3255317e-12
5.5941363e-12
5.5828814e-12
4.1005394e-12
4.8530346e-12
5.9256211e-12
6.2121974e-12
5.0344451e-12
5.0821708e-12
4.2741088e-12
4.8557824e-12
4.7930965e-12
5.1249976e-12
5.5317001e-12
5.4151961e-12
5.7037985e-12
5.2399474e-12
5.4469484e-12
5.3351767e-12
4.7865878e-12
5.3747978e-12
5.5175309e-12
4.9579924e-12
5.3826665e-12
4.3408471e-12
5.3226729e-12
5.4082017e-12
4.6622151e-12
4.7560705e-12
5.3054922e-12
4.8595294e-12
4.4732412e-12
5.7771565e-12
5.7766847e-12
5.8233557e-12
4.7406801e-12
4.8748644e-12
5.6184363e-12
5.2622906e-12
5.3270999e-12
5.5862814e-12
5.9049016e-12
5.8953398e-12
6.5781547e-12
5.1380983e-12
5.5290494e-12
5.5224159e-12
5.086806e-12
5.817305e-12
5.7897853e-12
6.3254679e-12
5.2135518e-12
5.4306282e-12
5.5209309e-12
5.6680077e-12
6.3756361e-12
5.6411542e-12
5.8024696e-12
5.4781041e-12
6.1282507e-12
6.4923067e-12
6.7612027e-12
6.6181643e-12
5.5096483e-12
6.4904748e-12
6.7520711e-12
6.6503331e-12
6.1460143e-12
6.2254646e-12
5.9161009e-12
5.0593696e-12
6.6077283e-12
5.7367722e-12
5.6003396e-12
5.1898347e-12
5.1625926e-12
5.9001276e-12
5.6015886e-12
5.111439e-12
5.6553512e-12
6.1540495e-12
6.974768e-12
5.8050786e-12
5.1622734e-12
5.4763416e-12
7.0761036e-12
5.9845046e-12
5.6270821e-12
5.7567978e-12
6.5335098e-12
6.485229e-12
5.9449112e-12
6.3847538e-12
6.7671702e-12
7.0125711e-12
6.0442762e-12
5.8772154e-12
5.5334626e-12
5.2782917e-12
5.7080035e-12
5.2617632e-12
4.8107074e-12
4.4465542e-12
5.5715155e-12
5.1911808e-12
5.0323218e-12
5.5939003e-12
4.7340742e-12
5.303688e-12
5.7612526e-12
5.1818966e-12
4.5101839e-12
5.7314709e-12
5.9894451e-12
5.5466604e-12
4.0061288e-12
5.0775634e-12
4.7122584e-12
4.699352e-12
5.3019811e-12
4.8002574e-12
4.9762e-12
5.3019117e-12
5.500031e-12
4.8500925e-12
5.1979115e-12
4.6171678e-12
4.9635851e-12
4.8027554e-12
4.7683246e-12
5.5846161e-12
4.710593e-12
4.5983911e-12
4.7576804e-12
4.8232807e-12
4.3945264e-12
5.180037e-12
5.0173338e-12
4.7909177e-12
5.6853827e-12
4.7205156e-12
5.4463101e-12
5.4634769e-12
5.7785859e-12
4.6371657e-12
4.1743137e-12
5.1635918e-12
5.3912569e-12
5.8501953e-12
5.4340143e-12
5.2861326e-12
4.6002646e-12
4.5229792e-12
4.8866328e-12
4.6058296e-12
5.5471322e-12
5.1538496e-12
4.6449788e-12
3.9117043e-12
4.1707193e-12
3.9383219e-12
3.8869602e-12
5.0445481e-12
4.6754961e-12
4.5976695e-12
3.4997977e-12
4.0674131e-12
4.9550641e-12
3.7860687e-12
4.5353443e-12
4.4413362e-12
5.2823856e-12
5.1551957e-12
4.2985338e-12
5.3555355e-12
4.5758258e-12
3.3838765e-12
3.9744735e-12
5.1701005e-12
4.5890514e-12
3.9681314e-12
4.5081577e-12
4.9108773e-12
2.9202057e-12
3.7812531e-12
3.4043046e-12
3.8295894e-12
4.6640608e-12
3.8586495e-12
4.1623927e-12
4.3703235e-12
4.0226433e-12
3.6731451e-12
4.0238507e-12
4.8350213e-12
4.9107246e-12
5.243278e-12
4.6031096e-12
5.2357979e-12
3.9607762e-12
4.2371801e-12
5.5517951e-12
4.6363469e-12
4.0805692e-12
4.3836323e-12
4.9930338e-12
4.8145932e-12
4.4279441e-12
5.3865384e-12
4.2285897e-12
5.0857929e-12
4.8475668e-12
4.8732685e-12
4.8641507e-12
4.2478104e-12
4.7161719e-12
4.5847076e-12
4.4755449e-12
5.1713356e-12
5.0440346e-12
4.2356257e-12
5.1728899e-12
5.4369148e-12
5.3114874e-12
6.3804517e-12
5.2686744e-12
5.7846089e-12
5.7227417e-12
5.0032894e-12
4.233211e-12
3.9439008e-12
5.3545918e-12
4.4643178e-12
4.5870807e-12
4.8401144e-12
4.8075988e-12
4.8574894e-12
5.1517401e-12
5.3584498e-12
4.7274962e-12
5.8769933e-12
5.3653887e-12
4.1200932e-12
3.910483e-12
4.7697402e-12
5.0909138e-12
5.0574128e-12
5.2255145e-12
4.6573162e-12
4.180406e-12
5.4560245e-12
4.7750415e-12
5.1850607e-12
4.0873971e-12
4.7526844e-12
4.1698173e-12
4.521869e-12
3.9865194e-12
3.78933e-12
5.1261773e-12
4.2065657e-12
4.4587806e-12
4.7236659e-12
6.0928346e-12
4.7841453e-12
4.7831877e-12
5.0202204e-12
5.5968424e-12
4.7415821e-12
5.2054611e-12
4.7923054e-12
5.7985144e-12
4.5537324e-12
4.5835558e-12
5.3628213e-12
5.1356142e-12
4.8424875e-12
4.9966559e-12
4.8861748e-12
4.3737236e-12
4.6384285e-12
3.3671538e-12
3.34692e-12
3.8752612e-12
4.2564841e-12
4.6676968e-12
4.0549369e-12
4.772599e-12
4.609077e-12
4.2456177e-12
5.0125321e-12
4.5641546e-12
4.7437887e-12
4.4595022e-12
5.1985222e-12
3.6904646e-12
4.2684883e-12
4.5738136e-12
5.4356936e-12
5.3239774e-12
3.8090503e-12
4.2203463e-12
4.0935311e-12
3.5602354e-12
4.0629444e-12
4.6455617e-12
4.602152e-12
3.9578479e-12
3.4958009e-12
4.6433413e-12
4.0623616e-12
3.7562869e-12
3.6303599e-12
4.2159193e-12
5.0919269e-12
4.4355214e-12
3.2169961e-12
3.5220715e-12
4.5126264e-12
3.7839315e-12
4.2705978e-12
3.2006064e-12
3.3214681e-12
2.6096347e-12
3.6444736e-12
3.5751818e-12
3.8736098e-12
4.2646719e-12
3.8080372e-12
4.2434389e-12
4.7753468e-12
3.7808229e-12
3.8963416e-12
4.772932e-12
2.8982788e-12
3.8874043e-12
3.2944897e-12
4.0544096e-12
4.2582743e-12
4.3617748e-12
3.908221e-12
4.0572268e-12
4.2435222e-12
3.7371356e-12
3.9669656e-12
4.5757981e-12
3.7036069e-12
4.2679332e-12
4.6839754e-12
3.8799797e-12
3.8285486e-12
4.7324367e-12
4.7221255e-12
4.4181742e-12
3.7196357e-12
4.3243048e-12
4.1358167e-12
4.0950021e-12
4.2053583e-12
4.6718462e-12
4.3522685e-12
3.8322817e-12
4.3351017e-12
4.8391152e-12
3.7086861e-12
4.1666809e-12
4.5920767e-12
4.7173654e-12
4.9400345e-12
4.6464638e-12
5.1564031e-12
4.7297721e-12
4.2589821e-12
4.9414917e-12
4.3987314e-12
5.4544425e-12
4.580003e-12
3.9153819e-12
4.7266219e-12
5.4226484e-12
4.5755622e-12
4.9895921e-12
4.0861897e-12
4.241732e-12
4.9738824e-12
4.9860394e-12
4.4235726e-12
5.1433163e-12
4.6988941e-12
3.5844244e-12
5.1342819e-12
4.7232218e-12
5.1619681e-12
4.1760484e-12
4.525269e-12
3.9555026e-12
4.8030746e-12
5.4435761e-12
5.3457794e-12
4.932485e-12
5.1023075e-12
5.5581928e-12
4.7284399e-12
3.7370801e-12
3.7608944e-12
4.9834581e-12
5.4066612e-12
5.3016341e-12
5.3850396e-12
4.9941717e-12
4.7383625e-12
4.091269e-12
4.818021e-12
4.5516368e-12
5.8816008e-12
4.6961324e-12
4.7658544e-12
4.7178789e-12
5.5478677e-12
5.481629e-12
5.4904969e-12
5.9869332e-12
6.3403865e-12
5.1251781e-12
4.8417381e-12
6.2159028e-12
5.1966764e-12
4.9601712e-12
5.6352006e-12
6.0191435e-12
5.5186689e-12
5.2040455e-12
5.9078853e-12
5.510814e-12
4.240816e-12
5.4435623e-12
4.7555709e-12
5.1839227e-12
5.4756061e-12
4.6547766e-12
5.3484717e-12
4.3770265e-12
5.1808835e-12
5.1821464e-12
4.8062387e-12
4.4531184e-12
4.9989457e-12
4.3521575e-12
4.3042653e-12
4.4145798e-12
5.3527599e-12
6.1993188e-12
5.4798804e-12
4.4618614e-12
4.8241688e-12
4.548889e-12
4.8151483e-12
5.5659227e-12
4.7667148e-12
5.1810362e-12
4.9442256e-12
4.611353e-12
4.3965387e-12
4.5798226e-12
4.4907827e-12
4.4824977e-12
4.9511922e-12
5.0112553e-12
4.4035608e-12
4.6219417e-12
4.7082754e-12
4.2103682e-12
3.9468706e-12
4.0389914e-12
5.0143362e-12
4.9094062e-12
5.0796728e-12
4.6555121e-12
3.4422049e-12
4.3983706e-12
4.192674e-12
4.7235965e-12
4.6017773e-12
4.8762938e-12
5.3487492e-12
4.1844306e-12
4.7232218e-12
4.5774218e-12
4.0706327e-12
4.3341025e-12
4.3701154e-12
4.4490939e-12
4.7752219e-12
3.775022e-12
4.5540516e-12
4.679826e-12
4.9644594e-12
4.7036125e-12
4.5708437e-12
3.99554e-12
4.4910603e-12
4.3399728e-12
4.3164916e-12
4.7461896e-12
4.1234655e-12
4.0229486e-12
4.5729392e-12
4.7690601e-12
4.7574722e-12
4.4356741e-12
3.8557768e-12
3.6425168e-12
3.907874e-12
3.5324382e-12
3.8839487e-12
4.6307957e-12
3.8627018e-12
4.2226639e-12
4.1761455e-12
4.3762632e-12
4.0303733e-12
3.7081449e-12
3.5750292e-12
3.3734265e-12
3.8120201e-12
2.9562602e-12
3.3076181e-12
3.6867731e-12
3.8406084e-12
3.8235387e-12
3.8046788e-12
3.8074266e-12
4.9866361e-12
4.0551729e-12
3.5101644e-12
3.2992498e-12
4.3188508e-12
4.2807841e-12
3.611042e-12
4.1115167e-12
4.259107e-12
4.2516268e-12
4.7777615e-12
3.9816206e-12
3.9173248e-12
4.4118459e-12
3.9489662e-12
4.5886905e-12
4.0054488e-12
3.6820824e-12
2.7150504e-12
3.4747621e-12
4.4241555e-12
3.5143555e-12
3.6565057e-12
4.2540277e-12
3.937406e-12
4.2790493e-12
4.0968201e-12
4.2299358e-12
3.5597358e-12
2.888037e-12
3.4368203e-12
3.0699193e-12
4.0034365e-12
4.1410209e-12
3.4602182e-12
3.9827308e-12
3.5294129e-12
3.5783737e-12
3.5387804e-12
4.5528442e-12
3.4673792e-12
3.7647108e-12
3.5401404e-12
4.5941584e-12
3.040207e-12
2.6781355e-12
3.2618214e-12
3.0261349e-12
3.2024244e-12
3.2298886e-12
3.1159936e-12
2.8184399e-12
2.8302083e-12
2.3336333e-12
2.980588e-12
3.125486e-12
2.8231029e-12
3.0917213e-12
2.8216318e-12
2.7980951e-12
3.1800673e-12
3.1296216e-12
2.9509173e-12
2.8806818e-12
3.5057374e-12
3.6673997e-12
3.0652147e-12
2.8200359e-12
3.9575843e-12
2.9110603e-12
3.3254233e-12
2.9202335e-12
4.5601023e-12
3.4201253e-12
3.2393255e-12
2.5474206e-12
1.7041368e-12
1.7231772e-12
2.6232488e-12
2.9684449e-12
2.5717484e-12
3.0691977e-12
2.8284874e-12
2.1223301e-12
2.5155017e-12
2.3386015e-12
2.8633207e-12
3.0652564e-12
2.2530727e-12
2.5205948e-12
2.3296504e-12
2.6641467e-12
3.2643194e-12
3.3119896e-12
2.4009128e-12
2.2067626e-12
2.198311e-12
2.6474378e-12
2.5834196e-12
2.0708574e-12
1.9779456e-12
3.1209063e-12
3.0036945e-12
2.0187324e-12
2.5267843e-12
2.0614899e-12
2.3161195e-12
1.8642865e-12
2.1975755e-12
2.2232077e-12
2.5647123e-12
1.9395041e-12
1.7017776e-12
2.0142499e-12
1.7985891e-12
2.3336055e-12
1.8228891e-12
2.9859448e-12
2.0667773e-12
2.1112279e-12
4.3802462e-13
1.2601864e-12
2.2935404e-12
1.9769325e-12
2.1328772e-12
1.5488305e-12
2.1439239e-12
2.5688757e-12
2.3359925e-12
1.2275181e-12
2.6197516e-12
2.0728697e-12
2.7185892e-12
2.2735425e-12
1.6424639e-12
2.4063668e-12
3.2003428e-12
8.9310503e-13
3.3269221e-12
2.5137531e-12
2.0464741e-12
2.8338443e-12
1.5522444e-12
2.4771712e-12
2.7662039e-12
1.5113744e-12
2.1844471e-12
2.280176e-12
1.692535e-12
3.0521696e-12
2.6287722e-12
2.6084412e-12
2.8610586e-12
1.8567925e-12
3.0931091e-12
1.9850788e-12
2.2204738e-12
3.2075453e-12
1.9631657e-12
1.4466345e-12
1.0037388e-12
2.4790725e-12
2.3169661e-12
1.8616081e-12
2.6896818e-12
1.7965629e-12
1.9617641e-12
9.6764263e-13
1.9624302e-12
2.1192492e-12
2.6279673e-12
2.4872188e-12
2.6273844e-12
2.2152696e-12
1.5723672e-12
2.6841168e-12
1.7006535e-12
2.6104119e-12
2.9570374e-12
1.99947e-12
1.8555574e-12
1.8293561e-12
1.5310253e-12
2.6398883e-12
2.9614505e-12
3.493178e-12
3.1640801e-12
2.5588143e-12
3.1800257e-12
1.8745144e-12
2.4096281e-12
1.78349e-12
2.0772967e-12
2.3768348e-12
2.2596924e-12
1.5568657e-12
1.9931556e-12
1.7435497e-12
3.5770831e-12
2.7985808e-12
2.4633212e-12
1.8995361e-12
1.9384633e-12
1.6081858e-12
2.9764663e-12
2.7015057e-12
2.8293479e-12
3.1041697e-12
1.8299529e-12
3.1854519e-12
2.5100477e-12
2.9246883e-12
2.4563962e-12
2.8060887e-12
2.272571e-12
2.1435492e-12
2.9566904e-12
2.9411473e-12
2.5131702e-12
2.2468277e-12
1.7529034e-12
2.8824026e-12
2.8626684e-12
2.662634e-12
2.0311947e-12
1.0585283e-12
2.9169028e-12
3.0588726e-12
2.9416053e-12
1.9241275e-12
2.2337132e-12
1.2856521e-12
1.9048374e-12
1.6092683e-12
2.1337931e-12
3.2351344e-12
2.783232e-12
3.741854e-12
2.2585128e-12
2.0996954e-12
2.4521218e-12
2.891104e-12
2.6083163e-12
3.2847058e-12
3.6578518e-12
3.2455844e-12
3.6632503e-12
2.6265656e-12
2.1091046e-12
3.0025565e-12
2.3378105e-12
2.3236829e-12
1.8765683e-12
2.5206504e-12
2.2409297e-12
1.9816787e-12
2.5273672e-12
2.8716196e-12
2.2529478e-12
2.861239e-12
2.5463659e-12
2.3631652e-12
2.4564517e-12
1.7797153e-12
2.2106206e-12
2.438702e-12
2.4234365e-12
2.4257679e-12
2.4119179e-12
2.2493396e-12
3.2073372e-12
2.3515218e-12
2.8683861e-12
2.5838082e-12
2.6050134e-12
2.8275576e-12
2.572359e-12
7.1791184e-13
2.451539e-12
2.0933255e-12
2.2907787e-12
1.2740087e-12
3.1450675e-12
2.3166608e-12
1.9724639e-12
2.7489538e-12
1.043679e-12
2.3167163e-12
1.2914531e-12
1.0695334e-12
1.707412e-12
2.0395491e-12
2.7315511e-12
2.3157587e-12
2.6131874e-12
2.3391566e-12
2.9556635e-12
3.6391862e-12
2.1345703e-12
2.2688795e-12
2.2958024e-12
9.3722252e-13
1.7639917e-12
2.0771024e-12
2.5358465e-12
2.5893038e-12
2.8750474e-12
3.0425801e-12
1.9344526e-12
2.0068669e-12
2.2600533e-12
1.8492291e-12
2.0871221e-12
2.7521319e-12
2.5249941e-12
2.6204455e-12
2.3329533e-12
1.3662821e-12
2.0398266e-12
2.4073937e-12
1.6664864e-12
1.979375e-12
1.7379709e-12
1.9143159e-12
2.1129903e-12
2.3482327e-12
2.9370811e-12
2.3794855e-12
2.6118135e-12
2.8525377e-12
1.8684082e-12
2.0868446e-12
3.0392494e-12
2.7058772e-12
2.2588598e-12
2.017761e-12
2.0991958e-12
2.0343865e-12
2.5807828e-12
2.0324714e-12
2.5558583e-12
3.2406439e-12
2.803674e-12
2.9579117e-12
2.3969299e-12
2.9761055e-12
2.8342328e-12
2.219086e-12
2.6301322e-12
3.1007696e-12
3.3014702e-12
3.6910613e-12
2.417011e-12
2.4188845e-12
2.1231489e-12
3.665776e-12
2.4613922e-12
2.865097e-12
3.3749809e-12
3.4559577e-12
3.3966718e-12
3.9827169e-12
2.7941677e-12
2.2080948e-12
3.135589e-12
3.1570996e-12
4.3310494e-12
3.2790576e-12
3.3406888e-12
3.4841574e-12
2.7504388e-12
2.9443392e-12
2.316175e-12
3.8072739e-12
3.3861941e-12
3.0482006e-12
2.9909963e-12
2.893949e-12
2.6224856e-12
2.5110192e-12
3.3780478e-12
2.6267183e-12
3.576292e-12
3.2223113e-12
2.3050867e-12
2.5508901e-12
2.8089475e-12
2.8259894e-12
2.362513e-12
3.0369596e-12
2.0969199e-12
2.1955215e-12
2.9723307e-12
2.7159802e-12
2.9728303e-12
3.1891018e-12
3.0240116e-12
3.1883801e-12
4.3352405e-12
3.5385167e-12
2.1993518e-12
2.4854147e-12
2.7606667e-12
2.4303753e-12
2.5063146e-12
3.0717373e-12
3.3623937e-12
2.4421437e-12
3.2318453e-12
2.3910873e-12
2.4864555e-12
2.9380526e-12
2.4086844e-12
2.8263641e-12
2.0476537e-12
2.3882146e-12
2.0177887e-12
3.0941083e-12
2.3275826e-12
2.973316e-12
2.9044406e-12
2.8308744e-12
2.2698093e-12
3.5650094e-12
3.0946079e-12
3.1170483e-12
3.0353081e-12
3.0599273e-12
2.8534813e-12
2.5610486e-12
2.5014574e-12
2.9212882e-12
2.0139307e-12
2.6024738e-12
2.4442393e-12
2.4438507e-12
3.2685521e-12
3.0323383e-12
3.0223601e-12
2.2244567e-12
3.8261616e-12
3.4216796e-12
2.9680841e-12
3.0671576e-12
3.0227348e-12
2.7572389e-12
3.2621683e-12
2.8919644e-12
2.7808172e-12
2.6513652e-12
2.8808345e-12
2.6171565e-12
2.137443e-12
2.7174096e-12
3.6106257e-12
2.8935188e-12
3.2572833e-12
2.6667141e-12
3.5392522e-12
2.5696945e-12
2.5830588e-12
2.4193425e-12
3.3047037e-12
2.31834e-12
3.4467013e-12
2.9287406e-12
2.2385427e-12
2.3392954e-12
3.1992187e-12
2.7481489e-12
2.5381225e-12
3.249373e-12
1.9860086e-12
2.8672759e-12
2.5360408e-12
2.7426394e-12
3.5186437e-12
4.3753751e-12
2.7145924e-12
2.4114044e-12
3.1689096e-12
2.5517088e-12
2.5187352e-12
2.7349789e-12
2.6024322e-12
2.1512236e-12
2.5210806e-12
2.3488156e-12
2.6119801e-12
2.2638558e-12
2.723724e-12
2.7410157e-12
3.0547648e-12
2.9530822e-12
2.6825347e-12
2.0695251e-12
2.5258684e-12
3.1855629e-12
2.4225344e-12
2.4647367e-12
3.0228736e-12
2.7248898e-12
2.8725355e-12
2.6721958e-12
2.7510078e-12
3.2200492e-12
3.0515035e-12
3.4374031e-12
2.8146097e-12
2.4807101e-12
3.2767539e-12
2.8948788e-12
3.1715741e-12
3.1458031e-12
3.1819131e-12
3.3787834e-12
4.192105e-12
3.4054704e-12
2.854314e-12
4.1352199e-12
3.0811048e-12
3.1351449e-12
2.2590818e-12
2.9280744e-12
3.6005227e-12
2.3615832e-12
3.3847647e-12
2.6971342e-12
2.9369979e-12
3.4318937e-12
1.8835766e-12
3.6494696e-12
2.8238384e-12
2.806741e-12
2.0698304e-12
2.704878e-12
3.3376912e-12
2.6998126e-12
2.4260455e-12
2.5714986e-12
2.3307883e-12
1.8977875e-12
2.817635e-12
2.4589775e-12
2.1588287e-12
2.4643759e-12
2.7472052e-12
2.6814523e-12
2.9990038e-12
3.1552955e-12
3.151937e-12
3.3035796e-12
2.6862124e-12
2.9958536e-12
2.8974323e-12
3.351458e-12
3.1985803e-12
3.2304714e-12
3.4132697e-12
1.9007573e-12
2.5585922e-12
2.4482083e-12
2.4805713e-12
2.4657359e-12
2.7752384e-12
2.231812e-12
2.0081575e-12
3.4297842e-12
3.665665e-12
1.8855334e-12
3.74277e-12
2.686823e-12
3.1489256e-12
3.6172176e-12
3.0976055e-12
3.6143311e-12
3.1366298e-12
3.3894276e-12
3.0036112e-12
2.1716934e-12
2.4059088e-12
2.7270824e-12
3.8740816e-12
3.1506464e-12
3.6426834e-12
2.5632135e-12
3.3480441e-12
2.7060437e-12
3.408232e-12
2.4075741e-12
2.8564928e-12
2.9267283e-12
3.5356162e-12
3.9847153e-12
3.1086106e-12
4.1174425e-12
3.3823916e-12
3.3819475e-12
3.1642189e-12
4.1916748e-12
3.1710468e-12
3.280945e-12
3.257658e-12
3.9927367e-12
3.2930325e-12
3.308992e-12
3.587991e-12
3.5900588e-12
3.0124653e-12
3.4513226e-12
4.0333709e-12
3.4903053e-12
2.7064739e-12
3.1491476e-12
3.7602699e-12
4.259329e-12
2.4048263e-12
3.5270398e-12
3.2542302e-12
2.3026442e-12
3.914688e-12
3.192599e-12
3.6276954e-12
2.8576863e-12
3.3793107e-12
3.2176484e-12
2.4951152e-12
2.8044234e-12
2.305961e-12
2.6645908e-12
3.0078995e-12
3.1411956e-12
3.1473435e-12
2.8230335e-12
2.1870838e-12
3.6004949e-12
3.2638475e-12
2.813319e-12
3.6342596e-12
2.4343999e-12
3.8389431e-12
2.0586588e-12
3.1915998e-12
2.9724417e-12
3.6031872e-12
3.7864156e-12
2.8207991e-12
2.3906849e-12
2.5017349e-12
3.6290831e-12
2.7384206e-12
2.651282e-12
3.9221681e-12
2.3759467e-12
3.5008524e-12
3.8436337e-12
3.0167119e-12
3.6418091e-12
3.6387005e-12
3.1556702e-12
4.0766834e-12
3.9729886e-12
4.1089354e-12
2.8363978e-12
3.074499e-12
3.5625669e-12
3.6535774e-12
3.3816006e-12
3.0356551e-12
2.8774483e-12
3.0762476e-12
3.126846e-12
2.9860697e-12
4.1319864e-12
3.3710951e-12
4.4505788e-12
3.7971432e-12
3.3534564e-12
2.830236e-12
2.873729e-12
2.8530511e-12
3.2229636e-12
3.8631459e-12
4.0057263e-12
3.5923764e-12
3.486017e-12
3.5797754e-12
2.5010966e-12
3.4999226e-12
2.7400443e-12
3.2730763e-12
3.758216e-12
3.4948433e-12
3.1120384e-12
3.5025177e-12
3.5711711e-12
3.4961339e-12
2.6241231e-12
3.7348735e-12
2.9099917e-12
3.1448594e-12
3.5858538e-12
3.704731e-12
3.3490433e-12
3.7056747e-12
2.3584329e-12
3.2893965e-12
3.5499659e-12
2.983877e-12
2.9373309e-12
3.5701442e-12
1.9356738e-12
2.6676855e-12
2.7701869e-12
2.1332242e-12
3.4616893e-12
2.4995561e-12
2.4643759e-12
3.0969532e-12
2.7586128e-12
2.597117e-12
2.0221325e-12
2.5007357e-12
2.276207e-12
3.1831482e-12
1.7004315e-12
2.4714536e-12
2.5885682e-12
1.9881735e-12
2.9012071e-12
1.6596446e-12
1.1117357e-12
1.8538088e-12
2.4763802e-12
2.0383001e-12
1.8681029e-12
2.0548424e-12
5.9116601e-13
1.9423768e-12
2.3694657e-12
2.1394692e-12
2.3576419e-12
2.6921798e-12
3.1000341e-12
2.9587444e-12
3.2687741e-12
1.9810958e-12
3.139447e-12
2.809003e-12
2.6638136e-12
2.259623e-12
2.8514413e-12
2.526826e-12
2.3192559e-12
2.5972557e-12
1.7149615e-12
2.4260455e-12
2.3955282e-12
3.1911418e-12
2.0160401e-12
2.3294422e-12
1.8278018e-12
2.5924957e-12
1.9632074e-12
1.7793544e-12
1.4274276e-12
1.4226398e-12
2.8590602e-12
1.6529556e-12
1.8937629e-12
1.7277707e-12
1.4655083e-12
1.684819e-12
2.6660618e-12
1.9676344e-12
1.9571705e-12
1.83914e-12
1.8322704e-12
2.3912816e-12
1.195849e-12
9.6031516e-13
2.2614272e-12
2.8297781e-12
2.3989144e-12
2.0671936e-12
1.3249124e-12
2.5892621e-12
1.2358309e-12
2.2587071e-12
2.5031643e-12
2.6134372e-12
2.2362945e-12
5.404982e-13
2.4877184e-12
1.5560053e-12
2.1975893e-12
1.4026696e-12
1.354139e-12
2.7710889e-12
1.6183582e-12
2.3775981e-12
1.551384e-12
2.2575691e-12
2.4200225e-12
2.8665681e-12
2.5708602e-12
2.331968e-12
1.5098894e-12
2.1910668e-12
2.7636365e-12
1.2821549e-12
3.4218878e-12
2.5997676e-12
1.3975626e-12
2.4291541e-12
2.185821e-12
1.8408747e-12
3.2627789e-12
3.4627579e-12
2.7197133e-12
3.3831826e-12
2.749953e-12
3.4177938e-12
2.4279051e-12
2.8701624e-12
2.5949243e-12
2.6707525e-12
3.4153375e-12
2.8715363e-12
3.1525615e-12
2.9419939e-12
2.3050173e-12
2.2122998e-12
1.7088692e-12
2.4649033e-12
2.8603508e-12
2.8266972e-12
2.6659369e-12
2.169695e-12
2.8126251e-12
3.9948184e-12
2.9099639e-12
3.1308012e-12
2.7004787e-12
1.7329471e-12
2.0621699e-12
2.6479929e-12
2.4291541e-12
2.6226243e-12
3.8931358e-12
4.0821097e-12
2.7256947e-12
2.3357011e-12
9.1944508e-13
2.7750996e-12
3.1543101e-12
3.0882102e-12
2.6551539e-12
2.2121888e-12
1.66471e-12
1.8196555e-12
1.0709211e-12
1.4020729e-12
2.9513197e-12
2.6935121e-12
2.4750757e-12
2.9080488e-12
2.523079e-12
2.2593871e-12
1.7840729e-12
1.5115686e-12
2.2271768e-12
2.2548352e-12
1.8845203e-12
1.7760515e-12
3.376438e-12
1.8031687e-12
1.7417179e-12
2.0339147e-12
1.431022e-12
1.668804e-12
1.8010732e-12
1.9812901e-12
2.534542e-12
3.0168229e-12
2.729636e-12
1.3901796e-12
1.3535284e-12
2.6553065e-12
1.9846486e-12
1.4408891e-12
2.8212849e-12
2.2634117e-12
2.631062e-12
3.3388015e-12
1.6621982e-12
3.1298575e-12
2.1560809e-12
1.9521329e-12
1.5539792e-12
2.1661284e-12
1.8013646e-12
1.9302893e-12
2.4426988e-12
1.822334e-12
1.8681862e-12
1.3375828e-12
2.2930546e-12
2.2235686e-12
1.5472484e-12
1.9377694e-12
3.0724034e-12
1.6689428e-12
2.3832603e-12
2.898376e-12
1.9351742e-12
2.1554702e-12
2.9858754e-12
2.7533392e-12
2.0505958e-12
1.6116136e-12
1.3503365e-12
2.0545093e-12
1.9349661e-12
2.57111e-12
3.6705361e-12
1.673453e-12
2.1734836e-12
2.9838076e-12
2.5506264e-12
3.529177e-12
3.4741099e-12
3.5086795e-12
2.267575e-12
2.1727065e-12
2.2257474e-12
3.1432079e-12
3.254591e-12
2.9545671e-12
3.2719244e-12
3.174877e-12
2.5995733e-12
3.0253994e-12
2.7810393e-12
2.9198727e-12
2.3345076e-12
2.5616453e-12
3.0118547e-12
1.8505614e-12
2.0033142e-12
1.6798646e-12
2.5528885e-12
1.7100349e-12
1.1469159e-12
1.9900886e-12
2.8201885e-12
3.1295799e-12
2.6950664e-12
1.9082236e-12
2.0432406e-12
3.0207642e-12
2.67944e-12
3.2880226e-12
2.0993068e-12
1.7199853e-12
2.2325614e-12
3.2358977e-12
2.2970237e-12
2.041145e-12
2.8810843e-12
3.4373338e-12
1.7991719e-12
1.8648416e-12
2.6053187e-12
1.7034568e-12
2.2374186e-12
2.1233987e-12
2.8578112e-12
2.241804e-12
1.3179319e-12
1.4814955e-12
2.1703889e-12
1.6262824e-12
1.9179797e-12
2.2922775e-12
2.2612329e-12
1.6065066e-12
2.5451447e-12
1.336431e-12
2.1986857e-12
1.8320484e-12
1.8429286e-12
2.5978247e-12
2.3741564e-12
1.8720997e-12
2.1446595e-12
3.3528319e-12
1.6037727e-12
2.3240576e-12
1.8967744e-12
1.7913587e-12
3.3950759e-12
1.7643803e-12
2.3200886e-12
2.2827851e-12
2.2578467e-12
2.7051e-12
2.539996e-12
2.6709329e-12
1.9066276e-12
2.5354302e-12
2.6344205e-12
3.0017377e-12
2.9086455e-12
1.3749696e-12
2.1451313e-12
2.9159453e-12
2.5698887e-12
2.4081986e-12
2.2028768e-12
2.2077201e-12
2.0288077e-12
2.0574237e-12
2.1498359e-12
1.5719787e-12
1.592379e-12
2.707945e-12
2.6460639e-12
2.2293001e-12
2.3969854e-12
1.75715e-12
2.2863933e-12
2.3671759e-12
2.2845059e-12
2.1828372e-12
2.0029811e-12
2.6074976e-12
2.0721619e-12
1.7862656e-12
1.8371971e-12
2.4077823e-12
2.8999858e-12
2.6926794e-12
3.3628794e-12
2.7235575e-12
2.8654579e-12
2.9413694e-12
2.2846725e-12
2.7725044e-12
1.9065582e-12
2.9723723e-12
2.8204106e-12
2.4344693e-12
3.0448005e-12
3.3209407e-12
2.8299862e-12
2.4609065e-12
2.6454117e-12
1.8551272e-12
2.1768698e-12
2.8060054e-12
2.8091279e-12
2.6240815e-12
2.167197e-12
1.9486496e-12
3.0060954e-12
1.5610568e-12
2.0979191e-12
1.4528101e-12
1.8223478e-12
2.3083341e-12
1.2988083e-12
2.5313501e-12
2.4859975e-12
1.7566781e-12
1.8791496e-12
1.5369789e-12
1.7855578e-12
1.9992757e-12
2.3640256e-12
2.220113e-12
1.9826502e-12
1.7809088e-12
1.816991e-12
2.3744479e-12
2.2729735e-12
1.7776475e-12
1.6841528e-12
1.9886592e-12
1.1762258e-12
1.9638319e-12
2.6303959e-12
2.0936308e-12
1.8186286e-12
1.8324231e-12
1.262615e-12
2.1453672e-12
1.5264873e-12
1.9635821e-12
1.1477069e-12
2.1050245e-12
1.2880946e-12
1.4422352e-12
1.1024653e-12
1.3188617e-12
1.6286417e-12
1.7023466e-12
1.7927049e-12
2.1933844e-12
2.983308e-12
1.9021451e-12
1.6746327e-12
1.4624829e-12
1.9432511e-12
2.8919228e-12
2.7433888e-12
2.5744962e-12
2.7537139e-12
2.2547797e-12
1.556491e-12
1.2724821e-12
2.4345248e-12
2.3866464e-12
3.8292702e-12
2.7059188e-12
1.8937629e-12
2.3120256e-12
2.9091313e-12
2.6271624e-12
1.9920732e-12
2.2910285e-12
3.1068204e-12
1.6532886e-12
2.7395031e-12
2.4009544e-12
3.1819547e-12
2.295289e-12
2.8846925e-12
3.2181341e-12
3.2627789e-12
2.3845231e-12
2.6396663e-12
2.8677893e-12
2.7360336e-12
3.3941044e-12
3.0607322e-12
2.7737812e-12
2.6389863e-12
2.1434104e-12
2.4667074e-12
2.009351e-12
3.2166908e-12
2.0715929e-12
2.8583108e-12
3.1924463e-12
2.759501e-12
3.3886227e-12
4.0763781e-12
2.8406444e-12
2.5156127e-12
2.3307883e-12
2.4810154e-12
2.613243e-12
1.973588e-12
2.846598e-12
2.2193219e-12
2.7023522e-12
2.6650765e-12
1.8110236e-12
2.5333069e-12
2.0319302e-12
1.8232083e-12
1.9211577e-12
2.1426888e-12
1.5637214e-12
1.8941793e-12
1.6574381e-12
2.3133023e-12
2.4476393e-12
1.7518209e-12
2.4373281e-12
6.6958938e-13
2.3589047e-12
2.3592794e-12
2.1926627e-12
2.702949e-12
2.2786634e-12
2.8621133e-12
2.1920521e-12
1.1704943e-12
2.5255353e-12
2.2986196e-12
2.6371544e-12
1.8847562e-12
2.1824209e-12
3.0347252e-12
2.9849734e-12
2.5054819e-12
1.6009138e-12
2.733716e-12
2.3258895e-12
2.3444996e-12
2.8098496e-12
2.4028696e-12
2.2950669e-12
2.9739405e-12
2.3121366e-12
2.352965e-12
2.7341601e-12
1.5264595e-12
2.3598068e-12
2.9152514e-12
2.5527358e-12
2.2737368e-12
2.263828e-12
2.1114499e-12
2.8029384e-12
3.771608e-12
3.6837755e-12
2.5332653e-12
3.6104453e-12
2.525688e-12
2.4266283e-12
1.9149127e-12
2.4912017e-12
2.8183428e-12
2.1068702e-12
1.1507739e-12
2.1927876e-12
2.2936514e-12
2.0484447e-12
1.5872026e-12
1.7331137e-12
2.2086916e-12
2.6550012e-12
2.1295882e-12
2.8236857e-12
3.627737e-12
2.5436597e-12
1.8206964e-12
1.90431e-12
2.1412178e-12
2.7153557e-12
1.857306e-12
2.0092955e-12
1.4672152e-12
1.6073254e-12
2.0659585e-12
2.4300423e-12
2.3746005e-12
2.0168728e-12
3.0694891e-12
2.0400764e-12
2.1021379e-12
2.5432156e-12
2.2681856e-12
1.6903146e-12
