3.224716e-10
3.23125e-10
3.2511363e-10
3.2278411e-10
3.2761366e-10
3.21392e-10
3.2352274e-10
3.228125e-10
3.2221589e-10
3.2269884e-10
3.2482952e-10
3.2301134e-10
3.2457387e-10
3.2238637e-10
3.2428979e-10
3.2161934e-10
3.2153413e-10
3.2548297e-10
3.2335226e-10
3.2474431e-10
3.2278411e-10
3.1982952e-10
3.2508524e-10
3.2553979e-10
3.2758521e-10
3.2329542e-10
3.2460229e-10
3.2227268e-10
3.2551137e-10
3.218466e-10
3.2332384e-10
3.21392e-10
3.2874997e-10
3.2548295e-10
3.24375e-10
3.234375e-10
3.2423297e-10
3.2414771e-10
3.2173295e-10
3.2355116e-10
3.2440339e-10
3.2289774e-10
3.2423295e-10
3.2409087e-10
3.2400568e-10
3.2590908e-10
3.2127839e-10
3.2238637e-10
3.2602274e-10
3.2031255e-10
3.25625e-10
3.2343747e-10
3.221875e-10
3.2244316e-10
3.2232952e-10
3.2306816e-10
3.2508521e-10
3.2298297e-10
3.2409089e-10
3.2193184e-10
3.2357952e-10
3.225e-10
3.2420455e-10
3.2323866e-10
3.2590911e-10
3.2494316e-10
3.2017045e-10
3.2434658e-10
3.2110792e-10
3.2198863e-10
3.2346592e-10
3.259375e-10
3.2375e-10
3.2349431e-10
3.2502842e-10
3.2357958e-10
3.2210226e-10
3.2684658e-10
3.2627837e-10
3.2519887e-10
3.2173297e-10
3.2309655e-10
3.2221592e-10
3.2352274e-10
3.2173297e-10
3.2357952e-10
3.2176137e-10
3.2383521e-10
3.2125003e-10
3.2585226e-10
3.2142047e-10
3.2159092e-10
3.2110797e-10
3.1948863e-10
3.2164771e-10
3.2514208e-10
3.2034098e-10
3.2482952e-10
3.2264205e-10
3.20625e-10
3.2096589e-10
3.2326705e-10
3.2244316e-10
3.2267045e-10
3.2400571e-10
3.2386363e-10
3.2303979e-10
3.2156253e-10
3.221875e-10
3.2002842e-10
3.1875e-10
3.2284089e-10
3.2366476e-10
3.2119318e-10
3.2644887e-10
3.2213066e-10
3.2244318e-10
3.2198863e-10
3.2193181e-10
3.240625e-10
3.2190339e-10
3.2352271e-10
3.2394884e-10
3.2204547e-10
3.2610792e-10
3.2414771e-10
3.2673295e-10
3.2227274e-10
3.2301134e-10
3.2417613e-10
3.2409089e-10
3.2428976e-10
3.2352271e-10
3.2125003e-10
3.2357955e-10
3.2289774e-10
3.2232952e-10
3.2474434e-10
3.251136e-10
3.2451702e-10
3.2380679e-10
3.2389205e-10
3.2392045e-10
3.2173297e-10
3.2329545e-10
3.2221592e-10
3.2661929e-10
3.2301137e-10
3.202841e-10
3.2414774e-10
3.2457381e-10
3.2409092e-10
3.2258521e-10
3.2559658e-10
3.2139205e-10
3.2417613e-10
3.2369318e-10
3.23267e-10
3.2676134e-10
3.236364e-10
3.2565342e-10
3.2392045e-10
3.2258521e-10
3.2025563e-10
3.2485792e-10
3.2079545e-10
3.246875e-10
3.2139208e-10
3.2437497e-10
3.2428979e-10
3.2269887e-10
3.2196026e-10
3.2517045e-10
3.2346592e-10
3.2616476e-10
3.2488637e-10
3.2559658e-10
3.2795455e-10
3.28125e-10
3.2528408e-10
3.2409092e-10
3.2534089e-10
3.2409089e-10
3.2653408e-10
3.2329545e-10
3.2661929e-10
3.248011e-10
3.2392045e-10
3.2076705e-10
3.2551137e-10
3.2502842e-10
3.2656253e-10
3.228125e-10
3.2767045e-10
3.2397723e-10
3.2326708e-10
3.2298292e-10
3.2215908e-10
3.2661931e-10
3.2159092e-10
3.2139205e-10
3.2329542e-10
3.2315342e-10
3.2519887e-10
3.2562497e-10
3.2082387e-10
3.2522729e-10
3.2539774e-10
3.2696024e-10
3.2363634e-10
3.2519887e-10
3.2497161e-10
3.2315342e-10
3.2176134e-10
3.2767045e-10
3.2076708e-10
3.2323866e-10
3.2383521e-10
3.2579545e-10
3.2440339e-10
3.2406253e-10
3.229261e-10
3.2392042e-10
3.2244321e-10
3.2610797e-10
3.2477271e-10
3.2227276e-10
3.2312497e-10
3.225e-10
3.2602274e-10
3.2227268e-10
3.2321024e-10
3.2446021e-10
3.240625e-10
3.2619318e-10
3.2428976e-10
3.2428976e-10
3.2278411e-10
3.2258524e-10
3.2573866e-10
3.2372161e-10
3.2599429e-10
3.2159095e-10
3.254261e-10
3.2338066e-10
3.254545e-10
3.2397726e-10
3.2369318e-10
3.2480113e-10
3.2599434e-10
3.2340908e-10
3.205966e-10
3.2088068e-10
3.1940339e-10
3.2369316e-10
3.2252842e-10
3.2400563e-10
3.2480113e-10
3.2241473e-10
3.2383521e-10
3.2048295e-10
3.2289774e-10
3.2286931e-10
3.2386363e-10
3.2258524e-10
3.2571018e-10
3.2588068e-10
3.2568181e-10
3.218466e-10
3.2633521e-10
3.2309658e-10
3.2494318e-10
3.2463068e-10
3.2008521e-10
3.2434655e-10
3.2278411e-10
3.2707387e-10
3.2352274e-10
3.2534089e-10
3.1960229e-10
3.2477274e-10
3.2306816e-10
3.2332387e-10
3.2093747e-10
3.2397726e-10
3.2508521e-10
3.2338066e-10
3.2468747e-10
3.2434658e-10
3.2565339e-10
3.2224434e-10
3.2403411e-10
3.2360792e-10
3.2431816e-10
3.2042613e-10
3.2349431e-10
3.2210226e-10
3.2329542e-10
3.2090908e-10
3.2338068e-10
3.2019887e-10
3.2338068e-10
3.2718753e-10
3.2198863e-10
3.2392042e-10
3.2741479e-10
3.2357952e-10
3.2161929e-10
3.2545452e-10
3.2116482e-10
3.2624997e-10
3.2164779e-10
3.2434658e-10
3.2116476e-10
3.2423297e-10
3.2252839e-10
3.2235792e-10
3.2409092e-10
3.2295455e-10
3.25625e-10
3.233239e-10
3.2499997e-10
3.221875e-10
3.2579547e-10
3.2153408e-10
3.2571024e-10
3.2218747e-10
3.2505684e-10
3.2244318e-10
3.2653411e-10
3.2363634e-10
3.245739e-10
3.2338068e-10
3.2426134e-10
3.2497161e-10
3.238636e-10
3.2170452e-10
3.2235795e-10
3.2269887e-10
3.2446024e-10
3.254261e-10
3.2295452e-10
3.23125e-10
3.2525566e-10
3.2303979e-10
3.2176134e-10
3.2082384e-10
3.2426137e-10
3.2372161e-10
3.2446021e-10
3.2207384e-10
3.2457384e-10
3.2363637e-10
3.2235795e-10
3.2284089e-10
3.2684658e-10
3.2309655e-10
3.2244318e-10
3.2264211e-10
3.215341e-10
3.2284092e-10
3.2119318e-10
3.2110795e-10
3.2181816e-10
3.1974431e-10
3.2071024e-10
3.2534089e-10
3.2417613e-10
3.2292616e-10
3.2042616e-10
3.2170452e-10
3.205966e-10
3.2485795e-10
3.2255684e-10
3.2315339e-10
3.21875e-10
3.2321024e-10
3.2261363e-10
3.2644887e-10
3.2099429e-10
3.2534089e-10
3.1974429e-10
3.2414776e-10
3.2102271e-10
3.2119318e-10
3.1897726e-10
3.2159089e-10
3.2377837e-10
3.2178973e-10
3.2497163e-10
3.218466e-10
3.2463068e-10
3.2031247e-10
3.2414771e-10
3.2431821e-10
3.2480119e-10
3.2474429e-10
3.2173297e-10
3.2153405e-10
3.225e-10
3.2150568e-10
3.2284089e-10
3.2090905e-10
3.2440339e-10
3.2315339e-10
3.2514205e-10
3.2443179e-10
3.2457381e-10
3.2244316e-10
3.2426134e-10
3.2198863e-10
3.2627839e-10
3.23125e-10
3.2446021e-10
3.2627839e-10
3.2082384e-10
3.2377842e-10
3.2196024e-10
3.2494321e-10
3.2022726e-10
3.2502842e-10
3.2488634e-10
3.2428982e-10
3.23892e-10
3.238636e-10
3.2272723e-10
3.2346592e-10
3.2301137e-10
3.2573866e-10
3.2386363e-10
3.2670455e-10
3.2323866e-10
3.228125e-10
3.2463071e-10
3.2215908e-10
3.2551137e-10
3.2491476e-10
3.2184658e-10
3.2099431e-10
3.2448866e-10
3.2312497e-10
3.2244316e-10
3.2428973e-10
3.2335226e-10
3.2519884e-10
3.2204545e-10
3.2102274e-10
3.2485795e-10
3.2372161e-10
3.253125e-10
3.2366476e-10
3.2303976e-10
3.2198863e-10
3.2565339e-10
3.2400568e-10
3.2477274e-10
3.2573863e-10
3.2346589e-10
3.2428979e-10
3.2409092e-10
3.2232955e-10
3.2235795e-10
3.2301137e-10
3.2383524e-10
3.2508524e-10
3.2553976e-10
3.2133524e-10
3.2434658e-10
3.2363637e-10
3.26108e-10
3.2508526e-10
3.27983e-10
3.2309661e-10
3.2403411e-10
3.2258521e-10
3.2318187e-10
3.2255679e-10
3.2414774e-10
3.2338068e-10
3.2389205e-10
3.2505681e-10
3.2198863e-10
3.2602268e-10
3.2289768e-10
3.2409089e-10
3.2329547e-10
3.2392042e-10
3.2764202e-10
3.228125e-10
3.2448866e-10
3.2258524e-10
3.2426137e-10
3.2619318e-10
3.2105116e-10
3.2147732e-10
3.2264202e-10
3.2431818e-10
3.2389205e-10
3.2465908e-10
3.2213068e-10
3.2573866e-10
3.2122158e-10
3.2204547e-10
3.2312497e-10
3.2522723e-10
3.2548297e-10
3.2491473e-10
3.2579545e-10
3.2312497e-10
3.2207384e-10
3.2528405e-10
3.265625e-10
3.2403408e-10
3.3673292e-10
3.448011e-10
3.6616477e-10
3.8053977e-10
4.0213066e-10
4.2795453e-10
4.5261367e-10
4.7110799e-10
4.8605114e-10
5.0403409e-10
5.1522736e-10
5.2798294e-10
5.342613e-10
5.4269889e-10
5.444033e-10
5.5150562e-10
5.5272725e-10
5.5963062e-10
5.5684651e-10
5.6230109e-10
5.6232952e-10
5.6258515e-10
5.6707389e-10
5.6502841e-10
5.6579547e-10
5.639772e-10
5.6423299e-10
5.6588068e-10
5.6613636e-10
5.6480115e-10
5.6647731e-10
5.6267041e-10
5.6281246e-10
5.6230115e-10
5.5889204e-10
5.6068178e-10
5.6380683e-10
5.5704547e-10
5.5704547e-10
5.5877841e-10
5.5855115e-10
5.5386368e-10
5.5443178e-10
5.5659094e-10
5.5414773e-10
5.5420457e-10
5.5130689e-10
5.4926136e-10
5.4894894e-10
5.5053972e-10
5.4619326e-10
5.474432e-10
5.4718741e-10
5.4576704e-10
5.4210231e-10
5.4178978e-10
5.4187493e-10
5.4235794e-10
5.4215904e-10
5.3835231e-10
5.4139204e-10
5.3926141e-10
5.3866472e-10
5.3792609e-10
5.348863e-10
5.3443183e-10
5.3204546e-10
5.3548294e-10
5.318182e-10
5.2985794e-10
5.3127847e-10
5.2789773e-10
5.2965904e-10
5.2553983e-10
5.2420451e-10
5.2917609e-10
5.2494314e-10
5.2338067e-10
5.2531246e-10
5.2605115e-10
5.219602e-10
5.205682e-10
5.1951704e-10
5.1897719e-10
5.193182e-10
5.1761367e-10
5.1880683e-10
5.1639204e-10
5.1534088e-10
5.1346594e-10
5.1446025e-10
5.1170457e-10
5.1389198e-10
5.1573862e-10
5.1468746e-10
5.109943e-10
5.1303978e-10
5.1224441e-10
5.0923293e-10
5.0690341e-10
5.0750004e-10
5.066193e-10
5.0542615e-10
5.0730109e-10
5.0596594e-10
5.0315341e-10
5.0463073e-10
5.0494314e-10
5.0247156e-10
5.0159094e-10
5.0065341e-10
4.9980114e-10
4.9732951e-10
4.9789767e-10
4.9741478e-10
4.9732957e-10
4.9457383e-10
4.976704e-10
4.9428966e-10
4.9409093e-10
4.9352272e-10
4.9213067e-10
4.9198867e-10
4.9252846e-10
4.8940346e-10
4.9056825e-10
4.9122162e-10
4.8900567e-10
4.8951704e-10
4.8613635e-10
4.876704e-10
4.8877841e-10
4.8681825e-10
4.8477272e-10
4.8565335e-10
4.842613e-10
4.847443e-10
4.8414778e-10
4.8122162e-10
4.8318177e-10
4.8278409e-10
4.8034088e-10
4.7965903e-10
4.8017046e-10
4.8107957e-10
4.7809662e-10
4.7551141e-10
4.7633514e-10
4.7627841e-10
4.7622162e-10
4.7650567e-10
4.7579546e-10
4.7690341e-10
4.7377841e-10
4.7607956e-10
4.7409093e-10
4.716762e-10
4.7190335e-10
4.7159093e-10
4.714773e-10
4.7284093e-10
4.7127835e-10
4.7167609e-10
4.6889198e-10
4.6750004e-10
4.6781251e-10
4.6630683e-10
4.691193e-10
4.6738635e-10
4.6360799e-10
4.6710236e-10
4.6644888e-10
4.6414772e-10
4.6411933e-10
4.6460225e-10
4.6303972e-10
4.6400569e-10
4.630398e-10
4.6474424e-10
4.6318183e-10
4.6071025e-10
4.6400564e-10
4.6480109e-10
4.5880685e-10
4.6159088e-10
4.5718745e-10
4.5843748e-10
4.5667614e-10
4.5650561e-10
4.5463064e-10
4.5767043e-10
4.5860793e-10
4.5633525e-10
4.567329e-10
4.5818183e-10
4.5778412e-10
4.5622156e-10
4.5514204e-10
4.5730114e-10
4.5451706e-10
4.5298296e-10
4.5573859e-10
4.541193e-10
4.5642048e-10
4.5488638e-10
4.5099433e-10
4.5176138e-10
4.5039775e-10
4.4920451e-10
4.5224435e-10
4.5204548e-10
4.4806822e-10
4.5056819e-10
4.4803983e-10
4.5284085e-10
4.512784e-10
4.4994319e-10
4.5011364e-10
4.4977277e-10
4.4644882e-10
4.479829e-10
4.4616472e-10
4.4639206e-10
4.4900572e-10
4.4667614e-10
4.4607959e-10
4.4497159e-10
4.4369319e-10
4.4448864e-10
4.4767051e-10
4.462784e-10
4.4778412e-10
4.4576706e-10
4.469318e-10
4.4400572e-10
4.4431819e-10
4.4210224e-10
4.4107953e-10
4.4428969e-10
4.419034e-10
4.4071025e-10
4.4232956e-10
4.3906245e-10
4.413068e-10
4.4139201e-10
4.405398e-10
4.4150558e-10
4.3988638e-10
4.4017048e-10
4.3789769e-10
4.3639198e-10
4.4053977e-10
4.3892048e-10
4.3863635e-10
4.3775572e-10
4.3363632e-10
4.3602275e-10
4.3883519e-10
4.3568174e-10
4.3542611e-10
4.3281254e-10
4.3528406e-10
4.3551135e-10
4.3207382e-10
4.3173295e-10
4.3184656e-10
4.3284087e-10
4.3002837e-10
4.3536935e-10
4.2775572e-10
4.2914775e-10
4.3170456e-10
4.289773e-10
4.2889201e-10
4.3218751e-10
4.2971593e-10
4.2735795e-10
4.2863632e-10
4.2985801e-10
4.2926135e-10
4.2764201e-10
4.2991477e-10
4.2730114e-10
4.3122161e-10
4.273579e-10
4.2747164e-10
4.2312501e-10
4.2781248e-10
4.2610793e-10
4.242045e-10
4.2198867e-10
4.2954545e-10
4.2261361e-10
4.3019888e-10
4.2528414e-10
4.2624998e-10
4.2176138e-10
4.2480108e-10
4.2511364e-10
4.2642043e-10
4.2250001e-10
4.2463072e-10
4.2372159e-10
4.2366474e-10
4.245454e-10
4.222443e-10
4.2403406e-10
4.1846587e-10
4.2022733e-10
4.2284087e-10
4.2218753e-10
4.2017045e-10
4.2110801e-10
4.1980111e-10
4.220739e-10
4.2224435e-10
4.2170456e-10
4.1784096e-10
4.2110801e-10
4.2073864e-10
4.2090909e-10
4.1869316e-10
4.1974432e-10
4.1903406e-10
4.1875001e-10
4.2167614e-10
4.1806814e-10
4.1872159e-10
4.1539774e-10
4.174148e-10
4.1713069e-10
4.1610793e-10
4.2065346e-10
4.1767051e-10
4.1673298e-10
4.1849429e-10
4.1667622e-10
4.1934661e-10
4.1747156e-10
4.1809656e-10
4.1852274e-10
4.154545e-10
4.1599435e-10
4.1744322e-10
4.1369319e-10
4.1926132e-10
4.1590906e-10
4.1394885e-10
4.1696024e-10
4.145454e-10
4.142614e-10
4.1605117e-10
4.1639206e-10
4.1261369e-10
4.1355114e-10
4.1411932e-10
4.134659e-10
4.1457388e-10
4.1474432e-10
4.1181822e-10
4.1340911e-10
4.1164772e-10
4.1431819e-10
4.1099432e-10
4.1301132e-10
4.1272735e-10
4.117329e-10
4.1332388e-10
4.1303974e-10
4.1232953e-10
4.0982953e-10
4.1281245e-10
4.1065337e-10
4.0937501e-10
4.1056819e-10
4.1235798e-10
4.1147724e-10
4.1005685e-10
4.1238638e-10
4.0835221e-10
4.0965906e-10
4.085795e-10
4.119034e-10
4.0789772e-10
4.0812501e-10
4.0880685e-10
4.0860793e-10
4.0931819e-10
4.0821019e-10
4.0954545e-10
4.0744316e-10
4.0443179e-10
4.0764203e-10
4.0968748e-10
4.0579537e-10
4.0792614e-10
4.0639206e-10
4.0789774e-10
4.0681816e-10
4.0673295e-10
4.0798295e-10
4.0633524e-10
4.083523e-10
4.047159e-10
4.0994319e-10
4.0482953e-10
4.0477266e-10
4.0636364e-10
4.0437501e-10
4.0414772e-10
4.0625003e-10
4.0559656e-10
4.0568188e-10
4.049148e-10
4.0573864e-10
4.0528408e-10
4.055398e-10
4.0329545e-10
4.017329e-10
4.0335227e-10
4.0329545e-10
4.0357956e-10
4.0434661e-10
4.0144882e-10
4.0392048e-10
4.0355114e-10
4.0028414e-10
4.0269885e-10
4.0301137e-10
4.0176146e-10
4.0244316e-10
4.0170453e-10
4.0264209e-10
4.0269879e-10
4.0392048e-10
3.996023e-10
4.0232956e-10
3.9883521e-10
4.0153411e-10
4.014489e-10
3.9894887e-10
4.0036932e-10
3.9991477e-10
4.0289772e-10
3.9667611e-10
4.0090911e-10
3.9832385e-10
4.0232956e-10
3.9937501e-10
3.9840911e-10
3.9840911e-10
3.9690343e-10
3.9846595e-10
3.992614e-10
3.9877837e-10
3.9801132e-10
3.9960224e-10
3.9667605e-10
3.9528408e-10
3.9835227e-10
3.9991477e-10
3.9721587e-10
4.0036935e-10
3.9840911e-10
3.9767045e-10
3.9715903e-10
3.9875001e-10
3.9772727e-10
3.9937503e-10
3.9659087e-10
3.9687489e-10
3.9548301e-10
3.992329e-10
3.9750001e-10
4.0017048e-10
3.9556822e-10
3.9389203e-10
3.9855114e-10
3.9749998e-10
3.9735795e-10
3.9602269e-10
3.9701706e-10
3.9647727e-10
3.9590908e-10
3.956534e-10
3.9784087e-10
3.933523e-10
3.9187498e-10
3.9585227e-10
3.9196021e-10
3.9724427e-10
3.935795e-10
3.9463066e-10
3.9164771e-10
3.9389203e-10
3.955398e-10
3.9232961e-10
3.9221593e-10
3.9457387e-10
3.8883521e-10
3.9082385e-10
3.9352271e-10
3.9292614e-10
3.9474432e-10
3.9488637e-10
3.9198864e-10
3.9329545e-10
3.8940343e-10
3.9440337e-10
3.9164771e-10
3.8752834e-10
3.9383519e-10
3.9221595e-10
3.92017e-10
3.9161935e-10
3.8982953e-10
3.9119313e-10
3.9167614e-10
3.892614e-10
3.9022729e-10
3.9198866e-10
3.9002837e-10
3.9346595e-10
3.8732953e-10
3.9019887e-10
3.8869319e-10
3.9085227e-10
3.8997164e-10
3.8900569e-10
3.8917616e-10
3.8857959e-10
3.8872158e-10
3.9159087e-10
3.9076706e-10
3.9082382e-10
3.8974435e-10
3.8650566e-10
3.9281253e-10
3.8397721e-10
3.8988632e-10
3.8923298e-10
3.8656245e-10
3.8548292e-10
3.8721593e-10
3.8769885e-10
3.8633516e-10
3.8698864e-10
3.8821024e-10
3.871875e-10
3.8710218e-10
3.8488635e-10
3.8414766e-10
3.8906248e-10
3.8582385e-10
3.8539774e-10
3.8522724e-10
3.8835227e-10
3.8582385e-10
3.8548303e-10
3.8474435e-10
3.8241479e-10
3.8531248e-10
3.856534e-10
3.8593748e-10
3.87642e-10
3.8511364e-10
3.8892045e-10
3.8238637e-10
3.8167614e-10
3.8210227e-10
3.8306816e-10
3.856534e-10
3.8292614e-10
3.8392045e-10
3.8230111e-10
3.8071021e-10
3.8201706e-10
3.8167614e-10
3.8389203e-10
3.840909e-10
3.8196016e-10
3.8369319e-10
3.8389203e-10
3.7931816e-10
3.8201706e-10
3.8181822e-10
3.8156253e-10
3.8392045e-10
3.8198864e-10
3.8332384e-10
3.8426143e-10
3.8133521e-10
3.8036932e-10
3.8369316e-10
3.808239e-10
3.8261366e-10
3.8204542e-10
3.8096593e-10
3.81875e-10
3.8062498e-10
3.8056822e-10
3.8474432e-10
3.8e-10
3.8031248e-10
3.8213066e-10
3.8133524e-10
3.8034084e-10
3.8056827e-10
3.7948863e-10
3.8028414e-10
3.803125e-10
3.7934661e-10
3.7880685e-10
3.8116479e-10
3.7911932e-10
3.7849432e-10
3.7866477e-10
3.7875003e-10
3.7866474e-10
3.7934661e-10
3.8079542e-10
3.7894887e-10
3.7960229e-10
3.7667613e-10
3.7792613e-10
3.7741479e-10
3.8017048e-10
3.7943179e-10
3.7696021e-10
3.8002837e-10
3.7835227e-10
3.7826708e-10
3.793181e-10
3.7806822e-10
3.8147732e-10
3.7900563e-10
3.7798289e-10
3.8028408e-10
3.8096584e-10
3.7880685e-10
3.7906253e-10
3.7602274e-10
3.7775572e-10
3.7786932e-10
3.7883521e-10
3.80767e-10
3.8053977e-10
3.7855108e-10
3.7590908e-10
3.8105116e-10
3.7832384e-10
3.7568179e-10
3.8011361e-10
3.7693182e-10
3.775284e-10
3.7727269e-10
3.7556813e-10
3.7406248e-10
3.7735789e-10
3.762784e-10
3.7784087e-10
3.7639206e-10
3.7383519e-10
3.756534e-10
3.7653408e-10
3.7616477e-10
3.7477274e-10
3.7704548e-10
3.7539769e-10
3.7823861e-10
3.7286929e-10
3.769034e-10
3.7411937e-10
3.7346587e-10
3.7494322e-10
3.7732953e-10
3.7167613e-10
3.7636363e-10
3.7534093e-10
3.7761361e-10
3.7343748e-10
3.7480111e-10
3.7298295e-10
3.7440342e-10
3.7602274e-10
3.7144884e-10
3.7644884e-10
3.7221587e-10
3.751989e-10
3.7230111e-10
3.7230113e-10
3.7661935e-10
3.7732956e-10
3.7593748e-10
3.7545453e-10
3.748295e-10
3.771875e-10
3.7440337e-10
3.7661935e-10
3.7170453e-10
3.7389203e-10
3.7514203e-10
3.7610795e-10
3.7494319e-10
3.7786932e-10
3.7480108e-10
3.7457387e-10
3.7380676e-10
3.736364e-10
3.7443176e-10
3.7298295e-10
3.7596593e-10
3.7375003e-10
3.762784e-10
3.7312498e-10
3.7213066e-10
3.7556819e-10
3.7059661e-10
3.7519887e-10
3.7599432e-10
3.7457382e-10
3.7451706e-10
3.7329545e-10
3.7539777e-10
3.736364e-10
3.7275563e-10
3.7124995e-10
3.7116479e-10
3.7360792e-10
3.7190337e-10
3.7457387e-10
3.7448863e-10
3.7696021e-10
3.7147732e-10
3.762784e-10
3.7261366e-10
3.7247158e-10
3.7446021e-10
3.7340905e-10
3.7497158e-10
3.7355113e-10
3.7426134e-10
3.7289771e-10
3.7352266e-10
3.7414771e-10
3.7230113e-10
3.7119319e-10
3.7284087e-10
3.7130682e-10
3.7178974e-10
3.7303974e-10
3.7119319e-10
3.6889206e-10
3.7366477e-10
3.7056819e-10
3.7036932e-10
3.7207384e-10
3.7244322e-10
3.7488632e-10
3.725e-10
3.6951703e-10
3.6732956e-10
3.7045453e-10
3.6917613e-10
3.7062503e-10
3.6914771e-10
3.7139206e-10
3.7096592e-10
3.7096595e-10
3.7119322e-10
3.7178974e-10
3.6806816e-10
3.721875e-10
3.6963066e-10
3.7218753e-10
3.7045453e-10
3.6991477e-10
3.704545e-10
3.6920456e-10
3.7025566e-10
3.6894884e-10
3.7085227e-10
3.6696021e-10
3.7102277e-10
3.6892048e-10
3.7227271e-10
3.66875e-10
3.6784095e-10
3.6778411e-10
3.69375e-10
3.6786929e-10
3.6960229e-10
3.6781247e-10
3.6880679e-10
3.6886363e-10
3.686364e-10
3.6633524e-10
3.6795453e-10
3.6744316e-10
3.6622155e-10
3.6985795e-10
3.6752842e-10
3.6721592e-10
3.6772727e-10
3.6519887e-10
3.6710227e-10
3.6900569e-10
3.6840911e-10
3.664489e-10
3.6394887e-10
3.6710224e-10
3.6536935e-10
3.6982953e-10
3.6821027e-10
3.6894887e-10
3.6883521e-10
3.6875e-10
3.646875e-10
3.6173298e-10
3.6701706e-10
3.6872158e-10
3.6696021e-10
3.6551134e-10
3.6849432e-10
3.6534092e-10
3.7002837e-10
3.68125e-10
3.7201706e-10
3.6761361e-10
3.7008527e-10
3.7011363e-10
3.6980111e-10
3.6380679e-10
3.6963066e-10
3.6375e-10
3.6840905e-10
3.6630679e-10
3.6667619e-10
3.6534092e-10
3.6596592e-10
3.6644884e-10
3.6573863e-10
3.6619319e-10
3.6735795e-10
3.6673289e-10
3.6630679e-10
3.6809655e-10
3.6642042e-10
3.675284e-10
3.6440337e-10
3.6582384e-10
3.6579542e-10
3.6647724e-10
3.6400569e-10
3.6392045e-10
3.6571021e-10
3.6551137e-10
3.6355113e-10
3.6420456e-10
3.6653408e-10
3.6471592e-10
3.6687506e-10
3.6085226e-10
3.6633524e-10
3.6116476e-10
3.6369316e-10
3.6440342e-10
3.6269887e-10
3.6375003e-10
3.6397726e-10
3.642614e-10
3.621875e-10
3.6096592e-10
3.6599432e-10
3.6036932e-10
3.6426134e-10
3.6386363e-10
3.6400569e-10
3.6392045e-10
3.6366476e-10
3.6380685e-10
3.6181813e-10
3.6380685e-10
3.6272721e-10
3.6318182e-10
3.6477277e-10
3.6232953e-10
3.6576697e-10
3.609659e-10
3.6088066e-10
3.6451706e-10
3.6488634e-10
3.621875e-10
3.6519882e-10
3.6355116e-10
3.6511363e-10
3.6076706e-10
3.6406253e-10
3.6215908e-10
3.6386361e-10
3.6380685e-10
3.6329545e-10
3.6326703e-10
3.635228e-10
3.6196024e-10
3.6187497e-10
3.6031247e-10
3.6394887e-10
3.6102277e-10
3.6218753e-10
3.6164777e-10
3.6372161e-10
3.6255682e-10
3.6298298e-10
3.6105111e-10
3.6011363e-10
3.5931816e-10
3.5994319e-10
3.6159092e-10
3.6411932e-10
3.6042611e-10
3.6014206e-10
3.5869316e-10
3.6002845e-10
3.5880685e-10
3.6022721e-10
3.5749997e-10
3.6343747e-10
3.5988637e-10
3.6269884e-10
3.6062503e-10
3.6215908e-10
3.5883527e-10
3.5897729e-10
3.5903405e-10
3.6056821e-10
3.5903405e-10
3.5988634e-10
3.6164777e-10
3.5786929e-10
3.5943179e-10
3.615625e-10
3.6161929e-10
3.5650569e-10
3.6161935e-10
3.5940337e-10
3.6235795e-10
3.6002842e-10
3.6181816e-10
3.6036932e-10
3.6309658e-10
3.6093747e-10
3.6235795e-10
3.6042611e-10
3.6170453e-10
3.6085224e-10
3.6102274e-10
3.6090905e-10
3.5849429e-10
3.6315342e-10
3.5795447e-10
3.6502842e-10
3.569034e-10
3.6124997e-10
3.6332384e-10
3.6042616e-10
3.6343753e-10
3.5963071e-10
3.6218753e-10
3.609659e-10
3.6190342e-10
3.6088063e-10
3.5872158e-10
3.596875e-10
3.6116471e-10
3.5832384e-10
3.5761361e-10
3.6085226e-10
3.5613637e-10
3.5994316e-10
3.5892045e-10
3.603409e-10
3.559375e-10
3.6051137e-10
3.5988637e-10
3.5960224e-10
3.5724435e-10
3.5795453e-10
3.56875e-10
3.6042608e-10
3.5647726e-10
3.5696027e-10
3.5673295e-10
3.60767e-10
3.5809655e-10
3.59375e-10
3.5840914e-10
3.5647726e-10
3.6014203e-10
3.5508521e-10
3.5667613e-10
3.5713069e-10
3.5894887e-10
3.5696021e-10
3.5715908e-10
3.5786932e-10
3.5758524e-10
3.5741479e-10
3.5670455e-10
3.5789771e-10
3.5559655e-10
3.5670453e-10
3.540909e-10
3.5798298e-10
3.5928982e-10
3.5667613e-10
3.5988637e-10
3.5519881e-10
3.5838069e-10
3.5843747e-10
3.6048292e-10
3.6068182e-10
3.6093747e-10
3.5852271e-10
3.5474426e-10
3.5715911e-10
3.5707384e-10
3.5835226e-10
3.57017e-10
3.5897729e-10
3.5826708e-10
3.5579542e-10
3.5988634e-10
3.5775563e-10
3.5775563e-10
3.5732961e-10
3.575e-10
3.5909095e-10
3.5843753e-10
3.5838069e-10
3.5889203e-10
3.5602274e-10
3.5613637e-10
3.578409e-10
3.56875e-10
3.5559655e-10
3.5590911e-10
3.5803974e-10
3.6000003e-10
3.5610795e-10
3.55767e-10
3.5684658e-10
3.5698863e-10
3.5639205e-10
3.5772729e-10
3.5758524e-10
3.5710226e-10
3.5963071e-10
3.5713069e-10
3.6079548e-10
3.5315342e-10
3.5673295e-10
3.570455e-10
3.5613637e-10
3.5224434e-10
3.5417608e-10
3.5113634e-10
3.5551137e-10
3.5522729e-10
3.5514205e-10
3.515625e-10
3.5443179e-10
3.5534092e-10
3.5400571e-10
3.5622164e-10
3.5161929e-10
3.5613637e-10
3.5667619e-10
3.5639205e-10
3.5295453e-10
3.542045e-10
3.5232953e-10
3.5661929e-10
3.4980116e-10
3.557955e-10
3.5343747e-10
3.5491476e-10
3.5525566e-10
3.5502837e-10
3.5639205e-10
3.5485792e-10
3.6053976e-10
3.5627837e-10
3.5497158e-10
3.5613634e-10
3.5420455e-10
3.5761361e-10
3.5411932e-10
3.5656253e-10
3.5573863e-10
3.5838069e-10
3.5318182e-10
3.5928976e-10
3.5482953e-10
3.5573863e-10
3.559659e-10
3.5338069e-10
3.5866474e-10
3.5559661e-10
3.5136366e-10
3.5122161e-10
3.5414774e-10
3.5656245e-10
3.5255684e-10
3.5482953e-10
3.5264203e-10
3.5352271e-10
3.5221592e-10
3.5349432e-10
3.5579542e-10
3.5653408e-10
3.547159e-10
3.5585226e-10
3.5480111e-10
3.5676131e-10
3.5406253e-10
3.5659087e-10
3.5477277e-10
3.5528408e-10
3.5443179e-10
3.5454548e-10
3.5522729e-10
3.5494316e-10
3.5386363e-10
3.5392042e-10
3.5389205e-10
3.5707384e-10
3.5451705e-10
3.5678974e-10
3.5542616e-10
3.5585226e-10
3.5221592e-10
3.5599432e-10
3.5767042e-10
3.5497161e-10
3.5238637e-10
3.5741479e-10
3.5605116e-10
3.5465914e-10
3.5292613e-10
3.5318184e-10
3.5349429e-10
3.5102277e-10
3.5173295e-10
3.5227271e-10
3.5201705e-10
3.55767e-10
3.5178974e-10
3.5369316e-10
3.5508527e-10
3.5321024e-10
3.5392042e-10
3.5605116e-10
3.5207381e-10
3.5193182e-10
3.5136366e-10
3.5440342e-10
3.5355113e-10
3.5488634e-10
3.510511e-10
3.5017045e-10
3.5602279e-10
3.515625e-10
3.5451703e-10
3.5204548e-10
3.5264203e-10
3.5147724e-10
3.5477268e-10
3.5303979e-10
3.5372158e-10
3.5224434e-10
3.534659e-10
3.5002845e-10
3.526705e-10
3.5380679e-10
3.519034e-10
3.5247158e-10
3.5068182e-10
3.5747158e-10
3.4616476e-10
3.53125e-10
3.5559655e-10
3.5508521e-10
3.5318182e-10
3.5014205e-10
3.5488637e-10
3.5562503e-10
3.5298298e-10
3.5130682e-10
3.5119319e-10
3.5150566e-10
3.5221592e-10
3.5036934e-10
3.5218753e-10
3.536364e-10
3.5301131e-10
3.5261366e-10
3.5355113e-10
3.5295453e-10
3.4752839e-10
3.4613634e-10
3.4974432e-10
3.4877837e-10
3.5340905e-10
3.4823866e-10
3.5241479e-10
3.5068182e-10
3.5392045e-10
3.5099434e-10
3.5036932e-10
3.495739e-10
3.5210226e-10
3.5147726e-10
3.4838063e-10
3.5062497e-10
3.5065345e-10
3.531534e-10
3.526136e-10
3.5014205e-10
3.4897729e-10
3.5403405e-10
3.5088074e-10
3.5176137e-10
3.5176137e-10
3.5144884e-10
3.5073863e-10
3.4988634e-10
3.5431819e-10
3.5022724e-10
3.5153408e-10
3.5028408e-10
3.5082384e-10
3.5048292e-10
3.4866474e-10
3.5053971e-10
3.5119313e-10
3.4877842e-10
3.516761e-10
3.490909e-10
3.494886e-10
3.4781247e-10
3.4997161e-10
3.5414771e-10
3.4903411e-10
3.5164768e-10
3.5031247e-10
3.4988634e-10
3.48125e-10
3.5173295e-10
3.4747158e-10
3.5139208e-10
3.5019887e-10
3.5184664e-10
3.4960229e-10
3.5002842e-10
3.5281247e-10
3.498011e-10
3.4954545e-10
3.4894884e-10
3.5008521e-10
3.4846587e-10
3.5267042e-10
3.4894884e-10
3.5079542e-10
3.5124997e-10
3.4957387e-10
3.490909e-10
3.5099432e-10
3.5235795e-10
3.4843753e-10
3.5139208e-10
3.5090908e-10
3.4505684e-10
3.4698863e-10
3.4946027e-10
3.4818182e-10
3.5017045e-10
3.4911929e-10
3.4843747e-10
3.4678979e-10
3.4860792e-10
3.4801137e-10
3.5122155e-10
3.497159e-10
3.4803974e-10
3.4707384e-10
3.4803974e-10
3.5039774e-10
3.4792613e-10
3.5045458e-10
3.4789771e-10
3.484659e-10
3.4806816e-10
3.4502842e-10
3.4906247e-10
3.4928976e-10
3.506534e-10
3.5383521e-10
3.4821024e-10
3.5349432e-10
3.486364e-10
3.4741479e-10
3.4880679e-10
3.4715908e-10
3.5045453e-10
3.5053971e-10
3.5008527e-10
3.4809655e-10
3.4940342e-10
3.4877842e-10
3.4957387e-10
3.4872152e-10
3.4795455e-10
3.5051137e-10
3.4892045e-10
3.4909095e-10
3.4960224e-10
3.4727277e-10
3.4991476e-10
3.4903411e-10
3.4880679e-10
3.4900569e-10
3.4948863e-10
3.4602274e-10
3.4843753e-10
3.5079542e-10
3.4522724e-10
3.5008521e-10
3.4576705e-10
3.4991476e-10
3.5053971e-10
3.5028408e-10
3.4963066e-10
3.4875e-10
3.5073863e-10
3.4974432e-10
3.4772726e-10
3.4889203e-10
3.4840911e-10
3.444886e-10
3.4877837e-10
3.4502842e-10
3.465625e-10
3.4928976e-10
3.498295e-10
3.4693182e-10
3.4818182e-10
3.4659092e-10
3.4670455e-10
3.4928982e-10
3.5008527e-10
3.4610792e-10
3.4534092e-10
3.4775569e-10
3.4488634e-10
3.4400563e-10
3.4758518e-10
3.4653408e-10
3.4798298e-10
3.4764203e-10
3.4911932e-10
3.4829536e-10
3.4713066e-10
3.4741474e-10
3.4778411e-10
3.4744321e-10
3.5232955e-10
3.5130682e-10
3.4647732e-10
3.4715908e-10
3.4784089e-10
3.4482953e-10
3.4514205e-10
3.5056813e-10
3.4539768e-10
3.4855113e-10
3.475e-10
3.4832384e-10
3.4741474e-10
3.4517048e-10
3.4659092e-10
3.5261358e-10
3.4647726e-10
3.4940342e-10
3.4906247e-10
3.4454545e-10
3.4465908e-10
3.4713066e-10
3.4772729e-10
3.4380684e-10
3.4630682e-10
3.4494316e-10
3.4860798e-10
3.4556819e-10
3.4727271e-10
3.4707384e-10
3.4420455e-10
3.4926134e-10
3.4715908e-10
3.4738637e-10
3.4659092e-10
3.4562497e-10
3.4500003e-10
3.4579542e-10
3.4767042e-10
3.4693182e-10
3.4778405e-10
3.4346587e-10
3.4477268e-10
3.4693182e-10
3.4769884e-10
3.4553976e-10
3.4951703e-10
3.4582384e-10
3.4806816e-10
3.4707384e-10
3.4642042e-10
3.4772726e-10
3.498011e-10
3.4423292e-10
3.4818182e-10
3.4789771e-10
3.4625003e-10
3.451989e-10
3.4562497e-10
3.4954545e-10
3.4454548e-10
3.4377842e-10
3.4553976e-10
3.4332384e-10
3.4582384e-10
3.4480116e-10
3.4602268e-10
3.4744316e-10
3.4471589e-10
3.4838069e-10
3.4528408e-10
3.4821024e-10
3.4471592e-10
3.4715911e-10
3.4249997e-10
3.4338068e-10
3.4681816e-10
3.4414774e-10
3.4571024e-10
3.4292613e-10
3.453125e-10
3.4778405e-10
3.4400569e-10
3.4451703e-10
3.4571021e-10
3.4829545e-10
3.4749997e-10
3.4744316e-10
3.4477268e-10
3.4559661e-10
3.4531247e-10
3.44375e-10
3.4355113e-10
3.4528413e-10
3.4170453e-10
3.4460229e-10
3.4298295e-10
3.4505679e-10
3.4465908e-10
3.4647726e-10
3.4400569e-10
3.4701705e-10
3.4443179e-10
3.4406253e-10
3.4747155e-10
3.4369319e-10
3.4627839e-10
3.4784087e-10
3.4880676e-10
3.4576705e-10
3.4698863e-10
3.4386363e-10
3.4267045e-10
3.442614e-10
3.4440345e-10
3.4545458e-10
3.4721592e-10
3.4582384e-10
3.4573863e-10
3.4991476e-10
3.4485795e-10
3.4292613e-10
3.460511e-10
3.4534089e-10
3.4539774e-10
3.4423298e-10
3.4380679e-10
3.4303979e-10
3.4491476e-10
3.4411932e-10
3.4417616e-10
3.4536926e-10
3.4326708e-10
3.4306821e-10
3.4389203e-10
3.4494319e-10
3.4605116e-10
3.4494319e-10
3.432955e-10
3.4196021e-10
3.420739e-10
3.4582384e-10
3.409375e-10
3.4284089e-10
3.4190339e-10
3.4803974e-10
3.4375e-10
3.4048295e-10
3.4286929e-10
3.392045e-10
3.4392045e-10
3.4193182e-10
3.4343753e-10
3.4221592e-10
3.444886e-10
3.4323866e-10
3.4215908e-10
3.4491476e-10
3.4355116e-10
3.4485795e-10
3.4428976e-10
3.4448863e-10
3.4272726e-10
3.4400569e-10
3.43125e-10
3.4619321e-10
3.4309658e-10
3.4448863e-10
3.4338071e-10
3.4161929e-10
3.4394887e-10
3.4261366e-10
3.4460224e-10
3.4517048e-10
3.4247158e-10
3.4536932e-10
3.4258518e-10
3.4292613e-10
3.4122155e-10
3.4303974e-10
3.4505679e-10
3.4258524e-10
3.4431816e-10
3.4062497e-10
3.4602274e-10
3.4366476e-10
3.4357958e-10
3.43125e-10
3.4366476e-10
3.4204548e-10
3.4383521e-10
3.4298298e-10
3.4326703e-10
3.4076705e-10
3.4119313e-10
3.4056813e-10
3.4565339e-10
3.4125003e-10
3.4224434e-10
3.404261e-10
3.4048295e-10
3.4383521e-10
3.4076705e-10
3.4068182e-10
3.41875e-10
3.4309655e-10
3.4286929e-10
3.4150566e-10
3.4039774e-10
3.4360798e-10
3.4275568e-10
3.4196024e-10
3.4204542e-10
3.4386369e-10
3.4272726e-10
3.4056818e-10
3.43125e-10
3.4019887e-10
3.4008521e-10
3.4073863e-10
3.4488637e-10
3.3982953e-10
3.4485795e-10
3.4022732e-10
3.4144884e-10
3.4e-10
3.4377842e-10
3.3994318e-10
3.4249997e-10
3.4159087e-10
3.4420455e-10
3.4099432e-10
3.4193184e-10
3.4150568e-10
3.3903411e-10
3.4252839e-10
3.4289771e-10
3.409375e-10
3.3957387e-10
3.4340911e-10
3.3642047e-10
3.416761e-10
3.3744318e-10
3.425e-10
3.4110795e-10
3.396875e-10
3.4238637e-10
3.4082384e-10
3.4443179e-10
3.4346587e-10
3.3872158e-10
3.4198858e-10
3.4130682e-10
3.4002837e-10
3.438636e-10
3.4142042e-10
3.4335226e-10
3.4173289e-10
3.4107958e-10
3.4144884e-10
3.4088068e-10
3.3946021e-10
3.3943184e-10
3.4372158e-10
3.4321027e-10
3.4340911e-10
3.396875e-10
3.4508521e-10
3.426136e-10
3.4332384e-10
3.4142048e-10
3.3991476e-10
3.4383521e-10
3.3855113e-10
3.398011e-10
3.3789771e-10
3.3892045e-10
3.4264203e-10
3.4207384e-10
3.3707381e-10
3.4232955e-10
3.4377842e-10
3.4113637e-10
3.4076708e-10
3.4019881e-10
3.4196027e-10
3.4102274e-10
3.3821024e-10
3.4346589e-10
3.3914771e-10
3.3875e-10
3.3892045e-10
3.3843753e-10
3.4034089e-10
3.3934661e-10
3.3713068e-10
3.3772729e-10
3.4275568e-10
3.407955e-10
3.4193184e-10
3.3951705e-10
3.403125e-10
3.4122161e-10
3.410511e-10
3.4085224e-10
3.3784089e-10
3.3968747e-10
3.40767e-10
3.3840911e-10
3.3659087e-10
3.3832387e-10
3.3625003e-10
3.4142042e-10
3.3832387e-10
3.4025566e-10
3.3943179e-10
3.4039774e-10
3.3778413e-10
3.4170453e-10
3.4315339e-10
3.3764208e-10
3.4167613e-10
3.4176131e-10
3.3761363e-10
3.3809658e-10
3.382386e-10
3.3815345e-10
3.3721592e-10
3.4039768e-10
3.3727268e-10
3.3707387e-10
3.3653411e-10
3.3767047e-10
3.3829542e-10
3.4227271e-10
3.4017048e-10
3.3923292e-10
3.4127839e-10
3.4122155e-10
3.409375e-10
3.3971589e-10
3.4269892e-10
3.3911932e-10
3.4139205e-10
3.366761e-10
3.4076705e-10
3.3849429e-10
3.3857953e-10
3.3772726e-10
3.3818179e-10
3.3968747e-10
3.4002842e-10
3.3835224e-10
3.3982953e-10
3.4099434e-10
3.41875e-10
3.4190337e-10
3.4005684e-10
3.4272726e-10
3.3960229e-10
3.3991476e-10
3.3863634e-10
3.4213068e-10
3.3724434e-10
3.3877842e-10
3.3721592e-10
3.4059661e-10
3.379545e-10
3.3985795e-10
3.4116479e-10
3.4088066e-10
3.4071021e-10
3.3846589e-10
3.3758527e-10
3.4045458e-10
3.3832384e-10
3.3866476e-10
3.3443182e-10
3.3795453e-10
3.4085226e-10
3.3474429e-10
3.4062494e-10
3.3596589e-10
3.3917613e-10
3.3772724e-10
3.3943179e-10
3.3727274e-10
3.3784092e-10
3.3875e-10
3.3951705e-10
3.3897729e-10
3.4110792e-10
3.3727274e-10
3.3855116e-10
3.3815345e-10
3.371875e-10
3.3710232e-10
3.369886e-10
3.3758521e-10
3.3752842e-10
3.3872152e-10
3.3769887e-10
3.3951703e-10
3.3883518e-10
3.3840908e-10
3.3590911e-10
3.4088068e-10
3.3698863e-10
3.3897729e-10
3.3681818e-10
3.3957381e-10
3.3613634e-10
3.3747158e-10
3.3821021e-10
3.3843753e-10
3.3727274e-10
3.3471592e-10
3.3764205e-10
3.3681821e-10
3.373864e-10
3.3553979e-10
3.4119318e-10
3.3815339e-10
3.3906253e-10
3.3622163e-10
3.3860792e-10
3.3982958e-10
3.3684658e-10
3.3647726e-10
3.3914774e-10
3.3818182e-10
3.4102274e-10
3.4051137e-10
3.3721592e-10
3.3616479e-10
3.3988634e-10
3.4008521e-10
3.4028408e-10
3.4085226e-10
3.3738634e-10
3.4426134e-10
3.3497158e-10
3.4099432e-10
3.3653411e-10
3.416761e-10
3.3840905e-10
3.3917608e-10
3.3863634e-10
3.4019887e-10
3.4125003e-10
3.3900563e-10
3.3724429e-10
3.4213066e-10
3.3994318e-10
3.3863634e-10
3.4053971e-10
3.4269884e-10
3.3855119e-10
3.3960229e-10
3.398011e-10
3.3892045e-10
3.4125003e-10
3.3625e-10
3.3877837e-10
3.3775568e-10
3.4042616e-10
3.4059661e-10
3.3707387e-10
3.3795455e-10
3.4059661e-10
3.3579547e-10
3.3687503e-10
3.3818182e-10
3.3869316e-10
3.3997161e-10
3.3590911e-10
3.3801137e-10
3.360511e-10
3.3835229e-10
3.3701705e-10
3.3826703e-10
3.36875e-10
3.3747161e-10
3.3605113e-10
3.3701703e-10
3.4e-10
3.3744321e-10
3.3880676e-10
3.3636363e-10
3.3656247e-10
3.3840908e-10
3.3931818e-10
3.3758524e-10
3.351989e-10
3.3718756e-10
3.3911932e-10
3.3786929e-10
3.3889203e-10
3.3264203e-10
3.3701705e-10
3.3633521e-10
3.3832387e-10
3.3866476e-10
3.3676137e-10
3.3610795e-10
3.3698863e-10
3.3812503e-10
3.3596589e-10
3.3713068e-10
3.3803979e-10
3.3963066e-10
3.3579545e-10
3.3920458e-10
3.3801137e-10
3.3582384e-10
3.3818182e-10
3.3622161e-10
3.3488634e-10
3.3846592e-10
3.3772729e-10
3.3647726e-10
3.3835226e-10
3.3934661e-10
3.3693182e-10
3.3880679e-10
3.401989e-10
3.3656253e-10
3.3607955e-10
3.3625003e-10
3.3704547e-10
3.3894887e-10
3.3715908e-10
3.3758521e-10
3.3664771e-10
3.3696024e-10
3.375e-10
3.3718747e-10
3.3789774e-10
3.3786932e-10
3.389489e-10
3.3971589e-10
3.3698863e-10
3.3801137e-10
3.3710229e-10
3.3730113e-10
3.3707387e-10
3.3866476e-10
3.3769884e-10
3.3727274e-10
3.3994321e-10
3.3698863e-10
3.3943179e-10
3.389489e-10
3.373011e-10
3.3852277e-10
3.3860792e-10
3.3488637e-10
3.365625e-10
3.3539774e-10
3.3406247e-10
3.375e-10
3.3980108e-10
3.3642047e-10
3.3917613e-10
3.4085232e-10
3.3892045e-10
3.3744318e-10
3.3633524e-10
3.3928976e-10
3.365625e-10
3.3792613e-10
3.3607955e-10
3.3480116e-10
3.3250006e-10
3.3835226e-10
3.3494321e-10
3.3599437e-10
3.3488634e-10
3.3761363e-10
3.3517047e-10
3.3715905e-10
3.3650566e-10
3.3463068e-10
3.3786932e-10
3.3738637e-10
3.3832384e-10
3.3392047e-10
3.3656253e-10
3.34858e-10
3.3522729e-10
3.3897729e-10
3.3619318e-10
3.3644881e-10
3.3821027e-10
3.3596592e-10
3.35625e-10
3.3602274e-10
3.3846589e-10
3.3644884e-10
3.3772729e-10
3.3684661e-10
3.3488637e-10
3.3795453e-10
3.3255684e-10
3.3752845e-10
3.3411929e-10
3.3957387e-10
3.3315342e-10
3.3622158e-10
3.3732958e-10
3.3556821e-10
3.30625e-10
3.3553973e-10
3.3698869e-10
3.3508524e-10
3.3375e-10
3.3724432e-10
3.3565342e-10
3.346875e-10
3.3491479e-10
3.3627837e-10
3.3661934e-10
3.3338068e-10
3.3289771e-10
3.3232953e-10
3.3588068e-10
3.3281253e-10
3.3542613e-10
3.3786932e-10
3.3633521e-10
3.3531247e-10
3.3448866e-10
3.3343753e-10
3.3616476e-10
3.3551137e-10
3.3377837e-10
3.3596589e-10
3.3201705e-10
3.3625e-10
3.3326703e-10
3.3545455e-10
3.3997158e-10
3.3372161e-10
3.3113634e-10
3.3553976e-10
3.3630679e-10
3.3664774e-10
3.3326705e-10
3.3477277e-10
3.3627845e-10
3.3931818e-10
3.3522726e-10
3.3440337e-10
3.3508518e-10
3.3482953e-10
3.3636363e-10
3.334375e-10
3.3616476e-10
3.3508527e-10
3.3582384e-10
3.3562503e-10
3.3698863e-10
3.3494318e-10
3.3400566e-10
3.3590908e-10
3.3897726e-10
3.3823863e-10
3.3605113e-10
3.3752842e-10
3.3920458e-10
3.35e-10
3.3551137e-10
3.3803979e-10
3.3377837e-10
3.3761363e-10
3.3528402e-10
3.3622161e-10
3.3568182e-10
3.3585226e-10
3.3539774e-10
3.3653411e-10
3.3525571e-10
3.37017e-10
3.3340905e-10
3.34375e-10
3.3607953e-10
3.3588063e-10
3.3585229e-10
3.3931816e-10
3.3545453e-10
3.3661932e-10
3.4105116e-10
3.3428973e-10
3.3377842e-10
3.3335226e-10
3.3818182e-10
3.3590908e-10
3.3653411e-10
3.3605116e-10
3.3698863e-10
3.3414771e-10
3.3377842e-10
3.3440337e-10
3.3517045e-10
3.3548295e-10
3.3900568e-10
3.3528408e-10
3.3968747e-10
3.3420453e-10
3.3698863e-10
3.378125e-10
3.3625e-10
3.3724429e-10
3.3602274e-10
3.3463071e-10
3.371875e-10
3.3616476e-10
3.3585223e-10
3.3090908e-10
3.3616476e-10
3.361364e-10
3.3806816e-10
3.3769887e-10
3.3644887e-10
3.3585226e-10
3.3795455e-10
3.3491473e-10
3.35e-10
3.3525571e-10
3.3644887e-10
3.3164771e-10
3.3659095e-10
3.3480113e-10
3.3602274e-10
3.3551137e-10
3.3383521e-10
3.3281253e-10
3.3309655e-10
3.3693179e-10
3.371875e-10
3.3372161e-10
3.354261e-10
3.3451708e-10
3.3315339e-10
3.3522726e-10
3.3184658e-10
3.3272726e-10
3.3215908e-10
3.3690339e-10
3.3596589e-10
3.3553976e-10
3.3321018e-10
3.3477277e-10
3.3491473e-10
3.3477274e-10
3.3335226e-10
3.3292613e-10
3.3252842e-10
3.3514208e-10
3.3602274e-10
3.3534087e-10
3.3659095e-10
3.3369318e-10
3.3409092e-10
3.3403405e-10
3.3443179e-10
3.3565337e-10
3.3730113e-10
3.3102268e-10
3.3539774e-10
3.3505679e-10
3.3153405e-10
3.3471589e-10
3.3124997e-10
3.3377837e-10
3.3514205e-10
3.3343747e-10
3.310795e-10
3.3127839e-10
3.3491476e-10
3.3522726e-10
3.3139202e-10
3.3627845e-10
3.3482953e-10
3.3485795e-10
3.3420455e-10
3.3605116e-10
3.3321018e-10
3.3539774e-10
3.3596589e-10
3.3474432e-10
3.321875e-10
3.3505684e-10
3.3792613e-10
3.3508524e-10
3.3221595e-10
3.3519887e-10
3.3059661e-10
3.3363637e-10
3.3497158e-10
3.3372161e-10
3.3622161e-10
3.3082387e-10
3.3539774e-10
3.3105116e-10
3.3340911e-10
3.3482955e-10
3.3613634e-10
3.3647726e-10
3.3357955e-10
3.3329542e-10
3.3545455e-10
3.3681821e-10
3.3806816e-10
3.33267e-10
3.3542616e-10
3.3556816e-10
3.3485795e-10
3.3636363e-10
3.3448863e-10
3.3664768e-10
3.3599432e-10
3.3485795e-10
3.3232958e-10
3.3275568e-10
3.3491476e-10
3.3295453e-10
3.3375e-10
3.3275566e-10
3.3235797e-10
3.3340908e-10
3.3139202e-10
3.3664771e-10
3.3610792e-10
3.3602277e-10
3.31875e-10
3.3306821e-10
3.3076705e-10
3.3386363e-10
3.3190342e-10
3.3181824e-10
3.3326705e-10
3.3272726e-10
3.3642047e-10
3.2928976e-10
3.3494316e-10
3.3264211e-10
3.351136e-10
3.3494316e-10
3.360511e-10
3.3465908e-10
3.3338066e-10
3.3528413e-10
3.3698863e-10
3.3485795e-10
3.3494318e-10
3.3536932e-10
3.3534089e-10
3.3377842e-10
3.3056818e-10
3.3630679e-10
3.3596589e-10
3.3681816e-10
3.3232958e-10
3.3375e-10
3.3463066e-10
3.3582384e-10
3.3707387e-10
3.3164771e-10
3.334375e-10
3.348011e-10
3.3590905e-10
3.3403405e-10
3.3306821e-10
3.3508524e-10
3.3491479e-10
3.3625e-10
3.3519887e-10
3.3386369e-10
3.3448863e-10
3.3497158e-10
3.3372158e-10
3.3619318e-10
3.3676134e-10
3.3372161e-10
3.3414771e-10
3.3272726e-10
3.3696021e-10
3.3431821e-10
3.335795e-10
3.371875e-10
3.311364e-10
3.30625e-10
3.3059658e-10
3.3321024e-10
3.3176134e-10
3.3613634e-10
3.3136363e-10
3.3505684e-10
3.3127837e-10
3.3639203e-10
3.3579545e-10
3.3593747e-10
3.3434658e-10
3.359375e-10
3.3321021e-10
3.3443184e-10
3.3065339e-10
3.3196021e-10
3.3386363e-10
3.3343747e-10
3.3357958e-10
3.321875e-10
3.2957387e-10
3.3335226e-10
3.3784087e-10
3.3196021e-10
3.3525568e-10
3.3338066e-10
3.3431816e-10
3.3207387e-10
3.342614e-10
3.3346592e-10
3.3505682e-10
3.3374997e-10
3.3366476e-10
3.3477274e-10
3.3417613e-10
3.3105116e-10
3.3355113e-10
3.3198863e-10
3.34233e-10
3.3267045e-10
3.3284092e-10
3.3241476e-10
3.3676134e-10
3.3338068e-10
3.3582387e-10
3.3346592e-10
3.3326703e-10
3.3619318e-10
3.3164771e-10
3.3579547e-10
3.3247161e-10
3.3329545e-10
3.3329542e-10
3.3545453e-10
3.3147726e-10
3.3457387e-10
3.329261e-10
3.3306821e-10
3.3167613e-10
3.3198863e-10
3.3215908e-10
3.3306818e-10
3.33125e-10
3.3625003e-10
3.3474429e-10
3.3585223e-10
3.3380684e-10
3.3235795e-10
3.3468753e-10
3.332386e-10
3.342045e-10
3.351136e-10
3.3159089e-10
3.3497158e-10
3.3400568e-10
3.3125e-10
3.3019887e-10
3.3357955e-10
3.3201705e-10
3.3232953e-10
3.3693182e-10
3.3167616e-10
3.3488637e-10
3.3099432e-10
3.3411934e-10
3.3406253e-10
3.34375e-10
3.3369324e-10
3.3275571e-10
3.3082387e-10
3.3039774e-10
3.3369313e-10
3.3267045e-10
3.3306818e-10
3.3215908e-10
3.3269887e-10
3.3386363e-10
3.3269892e-10
3.3289771e-10
3.3289774e-10
3.309375e-10
3.3687494e-10
3.328125e-10
3.3093747e-10
3.3221592e-10
3.3565342e-10
3.3428979e-10
3.3224434e-10
3.3125e-10
3.3122161e-10
3.3105113e-10
3.3238637e-10
3.2801137e-10
3.3096589e-10
3.3071021e-10
3.3508527e-10
3.2772729e-10
3.2954545e-10
3.3127842e-10
3.3488634e-10
3.3039774e-10
3.3539771e-10
3.3051137e-10
3.3136363e-10
3.3366476e-10
3.3193182e-10
3.3125003e-10
3.3340908e-10
3.3306818e-10
3.3122158e-10
3.2903408e-10
3.2960226e-10
3.3508524e-10
3.359375e-10
3.3227274e-10
3.2968747e-10
3.3147726e-10
3.2943184e-10
3.3184658e-10
3.3173297e-10
3.3235792e-10
3.3065342e-10
3.3201705e-10
3.3082384e-10
3.3349432e-10
3.3122158e-10
3.3201705e-10
3.2991476e-10
3.3238634e-10
3.3122158e-10
3.2977274e-10
3.3349434e-10
3.3392045e-10
3.3051137e-10
3.3315342e-10
3.3161932e-10
3.3218753e-10
3.3372161e-10
3.3017045e-10
3.3181821e-10
3.31392e-10
3.3153411e-10
3.3235795e-10
3.2957384e-10
3.3116479e-10
3.3201705e-10
3.3414771e-10
3.3215911e-10
3.3298297e-10
3.3053973e-10
3.3264203e-10
3.3539768e-10
3.3340911e-10
3.3227274e-10
3.3264205e-10
3.33125e-10
3.2960229e-10
3.2974426e-10
3.3244318e-10
3.3207387e-10
3.3099432e-10
3.3480116e-10
3.3295453e-10
3.3150568e-10
3.3244318e-10
3.334375e-10
3.3244316e-10
3.3082387e-10
3.3306816e-10
3.3056824e-10
3.3065339e-10
3.3102274e-10
3.3247158e-10
3.3301137e-10
3.3448866e-10
3.3107955e-10
3.3210226e-10
3.3082387e-10
3.3332384e-10
3.2886363e-10
3.3289774e-10
3.2880682e-10
3.3252842e-10
3.3167613e-10
3.3011366e-10
3.2934661e-10
3.2946026e-10
3.3039774e-10
3.2971589e-10
3.3366479e-10
3.3224434e-10
3.2977274e-10
3.315625e-10
3.3190342e-10
3.3107952e-10
3.3099432e-10
3.3321021e-10
3.3335226e-10
3.2991479e-10
3.3051137e-10
3.3392045e-10
3.3343753e-10
3.3051137e-10
3.3133521e-10
3.3255682e-10
3.3056816e-10
3.2676134e-10
3.3485797e-10
3.2738637e-10
3.2948863e-10
3.3082384e-10
3.2823858e-10
3.3110795e-10
3.3119318e-10
3.3264203e-10
3.3340911e-10
3.3039774e-10
3.3068179e-10
3.282386e-10
3.2917613e-10
3.3153411e-10
3.3190337e-10
3.3454547e-10
3.3215908e-10
3.317045e-10
3.3315339e-10
3.2875003e-10
3.3042613e-10
3.2889205e-10
3.3539774e-10
3.2849429e-10
3.3417613e-10
3.3048295e-10
3.3596589e-10
3.3110792e-10
3.30625e-10
3.3045452e-10
3.329261e-10
3.2988634e-10
3.35625e-10
3.3318184e-10
3.3065342e-10
3.3397726e-10
3.31392e-10
3.3465905e-10
3.3053976e-10
3.3369313e-10
3.3215902e-10
3.3474434e-10
3.2997163e-10
3.3164776e-10
3.3119316e-10
3.3261363e-10
3.3048295e-10
3.3326705e-10
3.310795e-10
3.2982952e-10
3.3329542e-10
3.3377845e-10
3.301989e-10
3.3125e-10
3.3227276e-10
3.2977271e-10
3.3335223e-10
3.2863631e-10
3.3375e-10
3.3116479e-10
3.3295453e-10
3.3056821e-10
3.3420455e-10
3.3022729e-10
3.3352274e-10
3.3056818e-10
3.3392045e-10
3.3125003e-10
3.3332384e-10
3.326989e-10
3.3196024e-10
3.3034089e-10
3.3048295e-10
3.3360792e-10
3.3241479e-10
3.2903405e-10
3.315625e-10
3.3116476e-10
3.3036932e-10
3.3045455e-10
3.3261369e-10
3.3244316e-10
3.3042613e-10
3.3264208e-10
3.3190342e-10
3.2911929e-10
3.3352274e-10
3.2741479e-10
3.3167619e-10
3.3034089e-10
3.3224429e-10
3.3363634e-10
3.326136e-10
3.3590908e-10
3.3107955e-10
3.3267045e-10
3.3196026e-10
3.3119318e-10
3.3059655e-10
3.3036934e-10
3.3349432e-10
3.3125003e-10
3.3235795e-10
3.3303979e-10
3.3051134e-10
3.321875e-10
3.3122161e-10
3.3275563e-10
3.3366476e-10
3.3096592e-10
3.3122158e-10
3.310511e-10
3.3142045e-10
3.31875e-10
3.3130682e-10
3.3125e-10
3.3363634e-10
3.2906253e-10
3.3201705e-10
3.3031247e-10
3.3338068e-10
3.2928979e-10
3.2997161e-10
3.3173289e-10
3.3258524e-10
3.3198863e-10
3.3005682e-10
3.3102274e-10
3.3332384e-10
3.3252839e-10
3.3025568e-10
3.2968747e-10
3.3090905e-10
3.3207387e-10
3.2943179e-10
3.3076708e-10
3.2877842e-10
3.3073866e-10
3.3045452e-10
3.3002845e-10
3.3073863e-10
3.3147729e-10
3.304545e-10
3.2971589e-10
3.3403408e-10
3.3110795e-10
3.3281247e-10
3.3142047e-10
3.3133521e-10
3.2968747e-10
3.3090911e-10
3.2707384e-10
3.3267045e-10
3.2951702e-10
3.296875e-10
3.3164771e-10
3.3022723e-10
3.3142047e-10
3.3065339e-10
3.3332387e-10
3.3295455e-10
3.3164774e-10
3.3221584e-10
3.3190342e-10
3.3230113e-10
3.321875e-10
3.3193182e-10
3.3036932e-10
3.3011369e-10
3.3323863e-10
3.3153408e-10
3.3102274e-10
3.2917613e-10
3.3127837e-10
3.3068182e-10
3.3278405e-10
3.2897726e-10
3.2948863e-10
3.3022726e-10
3.3076702e-10
3.3122158e-10
3.2857952e-10
3.3142045e-10
3.26875e-10
3.2741479e-10
3.2670455e-10
3.3184658e-10
3.2946024e-10
3.3159089e-10
3.3349434e-10
3.2849432e-10
3.2863637e-10
3.2974429e-10
3.2934661e-10
3.3258521e-10
3.2920452e-10
3.3079547e-10
3.3125e-10
3.3079545e-10
3.3178982e-10
3.3278411e-10
3.2988637e-10
3.3400568e-10
3.3204545e-10
3.3170458e-10
3.2889205e-10
3.3051137e-10
3.3116479e-10
3.3346589e-10
3.3144884e-10
3.304261e-10
3.3068184e-10
3.2809655e-10
3.3065345e-10
3.3196021e-10
3.3309655e-10
3.3170455e-10
3.2980113e-10
3.3082384e-10
3.3071021e-10
3.3093753e-10
3.2869313e-10
3.2886358e-10
3.3440339e-10
3.2886366e-10
3.3343747e-10
3.296875e-10
3.2840911e-10
3.3178976e-10
3.3241479e-10
3.3022726e-10
3.2909092e-10
3.3170452e-10
3.3235795e-10
3.3048295e-10
3.339489e-10
3.285511e-10
3.3130679e-10
3.2985792e-10
3.3125003e-10
3.3022723e-10
3.3042616e-10
3.3090908e-10
3.3167613e-10
3.2974434e-10
3.2750003e-10
3.3213068e-10
3.3082384e-10
3.2846592e-10
3.3173297e-10
3.3116476e-10
3.3099432e-10
3.2997158e-10
3.3295453e-10
3.3073863e-10
3.3085226e-10
3.2954545e-10
3.2892047e-10
3.2903411e-10
3.3082384e-10
3.3181818e-10
3.3079542e-10
3.3017045e-10
3.3034089e-10
3.3548295e-10
3.2872158e-10
3.3170455e-10
3.2928979e-10
3.3343753e-10
3.2948863e-10
3.3349432e-10
3.2937497e-10
3.3156247e-10
3.303125e-10
3.2940342e-10
3.2948863e-10
3.3238634e-10
3.2911929e-10
3.3426137e-10
3.3088071e-10
3.3127845e-10
3.2900568e-10
3.3056818e-10
3.3002842e-10
3.2954542e-10
3.3250003e-10
3.3329547e-10
3.3113634e-10
3.3159089e-10
3.2758524e-10
3.2917613e-10
3.2647729e-10
3.3232953e-10
3.3039771e-10
3.2894884e-10
3.307386e-10
3.2963066e-10
3.2821021e-10
3.2946024e-10
3.3238637e-10
3.2732955e-10
3.3096589e-10
3.301989e-10
3.2963068e-10
3.2982952e-10
3.2823863e-10
3.2846589e-10
3.3196021e-10
3.3056821e-10
3.2963068e-10
3.2894884e-10
3.3076702e-10
3.301136e-10
3.3039776e-10
3.3190339e-10
3.3025566e-10
3.2857955e-10
3.3048295e-10
3.3045455e-10
3.3039774e-10
3.3034089e-10
3.276989e-10
3.3170455e-10
3.3002842e-10
3.3403411e-10
3.292614e-10
3.2607952e-10
3.2965908e-10
3.3139202e-10
3.2772729e-10
3.3161934e-10
3.3011363e-10
3.2906253e-10
3.3076705e-10
3.3071024e-10
3.2892047e-10
3.3014205e-10
3.3130684e-10
3.2926137e-10
3.2934658e-10
3.29375e-10
3.3036932e-10
3.3045455e-10
3.30625e-10
3.2948869e-10
3.3090911e-10
3.2823866e-10
3.3099432e-10
3.3133521e-10
3.2769884e-10
3.3105113e-10
3.3045455e-10
3.2724429e-10
3.2934658e-10
3.3110797e-10
3.2809655e-10
3.2917613e-10
3.3110797e-10
3.323011e-10
3.2931816e-10
3.2963066e-10
3.2613637e-10
3.3105116e-10
3.3122161e-10
3.2690339e-10
3.2809655e-10
3.2585226e-10
3.2920452e-10
3.2704547e-10
3.3088068e-10
3.2951705e-10
3.3142045e-10
3.2931821e-10
3.2883521e-10
3.3244321e-10
3.2934661e-10
3.2838066e-10
3.3133526e-10
3.3068182e-10
3.2750003e-10
3.2738637e-10
3.2829542e-10
3.2855116e-10
3.3017045e-10
3.3090908e-10
3.2997158e-10
3.3093747e-10
3.2985795e-10
3.2883521e-10
3.3122161e-10
3.30483e-10
3.3238637e-10
3.2963071e-10
3.273011e-10
3.2576705e-10
3.2803979e-10
3.2738634e-10
3.2886363e-10
3.3230113e-10
3.2923292e-10
3.2914771e-10
3.2815342e-10
3.2928976e-10
3.2829547e-10
3.3255684e-10
3.2789774e-10
3.2852274e-10
3.2977271e-10
3.3110795e-10
3.3085226e-10
3.3042616e-10
3.2735795e-10
3.2747161e-10
3.2818184e-10
3.2755679e-10
3.2667613e-10
3.298011e-10
3.3025566e-10
3.2906253e-10
3.2812503e-10
3.3036934e-10
3.275e-10
3.3093753e-10
3.291761e-10
3.3045452e-10
3.2724431e-10
3.2997161e-10
3.308239e-10
3.3096589e-10
3.2889205e-10
3.3127845e-10
3.2545458e-10
3.2900568e-10
3.2681816e-10
3.2812497e-10
3.298011e-10
3.3122161e-10
3.2724431e-10
3.2704547e-10
3.2928976e-10
3.3164771e-10
3.2531253e-10
3.304261e-10
3.2707384e-10
3.2877839e-10
3.28267e-10
3.2843753e-10
3.2798295e-10
3.2715908e-10
3.3102271e-10
3.2667616e-10
3.3039768e-10
3.3139205e-10
3.2909092e-10
3.2792616e-10
3.2971589e-10
3.2934661e-10
3.3107955e-10
3.3190339e-10
3.2914771e-10
3.2764208e-10
3.3005682e-10
3.2710229e-10
3.2843753e-10
3.2920452e-10
3.3051137e-10
3.2985795e-10
3.301136e-10
3.2767047e-10
3.2857955e-10
3.2928979e-10
3.2997161e-10
3.3019887e-10
3.3073858e-10
3.3093753e-10
3.2792616e-10
3.2818182e-10
3.3318182e-10
3.2940342e-10
3.3323863e-10
3.2843747e-10
3.2917613e-10
3.2767045e-10
3.2835226e-10
3.2761363e-10
3.2900568e-10
3.3221589e-10
3.2855113e-10
3.2923297e-10
3.2849432e-10
3.3116476e-10
3.2744321e-10
3.2948863e-10
3.3005682e-10
3.2911932e-10
3.2826702e-10
3.2795455e-10
3.3096589e-10
3.2696021e-10
3.2971589e-10
3.2855116e-10
3.2795452e-10
3.3105113e-10
3.3193184e-10
3.2951705e-10
3.307386e-10
3.2877842e-10
3.3073863e-10
3.3048295e-10
3.2838066e-10
3.2596589e-10
3.3068182e-10
3.3400568e-10
3.2809655e-10
3.2769887e-10
3.2769884e-10
3.2988634e-10
3.3196024e-10
3.2974434e-10
3.2826702e-10
3.3034089e-10
3.2948863e-10
3.295739e-10
3.296875e-10
3.2923297e-10
3.2877842e-10
3.2920452e-10
3.2957387e-10
3.2855116e-10
3.2744321e-10
3.3005682e-10
3.3184658e-10
3.2911932e-10
3.2582384e-10
3.2880682e-10
3.2849437e-10
3.30767e-10
3.2661926e-10
3.2767045e-10
3.3014205e-10
3.2610795e-10
3.2761363e-10
3.2775571e-10
3.2829547e-10
3.2835229e-10
3.3338066e-10
3.2997158e-10
3.3227271e-10
3.2911932e-10
3.3071021e-10
3.2747158e-10
3.3272723e-10
3.2477276e-10
3.3187494e-10
3.3258518e-10
3.2991473e-10
3.2823866e-10
3.2553979e-10
3.2670458e-10
3.2894884e-10
3.2721592e-10
3.30625e-10
3.3122158e-10
3.3198866e-10
3.2678979e-10
3.3227268e-10
3.3005682e-10
3.2951705e-10
3.3017045e-10
3.3110797e-10
3.2889202e-10
3.2855116e-10
3.2903411e-10
3.2806816e-10
3.2659092e-10
3.2835229e-10
3.2917616e-10
3.3193182e-10
3.3065339e-10
3.2997161e-10
3.290625e-10
3.2832384e-10
3.3201705e-10
3.3014205e-10
3.2775568e-10
3.3090911e-10
3.3e-10
3.2821018e-10
3.2710229e-10
3.3071021e-10
3.2948863e-10
3.284375e-10
3.2892047e-10
3.2857952e-10
3.3110792e-10
3.284375e-10
3.2911934e-10
3.2801137e-10
3.251136e-10
3.278125e-10
3.275e-10
3.2883521e-10
3.2789771e-10
3.2767045e-10
3.3005684e-10
3.2809658e-10
3.2579542e-10
3.2761366e-10
3.2971592e-10
3.2741479e-10
3.3133521e-10
3.2917613e-10
3.3019887e-10
3.3105116e-10
3.2803976e-10
3.2900568e-10
3.3062497e-10
3.2974432e-10
3.2818182e-10
3.2795452e-10
3.2843747e-10
3.275e-10
3.3323863e-10
3.3116471e-10
3.3153411e-10
3.2954545e-10
3.3082384e-10
3.2914774e-10
3.3105116e-10
3.3005682e-10
3.2977271e-10
3.3196024e-10
3.3190339e-10
3.2857955e-10
3.2923295e-10
3.2965911e-10
3.2670455e-10
3.2934658e-10
3.3036932e-10
3.3008524e-10
3.2886363e-10
3.3011369e-10
3.2687494e-10
3.2963068e-10
3.3082384e-10
3.2943182e-10
3.3051137e-10
3.3079545e-10
3.3002839e-10
3.2565342e-10
3.3071021e-10
3.2911932e-10
3.2639205e-10
3.289489e-10
3.2755684e-10
3.2650571e-10
3.2946026e-10
3.2886363e-10
3.2914774e-10
3.3082381e-10
3.2943182e-10
3.3031253e-10
3.2903411e-10
3.3321024e-10
3.3292613e-10
3.3127839e-10
3.292614e-10
3.3107952e-10
3.3125003e-10
3.2852268e-10
3.2857955e-10
3.2789774e-10
3.3278411e-10
3.2738637e-10
3.3127839e-10
3.2659087e-10
3.3338068e-10
3.3036929e-10
3.3335226e-10
3.2832384e-10
3.2900568e-10
3.2903411e-10
3.3178976e-10
3.2838068e-10
3.2911929e-10
3.2860795e-10
3.3147726e-10
3.3298295e-10
3.2892047e-10
3.3065342e-10
3.2982952e-10
3.31875e-10
3.2872161e-10
3.2715908e-10
3.3071018e-10
3.3190342e-10
3.290625e-10
3.2974429e-10
3.2639202e-10
3.2982955e-10
3.2880682e-10
3.2758524e-10
3.2857955e-10
3.2914771e-10
3.2758521e-10
3.3019887e-10
3.3119318e-10
3.2806816e-10
3.3224434e-10
3.2875003e-10
3.3017039e-10
3.2732955e-10
3.2701705e-10
3.3099434e-10
3.2803976e-10
3.3224429e-10
3.2988631e-10
3.2957384e-10
3.2900568e-10
3.2965908e-10
3.3053979e-10
3.2914774e-10
3.2948863e-10
3.2653405e-10
3.3113637e-10
3.2693181e-10
3.3130679e-10
3.2829547e-10
3.2940337e-10
3.2605113e-10
3.2852274e-10
3.2840911e-10
3.2724434e-10
3.2818179e-10
3.2821024e-10
3.2911929e-10
3.2667613e-10
3.2988637e-10
3.3022729e-10
3.2840908e-10
3.2596592e-10
3.3014202e-10
3.2866479e-10
3.2963068e-10
3.2846589e-10
3.2971592e-10
3.2778405e-10
3.3036934e-10
3.292045e-10
3.2852274e-10
3.2920452e-10
3.2798295e-10
3.2988637e-10
3.2741476e-10
3.3005682e-10
3.2883524e-10
3.3036926e-10
3.282386e-10
3.2588068e-10
3.2693181e-10
3.2670455e-10
3.2607955e-10
3.2676137e-10
3.2738634e-10
3.3039774e-10
3.2747158e-10
3.2866479e-10
3.2755682e-10
3.2928976e-10
3.2752842e-10
3.28125e-10
3.2730119e-10
3.2707381e-10
3.2690342e-10
3.2619318e-10
3.284375e-10
3.2573866e-10
3.2917613e-10
3.2741479e-10
3.2522723e-10
3.2880684e-10
3.2744316e-10
3.2721587e-10
3.2894884e-10
3.283239e-10
3.2664771e-10
3.2559658e-10
3.2781247e-10
3.2931818e-10
3.2786929e-10
3.2832387e-10
3.2903413e-10
3.2670455e-10
3.2565342e-10
3.2599431e-10
3.2897726e-10
3.3005682e-10
3.3031253e-10
3.2522723e-10
3.2383521e-10
3.2812505e-10
3.2741479e-10
3.2920455e-10
3.2588068e-10
3.2838068e-10
3.2946024e-10
3.2670452e-10
3.2823866e-10
3.2792616e-10
3.2946026e-10
3.2667613e-10
3.2809661e-10
3.2872155e-10
3.2738634e-10
3.2573866e-10
3.2855116e-10
3.2602274e-10
3.3008518e-10
3.2835229e-10
3.2860795e-10
3.2815339e-10
3.2781247e-10
3.3159087e-10
3.3136363e-10
3.2630684e-10
3.2991479e-10
3.2764202e-10
3.2946018e-10
3.3144887e-10
3.2565339e-10
3.3150568e-10
3.2647726e-10
3.2843747e-10
3.271875e-10
3.2715908e-10
3.2667613e-10
3.2721592e-10
3.2806818e-10
3.3224434e-10
3.3017045e-10
3.2789771e-10
3.2806813e-10
3.3116476e-10
3.2909087e-10
3.2741479e-10
3.2914774e-10
3.2616482e-10
3.2934658e-10
3.2863634e-10
3.2860795e-10
3.3051137e-10
3.2954542e-10
3.271875e-10
3.2914774e-10
3.2946021e-10
3.2971584e-10
3.2846589e-10
3.2622161e-10
3.2909089e-10
3.2724431e-10
3.2829545e-10
3.2590905e-10
3.265625e-10
3.2934658e-10
3.2684658e-10
3.298011e-10
3.2803979e-10
3.2914771e-10
3.2744316e-10
3.2769887e-10
3.248011e-10
3.2875003e-10
3.2721589e-10
3.2909089e-10
3.2724431e-10
3.2678973e-10
3.2545452e-10
3.2485792e-10
3.2948863e-10
3.278125e-10
3.248011e-10
3.2988634e-10
3.2542616e-10
3.3303979e-10
3.2596595e-10
3.3008526e-10
3.2744316e-10
3.2985795e-10
3.2724431e-10
3.2866476e-10
3.2906253e-10
3.2786934e-10
3.2636363e-10
3.2627842e-10
3.2857955e-10
3.3025568e-10
3.2656253e-10
3.2673295e-10
3.2519884e-10
3.2630681e-10
3.271875e-10
3.2732955e-10
3.285795e-10
3.292614e-10
3.2792616e-10
3.2667613e-10
3.2730113e-10
3.2855113e-10
3.23125e-10
3.296875e-10
3.2559661e-10
3.2894887e-10
3.2747158e-10
3.2556821e-10
3.3e-10
3.2519881e-10
3.263636e-10
3.2636366e-10
3.2755676e-10
3.2693179e-10
3.3082384e-10
3.2744321e-10
3.2926134e-10
3.2965908e-10
3.2977268e-10
3.271875e-10
3.2846592e-10
3.2795455e-10
3.2988634e-10
3.2883521e-10
3.2735792e-10
3.2494316e-10
3.2869318e-10
3.3153411e-10
3.2840911e-10
3.2539771e-10
3.2894887e-10
3.3119318e-10
3.2806818e-10
3.2590908e-10
3.2514208e-10
3.2928979e-10
3.3275568e-10
3.280114e-10
3.2593747e-10
3.2812497e-10
3.2954545e-10
3.278125e-10
3.2818182e-10
3.310511e-10
3.2809655e-10
3.279261e-10
3.2843753e-10
3.2775568e-10
3.283239e-10
3.2704545e-10
3.2988637e-10
3.2471592e-10
3.3042616e-10
3.2840911e-10
3.2769887e-10
3.2767047e-10
3.2894884e-10
3.2948863e-10
3.2886363e-10
3.3008524e-10
3.3196021e-10
3.254261e-10
3.2755682e-10
3.2625e-10
3.3173292e-10
3.2713071e-10
3.2855113e-10
3.3201705e-10
3.2610795e-10
3.2943179e-10
3.2542613e-10
3.2826705e-10
3.2713071e-10
3.2857952e-10
3.2741479e-10
3.2806818e-10
3.2900563e-10
3.2914774e-10
3.2786929e-10
3.2946021e-10
3.2803979e-10
3.2781247e-10
3.2627839e-10
3.2724434e-10
3.2982952e-10
3.3053979e-10
3.2622155e-10
3.276136e-10
3.2508524e-10
3.2818182e-10
3.295739e-10
3.2931816e-10
3.2914771e-10
3.3031247e-10
3.2784089e-10
3.2960226e-10
3.2897729e-10
3.3019887e-10
3.2622158e-10
3.2661931e-10
3.3008518e-10
3.2528408e-10
3.2752842e-10
3.2639205e-10
3.2488637e-10
3.2923297e-10
3.3088068e-10
3.2784092e-10
3.2838068e-10
3.2911932e-10
3.2664771e-10
3.2835223e-10
3.2852274e-10
3.2815342e-10
3.2829542e-10
3.2588063e-10
3.2599431e-10
3.2960223e-10
3.2727268e-10
3.2840908e-10
3.2792613e-10
3.2690337e-10
3.2903411e-10
3.2855116e-10
3.289489e-10
3.2590905e-10
3.2815339e-10
3.2801137e-10
3.2579545e-10
3.3190337e-10
3.2818184e-10
3.2613634e-10
3.3005679e-10
3.2551137e-10
3.2781253e-10
3.25142e-10
3.2923295e-10
3.2954545e-10
3.2829545e-10
3.2588068e-10
3.2565339e-10
3.2522729e-10
3.2670455e-10
3.2488634e-10
3.2721592e-10
3.2514205e-10
3.2795452e-10
3.2613634e-10
3.2713068e-10
3.2585229e-10
3.2786929e-10
3.2755684e-10
3.2636363e-10
3.2755684e-10
3.2784089e-10
3.2735795e-10
3.2517042e-10
3.2576702e-10
3.27642e-10
3.2505681e-10
3.2551137e-10
3.2531247e-10
3.2494318e-10
3.2673292e-10
3.2713066e-10
3.2619318e-10
3.2644887e-10
3.2508524e-10
3.2806821e-10
3.3002837e-10
3.2568184e-10
3.3096589e-10
3.2610792e-10
3.2607958e-10
3.2829545e-10
3.2809658e-10
3.2835226e-10
3.2676131e-10
3.2676134e-10
3.2874997e-10
3.2599434e-10
3.2744316e-10
3.2474431e-10
3.2784089e-10
3.3002842e-10
3.3159095e-10
3.2536931e-10
3.2383524e-10
3.2556818e-10
3.2767042e-10
3.2803979e-10
3.2517047e-10
3.2823863e-10
3.2874997e-10
3.2667613e-10
3.2585226e-10
3.2698863e-10
3.3136363e-10
3.2997158e-10
3.2624994e-10
3.333239e-10
3.2857955e-10
3.2892047e-10
3.273011e-10
3.2980116e-10
3.3014205e-10
3.2522729e-10
3.2644884e-10
3.3082384e-10
3.2747161e-10
3.2710226e-10
3.2758526e-10
3.2417613e-10
3.2610795e-10
3.2326705e-10
3.3085226e-10
3.2576705e-10
3.2894884e-10
3.2508521e-10
3.3039774e-10
3.3039774e-10
3.2971589e-10
3.3039768e-10
3.2818182e-10
3.2713068e-10
3.2781253e-10
3.2678976e-10
3.2934658e-10
3.296875e-10
3.2647732e-10
3.2946024e-10
3.2607958e-10
3.2982952e-10
3.2613634e-10
3.2642047e-10
3.3014205e-10
3.315625e-10
3.2431818e-10
3.2730113e-10
3.2664774e-10
3.2897726e-10
3.258239e-10
3.2829542e-10
3.2644887e-10
3.2690339e-10
3.2801137e-10
3.2670455e-10
3.2599431e-10
3.298011e-10
3.2494313e-10
3.2625003e-10
3.2366476e-10
3.2607955e-10
3.2392042e-10
3.2545455e-10
3.2869318e-10
3.2758521e-10
3.3221589e-10
3.2698863e-10
3.3000003e-10
3.3028411e-10
3.2778413e-10
3.2673292e-10
3.2565339e-10
3.2818182e-10
3.2806813e-10
3.2681816e-10
3.2821024e-10
3.2778405e-10
3.2897726e-10
3.2548295e-10
3.3113637e-10
3.2826705e-10
3.2892047e-10
3.2559661e-10
3.2872158e-10
3.2707384e-10
3.2519887e-10
3.3099432e-10
3.2960223e-10
3.2553979e-10
3.2511366e-10
3.298011e-10
3.2963074e-10
3.2963068e-10
3.2852271e-10
3.3039771e-10
3.3130682e-10
3.2872161e-10
3.2767047e-10
3.2960229e-10
3.28125e-10
3.2846589e-10
3.2678973e-10
3.3025566e-10
3.2857955e-10
3.2928982e-10
3.2849432e-10
3.2568184e-10
3.2815342e-10
3.2661929e-10
3.298864e-10
3.254261e-10
3.2656253e-10
3.2710226e-10
3.2849432e-10
3.2934661e-10
3.2676134e-10
3.2795452e-10
3.2488637e-10
3.2806821e-10
3.24375e-10
3.2798295e-10
3.2869316e-10
3.2721589e-10
3.2562497e-10
3.2673297e-10
3.2448863e-10
3.2548295e-10
3.2616476e-10
3.2622161e-10
3.2630681e-10
3.2690342e-10
3.2931818e-10
3.2624997e-10
3.2826702e-10
3.2411931e-10
3.2886366e-10
3.2724426e-10
3.2928979e-10
3.2559658e-10
3.2684658e-10
3.2730116e-10
3.2880682e-10
3.2764202e-10
3.2559661e-10
3.2823866e-10
3.278125e-10
3.2556818e-10
3.251136e-10
3.2610789e-10
3.3036932e-10
3.2664771e-10
3.2917613e-10
3.2616479e-10
3.2710223e-10
3.2690339e-10
3.3039774e-10
3.30483e-10
3.2883521e-10
3.2622163e-10
3.2667613e-10
3.2769887e-10
3.2852274e-10
3.2556816e-10
3.2920452e-10
3.2801134e-10
3.2769887e-10
3.2696021e-10
3.2988637e-10
3.2914776e-10
3.2784092e-10
3.2900571e-10
3.26875e-10
3.2911932e-10
3.2676134e-10
3.2752839e-10
3.2934658e-10
3.2872158e-10
3.2732952e-10
3.2872158e-10
3.2636363e-10
3.2965908e-10
3.2548295e-10
3.2551137e-10
3.3005682e-10
3.2724431e-10
3.2590908e-10
3.2741479e-10
3.3002839e-10
3.273011e-10
3.2542616e-10
3.2988637e-10
3.2505681e-10
3.2582384e-10
3.2920455e-10
3.2727276e-10
3.2781247e-10
3.2309658e-10
3.2659095e-10
3.2710229e-10
3.2670455e-10
3.2767045e-10
3.2687497e-10
3.2406253e-10
3.288636e-10
3.2886363e-10
3.2821021e-10
3.2619318e-10
3.2383521e-10
3.2764202e-10
3.2792613e-10
3.2772726e-10
3.2477268e-10
3.2625e-10
3.246875e-10
3.2505684e-10
3.2741479e-10
3.2710229e-10
3.2846589e-10
3.2701705e-10
3.2730113e-10
3.2633526e-10
3.2417616e-10
3.2454545e-10
3.2849432e-10
3.2821026e-10
3.2579542e-10
3.2724434e-10
3.2630681e-10
3.2633524e-10
3.2732952e-10
3.2553973e-10
3.2900568e-10
3.2565339e-10
3.2585226e-10
3.259375e-10
3.2829545e-10
3.2636366e-10
3.2920455e-10
3.2599431e-10
3.2866476e-10
3.2781253e-10
3.2684658e-10
3.2684661e-10
3.2920455e-10
3.2548295e-10
3.2795452e-10
3.2982955e-10
3.2923297e-10
3.2659092e-10
3.3065339e-10
3.2423292e-10
3.2866476e-10
3.2982955e-10
3.2767045e-10
3.2826702e-10
3.2846589e-10
3.2843753e-10
3.2690342e-10
3.2482955e-10
3.276989e-10
3.2701705e-10
3.2798292e-10
3.2957387e-10
3.2931816e-10
3.2465908e-10
3.2926134e-10
3.2710226e-10
3.2735797e-10
3.2823866e-10
3.2735795e-10
3.2897729e-10
3.2789771e-10
3.2772729e-10
3.2857955e-10
3.2872161e-10
3.2624997e-10
3.2593747e-10
3.2710223e-10
3.2928976e-10
3.2411931e-10
3.2562503e-10
3.2795452e-10
3.2625003e-10
3.2633518e-10
3.2886363e-10
3.2687503e-10
3.2619318e-10
3.2579542e-10
3.2764208e-10
3.2414776e-10
3.2713066e-10
3.2482952e-10
3.2605116e-10
3.2539774e-10
3.260511e-10
3.2727274e-10
3.2889202e-10
3.2627842e-10
3.28125e-10
3.2914771e-10
3.2400568e-10
3.2965911e-10
3.2596592e-10
3.2656253e-10
3.2193184e-10
3.2659092e-10
3.2855116e-10
3.2576705e-10
3.2463068e-10
3.2403411e-10
3.2247158e-10
3.2764205e-10
3.2832384e-10
3.2653408e-10
3.2863634e-10
3.2528413e-10
3.2383521e-10
3.2803979e-10
3.2485795e-10
3.2656253e-10
3.2590908e-10
3.2727271e-10
3.2863634e-10
3.2849432e-10
3.2568181e-10
3.2815339e-10
3.2079547e-10
3.296875e-10
3.2428976e-10
3.2659089e-10
3.2764205e-10
3.2767039e-10
3.2602271e-10
3.2400568e-10
3.2806818e-10
3.2656253e-10
3.2823866e-10
3.2755679e-10
3.2525566e-10
3.2508524e-10
3.2735795e-10
3.2789774e-10
3.2528411e-10
3.2661929e-10
3.2758521e-10
3.2801137e-10
3.2931816e-10
3.2724431e-10
3.3045452e-10
3.2818184e-10
3.3056816e-10
3.2963066e-10
3.2778411e-10
3.2491476e-10
3.2673297e-10
3.2747161e-10
3.2701708e-10
3.2576705e-10
3.2696021e-10
3.2778408e-10
3.2511363e-10
3.2923295e-10
3.2187497e-10
3.2414768e-10
3.2684661e-10
3.2559661e-10
3.2735795e-10
3.3056816e-10
3.2590905e-10
3.2795452e-10
3.2698866e-10
3.2613634e-10
3.2701702e-10
3.2565342e-10
3.2693181e-10
3.2596589e-10
3.2715908e-10
3.2792616e-10
3.2571021e-10
3.2585226e-10
3.2536931e-10
3.2693181e-10
3.2767047e-10
3.241761e-10
3.2928976e-10
3.3014205e-10
3.2556816e-10
3.2619318e-10
3.2744316e-10
3.276136e-10
3.2809661e-10
3.2474426e-10
3.2769887e-10
3.3017042e-10
3.2573866e-10
3.2741479e-10
3.2701702e-10
3.26392e-10
3.2525563e-10
3.2562497e-10
3.2789771e-10
3.2755682e-10
3.2596589e-10
3.2690337e-10
3.2690342e-10
3.2755679e-10
3.2548295e-10
3.3221589e-10
3.2582387e-10
3.2832387e-10
3.2488637e-10
3.2892045e-10
3.271875e-10
3.2843753e-10
3.2511363e-10
3.2821024e-10
3.28608e-10
3.2795455e-10
3.2704545e-10
3.2443181e-10
3.2562497e-10
3.2707387e-10
3.2494321e-10
3.2761366e-10
3.2633521e-10
3.2880679e-10
3.2627837e-10
3.2508526e-10
3.2661929e-10
3.2789774e-10
3.2698863e-10
3.2269887e-10
3.2443181e-10
3.2605113e-10
3.2465908e-10
3.2573866e-10
3.2713071e-10
3.2571021e-10
3.2724434e-10
3.2985795e-10
3.2775568e-10
3.2303976e-10
3.2886363e-10
3.2769887e-10
3.2786932e-10
3.2713068e-10
3.2661931e-10
3.275e-10
3.2355113e-10
3.2559655e-10
3.2534089e-10
3.267614e-10
3.2519887e-10
3.2457387e-10
3.2886363e-10
3.296875e-10
3.2582384e-10
3.2460226e-10
3.2534089e-10
3.292045e-10
3.2678979e-10
3.2857955e-10
3.296875e-10
3.2639202e-10
3.2446021e-10
3.2982952e-10
3.2181816e-10
3.2647729e-10
3.2474431e-10
3.2602271e-10
3.2542616e-10
3.2707384e-10
3.2553979e-10
3.2769887e-10
3.2809655e-10
3.2843753e-10
3.2758524e-10
3.2514208e-10
3.2619318e-10
3.2667613e-10
3.3002842e-10
3.2775568e-10
3.2457384e-10
3.2798295e-10
3.2653408e-10
3.2446026e-10
3.2491476e-10
3.2653411e-10
3.2698863e-10
3.2457384e-10
3.2806816e-10
3.2576705e-10
3.2752839e-10
3.2295452e-10
3.2764202e-10
3.2590908e-10
3.2605116e-10
3.2386363e-10
3.267614e-10
3.3116476e-10
3.2772729e-10
3.2707387e-10
3.241761e-10
3.2803979e-10
3.2264205e-10
3.2590908e-10
3.275e-10
3.2571021e-10
3.2713074e-10
3.2676134e-10
3.290625e-10
3.2690342e-10
3.2619318e-10
3.2701705e-10
3.2656253e-10
3.2343753e-10
3.2747158e-10
3.2352271e-10
3.2639205e-10
3.2326708e-10
3.2764202e-10
3.2536931e-10
3.2588068e-10
3.26108e-10
3.2872155e-10
3.2295452e-10
3.2744318e-10
3.2451708e-10
3.2664771e-10
3.2639205e-10
3.2474431e-10
3.25e-10
3.2818182e-10
3.2582384e-10
3.2698863e-10
3.2170455e-10
3.2477271e-10
3.275e-10
3.2920455e-10
3.2653408e-10
3.2463071e-10
3.2457387e-10
3.2619318e-10
3.2829542e-10
3.2625003e-10
3.253125e-10
3.2522729e-10
3.2443181e-10
3.2571021e-10
3.2531247e-10
3.2727271e-10
3.2875003e-10
3.2619316e-10
3.2488637e-10
3.2622152e-10
3.2596589e-10
3.266761e-10
3.2369321e-10
3.2704547e-10
3.2568179e-10
3.2835223e-10
3.2474434e-10
3.2696021e-10
3.271875e-10
3.260511e-10
3.2593747e-10
3.2715908e-10
3.2505681e-10
3.2443184e-10
3.2357955e-10
3.2622158e-10
3.2332384e-10
3.3017047e-10
3.2508524e-10
3.2394887e-10
3.2210223e-10
3.229261e-10
3.2926134e-10
3.2357955e-10
3.2553979e-10
3.2721592e-10
3.2707387e-10
3.2511366e-10
3.2556816e-10
3.2840911e-10
3.2576702e-10
3.2295452e-10
3.2454545e-10
3.2448863e-10
3.26392e-10
3.2383524e-10
3.2392045e-10
3.2565342e-10
3.221875e-10
3.2352271e-10
3.2474429e-10
3.2571024e-10
3.2167613e-10
3.2286929e-10
3.2559661e-10
3.2474429e-10
3.282386e-10
3.2639211e-10
3.2417613e-10
3.2673295e-10
3.2488637e-10
3.2460226e-10
3.212216e-10
3.2423297e-10
3.2440342e-10
3.2380681e-10
3.2610792e-10
3.2437497e-10
3.2650568e-10
3.2488637e-10
3.2088068e-10
3.2465908e-10
3.2653408e-10
3.2409087e-10
3.2198863e-10
3.2238634e-10
3.2605116e-10
3.2394884e-10
3.2795452e-10
3.2264208e-10
3.2193184e-10
3.2755682e-10
3.2548295e-10
3.2389202e-10
3.2349431e-10
3.2562497e-10
3.2721589e-10
3.2309658e-10
3.2957384e-10
3.2440342e-10
3.265625e-10
3.2477274e-10
3.2551137e-10
3.2732955e-10
3.2826702e-10
3.2556818e-10
3.2531253e-10
3.2579545e-10
3.2832384e-10
3.2375003e-10
3.2295452e-10
3.2528408e-10
3.2269884e-10
3.2687497e-10
3.2678976e-10
3.2721589e-10
3.2849432e-10
3.2525568e-10
3.2431816e-10
3.2565342e-10
3.2639205e-10
3.2738634e-10
3.2627842e-10
3.2661931e-10
3.2803979e-10
3.2661931e-10
3.2463068e-10
3.2752842e-10
3.285511e-10
3.2522726e-10
3.2934655e-10
3.2727271e-10
3.2710226e-10
3.2534092e-10
3.2670455e-10
3.2443181e-10
3.2735797e-10
3.2909089e-10
3.2900566e-10
3.2630681e-10
3.2465911e-10
3.2517045e-10
3.2403411e-10
3.2829542e-10
3.2752839e-10
3.255114e-10
3.2556816e-10
3.2494316e-10
3.2803973e-10
3.2619318e-10
3.2661931e-10
3.2539774e-10
3.2517047e-10
3.271875e-10
3.2500003e-10
3.2565342e-10
3.25e-10
3.2548295e-10
3.2349429e-10
3.2784095e-10
3.2738634e-10
3.2707387e-10
3.2380681e-10
3.2528413e-10
3.2494318e-10
3.2565339e-10
3.2522729e-10
3.2525571e-10
3.2443179e-10
3.3051137e-10
3.2721589e-10
3.2676134e-10
3.2497158e-10
3.2957384e-10
3.224716e-10
3.2781247e-10
3.2619318e-10
3.2463071e-10
3.2295455e-10
3.2772721e-10
3.2440342e-10
3.2619318e-10
3.2656247e-10
3.2409092e-10
3.2434658e-10
3.254261e-10
3.248011e-10
3.259375e-10
3.2431816e-10
3.2534087e-10
3.2852274e-10
3.2360797e-10
3.2656253e-10
3.2630684e-10
3.2403408e-10
3.2215908e-10
3.2190339e-10
3.2556816e-10
3.2633521e-10
3.2565345e-10
3.2346592e-10
3.2321021e-10
3.2505684e-10
3.2505679e-10
3.2414774e-10
3.2505684e-10
3.2678979e-10
3.2434661e-10
3.2676134e-10
3.2673297e-10
3.2522726e-10
3.2460229e-10
3.2644884e-10
3.2639205e-10
3.2585226e-10
3.2269887e-10
3.2426137e-10
3.2565339e-10
3.2517045e-10
3.2400566e-10
3.2460232e-10
3.2329547e-10
3.2596589e-10
3.2485795e-10
3.2627842e-10
3.2392045e-10
3.257386e-10
3.2585226e-10
3.254261e-10
3.2215908e-10
3.2590911e-10
3.2590911e-10
3.2414774e-10
3.2264202e-10
3.25e-10
3.2346592e-10
3.2309658e-10
3.2573863e-10
3.2403408e-10
3.2505684e-10
3.225e-10
3.2667616e-10
3.2343747e-10
3.2500003e-10
3.2846589e-10
3.2301137e-10
3.2644887e-10
3.2653408e-10
3.2571015e-10
3.2375003e-10
3.254261e-10
3.2332384e-10
3.2403411e-10
3.2457387e-10
3.2676137e-10
3.2505676e-10
3.2545455e-10
3.266761e-10
3.2298297e-10
3.2482955e-10
3.2377842e-10
3.2505684e-10
3.2340911e-10
3.2434661e-10
3.2667613e-10
3.2321021e-10
3.2409089e-10
3.2488637e-10
3.2664771e-10
3.2463068e-10
3.2477276e-10
3.2664771e-10
3.2190342e-10
3.2553979e-10
3.2386363e-10
3.2420452e-10
3.2477271e-10
3.2519887e-10
3.223011e-10
3.2159092e-10
3.2619318e-10
3.2289774e-10
3.2497161e-10
3.2639205e-10
3.2366476e-10
3.2548295e-10
3.2380681e-10
3.2653411e-10
3.2667613e-10
3.2338068e-10
3.2951702e-10
3.2446021e-10
3.258239e-10
3.2497161e-10
3.25e-10
3.2710223e-10
3.2420452e-10
3.246875e-10
3.2497158e-10
3.2525568e-10
3.25e-10
3.2201705e-10
3.2696024e-10
3.26875e-10
3.2491479e-10
3.2548295e-10
3.2357958e-10
3.2488637e-10
3.2676137e-10
3.2624994e-10
3.2639205e-10
3.2252839e-10
3.2488637e-10
3.2568181e-10
3.2610797e-10
3.2346592e-10
3.2627839e-10
3.2303979e-10
3.2605116e-10
3.253125e-10
3.24375e-10
3.2196021e-10
3.2434661e-10
3.1994318e-10
3.2613637e-10
3.2724434e-10
3.2269884e-10
3.251136e-10
3.2357955e-10
3.2386366e-10
3.2542613e-10
3.265625e-10
3.2008521e-10
3.2232952e-10
3.2267045e-10
3.2409092e-10
3.2420452e-10
3.2874997e-10
3.2454547e-10
3.2519887e-10
3.2417613e-10
3.2463066e-10
3.2667613e-10
3.2642047e-10
3.2426134e-10
3.2525563e-10
3.2670455e-10
3.2772729e-10
3.253125e-10
3.2434658e-10
3.2749997e-10
3.2454545e-10
3.2539774e-10
3.2596595e-10
3.23892e-10
3.2767045e-10
3.2383521e-10
3.2414774e-10
