5.3557497e-10
5.3387494e-10
5.3619997e-10
5.3540006e-10
5.3582494e-10
5.3537497e-10
5.35125e-10
5.3517502e-10
5.3472493e-10
5.3590005e-10
5.3520011e-10
5.3324994e-10
5.3587501e-10
5.3614996e-10
5.3462496e-10
5.3655008e-10
5.3699994e-10
5.36925e-10
5.3472493e-10
5.3492494e-10
5.377e-10
5.3580002e-10
5.3487503e-10
5.3407495e-10
5.3459998e-10
5.3614996e-10
5.3599991e-10
5.3492499e-10
5.3589999e-10
5.3869997e-10
5.3522498e-10
5.361e-10
5.3650001e-10
5.3757498e-10
5.3607496e-10
5.3557497e-10
5.3470001e-10
5.3745003e-10
5.3627502e-10
5.3705002e-10
5.3697496e-10
5.3597499e-10
5.35475e-10
5.3580002e-10
5.3537497e-10
5.3642502e-10
5.3537497e-10
5.3482502e-10
5.3472499e-10
5.3607502e-10
5.3572502e-10
5.3470006e-10
5.3604998e-10
5.3627502e-10
5.3447491e-10
5.3312499e-10
5.3357502e-10
5.3502497e-10
5.3382498e-10
5.3402499e-10
5.3470006e-10
5.33525e-10
5.3287491e-10
5.338e-10
5.3572502e-10
5.3460003e-10
5.3719995e-10
5.361e-10
5.3544996e-10
5.3707494e-10
5.3440002e-10
5.3490007e-10
5.3402494e-10
5.3420002e-10
5.3557497e-10
5.3530003e-10
5.3542498e-10
5.3742505e-10
5.3487503e-10
5.3462501e-10
5.3414995e-10
5.3632498e-10
5.3525001e-10
5.3509996e-10
5.352e-10
5.3592503e-10
5.3572502e-10
5.354e-10
5.3532495e-10
5.3214999e-10
5.3479998e-10
5.3509991e-10
5.3447502e-10
5.3622495e-10
5.3422489e-10
5.3464999e-10
5.3312499e-10
5.3645e-10
5.3565008e-10
5.3579996e-10
5.3632498e-10
5.352e-10
5.3560001e-10
5.3549998e-10
5.3654997e-10
5.3577504e-10
5.3485e-10
5.3587496e-10
5.3477506e-10
5.3377502e-10
5.3420002e-10
5.3354998e-10
5.3614996e-10
5.3720001e-10
5.3532501e-10
5.3514998e-10
5.3804994e-10
5.3427496e-10
5.3502502e-10
5.3674998e-10
5.368751e-10
5.3492505e-10
5.3567506e-10
5.3494992e-10
5.3554999e-10
5.3497495e-10
5.3617494e-10
5.3430005e-10
5.3564997e-10
5.3485005e-10
5.3674998e-10
5.3562504e-10
5.3825e-10
5.3592492e-10
5.3622501e-10
5.3782501e-10
5.3494992e-10
5.354e-10
5.3587501e-10
5.3649996e-10
5.3354998e-10
5.3702498e-10
5.3660004e-10
5.3542504e-10
5.3629995e-10
5.3440002e-10
5.3604998e-10
5.3460003e-10
5.3619997e-10
5.3682497e-10
5.3732502e-10
5.3697496e-10
5.38525e-10
5.3564997e-10
5.3597499e-10
5.3822496e-10
5.3729993e-10
5.3512494e-10
5.3752502e-10
5.3677496e-10
5.3392496e-10
5.3527499e-10
5.3767507e-10
5.3742499e-10
5.3709998e-10
5.3687493e-10
5.3652499e-10
5.3694998e-10
5.3545002e-10
5.3525001e-10
5.3689997e-10
5.3455002e-10
5.3479998e-10
5.3350002e-10
5.3617494e-10
5.3462496e-10
5.3415e-10
5.3367494e-10
5.354e-10
5.3620003e-10
5.34225e-10
5.3534999e-10
5.3507504e-10
5.354e-10
5.3500004e-10
5.3542498e-10
5.3452498e-10
5.34425e-10
5.35475e-10
5.3632498e-10
5.3587501e-10
5.33875e-10
5.3469995e-10
5.3537497e-10
5.3467497e-10
5.3327498e-10
5.3322496e-10
5.34425e-10
5.361499e-10
5.3514992e-10
5.34425e-10
5.35475e-10
5.3712501e-10
5.3507493e-10
5.3530003e-10
5.3819998e-10
5.3555005e-10
5.3742499e-10
5.3682497e-10
5.3480004e-10
5.3597499e-10
5.3562493e-10
5.3597504e-10
5.3624999e-10
5.3582505e-10
5.3647503e-10
5.3580002e-10
5.3569998e-10
5.355249e-10
5.3645e-10
5.3787491e-10
5.3790006e-10
5.3709998e-10
5.3650001e-10
5.3649996e-10
5.3495003e-10
5.3627508e-10
5.3389998e-10
5.3427496e-10
5.3369997e-10
5.3537497e-10
5.3435006e-10
5.3337496e-10
5.3627502e-10
5.3619992e-10
5.3455002e-10
5.3607502e-10
5.3624999e-10
5.3572502e-10
5.3447496e-10
5.3392507e-10
5.3432497e-10
5.3515004e-10
5.3572502e-10
5.352e-10
5.3542498e-10
5.3432503e-10
5.3442495e-10
5.3554994e-10
5.33525e-10
5.3432492e-10
5.3447502e-10
5.3464988e-10
5.3654992e-10
5.3404997e-10
5.3532501e-10
5.3525007e-10
5.3470001e-10
5.3324994e-10
5.3407501e-10
5.3585003e-10
5.3437499e-10
5.3197491e-10
5.3492494e-10
5.3452509e-10
5.3327498e-10
5.33525e-10
5.3467503e-10
5.33875e-10
5.3342503e-10
5.3517496e-10
5.3460009e-10
5.3335003e-10
5.3409999e-10
5.3522492e-10
5.3337501e-10
5.3494997e-10
5.3242494e-10
5.3439997e-10
5.329e-10
5.3365007e-10
5.3537508e-10
5.3487509e-10
5.3517496e-10
5.3342503e-10
5.3394994e-10
5.3317506e-10
5.3532501e-10
5.33175e-10
5.3304999e-10
5.3420002e-10
5.338e-10
5.3337496e-10
5.3285004e-10
5.3209992e-10
5.3357507e-10
5.3312499e-10
5.3240007e-10
5.3312499e-10
5.3322502e-10
5.3355004e-10
5.3187493e-10
5.3417493e-10
5.34425e-10
5.3517502e-10
5.3350002e-10
5.3397498e-10
5.3462496e-10
5.3382498e-10
5.3634996e-10
5.3550003e-10
5.3482496e-10
5.3547494e-10
5.3479998e-10
5.3499993e-10
5.3395e-10
5.3437504e-10
5.3612503e-10
5.3534999e-10
5.3619997e-10
5.3657501e-10
5.3662497e-10
5.3585003e-10
5.3382498e-10
5.3567495e-10
5.361e-10
5.3584992e-10
5.3619986e-10
5.3552496e-10
5.3847499e-10
5.3702504e-10
5.3564991e-10
5.3597499e-10
5.3479998e-10
5.3674998e-10
5.35825e-10
5.3494992e-10
5.3524996e-10
5.3710003e-10
5.3527505e-10
5.3530003e-10
5.354e-10
5.3542498e-10
5.3619997e-10
5.3352495e-10
5.3502502e-10
5.3592497e-10
5.3464994e-10
5.3632504e-10
5.36375e-10
5.3354993e-10
5.3654992e-10
5.3505006e-10
5.3624999e-10
5.3437504e-10
5.3534999e-10
5.3595001e-10
5.3804999e-10
5.3572502e-10
5.3479993e-10
5.3485e-10
5.3532501e-10
5.3372501e-10
5.3469995e-10
5.3517496e-10
5.3517502e-10
5.3487498e-10
5.3472493e-10
5.3602495e-10
5.3472499e-10
5.3462496e-10
5.3514992e-10
5.3525001e-10
5.3694998e-10
5.35475e-10
5.3319998e-10
5.3452498e-10
5.3387494e-10
5.3505e-10
5.3527494e-10
5.34225e-10
5.3452498e-10
5.3257504e-10
5.3474997e-10
5.3407501e-10
5.3280003e-10
5.3479993e-10
5.3362503e-10
5.3554999e-10
5.3402494e-10
5.3502497e-10
5.3452498e-10
5.3372501e-10
5.3459998e-10
5.3604998e-10
5.3582494e-10
5.3502502e-10
5.3420002e-10
5.3479998e-10
5.3437504e-10
5.33525e-10
5.3462501e-10
5.3639998e-10
5.3587501e-10
5.3512494e-10
5.3549998e-10
5.3587496e-10
5.3414995e-10
5.3470001e-10
5.3472504e-10
5.3612498e-10
5.35125e-10
5.3565002e-10
5.3532501e-10
5.34775e-10
5.3302496e-10
5.3507493e-10
5.3449994e-10
5.3490007e-10
5.3472499e-10
5.3417504e-10
5.3607502e-10
5.3652494e-10
5.3482491e-10
5.3459998e-10
5.36375e-10
5.3557508e-10
5.3649996e-10
5.3530003e-10
5.3659999e-10
5.37e-10
5.3665e-10
5.35125e-10
5.3522498e-10
5.3584998e-10
5.3530003e-10
5.3687499e-10
5.3599997e-10
5.35825e-10
5.3609994e-10
5.3690002e-10
5.37e-10
5.3704996e-10
5.3545002e-10
5.3507504e-10
5.3542493e-10
5.3697502e-10
5.3642496e-10
5.3452498e-10
5.3534993e-10
5.34425e-10
5.3407506e-10
5.3414995e-10
5.3597499e-10
5.3404997e-10
5.36725e-10
5.3519994e-10
5.3412497e-10
5.3650007e-10
5.3555005e-10
5.3557497e-10
5.3534999e-10
5.3554999e-10
5.3479998e-10
5.3587501e-10
5.3557497e-10
5.3575e-10
5.3617499e-10
5.3784999e-10
5.3707494e-10
5.3557503e-10
5.3655003e-10
5.3702498e-10
5.3575e-10
5.354e-10
5.3552507e-10
5.3607496e-10
5.3552501e-10
5.377e-10
5.3740001e-10
5.3585003e-10
5.3622501e-10
5.3577504e-10
5.3677501e-10
5.3575e-10
5.35825e-10
5.3597499e-10
5.3692495e-10
5.3622495e-10
5.3437493e-10
5.3399996e-10
5.3492505e-10
5.3644994e-10
5.3557497e-10
5.35475e-10
5.3525001e-10
5.3435001e-10
5.3540006e-10
5.3382498e-10
5.3482496e-10
5.3292498e-10
5.3412502e-10
5.3429999e-10
5.3482502e-10
5.3604998e-10
5.3507498e-10
5.3604998e-10
5.3582505e-10
5.3782501e-10
5.3534993e-10
5.3529997e-10
5.3659993e-10
5.4019994e-10
5.46025e-10
5.6205002e-10
5.902e-10
6.2397498e-10
6.5990008e-10
6.9429995e-10
7.2110007e-10
7.4075002e-10
7.5677503e-10
7.699249e-10
7.8119988e-10
7.9102508e-10
8.0097495e-10
8.0737506e-10
8.1062496e-10
8.1460011e-10
8.18275e-10
8.2087498e-10
8.2399998e-10
8.2590007e-10
8.2550011e-10
8.2537505e-10
8.2609986e-10
8.2332496e-10
8.2509999e-10
8.2492491e-10
8.2372503e-10
8.2294993e-10
8.2104989e-10
8.2087498e-10
8.1950008e-10
8.17025e-10
8.1695001e-10
8.1599999e-10
8.1489998e-10
8.1220003e-10
8.1160001e-10
8.1085005e-10
8.0649998e-10
8.0582507e-10
8.0435003e-10
8.0312496e-10
8.0275009e-10
8.0192508e-10
7.9884999e-10
7.9772511e-10
7.9425005e-10
7.9460011e-10
7.9392498e-10
7.9494994e-10
7.899249e-10
7.9082502e-10
7.8762502e-10
7.86125e-10
7.8274992e-10
7.8530016e-10
7.8332496e-10
7.8067502e-10
7.7997497e-10
7.7894996e-10
7.7810003e-10
7.7869999e-10
7.7525009e-10
7.7577506e-10
7.7307505e-10
7.7352502e-10
7.7105006e-10
7.6982493e-10
7.6847501e-10
7.6767503e-10
7.6570017e-10
7.6657503e-10
7.6472489e-10
7.6389994e-10
7.6172513e-10
7.6102497e-10
7.6000001e-10
7.6005002e-10
7.5797485e-10
7.5647499e-10
7.5572504e-10
7.553751e-10
7.53275e-10
7.5257511e-10
7.5142492e-10
7.4952494e-10
7.4920004e-10
7.4657502e-10
7.4684997e-10
7.4445011e-10
7.4209994e-10
7.4012507e-10
7.4020007e-10
7.3742507e-10
7.3705003e-10
7.3719997e-10
7.3694989e-10
7.3542511e-10
7.3367501e-10
7.3505002e-10
7.3322498e-10
7.3027506e-10
7.3007489e-10
7.288749e-10
7.2964995e-10
7.2905004e-10
7.2827505e-10
7.2705009e-10
7.2674999e-10
7.2462492e-10
7.2375e-10
7.2147499e-10
7.2052503e-10
7.1962497e-10
7.21325e-10
7.1967504e-10
7.1935008e-10
7.1757505e-10
7.1809986e-10
7.1717493e-10
7.1602502e-10
7.1622508e-10
7.1205003e-10
7.1470008e-10
7.1225004e-10
7.1400003e-10
7.1285e-10
7.1039991e-10
7.0972506e-10
7.0927508e-10
7.1142503e-10
7.0932493e-10
7.0925005e-10
7.0900008e-10
7.0854989e-10
7.0785006e-10
7.0772499e-10
7.0509998e-10
7.0532491e-10
7.0332506e-10
7.0279993e-10
7.0237499e-10
7.0172507e-10
6.9994999e-10
6.9759992e-10
6.9612505e-10
6.9779998e-10
6.9625e-10
6.9700007e-10
6.9724981e-10
6.9712508e-10
6.9467504e-10
6.9582495e-10
6.9397493e-10
6.9279993e-10
6.9152506e-10
6.9127504e-10
6.9097505e-10
6.9042499e-10
6.8997502e-10
6.9004996e-10
6.8924999e-10
6.891e-10
6.8824996e-10
6.8785e-10
6.8825001e-10
6.8725003e-10
6.8670003e-10
6.8537503e-10
6.8514999e-10
6.8342493e-10
6.8370004e-10
6.8242495e-10
6.8267503e-10
6.8180001e-10
6.8094996e-10
6.8160005e-10
6.8057504e-10
6.8110012e-10
6.8115008e-10
6.7797506e-10
6.7912487e-10
6.7685002e-10
6.7612499e-10
6.7567507e-10
6.7302502e-10
6.741e-10
6.7314998e-10
6.7112504e-10
6.7432493e-10
6.6975003e-10
6.6970007e-10
6.6974992e-10
6.6939998e-10
6.6877498e-10
6.6737493e-10
6.6792505e-10
6.6872496e-10
6.6784994e-10
6.69025e-10
6.6662509e-10
6.6852507e-10
6.6689998e-10
6.6420003e-10
6.6405009e-10
6.6645001e-10
6.6674999e-10
6.64025e-10
6.6617495e-10
6.6429995e-10
6.6452499e-10
6.6272499e-10
6.63125e-10
6.6147493e-10
6.6235001e-10
6.6314998e-10
6.6319994e-10
6.6204991e-10
6.6294992e-10
6.618e-10
6.618e-10
6.6157496e-10
6.6077505e-10
6.6259997e-10
6.6130001e-10
6.6287503e-10
6.5994998e-10
6.6047501e-10
6.5939998e-10
6.5677502e-10
6.5779998e-10
6.5904998e-10
6.5779998e-10
6.57425e-10
6.5747502e-10
6.5832495e-10
6.5557509e-10
6.5830003e-10
6.5677497e-10
6.559e-10
6.5732508e-10
6.5462502e-10
6.5462502e-10
6.5272504e-10
6.5267503e-10
6.5299999e-10
6.5440003e-10
6.5190009e-10
6.5149997e-10
6.516e-10
6.4885003e-10
6.5205003e-10
6.5204991e-10
6.4930006e-10
6.5032502e-10
6.509e-10
6.5102496e-10
6.5172501e-10
6.4804995e-10
6.4972494e-10
6.49925e-10
6.5057498e-10
6.4760003e-10
6.47075e-10
6.4540001e-10
6.4662503e-10
6.4614997e-10
6.4377503e-10
6.4474998e-10
6.4545008e-10
6.4372502e-10
6.4352501e-10
6.4224998e-10
6.4224998e-10
6.4127498e-10
6.4190003e-10
6.3945005e-10
6.4064998e-10
6.4187489e-10
6.4137495e-10
6.4110006e-10
6.39725e-10
6.4015004e-10
6.3842509e-10
6.3810002e-10
6.3964989e-10
6.3854988e-10
6.3827499e-10
6.3702499e-10
6.352e-10
6.3735001e-10
6.3622502e-10
6.3430006e-10
6.3604999e-10
6.3520006e-10
6.3450001e-10
6.3500005e-10
6.3404998e-10
6.3444999e-10
6.3524991e-10
6.3505001e-10
6.3157501e-10
6.3299999e-10
6.3322497e-10
6.3482497e-10
6.3182504e-10
6.3169997e-10
6.3260003e-10
6.3232497e-10
6.3057498e-10
6.2882499e-10
6.2957489e-10
6.3110001e-10
6.2790007e-10
6.2730005e-10
6.2845001e-10
6.2879996e-10
6.275e-10
6.2702499e-10
6.2750005e-10
6.2654998e-10
6.2667493e-10
6.2722494e-10
6.2544997e-10
6.2442501e-10
6.2724992e-10
6.2817501e-10
6.2812505e-10
6.2662503e-10
6.2704997e-10
6.2607497e-10
6.2699995e-10
6.2534999e-10
6.2734995e-10
6.2794997e-10
6.2527505e-10
6.2574995e-10
6.2662503e-10
6.2422495e-10
6.2614997e-10
6.2522498e-10
6.234499e-10
6.2747496e-10
6.2582495e-10
6.2395e-10
6.2517502e-10
6.2247502e-10
6.2340005e-10
6.2220001e-10
6.2167499e-10
6.2252503e-10
6.2282512e-10
6.2257494e-10
6.2162497e-10
6.2172506e-10
6.2079997e-10
6.1954991e-10
6.1949995e-10
6.2014999e-10
6.1962496e-10
6.1957495e-10
6.1895e-10
6.1947503e-10
6.1914995e-10
6.2022498e-10
6.1784999e-10
6.193499e-10
6.16525e-10
6.1920002e-10
6.1789995e-10
6.1742506e-10
6.1697497e-10
6.1439998e-10
6.1774996e-10
6.1644995e-10
6.1575001e-10
6.1830002e-10
6.1627498e-10
6.1732502e-10
6.1964994e-10
6.1542499e-10
6.1545002e-10
6.1804989e-10
6.1514993e-10
6.1615002e-10
6.1422495e-10
6.1505001e-10
6.1560002e-10
6.1557509e-10
6.1415001e-10
6.1505001e-10
6.1234995e-10
6.1429994e-10
6.1365008e-10
6.12975e-10
6.1279998e-10
6.1392497e-10
6.1314998e-10
6.1004995e-10
6.1360006e-10
6.1174993e-10
6.1127503e-10
6.0957506e-10
6.1032507e-10
6.1149996e-10
6.1125e-10
6.1127503e-10
6.0854999e-10
6.0952504e-10
6.0927507e-10
6.0969996e-10
6.1007499e-10
6.0912497e-10
6.1065003e-10
6.0849997e-10
6.0810001e-10
6.0657501e-10
6.08675e-10
6.0787497e-10
6.0899991e-10
6.0765004e-10
6.0887501e-10
6.04575e-10
6.0697497e-10
6.0525002e-10
6.0557503e-10
6.0709998e-10
6.0544997e-10
6.0750005e-10
6.0622513e-10
6.0512501e-10
6.0694993e-10
6.0637506e-10
6.0685001e-10
6.0652494e-10
6.0470001e-10
6.0585004e-10
6.0492505e-10
6.0604999e-10
6.0667504e-10
6.05275e-10
6.0459998e-10
6.0414995e-10
6.0450001e-10
6.0450001e-10
6.0467498e-10
6.0435001e-10
6.0562494e-10
6.0557503e-10
6.0489996e-10
6.05275e-10
6.0304989e-10
6.0354999e-10
6.0302491e-10
6.0569993e-10
6.0540001e-10
6.0295002e-10
6.0200001e-10
6.0147493e-10
6.0189997e-10
6.0295002e-10
6.0194999e-10
6.0190003e-10
6.0254995e-10
6.0137501e-10
5.9949995e-10
6.0137501e-10
6.0077499e-10
6.0042493e-10
6.0055e-10
5.9970001e-10
6.0014999e-10
6.0094996e-10
6.0077499e-10
5.9929994e-10
6.00475e-10
5.9842498e-10
5.9777505e-10
5.9842492e-10
5.9795008e-10
5.9850003e-10
5.9735e-10
5.9727506e-10
5.9919997e-10
5.9670002e-10
5.9725003e-10
5.9712507e-10
5.97775e-10
5.9640004e-10
5.9807498e-10
5.9884997e-10
5.9865002e-10
5.9794997e-10
5.968e-10
5.9647493e-10
5.9739996e-10
5.9642502e-10
5.9714994e-10
5.9712507e-10
5.95475e-10
5.9597499e-10
5.9632499e-10
5.9620009e-10
5.9634997e-10
5.9584998e-10
5.9505001e-10
5.9485006e-10
5.9212496e-10
5.9417504e-10
5.9690003e-10
5.9632504e-10
5.9687499e-10
5.9407501e-10
5.9247496e-10
5.9465e-10
5.92625e-10
5.9162497e-10
5.9377497e-10
5.93875e-10
5.9279998e-10
5.9212502e-10
5.934e-10
5.9345001e-10
5.9314992e-10
5.9200006e-10
5.9217503e-10
5.91525e-10
5.9272498e-10
5.9112493e-10
5.9167499e-10
5.9217503e-10
5.9277494e-10
5.9125005e-10
5.9255006e-10
5.90475e-10
5.9155009e-10
5.9215e-10
5.9022504e-10
5.9132499e-10
5.918e-10
5.9165001e-10
5.8987504e-10
5.8772504e-10
5.8807503e-10
5.8812499e-10
5.8852501e-10
5.9005001e-10
5.87975e-10
5.8992494e-10
5.8985e-10
5.8895e-10
5.8944999e-10
5.9079996e-10
5.8909999e-10
5.9092498e-10
5.8940003e-10
5.8989996e-10
5.91375e-10
5.8967503e-10
5.9134997e-10
5.9022498e-10
5.8915001e-10
5.89575e-10
5.9007499e-10
5.9189997e-10
5.8807492e-10
5.902e-10
5.8852501e-10
5.8955008e-10
5.8759997e-10
5.8979999e-10
5.9092498e-10
5.8917499e-10
5.9052502e-10
5.8932498e-10
5.9005001e-10
5.8877503e-10
5.9007493e-10
5.8744992e-10
5.8904998e-10
5.8837502e-10
5.8970001e-10
5.8739991e-10
5.8717498e-10
5.8657501e-10
5.8669997e-10
5.8732491e-10
5.8885002e-10
5.8852495e-10
5.8662492e-10
5.8570004e-10
5.8645006e-10
5.8634997e-10
5.8587502e-10
5.8639993e-10
5.8570004e-10
5.8635002e-10
5.8362498e-10
5.8554994e-10
5.8604999e-10
5.8415006e-10
5.8374999e-10
5.8347505e-10
5.8424998e-10
5.8225003e-10
5.8534999e-10
5.8402494e-10
5.8302502e-10
5.8332505e-10
5.8327498e-10
5.8397509e-10
5.8522504e-10
5.8327498e-10
5.8320004e-10
5.8522498e-10
5.8620009e-10
5.8575e-10
5.8257499e-10
5.8330007e-10
5.8387506e-10
5.8437499e-10
5.8337501e-10
5.8350003e-10
5.8357502e-10
5.8314997e-10
5.8055e-10
5.845e-10
5.8217497e-10
5.8310007e-10
5.8252503e-10
5.8322497e-10
5.8370003e-10
5.8227495e-10
5.8207505e-10
5.8162503e-10
5.8269994e-10
5.8275001e-10
5.8025001e-10
5.8255006e-10
5.8159999e-10
5.8040001e-10
5.7987498e-10
5.8022498e-10
5.7985006e-10
5.8105004e-10
5.8077498e-10
5.8042493e-10
5.8062499e-10
5.7794997e-10
5.7975003e-10
5.7942495e-10
5.7887495e-10
5.7954996e-10
5.7899996e-10
5.8027499e-10
5.7999999e-10
5.7817501e-10
5.8042499e-10
5.7860006e-10
5.7947497e-10
5.7964999e-10
5.8040001e-10
5.7905003e-10
5.7847499e-10
5.7900001e-10
5.8072497e-10
5.8017502e-10
5.7934996e-10
5.7967497e-10
5.7957494e-10
5.8087501e-10
5.7947497e-10
5.7812499e-10
5.7812505e-10
5.7815003e-10
5.7909999e-10
5.7819993e-10
5.7644994e-10
5.786e-10
5.768e-10
5.7667504e-10
5.7607497e-10
5.7702498e-10
5.7637495e-10
5.7637495e-10
5.7557498e-10
5.7572502e-10
5.7707494e-10
5.7557498e-10
5.7415001e-10
5.7650001e-10
5.7650001e-10
5.7594995e-10
5.7685001e-10
5.7527499e-10
5.7407495e-10
5.7552502e-10
5.7707505e-10
5.75825e-10
5.7455002e-10
5.7384997e-10
5.7615002e-10
5.7457494e-10
5.7525001e-10
5.7442501e-10
5.7462496e-10
5.7382504e-10
5.7442501e-10
5.7389998e-10
5.7542487e-10
5.7462501e-10
5.7395e-10
5.7402494e-10
5.7302502e-10
5.7425004e-10
5.7595001e-10
5.7567501e-10
5.7469995e-10
5.7372501e-10
5.7364991e-10
5.7585003e-10
5.7534999e-10
5.7392502e-10
5.7410005e-10
5.7302502e-10
5.7392502e-10
5.7542504e-10
5.7369998e-10
5.7322502e-10
5.7362504e-10
5.7507504e-10
5.7575e-10
5.7514998e-10
5.7324995e-10
5.7415006e-10
5.7440003e-10
5.768e-10
5.7279997e-10
5.7187499e-10
5.736e-10
5.7189997e-10
5.7352501e-10
5.7417504e-10
5.7497496e-10
5.7442501e-10
5.74225e-10
5.7477495e-10
5.7510002e-10
5.7404997e-10
5.73675e-10
5.7294997e-10
5.7337496e-10
5.7312499e-10
5.7452498e-10
5.7554994e-10
5.7374999e-10
5.7242505e-10
5.7219995e-10
5.7165006e-10
5.7444999e-10
5.7245003e-10
5.7307498e-10
5.7287503e-10
5.7194999e-10
5.7075e-10
5.7264993e-10
5.7267507e-10
5.7119998e-10
5.7115007e-10
5.7315003e-10
5.7192506e-10
5.7187505e-10
5.7115002e-10
5.7122501e-10
5.7259997e-10
5.7075e-10
5.7005001e-10
5.7060007e-10
5.6935001e-10
5.7122496e-10
5.7034993e-10
5.7107502e-10
5.6875005e-10
5.6800004e-10
5.7132499e-10
5.6902499e-10
5.6832494e-10
5.7004995e-10
5.6915e-10
5.6957505e-10
5.6899996e-10
5.7080007e-10
5.6755001e-10
5.6889993e-10
5.7030003e-10
5.6817501e-10
5.6862498e-10
5.6970006e-10
5.6924998e-10
5.6810001e-10
5.6907501e-10
5.7062505e-10
5.6807503e-10
5.6927507e-10
5.7069999e-10
5.7022498e-10
5.6897498e-10
5.6792493e-10
5.6995003e-10
5.6832494e-10
5.6864996e-10
5.6859994e-10
5.6889998e-10
5.7017502e-10
5.6752492e-10
5.6990002e-10
5.6932498e-10
5.6599997e-10
5.68325e-10
5.6915e-10
5.6749999e-10
5.6752503e-10
5.6847499e-10
5.6802502e-10
5.6684996e-10
5.6774996e-10
5.6642502e-10
5.6720001e-10
5.667749e-10
5.6610006e-10
5.6584998e-10
5.677e-10
5.6810001e-10
5.6647492e-10
5.6805e-10
5.6947502e-10
5.6712501e-10
5.6722493e-10
5.6607502e-10
5.6787497e-10
5.6772509e-10
5.6839988e-10
5.6685001e-10
5.6802496e-10
5.6694999e-10
5.6524996e-10
5.6695004e-10
5.6744992e-10
5.66025e-10
5.6802502e-10
5.6824995e-10
5.6859994e-10
5.686499e-10
5.6810001e-10
5.6652499e-10
5.6672506e-10
5.6869992e-10
5.6837501e-10
5.67625e-10
5.6697502e-10
5.6732496e-10
5.6849997e-10
5.6847493e-10
5.6744992e-10
5.6974991e-10
5.6872496e-10
5.6915e-10
5.6924998e-10
5.6962507e-10
5.6964999e-10
5.6719995e-10
5.6914995e-10
5.6740002e-10
5.6832494e-10
5.6655003e-10
5.6940008e-10
5.6685001e-10
5.6447502e-10
5.6557503e-10
5.6562488e-10
5.6682503e-10
5.6517496e-10
5.6514998e-10
5.6687499e-10
5.6577498e-10
5.658749e-10
5.66725e-10
5.6577498e-10
5.6589999e-10
5.6472499e-10
5.6452504e-10
5.66175e-10
5.6415e-10
5.6425004e-10
5.6497496e-10
5.6385002e-10
5.6579996e-10
5.6367511e-10
5.6427502e-10
5.6447502e-10
5.63325e-10
5.6367511e-10
5.6397498e-10
5.6362504e-10
5.6497496e-10
5.6324995e-10
5.6537497e-10
5.6462507e-10
5.6439997e-10
5.6587496e-10
5.6445004e-10
5.6492494e-10
5.6484994e-10
5.6459998e-10
5.6262489e-10
5.6205002e-10
5.6317495e-10
5.6405003e-10
5.6247496e-10
5.6132504e-10
5.6247501e-10
5.6340005e-10
5.62e-10
5.6344995e-10
5.6310001e-10
5.61175e-10
5.6214994e-10
5.6294996e-10
5.6292493e-10
5.6185001e-10
5.6157501e-10
5.6122496e-10
5.6287497e-10
5.6245003e-10
5.6252497e-10
5.6275001e-10
5.6259997e-10
5.6102495e-10
5.6265004e-10
5.6149996e-10
5.6095001e-10
5.6187499e-10
5.6137495e-10
5.6075e-10
5.6167493e-10
5.6000005e-10
5.6135002e-10
5.64575e-10
5.636e-10
5.6289989e-10
5.6414995e-10
5.6284999e-10
5.6315008e-10
5.6322502e-10
5.6289989e-10
5.6325006e-10
5.6249999e-10
5.6372501e-10
5.6342503e-10
5.61725e-10
5.6147498e-10
5.6285004e-10
5.6074995e-10
5.6115002e-10
5.6197502e-10
5.6084998e-10
5.6067501e-10
5.6134997e-10
5.6217497e-10
5.6135002e-10
5.6150001e-10
5.6160004e-10
5.62e-10
5.6309996e-10
5.6145e-10
5.6057503e-10
5.6202498e-10
5.6035004e-10
5.6120003e-10
5.6159999e-10
5.5997496e-10
5.5999999e-10
5.6104998e-10
5.6095001e-10
5.62075e-10
5.62425e-10
5.5974991e-10
5.593e-10
5.6127503e-10
5.6149996e-10
5.6072502e-10
5.6312499e-10
5.6092497e-10
5.6079996e-10
5.5962507e-10
5.5927502e-10
5.5934996e-10
5.5945004e-10
5.5902499e-10
5.5999999e-10
5.5867494e-10
5.5772503e-10
5.5812494e-10
5.5810001e-10
5.5755001e-10
5.5972493e-10
5.5850008e-10
5.5907501e-10
5.5947497e-10
5.6037497e-10
5.5857496e-10
5.5935001e-10
5.6052507e-10
5.5902499e-10
5.6042504e-10
5.6017502e-10
5.6049998e-10
5.6022498e-10
5.6132493e-10
5.6014993e-10
5.593e-10
5.5932498e-10
5.5909999e-10
5.5822491e-10
5.5994998e-10
5.5915e-10
5.5834998e-10
5.5859994e-10
5.5804994e-10
5.5850008e-10
5.5854998e-10
5.5835003e-10
5.5860006e-10
5.5860006e-10
5.5935001e-10
5.5924998e-10
5.5805e-10
5.5837496e-10
5.593e-10
5.5604998e-10
5.5749994e-10
5.5754995e-10
5.5677496e-10
5.5845001e-10
5.5694999e-10
5.5695004e-10
5.5830002e-10
5.5807503e-10
5.5757504e-10
5.5780003e-10
5.5689997e-10
5.5815003e-10
5.5782501e-10
5.5845006e-10
5.5694993e-10
5.5777499e-10
5.5737504e-10
5.5637495e-10
5.5747496e-10
5.57075e-10
5.5712501e-10
5.577e-10
5.5822497e-10
5.5962496e-10
5.5657501e-10
5.5812499e-10
5.5782495e-10
5.5649996e-10
5.5775001e-10
5.5842503e-10
5.5615001e-10
5.5917487e-10
5.5792498e-10
5.5767502e-10
5.5659993e-10
5.5657501e-10
5.5665e-10
5.5839999e-10
5.5749999e-10
5.5745003e-10
5.5712507e-10
5.5622495e-10
5.5787502e-10
5.5854998e-10
5.5755001e-10
5.5850002e-10
5.5932498e-10
5.57975e-10
5.6022503e-10
5.6022498e-10
5.5899996e-10
5.5752497e-10
5.5845001e-10
5.5784993e-10
5.5869998e-10
5.581251e-10
5.5862504e-10
5.5864996e-10
5.5812499e-10
5.5624999e-10
5.5692501e-10
5.5755001e-10
5.5742494e-10
5.5645005e-10
5.5857496e-10
5.5619997e-10
5.5554994e-10
5.5622501e-10
5.5755001e-10
5.57e-10
5.5629995e-10
5.5442501e-10
5.5547494e-10
5.5625005e-10
5.5607496e-10
5.5710003e-10
5.5580002e-10
5.5569999e-10
5.5772498e-10
5.5444993e-10
5.5537497e-10
5.5377503e-10
5.5589999e-10
5.5534999e-10
5.5129989e-10
5.5317506e-10
5.5302496e-10
5.5465005e-10
5.5547494e-10
5.5464999e-10
5.5635002e-10
5.5554994e-10
5.5502508e-10
5.5380006e-10
5.5527499e-10
5.5540006e-10
5.5585003e-10
5.5539995e-10
5.5717497e-10
5.5472493e-10
5.5529997e-10
5.5652505e-10
5.5635002e-10
5.5510002e-10
5.5649996e-10
5.5839999e-10
5.55475e-10
5.5537497e-10
5.5545002e-10
5.5564997e-10
5.5630001e-10
5.5490001e-10
5.5529997e-10
5.5545002e-10
5.5572502e-10
5.5437499e-10
5.5505001e-10
5.5490001e-10
5.5530003e-10
5.5542504e-10
5.5667504e-10
5.5537497e-10
5.5575e-10
5.5492499e-10
5.5482496e-10
5.5527499e-10
5.5485e-10
5.54575e-10
5.5655003e-10
5.5592503e-10
5.5624999e-10
5.5734994e-10
5.5515004e-10
5.5654997e-10
5.5757499e-10
5.5557497e-10
5.5695004e-10
5.5565008e-10
5.5472499e-10
5.5624994e-10
5.5727506e-10
5.5587501e-10
5.5409993e-10
5.5467497e-10
5.5652505e-10
5.5492494e-10
5.5462496e-10
5.5650001e-10
5.5692501e-10
5.5739996e-10
5.5567495e-10
5.5562499e-10
5.5459992e-10
5.5555005e-10
5.5557497e-10
5.5452504e-10
5.5314997e-10
5.5609994e-10
5.5429999e-10
5.5247495e-10
5.5419996e-10
5.5392502e-10
5.5442501e-10
5.53525e-10
5.5269994e-10
5.5300003e-10
5.527e-10
5.5335003e-10
5.5252503e-10
5.5284999e-10
5.5212501e-10
5.5372501e-10
5.5247495e-10
5.5309995e-10
5.5275007e-10
5.5317506e-10
5.5382499e-10
5.545e-10
5.53875e-10
5.5214999e-10
5.5372501e-10
5.5372512e-10
5.5427496e-10
5.5420002e-10
5.5424998e-10
5.5482502e-10
5.5312499e-10
5.5342492e-10
5.5410004e-10
5.5542504e-10
5.5475002e-10
5.554e-10
5.5424992e-10
5.5489996e-10
5.5397498e-10
5.5565008e-10
5.5357496e-10
5.5537497e-10
5.5512495e-10
5.5470006e-10
5.5482502e-10
5.5562505e-10
5.5399996e-10
5.5435001e-10
5.5509991e-10
5.5397509e-10
5.5435001e-10
5.5362498e-10
5.5342497e-10
5.5469995e-10
5.5395e-10
5.5544996e-10
5.5340005e-10
5.5244997e-10
5.5477495e-10
5.5287491e-10
5.521249e-10
5.5479993e-10
5.5362492e-10
5.5279997e-10
5.5359994e-10
5.5425003e-10
5.5335009e-10
5.5225008e-10
5.5322497e-10
5.5320004e-10
5.5362498e-10
5.5510002e-10
5.5322497e-10
5.5374999e-10
5.5307497e-10
5.5309995e-10
5.5357496e-10
5.5407506e-10
5.5392496e-10
5.5312499e-10
5.5552501e-10
5.5482491e-10
5.533749e-10
5.53875e-10
5.5337501e-10
5.52975e-10
5.5287497e-10
5.5269994e-10
5.5279997e-10
5.5495003e-10
5.5265004e-10
5.5254995e-10
5.5185007e-10
5.5212501e-10
5.5275001e-10
5.5162508e-10
5.5224997e-10
5.5162502e-10
5.5242499e-10
5.5117505e-10
5.5315003e-10
5.5275001e-10
5.521501e-10
5.5157495e-10
5.5167498e-10
5.5140004e-10
5.5079996e-10
5.5214994e-10
5.52075e-10
5.5099997e-10
5.5232496e-10
5.5104993e-10
5.5117505e-10
5.5157495e-10
5.5070004e-10
5.52075e-10
5.5210003e-10
5.5277494e-10
5.5350002e-10
5.5214999e-10
5.5189997e-10
5.5452504e-10
5.52075e-10
5.5275001e-10
5.52075e-10
5.5267496e-10
5.5150001e-10
5.5135002e-10
5.4872495e-10
5.5119997e-10
5.5130001e-10
5.5269989e-10
5.5095006e-10
5.5207489e-10
5.5027505e-10
5.5134997e-10
5.5179994e-10
5.5224997e-10
5.5097499e-10
5.5087496e-10
5.4922494e-10
5.4932503e-10
5.4982496e-10
5.4869997e-10
5.4932503e-10
5.4815003e-10
5.4804994e-10
5.5035004e-10
5.4825e-10
5.4919996e-10
5.4902499e-10
5.47625e-10
5.4852495e-10
5.5032501e-10
5.4920002e-10
5.4824995e-10
5.5034999e-10
5.5045002e-10
5.4945004e-10
5.4909999e-10
5.5077498e-10
5.5045007e-10
5.5037502e-10
5.5110005e-10
5.4954996e-10
5.5037508e-10
5.4929999e-10
5.4872495e-10
5.5004995e-10
5.5192501e-10
5.5007499e-10
5.5112498e-10
5.4932503e-10
5.50475e-10
5.4997495e-10
5.5132504e-10
5.5057497e-10
5.5097504e-10
5.51725e-10
5.5187493e-10
5.4969995e-10
5.5089994e-10
5.5380001e-10
5.4959998e-10
5.5087496e-10
5.5227506e-10
5.5092497e-10
5.5042498e-10
5.5140004e-10
5.5117494e-10
5.5327493e-10
5.5139998e-10
5.5139987e-10
5.5057503e-10
5.51725e-10
5.5054999e-10
5.5047494e-10
5.4937499e-10
5.5079996e-10
5.5062499e-10
5.5044991e-10
5.502e-10
5.4949995e-10
5.5052501e-10
5.5097499e-10
5.5030003e-10
5.49775e-10
5.4912497e-10
5.5069999e-10
5.4912502e-10
5.4912497e-10
5.4732496e-10
5.4764998e-10
5.4895005e-10
5.4735e-10
5.4907501e-10
5.4804999e-10
5.4714999e-10
5.477e-10
5.5034999e-10
5.4770011e-10
5.4757499e-10
5.4792504e-10
5.4777499e-10
5.4804999e-10
5.4730004e-10
5.4799998e-10
5.4987498e-10
5.4889993e-10
5.4887495e-10
5.4872501e-10
5.4800003e-10
5.4957494e-10
5.4864985e-10
5.4872495e-10
5.4877497e-10
5.4864996e-10
5.4772498e-10
5.4757499e-10
5.4859994e-10
5.5022498e-10
5.4915e-10
5.5029997e-10
5.5060001e-10
5.4797494e-10
5.4735005e-10
5.4872507e-10
5.4910004e-10
5.4985e-10
5.50475e-10
5.4827498e-10
5.4810001e-10
5.486e-10
5.4897498e-10
5.4985e-10
5.5054999e-10
5.4735e-10
5.4819993e-10
5.4839994e-10
5.4900001e-10
5.4817501e-10
5.4675003e-10
5.4759997e-10
5.4935001e-10
5.48325e-10
5.4777494e-10
5.4839999e-10
5.4787497e-10
5.4725002e-10
5.4709992e-10
5.4897503e-10
5.4985e-10
5.4819993e-10
5.4862498e-10
5.4974997e-10
5.5012506e-10
5.4887506e-10
5.4859994e-10
5.4929999e-10
5.4990001e-10
5.5044996e-10
5.4867505e-10
5.509751e-10
5.5097499e-10
5.5135002e-10
5.5024996e-10
5.5067501e-10
5.5054999e-10
5.5179999e-10
5.48525e-10
5.4897498e-10
5.5014998e-10
5.4974997e-10
5.496249e-10
5.4895e-10
5.5070004e-10
5.5022498e-10
5.5045002e-10
5.5174998e-10
5.5122501e-10
5.4957494e-10
5.4990001e-10
5.5084998e-10
5.4879989e-10
5.4919996e-10
5.4927496e-10
5.5054999e-10
5.48325e-10
5.4924998e-10
5.4892496e-10
5.4914995e-10
5.4940003e-10
5.4879995e-10
5.4849986e-10
5.4957494e-10
5.4859994e-10
5.4965005e-10
5.4914995e-10
5.4994997e-10
5.4752491e-10
5.5024996e-10
5.4927507e-10
5.4997501e-10
5.4794996e-10
5.5052501e-10
5.5032506e-10
5.4917504e-10
5.5069999e-10
5.48525e-10
5.4815003e-10
5.4802496e-10
5.4909999e-10
5.4812505e-10
5.4945004e-10
5.4844995e-10
5.4904992e-10
5.4652494e-10
5.4747495e-10
5.4752503e-10
5.4694999e-10
5.4764998e-10
5.4819993e-10
5.4759997e-10
5.4722499e-10
5.4735e-10
5.4725008e-10
5.4657506e-10
5.4642496e-10
5.46375e-10
5.4709998e-10
5.463251e-10
5.4702498e-10
5.4767502e-10
5.47075e-10
5.4730004e-10
5.4622501e-10
5.4862498e-10
5.4897498e-10
5.4697502e-10
5.4854998e-10
5.4562499e-10
5.4902505e-10
5.4702498e-10
5.4769994e-10
5.4622501e-10
5.46725e-10
5.4659999e-10
5.4672505e-10
5.4662502e-10
5.4740001e-10
5.4712496e-10
5.4704996e-10
5.4890004e-10
5.4717503e-10
5.4957494e-10
5.455249e-10
5.47625e-10
5.4747501e-10
5.4877503e-10
5.4717497e-10
5.461e-10
5.4869997e-10
5.4740001e-10
5.4825e-10
5.4865001e-10
5.4799998e-10
5.4689997e-10
5.4814997e-10
5.5010002e-10
5.4719995e-10
5.4639993e-10
5.4754995e-10
5.4564997e-10
5.4645e-10
5.4704991e-10
5.4475002e-10
5.4642496e-10
5.4737498e-10
5.4527505e-10
5.4612498e-10
5.4452504e-10
5.4549998e-10
5.4687505e-10
5.4660004e-10
5.4677501e-10
5.4755001e-10
5.4654997e-10
5.4662502e-10
5.4705007e-10
5.4752503e-10
5.4827498e-10
5.5037497e-10
5.4807503e-10
5.4749999e-10
5.4759997e-10
5.4634997e-10
5.4764998e-10
5.4669996e-10
5.4667493e-10
5.4684995e-10
5.4722493e-10
5.4570004e-10
5.4569999e-10
5.4497495e-10
5.4702498e-10
5.4617499e-10
5.4562499e-10
5.4654997e-10
5.4740001e-10
5.4537508e-10
5.4522498e-10
5.4597499e-10
5.4577498e-10
5.4562499e-10
5.4522503e-10
5.4435001e-10
5.4495003e-10
5.4487498e-10
5.445e-10
5.4505001e-10
5.4487503e-10
5.4459987e-10
5.4597499e-10
5.4399996e-10
5.4492494e-10
5.4627503e-10
5.4564997e-10
5.4567495e-10
5.4350002e-10
5.4417504e-10
5.4294996e-10
5.4510002e-10
5.4407495e-10
5.4537497e-10
5.4507499e-10
5.4367499e-10
5.4377497e-10
5.4497495e-10
5.4392491e-10
5.4572502e-10
5.4225002e-10
5.4420002e-10
5.4429999e-10
5.4474997e-10
5.4412497e-10
5.4574995e-10
5.4545002e-10
5.4662497e-10
5.4639998e-10
5.4492505e-10
5.4617494e-10
5.4822491e-10
5.4459998e-10
5.4584998e-10
5.4600002e-10
5.4500005e-10
5.4494997e-10
5.4512495e-10
5.4517496e-10
5.4399996e-10
5.4645e-10
5.4604998e-10
5.4369992e-10
5.4514993e-10
5.4580002e-10
5.4564997e-10
5.4555005e-10
5.4432497e-10
5.4287491e-10
5.4442501e-10
5.4362503e-10
5.4355004e-10
5.4317495e-10
5.4409999e-10
5.4480004e-10
5.4417498e-10
5.4507493e-10
5.44775e-10
5.4424998e-10
5.4590005e-10
5.4499999e-10
5.4427496e-10
5.4280003e-10
5.4492494e-10
5.439999e-10
5.4425003e-10
5.4515004e-10
5.454e-10
5.4530003e-10
5.4444999e-10
5.4392496e-10
5.4485005e-10
5.4472499e-10
5.4472499e-10
5.4582505e-10
5.4490001e-10
5.445e-10
5.4499993e-10
5.45125e-10
5.4544996e-10
5.4537497e-10
5.4362498e-10
5.4475002e-10
5.4354998e-10
5.4542498e-10
5.4342503e-10
5.4462501e-10
5.4635002e-10
5.4564997e-10
5.4507493e-10
5.4650001e-10
5.4499999e-10
5.4427496e-10
5.4444999e-10
5.4565008e-10
5.45475e-10
5.454e-10
5.4514998e-10
5.454e-10
5.4422494e-10
5.4497495e-10
5.4459992e-10
5.4654997e-10
5.4592497e-10
5.4579996e-10
5.4595001e-10
5.4469995e-10
5.4497495e-10
5.4592503e-10
5.4542504e-10
5.4730004e-10
5.4752497e-10
5.4607496e-10
5.4534988e-10
5.4654992e-10
5.4592503e-10
5.4425003e-10
5.4467497e-10
5.45825e-10
5.4447497e-10
5.4552496e-10
5.4590005e-10
5.4600002e-10
5.4505001e-10
5.4727495e-10
5.4589999e-10
5.4590005e-10
5.4479998e-10
5.4584998e-10
5.46725e-10
5.4505001e-10
5.4564997e-10
5.4430005e-10
5.45125e-10
5.4545002e-10
5.4592503e-10
5.4667493e-10
5.4635008e-10
5.4509991e-10
5.4542498e-10
5.4569999e-10
5.4634997e-10
5.4477506e-10
5.4517502e-10
5.4420002e-10
5.4527499e-10
5.4497501e-10
5.4552496e-10
5.4639998e-10
5.4564997e-10
5.4579996e-10
5.4472499e-10
5.4527499e-10
5.4357502e-10
5.4517496e-10
5.4295002e-10
5.4242494e-10
5.4372506e-10
5.4335003e-10
5.4545007e-10
5.4310001e-10
5.4287497e-10
5.4357502e-10
5.43325e-10
5.4235e-10
5.4549998e-10
5.4492499e-10
5.452e-10
5.4435001e-10
5.4304999e-10
5.4409999e-10
5.4452509e-10
5.44225e-10
5.4304999e-10
5.4335003e-10
5.4424992e-10
5.4422494e-10
5.4367499e-10
5.4419991e-10
5.4429994e-10
5.4447502e-10
5.4522498e-10
5.4614996e-10
5.4514998e-10
5.4402505e-10
5.4315002e-10
5.4377497e-10
5.4462501e-10
5.4502503e-10
5.4275001e-10
5.4372501e-10
5.4410004e-10
5.4545007e-10
5.436e-10
5.4514993e-10
5.4475002e-10
5.44575e-10
5.4567501e-10
5.4382504e-10
5.4387495e-10
5.4452498e-10
5.4547494e-10
5.4454996e-10
5.4435007e-10
5.4287497e-10
5.4377497e-10
5.43525e-10
5.4272492e-10
5.4580002e-10
5.4417498e-10
5.4437505e-10
5.4252497e-10
5.4219995e-10
5.4429999e-10
5.4264998e-10
5.4382504e-10
5.4352489e-10
5.421249e-10
5.4302496e-10
5.4417504e-10
5.4337501e-10
5.421249e-10
5.4097493e-10
5.4252502e-10
5.4317495e-10
5.4145e-10
5.4234994e-10
5.4377503e-10
5.4372501e-10
5.4275001e-10
5.4400007e-10
5.4337496e-10
5.4407506e-10
5.4395e-10
5.4365001e-10
5.4429999e-10
5.4502497e-10
5.4424992e-10
5.4349997e-10
5.4562493e-10
5.44575e-10
5.4432503e-10
5.4402499e-10
5.4549992e-10
5.436e-10
5.43875e-10
5.4377497e-10
5.4467497e-10
5.4489996e-10
5.4362503e-10
5.4242499e-10
5.4347504e-10
5.4362498e-10
5.4444999e-10
5.4362503e-10
5.4444999e-10
5.4232496e-10
5.4555005e-10
5.4462496e-10
5.4464994e-10
5.429e-10
5.4404997e-10
5.4429999e-10
5.4354993e-10
5.4282501e-10
5.4282501e-10
5.4369997e-10
5.4272498e-10
5.4337496e-10
5.4360005e-10
5.4282495e-10
5.4310001e-10
5.427e-10
5.4210003e-10
5.4285004e-10
5.4467503e-10
5.4234989e-10
5.4480009e-10
5.4402505e-10
5.436499e-10
5.4199994e-10
5.4004995e-10
5.4202504e-10
5.4390004e-10
5.4292498e-10
5.4177496e-10
5.4329996e-10
5.4187504e-10
5.4284999e-10
5.4334998e-10
5.4372501e-10
5.4407501e-10
5.4335003e-10
5.4367499e-10
5.4220001e-10
5.4192506e-10
5.4309995e-10
5.4657495e-10
5.4302501e-10
5.4235e-10
5.4344995e-10
5.4224997e-10
5.4370003e-10
5.4267491e-10
5.4317495e-10
5.429e-10
5.4302496e-10
5.4477495e-10
5.4304994e-10
5.4435001e-10
5.4412497e-10
5.4404997e-10
5.4477506e-10
5.4444999e-10
5.44575e-10
5.4384997e-10
5.4257498e-10
5.4177496e-10
5.4262494e-10
5.4212501e-10
5.4335003e-10
5.4275001e-10
5.4300009e-10
5.4205002e-10
5.4435001e-10
5.4399996e-10
5.4410004e-10
5.4657501e-10
5.4345001e-10
5.4412497e-10
5.4397503e-10
5.4322497e-10
5.4532501e-10
5.4354998e-10
5.4464999e-10
5.43525e-10
5.4294996e-10
5.4439997e-10
5.44225e-10
5.4449995e-10
5.4392507e-10
5.4365001e-10
5.448999e-10
5.4492499e-10
5.4280003e-10
5.4282501e-10
5.42975e-10
5.4227489e-10
5.43525e-10
5.4275001e-10
5.4249999e-10
5.4292504e-10
5.4182503e-10
5.453249e-10
5.4239996e-10
5.4410004e-10
5.4362503e-10
5.4444999e-10
5.4242499e-10
5.4229998e-10
5.4257504e-10
5.4172494e-10
5.42e-10
5.4267502e-10
5.4182492e-10
5.4135002e-10
5.4310001e-10
5.4295002e-10
5.4275001e-10
5.4357502e-10
5.4272503e-10
5.4347499e-10
5.42075e-10
5.4310001e-10
5.4329996e-10
5.4169996e-10
5.4184995e-10
5.4099997e-10
5.4252502e-10
5.4314997e-10
5.4170007e-10
5.4205002e-10
5.4239996e-10
5.4374999e-10
5.436e-10
5.4307497e-10
5.4255e-10
5.4197502e-10
5.4290006e-10
5.4369997e-10
5.4284999e-10
5.4045002e-10
5.4280003e-10
5.4257504e-10
5.45475e-10
5.4275001e-10
5.4207505e-10
5.4304994e-10
5.4190002e-10
5.42075e-10
5.4282501e-10
5.4367499e-10
5.4435001e-10
5.4409999e-10
5.4444999e-10
5.4295002e-10
5.4542498e-10
5.4400007e-10
5.4567506e-10
5.436e-10
5.4204996e-10
5.4314997e-10
5.4240007e-10
5.4172494e-10
5.4197502e-10
5.4322497e-10
5.43525e-10
5.4332511e-10
5.4165e-10
5.425751e-10
5.4309995e-10
5.4192495e-10
5.4365001e-10
5.436e-10
5.4420002e-10
5.43525e-10
5.4357502e-10
5.4307497e-10
5.4479998e-10
5.4394994e-10
5.4252491e-10
5.4479998e-10
5.4562505e-10
5.4407501e-10
5.4437499e-10
5.4507499e-10
5.4454996e-10
5.4444999e-10
5.4439997e-10
5.4315002e-10
5.4339999e-10
5.45475e-10
5.4467497e-10
5.436499e-10
5.4412497e-10
5.4240007e-10
5.4182497e-10
5.4215005e-10
5.4132498e-10
5.4370003e-10
5.4479993e-10
5.4304999e-10
5.4257504e-10
5.4197496e-10
5.4392507e-10
5.4259996e-10
5.4270005e-10
5.4392502e-10
5.4505001e-10
5.4409999e-10
5.4479998e-10
5.4387495e-10
5.4367505e-10
5.4462501e-10
5.4567501e-10
5.4369997e-10
5.43525e-10
5.4282495e-10
5.4380001e-10
5.4330002e-10
5.4269994e-10
5.4424998e-10
5.4382504e-10
5.4377503e-10
5.4329996e-10
5.4367505e-10
5.4470001e-10
5.4344995e-10
5.4425003e-10
5.4480009e-10
5.4272498e-10
5.4435001e-10
5.4464999e-10
5.4349997e-10
5.4430005e-10
5.4517502e-10
5.4430005e-10
5.4339994e-10
5.4275001e-10
5.4369997e-10
5.4314997e-10
5.4204996e-10
5.4267502e-10
5.4180005e-10
5.413e-10
5.4239996e-10
5.4220001e-10
5.4404997e-10
5.4212496e-10
5.4339999e-10
5.4179994e-10
5.4292498e-10
5.4272503e-10
5.4245008e-10
5.4172494e-10
5.4262494e-10
5.4277494e-10
5.4209992e-10
5.4134996e-10
5.4217497e-10
5.4205007e-10
5.4254984e-10
5.4254995e-10
5.4217497e-10
5.4100002e-10
5.4307497e-10
5.4182497e-10
5.4062499e-10
5.4079996e-10
5.4282495e-10
5.4062504e-10
5.41375e-10
5.4019994e-10
5.4074994e-10
5.3989996e-10
5.4049992e-10
5.4022492e-10
5.4169996e-10
5.4177501e-10
5.4124993e-10
5.4217503e-10
5.4307497e-10
5.4139998e-10
5.4350002e-10
5.4347504e-10
5.42975e-10
5.4152499e-10
5.4084998e-10
5.4147498e-10
5.4080002e-10
5.4192506e-10
5.4159999e-10
5.4229998e-10
5.4184995e-10
5.4087496e-10
5.4172505e-10
5.4082505e-10
5.4180005e-10
5.4165006e-10
5.3965005e-10
5.4087501e-10
5.4267496e-10
5.4177501e-10
5.43325e-10
5.4214999e-10
5.4320004e-10
5.4357502e-10
5.4254995e-10
5.4249993e-10
5.4234994e-10
5.4165e-10
5.4167504e-10
5.4069998e-10
5.4272498e-10
5.4159999e-10
5.42975e-10
5.4237498e-10
5.4224997e-10
5.4162497e-10
5.4072502e-10
5.4165e-10
5.4229998e-10
5.4252502e-10
5.4287497e-10
5.4120003e-10
5.4207488e-10
5.4342497e-10
5.41025e-10
5.4314997e-10
5.4244997e-10
5.41375e-10
5.4060001e-10
5.4075e-10
5.4234994e-10
5.4322502e-10
5.4212501e-10
5.4145e-10
5.4042498e-10
5.4042498e-10
5.4092497e-10
5.4112503e-10
5.3912502e-10
5.3957505e-10
5.40125e-10
5.4054999e-10
5.3925009e-10
5.4104998e-10
5.4089994e-10
5.4147498e-10
5.39225e-10
5.4237503e-10
5.4074994e-10
5.3995003e-10
5.4057492e-10
5.4115001e-10
5.4304999e-10
5.4009996e-10
5.4162497e-10
5.4017496e-10
5.427e-10
5.3922494e-10
5.4140004e-10
5.4002497e-10
5.4264992e-10
5.4077498e-10
5.4065002e-10
5.3882504e-10
5.4190002e-10
5.4027499e-10
5.4099997e-10
5.4089999e-10
5.4092497e-10
5.4020005e-10
5.4122501e-10
5.4179994e-10
5.4294996e-10
5.4075e-10
5.411e-10
5.4065002e-10
5.4162491e-10
5.4102506e-10
5.4177501e-10
5.4000004e-10
5.4110005e-10
5.4154997e-10
5.4064997e-10
5.3982502e-10
5.429e-10
5.3987498e-10
5.4172505e-10
5.413e-10
5.4082494e-10
5.4320004e-10
5.4240007e-10
5.41725e-10
5.4174998e-10
5.4292498e-10
5.4172505e-10
5.41375e-10
5.3979998e-10
5.4174998e-10
5.42e-10
5.4272503e-10
5.4099997e-10
5.4277499e-10
5.4349991e-10
5.4097499e-10
5.4109994e-10
5.4122495e-10
5.4122501e-10
5.4165e-10
5.4119992e-10
5.4222504e-10
5.4147498e-10
5.4065002e-10
5.4072502e-10
5.402e-10
5.3937499e-10
5.4107496e-10
5.4097499e-10
5.4147498e-10
5.4202498e-10
5.4147509e-10
5.4065002e-10
5.4177496e-10
5.4012494e-10
5.4165e-10
5.4145e-10
5.4099997e-10
5.4087496e-10
5.4052501e-10
5.4022498e-10
5.3930005e-10
5.4149996e-10
5.3979998e-10
5.4054999e-10
5.3975002e-10
5.4245003e-10
5.4187499e-10
5.3882493e-10
5.409499e-10
5.4059995e-10
5.4159999e-10
5.4042498e-10
5.4097499e-10
5.4170002e-10
5.3862498e-10
5.402e-10
5.4147498e-10
5.4029997e-10
5.3995008e-10
5.3935001e-10
5.4054999e-10
5.3900001e-10
5.3914995e-10
5.3802496e-10
5.3885002e-10
5.36925e-10
5.3924998e-10
5.3992499e-10
5.3812504e-10
5.3994997e-10
5.3842497e-10
5.4032501e-10
5.3815002e-10
5.4005006e-10
5.3937499e-10
5.3992494e-10
5.3954996e-10
5.3944998e-10
5.3970001e-10
5.3887506e-10
5.3952492e-10
5.3915e-10
5.4200006e-10
5.3890004e-10
5.4025001e-10
5.3989996e-10
5.4047505e-10
5.4139998e-10
5.4180005e-10
5.4147498e-10
5.4132504e-10
5.4115001e-10
5.4019994e-10
5.4145e-10
5.4247501e-10
5.4227506e-10
5.41375e-10
5.41375e-10
5.4075e-10
5.41375e-10
5.3895e-10
5.3952504e-10
5.3899996e-10
5.3825e-10
5.3942506e-10
5.3772498e-10
5.3935001e-10
5.3934995e-10
5.4007498e-10
5.4074989e-10
5.3949994e-10
5.4134996e-10
5.3965005e-10
5.3969995e-10
5.388e-10
5.4042504e-10
5.4024996e-10
5.4167493e-10
5.4124993e-10
5.4009996e-10
5.4089999e-10
5.4009996e-10
5.3932497e-10
5.4167504e-10
5.4264998e-10
5.4077498e-10
5.4122495e-10
5.4152499e-10
5.4194998e-10
5.4059995e-10
5.4179994e-10
5.4179994e-10
5.4179999e-10
5.4087501e-10
5.4107502e-10
5.4217497e-10
5.4195004e-10
5.4169996e-10
5.4052501e-10
5.4130006e-10
5.3964999e-10
5.4114996e-10
5.4222504e-10
5.4094995e-10
5.4092503e-10
5.4222504e-10
5.4165006e-10
5.4089999e-10
5.4004995e-10
5.3895e-10
5.3902505e-10
5.4012494e-10
5.4065002e-10
5.3952504e-10
5.41375e-10
5.3937499e-10
5.4132504e-10
5.3857502e-10
5.3967492e-10
5.4112503e-10
5.4122501e-10
5.3964999e-10
5.3897492e-10
5.4022503e-10
5.4049992e-10
5.3899996e-10
5.3992499e-10
5.3929999e-10
5.4042498e-10
5.3882498e-10
5.3892496e-10
5.4020005e-10
5.3997495e-10
5.3979998e-10
5.4005006e-10
5.3922494e-10
5.3959998e-10
5.3819993e-10
5.3945004e-10
5.3825e-10
5.3895005e-10
5.4097499e-10
5.4092497e-10
5.3929999e-10
5.4005e-10
5.4052501e-10
5.4062499e-10
5.3867505e-10
5.3892496e-10
5.3794996e-10
5.4062504e-10
5.3955002e-10
5.4099997e-10
5.3972499e-10
5.3989996e-10
5.3895e-10
5.41025e-10
5.3732502e-10
5.3837501e-10
5.3800003e-10
5.3952504e-10
5.3959998e-10
5.3747495e-10
5.3767502e-10
5.38525e-10
5.3869997e-10
5.3722504e-10
5.4005e-10
5.373999e-10
5.3845001e-10
5.3967503e-10
5.3909993e-10
5.361e-10
5.3997501e-10
5.3757498e-10
5.383749e-10
5.3937499e-10
5.3917487e-10
5.3985e-10
5.382999e-10
5.4002508e-10
5.4142502e-10
5.3947496e-10
5.40825e-10
5.4147503e-10
5.3902499e-10
5.3884996e-10
5.4162502e-10
5.3902499e-10
5.41375e-10
5.40825e-10
5.3964999e-10
5.4117505e-10
5.3987503e-10
5.39775e-10
5.3972499e-10
5.4115001e-10
5.3874999e-10
5.4089999e-10
5.4002502e-10
5.41025e-10
5.3917498e-10
5.3917498e-10
5.3935001e-10
5.3777499e-10
5.4097493e-10
5.3942495e-10
5.3677507e-10
5.4122495e-10
5.3872501e-10
5.3985011e-10
5.3949994e-10
5.4062499e-10
5.3952498e-10
5.3997501e-10
5.4097504e-10
5.3864996e-10
5.3927496e-10
5.3997495e-10
5.4105004e-10
5.4042498e-10
5.4099997e-10
5.3869997e-10
5.3995003e-10
5.3807503e-10
5.39425e-10
5.38875e-10
5.3807497e-10
5.3994997e-10
5.3904992e-10
5.3935001e-10
5.4069998e-10
5.3877502e-10
5.3924998e-10
5.4087496e-10
5.3914995e-10
5.4002497e-10
5.3954996e-10
5.388e-10
5.38325e-10
5.4057503e-10
5.4055005e-10
5.3987498e-10
5.4142502e-10
5.39425e-10
5.3954996e-10
5.3957494e-10
5.4159999e-10
5.3945004e-10
5.3875004e-10
5.3777494e-10
5.3962507e-10
5.377e-10
5.3807503e-10
5.3810001e-10
5.3967503e-10
5.40125e-10
5.3837501e-10
5.3722504e-10
5.37625e-10
5.3839999e-10
5.3672505e-10
5.3907495e-10
5.3735005e-10
5.3805005e-10
5.3857496e-10
5.3897498e-10
5.3895e-10
5.3892507e-10
5.3842497e-10
5.3862503e-10
5.39575e-10
5.3752497e-10
5.3710003e-10
5.3824994e-10
5.3642496e-10
5.3912502e-10
5.3767507e-10
5.3819998e-10
5.3754995e-10
5.3755e-10
5.36725e-10
5.38325e-10
5.3677501e-10
5.3857496e-10
5.3675003e-10
5.38525e-10
5.36925e-10
5.3684995e-10
5.3994997e-10
5.3755e-10
5.3850002e-10
5.3784999e-10
5.3932503e-10
5.3782495e-10
5.3667498e-10
5.3777499e-10
5.3725002e-10
5.38175e-10
5.3800003e-10
5.3845006e-10
5.4050003e-10
5.3914995e-10
5.3927501e-10
5.3745003e-10
5.3842497e-10
5.3735e-10
5.3830002e-10
5.3892502e-10
5.3725002e-10
5.3860005e-10
5.3869997e-10
5.3882504e-10
5.3919996e-10
5.3862503e-10
5.3762489e-10
5.3790006e-10
5.3825006e-10
5.3877502e-10
5.3879989e-10
5.3815002e-10
5.3744992e-10
5.3710003e-10
5.3562499e-10
5.3682497e-10
5.3692495e-10
5.3702498e-10
5.3637494e-10
5.3712496e-10
5.3784999e-10
5.3622506e-10
5.3707505e-10
5.3517496e-10
5.3647503e-10
5.37275e-10
5.377e-10
5.3772503e-10
5.3867505e-10
5.3580002e-10
5.3869997e-10
5.3879995e-10
5.3875004e-10
5.3915e-10
5.40825e-10
5.4032495e-10
5.38525e-10
5.3979998e-10
5.3917498e-10
5.3912497e-10
5.3890004e-10
5.42e-10
5.4052501e-10
5.38525e-10
5.386e-10
5.4042498e-10
5.3742505e-10
5.4014992e-10
5.3867505e-10
5.3867499e-10
5.3929999e-10
5.4009996e-10
5.38325e-10
5.3954996e-10
5.4067512e-10
5.3920002e-10
5.392749e-10
5.3987503e-10
5.3800003e-10
5.3792504e-10
5.3920002e-10
5.3657501e-10
5.3889998e-10
5.3969995e-10
5.3722504e-10
5.3740001e-10
5.3897492e-10
5.3924998e-10
5.3865007e-10
5.3860005e-10
5.3979998e-10
5.405249e-10
5.3835003e-10
5.4127497e-10
5.4049998e-10
5.3987503e-10
5.4087507e-10
5.3902499e-10
5.4027494e-10
5.3967503e-10
5.4085003e-10
5.4010008e-10
5.3992499e-10
5.3974997e-10
5.3924998e-10
5.3985e-10
5.3935006e-10
5.3982502e-10
5.4124999e-10
5.4039995e-10
5.4075e-10
5.3897498e-10
5.3820004e-10
5.3782495e-10
5.4037502e-10
5.3894994e-10
5.3947496e-10
5.3872495e-10
5.3822502e-10
5.3842492e-10
5.3957505e-10
5.3877497e-10
5.37625e-10
5.3775007e-10
5.4005e-10
5.3882493e-10
5.3959998e-10
5.3939991e-10
5.3957494e-10
5.3974991e-10
5.3864996e-10
5.3912497e-10
5.3780003e-10
5.3877502e-10
5.391001e-10
5.3902499e-10
5.3994997e-10
5.3730004e-10
5.3799992e-10
5.3902499e-10
5.3842497e-10
5.3970001e-10
5.3990001e-10
5.3885002e-10
5.4034993e-10
5.4169996e-10
5.3929994e-10
5.3740001e-10
5.4052496e-10
5.4019994e-10
5.3877502e-10
5.3955002e-10
5.3867499e-10
5.3924992e-10
5.4030003e-10
5.3862492e-10
5.3842497e-10
5.3839999e-10
5.3834998e-10
5.3800003e-10
5.3762494e-10
5.3867499e-10
5.37625e-10
5.3752497e-10
5.3785004e-10
5.3720001e-10
5.4112492e-10
5.3717497e-10
5.3900001e-10
5.3920002e-10
5.3952498e-10
5.3967503e-10
5.4010002e-10
5.4080002e-10
5.3957494e-10
5.4219995e-10
5.3860005e-10
5.4012494e-10
5.4104993e-10
5.4077498e-10
5.4084998e-10
5.3917509e-10
5.3987492e-10
5.40125e-10
5.3969995e-10
5.3882498e-10
5.4069998e-10
5.3847499e-10
5.3990001e-10
5.4005e-10
5.3842497e-10
5.3944993e-10
5.4014998e-10
5.4165e-10
5.4052501e-10
5.3939997e-10
5.3837501e-10
5.3782501e-10
5.3849997e-10
5.3829996e-10
5.3890004e-10
5.3970001e-10
5.3839999e-10
5.3927496e-10
5.39225e-10
5.3939991e-10
5.3895e-10
5.4075e-10
5.4035004e-10
5.3897503e-10
5.3929994e-10
5.3917498e-10
5.3990001e-10
5.4199994e-10
5.4202498e-10
5.4112498e-10
5.4049998e-10
5.4017502e-10
5.4025001e-10
5.4050003e-10
5.4069998e-10
5.3899996e-10
5.3955002e-10
5.3857496e-10
5.4112498e-10
5.4022498e-10
5.401749e-10
5.3834998e-10
5.3827498e-10
5.3877497e-10
5.3754995e-10
5.4057503e-10
5.3985e-10
5.4032495e-10
5.4037502e-10
5.4139998e-10
5.3969995e-10
5.3879995e-10
5.3967497e-10
5.3980004e-10
5.4079996e-10
5.3957494e-10
5.3885002e-10
5.3949994e-10
5.3902499e-10
5.3624999e-10
5.3802496e-10
5.3854998e-10
5.3932503e-10
5.4002502e-10
5.4012506e-10
5.4017507e-10
5.3994997e-10
5.3992488e-10
5.3837496e-10
5.3892496e-10
5.3990001e-10
5.3937499e-10
5.3975002e-10
5.3892496e-10
5.386e-10
5.3967503e-10
5.3835003e-10
5.3804999e-10
5.4005e-10
5.388e-10
5.3834998e-10
5.4027499e-10
5.39575e-10
5.3972499e-10
5.4010002e-10
5.3934995e-10
5.39225e-10
5.3897492e-10
5.3837501e-10
5.3850002e-10
5.3875004e-10
5.3960003e-10
5.38175e-10
5.386e-10
5.39225e-10
5.3837501e-10
5.3747501e-10
5.3902499e-10
5.3767496e-10
5.37975e-10
5.3787497e-10
5.3692506e-10
5.3810001e-10
5.3797494e-10
5.3747495e-10
5.3752497e-10
5.3917509e-10
5.3790006e-10
5.3767502e-10
5.3927507e-10
5.3825e-10
5.3739996e-10
5.3962496e-10
5.37275e-10
5.3845001e-10
5.3887506e-10
5.3667498e-10
5.3959998e-10
5.3729993e-10
5.3757498e-10
5.3814997e-10
5.3867494e-10
5.3840005e-10
5.4005e-10
5.3792504e-10
5.3807497e-10
5.37e-10
5.3900001e-10
5.3922494e-10
5.3932497e-10
5.3764998e-10
5.3877502e-10
5.3832494e-10
5.3940002e-10
5.3900001e-10
5.3819998e-10
5.3857502e-10
5.3777499e-10
5.3812499e-10
5.3794996e-10
5.3927501e-10
5.3852489e-10
5.3839999e-10
5.3942495e-10
5.3854998e-10
5.3767502e-10
5.3884991e-10
5.3890004e-10
5.3999993e-10
5.3927501e-10
5.3867499e-10
5.4052501e-10
5.3990001e-10
5.398999e-10
5.3985e-10
5.3904997e-10
5.3975002e-10
5.3687499e-10
5.3909999e-10
5.3869997e-10
5.3857502e-10
5.3867494e-10
5.3914995e-10
5.3797494e-10
5.3912502e-10
5.3874999e-10
5.3892502e-10
5.3805005e-10
5.3932497e-10
5.3990001e-10
5.4000004e-10
5.3910004e-10
5.3882504e-10
5.3679999e-10
5.3810001e-10
5.3707494e-10
5.3939997e-10
5.3924998e-10
5.3965005e-10
5.3772492e-10
5.3857496e-10
5.3927496e-10
5.3929994e-10
5.3732496e-10
5.4057492e-10
5.3712496e-10
5.3842497e-10
5.3787491e-10
5.3767502e-10
5.3890004e-10
5.3895e-10
5.3905003e-10
5.3975002e-10
5.3864996e-10
5.40475e-10
5.3952492e-10
5.3944998e-10
5.3992505e-10
5.3677507e-10
5.39775e-10
5.4039995e-10
5.3782495e-10
5.40125e-10
5.3929999e-10
5.3927496e-10
5.3814991e-10
5.3899996e-10
5.3800003e-10
5.3987498e-10
5.3864996e-10
5.3892507e-10
5.3960003e-10
5.3925003e-10
5.3882498e-10
5.4032506e-10
5.3929999e-10
5.4045002e-10
5.4057508e-10
5.3932497e-10
5.3957494e-10
5.4064997e-10
5.4002502e-10
5.4172505e-10
5.3867505e-10
5.3945004e-10
5.3934995e-10
5.3919996e-10
5.4000004e-10
5.3819987e-10
5.3909999e-10
5.4097493e-10
5.3810001e-10
5.3904997e-10
5.3882498e-10
5.3917498e-10
5.3802496e-10
5.3797494e-10
5.3782501e-10
5.405249e-10
5.379e-10
5.35825e-10
5.36375e-10
5.3777494e-10
5.3842503e-10
5.3574994e-10
5.36925e-10
5.38875e-10
5.3994997e-10
5.3660004e-10
5.3795002e-10
5.3724997e-10
5.3865007e-10
5.3682503e-10
5.3602495e-10
5.3742499e-10
5.3740001e-10
5.3777499e-10
5.3885002e-10
5.3709998e-10
5.3714999e-10
5.3807497e-10
5.3755e-10
5.3634996e-10
5.3682497e-10
5.3747501e-10
5.3819993e-10
5.3929999e-10
5.3799998e-10
5.3704996e-10
5.3697502e-10
5.3592503e-10
5.36725e-10
5.3702498e-10
5.3685001e-10
5.3647498e-10
5.3580002e-10
5.3674998e-10
5.3727495e-10
5.3814997e-10
5.3549998e-10
5.3647492e-10
5.3764998e-10
5.3742499e-10
5.362249e-10
5.3839999e-10
5.3634996e-10
5.3682497e-10
5.3617499e-10
5.3815008e-10
5.3749999e-10
5.3735e-10
5.3634996e-10
5.3854998e-10
5.3652494e-10
5.4027499e-10
5.3837496e-10
5.3867494e-10
5.37625e-10
5.3875004e-10
5.3589999e-10
5.3812499e-10
5.3739996e-10
5.3822496e-10
5.3860011e-10
5.3572491e-10
5.3842508e-10
5.3827504e-10
5.3825e-10
5.3812493e-10
5.3952504e-10
5.3920002e-10
5.3952504e-10
5.3862492e-10
5.3730004e-10
5.3704996e-10
5.3747506e-10
5.3939991e-10
5.3759996e-10
5.3630006e-10
5.37625e-10
5.36925e-10
5.3642502e-10
5.3527494e-10
5.3742499e-10
5.3825e-10
5.3764998e-10
5.3767502e-10
5.37e-10
5.3744992e-10
5.3690008e-10
5.3732502e-10
5.386e-10
5.3799998e-10
5.3722504e-10
5.3677496e-10
5.3764998e-10
5.3795002e-10
5.3950006e-10
5.3729993e-10
5.3797494e-10
5.3729998e-10
5.3714999e-10
5.3949994e-10
5.3897498e-10
5.3900001e-10
5.3687499e-10
5.3614996e-10
5.3777499e-10
5.3582494e-10
5.3662497e-10
5.3722504e-10
5.3722493e-10
5.3839999e-10
5.3689997e-10
5.3790006e-10
5.38525e-10
5.3679999e-10
5.3585003e-10
5.3699994e-10
5.36725e-10
5.3617505e-10
5.3630006e-10
5.38325e-10
5.37e-10
5.3967497e-10
5.3784999e-10
5.3705002e-10
5.3792504e-10
5.38875e-10
5.3777499e-10
5.3825e-10
5.3787497e-10
5.38175e-10
5.3779997e-10
5.3779997e-10
5.3812493e-10
5.3817506e-10
5.39425e-10
5.4009996e-10
5.3619997e-10
5.3627491e-10
5.3779997e-10
5.3904997e-10
5.39225e-10
5.3742499e-10
5.3742499e-10
5.3829996e-10
5.3679999e-10
5.3752497e-10
5.37625e-10
5.3787497e-10
5.3742499e-10
5.3889998e-10
5.3767496e-10
5.3975002e-10
5.391001e-10
5.39425e-10
5.4079996e-10
5.3885002e-10
5.3982507e-10
5.3764998e-10
5.3784993e-10
5.3927501e-10
5.3972504e-10
5.3959998e-10
5.3840005e-10
5.3729993e-10
5.3989996e-10
5.3792498e-10
5.3914995e-10
5.3825e-10
5.39225e-10
5.3922505e-10
5.3992494e-10
5.3970001e-10
5.3902505e-10
5.3905003e-10
5.387249e-10
5.3760002e-10
5.4072502e-10
5.3952498e-10
5.3872501e-10
5.3865001e-10
5.4022498e-10
5.3802496e-10
5.3987498e-10
5.384751e-10
5.38525e-10
5.3904997e-10
5.3907501e-10
5.3862498e-10
5.3985005e-10
5.3794996e-10
5.3905003e-10
5.3917504e-10
5.3744997e-10
5.3679999e-10
5.3760008e-10
5.3709998e-10
5.37075e-10
5.3837501e-10
5.3662502e-10
5.37625e-10
5.3860005e-10
5.3784999e-10
5.3797505e-10
5.3727495e-10
5.3727495e-10
5.3912502e-10
5.386e-10
5.3797505e-10
5.3737498e-10
5.3749999e-10
5.3774996e-10
5.3674998e-10
5.3832494e-10
5.3717497e-10
5.38175e-10
5.3687499e-10
5.3842503e-10
5.3715005e-10
5.3834998e-10
5.380249e-10
5.3877497e-10
5.3800003e-10
5.3839999e-10
5.3874999e-10
5.4000004e-10
5.4012494e-10
5.38525e-10
5.3902494e-10
5.3710003e-10
5.3599991e-10
5.3800003e-10
5.3745003e-10
5.3685001e-10
5.3560006e-10
5.3604998e-10
5.3679988e-10
5.3710003e-10
5.3682503e-10
5.3779997e-10
5.3834998e-10
5.3834998e-10
5.3777499e-10
5.3725002e-10
5.3752497e-10
5.3712496e-10
5.3767496e-10
5.3845001e-10
5.3782495e-10
5.3787497e-10
5.3742499e-10
5.3835003e-10
5.3867494e-10
5.3905003e-10
5.3787508e-10
5.3735e-10
5.3902499e-10
5.377e-10
5.3652499e-10
5.3887494e-10
5.3750004e-10
5.3962501e-10
5.395e-10
5.3942506e-10
5.3779997e-10
5.3887494e-10
5.39575e-10
5.3997501e-10
5.3737492e-10
5.37975e-10
5.3642502e-10
5.3872501e-10
5.3649996e-10
5.3789995e-10
5.3847499e-10
5.3667504e-10
5.3639992e-10
5.3735005e-10
5.3877502e-10
5.3857496e-10
5.3757504e-10
5.4002491e-10
5.3737492e-10
5.3757504e-10
5.38325e-10
5.3987498e-10
5.3972504e-10
5.3777505e-10
5.3837501e-10
5.3847499e-10
5.4057503e-10
5.3892496e-10
5.3874999e-10
5.3630006e-10
5.36925e-10
5.3822491e-10
5.3774996e-10
5.37625e-10
5.3820004e-10
5.3627497e-10
5.3679999e-10
5.3842503e-10
5.3944998e-10
5.3800003e-10
5.3762494e-10
5.3787502e-10
5.3882493e-10
5.3874999e-10
5.3779997e-10
5.3847493e-10
5.3812504e-10
5.3927501e-10
5.3789995e-10
5.3837501e-10
5.3734994e-10
5.3775001e-10
5.3815002e-10
5.4030003e-10
5.3682503e-10
5.3837496e-10
5.3882493e-10
5.3757493e-10
5.3705002e-10
5.3619997e-10
5.3872495e-10
5.3577498e-10
5.3735e-10
5.3572502e-10
5.3454996e-10
5.3612498e-10
5.3634991e-10
5.3717503e-10
5.3572502e-10
5.36925e-10
5.3712496e-10
5.3622501e-10
5.3639992e-10
5.3652494e-10
5.3592497e-10
5.3717492e-10
5.3747501e-10
5.3682503e-10
5.3594995e-10
5.3587501e-10
5.3542487e-10
5.3639998e-10
5.3649996e-10
5.361e-10
5.3489996e-10
5.3780008e-10
5.3494997e-10
5.3545007e-10
5.3702504e-10
5.3782501e-10
5.3665e-10
5.3690002e-10
5.3667498e-10
5.3717503e-10
5.3784993e-10
5.3740001e-10
5.3714994e-10
5.3680005e-10
5.3724997e-10
5.3672505e-10
5.3622495e-10
5.3647503e-10
5.3820004e-10
5.37e-10
5.3667498e-10
5.3875004e-10
5.3817506e-10
5.3912497e-10
5.3714999e-10
5.3827492e-10
5.3909999e-10
5.3757498e-10
5.3964999e-10
5.37625e-10
5.38325e-10
5.3764992e-10
5.3764998e-10
5.3582494e-10
5.3837501e-10
5.3707494e-10
5.3800003e-10
5.3822502e-10
5.3730004e-10
5.3632498e-10
5.3702498e-10
5.3820004e-10
5.3697502e-10
5.3924992e-10
5.3747501e-10
5.3629995e-10
5.3735005e-10
5.3632498e-10
5.3872495e-10
5.3845001e-10
5.3917504e-10
5.3937499e-10
5.3867499e-10
5.3804999e-10
5.3862509e-10
5.3750004e-10
5.3690008e-10
5.3817506e-10
5.388e-10
5.3800003e-10
5.3640004e-10
5.3874993e-10
5.3654992e-10
5.3624999e-10
5.3787497e-10
5.3740001e-10
5.3842497e-10
5.3717497e-10
5.3714999e-10
5.3629995e-10
5.3854998e-10
5.3554999e-10
5.3792498e-10
5.3692495e-10
5.3492499e-10
5.3727495e-10
5.3587507e-10
5.3869997e-10
5.3665e-10
5.3767502e-10
5.3569993e-10
5.3649996e-10
5.35825e-10
5.3702498e-10
5.3567495e-10
5.3582494e-10
5.3737503e-10
5.3497506e-10
5.3652499e-10
5.3410004e-10
5.3637494e-10
5.3460003e-10
5.3634996e-10
5.3580002e-10
5.35125e-10
5.3497495e-10
5.3649996e-10
5.3679999e-10
5.3462501e-10
5.3554994e-10
5.36025e-10
5.3639998e-10
5.3599991e-10
5.3697496e-10
5.3505e-10
5.3665e-10
5.3727511e-10
5.3677501e-10
5.3630006e-10
5.3634996e-10
5.3634996e-10
5.3675003e-10
5.3622501e-10
5.3677507e-10
5.377e-10
5.3545002e-10
5.3570004e-10
5.3552507e-10
5.3497506e-10
5.3604993e-10
5.3520005e-10
5.3645005e-10
5.3757504e-10
5.3692495e-10
5.3757498e-10
5.3690002e-10
5.3619997e-10
5.3819993e-10
5.3834998e-10
5.3729993e-10
5.3670002e-10
5.3747501e-10
5.3755e-10
5.3764998e-10
5.3832494e-10
5.4027505e-10
5.4060001e-10
5.3789995e-10
5.4009996e-10
5.3745003e-10
5.3995003e-10
5.3934995e-10
5.3797505e-10
5.3972499e-10
5.3877502e-10
5.3802501e-10
5.3757498e-10
5.3877497e-10
5.3822502e-10
5.3854998e-10
5.3900001e-10
5.3864996e-10
5.3767496e-10
5.4015009e-10
5.367749e-10
5.3772498e-10
5.3825e-10
5.3789995e-10
5.3725002e-10
5.3827504e-10
5.3849997e-10
5.3915e-10
5.3849997e-10
5.3687499e-10
5.3679999e-10
5.3730004e-10
5.3794991e-10
5.3795002e-10
5.3799992e-10
5.3919996e-10
5.3854998e-10
5.3879989e-10
5.3957505e-10
5.3732502e-10
5.3702498e-10
5.3624999e-10
5.4084998e-10
5.3737503e-10
5.361e-10
5.3589999e-10
5.3810001e-10
5.3900001e-10
5.3774996e-10
5.39425e-10
5.3794996e-10
5.3839999e-10
5.361e-10
5.3757493e-10
5.3842503e-10
5.3797505e-10
5.3847499e-10
5.3922505e-10
5.3860005e-10
5.3915e-10
5.3712501e-10
5.3807497e-10
5.37975e-10
5.3944998e-10
5.3759996e-10
5.3875004e-10
5.3867499e-10
5.3755e-10
5.3722499e-10
5.3715005e-10
5.3749999e-10
5.37075e-10
5.3774996e-10
5.3589999e-10
5.3669991e-10
5.37075e-10
5.3522503e-10
5.3717492e-10
5.3752502e-10
5.3814997e-10
5.3667493e-10
5.3775001e-10
5.3842508e-10
5.3784999e-10
5.3889998e-10
5.3629995e-10
5.3802496e-10
5.3692495e-10
5.3772498e-10
5.3880006e-10
5.3860005e-10
5.3740001e-10
5.3807503e-10
5.3759996e-10
5.39225e-10
5.3694993e-10
5.3672494e-10
5.38875e-10
5.3924998e-10
5.3830002e-10
5.3942495e-10
5.411e-10
5.3852495e-10
5.3797494e-10
5.3852495e-10
5.3994997e-10
5.3877491e-10
5.38525e-10
5.3862498e-10
5.377e-10
5.3947502e-10
5.3895e-10
5.396249e-10
5.3937504e-10
5.38525e-10
5.3902505e-10
5.3795002e-10
5.3692495e-10
5.3684995e-10
5.3745003e-10
5.3740001e-10
5.3689997e-10
5.38525e-10
5.3905003e-10
5.36925e-10
5.3787502e-10
5.3732496e-10
5.3687504e-10
5.3545002e-10
5.3720001e-10
5.3655003e-10
5.3677507e-10
5.3647492e-10
5.3757498e-10
5.3747495e-10
5.3722504e-10
5.3730004e-10
5.3804994e-10
5.3812499e-10
5.3757498e-10
5.3702498e-10
5.3810001e-10
5.3692495e-10
5.3822496e-10
5.3782495e-10
5.3902505e-10
5.3749999e-10
5.3799998e-10
5.3842497e-10
5.3764998e-10
5.3822502e-10
5.3617505e-10
5.3647498e-10
5.3534999e-10
5.3687499e-10
5.3740001e-10
5.3694998e-10
5.3597493e-10
5.3559995e-10
5.3659999e-10
5.3745003e-10
5.37075e-10
5.3744997e-10
5.3497495e-10
5.363e-10
5.3412497e-10
5.3624999e-10
5.3775007e-10
5.3729993e-10
5.3702498e-10
5.3729998e-10
5.3657495e-10
5.3802496e-10
5.3717497e-10
5.3705002e-10
5.3697496e-10
5.3740001e-10
5.3624999e-10
5.3939997e-10
5.3665e-10
5.3807503e-10
5.3757498e-10
5.3607502e-10
5.3755e-10
5.3740001e-10
5.3914995e-10
5.36925e-10
5.3602506e-10
5.3862503e-10
5.3782506e-10
5.38325e-10
5.3895e-10
5.37275e-10
5.3965005e-10
5.3847504e-10
5.38175e-10
5.3842497e-10
5.3855004e-10
5.3867494e-10
5.38875e-10
5.3952504e-10
5.3944993e-10
5.37975e-10
5.4002497e-10
5.3730004e-10
5.3882504e-10
5.4007498e-10
5.40125e-10
5.3832505e-10
5.3887494e-10
5.3812499e-10
5.3955002e-10
5.3722499e-10
5.3789995e-10
5.3694998e-10
5.3734994e-10
5.3677496e-10
5.3784999e-10
5.3617499e-10
5.3702504e-10
5.3875004e-10
5.3689997e-10
5.3902499e-10
5.3660004e-10
5.3637494e-10
5.3487503e-10
5.3554999e-10
5.3637506e-10
5.3690008e-10
5.3632498e-10
5.3549987e-10
5.37275e-10
5.3760002e-10
5.3717503e-10
5.3675003e-10
5.3799992e-10
5.3782501e-10
5.3774996e-10
5.3729993e-10
5.3810006e-10
5.3734994e-10
5.3670002e-10
5.3510002e-10
5.3627497e-10
5.3557497e-10
5.3629995e-10
5.3639998e-10
5.3514998e-10
5.3645005e-10
5.3517496e-10
5.36375e-10
5.3604998e-10
5.3714994e-10
5.3740001e-10
5.3600002e-10
5.3557503e-10
5.3709998e-10
5.3599997e-10
5.36925e-10
5.3647503e-10
5.3425003e-10
5.3575e-10
5.3492499e-10
5.3657501e-10
5.3595001e-10
5.3557497e-10
5.3569998e-10
5.3845001e-10
5.3747501e-10
5.3595012e-10
5.3454996e-10
5.3572502e-10
5.3717503e-10
5.3727489e-10
5.3669996e-10
5.3544996e-10
5.3849997e-10
5.3960003e-10
5.3777499e-10
5.3814997e-10
5.377e-10
5.3495003e-10
5.3624999e-10
5.3545002e-10
5.3642502e-10
5.3582494e-10
5.3572502e-10
5.3507498e-10
5.3934995e-10
5.3659999e-10
5.3659999e-10
5.383749e-10
5.3655003e-10
5.3665e-10
5.37625e-10
5.35125e-10
5.3542498e-10
5.3607502e-10
5.3595006e-10
5.3589994e-10
5.3429999e-10
5.3522498e-10
5.3365007e-10
5.3519994e-10
5.35825e-10
5.3477495e-10
5.35125e-10
5.3789995e-10
5.3534999e-10
5.3649996e-10
5.3485e-10
5.3572502e-10
5.3422494e-10
5.3679994e-10
5.3615001e-10
5.3599991e-10
5.3510002e-10
5.3690002e-10
5.3467497e-10
5.363e-10
5.3329996e-10
5.3687499e-10
5.345e-10
5.3577498e-10
5.3597504e-10
5.3679999e-10
5.3432492e-10
5.35675e-10
5.3535004e-10
5.3634996e-10
5.35475e-10
5.3652494e-10
5.3644994e-10
5.3645e-10
5.3467497e-10
5.3577498e-10
5.3617494e-10
5.3599997e-10
5.3567489e-10
5.3584998e-10
5.3389992e-10
5.3487498e-10
5.3362492e-10
5.3339994e-10
5.3600002e-10
5.3624999e-10
5.3637494e-10
5.3474997e-10
5.3232502e-10
5.3479998e-10
5.3487498e-10
5.3630006e-10
5.3544991e-10
5.3545002e-10
5.3487503e-10
5.3544996e-10
5.3627497e-10
5.3784993e-10
5.3692495e-10
5.3835003e-10
5.3712501e-10
5.3734994e-10
5.3727489e-10
5.3679994e-10
5.3885002e-10
5.3757493e-10
5.3572502e-10
5.3662502e-10
5.38325e-10
5.3627508e-10
5.3640004e-10
5.3687499e-10
5.3792504e-10
5.3580002e-10
5.3555005e-10
5.3637494e-10
5.3639998e-10
5.3645e-10
5.3629995e-10
5.3787497e-10
5.3597499e-10
5.3597499e-10
5.377e-10
5.3555005e-10
5.3467497e-10
5.3615007e-10
5.3784999e-10
5.3745003e-10
5.3570004e-10
5.3682503e-10
5.3682503e-10
5.3579996e-10
5.3612498e-10
5.3724997e-10
5.3594995e-10
5.3655003e-10
5.3662497e-10
5.3494992e-10
5.3612498e-10
5.3760002e-10
5.3612509e-10
5.3592492e-10
5.3604998e-10
5.3749999e-10
5.3462501e-10
5.3779992e-10
5.3659993e-10
5.3527505e-10
5.3429994e-10
5.3532495e-10
5.3592497e-10
5.3572502e-10
5.3584998e-10
5.3485005e-10
5.3749999e-10
5.36925e-10
5.3672494e-10
5.3534993e-10
5.3404997e-10
5.3447496e-10
5.3517496e-10
5.3499993e-10
5.3577498e-10
5.3522503e-10
5.3614996e-10
5.3502502e-10
5.3472499e-10
5.3470001e-10
5.3542493e-10
5.3429999e-10
5.3652494e-10
5.3512494e-10
5.3577504e-10
5.3479993e-10
5.3662502e-10
5.3512506e-10
5.3352506e-10
5.3567495e-10
5.3627502e-10
5.3429999e-10
5.3845001e-10
5.3439991e-10
5.3534999e-10
5.3390004e-10
5.3510002e-10
5.3467497e-10
5.3509996e-10
5.3542498e-10
5.3372495e-10
5.3659993e-10
5.3549998e-10
5.3282495e-10
5.3500004e-10
5.3462501e-10
5.3487503e-10
5.3482496e-10
5.3577498e-10
5.3352495e-10
5.3485e-10
5.3332494e-10
5.3402499e-10
5.3439997e-10
5.3297505e-10
5.3539995e-10
5.3652494e-10
5.3342497e-10
5.336e-10
5.3272498e-10
5.3544996e-10
5.33175e-10
5.3084998e-10
5.3280003e-10
5.3244992e-10
5.3310001e-10
5.32275e-10
5.3167498e-10
5.3432497e-10
5.354e-10
5.32e-10
5.3287497e-10
5.3062499e-10
5.3557508e-10
5.345e-10
5.3402499e-10
5.3427507e-10
5.3479998e-10
5.3489996e-10
5.345e-10
5.3372495e-10
5.3527499e-10
5.3577498e-10
5.3650001e-10
5.37e-10
5.35825e-10
5.3637506e-10
5.3335003e-10
5.3447496e-10
5.3804988e-10
5.3554999e-10
5.35475e-10
5.3587501e-10
5.36025e-10
5.3707505e-10
5.3649996e-10
5.3682503e-10
5.3572508e-10
5.37e-10
5.3782501e-10
5.3689997e-10
5.3742505e-10
5.3794996e-10
5.3797505e-10
5.3767502e-10
5.3685001e-10
5.3704996e-10
5.3617499e-10
5.3737503e-10
5.3485005e-10
5.3412502e-10
5.3582505e-10
5.3595001e-10
5.3597504e-10
5.3620003e-10
5.3420002e-10
5.3627497e-10
5.3659993e-10
5.3390004e-10
5.3452498e-10
5.3592503e-10
5.3402505e-10
5.32975e-10
5.3552496e-10
5.3444998e-10
5.3659999e-10
5.3712496e-10
5.3599997e-10
5.3642496e-10
5.3497495e-10
5.3677501e-10
5.3595001e-10
5.3490001e-10
5.3477506e-10
5.3659999e-10
5.3575006e-10
5.3452498e-10
5.37e-10
5.3537502e-10
5.3595001e-10
5.3447496e-10
5.3435001e-10
5.3539995e-10
5.3565002e-10
5.3572496e-10
5.3544996e-10
5.35125e-10
5.3645e-10
5.3470001e-10
5.3407501e-10
5.3619997e-10
5.3567495e-10
5.3605009e-10
5.3479998e-10
5.3537497e-10
5.345e-10
5.3432492e-10
5.3532501e-10
5.3679994e-10
5.3410004e-10
5.3440002e-10
5.3479998e-10
5.3515004e-10
5.3512494e-10
5.3477506e-10
5.3629995e-10
5.3687499e-10
5.3339999e-10
5.3595001e-10
5.3517502e-10
5.3534999e-10
5.3507498e-10
5.3572502e-10
5.3367499e-10
5.3257504e-10
5.3585003e-10
5.3627502e-10
5.3572496e-10
5.3624999e-10
5.3794996e-10
5.3782506e-10
5.3634996e-10
5.3784999e-10
5.3532501e-10
5.3695004e-10
5.377e-10
5.3580002e-10
5.3562493e-10
5.3595001e-10
5.3790006e-10
5.3627508e-10
5.3685006e-10
5.3705007e-10
5.3662502e-10
5.3882504e-10
5.3792493e-10
5.3752502e-10
5.3629995e-10
5.3727495e-10
5.3784999e-10
5.3655008e-10
5.3755e-10
5.3859994e-10
5.3740001e-10
5.3739996e-10
5.3764998e-10
5.3669996e-10
5.3684995e-10
5.3779997e-10
5.3769994e-10
5.3682503e-10
5.3639998e-10
5.3575e-10
5.3874993e-10
5.3522498e-10
5.3554994e-10
5.3822496e-10
5.3759996e-10
5.35125e-10
5.3665e-10
5.3604998e-10
5.3589999e-10
5.3744997e-10
5.37275e-10
5.3595001e-10
5.3637506e-10
5.36375e-10
5.3665e-10
5.3740001e-10
5.3737498e-10
5.3849997e-10
5.3677496e-10
5.3729998e-10
5.36925e-10
5.3837501e-10
5.3607502e-10
5.3810001e-10
5.3534999e-10
5.3754995e-10
5.3874993e-10
5.3614996e-10
5.3692495e-10
5.3717497e-10
5.3717497e-10
5.3664995e-10
5.3614996e-10
5.3679999e-10
5.3652494e-10
5.36375e-10
5.3554999e-10
5.3492499e-10
5.3492505e-10
5.3415e-10
5.3469995e-10
5.3502491e-10
5.3329996e-10
5.3517502e-10
5.3667498e-10
5.3740001e-10
5.3567506e-10
5.3487503e-10
5.3422494e-10
5.3549998e-10
5.36925e-10
5.3605004e-10
5.3514992e-10
5.3472499e-10
5.3404997e-10
5.3427501e-10
5.3504989e-10
5.3435001e-10
5.3424998e-10
5.3327504e-10
5.3585003e-10
5.3530003e-10
5.3302501e-10
5.338e-10
5.3377502e-10
5.3592497e-10
5.3502497e-10
5.3752497e-10
5.3472499e-10
5.3330007e-10
5.34425e-10
5.3377502e-10
5.3522498e-10
5.3400001e-10
5.33525e-10
5.3629995e-10
5.345e-10
5.352e-10
5.3522498e-10
5.3574994e-10
5.3435001e-10
5.3467503e-10
5.3647492e-10
5.3517507e-10
5.3672494e-10
5.3720001e-10
5.3554994e-10
5.3715005e-10
5.3667504e-10
5.3580002e-10
5.3570004e-10
5.3732502e-10
5.3637494e-10
5.3697502e-10
5.3522498e-10
5.3640004e-10
5.3787502e-10
5.3522498e-10
5.3522498e-10
5.3767496e-10
5.368499e-10
5.354e-10
5.34775e-10
5.3402499e-10
5.3777505e-10
5.3627497e-10
5.3405003e-10
5.3652494e-10
5.3552507e-10
5.3389998e-10
5.3644994e-10
5.3642507e-10
5.3652505e-10
5.3604998e-10
5.3679994e-10
5.3514992e-10
5.3665006e-10
5.3639998e-10
5.3574994e-10
5.3559995e-10
5.3389998e-10
5.3547494e-10
5.3532501e-10
5.3597499e-10
5.3572502e-10
5.3645e-10
5.3727506e-10
5.3645e-10
5.3810006e-10
5.3607502e-10
5.3417504e-10
5.3652499e-10
5.3505e-10
5.3567495e-10
5.3622501e-10
5.3800003e-10
5.3674998e-10
5.3694998e-10
5.3534993e-10
5.35125e-10
5.3524996e-10
5.3584998e-10
5.3567495e-10
5.361e-10
5.3722504e-10
5.3627497e-10
5.3580002e-10
5.36375e-10
5.3527499e-10
5.3690002e-10
5.3544996e-10
5.3670002e-10
5.361e-10
5.3607502e-10
5.3580007e-10
5.3532501e-10
5.3534999e-10
5.3564997e-10
5.3637506e-10
5.3567495e-10
5.3432503e-10
5.3499999e-10
5.3560006e-10
5.3582494e-10
5.3580002e-10
5.3587507e-10
5.3614996e-10
5.3522498e-10
5.3657506e-10
5.3494997e-10
5.3527499e-10
5.3587501e-10
5.3549998e-10
5.3717497e-10
5.3652499e-10
5.3575e-10
5.3422505e-10
5.3482496e-10
5.3570004e-10
5.3589999e-10
5.34575e-10
5.3454996e-10
5.3482496e-10
5.3604998e-10
5.3502491e-10
5.3522492e-10
5.3505e-10
5.3570004e-10
5.3592503e-10
5.3542504e-10
5.3554999e-10
5.3564997e-10
5.3550003e-10
5.3572502e-10
5.3717497e-10
5.3615001e-10
5.3482496e-10
5.35475e-10
5.3710003e-10
5.3754989e-10
5.3540006e-10
5.3499993e-10
5.3527505e-10
5.3592497e-10
5.3634996e-10
5.3674998e-10
5.3687488e-10
5.3600002e-10
5.3554999e-10
5.3474991e-10
5.34775e-10
5.3634996e-10
5.3635002e-10
5.3582494e-10
5.3467503e-10
5.3674998e-10
5.3405003e-10
5.3454996e-10
5.3440002e-10
5.3572496e-10
5.3707505e-10
5.3552496e-10
5.3652505e-10
5.3535004e-10
5.3757498e-10
5.3557497e-10
5.3685001e-10
5.3692495e-10
5.3612498e-10
5.3730004e-10
5.354e-10
5.3560001e-10
5.3597504e-10
5.3730004e-10
5.3585003e-10
5.3640004e-10
5.3555005e-10
5.3585003e-10
5.3532501e-10
5.3567495e-10
5.3439991e-10
5.3474997e-10
5.3637506e-10
5.3552496e-10
5.34775e-10
5.3537491e-10
5.3410004e-10
5.3567506e-10
5.3397498e-10
5.3514998e-10
5.338e-10
5.33525e-10
5.3412497e-10
5.3280003e-10
5.3237498e-10
5.3502497e-10
5.3339994e-10
5.3524996e-10
5.3315002e-10
5.3519994e-10
5.3592503e-10
5.3422505e-10
5.3507498e-10
5.4117494e-10
5.3722493e-10
5.3427501e-10
5.3509991e-10
5.3545002e-10
5.3529997e-10
5.3497495e-10
5.3427507e-10
5.3350008e-10
5.3362498e-10
5.3552496e-10
5.3572496e-10
5.3412502e-10
5.3357496e-10
5.3370003e-10
5.3485e-10
5.3282495e-10
5.3517496e-10
5.3655003e-10
5.3477506e-10
5.3497501e-10
5.3499993e-10
5.3589999e-10
5.3559995e-10
5.3574994e-10
5.36725e-10
5.3634996e-10
5.3577498e-10
5.36025e-10
5.3487498e-10
5.3464999e-10
5.3657501e-10
5.3715005e-10
5.3470001e-10
5.3510002e-10
5.3462501e-10
5.3442495e-10
5.353249e-10
5.3675003e-10
5.3687499e-10
5.3437499e-10
5.34775e-10
5.3505006e-10
5.3402505e-10
5.3275001e-10
5.3414995e-10
5.3530003e-10
5.3464999e-10
5.3494997e-10
5.3424998e-10
5.33875e-10
5.3452498e-10
5.3337496e-10
5.3217503e-10
5.342749e-10
5.3395e-10
5.3342492e-10
5.3444998e-10
5.3457505e-10
5.3492505e-10
5.3640004e-10
5.3445004e-10
5.3482502e-10
5.3479998e-10
5.3367505e-10
5.3429999e-10
5.3507498e-10
5.3327498e-10
5.3444998e-10
5.3487498e-10
5.3505e-10
5.3337496e-10
5.3487503e-10
5.3267502e-10
5.3497495e-10
5.3422505e-10
5.3432503e-10
5.3397498e-10
5.3244997e-10
5.3299998e-10
5.3414995e-10
5.3452498e-10
5.3230004e-10
5.3432503e-10
5.3492499e-10
5.3637506e-10
