1.3918832e-12
5.7864819e-13
-3.5076355e-13
-1.7158374e-12
8.9813351e-13
2.6988689e-12
-9.6069019e-13
1.9146781e-12
5.1385745e-12
2.8150455e-12
1.7694571e-12
3.4830602e-12
-1.7448815e-12
-2.3458717e-13
9.2717771e-13
4.3253396e-12
1.4499718e-12
3.4540159e-12
2.6809643e-14
2.8820709e-13
9.8526558e-13
-6.4120481e-13
2.6698246e-12
-1.0187783e-12
9.5622176e-13
-8.7355801e-13
7.2386861e-13
-6.9929289e-13
2.524604e-12
-1.0478227e-12
4.209163e-12
1.1595305e-12
2.5246042e-12
2.8820688e-13
4.0438348e-13
3.2797513e-12
3.8896776e-12
-1.1841079e-13
1.1885745e-12
1.246663e-12
-2.234182e-15
1.3918837e-12
-2.4128956e-12
2.5826923e-12
2.3503395e-12
2.6698246e-12
2.5536483e-12
-1.2220874e-12
5.5854118e-14
-1.6577489e-12
-1.4544402e-12
1.5661483e-12
-2.0643667e-12
3.9477662e-12
-1.3382636e-12
2.8150455e-12
4.334273e-13
-2.9356897e-12
-2.0554291e-13
-1.1639989e-12
-7.283378e-13
8.6908947e-13
-1.4253957e-12
-2.63631e-13
1.9437217e-12
5.786484e-13
2.0598983e-12
1.0143101e-12
-1.1059108e-12
3.8896776e-12
-1.4745483e-13
-1.193043e-12
2.2632072e-12
-9.0260205e-13
-1.9481901e-12
-2.7323805e-12
2.680986e-14
2.6117366e-12
2.3011879e-13
4.7900455e-12
-2.9937782e-12
4.9062221e-12
1.0143098e-12
2.2341629e-12
3.3378393e-12
1.2757071e-12
-2.7033369e-12
1.1595305e-12
7.5291287e-13
3.7533944e-13
-1.3963521e-12
1.5661481e-12
-1.8610575e-12
2.9602657e-12
-1.2220874e-12
1.3337954e-12
1.8565895e-12
-1.3673076e-12
2.4084276e-12
-9.8973466e-13
9.8526558e-13
7.5291287e-13
-4.0885207e-13
1.5080597e-12
5.4960414e-13
3.4629518e-13
2.2051187e-12
4.6247159e-13
-9.0260205e-13
3.9477662e-12
5.2055967e-13
4.5576923e-12
-6.4120481e-13
2.7569572e-12
-1.3673081e-12
1.3337952e-12
-8.1546949e-13
-3.7489248e-12
1.1595307e-12
-2.0554291e-13
4.0058542e-12
2.4665157e-12
2.524604e-12
8.4004521e-13
2.2051189e-12
3.8025455e-12
9.2717771e-13
1.8856336e-12
-4.0885207e-13
-1.7649887e-13
4.3834276e-12
6.3673627e-13
1.8565895e-12
1.8275455e-12
9.2717771e-13
1.7404128e-12
2.5826923e-12
3.744457e-12
-2.9066456e-12
2.6117363e-12
-2.9267525e-13
3.9768098e-12
1.1595305e-12
4.9352657e-12
2.7569572e-12
-3.8941454e-12
1.8856336e-12
-1.4745483e-13
3.1725114e-13
1.4298624e-13
7.8195691e-13
1.0433539e-12
1.1394241e-13
7.8195713e-13
2.9893102e-12
2.1760744e-12
-7.2833693e-13
3.5121038e-12
8.9813329e-13
1.7113688e-12
-3.127844e-14
1.7113687e-12
-1.5996608e-12
3.3959279e-12
5.5853901e-14
2.7279132e-12
-1.6577489e-12
2.5826923e-12
1.3628392e-12
4.4705598e-12
5.2837955e-12
-2.3458717e-13
9.8526558e-13
-9.0260205e-13
2.2341629e-12
1.0433539e-12
1.7404128e-12
-3.9522344e-12
1.7113688e-12
1.4790158e-12
1.5371039e-12
1.0143098e-12
-3.9231899e-12
1.9146776e-12
-3.1680433e-12
1.246663e-12
-2.9267525e-13
1.4790158e-12
5.4960414e-13
-6.7024885e-13
-2.63631e-13
3.5411485e-12
-3.4584837e-12
-5.8311673e-13
-6.9929289e-13
1.0723979e-12
-7.8642545e-13
1.0723981e-12
6.4165162e-12
-1.7739255e-12
3.8606332e-12
-2.6742929e-12
4.3834276e-12
-2.1805433e-12
3.6573244e-12
-1.0187783e-12
4.238207e-12
4.1510749e-12
1.3337954e-12
2.9312219e-12
-2.1805424e-12
2.2051191e-12
1.0143098e-12
-1.3382636e-12
7.5291287e-13
1.4790158e-12
4.0929868e-12
-1.2220874e-12
-3.217193e-13
-3.5076355e-13
-1.8029696e-12
2.3503395e-12
8.6908947e-13
-2.63631e-13
-2.234182e-15
-2.63631e-13
-4.2717193e-12
2.0889423e-12
4.6448245e-12
-7.8642502e-13
-3.7980803e-13
2.0598983e-12
-1.5996608e-12
4.0438348e-13
1.7985011e-12
-3.7980759e-13
-2.3838524e-12
2.2051187e-12
2.1760746e-12
-1.2511315e-12
-1.6287049e-12
9.2717728e-13
3.7533922e-13
1.3918835e-12
-1.193043e-12
1.0723981e-12
5.2055967e-13
-1.3673076e-12
-3.4875282e-12
6.6198245e-12
-1.4834847e-12
-2.9647337e-12
3.6282808e-12
-1.9191456e-12
1.8565895e-12
1.1304862e-12
1.188575e-12
-1.1841079e-13
5.205601e-13
-3.2171951e-13
1.6823245e-12
-3.6617931e-12
-1.5996608e-12
-1.3963521e-12
-1.1059108e-12
3.7154125e-12
-1.6867934e-12
1.50806e-12
2.524604e-12
-9.3164571e-13
3.7533944e-13
1.0433539e-12
-2.3458717e-13
1.5080598e-12
-4.0885207e-13
1.0723979e-12
-1.4544406e-12
-1.3963517e-12
1.1394241e-13
3.1725092e-13
1.3337952e-12
2.5246044e-12
1.3628394e-12
-1.1059108e-12
8.1100117e-13
7.8195713e-13
-2.9937782e-12
-2.0353226e-12
-1.890102e-12
-2.3458717e-13
-3.2171951e-13
4.9643098e-12
-4.475028e-12
3.6282808e-12
5.5854118e-14
1.246663e-12
2.0107475e-13
-3.4294401e-12
-1.6287053e-12
-1.6867934e-12
3.1725114e-13
-1.8901024e-12
4.1220308e-12
-4.3878954e-12
7.5291287e-13
-4.6694013e-13
-7.5738141e-13
5.5854118e-14
-1.8029696e-12
1.8856336e-12
-1.7649887e-13
-1.1349549e-12
5.6613694e-12
-8.1546949e-13
1.8565895e-12
-5.8311673e-13
2.3793838e-12
2.7860015e-12
-9.6069019e-13
-1.4745483e-13
1.246663e-12
-1.7739255e-12
-7.5738097e-13
1.1304862e-12
8.4004521e-13
9.2717771e-13
1.2176186e-12
1.5661483e-12
-1.2511315e-12
-1.0768668e-12
-7.283378e-13
-3.0228227e-12
6.0769244e-13
-2.234182e-15
-4.0885207e-13
1.4209277e-12
-2.6452488e-12
2.5916262e-13
-2.0643667e-12
-1.2220879e-12
2.8820688e-13
-8.4451397e-13
2.2632072e-12
-7.5738097e-13
-2.0353226e-12
2.2341629e-12
-1.7739255e-12
3.1345306e-12
-1.0187783e-12
1.2757071e-12
-7.2833693e-13
1.5661483e-12
-1.7448815e-12
7.5291287e-13
2.3212953e-12
-1.2801755e-12
-5.5407225e-13
2.2341629e-12
-2.2967195e-12
1.1304864e-12
1.8856336e-12
-1.3092196e-12
-3.6037044e-12
-7.5738097e-13
7.5291287e-13
-1.6287049e-12
3.1725092e-13
4.9151584e-13
-1.3382632e-12
2.6117363e-12
-1.7649887e-13
1.0433539e-12
-3.7980759e-13
1.4499718e-12
-5.6658367e-12
1.7404128e-12
7.8195691e-13
-4.3789568e-13
-5.1720867e-12
-1.7739255e-12
1.246663e-12
1.2757069e-12
-8.1546949e-13
-4.0885207e-13
6.9482457e-13
-2.0554291e-13
1.50806e-12
3.1054866e-12
-4.3789611e-13
-5.8311673e-13
-2.4709846e-12
3.9768098e-12
-1.8610575e-12
2.5536483e-12
5.5854118e-14
1.7985013e-12
4.624718e-13
4.3342773e-13
-7.2833693e-13
-2.0353226e-12
1.3047511e-12
-3.2842195e-12
1.9146781e-12
1.7203028e-13
4.1220308e-12
2.8150455e-12
-9.3164571e-13
-8.7355757e-13
-9.0260205e-13
3.1345308e-12
2.3011879e-13
1.6823245e-12
6.3673649e-13
2.5826925e-12
1.5371042e-12
2.7279132e-12
3.5701923e-12
1.7694573e-12
-1.6867925e-12
-4.9598417e-13
-2.761425e-12
1.4298645e-13
1.1394241e-13
-4.6694013e-13
2.3503395e-12
1.3047511e-12
-1.6577489e-12
1.9437221e-12
-6.9929289e-13
2.6117368e-12
1.9437221e-12
2.2051187e-12
-1.1930434e-12
-1.9191456e-12
-1.3382636e-12
9.2717771e-13
8.1100117e-13
1.1014424e-12
-7.5738097e-13
8.4004521e-13
8.4004521e-13
2.6117363e-12
-4.6202486e-12
4.2091634e-12
-4.6492931e-12
5.3128391e-12
-2.0643667e-12
1.6532806e-12
1.0143098e-12
5.5854118e-14
3.1725114e-13
8.4004499e-13
-4.8235574e-12
1.9727657e-12
4.624718e-13
4.0929868e-12
-3.7980759e-13
-1.4834847e-12
4.238207e-12
-1.1059108e-12
-2.3458717e-13
1.7203071e-13
-1.6287049e-12
2.49556e-12
-2.4128956e-12
1.6823247e-12
3.1725114e-13
-1.9772346e-12
-5.0849542e-12
5.5853901e-14
-3.1278223e-14
3.3668836e-12
-1.7448815e-12
-1.4745483e-13
8.6908969e-13
1.7203071e-13
-1.1841057e-13
-1.2801759e-12
-3.6037044e-12
-4.0885207e-13
1.246663e-12
4.624718e-13
1.4499718e-12
-9.6069019e-13
8.9813373e-13
1.4209275e-12
2.3011879e-13
-1.6577489e-12
3.0473983e-12
-1.9772346e-12
-4.0885207e-13
2.6698246e-12
-4.6694013e-13
3.6282808e-12
-1.890102e-12
-2.6363143e-13
1.7203049e-13
-1.2511315e-12
-2.0554291e-13
7.2386861e-13
-1.2220874e-12
1.2176186e-12
1.2466626e-12
-2.63631e-13
5.4960393e-13
5.4960393e-13
-2.383852e-12
-1.1841057e-13
-1.2801759e-12
1.4790158e-12
-1.8610575e-12
-3.2261305e-12
-3.5076355e-13
1.9146776e-12
-1.1349549e-12
-7.4084844e-12
-2.0042676e-11
-4.6008117e-11
-1.020923e-10
-1.5309379e-10
-1.9831548e-10
-2.4510555e-10
-2.7795444e-10
-2.8896216e-10
-2.8945593e-10
-2.8024894e-10
-2.7929045e-10
-2.7900002e-10
-2.9058864e-10
-2.9712355e-10
-2.9735589e-10
-2.9102429e-10
-2.8753902e-10
-2.7414962e-10
-2.6131217e-10
-2.4824229e-10
-2.3560809e-10
-2.2709819e-10
-2.1574195e-10
-2.011037e-10
-1.969504e-10
-1.8353201e-10
-1.7356987e-10
-1.6482761e-10
-1.5782796e-10
-1.4894046e-10
-1.4667503e-10
-1.3711952e-10
-1.2959708e-10
-1.2686693e-10
-1.2117429e-10
-1.1873458e-10
-1.115607e-10
-1.1240298e-10
-1.0793017e-10
-1.0377687e-10
-1.0075629e-10
-9.9565467e-11
-9.1491217e-11
-9.0968399e-11
-8.4752969e-11
-8.7976862e-11
-7.8915097e-11
-7.8188997e-11
-7.5778335e-11
-7.0521346e-11
-6.851731e-11
-6.5409581e-11
-6.1895246e-11
-6.1401495e-11
-5.5621719e-11
-5.8758491e-11
-5.4721349e-11
-5.5679805e-11
-5.181694e-11
-4.8099292e-11
-5.0887523e-11
-4.5456278e-11
-4.7169883e-11
-4.5223925e-11
-4.3365103e-11
-4.1883851e-11
-4.1709587e-11
-4.3394146e-11
-4.1796722e-11
-3.8950398e-11
-3.976363e-11
-3.5058484e-11
-3.7033484e-11
-3.3664366e-11
-3.5581281e-11
-3.5116573e-11
-3.3983854e-11
-3.3896722e-11
-3.1950761e-11
-2.9191573e-11
-3.0266206e-11
-3.0179071e-11
-3.0730911e-11
-2.640334e-11
-2.7739368e-11
-2.9917676e-11
-2.6083852e-11
-3.0498559e-11
-2.8029809e-11
-2.7565101e-11
-2.599672e-11
-2.5590101e-11
-2.268569e-11
-2.3934587e-11
-2.529966e-11
-2.4428338e-11
-2.500922e-11
-2.2743779e-11
-2.1030176e-11
-2.3295615e-11
-1.9519882e-11
-2.2017676e-11
-2.0768779e-11
-1.8125765e-11
-1.9519882e-11
-2.0739735e-11
-2.0187896e-11
-1.9229441e-11
-2.1494881e-11
-1.6673558e-11
-1.8009589e-11
-1.513422e-11
-1.6150765e-11
-1.8735692e-11
-1.6383117e-11
-1.6150765e-11
-1.7486795e-11
-1.3885323e-11
-1.9519882e-11
-1.0835691e-11
-1.7893412e-11
-1.6354074e-11
-1.3740102e-11
-1.5453706e-11
-1.5657016e-11
-1.7254443e-11
-1.6005544e-11
-1.8038633e-11
-1.5105176e-11
-1.3769146e-11
-1.8706647e-11
-1.0922823e-11
-1.7341574e-11
-1.1242308e-11
-1.4117677e-11
-1.1794146e-11
-1.3652969e-11
-1.5337528e-11
-1.0835691e-11
-1.350775e-11
-1.3449662e-11
-1.2984956e-11
-1.0370984e-11
-1.4582382e-11
-1.2171719e-11
-7.0889995e-12
-9.2673074e-12
-1.1561794e-11
-1.1968412e-11
-8.1345868e-12
-6.7114248e-12
-1.1794146e-11
-9.4125272e-12
-8.2217193e-12
-8.425028e-12
-1.3914367e-11
-9.9062781e-12
-1.0574293e-11
-1.0690468e-11
-1.0080543e-11
-9.4996606e-12
-9.8772344e-12
-9.1511312e-12
-5.9853216e-12
-1.3943412e-11
-1.0922823e-11
-1.2839735e-11
-9.6739249e-12
-5.462528e-12
-1.0051498e-11
-5.5496606e-12
-1.0312896e-11
-7.7860583e-12
-6.8276019e-12
-9.7320138e-12
-6.4790716e-12
-9.1801748e-12
-5.1430431e-12
-9.7029685e-12
-3.7779693e-12
-1.1677968e-11
-9.9353225e-12
-7.3794399e-12
-7.4375289e-12
-6.9147344e-12
-3.8941454e-12
-4.9106899e-12
-7.4665725e-12
-7.3794399e-12
-5.3753954e-12
-5.9272344e-12
-6.9147344e-12
-7.0599551e-12
-6.072455e-12
-1.0516204e-11
-4.4169399e-12
-9.2963519e-12
-2.8195135e-12
-6.3919399e-12
-5.9272344e-12
-6.7404693e-12
-5.2301748e-12
-5.4915716e-12
-4.9106899e-12
-4.0103216e-12
-5.6077486e-12
-6.5952487e-12
-7.2632638e-12
-6.7985582e-12
-2.4128961e-12
-5.346351e-12
-7.3213519e-12
-2.9937782e-12
-5.0849542e-12
-3.5746607e-12
-6.1014986e-12
-5.3753954e-12
-5.6077486e-12
-5.5206161e-12
-5.346351e-12
-1.4544402e-12
-4.4459835e-12
-3.4294401e-12
-2.8485575e-12
-6.566205e-12
-8.1546949e-13
-2.1805433e-12
-4.7073803e-12
-3.5746607e-12
-4.8816454e-12
-2.5871603e-12
-6.1886312e-12
-5.3753954e-12
-4.6492931e-12
-4.5621605e-12
-4.0393661e-12
-8.308851e-12
-5.1430431e-12
-5.4044399e-12
-6.0143661e-12
-6.8566455e-12
-3.255175e-12
-6.3048082e-12
-4.2136303e-12
-2.2386314e-12
-4.7945137e-12
-7.4084844e-12
-3.6617931e-12
-2.7033369e-12
-4.852601e-12
-2.9356897e-12
-6.5081161e-12
-3.981278e-12
-6.1014986e-12
-2.8485575e-12
-5.8110582e-12
-7.2342193e-12
-3.0228227e-12
-2.2967195e-12
1.1885745e-12
-5.7529693e-12
-1.1639989e-12
-4.5331161e-12
-1.4745483e-13
-5.2882638e-12
-4.4169399e-12
-3.6327488e-12
-4.0974541e-12
-2.0554291e-13
-6.8276019e-12
2.5916284e-13
-8.6283376e-12
3.2216627e-12
-5.2011312e-12
-7.2833693e-13
-4.2717193e-12
-5.956278e-12
3.1725092e-13
-8.8316455e-12
-2.9647337e-12
-2.6452488e-12
-4.2717193e-12
-3.7198803e-12
-5.840101e-12
-8.9366523e-14
-2.2967195e-12
-4.5912042e-12
-2.2967195e-12
-2.8485575e-12
-4.358851e-12
-6.1305431e-12
-5.346351e-12
-2.383852e-12
-4.5040716e-12
-2.0062782e-12
1.1394198e-13
6.9482457e-13
1.1394241e-13
-9.0260205e-13
-4.7364248e-12
-2.0934107e-12
-3.0228227e-12
-9.6069019e-13
-7.5738097e-13
-1.1841057e-13
-3.2842195e-12
2.5916284e-13
-1.0478227e-12
-3.3132635e-12
-2.4419401e-12
-1.1841057e-13
-8.4451353e-13
4.624718e-13
-5.2882638e-12
4.3342773e-13
-1.0768668e-12
-1.2220874e-12
-1.5415728e-12
-2.2967195e-12
-1.9191456e-12
-3.0518667e-12
-4.3789611e-13
-1.7448815e-12
-3.7489248e-12
-6.7024885e-13
-2.6742929e-12
-5.2502821e-13
-2.9937782e-12
-1.0478227e-12
-4.5912042e-12
-1.5415728e-12
-2.7323814e-12
-4.7073803e-12
2.263207e-12
8.1100117e-13
-2.3458717e-13
-2.8485575e-12
2.5916284e-13
-2.2386314e-12
-3.3132635e-12
6.0769244e-13
-4.2426748e-12
-2.0554291e-13
-6.0322481e-14
6.9482457e-13
1.3047511e-12
4.6247159e-13
-8.1546949e-13
-2.6742929e-12
3.8606336e-12
-2.8195135e-12
-6.1216077e-13
-4.0974541e-12
-1.0768668e-12
-6.2757638e-12
-2.0353226e-12
-4.5912042e-12
-3.6327488e-12
-3.3423076e-12
-3.0228227e-12
-2.4419401e-12
-2.9066456e-12
-2.9937782e-12
-2.7323805e-12
-4.9598417e-13
-3.1970865e-12
-2.267675e-12
-3.7198803e-12
-1.2511306e-12
-8.4451353e-13
-3.3713512e-12
-4.9978216e-12
-3.2551759e-12
-4.5621605e-12
9.2717728e-13
-5.5787042e-12
-6.4120481e-13
-7.3503963e-12
-2.2967195e-12
1.6532806e-12
-1.5996608e-12
8.4898377e-14
-3.8941454e-12
-2.1224552e-12
-3.9231899e-12
-2.6742929e-12
1.1885745e-12
-4.7073803e-12
5.4960414e-13
-2.8776029e-12
-2.6162052e-12
-6.7024885e-13
-8.7355757e-13
-2.5871607e-12
-9.0260205e-13
-4.9106899e-12
-3.7779693e-12
-2.1224552e-12
-2.4128961e-12
5.786484e-13
-2.2967195e-12
-2.7904695e-12
-4.475028e-12
2.3011858e-13
-1.8320131e-12
3.3668834e-12
1.4790158e-12
-1.0768668e-12
-6.1595867e-12
-1.7158374e-12
-9.0260205e-13
-3.0228227e-12
-2.383852e-12
-3.255175e-12
-2.5290722e-12
-1.3092196e-12
-3.661794e-12
-1.2220879e-12
-1.8610575e-12
-6.2176748e-12
-2.9267525e-13
-6.450028e-12
1.3337952e-12
-7.0018661e-12
-3.5746607e-12
-4.5912042e-12
-3.8360573e-12
-3.5165718e-12
-3.1680433e-12
-6.9929289e-13
-6.0322698e-14
-4.2136303e-12
-1.8320135e-12
-2.9937782e-12
-1.1059108e-12
3.7533944e-13
-4.3007637e-12
-2.877602e-12
-3.6327488e-12
-2.4709846e-12
-2.1805433e-12
-8.7355757e-13
-2.1805433e-12
-3.3713512e-12
-3.8651009e-12
-4.9978216e-12
-3.6037044e-12
4.9151606e-13
-6.5371606e-12
-2.3458717e-13
-4.0885207e-13
4.6247137e-13
-1.1349553e-12
-1.7739255e-12
-1.890102e-12
-5.5206161e-12
-2.5581163e-12
-3.8360573e-12
-1.0187783e-12
-1.7158379e-12
-2.9647337e-12
-1.8320135e-12
-3.7198812e-12
-5.0849542e-12
-5.4334844e-12
-1.8610584e-12
-2.1805433e-12
-5.8311673e-13
-1.1639989e-12
-2.2967195e-12
6.3673649e-13
-5.1720867e-12
-1.4253957e-12
-3.6617931e-12
-2.1514988e-12
-3.3132635e-12
-1.2220879e-12
-3.8070137e-12
-2.1805433e-12
-2.9647337e-12
-2.1514988e-12
-2.0062782e-12
-3.1389988e-12
-3.6327488e-12
-2.4709846e-12
-5.2502821e-13
3.4629496e-13
-2.0062782e-12
-9.8973466e-13
-2.2386309e-12
-8.1636304e-12
5.2055967e-13
-6.3338518e-12
-4.9598417e-13
-3.8360573e-12
1.7203028e-13
-4.1264986e-12
-1.193043e-12
-6.1886312e-12
-5.0559106e-12
-2.7904695e-12
-7.283378e-13
-2.6452488e-12
-1.5996608e-12
-2.383852e-12
-1.1059108e-12
-2.6742937e-12
2.680986e-14
-4.2717193e-12
-3.6617931e-12
-5.1139986e-12
-9.6069019e-13
-4.5040716e-12
-4.1555431e-12
-3.6327488e-12
-4.959846e-13
-2.9066456e-12
-2.5581171e-12
-5.0559106e-12
-2.1805433e-12
-2.5581171e-12
-2.3257631e-12
-5.840101e-12
-3.5165718e-12
-1.6867934e-12
-4.968778e-12
-5.1720867e-12
-4.2717193e-12
-8.425028e-12
-4.1555431e-12
-3.1970865e-12
-5.840101e-12
-1.8029696e-12
-7.6408367e-12
-2.0062782e-12
-5.462528e-12
-5.7529693e-12
-3.255175e-12
-3.5165718e-12
-3.7779693e-12
-4.358851e-12
-6.3048082e-12
-1.2801755e-12
-4.4459835e-12
-2.2095878e-12
-4.0974541e-12
-4.0103216e-12
-6.6242931e-12
-8.1546949e-13
-5.4915716e-12
-3.6327497e-12
-5.578705e-12
-4.7073803e-12
-2.4419401e-12
-7.2342193e-12
-3.1680433e-12
-3.8941454e-12
-5.0849542e-12
-6.1886312e-12
-3.3132635e-12
-4.6783367e-12
2.49556e-12
-6.9728216e-12
-7.8642545e-13
-2.0353222e-12
-4.4459835e-12
-6.2176748e-12
-3.9522335e-12
-4.9978216e-12
-1.5996608e-12
-2.6452488e-12
-1.2801755e-12
-1.8610584e-12
-4.3298073e-12
-5.4915716e-12
-1.5996608e-12
-4.1555431e-12
-3.6617931e-12
-1.6867934e-12
1.1014424e-12
-4.0393661e-12
-3.7980803e-13
-2.1514988e-12
-2.2095873e-12
-2.4419401e-12
-1.6867934e-12
5.5854118e-14
-1.0187783e-12
-1.4253957e-12
-4.2717193e-12
-4.1845876e-12
-2.877602e-12
-2.5290727e-12
-5.0559106e-12
-3.1389988e-12
-4.5331169e-12
-2.383852e-12
-8.4451353e-13
-4.3878954e-12
-1.3963521e-12
-4.852601e-12
-1.5706168e-12
-1.7448815e-12
-3.1680433e-12
-2.2967195e-12
-5.6948812e-12
-4.358851e-12
-4.7945137e-12
-3.8651009e-12
-6.0143661e-12
-3.3713512e-12
-3.8941454e-12
-5.5206161e-12
-5.8691454e-12
-4.2717193e-12
-1.5706168e-12
-4.6202486e-12
-5.346351e-12
-2.0934107e-12
-1.6867934e-12
-3.4294401e-12
-3.2171995e-13
-5.4334844e-12
-1.7448815e-12
-5.8691463e-12
-5.4334844e-12
-3.0518667e-12
-4.7945137e-12
-3.8070137e-12
-2.5871603e-12
-6.8276019e-12
-4.3298073e-12
-2.9937791e-12
-4.5912042e-12
-2.2386314e-12
-5.3173074e-12
-5.0559106e-12
-1.7448815e-12
-3.4294401e-12
-2.0934107e-12
-2.9937782e-12
-1.6577489e-12
-4.5621605e-12
-4.3298073e-12
-3.6037044e-12
-4.9397344e-12
-3.7198803e-12
-4.1555431e-12
-5.5206161e-12
-4.7945137e-12
-2.6162043e-12
-1.7739255e-12
-9.0349542e-12
-3.7198803e-12
-5.0268661e-12
2.0308542e-12
-6.7985582e-12
-2.9066456e-12
-3.8360573e-12
-6.2467193e-12
-3.7779693e-12
-3.7489248e-12
-5.956278e-12
6.0769201e-13
-5.1139986e-12
-1.3673076e-12
-6.2757638e-12
-1.7649887e-13
-2.9066456e-12
-1.6867934e-12
-4.9978216e-12
-1.7158379e-12
-1.193043e-12
-2.1514988e-12
-1.890102e-12
-5.2592193e-12
-1.6287049e-12
-2.761425e-12
1.1014424e-12
-5.8110582e-12
-4.5621605e-12
-2.2676754e-12
-5.1139986e-12
-2.0062782e-12
-3.7489248e-12
-3.981278e-12
-3.2842195e-12
-9.6069019e-13
-1.6867934e-12
-8.7355757e-13
-1.8029696e-12
-6.7404693e-12
-2.5581163e-12
-5.3753963e-12
-3.981278e-12
-3.9231899e-12
-3.3423076e-12
-2.0353222e-12
-6.4120481e-13
-5.1720876e-12
-2.5581163e-12
-5.6658367e-12
-8.7355757e-13
-4.358851e-12
-1.6867934e-12
-2.9267525e-13
-4.475028e-12
-2.6162052e-12
7.5291287e-13
-3.7198803e-12
-5.462528e-12
6.0769244e-13
-3.2842195e-12
-3.1389988e-12
6.9482479e-13
-5.5407225e-13
-5.5407225e-13
-4.5331161e-12
-2.5871607e-12
-3.3132635e-12
-4.6202486e-12
-2.7323805e-12
-5.462528e-12
-2.1805433e-12
-2.4419401e-12
-3.5456163e-12
-5.0268661e-12
-5.3753954e-12
-5.2301748e-12
-4.8816454e-12
-2.6452488e-12
-3.981278e-12
-9.3164571e-13
-2.9647337e-12
-1.4544402e-12
-7.7570138e-12
-1.5996608e-12
-6.2176748e-12
-2.267675e-12
-7.5738097e-13
-1.2220874e-12
-1.8320135e-12
-4.9978216e-12
-3.0518667e-12
-1.8610575e-12
-3.9522335e-12
-4.6694013e-13
-3.0228227e-12
-5.6367931e-12
-1.1841057e-13
-8.802601e-12
4.0438348e-13
-8.4451353e-13
-5.8691454e-12
-2.2676758e-12
-8.2798074e-12
-3.9231899e-12
-3.6908367e-12
-7.8151019e-12
-1.9191456e-12
-6.7985582e-12
-1.0478223e-12
-6.2467193e-12
-4.2426748e-12
-6.4790716e-12
-7.2833693e-13
-2.3548075e-12
-1.715837e-12
-2.7904695e-12
-4.5912042e-12
-4.9106899e-12
-2.9356897e-12
-4.475028e-12
5.7864819e-13
-2.5871607e-12
-3.7980759e-13
-1.890102e-12
1.0723981e-12
-4.0684105e-12
-1.193043e-12
-2.1514988e-12
1.7694568e-12
-4.0974541e-12
-4.8235574e-12
-3.6327488e-12
-7.2342193e-12
-3.8651009e-12
1.188575e-12
-3.5076355e-13
-5.2882638e-12
1.7113688e-12
-6.2467193e-12
-3.7779693e-12
-2.877602e-12
-2.9267525e-13
-4.3298073e-12
-5.3753954e-12
-2.2967195e-12
-2.3548075e-12
1.0433539e-12
-1.2801755e-12
-1.0768668e-12
-2.5290727e-12
2.0107475e-13
-8.7355757e-13
-2.8195135e-12
-6.0143661e-12
-2.8485575e-12
-4.0974541e-12
-5.0559106e-12
-3.6617931e-12
-4.358851e-12
-3.7489248e-12
-3.6617931e-12
-3.3423076e-12
-3.7779701e-12
-1.890102e-12
-2.4128965e-12
-2.2967195e-12
-7.283378e-13
-5.6658367e-12
1.4298645e-13
-2.6742929e-12
-1.4544402e-12
-3.2842195e-12
-2.5000282e-12
-9.0260205e-13
-1.9191456e-12
-2.4128961e-12
-4.5040716e-12
-2.3548075e-12
-8.7355801e-13
-1.2511315e-12
-4.5040716e-12
-3.7980759e-13
-1.9772341e-12
-2.4709841e-12
-2.9356897e-12
-5.2011312e-12
-1.4253957e-12
-2.9356897e-12
1.3047511e-12
-2.6162052e-12
-2.5581171e-12
-3.2261305e-12
-4.7654693e-12
-2.877602e-12
-3.8941454e-12
-2.7904695e-12
-2.877602e-12
1.7404128e-12
-6.566205e-12
-2.383852e-12
-3.4584837e-12
-5.8311673e-13
-4.6783367e-12
-2.1514988e-12
6.3673649e-13
-3.981278e-12
-2.5000282e-12
-1.0478223e-12
-5.0268661e-12
-1.9481901e-12
-6.4209844e-12
-4.9106899e-12
-3.8070137e-12
-4.5040716e-12
-3.1389997e-12
-4.0684105e-12
-2.2386314e-12
-2.3548075e-12
-6.2176748e-12
-4.1555431e-12
-3.0518667e-12
-3.9231899e-12
-1.5125283e-12
-3.8360573e-12
-5.7239248e-12
-1.9481901e-12
-9.7029685e-12
-8.0764995e-12
-3.3423076e-12
-6.1305431e-12
-4.9978216e-12
-3.1680433e-12
-5.9853216e-12
-3.4584837e-12
-1.4745483e-13
-3.981278e-12
-4.0393661e-12
-2.5000282e-12
-2.3548075e-12
-3.1099544e-12
-5.0849542e-12
-2.4419401e-12
-1.2868778e-11
-1.0516204e-11
-1.1648926e-11
-6.0434106e-12
-8.7735574e-12
-8.8316455e-12
-1.1329442e-11
-8.8316455e-12
-9.2963519e-12
-7.5246597e-12
-9.1511312e-12
-6.7404684e-12
-9.3544408e-12
-3.5456163e-12
-5.2011312e-12
-3.5165718e-12
-3.5746607e-12
-4.6492931e-12
-6.450028e-12
-2.4419401e-12
-7.0889987e-12
-6.1216033e-13
-4.358851e-12
-5.1720867e-12
-7.8731899e-12
-2.3458717e-13
-7.4956161e-12
-1.5706168e-12
-5.4044399e-12
-3.981278e-12
-4.9106908e-12
-3.1680433e-12
-1.1639989e-12
-5.9853216e-12
-2.4709841e-12
-4.6694013e-13
-2.6452488e-12
-2.0643667e-12
1.7113687e-12
-5.4334844e-12
-1.1639989e-12
-2.2386314e-12
-4.0393661e-12
-4.5040716e-12
-8.4451353e-13
-1.6867934e-12
-3.3132635e-12
-4.2717193e-12
-1.4253957e-12
1.4499715e-12
-4.7073803e-12
-1.0768668e-12
-7.6989257e-12
-9.8973466e-13
-2.4709846e-12
-1.7649887e-13
-5.2592193e-12
-3.4294401e-12
-4.9978216e-12
-6.1305431e-12
-3.6908367e-12
-9.3164571e-13
-2.1514988e-12
-2.2386309e-12
-3.8941454e-12
6.0769244e-13
-3.7779693e-12
-4.4459835e-12
-3.0518667e-12
-3.5076355e-13
-3.1278223e-14
-3.7980759e-13
6.3673649e-13
-4.358851e-12
-1.2511315e-12
-3.6908367e-12
1.4499718e-12
-9.8973466e-13
-2.1224552e-12
7.2386861e-13
6.6578053e-13
-1.0187783e-12
-2.2095878e-12
4.0438326e-13
-2.2095873e-12
-6.1216077e-13
-2.4128965e-12
-8.4451397e-13
-1.7448815e-12
-1.3963521e-12
1.2176186e-12
-4.475028e-12
2.3011879e-13
-7.7570138e-12
3.3087951e-12
-4.0393661e-12
-7.8642545e-13
-4.0684105e-12
-1.3963521e-12
-7.0309106e-12
1.2176186e-12
-4.4169399e-12
1.2176186e-12
9.5622197e-13
-1.30922e-12
-2.8485575e-12
-9.0260205e-13
-3.981278e-12
-8.9366523e-14
-4.9978216e-12
-2.1224552e-12
-1.5125283e-12
-3.4003956e-12
-9.6069019e-13
-5.1139986e-12
-1.4253957e-12
-4.6783367e-12
-5.2301748e-12
-8.4451353e-13
-3.9231899e-12
-3.5746607e-12
-4.7945137e-12
-4.6492931e-12
1.1595305e-12
-6.2176748e-12
1.1304862e-12
-4.1555431e-12
-6.9929289e-13
-1.0187783e-12
-6.4120481e-13
-5.5787042e-12
-3.1970865e-12
-2.1514988e-12
-1.1639989e-12
-2.5000282e-12
-3.3132639e-12
-2.6162052e-12
-3.981278e-12
-2.9356897e-12
-3.0809103e-12
-3.6908367e-12
-4.0885207e-13
-5.8311673e-13
-3.6327488e-12
6.6578074e-13
-2.1224552e-12
-3.981278e-12
-4.6492931e-12
-3.4584837e-12
-3.6617931e-12
-3.7489248e-12
-1.4834847e-12
-2.4419401e-12
-3.6327488e-12
-4.3298073e-12
-5.0268661e-12
-2.3548075e-12
-2.9356897e-12
-3.0518667e-12
-2.5871607e-12
-6.6823812e-12
-1.5996608e-12
-5.2592193e-12
2.680986e-14
-6.3628955e-12
-3.2171951e-13
-5.084955e-12
-2.2676754e-12
-2.4419401e-12
-4.0974541e-12
-4.2426748e-12
-2.877602e-12
-6.4120481e-13
-4.4459835e-12
-1.7448815e-12
-2.5290727e-12
-5.840101e-12
-4.9598417e-13
-1.2801755e-12
-1.3673081e-12
-4.5040716e-12
-2.383852e-12
-2.2386314e-12
-2.6162052e-12
-3.9522335e-12
2.0107475e-13
-5.1430431e-12
1.8856336e-12
-3.7779693e-12
-3.6617931e-12
-2.9647337e-12
-2.63631e-13
-2.6452488e-12
-1.0768668e-12
-1.1841079e-13
-5.956278e-12
-2.4128965e-12
-1.7158374e-12
-3.1099544e-12
-5.2882638e-12
-3.4294401e-12
-4.4459835e-12
-1.193043e-12
-5.5407225e-13
-4.9106899e-12
-4.3789568e-13
-1.3963521e-12
-1.2511315e-12
-2.7904695e-12
1.1304864e-12
-5.3753954e-12
8.1100117e-13
-8.1345868e-12
1.3337952e-12
-4.5331161e-12
-2.7904695e-12
-4.6694013e-13
-4.5331161e-12
-7.4084844e-12
2.1470306e-12
-6.3338518e-12
1.7113687e-12
-3.2842199e-12
-6.7024885e-13
-1.5706168e-12
-1.6867934e-12
1.5951925e-12
-5.0849542e-12
1.3337952e-12
-3.7980759e-13
-5.3173074e-12
4.9151584e-13
-4.2426748e-12
-5.8311673e-13
-1.6287049e-12
-2.2967195e-12
-6.9929289e-13
-2.8485575e-12
-1.890102e-12
-9.3164571e-13
-9.3164614e-13
-9.8973466e-13
-6.4120481e-13
-1.9191465e-12
-7.5738097e-13
-2.383852e-12
-1.5125283e-12
-2.9937782e-12
-1.764993e-13
-1.4544402e-12
-5.2301748e-12
-2.1805433e-12
-2.5581171e-12
-4.0103216e-12
-5.1720867e-12
-5.8311673e-13
-4.2717193e-12
-1.1059108e-12
-1.3382636e-12
-2.761425e-12
-6.9929289e-13
4.9151606e-13
2.1470308e-12
-3.2842195e-12
-1.5996608e-12
-7.2833693e-13
-4.5331161e-12
-1.1059108e-12
-4.0684105e-12
-1.5996608e-12
-4.7945137e-12
-3.2171951e-13
1.7203071e-13
-1.8029696e-12
-5.5407225e-13
-4.5331161e-12
-8.9366523e-14
2.7279129e-12
2.0598983e-12
1.3628392e-12
-1.7739255e-12
-5.346351e-12
-1.4834847e-12
-8.7355801e-13
3.4629518e-13
-2.6162052e-12
-4.1555431e-12
-3.0809103e-12
1.0723981e-12
-4.2717193e-12
-1.5125283e-12
-3.8070137e-12
2.7569572e-12
-1.9191456e-12
5.205601e-13
-1.3673076e-12
-1.2511315e-12
-4.4459835e-12
4.702913e-12
-5.0268661e-12
5.2055989e-13
-1.9191456e-12
1.5661483e-12
1.3337952e-12
-5.2502821e-13
-1.4745505e-13
-1.764993e-13
-1.1841057e-13
2.7569572e-12
-2.9937791e-12
-4.6492931e-12
-3.5456163e-12
-1.5125283e-12
-2.4419401e-12
-3.5076355e-13
-4.9598417e-13
-1.7448815e-12
-2.8485575e-12
-1.6867934e-12
-4.9397344e-12
-2.6452488e-12
-3.1389988e-12
-1.715837e-12
4.9151584e-13
2.8820709e-13
9.2717728e-13
-4.475028e-12
1.537104e-12
-9.3164571e-13
-1.5706168e-12
-5.2502821e-13
-4.3007637e-12
-2.3458717e-13
-6.2176748e-12
-1.7649887e-13
-4.0974541e-12
-8.425028e-12
-1.5125287e-12
-3.6327488e-12
-4.8235574e-12
-1.5125283e-12
-1.890102e-12
-2.3458717e-13
-3.661794e-12
-5.956278e-12
-5.956278e-12
-2.5290722e-12
-3.0809103e-12
-3.3132635e-12
-1.8610575e-12
3.4629518e-13
-8.9366523e-14
-4.3878954e-12
1.5371041e-12
-6.9437789e-12
-6.4120481e-13
8.6908969e-13
-4.4459835e-12
4.624718e-13
-3.5456163e-12
2.6809643e-14
-1.193043e-12
-5.2502821e-13
-1.3092196e-12
-1.7158379e-12
-3.2171951e-13
-2.5000282e-12
-1.0768668e-12
2.9602659e-12
-5.5407225e-13
6.6578074e-13
-3.8070137e-12
-5.8311673e-13
-2.3257631e-12
-1.2801755e-12
1.3918837e-12
-1.6867934e-12
-2.5871603e-12
-2.3548075e-12
-1.8610575e-12
-7.283378e-13
-3.3713512e-12
1.1595307e-12
-9.8973466e-13
-2.5000282e-12
-9.8973466e-13
-5.4334844e-12
2.5916284e-13
-1.7158379e-12
-8.7355757e-13
4.0438348e-13
-3.4875282e-12
1.7404128e-12
-1.5706168e-12
2.0107432e-13
2.680986e-14
-9.6069019e-13
-1.9481901e-12
-1.3963521e-12
-1.7448815e-12
-8.1546949e-13
-2.5581171e-12
9.2717771e-13
-1.6577489e-12
-4.1845867e-12
8.4004521e-13
-3.0518667e-12
-1.7158374e-12
-1.9191456e-12
5.2055967e-13
-3.255175e-12
-3.7779693e-12
-1.8610584e-12
-3.4875282e-12
7.2386883e-13
-3.5456163e-12
-5.8311673e-13
-3.3132635e-12
-2.9066456e-12
-3.9231899e-12
-2.2967195e-12
3.2797513e-12
8.6908969e-13
-1.4834847e-12
-1.2220874e-12
-4.1264986e-12
3.7735015e-12
-5.0268661e-12
2.0107432e-13
-2.3458717e-13
-3.4875282e-12
-2.3548075e-12
-1.193043e-12
-6.4120481e-13
-6.1216077e-13
5.5854118e-14
1.1304864e-12
-6.0322481e-14
-4.3789568e-13
-3.6908367e-12
-7.8642545e-13
-1.2511315e-12
2.6117368e-12
-5.5407225e-13
-6.0322698e-14
-1.0187783e-12
-9.0260205e-13
-1.5996608e-12
3.1054866e-12
-2.7323814e-12
-7.5738141e-13
-2.4709846e-12
3.4540159e-12
1.0433539e-12
-1.5996608e-12
1.0433539e-12
8.1100117e-13
-2.0643667e-12
-6.7024885e-13
-8.9366523e-14
1.5951923e-12
-2.2967195e-12
-1.7649887e-13
-2.3458717e-13
-3.1389988e-12
2.5246042e-12
-2.7323814e-12
2.2922512e-12
-1.4253957e-12
1.8275455e-12
-4.1555431e-12
1.101442e-12
-2.4419401e-12
-1.2511315e-12
-2.5581171e-12
-8.4451353e-13
-3.3423076e-12
-1.7649887e-13
2.5246042e-12
2.6988689e-12
-1.3382636e-12
-3.7980759e-13
-5.8311673e-13
-2.0062782e-12
2.7569572e-12
1.8856336e-12
2.3503393e-12
-1.8029696e-12
1.1394219e-13
1.4499718e-12
-3.2171951e-13
-4.0885207e-13
-1.8610575e-12
-1.8029696e-12
-2.6742929e-12
-4.6694056e-13
1.0143101e-12
-1.1841079e-13
-4.6694056e-13
-2.2676758e-12
-1.9191456e-12
-4.591205e-12
-5.8311673e-13
-3.3423076e-12
1.1595307e-12
-4.3789568e-13
-4.2717193e-12
-1.0768668e-12
2.3011858e-13
2.5826925e-12
-1.3673076e-12
-4.7073803e-12
-3.1278223e-14
-3.4003956e-12
-2.1224552e-12
-3.3713512e-12
-3.7980803e-13
-2.0062782e-12
1.2176186e-12
-2.5581171e-12
-2.4419401e-12
8.1100117e-13
-2.5871607e-12
4.0438326e-13
-2.5871607e-12
-5.2502778e-13
3.48306e-12
-1.4544402e-12
-9.3164571e-13
-1.0478227e-12
1.8565895e-12
-4.1264986e-12
-1.6867934e-12
-3.8651009e-12
-2.2095873e-12
3.4629518e-13
-4.1845867e-12
1.7113688e-12
-5.4915716e-12
3.7533944e-13
2.2922512e-12
-1.5415728e-12
6.0769244e-13
-1.8029696e-12
-2.877602e-12
2.3212953e-12
1.8275455e-12
1.1885745e-12
-1.6577489e-12
-8.4451353e-13
-3.1680433e-12
2.2632072e-12
-2.8195135e-12
-2.9267525e-13
-2.5290722e-12
-2.6742929e-12
-1.4544402e-12
1.798501e-12
-1.8320135e-12
-2.4709846e-12
-2.7033369e-12
-3.1389988e-12
-6.7024885e-13
-1.2801759e-12
-2.234182e-15
-2.1514988e-12
-2.267675e-12
5.7864819e-13
-2.7033369e-12
4.624718e-13
-1.0478227e-12
2.1470306e-12
-1.5996608e-12
2.7860015e-12
1.5080597e-12
-1.1841057e-13
-2.2967195e-12
-1.5996608e-12
-1.0768668e-12
-1.7158374e-12
8.9813351e-13
-1.715837e-12
-3.9522344e-12
3.0764423e-12
3.1725114e-13
-1.7448815e-12
-1.4544406e-12
-1.3673076e-12
-1.7739255e-12
-3.1278223e-14
3.4249721e-12
-3.1278223e-14
5.5161487e-12
-1.4544402e-12
-2.5581171e-12
-5.5407225e-13
9.8526601e-13
-1.1349549e-12
3.5411487e-12
-2.63631e-13
9.8526558e-13
2.5916262e-13
-3.7489248e-12
2.1179863e-12
-8.4451353e-13
1.4209277e-12
-1.6287044e-12
-2.2967195e-12
2.6698246e-12
-2.5290727e-12
-2.5000282e-12
1.0723984e-12
3.7533944e-13
-1.3673076e-12
1.8275455e-12
-1.4834847e-12
-2.4128956e-12
-7.2833693e-13
-4.9598417e-13
1.3047511e-12
-5.1720867e-12
-1.0768664e-12
3.5411481e-12
-9.6069019e-13
2.2341629e-12
-1.4745483e-13
-3.1099544e-12
3.018354e-12
-5.8311673e-13
1.1885745e-12
-7.8642545e-13
1.5661483e-12
-7.6989257e-12
2.7569572e-12
-3.981278e-12
-9.6069019e-13
4.9151606e-13
1.7985011e-12
8.4004499e-13
3.1725092e-13
-1.4745483e-13
1.566148e-12
-4.3789568e-13
6.9482457e-13
-7.2833693e-13
2.7279129e-12
1.798501e-12
-3.9522335e-12
2.3212953e-12
-3.4875282e-12
1.246663e-12
1.7203071e-13
9.2717771e-13
3.6282808e-12
-2.7904695e-12
-2.6162052e-12
-3.9522335e-12
-4.155544e-12
-1.2220874e-12
-1.5996608e-12
-3.0518667e-12
-2.5290722e-12
-4.6492931e-12
8.6908925e-13
-5.6077486e-12
-4.6492931e-12
-3.6037044e-12
-2.1514988e-12
-4.2717193e-12
-2.1514988e-12
-1.2801755e-12
-1.2220874e-12
-4.959846e-13
2.8820709e-13
-4.6202486e-12
-2.9356905e-12
-2.2343988e-15
-2.2095869e-12
3.1725114e-13
4.9151606e-13
-3.3713512e-12
-1.4544402e-12
3.4629518e-13
-1.9191465e-12
-4.3789611e-13
-5.5407225e-13
1.3918837e-12
-5.0268661e-12
2.8150453e-12
-3.0809103e-12
1.4209273e-12
-3.2171951e-13
-2.0643667e-12
-1.8029696e-12
-1.890102e-12
2.7860012e-12
-8.1546992e-13
2.2051191e-12
-4.3789568e-13
1.9437221e-12
1.4499715e-12
1.2176186e-12
1.9437217e-12
-1.7649887e-13
2.7569572e-12
-1.8320139e-12
-1.2220874e-12
-4.1845867e-12
5.3418841e-12
-2.5000282e-12
3.4249717e-12
-2.63631e-13
2.5826925e-12
-1.9772346e-12
3.1725092e-13
-7.2833693e-13
4.4705602e-12
-1.5125283e-12
2.4374721e-12
-1.3963521e-12
6.6578053e-13
-1.7649887e-13
8.9813351e-13
-2.3458717e-13
1.8856336e-12
-1.0768668e-12
5.4960393e-13
-1.1639989e-12
1.3047511e-12
-6.1216077e-13
2.6407806e-12
-2.3548075e-12
4.8190891e-12
-6.4120481e-13
-8.9366523e-14
-3.4003956e-12
3.3087951e-12
1.5951925e-12
-2.5000282e-12
2.8820688e-13
-3.0228227e-12
2.0889425e-12
8.9813329e-13
2.8820709e-13
3.7533922e-13
6.3673649e-13
5.4960393e-13
3.5701923e-12
1.9146776e-12
-3.7779693e-12
-2.0934103e-12
-2.0062786e-12
-4.0885207e-13
2.6117363e-12
7.5291287e-13
2.6117363e-12
-1.7649887e-13
-2.383852e-12
-2.234182e-15
1.8856336e-12
-4.5912042e-12
8.4004521e-13
-5.8311673e-13
-1.3092196e-12
-1.5415728e-12
-8.9366523e-14
2.1179866e-12
-8.9366523e-14
6.6578074e-13
-4.7945137e-12
2.2922512e-12
-3.8360573e-12
2.5536483e-12
-3.2842195e-12
1.4298624e-13
-8.7355757e-13
-3.1389988e-12
1.5951923e-12
-3.4875282e-12
1.4499715e-12
-2.3257635e-12
1.9727661e-12
-2.9647337e-12
2.2341629e-12
-3.4294401e-12
1.3918837e-12
-8.936674e-14
1.3918835e-12
-4.6694013e-13
-7.5738097e-13
5.5853901e-14
3.9768102e-12
6.9482457e-13
7.8195713e-13
8.1100095e-13
-3.2171995e-13
-1.7649887e-13
-2.0062786e-12
-3.5076312e-13
-4.9598417e-13
-4.0885207e-13
-2.4128961e-12
-6.0322698e-14
1.3047511e-12
7.8195713e-13
-7.5738097e-13
-1.5996608e-12
1.8856336e-12
-1.193043e-12
2.6407808e-12
-6.7024885e-13
2.680986e-14
-1.4745483e-13
6.0769201e-13
6.0769201e-13
-4.6694013e-13
-3.4875282e-12
-2.9267525e-13
-3.6037044e-12
-3.255175e-12
-2.2386314e-12
-9.8973379e-13
3.4629496e-13
-1.9772341e-12
-3.4003956e-12
-3.1389988e-12
-5.8311673e-13
-4.1264986e-12
-1.5996604e-12
-5.8311673e-13
2.3793836e-12
-6.4120524e-13
-3.6908367e-12
3.1725114e-13
-4.6694056e-13
-7.8642545e-13
-3.6327497e-12
-2.3257635e-12
3.1054866e-12
1.0433541e-12
-2.5290727e-12
3.3959279e-12
-1.2220874e-12
-2.761425e-12
9.852658e-13
-3.1680433e-12
-2.63631e-13
-2.2676754e-12
1.1595305e-12
-3.5076355e-13
-6.1216033e-13
-6.1216077e-13
2.2632072e-12
3.4629518e-13
-2.5581171e-12
-2.9267525e-13
7.5291287e-13
-2.6452488e-12
-1.193043e-12
-2.3458717e-13
2.3503393e-12
8.1100117e-13
5.7864819e-13
-3.1970865e-12
2.9312219e-12
-2.1224543e-12
-4.9598373e-13
2.8820688e-13
2.0107432e-13
-3.9231899e-12
2.8820709e-13
-1.8320135e-12
1.5371041e-12
-8.7355757e-13
7.5291287e-13
-4.0885207e-13
-1.8029696e-12
2.8820709e-13
-2.6363143e-13
1.3337952e-12
-2.383852e-12
-2.234182e-15
-1.3382636e-12
9.8526558e-13
-4.4169399e-12
5.4960393e-13
-1.6867934e-12
-2.383852e-12
-1.3382636e-12
1.4298602e-13
-2.6452488e-12
-1.338264e-12
-1.3963521e-12
8.4898377e-14
1.0723981e-12
-2.63631e-13
-1.5415728e-12
-2.7033378e-12
2.0107475e-13
-2.8485575e-12
1.8856336e-12
-3.7198812e-12
-9.0260205e-13
-2.8195135e-12
3.4629496e-13
8.4898377e-14
-3.1680433e-12
7.8195713e-13
-4.7364248e-12
-1.193043e-12
-2.9937782e-12
-9.6069019e-13
-5.5407225e-13
-1.7158379e-12
-2.4128961e-12
9.5622176e-13
2.0107475e-13
3.7533944e-13
5.5854118e-14
-1.1639989e-12
-1.2220879e-12
-8.7355757e-13
-1.1349549e-12
2.4955602e-12
-1.1349549e-12
2.4084276e-12
5.5854118e-14
1.1304864e-12
-2.6162043e-12
-2.3548084e-12
1.798501e-12
-2.7904699e-12
-1.5996608e-12
-7.5738141e-13
-1.193043e-12
-2.1224552e-12
5.2055967e-13
-1.8901024e-12
1.3628396e-12
-4.959846e-13
-1.5125283e-12
1.2757071e-12
1.9727661e-12
-5.8311673e-13
1.4298645e-13
1.6823246e-12
8.4004521e-13
2.2341629e-12
-3.8941454e-12
-7.5738054e-13
-1.7739255e-12
6.3673627e-13
2.9312219e-12
6.6578053e-13
1.3918832e-12
1.1304864e-12
4.624718e-13
3.4629518e-13
-1.5415728e-12
-4.6694013e-13
6.9482457e-13
-1.8029696e-12
1.5080601e-12
-1.0768668e-12
9.5622154e-13
5.205601e-13
-4.0885207e-13
-8.1546992e-13
2.6117363e-12
3.3378393e-12
8.9813351e-13
-1.9772346e-12
3.7735015e-12
-2.0554291e-13
3.4629518e-13
3.1926189e-12
-2.4709846e-12
1.7203028e-13
6.0769223e-13
-1.5415728e-12
1.4790158e-12
-2.0062782e-12
-8.9366523e-14
-1.8320135e-12
-2.3548075e-12
-1.4745483e-13
-1.2220874e-12
-1.9772341e-12
-2.3458717e-13
-5.8311673e-13
-3.5076355e-13
-9.8973379e-13
-1.0187783e-12
2.7860012e-12
3.7533944e-13
-2.8485575e-12
-1.1349549e-12
2.6407808e-12
3.5121042e-12
-3.2842195e-12
3.3959276e-12
-5.1720867e-12
3.1635749e-12
5.786484e-13
1.0143098e-12
-4.9598417e-13
2.4665157e-12
-1.4745483e-13
2.5916284e-13
2.9312221e-12
1.4209275e-12
2.2051187e-12
-2.2095873e-12
-1.1349549e-12
1.1394198e-13
1.3918832e-12
4.0438348e-13
-1.3963521e-12
-2.1805433e-12
-4.3789568e-13
8.9813351e-13
2.0598983e-12
2.0107475e-13
-2.234182e-15
-6.7024885e-13
8.6908969e-13
-3.2842195e-12
8.4897943e-14
1.7203071e-13
-7.2833693e-13
-6.9929289e-13
1.2757066e-12
-2.63631e-13
-5.5407268e-13
1.2176186e-12
1.1304864e-12
8.6908969e-13
1.188575e-12
-2.6452488e-12
-1.6867934e-12
4.7900455e-12
-1.3963521e-12
1.4209277e-12
-3.4584837e-12
-1.5125283e-12
-4.3789611e-13
-1.7649887e-13
5.7864797e-13
-2.9267525e-13
-2.1224552e-12
-4.3789568e-13
1.4298645e-13
-1.2511315e-12
1.3047509e-12
-3.1970865e-12
1.5661483e-12
-2.4709841e-12
-2.2343988e-15
2.0018102e-12
6.6578053e-13
3.4249717e-12
5.5854118e-14
-2.761425e-12
8.6908925e-13
-2.3548075e-12
1.4499715e-12
-2.1224552e-12
3.2216627e-12
2.0889425e-12
2.680986e-14
2.5826925e-12
-1.1349549e-12
-8.936674e-14
1.3337954e-12
-3.5165718e-12
2.263207e-12
3.4629518e-13
-2.3458717e-13
-9.6069019e-13
3.4249717e-12
-1.4834847e-12
7.2386861e-13
-1.5125283e-12
-2.383852e-12
-6.9929289e-13
-5.7820138e-12
1.188575e-12
1.4298602e-13
6.6578074e-13
-1.1059108e-12
-2.2967195e-12
1.2757071e-12
-1.6867934e-12
-7.8642545e-13
-6.9929289e-13
-1.9481901e-12
5.5854118e-14
-1.0768668e-12
-4.9598417e-13
-4.7364248e-12
-4.5331161e-12
1.4209275e-12
-3.2261305e-12
4.3342773e-13
-3.0228227e-12
-1.8901016e-12
-4.6694013e-13
-3.8070137e-12
-1.7448815e-12
5.2055967e-13
-3.0228227e-12
-3.255175e-12
-1.7649887e-13
-2.2386314e-12
-2.2095873e-12
4.3342773e-13
5.5853901e-14
-1.6287049e-12
-2.2386314e-12
-3.2171951e-13
-6.1216077e-13
-9.8973466e-13
-2.63631e-13
-2.63631e-13
2.8731336e-12
-4.3878954e-12
1.1394241e-13
7.5291287e-13
3.4540159e-12
-1.7739251e-12
2.4374719e-12
-9.8973466e-13
2.2632072e-12
1.4298645e-13
1.1304864e-12
1.1595307e-12
-8.4451353e-13
9.2717728e-13
2.2051189e-12
-2.9937782e-12
-1.4544402e-12
6.0769244e-13
-1.4544402e-12
7.5291287e-13
3.4629518e-13
-1.3673076e-12
-1.890102e-12
3.5992366e-12
8.9813373e-13
2.2051187e-12
-2.9267525e-13
1.798501e-12
1.1595305e-12
-4.9598417e-13
1.9146776e-12
4.334273e-13
-2.0554291e-13
-3.2171995e-13
-2.8485575e-12
6.6578053e-13
2.3212953e-12
7.8195691e-13
-2.3458717e-13
8.4898377e-14
5.5854118e-14
2.3793838e-12
-3.8651009e-12
3.0764425e-12
-4.6694013e-13
1.5371039e-12
4.0639423e-12
-1.7649887e-13
3.3087955e-12
-1.0478227e-12
1.1304862e-12
8.9813351e-13
4.9933538e-12
-1.5996608e-12
5.196663e-12
-1.6287049e-12
2.1179866e-12
-1.6287049e-12
-3.7980803e-13
1.3628392e-12
-6.7024885e-13
2.8731336e-12
1.5661484e-12
-8.9366523e-14
-7.8642545e-13
5.6613694e-12
-1.3673081e-12
4.0438326e-13
-5.5407225e-13
6.6578074e-13
2.0598983e-12
8.6908947e-13
-1.6867934e-12
3.250707e-12
-3.1278223e-14
-2.2386314e-12
1.4298645e-13
-3.7980759e-13
8.1100095e-13
3.2797513e-12
-2.2386314e-12
9.271775e-13
1.5661484e-12
-2.8485575e-12
2.0018102e-12
-9.8973466e-13
2.4955597e-12
-7.8642545e-13
-1.4745483e-13
1.4790158e-12
-2.5871607e-12
1.7985011e-12
-2.5290727e-12
2.3793836e-12
-1.7448815e-12
1.5080597e-12
2.0107475e-13
3.5992366e-12
-1.1059108e-12
9.271775e-13
-7.8642545e-13
1.0143098e-12
1.6532805e-12
-1.7448806e-12
1.0723984e-12
1.9146781e-12
6.0769201e-13
-6.7024885e-13
-4.9598417e-13
1.8565895e-12
-2.5290722e-12
2.0889423e-12
2.030854e-12
1.8856336e-12
-8.4451353e-13
-6.7024885e-13
7.5291287e-13
-1.7158379e-12
2.6698246e-12
-2.9356897e-12
-1.1841057e-13
-3.2842195e-12
1.6532804e-12
2.3793836e-12
1.4499718e-12
1.1304864e-12
-6.1216077e-13
-6.5371606e-12
1.1885745e-12
-3.2261314e-12
-1.2220874e-12
-2.6452488e-12
2.6698244e-12
-2.2343988e-15
-7.283378e-13
1.9727661e-12
-8.9366523e-14
2.0598987e-12
-4.0393661e-12
2.0598983e-12
5.5854118e-14
-1.9772346e-12
-3.5076355e-13
-2.2967195e-12
-5.2502821e-13
-1.7739255e-12
-2.2967195e-12
-1.8320135e-12
2.1760749e-12
-2.63631e-13
1.8856336e-12
5.196663e-12
-1.4834847e-12
-2.761425e-12
-3.6908367e-12
1.246663e-12
-3.8651018e-12
-2.7904695e-12
8.4004521e-13
-2.8195135e-12
-3.6037044e-12
-2.6452488e-12
-3.1970865e-12
-2.6452488e-12
-3.2171951e-13
-4.0103216e-12
2.0889423e-12
1.7203028e-13
-2.7323814e-12
1.0433541e-12
-1.7448815e-12
-2.9066456e-12
-6.9929246e-13
2.5916262e-13
1.1304862e-12
1.9727657e-12
-4.0885207e-13
3.2797513e-12
1.7404128e-12
2.5246038e-12
-6.0322481e-14
-1.0478227e-12
2.1179868e-12
9.8526558e-13
1.8856338e-12
-2.234182e-15
7.2386861e-13
-1.3092196e-12
-4.3789568e-13
3.1635749e-12
9.8526601e-13
-1.7649887e-13
6.9482457e-13
-2.3458717e-13
2.680986e-14
-2.1224543e-12
5.786484e-13
3.1725092e-13
-2.0062782e-12
-2.6162052e-12
1.1014424e-12
-2.2386314e-12
4.9151606e-13
-2.234182e-15
-2.3257635e-12
1.5661483e-12
-3.1970865e-12
2.0018102e-12
-9.3164571e-13
-1.0768668e-12
-1.0768668e-12
1.2757071e-12
-2.0353226e-12
1.0433539e-12
-9.8973466e-13
-2.1224552e-12
-1.8610575e-12
1.2176186e-12
9.2717771e-13
-5.346351e-12
7.5291287e-13
4.3342773e-13
5.7864797e-13
2.680986e-14
1.0143101e-12
4.3342752e-13
-1.4745483e-13
7.8195713e-13
1.101442e-12
5.786484e-13
-2.0643667e-12
2.6988689e-12
-1.3673076e-12
-7.8642545e-13
-5.4334844e-12
-1.3963521e-12
-1.4834847e-12
1.3628392e-12
-1.1059108e-12
3.5121038e-12
-3.7198803e-12
-2.383852e-12
-2.383852e-12
-2.234182e-15
-5.8311673e-13
-6.9929289e-13
-3.6908367e-12
-5.0849542e-12
-3.5456171e-12
-6.6533367e-12
1.0433539e-12
-3.8070137e-12
7.2386861e-13
-7.0599551e-12
3.4249717e-12
-2.5000282e-12
-3.6617931e-12
2.8440898e-12
-1.4834847e-12
5.786484e-13
-3.1680433e-12
4.0929868e-12
-1.6577489e-12
6.0769244e-13
7.5291287e-13
-3.8651009e-12
2.2341629e-12
-3.255175e-12
2.4374717e-12
-2.1805433e-12
-1.4544402e-12
3.250707e-12
-2.2967195e-12
-2.0554291e-13
-1.1059108e-12
-2.7323805e-12
-4.6694013e-13
-1.3963521e-12
-2.63631e-13
-1.7448815e-12
2.0107432e-13
2.7860012e-12
-2.9267525e-13
-1.764993e-13
7.2386861e-13
-3.3132635e-12
1.0143098e-12
-2.0554335e-13
-3.5076399e-13
6.6578074e-13
-6.7024885e-13
1.8856336e-12
-1.5996604e-12
2.6407806e-12
-7.5738097e-13
-2.63631e-13
8.6908925e-13
-2.383852e-12
2.6117363e-12
-1.1639989e-12
2.6988689e-12
2.524604e-12
-2.7904695e-12
3.5992366e-12
-4.0885207e-13
1.3047511e-12
2.6809643e-14
1.0723984e-12
-2.2967195e-12
1.4209275e-12
-1.80297e-12
4.1220308e-12
-1.1059108e-12
-4.6694013e-13
3.7533944e-13
2.4955602e-12
6.30034e-12
-8.1546949e-13
2.6988689e-12
1.4790158e-12
-3.3423076e-12
3.0764423e-12
-2.8485575e-12
2.7860012e-12
8.4004499e-13
1.1304864e-12
7.8195713e-13
-1.1639989e-12
-1.2801755e-12
1.0143098e-12
1.1014424e-12
-1.2511315e-12
1.5371039e-12
2.1179866e-12
-6.4120481e-13
2.6117363e-12
-4.475028e-12
-6.7024885e-13
-4.3789568e-13
-1.0187778e-12
2.3011858e-13
1.0723981e-12
2.98931e-12
4.9151584e-13
-3.127844e-14
2.4374719e-12
5.4960393e-13
-3.3132635e-12
3.8025451e-12
2.0107432e-13
2.3503393e-12
4.238207e-12
2.2632072e-12
-1.9191456e-12
1.5080597e-12
-1.5706168e-12
-8.4451353e-13
1.2176186e-12
2.3793838e-12
1.6242367e-12
-1.1059108e-12
-4.6694013e-13
-4.358851e-12
3.6282808e-12
-2.0062782e-12
3.4249717e-12
5.7864797e-13
-2.0554291e-13
1.9146776e-12
-3.2171951e-13
1.6823247e-12
-6.7024885e-13
1.6823247e-12
-1.1841079e-13
1.7404128e-12
-1.3963521e-12
5.9227662e-12
-1.5415728e-12
2.0598983e-12
4.3543836e-12
2.6809643e-14
6.0769244e-13
1.3047511e-12
-1.5996608e-12
3.8606336e-12
-4.6202486e-12
2.263207e-12
-2.8485575e-12
-3.5165718e-12
1.1595305e-12
-4.0393661e-12
-2.0554291e-13
1.4209277e-12
-2.2095873e-12
-4.6694013e-13
1.0433539e-12
-1.1059108e-12
2.9021776e-12
-1.338264e-12
-1.3382636e-12
-3.9231899e-12
1.1394241e-13
8.4004521e-13
-2.4419401e-12
1.5371043e-12
1.3337952e-12
-4.9598417e-13
6.9482457e-13
-9.3164571e-13
1.0723984e-12
3.7533944e-13
-2.2386314e-12
2.6698246e-12
-2.4128961e-12
2.5536485e-12
-5.2502821e-13
2.5916262e-13
3.1926189e-12
-3.1970865e-12
1.50806e-12
8.4898377e-14
1.1595307e-12
-2.2386309e-12
3.1725114e-13
-2.0934107e-12
2.5916284e-13
-2.1514988e-12
3.1725114e-13
1.9437217e-12
-2.0062782e-12
1.9146776e-12
1.1304864e-12
-3.7980803e-13
1.9437221e-12
-2.0353226e-12
1.7694573e-12
2.2341632e-12
-5.5407268e-13
1.7203071e-13
9.852658e-13
-3.6327488e-12
2.98931e-12
-1.0768668e-12
-4.3789568e-13
2.3503393e-12
-6.9929246e-13
-4.6694013e-13
2.5826925e-12
5.2055967e-13
2.8440893e-12
-4.7364248e-12
3.7154134e-12
-3.9522335e-12
1.2176186e-12
4.3342773e-13
-1.3673076e-12
-2.6363143e-13
-1.7448815e-12
1.8275455e-12
-2.5290727e-12
1.1885745e-12
1.3628392e-12
-1.2511315e-12
6.3673649e-13
-3.4875282e-12
1.566148e-12
-9.6069019e-13
-3.4875282e-12
1.6532806e-12
-1.4253966e-12
-1.890102e-12
-1.0478223e-12
1.0433539e-12
-4.475028e-12
-1.6577489e-12
-5.2502864e-13
-5.4044408e-12
4.3253396e-12
-3.1099544e-12
2.3503395e-12
-5.2502821e-13
1.5080597e-12
-1.4544402e-12
-8.936674e-14
-2.2386314e-12
8.9813351e-13
-4.6694056e-13
1.9146776e-12
1.1595305e-12
1.2176186e-12
1.7404128e-12
8.4898377e-14
1.3047509e-12
3.7533944e-13
-2.7033369e-12
-2.3458717e-13
-3.0809103e-12
-2.6742929e-12
-1.3382636e-12
1.0723979e-12
-2.1805433e-12
-3.6327488e-12
-2.5290727e-12
-2.5290727e-12
-5.8311673e-13
-5.2882638e-12
-4.0103216e-12
-1.4544402e-12
1.7203028e-13
-8.7355757e-13
-1.2801751e-12
-4.1264995e-12
1.6823247e-12
-5.5407225e-13
3.7533944e-13
-2.2095873e-12
-3.6327488e-12
3.1054868e-12
-5.8311673e-13
-2.6162052e-12
-7.2833693e-13
1.566148e-12
-4.3789568e-13
-1.4745505e-13
-4.0885207e-13
2.4955602e-12
-3.8070137e-12
1.5661479e-12
-6.7024885e-13
-1.3673076e-12
8.4898377e-14
-2.0353222e-12
-1.7739255e-12
1.5080597e-12
2.1470308e-12
1.9437217e-12
-2.877602e-12
-6.0322481e-14
1.1595305e-12
-3.5076399e-13
9.5622197e-13
-2.5871607e-12
3.5121042e-12
1.6242366e-12
-2.3458717e-13
-5.2502821e-13
-9.6069019e-13
-2.9066456e-12
5.786484e-13
1.1394241e-13
-8.4451353e-13
6.6578053e-13
-2.4128961e-12
1.2757069e-12
-2.8195135e-12
2.0598983e-12
1.6823245e-12
2.9602659e-12
-1.7158374e-12
1.3628392e-12
-4.0393661e-12
1.7985011e-12
-7.2833693e-13
1.1394198e-13
-9.0260162e-13
-2.3458717e-13
2.0889425e-12
-3.4003956e-12
6.0769201e-13
-2.3838524e-12
2.9312217e-12
1.6242366e-12
6.3673649e-13
1.1304862e-12
-1.5125283e-12
-5.2502821e-13
2.8820688e-13
-4.3878963e-12
-6.7024885e-13
-1.3092196e-12
-2.0353226e-12
-2.5290727e-12
1.5371041e-12
-2.4128961e-12
-1.1349549e-12
4.3342752e-13
7.5291287e-13
-1.193043e-12
-7.5738097e-13
-9.6069019e-13
-1.9481901e-12
1.8275455e-12
5.5853901e-14
-1.4745483e-13
-1.8029696e-12
-1.7649887e-13
-1.2511315e-12
2.0598983e-12
-1.8320135e-12
2.756957e-12
-8.7355757e-13
-2.8195135e-12
3.2797513e-12
-7.2833693e-13
-6.7024885e-13
-2.6162052e-12
-1.6867934e-12
-6.1216077e-13
-2.2095869e-12
-1.890102e-12
7.2386861e-13
2.9893102e-12
-1.3092196e-12
1.8275455e-12
-1.8320135e-12
2.3212953e-12
-9.0260205e-13
-3.2171951e-13
4.0438326e-13
-1.3382636e-12
3.1054866e-12
-2.9066456e-12
1.50806e-12
-2.7904695e-12
5.5853901e-14
-3.255175e-12
-2.5871607e-12
3.1926189e-12
-1.4253957e-12
1.50806e-12
5.7864797e-13
-1.1841057e-13
-1.1930434e-12
2.4084276e-12
-5.5407225e-13
-5.8311673e-13
-1.6577489e-12
-2.6162052e-12
-9.6069019e-13
-3.2171951e-13
-1.2511315e-12
4.9643098e-12
-1.6577489e-12
1.1304864e-12
-7.2833693e-13
-1.0187783e-12
-5.2502821e-13
-2.8195135e-12
1.5661484e-12
-1.7739255e-12
1.7404128e-12
2.4665159e-12
1.8856336e-12
-3.7980759e-13
-1.1059108e-12
2.3793838e-12
-6.9929289e-13
6.3673649e-13
8.9813329e-13
-2.0353226e-12
4.4705602e-12
8.1100095e-13
4.2672515e-12
-2.2386314e-12
2.2051187e-12
-3.6037044e-12
1.6823247e-12
-1.6287049e-12
1.5371042e-12
1.8856336e-12
-2.234182e-15
1.246663e-12
2.0889425e-12
-2.9066456e-12
2.553648e-12
-1.8029696e-12
2.4084278e-12
7.2386861e-13
2.8150455e-12
-2.6452488e-12
6.6578053e-13
-1.1639989e-12
-1.0187787e-12
-1.2511315e-12
3.0764423e-12
3.1725092e-13
2.2341629e-12
-2.234182e-15
1.9146776e-12
3.4629518e-13
1.3337952e-12
-6.7024885e-13
-3.1278223e-14
5.4960414e-13
-6.1216077e-13
1.1014424e-12
3.6573253e-12
-2.5000282e-12
3.0183542e-12
1.1394241e-13
4.267251e-12
-1.5415728e-12
2.0107454e-13
-3.1278223e-14
3.8025451e-12
8.4004499e-13
-4.2717193e-12
1.2757071e-12
-3.7489248e-12
5.225707e-12
3.9477662e-12
-9.0260205e-13
4.0438348e-13
-7.283378e-13
-5.5407225e-13
-1.6867934e-12
4.0929868e-12
-3.3423076e-12
1.8856336e-12
-3.6908367e-12
1.3337952e-12
1.6242364e-12
8.4004499e-13
6.3673605e-13
5.5853901e-14
-9.8973466e-13
1.1014424e-12
2.1470306e-12
-6.4120481e-13
9.5622197e-13
4.1220304e-12
-9.6069019e-13
-1.2220879e-12
7.2386883e-13
-8.1546949e-13
2.5536483e-12
8.4897943e-14
-2.2095873e-12
-4.6693969e-13
-8.4451353e-13
-1.0478227e-12
-4.3789568e-13
5.7864797e-13
2.3011858e-13
1.1394198e-13
3.4629518e-13
3.3668836e-12
7.8195713e-13
-4.6694013e-13
1.6823246e-12
2.680986e-14
-7.5738141e-13
2.1470306e-12
2.7569572e-12
-8.1546949e-13
3.4629518e-13
1.2176186e-12
-9.3164571e-13
2.0018102e-12
-2.7904695e-12
1.7694569e-12
1.4298645e-13
2.5826923e-12
3.5411481e-12
1.6242367e-12
9.852658e-13
5.0223987e-12
2.8440893e-12
3.9187221e-12
-2.0353226e-12
2.6117366e-12
3.9477662e-12
1.4298645e-13
5.8356341e-12
-4.0885207e-13
4.3543836e-12
3.1725092e-13
1.3628392e-12
1.3047509e-12
-6.072455e-12
7.8195713e-13
-2.4419401e-12
-2.3458717e-13
3.1725114e-13
-1.0187783e-12
1.4298645e-13
-1.1059108e-12
2.4084278e-12
-2.1514988e-12
6.3673649e-13
1.1595305e-12
-2.0554291e-13
-8.7355801e-13
-1.2511315e-12
-7.8642545e-13
-1.7649887e-13
1.3047509e-12
4.9151563e-13
3.744457e-12
1.4209275e-12
-1.7158374e-12
-1.8320135e-12
-1.7649887e-13
1.4298645e-13
-7.8642545e-13
1.7203071e-13
3.773501e-12
-4.1264986e-12
1.4209275e-12
3.1725092e-13
-1.3673081e-12
4.0438348e-13
-4.9598417e-13
1.101442e-12
3.1054866e-12
9.5622154e-13
-2.4709846e-12
1.8565895e-12
-1.5415728e-12
-1.222087e-12
-1.1930425e-12
-2.5871603e-12
-4.6492931e-12
-2.7323805e-12
-4.2136303e-12
-1.222087e-12
-9.3164614e-13
-1.5996604e-12
-9.8973466e-13
3.3959279e-12
-5.8311673e-13
-1.8320139e-12
1.7694571e-12
1.1304864e-12
-3.3423076e-12
2.8731336e-12
5.205601e-13
3.8025451e-12
-3.3132635e-12
4.4415162e-12
-5.5407225e-13
7.2386861e-13
7.8195713e-13
2.1760749e-12
4.624718e-13
-2.2095869e-12
1.1394241e-13
-1.3963521e-12
1.101442e-12
-7.5738097e-13
1.3047509e-12
1.7694571e-12
5.786484e-13
5.5853901e-14
3.4540159e-12
-1.1349553e-12
5.777546e-12
-3.7980803e-13
1.0723981e-12
-1.8901024e-12
5.0514423e-12
-7.5738141e-13
3.4540159e-12
-7.5738097e-13
5.0514423e-12
-1.2220879e-12
1.1304864e-12
2.7860012e-12
9.2717728e-13
1.8565895e-12
3.250707e-12
9.5622154e-13
3.7533922e-13
-2.9267525e-13
1.8856336e-12
-4.0885207e-13
8.1100117e-13
4.3342752e-13
8.9813351e-13
-2.2095873e-12
2.1179863e-12
2.0889425e-12
2.5916262e-13
-6.4120481e-13
2.4955597e-12
3.018354e-12
8.6908947e-13
7.2386861e-13
1.3628392e-12
6.6578053e-13
6.9482479e-13
3.2216627e-12
3.1725092e-13
1.6532805e-12
9.2717728e-13
2.263207e-12
3.3378393e-12
-5.2502821e-13
1.3337952e-12
5.5854118e-14
3.9477662e-12
-8.9366089e-14
3.6863685e-12
3.4629496e-13
1.7694571e-12
1.5951922e-12
1.3047511e-12
1.4209277e-12
2.4374717e-12
2.8820688e-13
2.1470306e-12
1.7694571e-12
4.8481336e-12
-2.2967195e-12
2.0308542e-12
-5.8311673e-13
6.9482479e-13
9.2717728e-13
-1.193043e-12
-2.6363143e-13
-3.0228227e-12
-2.877602e-12
-2.7033369e-12
2.3011858e-13
-2.7904695e-12
-1.7448815e-12
6.6578053e-13
-7.8642545e-13
-3.7980759e-13
-1.5706164e-12
-4.2426748e-12
-1.5996608e-12
-2.0353226e-12
2.6407806e-12
-4.0103216e-12
1.4499715e-12
-1.7158374e-12
-2.1224552e-12
-1.2220879e-12
-2.0353226e-12
-2.1224552e-12
-4.6694013e-13
1.8565895e-12
2.3011858e-13
-2.0353226e-12
-3.6617931e-12
-1.2801755e-12
3.0183542e-12
-2.0643667e-12
1.3047509e-12
-2.9356897e-12
-3.1278223e-14
-7.8642545e-13
-4.0684105e-12
1.8856336e-12
-3.3423076e-12
-3.1278223e-14
-2.0554291e-13
-2.9937782e-12
-3.1680433e-12
-1.8610584e-12
-3.1278223e-14
-2.7033369e-12
-9.8973379e-13
-1.1930425e-12
-2.5290727e-12
-2.7904695e-12
7.8195713e-13
-7.8642588e-13
-1.4745483e-13
-6.0322481e-14
3.8025451e-12
-4.852601e-12
-2.63631e-13
-2.383852e-12
2.0107475e-13
1.7694571e-12
-1.890102e-12
1.7113688e-12
1.1304864e-12
2.7569572e-12
7.5291287e-13
3.5701923e-12
-2.3257635e-12
1.4790158e-12
-6.1216077e-13
-1.6287049e-12
4.3342773e-13
-1.1349549e-12
-8.7355757e-13
-5.2502821e-13
-1.4544402e-12
1.7203071e-13
-1.2801755e-12
-3.7779693e-12
-1.0187783e-12
-1.4834842e-12
4.3342773e-13
9.852658e-13
1.0143098e-12
-2.0554291e-13
1.5951922e-12
3.2216627e-12
1.0143101e-12
2.4084276e-12
-1.8029696e-12
2.3011879e-13
-9.0260205e-13
4.4415157e-12
-5.2592193e-12
2.3503395e-12
-1.1841057e-13
-2.9647337e-12
-7.8642588e-13
-6.1216077e-13
-4.0885207e-13
-1.2801755e-12
-8.4451397e-13
2.9602659e-12
-1.3673076e-12
7.8195691e-13
-1.4253957e-12
-2.6742929e-12
-2.761425e-12
-5.5407225e-13
-2.9356897e-12
8.9813329e-13
-2.63631e-13
-1.1930425e-12
-9.8973466e-13
3.1054866e-12
-2.9647337e-12
2.8820709e-13
-5.2502821e-13
-8.7355757e-13
3.0764423e-12
-1.6577489e-12
-1.1841079e-13
-8.7355757e-13
7.2386883e-13
2.5916262e-13
2.8820688e-13
9.2717728e-13
-1.4745483e-13
5.205601e-13
-4.9598417e-13
3.1725092e-13
-1.6287053e-12
-4.2717193e-12
-1.9481901e-12
-3.1680433e-12
-8.1546949e-13
1.1595305e-12
2.6407806e-12
2.1470306e-12
-9.3164571e-13
-1.7649887e-13
-4.0885207e-13
-9.8973466e-13
1.0723984e-12
2.4374719e-12
1.0143101e-12
1.6823245e-12
-2.7904695e-12
-5.2502821e-13
-3.3713512e-12
-1.5706164e-12
-1.2511315e-12
1.0143098e-12
2.3011879e-13
-1.5706164e-12
1.2176186e-12
9.2717771e-13
-1.9481901e-12
-1.0187783e-12
-9.8973466e-13
1.3047511e-12
1.8275451e-12
1.1595305e-12
2.9021774e-12
2.1179863e-12
-3.5076312e-13
-9.3164571e-13
-3.255175e-12
-5.2502821e-13
-1.5415728e-12
3.250707e-12
-2.63631e-13
9.5622154e-13
-2.2095873e-12
-3.5076355e-13
2.3011858e-13
4.3342752e-13
1.2757069e-12
-3.8651009e-12
3.4249717e-12
1.4790158e-12
-4.9598417e-13
1.8856336e-12
-2.3458739e-13
-3.6327488e-12
2.4374719e-12
-3.1680433e-12
1.1885745e-12
1.0723984e-12
1.3047509e-12
-6.9929289e-13
2.0889425e-12
-6.9929333e-13
-7.2833693e-13
-2.7033369e-12
-3.1970873e-12
-1.338264e-12
-5.2502821e-13
2.030854e-12
-1.4834847e-12
-1.8320131e-12
3.4540159e-12
-2.3257635e-12
-1.5415728e-12
2.0889423e-12
-2.4128965e-12
3.0183544e-12
-7.5738097e-13
4.3543836e-12
1.7203049e-13
2.3011879e-13
-4.9598417e-13
1.1595305e-12
-1.8029696e-12
1.5661483e-12
8.4898377e-14
8.4898377e-14
6.3673649e-13
-1.0187783e-12
2.5536483e-12
1.3628396e-12
2.5916262e-13
1.1885745e-12
-1.9772346e-12
1.4209275e-12
2.4374719e-12
1.8856336e-12
1.4499718e-12
-1.5706168e-12
6.9482479e-13
-3.7980759e-13
2.8440895e-12
-5.8311673e-13
3.3959276e-12
-2.4709841e-12
1.798501e-12
1.3337952e-12
1.1014424e-12
-1.4544402e-12
3.744457e-12
7.8195691e-13
9.271775e-13
2.680986e-14
2.3011879e-13
2.8150455e-12
6.9482457e-13
2.0107475e-13
3.7533944e-13
-8.7355757e-13
1.1394241e-13
-4.0103216e-12
-6.0322481e-14
-1.7158374e-12
3.7533944e-13
-4.0885207e-13
-3.1278223e-14
1.9437221e-12
4.6247159e-13
-2.6742929e-12
-1.8901024e-12
-1.6867934e-12
-2.4419405e-12
1.3628394e-12
1.3918835e-12
-3.7779693e-12
1.8275455e-12
2.6117363e-12
5.7864797e-13
-1.4253957e-12
3.0764421e-12
5.4960414e-13
-1.3673076e-12
-3.3132635e-12
2.4374721e-12
6.3673649e-13
-7.5738097e-13
1.9437221e-12
-8.4451353e-13
-3.981278e-12
3.5701923e-12
-2.9647337e-12
-5.8311673e-13
-2.761425e-12
-3.6037044e-12
-2.1224552e-12
-1.5996608e-12
-1.7649887e-13
-4.0885207e-13
8.6908925e-13
-1.1059108e-12
-1.6577489e-12
-2.0353226e-12
-1.7739255e-12
4.624718e-13
1.6823245e-12
-1.0187787e-12
2.5246042e-12
-3.1099544e-12
1.7404128e-12
9.5622154e-13
1.4790158e-12
3.1725114e-13
-1.2220874e-12
-2.4419405e-12
-9.3164571e-13
-9.3164571e-13
4.6247159e-13
-1.8029696e-12
3.250707e-12
-1.8901024e-12
5.2055989e-13
-1.890102e-12
3.7533944e-13
-6.8566455e-12
6.6578074e-13
-3.2261305e-12
-4.3789568e-13
-2.5290727e-12
6.6578053e-13
-3.0518667e-12
-1.338264e-12
-1.4544402e-12
1.7694571e-12
-3.0518667e-12
2.3793838e-12
-4.1555431e-12
3.5992366e-12
-1.5996604e-12
-4.9598373e-13
-1.7448815e-12
-1.2801759e-12
1.6242364e-12
8.4004521e-13
2.5536483e-12
-5.2502821e-13
8.4898377e-14
2.1470306e-12
-1.6577489e-12
2.1760744e-12
-2.8195135e-12
-2.1514988e-12
2.3212951e-12
2.3011879e-13
3.4629518e-13
1.6242366e-12
-2.7904695e-12
1.4209275e-12
-1.5706168e-12
2.030854e-12
-9.8973466e-13
1.2757071e-12
-2.9267525e-13
2.1760746e-12
6.0769244e-13
3.1635747e-12
3.2216627e-12
-4.0885207e-13
6.9482457e-13
3.1345306e-12
-3.6327488e-12
-8.4451353e-13
1.2757071e-12
3.2797513e-12
8.4004521e-13
3.4249717e-12
-2.1224552e-12
8.4898377e-14
5.4960393e-13
1.7203028e-13
-1.764993e-13
3.1926189e-12
-2.9647337e-12
1.7203071e-13
-1.7158374e-12
1.5371041e-12
-7.5738141e-13
-8.1546949e-13
7.8195691e-13
1.3047511e-12
-2.0554335e-13
-3.2171951e-13
-8.7355757e-13
-3.1389988e-12
7.2386883e-13
-4.3789568e-13
4.6738685e-12
-1.8029696e-12
-1.4544402e-12
-2.9267525e-13
3.8025451e-12
1.9437221e-12
-8.936674e-14
7.2386883e-13
-1.7739255e-12
-7.5738097e-13
9.852658e-13
-2.0353226e-12
8.4898377e-14
-2.63631e-13
-3.4875282e-12
-1.4745483e-13
-1.9191456e-12
-3.4294401e-12
-1.5996608e-12
-2.6452488e-12
-3.1278223e-14
-6.1216077e-13
-1.3092196e-12
8.6908969e-13
-3.5076355e-13
2.8820709e-13
-3.8651009e-12
7.5291287e-13
-9.3164571e-13
-5.2502864e-13
-1.8610575e-12
1.8856336e-12
-2.3458717e-13
1.4499718e-12
-1.2220874e-12
-6.4120437e-13
-2.9647337e-12
-7.8642588e-13
-4.0684105e-12
3.018354e-12
-2.7904695e-12
5.4960414e-13
-4.0885207e-13
4.4124717e-12
-7.8642588e-13
1.188575e-12
1.4499715e-12
2.4955602e-12
2.3212953e-12
7.8195713e-13
4.6738685e-12
9.271775e-13
1.8565895e-12
1.3918835e-12
-6.1216077e-13
-3.5076355e-13
8.9813329e-13
-3.1278223e-14
-1.764993e-13
3.2216627e-12
-1.890102e-12
3.9768098e-12
1.5951925e-12
3.6863689e-12
4.9151606e-13
2.8820709e-13
2.8731334e-12
3.7533944e-13
5.2055967e-13
7.2386883e-13
-2.9066456e-12
-1.8029696e-12
-2.3458717e-13
-2.2095873e-12
-1.0478227e-12
-8.936674e-14
1.101442e-12
2.4084278e-12
2.4374717e-12
1.4298645e-13
2.7860012e-12
-6.1216077e-13
5.7864797e-13
9.8526601e-13
2.8820709e-13
4.9151563e-13
3.3668836e-12
2.0308542e-12
-2.8485575e-12
-8.7355757e-13
-8.1546949e-13
1.479016e-12
1.7404128e-12
-1.7158379e-12
1.6532804e-12
-2.3548075e-12
-5.8311673e-13
4.7900455e-12
-4.9978216e-12
-9.6069019e-13
-4.2136303e-12
1.8856336e-12
-3.3132635e-12
-1.6577489e-12
9.852658e-13
-2.63631e-13
-2.4709846e-12
1.1595307e-12
1.0143098e-12
-2.7904695e-12
8.1100117e-13
-2.1514992e-12
-8.1546949e-13
-1.5706168e-12
1.2466626e-12
-1.0478227e-12
-1.5125283e-12
1.7694571e-12
-2.9267525e-13
4.6247159e-13
3.1725114e-13
2.5916262e-13
1.1394241e-13
-1.7739255e-12
-2.2386314e-12
2.0018102e-12
1.8275455e-12
-7.2833693e-13
3.3959276e-12
-3.0809103e-12
1.0433539e-12
-1.4745505e-13
3.1725092e-13
1.5951922e-12
2.6698246e-12
-4.0393661e-12
5.0223987e-12
-8.1546949e-13
4.6738685e-12
-1.7739255e-12
-8.7355757e-13
1.5371043e-12
-1.3963521e-12
2.4374717e-12
-5.8311673e-13
-8.9366523e-14
-2.1224543e-12
5.786484e-13
-1.2801759e-12
2.680986e-14
5.205601e-13
1.8565895e-12
-3.2171995e-13
-2.9267525e-13
7.5291287e-13
7.8195713e-13
-2.7904695e-12
6.0769201e-13
-1.4834847e-12
-1.4745505e-13
1.4209277e-12
-2.9937782e-12
3.7735015e-12
-9.3164571e-13
1.6823247e-12
2.5916284e-13
2.3011879e-13
-4.3789568e-13
1.1394241e-13
-2.2676754e-12
-1.7158374e-12
1.3918835e-12
-2.383852e-12
9.2717771e-13
-1.1639989e-12
1.4499718e-12
1.8275455e-12
-1.4745483e-13
-1.0187787e-12
3.0764423e-12
-2.4419401e-12
2.786001e-12
-2.63631e-13
2.5916284e-13
-9.8973466e-13
4.334273e-13
1.1394241e-13
-1.3092196e-12
1.4499718e-12
-1.3092196e-12
-1.4253957e-12
4.3342773e-13
-1.0478227e-12
-4.0684105e-12
2.6407806e-12
-6.1216077e-13
-9.8973466e-13
-2.9937782e-12
1.9727661e-12
-2.9267525e-13
-7.8642588e-13
-6.7024885e-13
1.4298645e-13
1.4790158e-12
2.4665159e-12
-2.7904695e-12
-1.1930425e-12
-3.6908367e-12
4.238207e-12
-6.7024885e-13
-3.5076399e-13
1.3918837e-12
-3.2261305e-12
-9.8973466e-13
-3.2842195e-12
4.9151606e-13
5.2055989e-13
-7.8642545e-13
2.3011879e-13
-7.5738097e-13
-1.2511315e-12
-2.877602e-12
-7.8642545e-13
-2.4128961e-12
1.8565895e-12
-3.9231908e-12
-1.4253966e-12
-1.5706168e-12
-2.0643667e-12
-4.475028e-12
-2.7033369e-12
-1.5706168e-12
-1.890102e-12
-7.8642545e-13
-3.4003956e-12
-3.0228227e-12
-1.0768668e-12
6.0769201e-13
-2.5290727e-12
-1.4544402e-12
-9.0260205e-13
-1.890102e-12
6.0769201e-13
-6.4120481e-13
7.5291287e-13
1.4209275e-12
-1.2511315e-12
3.4629518e-13
-6.9929333e-13
2.6407806e-12
8.1100095e-13
8.9813329e-13
-2.0643663e-12
1.566148e-12
-3.1278223e-14
1.8275455e-12
-1.8610575e-12
-1.193043e-12
1.6823245e-12
-4.0885207e-13
3.5992361e-12
8.1100117e-13
-2.63631e-13
1.246663e-12
2.0889427e-12
-8.1546949e-13
-1.338264e-12
-1.3963521e-12
2.5916284e-13
5.4960393e-13
2.6117366e-12
-6.7024885e-13
-5.2502864e-13
6.9482479e-13
-1.4834847e-12
2.5246042e-12
1.6532806e-12
2.680986e-14
-1.0187783e-12
7.2386883e-13
-2.234182e-15
-9.0260205e-13
-4.3789568e-13
1.7985011e-12
2.7860012e-12
-2.761425e-12
2.4374719e-12
-9.3164571e-13
-3.2171951e-13
3.1345306e-12
-2.7904695e-12
-8.4451353e-13
1.0433539e-12
2.3212953e-12
-3.2261305e-12
1.9727657e-12
-2.3257631e-12
2.7569572e-12
-7.283378e-13
3.5121042e-12
8.4898377e-14
-1.4253957e-12
-1.3673076e-12
-1.1059108e-12
-4.1555431e-12
1.479016e-12
-2.383852e-12
3.1635747e-12
-2.5871607e-12
1.1394241e-13
5.5854118e-14
3.5411485e-12
-1.4253957e-12
4.3342773e-13
3.4249717e-12
2.2051189e-12
1.2176186e-12
6.0769244e-13
1.5371039e-12
-8.4451397e-13
1.9146776e-12
-1.9191456e-12
4.238207e-12
-3.1389988e-12
8.1100117e-13
8.9813351e-13
-1.6577489e-12
-9.6069019e-13
-8.4451397e-13
1.7694571e-12
9.5622154e-13
1.4209277e-12
-4.8816454e-12
4.1510749e-12
-9.0260205e-13
-1.8610575e-12
1.7203028e-13
2.4374719e-12
4.0438348e-13
2.680986e-14
-2.2095869e-12
-1.7448815e-12
2.0889423e-12
-5.2502821e-13
5.205601e-13
1.4499715e-12
2.3793836e-12
-2.7614259e-12
-1.4745483e-13
4.0438348e-13
-3.4003956e-12
1.7203071e-13
-4.0974541e-12
-1.6287049e-12
-2.4128961e-12
-1.4834847e-12
1.6823246e-12
-2.9647337e-12
1.1394219e-13
9.2717728e-13
-5.2301748e-12
3.1725114e-13
1.4499718e-12
-2.5290722e-12
-4.959846e-13
2.0107475e-13
-4.6694056e-13
1.2757071e-12
-1.1059108e-12
-2.0643667e-12
-4.3789568e-13
-1.5706168e-12
1.8275451e-12
3.4629518e-13
1.1394198e-13
-8.1546949e-13
-8.9366523e-14
-9.0260205e-13
8.4004521e-13
-2.9267525e-13
4.6247159e-13
3.6573244e-12
-2.2095873e-12
1.50806e-12
5.3999721e-12
1.5661483e-12
-3.5076399e-13
2.7279129e-12
-7.2833693e-13
3.1725114e-13
1.8565895e-12
1.246663e-12
1.7203071e-13
4.334273e-13
5.786484e-13
1.9727657e-12
3.4629518e-13
-2.1514992e-12
6.3673627e-13
1.5080597e-12
2.8820753e-13
4.9151606e-13
-6.9929289e-13
1.1394241e-13
2.49556e-12
1.8856336e-12
8.9813351e-13
-1.2511315e-12
-2.0934103e-12
-1.3963521e-12
-2.0554291e-13
2.4084276e-12
-1.9481901e-12
4.6157804e-12
-2.7323814e-12
1.4790158e-12
1.9727657e-12
-3.4003956e-12
-2.7323814e-12
2.5916262e-13
-3.5456163e-12
1.5661483e-12
-3.6037044e-12
1.4790158e-12
-6.9929289e-13
-3.2842195e-12
1.8275455e-12
-3.0809103e-12
-4.6694013e-13
-5.4334844e-12
3.3378393e-12
-4.9978216e-12
-1.5996608e-12
-4.358851e-12
4.8771777e-12
-2.9356897e-12
1.3918837e-12
-6.1216077e-13
-6.1216077e-13
1.3918832e-12
-9.6068975e-13
8.9813351e-13
2.059898e-12
-7.5738097e-13
7.8195713e-13
-6.0322698e-14
1.4298645e-13
1.7404128e-12
-2.5290727e-12
-7.5738097e-13
8.9813351e-13
1.8856336e-12
-1.9772346e-12
-1.8610575e-12
-2.5000282e-12
-1.1059104e-12
-1.0187783e-12
-1.5125283e-12
-1.6287053e-12
-4.6492931e-12
-1.6287049e-12
-2.0643663e-12
-9.0260205e-13
-4.3789568e-13
-1.7739255e-12
-2.9356897e-12
7.5291287e-13
-9.0260205e-13
-8.7355801e-13
-2.7033369e-12
2.5916284e-13
-2.7323814e-12
2.0889425e-12
-1.338264e-12
1.6242363e-12
-3.1099544e-12
4.0438348e-13
2.4955604e-12
-2.9937782e-12
2.5826925e-12
-2.4709846e-12
2.680986e-14
-2.1514988e-12
-9.0260205e-13
8.9813373e-13
1.0433541e-12
2.8820709e-13
1.9727657e-12
2.1179868e-12
1.0433541e-12
1.7985011e-12
-8.9366523e-14
-1.3673076e-12
9.2717771e-13
1.8856336e-12
1.0433539e-12
6.6578053e-13
-1.193043e-12
-2.3458717e-13
-3.5076355e-13
2.4084278e-12
-1.4745505e-13
-2.0554291e-13
2.030854e-12
9.2717771e-13
1.9727657e-12
2.9021778e-12
-2.0554291e-13
1.8275455e-12
1.4298645e-13
3.1345306e-12
6.0769244e-13
-6.0322698e-14
5.6032804e-12
-2.3257631e-12
5.8646777e-12
-2.0554291e-13
-1.8320139e-12
-2.4128965e-12
-4.6694013e-13
2.2922512e-12
-3.6908367e-12
6.3673605e-13
1.479016e-12
-1.4544402e-12
-1.3963521e-12
-2.1514988e-12
6.6578074e-13
-5.1139986e-12
4.6247159e-13
-1.3963517e-12
5.786484e-13
3.4540159e-12
-4.6202486e-12
1.1014424e-12
-2.9647337e-12
2.4374719e-12
-2.7323814e-12
4.5867368e-12
-3.0518667e-12
1.4209277e-12
-7.5738097e-13
3.4629518e-13
7.5291287e-13
1.8275455e-12
-7.2833693e-13
1.4209275e-12
-2.2676758e-12
1.7404128e-12
4.9352657e-12
-1.0478227e-12
9.5622154e-13
-1.6577489e-12
-3.0809103e-12
1.4209277e-12
9.5622197e-13
1.1885745e-12
-5.8311673e-13
-8.1546992e-13
-2.1224543e-12
-2.0554291e-13
-2.4709846e-12
9.5622197e-13
4.0438348e-13
3.4629518e-13
2.8440895e-12
-1.2801755e-12
2.7860012e-12
-6.0322481e-14
2.3212955e-12
-8.7355757e-13
-1.7649887e-13
4.0438348e-13
3.7533944e-13
5.5854118e-14
6.6578053e-13
2.49556e-12
-2.383852e-12
-2.877602e-12
2.6117363e-12
-1.6287049e-12
3.7533922e-13
-3.8941454e-12
-2.7904699e-12
-1.0478227e-12
-1.8610584e-12
3.5121038e-12
-1.5415723e-12
-1.4745505e-13
-1.0768668e-12
-1.3673076e-12
-1.6287049e-12
-4.0885207e-13
-4.0393661e-12
2.5826923e-12
-4.2136303e-12
1.5661483e-12
3.744457e-12
-1.8901016e-12
-1.0478227e-12
-3.9522335e-12
2.3503395e-12
1.188575e-12
-2.1514988e-12
4.8190896e-12
9.2717728e-13
4.624718e-13
-2.5290727e-12
-3.7198803e-12
-8.7355801e-13
1.3047511e-12
1.7203071e-13
6.9482457e-13
-2.2967203e-12
1.2466626e-12
-1.8029696e-12
1.4298645e-13
-5.5407225e-13
-8.1546949e-13
2.524604e-12
-9.8973466e-13
2.263207e-12
-3.8941454e-12
-6.0322481e-14
1.1304864e-12
-2.9356897e-12
2.0598983e-12
1.1394241e-13
-2.4709846e-12
5.8356336e-12
-7.2833693e-13
1.7694571e-12
2.680986e-14
2.5916262e-13
1.9437217e-12
-1.9191456e-12
-1.1841057e-13
-1.0478227e-12
3.1054866e-12
-1.1639989e-12
1.0433539e-12
1.4790158e-12
-3.8651009e-12
3.1725114e-13
-1.1349549e-12
1.3047509e-12
-2.2676754e-12
-1.4253957e-12
4.9151606e-13
3.2797513e-12
-2.2967195e-12
1.8856336e-12
-4.9598417e-13
8.9813373e-13
1.6532804e-12
-8.4451353e-13
-9.8973466e-13
-9.3164571e-13
7.8195691e-13
2.2341629e-12
-5.5407225e-13
-3.1278223e-14
-3.1099544e-12
5.4960414e-13
8.4897943e-14
-6.1216077e-13
-1.0478227e-12
3.1054866e-12
2.3011858e-13
1.3628392e-12
-3.1099544e-12
-1.9772346e-12
9.2717771e-13
-1.0768668e-12
-9.6069019e-13
8.9813351e-13
5.786484e-13
-2.0934107e-12
2.756957e-12
4.9151606e-13
1.2176186e-12
-2.6162052e-12
1.1885745e-12
-2.2095873e-12
4.6157808e-12
-1.9772346e-12
-1.1841057e-13
2.7569572e-12
-1.4834842e-12
-3.2171951e-13
-1.5415728e-12
2.1470308e-12
2.6809643e-14
4.9151606e-13
1.2757071e-12
-2.3458717e-13
1.1014424e-12
-8.7355801e-13
8.4004521e-13
-1.1639989e-12
2.6809643e-14
-1.7739259e-12
-2.2676754e-12
3.4830602e-12
-1.7448815e-12
1.6532804e-12
-3.2171951e-13
-6.1216077e-13
3.1926189e-12
1.7203028e-13
2.263207e-12
-3.7980759e-13
5.4960414e-13
5.2055989e-13
2.0018102e-12
8.9813373e-13
1.0433539e-12
1.6823245e-12
-2.877602e-12
2.0889423e-12
1.4209277e-12
-1.4544402e-12
2.2341629e-12
8.9813373e-13
7.2386861e-13
4.3342773e-13
-8.7355757e-13
1.1885745e-12
-1.3673076e-12
2.6407806e-12
1.3337952e-12
5.2055989e-13
1.3918835e-12
2.3011879e-13
1.5080601e-12
-2.5871607e-12
8.9813351e-13
-1.2220874e-12
-5.5407225e-13
1.3918835e-12
1.4499718e-12
-1.5415728e-12
4.0929868e-12
-3.4294401e-12
1.6242366e-12
2.7860012e-12
1.6532806e-12
-1.6867934e-12
6.3673649e-13
2.1179866e-12
-1.2801755e-12
-2.4128956e-12
1.1885745e-12
8.4004521e-13
8.1100117e-13
1.0723981e-12
-1.9191456e-12
5.5854118e-14
-1.0478223e-12
-6.0322698e-14
-4.0885207e-13
-1.4544402e-12
-4.9598417e-13
-2.1224552e-12
1.1394241e-13
-3.371352e-12
9.5622154e-13
-1.6867934e-12
7.5291287e-13
-4.3878954e-12
1.3337952e-12
1.7694571e-12
-1.6867934e-12
-2.1514988e-12
-2.5290727e-12
9.8526558e-13
-5.5407225e-13
1.4209275e-12
-1.6287049e-12
2.1470306e-12
1.2466626e-12
-5.5407225e-13
1.3628396e-12
1.5371039e-12
-1.0478227e-12
-2.6363143e-13
1.4298645e-13
-1.7739259e-12
1.9146776e-12
-1.5706168e-12
3.3378398e-12
2.0107432e-13
-3.9522335e-12
4.0058542e-12
-2.9647346e-12
-2.2386309e-12
5.2547511e-12
-2.6452488e-12
5.4960414e-13
-2.9267504e-13
3.3668836e-12
5.4960414e-13
-1.4834847e-12
1.7203071e-13
4.3342752e-13
-1.9772346e-12
-1.715837e-12
-2.3257631e-12
2.8440895e-12
-2.4709846e-12
-3.1278223e-14
-2.0643667e-12
-4.0885164e-13
1.0143098e-12
-3.2842195e-12
5.0223983e-12
-3.8941454e-12
-8.936674e-14
-4.5621605e-12
1.7113688e-12
-3.7980759e-13
-2.2095873e-12
3.8896776e-12
8.4898377e-14
-2.0554291e-13
1.3337952e-12
2.3011879e-13
-2.3257635e-12
2.6698246e-12
8.4898377e-14
1.2757071e-12
1.2757071e-12
1.8275455e-12
1.101442e-12
-1.3963521e-12
-2.1224552e-12
-8.1546949e-13
-8.9366523e-14
-1.5706168e-12
2.3503395e-12
-2.0353226e-12
-3.7980759e-13
2.5916284e-13
1.3337952e-12
1.9146776e-12
2.3011879e-13
6.9482457e-13
7.8195713e-13
2.2922512e-12
4.0438326e-13
1.0143098e-12
-2.9267525e-13
5.4960393e-13
-8.4451353e-13
-1.3963521e-12
-4.6694056e-13
3.1635749e-12
2.2051187e-12
2.2922512e-12
-2.5581171e-12
4.7900455e-12
-3.0228227e-12
1.8565891e-12
-2.2095878e-12
5.205601e-13
2.0598983e-12
-2.7033369e-12
-8.9366523e-14
2.9602657e-12
-1.5415728e-12
2.6117368e-12
1.8565895e-12
3.2507074e-12
1.5951923e-12
2.0107475e-13
2.5916262e-13
2.0889425e-12
-1.1059104e-12
-1.8320139e-12
4.5867368e-12
-6.1216077e-13
2.8731334e-12
3.4629518e-13
2.5916284e-13
-9.6069019e-13
7.2386861e-13
-4.6694013e-13
-4.7945137e-12
3.1054866e-12
-1.890102e-12
4.624718e-13
7.5291287e-13
2.6407806e-12
2.3011879e-13
-2.7904695e-12
2.3212953e-12
8.6908925e-13
-1.0478227e-12
-9.6068975e-13
-1.7158374e-12
7.5291287e-13
-2.9356897e-12
-1.2220879e-12
-2.6452488e-12
3.1725114e-13
-2.2676758e-12
-1.5125283e-12
-1.222087e-12
-4.0885207e-13
-3.1389988e-12
4.1801185e-12
-5.0268661e-12
6.3673649e-13
6.3673649e-13
-1.1841079e-13
3.3959276e-12
5.4960393e-13
-1.5996608e-12
-7.5738097e-13
2.9312217e-12
-3.2171951e-13
2.6698246e-12
7.8195713e-13
3.250707e-12
1.1394219e-13
-1.30922e-12
1.1885745e-12
1.3628392e-12
-1.2220874e-12
-1.6867934e-12
-1.5996608e-12
-1.890102e-12
1.0433539e-12
-2.7033369e-12
5.4960414e-13
2.6988689e-12
5.4960393e-13
1.5661483e-12
1.0433539e-12
5.1676189e-12
1.0143098e-12
1.5951922e-12
-2.9267525e-13
-2.9267525e-13
3.3959279e-12
-1.9191456e-12
1.1304862e-12
1.2757071e-12
-2.6742929e-12
4.2091634e-12
-4.9106899e-12
8.9813329e-13
-1.4745483e-13
-3.0518667e-12
1.5951923e-12
1.7113689e-12
-4.3789568e-13
3.4629518e-13
2.680986e-14
3.3378393e-12
-2.4709846e-12
-2.9647337e-12
2.7860012e-12
7.5291287e-13
-2.5000282e-12
2.49556e-12
1.4790158e-12
3.5992361e-12
5.2055967e-13
8.9813373e-13
-6.0322481e-14
-9.0260205e-13
2.2341629e-12
1.4209277e-12
-1.4544402e-12
1.3918837e-12
-2.63631e-13
1.3918832e-12
-9.6069019e-13
1.3047509e-12
-1.2511315e-12
-1.3092196e-12
-1.4745483e-13
-4.0885207e-13
1.479016e-12
7.8195713e-13
3.9187221e-12
-4.6694013e-13
1.7694569e-12
-1.0478227e-12
-1.1841079e-13
7.5291287e-13
1.7694571e-12
-1.3673076e-12
2.0889425e-12
-1.4544402e-12
-4.9598417e-13
2.3793838e-12
-4.0885207e-13
-1.7158374e-12
4.0639423e-12
-3.0228227e-12
6.9482457e-13
8.6908969e-13
-2.1805433e-12
-1.0187783e-12
9.271775e-13
-1.9772346e-12
1.101442e-12
-1.7158374e-12
1.3337952e-12
1.4209275e-12
1.246663e-12
-3.1099544e-12
2.0598983e-12
-3.1680433e-12
4.6157808e-12
-5.8311673e-13
1.1885745e-12
-2.9267525e-13
1.0143098e-12
1.9146781e-12
2.3011879e-13
4.0438326e-13
1.1885745e-12
-5.5407268e-13
1.8856336e-12
3.8025451e-12
2.00181e-12
1.3047511e-12
-1.2801755e-12
-3.7489248e-12
-2.2967195e-12
3.4249717e-12
-2.4419401e-12
5.786484e-13
-1.4544402e-12
-4.8235574e-12
2.6698246e-12
-7.5738097e-13
-3.9231899e-12
3.2216627e-12
2.0889425e-12
1.1394198e-13
9.2717728e-13
1.4790158e-12
1.1595305e-12
-4.0885207e-13
2.3503395e-12
-9.0260205e-13
2.8820688e-13
6.3673649e-13
-1.4253957e-12
8.9813351e-13
8.4898377e-14
1.566148e-12
2.6698246e-12
9.8526601e-13
-1.0478227e-12
2.1760746e-12
2.263207e-12
1.4298645e-13
2.3793836e-12
-2.7323805e-12
1.1014424e-12
1.1014424e-12
-1.0478227e-12
3.1926189e-12
-1.8610575e-12
3.8896776e-12
1.3047511e-12
-4.3789611e-13
3.1725092e-13
2.0107475e-13
-3.5076355e-13
6.0769244e-13
1.4298645e-13
-1.5125283e-12
2.5246042e-12
-1.9191465e-12
-7.8642545e-13
-2.3548075e-12
-6.9929289e-13
8.4004499e-13
-2.63631e-13
2.1760749e-12
-1.9481901e-12
-3.0518667e-12
1.4499718e-12
1.7694573e-12
-3.2842195e-12
-9.6069019e-13
4.9151563e-13
-2.1224552e-12
-1.4834847e-12
-2.9267525e-13
5.2055967e-13
-1.1639989e-12
-2.9647337e-12
-6.1216077e-13
-1.5996608e-12
-1.5996608e-12
-8.4451353e-13
4.0438348e-13
3.1054866e-12
2.4374719e-12
-2.0934107e-12
-1.6867934e-12
1.1595305e-12
1.7203028e-13
3.2216627e-12
1.246663e-12
1.4209275e-12
7.8195713e-13
6.6578053e-13
-2.9066456e-12
-6.1216077e-13
-4.6694013e-13
-2.4128961e-12
1.4499718e-12
-2.5581163e-12
2.0598983e-12
-2.7904695e-12
-1.1349544e-12
-5.5407225e-13
-2.0554291e-13
1.5951922e-12
-7.5738097e-13
1.7404128e-12
2.4084276e-12
-1.5125283e-12
5.1385753e-12
-2.5290727e-12
1.4790158e-12
-4.1555431e-12
5.3999721e-12
-2.2676754e-12
2.3212953e-12
-8.9366523e-14
2.8820688e-13
-1.3092196e-12
-1.4834847e-12
2.2922512e-12
-3.1278223e-14
-7.8642545e-13
-9.8973466e-13
8.4897943e-14
-8.1546949e-13
2.5826923e-12
-3.2261305e-12
-9.8973466e-13
-5.5407225e-13
-3.4875282e-12
3.0764425e-12
2.7860012e-12
3.7533922e-13
2.9021778e-12
-2.0643667e-12
2.3011858e-13
-1.6867925e-12
-2.4128961e-12
1.0433539e-12
-1.6287049e-12
1.5661483e-12
