-1.8193451e-10
-1.8163689e-10
-1.8297619e-10
-1.80625e-10
-1.8133926e-10
-1.8247023e-10
-1.821131e-10
-1.8196426e-10
-1.8315476e-10
-1.8059522e-10
-1.8005952e-10
-1.7797619e-10
-1.7991071e-10
-1.8130952e-10
-1.7979165e-10
-1.7883928e-10
-1.8086309e-10
-1.7907735e-10
-1.7991068e-10
-1.7892855e-10
-1.7982142e-10
-1.8107141e-10
-1.8107141e-10
-1.8092262e-10
-1.7991071e-10
-1.8002974e-10
-1.7866068e-10
-1.8071428e-10
-1.8184525e-10
-1.7994047e-10
-1.7916667e-10
-1.7982142e-10
-1.7970236e-10
-1.8014881e-10
-1.7886903e-10
-1.7958333e-10
-1.8035713e-10
-1.7928571e-10
-1.7877974e-10
-1.7985118e-10
-1.7872023e-10
-1.8247023e-10
-1.8151784e-10
-1.8252976e-10
-1.7934522e-10
-1.8184525e-10
-1.8011906e-10
-1.8232142e-10
-1.8113096e-10
-1.8247023e-10
-1.8357142e-10
-1.8220238e-10
-1.8244048e-10
-1.8312496e-10
-1.8395833e-10
-1.8255951e-10
-1.8261904e-10
-1.8273807e-10
-1.8148807e-10
-1.8017857e-10
-1.8113094e-10
-1.8139881e-10
-1.8139878e-10
-1.7949403e-10
-1.7904764e-10
-1.8252974e-10
-1.80625e-10
-1.7967261e-10
-1.7988093e-10
-1.8110116e-10
-1.8065476e-10
-1.7970236e-10
-1.7833335e-10
-1.7845239e-10
-1.8065477e-10
-1.7907739e-10
-1.7973212e-10
-1.7904761e-10
-1.8217261e-10
-1.792262e-10
-1.8002977e-10
-1.7833331e-10
-1.8035713e-10
-1.7994047e-10
-1.777381e-10
-1.8077381e-10
-1.8267859e-10
-1.8068452e-10
-1.8113094e-10
-1.8065476e-10
-1.8071428e-10
-1.7895831e-10
-1.802976e-10
-1.8032738e-10
-1.782738e-10
-1.7982142e-10
-1.8127973e-10
-1.8020832e-10
-1.8008928e-10
-1.8437499e-10
-1.8535715e-10
-1.8419641e-10
-1.8294639e-10
-1.844345e-10
-1.8601193e-10
-1.8226189e-10
-1.8413687e-10
-1.817857e-10
-1.8235119e-10
-1.8267857e-10
-1.8252976e-10
-1.7928571e-10
-1.8095238e-10
-1.8056547e-10
-1.8166665e-10
-1.8127976e-10
-1.810119e-10
-1.8294642e-10
-1.8095235e-10
-1.8169639e-10
-1.8199404e-10
-1.7999999e-10
-1.7895833e-10
-1.7931547e-10
-1.8059525e-10
-1.7880949e-10
-1.8133928e-10
-1.8172616e-10
-1.7946428e-10
-1.7937501e-10
-1.7883928e-10
-1.80625e-10
-1.7991071e-10
-1.8154758e-10
-1.797619e-10
-1.8199404e-10
-1.802976e-10
-1.8083332e-10
-1.810119e-10
-1.8136903e-10
-1.8098215e-10
-1.8214286e-10
-1.8440474e-10
-1.8330357e-10
-1.8252976e-10
-1.8294642e-10
-1.8249999e-10
-1.8220236e-10
-1.8211307e-10
-1.8065476e-10
-1.8232142e-10
-1.8050594e-10
-1.7937501e-10
-1.8077381e-10
-1.820238e-10
-1.8139878e-10
-1.8127973e-10
-1.8339283e-10
-1.8089284e-10
-1.7999997e-10
-1.8193451e-10
-1.8044641e-10
-1.815476e-10
-1.8050592e-10
-1.7999997e-10
-1.8011906e-10
-1.8110119e-10
-1.8110119e-10
-1.7967261e-10
-1.8220236e-10
-1.796131e-10
-1.8074403e-10
-1.8110116e-10
-1.8011903e-10
-1.7872026e-10
-1.7955358e-10
-1.8041665e-10
-1.8110119e-10
-1.7874997e-10
-1.7907736e-10
-1.8023812e-10
-1.8008928e-10
-1.7874999e-10
-1.8125e-10
-1.797619e-10
-1.8020832e-10
-1.7747023e-10
-1.7744048e-10
-1.8065476e-10
-1.8047619e-10
-1.7925596e-10
-1.8139878e-10
-1.8401786e-10
-1.8241073e-10
-1.8130951e-10
-1.8113094e-10
-1.816369e-10
-1.8139881e-10
-1.8059522e-10
-1.8229167e-10
-1.8461309e-10
-1.8264881e-10
-1.8395833e-10
-1.8172616e-10
-1.8342261e-10
-1.8252974e-10
-1.8232142e-10
-1.8312499e-10
-1.8122022e-10
-1.7836306e-10
-1.8312496e-10
-1.8110119e-10
-1.805357e-10
-1.8223213e-10
-1.8184523e-10
-1.8261904e-10
-1.8059522e-10
-1.8157738e-10
-1.8238094e-10
-1.8312499e-10
-1.8071428e-10
-1.7943452e-10
-1.7955358e-10
-1.8184523e-10
-1.8175594e-10
-1.8261902e-10
-1.8199404e-10
-1.8255951e-10
-1.8264881e-10
-1.8005952e-10
-1.8139878e-10
-1.8211307e-10
-1.7910715e-10
-1.7994047e-10
-1.8119045e-10
-1.7925593e-10
-1.7895833e-10
-1.7991073e-10
-1.8130951e-10
-1.7860118e-10
-1.7880952e-10
-1.8008928e-10
-1.7970236e-10
-1.7985118e-10
-1.8020832e-10
-1.8124997e-10
-1.8119047e-10
-1.7958333e-10
-1.8157738e-10
-1.8202381e-10
-1.8166668e-10
-1.8267857e-10
-1.8294642e-10
-1.8267855e-10
-1.8142857e-10
-1.8023812e-10
-1.8113096e-10
-1.7833332e-10
-1.7866071e-10
-1.780357e-10
-1.7910715e-10
-1.8065476e-10
-1.7964284e-10
-1.835119e-10
-1.8309521e-10
-1.8086309e-10
-1.8184523e-10
-1.8321426e-10
-1.8214286e-10
-1.8252978e-10
-1.8291667e-10
-1.825e-10
-1.8074403e-10
-1.8101189e-10
-1.8056547e-10
-1.8059522e-10
-1.7931544e-10
-1.7854167e-10
-1.785119e-10
-1.7994047e-10
-1.7824404e-10
-1.7872022e-10
-1.7726189e-10
-1.7988096e-10
-1.7741072e-10
-1.7735118e-10
-1.7782736e-10
-1.7675596e-10
-1.7773807e-10
-1.7886904e-10
-1.8059522e-10
-1.8080354e-10
-1.8041665e-10
-1.8145832e-10
-1.8059525e-10
-1.8068451e-10
-1.8041665e-10
-1.8032739e-10
-1.8035713e-10
-1.8062497e-10
-1.8190476e-10
-1.8261904e-10
-1.8077378e-10
-1.8172619e-10
-1.8047619e-10
-1.8080357e-10
-1.7883929e-10
-1.7931548e-10
-1.8002974e-10
-1.8369048e-10
-1.8023807e-10
-1.8127973e-10
-1.791369e-10
-1.8267857e-10
-1.8217261e-10
-1.8175597e-10
-1.81875e-10
-1.8020832e-10
-1.8008928e-10
-1.7994047e-10
-1.7979163e-10
-1.7767857e-10
-1.7955355e-10
-1.7979165e-10
-1.8056547e-10
-1.7952378e-10
-1.8101189e-10
-1.825e-10
-1.8154762e-10
-1.8321429e-10
-1.821131e-10
-1.8193451e-10
-1.8217262e-10
-1.8255951e-10
-1.8345239e-10
-1.83125e-10
-1.7964286e-10
-1.816369e-10
-1.838988e-10
-1.8300594e-10
-1.8196426e-10
-1.8083333e-10
-1.8041668e-10
-1.8139881e-10
-1.8232142e-10
-1.8127977e-10
-1.8136906e-10
-1.8026787e-10
-1.8125e-10
-1.7818454e-10
-1.8017857e-10
-1.8059522e-10
-1.7883928e-10
-1.8125e-10
-1.8071426e-10
-1.8220236e-10
-1.7913687e-10
-1.7982142e-10
-1.7851187e-10
-1.8017857e-10
-1.7970236e-10
-1.7925596e-10
-1.8110116e-10
-1.8017858e-10
-1.8068452e-10
-1.8014881e-10
-1.8127976e-10
-1.7928568e-10
-1.7913691e-10
-1.7886907e-10
-1.7842261e-10
-1.7940474e-10
-1.8002974e-10
-1.7791664e-10
-1.8083332e-10
-1.7880952e-10
-1.8002977e-10
-1.7872023e-10
-1.7848212e-10
-1.7970239e-10
-1.8125e-10
-1.800595e-10
-1.7910715e-10
-1.8101189e-10
-1.7904761e-10
-1.805357e-10
-1.8125001e-10
-1.8080358e-10
-1.7985118e-10
-1.7970236e-10
-1.803869e-10
-1.8125e-10
-1.8166665e-10
-1.7922618e-10
-1.7907736e-10
-1.8133928e-10
-1.7937499e-10
-1.7991068e-10
-1.7904761e-10
-1.7755951e-10
-1.7934523e-10
-1.7812499e-10
-1.7892858e-10
-1.7866071e-10
-1.8020833e-10
-1.8261902e-10
-1.8163689e-10
-1.8342264e-10
-1.8321429e-10
-1.8074406e-10
-1.8056545e-10
-1.7907736e-10
-1.7869047e-10
-1.7934523e-10
-1.7883925e-10
-1.785119e-10
-1.8068451e-10
-1.8086307e-10
-1.7880952e-10
-1.7848215e-10
-1.7973212e-10
-1.7982142e-10
-1.7991068e-10
-1.796726e-10
-1.8193454e-10
-1.8020833e-10
-1.8163689e-10
-1.797619e-10
-1.8125e-10
-1.8157738e-10
-1.8020832e-10
-1.8196429e-10
-1.7931547e-10
-1.8181545e-10
-1.803869e-10
-1.7925596e-10
-1.797619e-10
-1.8175597e-10
-1.803869e-10
-1.7827377e-10
-1.7869048e-10
-1.8232144e-10
-1.8011906e-10
-1.8056549e-10
-1.7854167e-10
-1.8125001e-10
-1.830357e-10
-1.8199404e-10
-1.8080354e-10
-1.8127976e-10
-1.8017857e-10
-1.8122025e-10
-1.7901781e-10
-1.785119e-10
-1.780357e-10
-1.7985116e-10
-1.7833332e-10
-1.8104165e-10
-1.8145832e-10
-1.7925593e-10
-1.8038689e-10
-1.8044644e-10
-1.7931547e-10
-1.7776787e-10
-1.7770832e-10
-1.774107e-10
-1.7833332e-10
-1.7892854e-10
-1.7877974e-10
-1.7735116e-10
-1.7979165e-10
-1.7604165e-10
-1.7991071e-10
-1.7999999e-10
-1.8160713e-10
-1.7872022e-10
-1.8107141e-10
-1.8181548e-10
-1.8446428e-10
-1.8193454e-10
-1.832738e-10
-1.8095238e-10
-1.8133926e-10
-1.826488e-10
-1.8184525e-10
-1.80625e-10
-1.8017857e-10
-1.8071428e-10
-1.8020832e-10
-1.7860118e-10
-1.7747025e-10
-1.7744045e-10
-1.782738e-10
-1.7824404e-10
-1.7937499e-10
-1.7991068e-10
-1.817857e-10
-1.8011906e-10
-1.7925593e-10
-1.8020832e-10
-1.7985118e-10
-1.7964281e-10
-1.7970236e-10
-1.8023807e-10
-1.8020833e-10
-1.8032739e-10
-1.8098213e-10
-1.8297619e-10
-1.8125e-10
-1.7970239e-10
-1.8044644e-10
-1.7961309e-10
-1.8199404e-10
-1.8229167e-10
-1.8374999e-10
-1.9011906e-10
-1.9877977e-10
-2.1005953e-10
-2.1755954e-10
-2.2720234e-10
-2.3321428e-10
-2.4056546e-10
-2.4333333e-10
-2.5249999e-10
-2.598512e-10
-2.6386907e-10
-2.6818453e-10
-2.767262e-10
-2.8526786e-10
-2.9211311e-10
-2.9839281e-10
-2.9699404e-10
-2.933333e-10
-2.8752978e-10
-2.8169639e-10
-2.737798e-10
-2.6883928e-10
-2.6139879e-10
-2.6032737e-10
-2.561012e-10
-2.5229163e-10
-2.4502977e-10
-2.4202385e-10
-2.3642857e-10
-2.3494046e-10
-2.3104166e-10
-2.2660709e-10
-2.2440474e-10
-2.203869e-10
-2.1800593e-10
-2.1657739e-10
-2.1267856e-10
-2.124107e-10
-2.0979167e-10
-2.0854163e-10
-2.0675592e-10
-2.0550595e-10
-2.0511901e-10
-2.029464e-10
-2.0434522e-10
-2.0449403e-10
-2.0136903e-10
-1.9997022e-10
-2.0086305e-10
-1.9994047e-10
-2.0139879e-10
-2.0235119e-10
-2.0044641e-10
-2.0113095e-10
-1.9821426e-10
-1.9636902e-10
-1.9690474e-10
-1.9654763e-10
-1.9502974e-10
-1.9184523e-10
-1.9178573e-10
-1.9285716e-10
-1.9139881e-10
-1.8961309e-10
-1.8994047e-10
-1.910119e-10
-1.9065476e-10
-1.8922618e-10
-1.9020834e-10
-1.9092262e-10
-1.9276786e-10
-1.9053571e-10
-1.9235118e-10
-1.9291663e-10
-1.9398809e-10
-1.9377974e-10
-1.9425593e-10
-1.9541668e-10
-1.9577381e-10
-1.960119e-10
-1.9845239e-10
-1.9794642e-10
-1.9580354e-10
-1.9479166e-10
-1.9333335e-10
-1.9321429e-10
-1.9044644e-10
-1.9184523e-10
-1.9395831e-10
-1.9032735e-10
-1.9005952e-10
-1.9095238e-10
-1.8999999e-10
-1.8866073e-10
-1.8627976e-10
-1.886012e-10
-1.8952379e-10
-1.8964286e-10
-1.8848212e-10
-1.8857142e-10
-1.8937502e-10
-1.8889883e-10
-1.861607e-10
-1.891369e-10
-1.9017857e-10
-1.8916667e-10
-1.8985118e-10
-1.885119e-10
-1.8955354e-10
-1.8627976e-10
-1.8755951e-10
-1.8577379e-10
-1.8720236e-10
-1.8494047e-10
-1.841369e-10
-1.8991071e-10
-1.8952383e-10
-1.8877977e-10
-1.9068452e-10
-1.9074406e-10
-1.9020832e-10
-1.8877974e-10
-1.8735118e-10
-1.8580354e-10
-1.8675592e-10
-1.8377977e-10
-1.8443452e-10
-1.8369048e-10
-1.8633928e-10
-1.8616071e-10
-1.8413691e-10
-1.85625e-10
-1.853869e-10
-1.8535717e-10
-1.880357e-10
-1.8720238e-10
-1.8729167e-10
-1.8720236e-10
-1.8625e-10
-1.8520836e-10
-1.8613092e-10
-1.8583333e-10
-1.88125e-10
-1.8163689e-10
-1.8285712e-10
-1.8559525e-10
-1.8639881e-10
-1.8571428e-10
-1.8473212e-10
-1.865476e-10
-1.8794639e-10
-1.8413687e-10
-1.8294642e-10
-1.8547619e-10
-1.8470236e-10
-1.8699406e-10
-1.8785713e-10
-1.877381e-10
-1.8863096e-10
-1.8696429e-10
-1.861607e-10
-1.8357145e-10
-1.8434523e-10
-1.8369048e-10
-1.866369e-10
-1.8696429e-10
-1.8663689e-10
-1.8666665e-10
-1.8723213e-10
-1.8630952e-10
-1.8702381e-10
-1.8788689e-10
-1.9023808e-10
-1.875e-10
-1.8625e-10
-1.8806548e-10
-1.8642857e-10
-1.8502973e-10
-1.8401786e-10
-1.8422618e-10
-1.8464284e-10
-1.8428568e-10
-1.8482142e-10
-1.8607144e-10
-1.8630952e-10
-1.8645832e-10
-1.8556545e-10
-1.848512e-10
-1.8580358e-10
-1.8535715e-10
-1.8470236e-10
-1.8467261e-10
-1.8455355e-10
-1.841071e-10
-1.8372023e-10
-1.8425593e-10
-1.8178573e-10
-1.8130952e-10
-1.8220241e-10
-1.8244045e-10
-1.838988e-10
-1.8354167e-10
-1.860119e-10
-1.8410715e-10
-1.8517857e-10
-1.8523809e-10
-1.8601193e-10
-1.8726191e-10
-1.8613094e-10
-1.8642854e-10
-1.8824402e-10
-1.8752974e-10
-1.8642857e-10
-1.885119e-10
-1.8821426e-10
-1.8824405e-10
-1.8874999e-10
-1.9014881e-10
-1.8866073e-10
-1.8678573e-10
-1.8770832e-10
-1.8738093e-10
-1.8833335e-10
-1.8648807e-10
-1.8794642e-10
-1.8675594e-10
-1.885119e-10
-1.8657738e-10
-1.8580357e-10
-1.8431547e-10
-1.832738e-10
-1.820238e-10
-1.8398806e-10
-1.8297618e-10
-1.838988e-10
-1.8464286e-10
-1.832738e-10
-1.8020833e-10
-1.8211307e-10
-1.8294642e-10
-1.8086309e-10
-1.8214283e-10
-1.833631e-10
-1.8315474e-10
-1.8288689e-10
-1.8223213e-10
-1.8202381e-10
-1.8517857e-10
-1.8261902e-10
-1.8232139e-10
-1.8419645e-10
-1.8523809e-10
-1.8505952e-10
-1.8455355e-10
-1.8589284e-10
-1.8580357e-10
-1.8505952e-10
-1.844345e-10
-1.8505952e-10
-1.8339286e-10
-1.8386904e-10
-1.8520833e-10
-1.8479165e-10
-1.8601193e-10
-1.8571426e-10
-1.8625e-10
-1.8622025e-10
-1.86875e-10
-1.853869e-10
-1.8511906e-10
-1.8675594e-10
-1.8312499e-10
-1.8556549e-10
-1.8431547e-10
-1.8279761e-10
-1.797619e-10
-1.8166664e-10
-1.8294642e-10
-1.8255951e-10
-1.81875e-10
-1.841369e-10
-1.8288691e-10
-1.8342264e-10
-1.835119e-10
-1.83125e-10
-1.8476187e-10
-1.8559522e-10
-1.8494047e-10
-1.8630951e-10
-1.8529762e-10
-1.8392855e-10
-1.8461309e-10
-1.8505952e-10
-1.8297619e-10
-1.8473215e-10
-1.8610116e-10
-1.8738093e-10
-1.8800594e-10
-1.8964286e-10
-1.9038689e-10
-1.8925596e-10
-1.8812499e-10
-1.8747025e-10
-1.8955358e-10
-1.8732142e-10
-1.8636907e-10
-1.8630951e-10
-1.8613096e-10
-1.8714283e-10
-1.8559525e-10
-1.8702381e-10
-1.8723213e-10
-1.8630952e-10
-1.8687499e-10
-1.8648807e-10
-1.8872023e-10
-1.8886905e-10
-1.8663689e-10
-1.8684525e-10
-1.8508925e-10
-1.8681545e-10
-1.842262e-10
-1.8732139e-10
-1.841369e-10
-1.8723213e-10
-1.8523807e-10
-1.865476e-10
-1.8654762e-10
-1.8395833e-10
-1.8604165e-10
-1.8627976e-10
-1.8693451e-10
-1.8452383e-10
-1.8497023e-10
-1.8586309e-10
-1.8556545e-10
-1.8336307e-10
-1.8550594e-10
-1.881845e-10
-1.8619047e-10
-1.8729164e-10
-1.8488096e-10
-1.8440474e-10
-1.839881e-10
-1.845238e-10
-1.8464284e-10
-1.8583333e-10
-1.8532738e-10
-1.8627977e-10
-1.8955358e-10
-1.8964284e-10
-1.9095235e-10
-1.9002977e-10
-1.8758926e-10
-1.8928571e-10
-1.8738094e-10
-1.8604165e-10
-1.865476e-10
-1.8839286e-10
-1.8586309e-10
-1.8580354e-10
-1.8568451e-10
-1.8711308e-10
-1.8434526e-10
-1.860119e-10
-1.8630951e-10
-1.8684523e-10
-1.8622025e-10
-1.8383925e-10
-1.8538689e-10
-1.8386904e-10
-1.8360118e-10
-1.8559525e-10
-1.8598215e-10
-1.8645833e-10
-1.8407736e-10
-1.8517857e-10
-1.8752978e-10
-1.8761905e-10
-1.8550594e-10
-1.8625e-10
-1.8624997e-10
-1.8666665e-10
-1.8446428e-10
-1.8357141e-10
-1.8532738e-10
-1.8279761e-10
-1.8345239e-10
-1.8598213e-10
-1.8419645e-10
-1.8354167e-10
-1.841369e-10
-1.8479165e-10
-1.853571e-10
-1.8208331e-10
-1.8491068e-10
-1.845238e-10
-1.847619e-10
-1.8330355e-10
-1.8458331e-10
-1.8485118e-10
-1.8589284e-10
-1.8386903e-10
-1.852976e-10
-1.8374999e-10
-1.8428571e-10
-1.8738097e-10
-1.8630955e-10
-1.880357e-10
-1.8809525e-10
-1.8776786e-10
-1.8874999e-10
-1.8666665e-10
-1.8458333e-10
-1.8369047e-10
-1.8404764e-10
-1.8416667e-10
-1.8437497e-10
-1.8229167e-10
-1.81875e-10
-1.8160713e-10
-1.7901786e-10
-1.8217258e-10
-1.8193451e-10
-1.825e-10
-1.8366071e-10
-1.8568451e-10
-1.8502977e-10
-1.8720236e-10
-1.8791664e-10
-1.8785712e-10
-1.8898809e-10
-1.8797618e-10
-1.8770832e-10
-1.8755955e-10
-1.8696426e-10
-1.8624997e-10
-1.866369e-10
-1.874107e-10
-1.8764884e-10
-1.9029764e-10
-1.9065477e-10
-1.8964284e-10
-1.8857142e-10
-1.885119e-10
-1.8782736e-10
-1.8961309e-10
-1.8800594e-10
-1.90625e-10
-1.8735119e-10
-1.8839286e-10
-1.8952379e-10
-1.8708332e-10
-1.8711308e-10
-1.8675597e-10
-1.8583332e-10
-1.8607145e-10
-1.8580354e-10
-1.8366073e-10
-1.8747023e-10
-1.855357e-10
-1.8627976e-10
-1.8738093e-10
-1.8744048e-10
-1.865476e-10
-1.8788689e-10
-1.8720236e-10
-1.8711308e-10
-1.8863096e-10
-1.8842261e-10
-1.8574406e-10
-1.850595e-10
-1.8800597e-10
-1.8505952e-10
-1.8747023e-10
-1.8514881e-10
-1.846726e-10
-1.874107e-10
-1.8949405e-10
-1.9139881e-10
-1.9178573e-10
-1.921131e-10
-1.900595e-10
-1.9086312e-10
-1.8976187e-10
-1.8827381e-10
-1.8681549e-10
-1.8729167e-10
-1.8660715e-10
-1.8607144e-10
-1.8377977e-10
-1.845238e-10
-1.8333332e-10
-1.8125e-10
-1.8410715e-10
-1.8422616e-10
-1.8437503e-10
-1.8461309e-10
-1.8613096e-10
-1.850595e-10
-1.8497023e-10
-1.8583332e-10
-1.8482142e-10
-1.8541665e-10
-1.8642854e-10
-1.8473212e-10
-1.8467261e-10
-1.8622025e-10
-1.848512e-10
-1.8485116e-10
-1.8428571e-10
-1.8476187e-10
-1.8598215e-10
-1.8497023e-10
-1.8446429e-10
-1.8398809e-10
-1.8270832e-10
-1.802976e-10
-1.8455358e-10
-1.8470236e-10
-1.8377977e-10
-1.8645832e-10
-1.8669641e-10
-1.8440477e-10
-1.8767857e-10
-1.8452383e-10
-1.8601189e-10
-1.8523809e-10
-1.8907739e-10
-1.9104165e-10
-1.9133926e-10
-1.9184525e-10
-1.9142857e-10
-1.882738e-10
-1.8892855e-10
-1.871131e-10
-1.8708335e-10
-1.8997023e-10
-1.8997023e-10
-1.9071428e-10
-1.9023809e-10
-1.9011903e-10
-1.8976187e-10
-1.8889879e-10
-1.8633928e-10
-1.8812499e-10
-1.8761905e-10
-1.8630952e-10
-1.8973216e-10
-1.9017858e-10
-1.9071431e-10
-1.9020834e-10
-1.867857e-10
-1.8803573e-10
-1.8586309e-10
-1.8666665e-10
-1.8497026e-10
-1.8583332e-10
-1.8815476e-10
-1.8586309e-10
-1.8598213e-10
-1.8574403e-10
-1.8622025e-10
-1.833631e-10
-1.8482141e-10
-1.847619e-10
-1.8758926e-10
-1.8181545e-10
-1.840476e-10
-1.8485118e-10
-1.8526784e-10
-1.8440474e-10
-1.8574403e-10
-1.8895834e-10
-1.8866073e-10
-1.8806548e-10
-1.8994047e-10
-1.9059525e-10
-1.8711308e-10
-1.8800593e-10
-1.876488e-10
-1.894345e-10
-1.8726189e-10
-1.8738097e-10
-1.8696429e-10
-1.866369e-10
-1.8669644e-10
-1.8589284e-10
-1.8645833e-10
-1.8639879e-10
-1.8708332e-10
-1.8770835e-10
-1.8541668e-10
-1.8413691e-10
-1.8505952e-10
-1.8577383e-10
-1.8497022e-10
-1.8648809e-10
-1.8636903e-10
-1.8857142e-10
-1.8479167e-10
-1.8642857e-10
-1.8517857e-10
-1.8294642e-10
-1.8491068e-10
-1.8309523e-10
-1.845238e-10
-1.8610119e-10
-1.847619e-10
-1.8499999e-10
-1.8431547e-10
-1.867857e-10
-1.8580358e-10
-1.8386904e-10
-1.8491071e-10
-1.8744045e-10
-1.8648809e-10
-1.8514883e-10
-1.8571426e-10
-1.8404764e-10
-1.8464284e-10
-1.8485118e-10
-1.8499999e-10
-1.8523809e-10
-1.8386903e-10
-1.8294642e-10
-1.8193451e-10
-1.8238093e-10
-1.820238e-10
-1.8511906e-10
-1.8589284e-10
-1.8604164e-10
-1.8651784e-10
-1.8782738e-10
-1.8702381e-10
-1.8485116e-10
-1.8630951e-10
-1.8586309e-10
-1.8446428e-10
-1.8434526e-10
-1.8511903e-10
-1.8163689e-10
-1.8041665e-10
-1.8273807e-10
-1.8499999e-10
-1.8190476e-10
-1.8273807e-10
-1.8294642e-10
-1.8431547e-10
-1.8568452e-10
-1.8568451e-10
-1.8752974e-10
-1.8723213e-10
-1.8735119e-10
-1.8550594e-10
-1.8723216e-10
-1.8571428e-10
-1.8613096e-10
-1.8535713e-10
-1.8574403e-10
-1.8705355e-10
-1.8500002e-10
-1.8660713e-10
-1.8616071e-10
-1.8425596e-10
-1.8416665e-10
-1.8761902e-10
-1.875e-10
-1.8714286e-10
-1.8630951e-10
-1.8568448e-10
-1.8526783e-10
-1.8449405e-10
-1.8550594e-10
-1.8220236e-10
-1.8244048e-10
-1.8398809e-10
-1.8279758e-10
-1.8610119e-10
-1.8520832e-10
-1.8270835e-10
-1.8261902e-10
-1.8279761e-10
-1.8464284e-10
-1.8214286e-10
-1.8339288e-10
-1.8461306e-10
-1.8666664e-10
-1.8273807e-10
-1.8205355e-10
-1.8357142e-10
-1.8491071e-10
-1.8416667e-10
-1.8232142e-10
-1.833631e-10
-1.8270832e-10
-1.8360118e-10
-1.8383929e-10
-1.8485118e-10
-1.870238e-10
-1.8744048e-10
-1.8705355e-10
-1.8854167e-10
-1.8625e-10
-1.8690478e-10
-1.8541668e-10
-1.8491071e-10
-1.8633928e-10
-1.8482142e-10
-1.8398809e-10
-1.8556547e-10
-1.825e-10
-1.8214286e-10
-1.8270835e-10
-1.8279761e-10
-1.8083332e-10
-1.81875e-10
-1.8372023e-10
-1.8389883e-10
-1.8413687e-10
-1.8616074e-10
-1.8848216e-10
-1.8744048e-10
-1.874107e-10
-1.8580357e-10
-1.8366071e-10
-1.8407736e-10
-1.8095238e-10
-1.826488e-10
-1.8199404e-10
-1.8261902e-10
-1.8312499e-10
-1.8440477e-10
-1.8226191e-10
-1.8458333e-10
-1.8157739e-10
-1.8446428e-10
-1.8571428e-10
-1.835119e-10
-1.8556547e-10
-1.848512e-10
-1.8410715e-10
-1.8470236e-10
-1.8523812e-10
-1.8238094e-10
-1.8208335e-10
-1.8196429e-10
-1.8148807e-10
-1.8235118e-10
-1.8008928e-10
-1.8252976e-10
-1.8282736e-10
-1.8199404e-10
-1.8133928e-10
-1.8193451e-10
-1.8122022e-10
-1.8184521e-10
-1.8267857e-10
-1.8583332e-10
-1.85625e-10
-1.8675592e-10
-1.8604168e-10
-1.8764881e-10
-1.8669639e-10
-1.8657735e-10
-1.8752978e-10
-1.9032735e-10
-1.8532735e-10
-1.8422618e-10
-1.853869e-10
-1.8437499e-10
-1.8639879e-10
-1.8467261e-10
-1.8404761e-10
-1.8488096e-10
-1.8190474e-10
-1.8553571e-10
-1.876488e-10
-1.8642854e-10
-1.8577379e-10
-1.847619e-10
-1.8440477e-10
-1.8553571e-10
-1.8559525e-10
-1.8845236e-10
-1.8752978e-10
-1.8598213e-10
-1.8580357e-10
-1.8517861e-10
-1.8410712e-10
-1.8449405e-10
-1.8306545e-10
-1.8297618e-10
-1.8270832e-10
-1.8345236e-10
-1.8232144e-10
-1.8044641e-10
-1.8285713e-10
-1.824107e-10
-1.8247023e-10
-1.8226189e-10
-1.8282736e-10
-1.8419642e-10
-1.8226189e-10
-1.8065477e-10
-1.8026784e-10
-1.8148809e-10
-1.809821e-10
-1.7999997e-10
-1.782738e-10
-1.8190476e-10
-1.7943452e-10
-1.830357e-10
-1.8360118e-10
-1.8294642e-10
-1.8339283e-10
-1.8446428e-10
-1.8252978e-10
-1.8425596e-10
-1.8312499e-10
-1.8202381e-10
-1.8062497e-10
-1.8226189e-10
-1.835119e-10
-1.8571426e-10
-1.8520833e-10
-1.8529762e-10
-1.8571426e-10
-1.8526784e-10
-1.8502974e-10
-1.8669644e-10
-1.8514881e-10
-1.8595238e-10
-1.8410716e-10
-1.8520833e-10
-1.8601193e-10
-1.8342261e-10
-1.853869e-10
-1.8580357e-10
-1.8592262e-10
-1.8491071e-10
-1.8747023e-10
-1.8785713e-10
-1.861607e-10
-1.8470235e-10
-1.8574406e-10
-1.8497022e-10
-1.8255951e-10
-1.8321429e-10
-1.8223213e-10
-1.8235119e-10
-1.8065476e-10
-1.8110119e-10
-1.7907736e-10
-1.8190476e-10
-1.8238094e-10
-1.8124997e-10
-1.8080354e-10
-1.8127973e-10
-1.8145833e-10
-1.8080357e-10
-1.8068451e-10
-1.8392855e-10
-1.8366073e-10
-1.827381e-10
-1.8485116e-10
-1.8619045e-10
-1.8589284e-10
-1.8657735e-10
-1.875e-10
-1.8916665e-10
-1.8824405e-10
-1.8702381e-10
-1.8726191e-10
-1.8657738e-10
-1.8517858e-10
-1.8285716e-10
-1.8523812e-10
-1.8404764e-10
-1.8247021e-10
-1.8491071e-10
-1.881845e-10
-1.8372023e-10
-1.8494047e-10
-1.838988e-10
-1.835119e-10
-1.8794642e-10
-1.8464284e-10
-1.8791664e-10
-1.8666665e-10
-1.8666665e-10
-1.8812499e-10
-1.8857142e-10
-1.8934526e-10
-1.8630951e-10
-1.8744048e-10
-1.8437497e-10
-1.8580357e-10
-1.8738094e-10
-1.8630955e-10
-1.8732142e-10
-1.8702381e-10
-1.8833335e-10
-1.8633928e-10
-1.8672619e-10
-1.876488e-10
-1.8494047e-10
-1.8372023e-10
-1.8610119e-10
-1.8511903e-10
-1.8363093e-10
-1.8309523e-10
-1.8386903e-10
-1.8217261e-10
-1.8345239e-10
-1.8339286e-10
-1.8276786e-10
-1.7985118e-10
-1.8261904e-10
-1.8178574e-10
-1.815476e-10
-1.7997023e-10
-1.8249996e-10
-1.8235119e-10
-1.8366071e-10
-1.8220238e-10
-1.8089284e-10
-1.8377977e-10
-1.8499997e-10
-1.8592262e-10
-1.8312499e-10
-1.8300594e-10
-1.8523809e-10
-1.8380952e-10
-1.8392858e-10
-1.8357141e-10
-1.855357e-10
-1.8538689e-10
-1.8443452e-10
-1.8482141e-10
-1.8556547e-10
-1.8648812e-10
-1.8624997e-10
-1.8869048e-10
-1.859226e-10
-1.8517858e-10
-1.8437499e-10
-1.845238e-10
-1.8470236e-10
-1.8255951e-10
-1.8217261e-10
-1.815476e-10
-1.8104164e-10
-1.7925593e-10
-1.8083329e-10
-1.8041665e-10
-1.8220238e-10
-1.8369047e-10
-1.850595e-10
-1.8392858e-10
-1.8473215e-10
-1.8479167e-10
-1.8404761e-10
-1.8235118e-10
-1.8321426e-10
-1.8270832e-10
-1.8455358e-10
-1.8633928e-10
-1.8196426e-10
-1.8342261e-10
-1.8499997e-10
-1.8401786e-10
-1.8190478e-10
-1.8407736e-10
-1.8333332e-10
-1.8255954e-10
-1.8220236e-10
-1.8276786e-10
-1.8226189e-10
-1.8312499e-10
-1.8181548e-10
-1.8458331e-10
-1.838988e-10
-1.8229167e-10
-1.8306548e-10
-1.8172616e-10
-1.8241073e-10
-1.8205355e-10
-1.8360122e-10
-1.8229167e-10
-1.831845e-10
-1.8136906e-10
-1.8187499e-10
-1.8294642e-10
-1.8333332e-10
-1.8386904e-10
-1.8282738e-10
-1.8193451e-10
-1.8294642e-10
-1.7949404e-10
-1.8202381e-10
-1.7874999e-10
-1.797619e-10
-1.7874999e-10
-1.8032739e-10
-1.7943452e-10
-1.7892855e-10
-1.7875001e-10
-1.8080357e-10
-1.7916665e-10
-1.7904761e-10
-1.8229164e-10
-1.8214283e-10
-1.8357141e-10
-1.838988e-10
-1.809226e-10
-1.8428568e-10
-1.8226191e-10
-1.8270832e-10
-1.8127976e-10
-1.8178567e-10
-1.8297618e-10
-1.8392855e-10
-1.8309523e-10
-1.8249999e-10
-1.8630951e-10
-1.8547619e-10
-1.8535713e-10
-1.838988e-10
-1.8491068e-10
-1.8595239e-10
-1.85625e-10
-1.8502974e-10
-1.8568452e-10
-1.8312499e-10
-1.8544641e-10
-1.8374999e-10
-1.8526784e-10
-1.8494047e-10
-1.861012e-10
-1.8553574e-10
-1.8755954e-10
-1.841369e-10
-1.8544641e-10
-1.8482141e-10
-1.8205357e-10
-1.8499999e-10
-1.8389879e-10
-1.8113094e-10
-1.8604168e-10
-1.8511906e-10
-1.8428571e-10
-1.8336307e-10
-1.8410715e-10
-1.8392855e-10
-1.8363096e-10
-1.8374999e-10
-1.8443452e-10
-1.8363096e-10
-1.8196429e-10
-1.8184523e-10
-1.8407736e-10
-1.8139881e-10
-1.8383928e-10
-1.8461309e-10
-1.8363093e-10
-1.8372023e-10
-1.8249999e-10
-1.8279762e-10
-1.8410715e-10
-1.8160713e-10
-1.8232144e-10
-1.8366073e-10
-1.8315476e-10
-1.8217262e-10
-1.8026784e-10
-1.8035713e-10
-1.824107e-10
-1.8354167e-10
-1.8351191e-10
-1.832738e-10
-1.8252976e-10
-1.8229167e-10
-1.8226189e-10
-1.8059522e-10
-1.8211307e-10
-1.8104165e-10
-1.8104165e-10
-1.8068451e-10
-1.7854165e-10
-1.8160713e-10
-1.8107141e-10
-1.8270832e-10
-1.8336307e-10
-1.8437499e-10
-1.8154762e-10
-1.8202381e-10
-1.8440477e-10
-1.8458331e-10
-1.7997023e-10
-1.8238093e-10
-1.8279761e-10
-1.8157735e-10
-1.8229167e-10
-1.8014881e-10
-1.8276786e-10
-1.8190476e-10
-1.815476e-10
-1.8235119e-10
-1.8238094e-10
-1.838988e-10
-1.827381e-10
-1.8336307e-10
-1.8160713e-10
-1.8377974e-10
-1.83125e-10
-1.841369e-10
-1.826488e-10
-1.8089284e-10
-1.8282738e-10
-1.8122025e-10
-1.805357e-10
-1.8247023e-10
-1.8238094e-10
-1.8059525e-10
-1.8127976e-10
-1.8172616e-10
-1.8220241e-10
-1.8309521e-10
-1.8404761e-10
-1.836012e-10
-1.8047616e-10
-1.7955358e-10
-1.7997022e-10
-1.8145829e-10
-1.8223213e-10
-1.836012e-10
-1.8071426e-10
-1.8083333e-10
-1.810119e-10
-1.8419642e-10
-1.8318451e-10
-1.8357142e-10
-1.8511906e-10
-1.8604165e-10
-1.8607141e-10
-1.8431547e-10
-1.8711308e-10
-1.8782736e-10
-1.8571431e-10
-1.8431547e-10
-1.8410715e-10
-1.8526787e-10
-1.8354167e-10
-1.8145832e-10
-1.8255951e-10
-1.8517858e-10
-1.8166665e-10
-1.8303568e-10
-1.8377974e-10
-1.854762e-10
-1.8437499e-10
-1.8431547e-10
-1.8687496e-10
-1.8785713e-10
-1.8773808e-10
-1.8681548e-10
-1.8363096e-10
-1.847619e-10
-1.8532739e-10
-1.839881e-10
-1.8464284e-10
-1.8324404e-10
-1.8306545e-10
-1.8119047e-10
-1.8616071e-10
-1.819345e-10
-1.8282738e-10
-1.8285712e-10
-1.8419642e-10
-1.8505952e-10
-1.8479165e-10
-1.8589284e-10
-1.8857142e-10
-1.9071431e-10
-1.8839286e-10
-1.9104165e-10
-1.8836308e-10
-1.8755954e-10
-1.8866073e-10
-1.8645832e-10
-1.8625e-10
-1.8672619e-10
-1.8619049e-10
-1.8541665e-10
-1.8741073e-10
-1.8788687e-10
-1.8431547e-10
-1.8666665e-10
-1.8633928e-10
-1.8473212e-10
-1.8372023e-10
-1.835119e-10
-1.8336306e-10
-1.8205355e-10
-1.8226191e-10
-1.8416665e-10
-1.8223213e-10
-1.8318451e-10
-1.8196429e-10
-1.8202381e-10
-1.8330355e-10
-1.8315476e-10
-1.8360122e-10
-1.8288691e-10
-1.8333332e-10
-1.824107e-10
-1.8309523e-10
-1.8321429e-10
-1.8151784e-10
-1.8252976e-10
-1.8330357e-10
-1.8184523e-10
-1.8333332e-10
-1.8514879e-10
-1.8499999e-10
-1.8404761e-10
-1.8485116e-10
-1.8529762e-10
-1.8627976e-10
-1.8369047e-10
-1.8324404e-10
-1.8589287e-10
-1.876488e-10
-1.8821426e-10
-1.8550596e-10
-1.8553571e-10
-1.8669644e-10
-1.8660713e-10
-1.8425596e-10
-1.827381e-10
-1.8226189e-10
-1.8348215e-10
-1.8172619e-10
-1.8416667e-10
-1.8235119e-10
-1.8059525e-10
-1.8235118e-10
-1.8175594e-10
-1.8175594e-10
-1.7866071e-10
-1.8092262e-10
-1.8306548e-10
-1.8270832e-10
-1.8261904e-10
-1.8023809e-10
-1.8330355e-10
-1.8482142e-10
-1.8291667e-10
-1.7955355e-10
-1.8330357e-10
-1.8398806e-10
-1.8211307e-10
-1.8511906e-10
-1.8306545e-10
-1.8285713e-10
-1.8113096e-10
-1.8032738e-10
-1.8357141e-10
-1.8291667e-10
-1.8208332e-10
-1.8166665e-10
-1.8574406e-10
-1.8324402e-10
-1.826488e-10
-1.8160713e-10
-1.8270832e-10
-1.8217258e-10
-1.8169644e-10
-1.8172619e-10
-1.8166665e-10
-1.845238e-10
-1.8434523e-10
-1.8431547e-10
-1.8505952e-10
-1.8374999e-10
-1.8398809e-10
-1.841369e-10
-1.8458333e-10
-1.833631e-10
-1.8235119e-10
-1.8440474e-10
-1.8339286e-10
-1.8366073e-10
-1.81875e-10
-1.8205357e-10
-1.8184523e-10
-1.853869e-10
-1.8437499e-10
-1.8377977e-10
-1.8526784e-10
-1.8422618e-10
-1.8389883e-10
-1.8380952e-10
-1.8288689e-10
-1.8386904e-10
-1.8431547e-10
-1.8467264e-10
-1.8261904e-10
-1.8282736e-10
-1.8642857e-10
-1.8666664e-10
-1.850893e-10
-1.8345236e-10
-1.8345239e-10
-1.8357142e-10
-1.8580357e-10
-1.8559522e-10
-1.8267855e-10
-1.8217261e-10
-1.8217262e-10
-1.8050594e-10
-1.8160713e-10
-1.8443454e-10
-1.8392858e-10
-1.8247023e-10
-1.8041668e-10
-1.8232144e-10
-1.8372023e-10
-1.8380952e-10
-1.85625e-10
-1.8467261e-10
-1.8425596e-10
-1.8497023e-10
-1.8625e-10
-1.8244045e-10
-1.8169641e-10
-1.8056547e-10
-1.8220238e-10
-1.8175594e-10
-1.826488e-10
-1.8151783e-10
-1.8157738e-10
-1.8333332e-10
-1.8077381e-10
-1.8178573e-10
-1.8127977e-10
-1.8383928e-10
-1.8089284e-10
-1.8160713e-10
-1.8020832e-10
-1.7845239e-10
-1.8095235e-10
-1.8053571e-10
-1.8154762e-10
-1.8080357e-10
-1.8217262e-10
-1.8380952e-10
-1.8568452e-10
-1.8559522e-10
-1.845238e-10
-1.8613094e-10
-1.8648809e-10
-1.8619049e-10
-1.8580358e-10
-1.8437499e-10
-1.8455358e-10
-1.8434522e-10
-1.876488e-10
-1.8601189e-10
-1.8708332e-10
-1.83869e-10
-1.8425596e-10
-1.8380952e-10
-1.8369048e-10
-1.8220238e-10
-1.8113096e-10
-1.8062497e-10
-1.8419642e-10
-1.8238094e-10
-1.8363096e-10
-1.8437502e-10
-1.8374999e-10
-1.8229167e-10
-1.8279761e-10
-1.8309523e-10
-1.8244045e-10
-1.8267857e-10
-1.8279762e-10
-1.794345e-10
-1.7949403e-10
-1.8157738e-10
-1.8145833e-10
-1.8464286e-10
-1.8407736e-10
-1.8315476e-10
-1.8354167e-10
-1.8258926e-10
-1.8202381e-10
-1.8077381e-10
-1.8226189e-10
-1.8199402e-10
-1.8169641e-10
-1.8413691e-10
-1.8372022e-10
-1.8288689e-10
-1.8208332e-10
-1.832738e-10
-1.8297618e-10
-1.8497023e-10
-1.809226e-10
-1.8068451e-10
-1.8169641e-10
-1.8098213e-10
-1.8023812e-10
-1.8175594e-10
-1.8172619e-10
-1.7931547e-10
-1.7839286e-10
-1.7767855e-10
-1.790476e-10
-1.785119e-10
-1.7999999e-10
-1.8238094e-10
-1.827381e-10
-1.8482142e-10
-1.8145832e-10
-1.8339286e-10
-1.8294642e-10
-1.8211307e-10
-1.8422618e-10
-1.8342261e-10
-1.8479165e-10
-1.8345239e-10
-1.8440474e-10
-1.8470236e-10
-1.8449405e-10
-1.8589284e-10
-1.8229167e-10
-1.8247023e-10
-1.8217261e-10
-1.8264881e-10
-1.803869e-10
-1.8354165e-10
-1.8342258e-10
-1.8473215e-10
-1.8443452e-10
-1.8282736e-10
-1.8449405e-10
-1.8380952e-10
-1.8342261e-10
-1.8491071e-10
-1.8565476e-10
-1.8538689e-10
-1.8443452e-10
-1.8455358e-10
-1.8619047e-10
-1.8735115e-10
-1.88125e-10
-1.8785712e-10
-1.8696426e-10
-1.8708332e-10
-1.852976e-10
-1.8395831e-10
-1.8136903e-10
-1.8383929e-10
-1.826488e-10
-1.827381e-10
-1.8113094e-10
-1.8139881e-10
-1.826488e-10
-1.8279761e-10
-1.8339286e-10
-1.8318451e-10
-1.8077381e-10
-1.8145832e-10
-1.8133928e-10
-1.7898806e-10
-1.8205357e-10
-1.8154762e-10
-1.7997023e-10
-1.8264877e-10
-1.826488e-10
-1.8306544e-10
-1.8321426e-10
-1.8315476e-10
-1.8449403e-10
-1.8363096e-10
-1.811012e-10
-1.8342261e-10
-1.8089284e-10
-1.7970239e-10
-1.795238e-10
-1.8232142e-10
-1.8041665e-10
-1.8193451e-10
-1.8315476e-10
-1.8151784e-10
-1.8136903e-10
-1.8142858e-10
-1.8041665e-10
-1.8020833e-10
-1.8175592e-10
-1.8157735e-10
-1.8032738e-10
-1.8157738e-10
-1.8041665e-10
-1.8056545e-10
-1.8041665e-10
-1.8130952e-10
-1.7988093e-10
-1.8047619e-10
-1.7928568e-10
-1.7928573e-10
-1.8151784e-10
-1.7735119e-10
-1.7946428e-10
-1.7872023e-10
-1.7973212e-10
-1.7767855e-10
-1.7973215e-10
-1.7877977e-10
-1.7755951e-10
-1.7857142e-10
-1.7824404e-10
-1.7726191e-10
-1.7842261e-10
-1.7892855e-10
-1.7747023e-10
-1.7693451e-10
-1.7675593e-10
-1.7565474e-10
-1.7520832e-10
-1.7616071e-10
-1.7735118e-10
-1.7755954e-10
-1.7955355e-10
-1.7723215e-10
-1.774107e-10
-1.7782738e-10
-1.7863093e-10
-1.7845236e-10
-1.7854167e-10
-1.81875e-10
-1.7925593e-10
-1.7994048e-10
-1.8077381e-10
-1.8017857e-10
-1.8261902e-10
-1.8357142e-10
-1.8363096e-10
-1.7955358e-10
-1.8163689e-10
-1.797619e-10
-1.8351187e-10
-1.8148809e-10
-1.824107e-10
-1.8261904e-10
-1.8238094e-10
-1.8101189e-10
-1.7937499e-10
-1.7940477e-10
-1.8178573e-10
-1.8035713e-10
-1.7979165e-10
-1.7925596e-10
-1.7854165e-10
-1.8133926e-10
-1.7976187e-10
-1.8104164e-10
-1.8002977e-10
-1.8026787e-10
-1.7925596e-10
-1.7934523e-10
-1.8089284e-10
-1.7964286e-10
-1.8235118e-10
-1.8089284e-10
-1.8252974e-10
-1.8264881e-10
-1.8023812e-10
-1.825e-10
-1.8169641e-10
-1.8255951e-10
-1.8282738e-10
-1.809226e-10
-1.8151787e-10
-1.8175592e-10
-1.8125e-10
-1.8273807e-10
-1.8083332e-10
-1.8279761e-10
-1.8089287e-10
-1.8166665e-10
-1.8166665e-10
-1.8324406e-10
-1.8380952e-10
-1.8267857e-10
-1.8232142e-10
-1.824107e-10
-1.7985118e-10
-1.8098213e-10
-1.8083333e-10
-1.8136902e-10
-1.8026784e-10
-1.7958333e-10
-1.8306545e-10
-1.7928571e-10
-1.7958331e-10
-1.8020832e-10
-1.7988092e-10
-1.7991068e-10
-1.7782734e-10
-1.792262e-10
-1.8166665e-10
-1.8139878e-10
-1.8181548e-10
-1.8342261e-10
-1.8190476e-10
-1.8086309e-10
-1.8339286e-10
-1.8276786e-10
-1.8133928e-10
-1.8241073e-10
-1.8244045e-10
-1.8220238e-10
-1.826488e-10
-1.8261904e-10
-1.8267855e-10
-1.8416667e-10
-1.825e-10
-1.8232142e-10
-1.8136906e-10
-1.8348212e-10
-1.8095238e-10
-1.8217261e-10
-1.8336307e-10
-1.8193451e-10
-1.8119047e-10
-1.8175594e-10
-1.8178573e-10
-1.7999999e-10
-1.8276783e-10
-1.8559522e-10
-1.8282736e-10
-1.8294642e-10
-1.8267853e-10
-1.8366071e-10
-1.8535713e-10
-1.830357e-10
-1.8386903e-10
-1.8491071e-10
-1.8666665e-10
-1.8440477e-10
-1.8377977e-10
-1.8392855e-10
-1.8374999e-10
-1.847619e-10
-1.8276786e-10
-1.8229164e-10
-1.8119049e-10
-1.8315476e-10
-1.7872026e-10
-1.803869e-10
-1.8074403e-10
-1.8339286e-10
-1.8044644e-10
-1.7779761e-10
-1.7943452e-10
-1.7919641e-10
-1.7815474e-10
-1.7726189e-10
-1.792262e-10
-1.7892855e-10
-1.8047616e-10
-1.7907739e-10
-1.7931548e-10
-1.785119e-10
-1.80625e-10
-1.7994047e-10
-1.8104165e-10
-1.8229167e-10
-1.8029762e-10
-1.8124997e-10
-1.8122022e-10
-1.8306545e-10
-1.8086309e-10
-1.8300593e-10
-1.8029762e-10
-1.8071428e-10
-1.8125e-10
-1.8127976e-10
-1.8035713e-10
-1.8014878e-10
-1.8351191e-10
-1.800595e-10
-1.8068452e-10
-1.8065477e-10
-1.8285713e-10
-1.8226191e-10
-1.8139881e-10
-1.8122022e-10
-1.8047619e-10
-1.8279761e-10
-1.8193451e-10
-1.8110119e-10
-1.7928573e-10
-1.8196429e-10
-1.8288689e-10
-1.8169641e-10
-1.8107144e-10
-1.8077378e-10
-1.8193451e-10
-1.8279762e-10
-1.8217261e-10
-1.8318451e-10
-1.8446428e-10
-1.8598213e-10
-1.8648809e-10
-1.8928568e-10
-1.8973215e-10
-1.8657738e-10
-1.8583333e-10
-1.8553571e-10
-1.8428571e-10
-1.8380952e-10
-1.8086309e-10
-1.8062501e-10
-1.8532738e-10
-1.8556547e-10
-1.8139878e-10
-1.8279761e-10
-1.8395831e-10
-1.8532735e-10
-1.8398809e-10
-1.8035715e-10
-1.817857e-10
-1.8241073e-10
-1.8258926e-10
-1.8130951e-10
-1.8187499e-10
-1.7979165e-10
-1.804762e-10
-1.8181548e-10
-1.8139881e-10
-1.8133928e-10
-1.8110116e-10
-1.8386903e-10
-1.8372022e-10
-1.83125e-10
-1.8303573e-10
-1.7889878e-10
-1.8017857e-10
-1.7940474e-10
-1.8220236e-10
-1.7961309e-10
-1.8285709e-10
-1.8038689e-10
-1.8110119e-10
-1.8065476e-10
-1.8050594e-10
-1.7964286e-10
-1.809226e-10
-1.8008928e-10
-1.8380952e-10
-1.8327381e-10
-1.7994047e-10
-1.791369e-10
-1.7985118e-10
-1.8047619e-10
-1.7979165e-10
-1.8130952e-10
-1.8175594e-10
-1.8157739e-10
-1.8377974e-10
-1.8187499e-10
-1.8190478e-10
-1.8110119e-10
-1.8175592e-10
-1.8065476e-10
-1.7788691e-10
-1.8178573e-10
-1.8050594e-10
-1.7949404e-10
-1.7994047e-10
-1.8068452e-10
-1.7877977e-10
-1.8032738e-10
-1.8011906e-10
-1.7988096e-10
-1.7997022e-10
-1.788988e-10
-1.7919642e-10
-1.8017857e-10
-1.7982142e-10
-1.7991068e-10
-1.815476e-10
-1.8264881e-10
-1.8383929e-10
-1.8300594e-10
-1.8136903e-10
-1.8499999e-10
-1.844345e-10
-1.826488e-10
-1.8104164e-10
-1.8223216e-10
-1.8187499e-10
-1.8434523e-10
-1.8336307e-10
-1.8199402e-10
-1.8383928e-10
-1.8208335e-10
-1.8095238e-10
-1.8119049e-10
-1.8092262e-10
-1.8202381e-10
-1.816369e-10
-1.8181548e-10
-1.8002977e-10
-1.8202381e-10
-1.8080357e-10
-1.8247023e-10
-1.8220236e-10
-1.8360122e-10
-1.8095239e-10
-1.815476e-10
-1.8107141e-10
-1.8157738e-10
-1.8196429e-10
-1.8264877e-10
-1.8208332e-10
-1.8113096e-10
-1.7946429e-10
-1.7872023e-10
-1.8056545e-10
-1.7982142e-10
-1.7886904e-10
-1.8244045e-10
-1.8252974e-10
-1.8285713e-10
-1.8372022e-10
-1.8169644e-10
-1.8255954e-10
-1.8270835e-10
-1.8291664e-10
-1.8580357e-10
-1.8675594e-10
-1.8622022e-10
-1.8473215e-10
-1.8550592e-10
-1.8407736e-10
-1.8434523e-10
-1.8464286e-10
-1.8312499e-10
-1.8092262e-10
-1.8249999e-10
-1.8252974e-10
-1.8348212e-10
-1.8401786e-10
-1.8202377e-10
-1.8312499e-10
-1.8351187e-10
-1.8077381e-10
-1.8294639e-10
-1.8437502e-10
-1.8357142e-10
-1.8217261e-10
-1.8136902e-10
-1.815476e-10
-1.815476e-10
-1.7994047e-10
-1.8184523e-10
-1.7821429e-10
-1.7812499e-10
-1.7821429e-10
-1.7967261e-10
-1.8050594e-10
-1.8011903e-10
-1.8139878e-10
-1.795238e-10
-1.7970236e-10
-1.8035715e-10
-1.7738094e-10
-1.7919641e-10
-1.7937499e-10
-1.8122025e-10
-1.8014881e-10
-1.8133928e-10
-1.8083333e-10
-1.805357e-10
-1.7892855e-10
-1.7735118e-10
-1.8056547e-10
-1.7997022e-10
-1.7877974e-10
-1.7961306e-10
-1.7973212e-10
-1.7994047e-10
-1.8130951e-10
-1.7999999e-10
-1.8026784e-10
-1.7955358e-10
-1.8145832e-10
-1.8116071e-10
-1.8035715e-10
-1.826488e-10
-1.8244045e-10
-1.7988093e-10
-1.8139881e-10
-1.8282736e-10
-1.8437497e-10
-1.8214286e-10
-1.817857e-10
-1.8127976e-10
-1.8139878e-10
-1.8056545e-10
-1.8133926e-10
-1.8041664e-10
-1.7940474e-10
-1.825595e-10
-1.8053571e-10
-1.8217261e-10
-1.826488e-10
-1.8255951e-10
-1.8122025e-10
-1.8193454e-10
-1.7973215e-10
-1.8336307e-10
-1.826488e-10
-1.8068452e-10
-1.8315476e-10
-1.8449403e-10
-1.8139881e-10
-1.816369e-10
-1.8175597e-10
-1.8110116e-10
-1.7872023e-10
-1.7705358e-10
-1.7934522e-10
-1.7794642e-10
-1.7877977e-10
-1.797619e-10
-1.7967264e-10
-1.7916665e-10
-1.7872023e-10
-1.7809523e-10
-1.7842261e-10
-1.783631e-10
-1.815476e-10
-1.8122022e-10
-1.788988e-10
-1.8125e-10
-1.7934523e-10
-1.8407736e-10
-1.7997023e-10
-1.7866068e-10
-1.7949404e-10
-1.8119045e-10
-1.8190476e-10
-1.8002973e-10
-1.7901784e-10
-1.7901784e-10
-1.8017858e-10
-1.7827381e-10
-1.7785713e-10
-1.7800594e-10
-1.8119049e-10
-1.7976191e-10
-1.7979165e-10
-1.7997022e-10
-1.8124997e-10
-1.8125e-10
-1.8148807e-10
-1.8467261e-10
-1.8455358e-10
-1.8473212e-10
-1.827381e-10
-1.8386903e-10
-1.8467261e-10
-1.8190476e-10
-1.8494048e-10
-1.8416667e-10
-1.8497022e-10
-1.8449403e-10
-1.8229163e-10
-1.8217261e-10
-1.8074406e-10
-1.8276786e-10
-1.8238094e-10
-1.8160713e-10
-1.8306545e-10
-1.8244045e-10
-1.8497023e-10
-1.8377974e-10
-1.8434523e-10
-1.8288689e-10
-1.8217261e-10
-1.8172619e-10
-1.8258929e-10
-1.8196429e-10
-1.8122022e-10
-1.8354165e-10
-1.8080357e-10
-1.8077377e-10
-1.807143e-10
-1.8047619e-10
-1.8249999e-10
-1.8110116e-10
-1.8077381e-10
-1.8080358e-10
-1.8267857e-10
-1.8360116e-10
-1.8068452e-10
-1.8184523e-10
-1.8133926e-10
-1.8270832e-10
-1.8172616e-10
-1.8181548e-10
-1.8252976e-10
-1.8193451e-10
-1.8398809e-10
-1.8404761e-10
-1.8476187e-10
-1.839881e-10
-1.824107e-10
-1.8321429e-10
-1.8315476e-10
-1.8363096e-10
-1.8517858e-10
-1.8386903e-10
-1.8589283e-10
-1.8598215e-10
-1.8583333e-10
-1.8556549e-10
-1.8470239e-10
-1.8321425e-10
-1.8389883e-10
-1.8205357e-10
-1.8125e-10
-1.819643e-10
-1.8267855e-10
-1.8211307e-10
-1.7880954e-10
-1.7815475e-10
-1.7934523e-10
-1.7815475e-10
-1.7714284e-10
-1.7788691e-10
-1.7749999e-10
-1.8032735e-10
-1.820238e-10
-1.8217262e-10
-1.7827381e-10
-1.8113094e-10
-1.7988093e-10
-1.7979165e-10
-1.8017857e-10
-1.785119e-10
-1.7940474e-10
-1.8023809e-10
-1.8136903e-10
-1.7991071e-10
-1.8041668e-10
-1.8059525e-10
-1.7770831e-10
-1.7794642e-10
-1.7735118e-10
-1.8026787e-10
-1.8041665e-10
-1.7776786e-10
-1.8047619e-10
-1.7999997e-10
-1.8116071e-10
-1.7907736e-10
-1.7955355e-10
-1.797619e-10
-1.7973212e-10
-1.7886903e-10
-1.7970239e-10
-1.8077381e-10
-1.8074403e-10
-1.816071e-10
-1.8354165e-10
-1.8175592e-10
-1.8431547e-10
-1.8324402e-10
-1.8092262e-10
-1.8175594e-10
-1.8354163e-10
-1.8449403e-10
-1.8348212e-10
-1.8154762e-10
-1.7958331e-10
-1.8130951e-10
-1.8095238e-10
-1.8059525e-10
-1.8002974e-10
-1.8288691e-10
-1.8181549e-10
-1.8232142e-10
-1.8226189e-10
-1.8270832e-10
-1.8092262e-10
-1.8223216e-10
-1.8104165e-10
-1.8080357e-10
-1.8092262e-10
-1.8089284e-10
-1.8255954e-10
-1.8229167e-10
-1.8056547e-10
-1.8062501e-10
-1.8238094e-10
-1.8011906e-10
-1.8270832e-10
-1.8169641e-10
-1.8244045e-10
-1.8226189e-10
-1.8377977e-10
-1.8125e-10
-1.8333335e-10
-1.8005952e-10
-1.7892858e-10
-1.8119047e-10
-1.8104165e-10
-1.7824404e-10
-1.7845236e-10
-1.8074403e-10
-1.8148809e-10
-1.8133928e-10
-1.8220241e-10
-1.8282738e-10
-1.8154762e-10
-1.8110119e-10
-1.8148809e-10
-1.8157738e-10
-1.815476e-10
-1.8455355e-10
-1.8473215e-10
-1.8619047e-10
-1.8648809e-10
-1.8491071e-10
-1.8616071e-10
-1.8505952e-10
-1.8392858e-10
-1.8488093e-10
-1.8419642e-10
-1.8285716e-10
-1.7955358e-10
-1.8151784e-10
-1.7854167e-10
-1.8110119e-10
-1.8095238e-10
-1.8119045e-10
-1.8113094e-10
-1.8178573e-10
-1.8041665e-10
-1.7940477e-10
-1.8086312e-10
-1.7982141e-10
-1.8119045e-10
-1.7800594e-10
-1.7999997e-10
-1.7919642e-10
-1.8044641e-10
-1.7886903e-10
-1.8223213e-10
-1.8080357e-10
-1.8107141e-10
-1.8050596e-10
-1.7931547e-10
-1.8026784e-10
-1.7943452e-10
-1.7967261e-10
-1.8041668e-10
-1.7854167e-10
-1.7961309e-10
-1.7999997e-10
-1.8199404e-10
-1.802976e-10
-1.8151784e-10
-1.8148809e-10
-1.8214286e-10
-1.8041668e-10
-1.8136906e-10
-1.8104165e-10
-1.7997023e-10
-1.7985118e-10
-1.7997022e-10
-1.8002974e-10
-1.817857e-10
-1.791369e-10
-1.7910715e-10
-1.7749999e-10
-1.7964286e-10
-1.7892855e-10
-1.7910715e-10
-1.792262e-10
-1.8020833e-10
-1.8053571e-10
-1.8255951e-10
-1.7842258e-10
-1.8059522e-10
-1.7946428e-10
-1.8041668e-10
-1.795238e-10
-1.8095238e-10
-1.7857141e-10
-1.7788689e-10
-1.7857142e-10
-1.7985118e-10
-1.8011903e-10
-1.8032738e-10
-1.7857145e-10
-1.8071428e-10
-1.7886904e-10
-1.7955358e-10
-1.8181545e-10
-1.7985118e-10
-1.8169641e-10
-1.8169641e-10
-1.7869051e-10
-1.8181545e-10
-1.8366068e-10
-1.8255951e-10
-1.8380952e-10
-1.8217261e-10
-1.8160713e-10
-1.8267857e-10
-1.8220238e-10
-1.8363096e-10
-1.8223213e-10
-1.8184525e-10
-1.8419642e-10
-1.8297619e-10
-1.8014878e-10
-1.8059525e-10
-1.8169639e-10
-1.7925593e-10
-1.7958331e-10
-1.7976187e-10
-1.7874999e-10
-1.7797618e-10
-1.785119e-10
-1.7898809e-10
-1.8002974e-10
-1.7794642e-10
-1.7824404e-10
-1.8035713e-10
-1.7842261e-10
-1.7815475e-10
-1.7720236e-10
-1.76875e-10
-1.7958333e-10
-1.7880952e-10
-1.7839286e-10
-1.7934523e-10
-1.7999999e-10
-1.8172616e-10
-1.7895835e-10
-1.7925596e-10
-1.7797618e-10
-1.7854167e-10
-1.791369e-10
-1.810119e-10
-1.7949403e-10
-1.790476e-10
-1.7854165e-10
-1.7961309e-10
-1.765476e-10
-1.7678571e-10
-1.7747023e-10
-1.7934522e-10
-1.7797618e-10
-1.7857141e-10
-1.7934523e-10
-1.7958333e-10
-1.7997022e-10
-1.8139878e-10
-1.800595e-10
-1.7979167e-10
-1.7931547e-10
-1.7866071e-10
-1.7648809e-10
-1.797619e-10
-1.786012e-10
-1.7693451e-10
-1.7943452e-10
-1.7851191e-10
-1.7958333e-10
-1.8047616e-10
-1.8092262e-10
-1.8125e-10
-1.8205357e-10
-1.8098213e-10
-1.7919641e-10
-1.7782736e-10
-1.8208332e-10
-1.8238094e-10
-1.8116071e-10
-1.811607e-10
-1.819643e-10
-1.8217261e-10
-1.8125e-10
-1.8220236e-10
-1.827381e-10
-1.8372023e-10
-1.8291667e-10
-1.8247023e-10
-1.8410715e-10
-1.8136903e-10
-1.8110119e-10
-1.8107141e-10
-1.8377974e-10
-1.8258929e-10
-1.8324404e-10
-1.8339288e-10
-1.8345236e-10
-1.8285713e-10
-1.8232142e-10
-1.8047619e-10
-1.820238e-10
-1.8074406e-10
-1.791369e-10
-1.8008928e-10
-1.7872023e-10
-1.8086307e-10
-1.7875001e-10
-1.7818451e-10
-1.7913691e-10
-1.7583332e-10
-1.7776786e-10
-1.7889883e-10
-1.8002977e-10
-1.7854165e-10
-1.7794642e-10
-1.7818451e-10
-1.7589284e-10
-1.7839288e-10
-1.7616068e-10
-1.7630949e-10
-1.7633929e-10
-1.7696429e-10
-1.7735118e-10
-1.7770835e-10
-1.7636903e-10
-1.7613094e-10
-1.7791664e-10
-1.7979165e-10
-1.809226e-10
-1.783631e-10
-1.8011903e-10
-1.7889878e-10
-1.794345e-10
-1.8008928e-10
-1.809821e-10
-1.8160713e-10
-1.8220236e-10
-1.8205357e-10
-1.8229164e-10
-1.8017858e-10
-1.8068451e-10
-1.819643e-10
-1.7982141e-10
-1.8020829e-10
-1.8422618e-10
-1.825e-10
-1.7985116e-10
-1.8092262e-10
-1.8056547e-10
-1.785119e-10
-1.7747023e-10
-1.8017857e-10
-1.7776786e-10
-1.810119e-10
-1.8127973e-10
-1.8261904e-10
-1.832738e-10
-1.8360118e-10
-1.8297615e-10
-1.8002974e-10
-1.7982142e-10
-1.8288689e-10
-1.8095235e-10
-1.824107e-10
-1.8226191e-10
-1.821131e-10
-1.8297619e-10
-1.8315476e-10
-1.8175597e-10
-1.8193451e-10
-1.8431547e-10
-1.8330357e-10
-1.8345236e-10
-1.8369048e-10
-1.8357142e-10
-1.8255951e-10
-1.8232142e-10
-1.8038689e-10
-1.8017858e-10
-1.8020833e-10
-1.7898809e-10
-1.7892855e-10
-1.8142857e-10
-1.7869048e-10
-1.7800593e-10
-1.7964284e-10
-1.7973215e-10
-1.7904761e-10
-1.7875001e-10
-1.8157738e-10
-1.8074403e-10
-1.8050592e-10
-1.7940477e-10
-1.7863096e-10
-1.7955355e-10
-1.7699404e-10
-1.7839286e-10
-1.8098213e-10
-1.7997022e-10
-1.7821426e-10
-1.8023809e-10
-1.7964288e-10
-1.8282736e-10
-1.8160713e-10
-1.8098215e-10
-1.8229164e-10
-1.803869e-10
-1.8315476e-10
-1.8217261e-10
-1.8086307e-10
-1.7985118e-10
-1.8086309e-10
-1.8139878e-10
-1.7937499e-10
-1.8032738e-10
-1.7892858e-10
-1.8136902e-10
-1.7964286e-10
-1.8122022e-10
-1.8217261e-10
-1.7892858e-10
-1.8080357e-10
-1.8175594e-10
-1.8133928e-10
-1.8330357e-10
-1.8005952e-10
-1.8133926e-10
-1.8083333e-10
-1.8044641e-10
-1.8142857e-10
-1.7991068e-10
-1.7901784e-10
-1.8068452e-10
-1.802976e-10
-1.8124997e-10
-1.8116071e-10
-1.8086309e-10
-1.8172616e-10
-1.7821429e-10
-1.7997022e-10
-1.796726e-10
-1.7970236e-10
-1.785417e-10
-1.8002977e-10
-1.7672618e-10
-1.8050596e-10
-1.7886904e-10
-1.7782736e-10
-1.7794639e-10
-1.7747023e-10
-1.7758929e-10
-1.7812499e-10
-1.7699404e-10
-1.792262e-10
-1.7749999e-10
-1.7809523e-10
-1.8044644e-10
-1.795238e-10
-1.7907736e-10
-1.7708331e-10
-1.7883929e-10
-1.7800597e-10
-1.8047619e-10
-1.794345e-10
-1.782738e-10
-1.7866068e-10
-1.7952383e-10
-1.7919642e-10
-1.7892858e-10
-1.8148809e-10
-1.7874999e-10
-1.7979165e-10
-1.8059525e-10
-1.8145832e-10
-1.8238094e-10
-1.8142857e-10
-1.8476187e-10
-1.8604165e-10
-1.8517857e-10
-1.8532738e-10
-1.815476e-10
-1.842262e-10
-1.8181545e-10
-1.8026784e-10
-1.821131e-10
-1.807143e-10
-1.7967261e-10
-1.8157738e-10
-1.786012e-10
-1.7910715e-10
-1.8044644e-10
-1.8008928e-10
-1.7788689e-10
-1.8184523e-10
-1.8238094e-10
-1.8223213e-10
-1.8208335e-10
-1.8354165e-10
-1.8428568e-10
-1.8395831e-10
-1.8342261e-10
-1.8366071e-10
-1.8372023e-10
-1.8377977e-10
-1.8193451e-10
-1.8377977e-10
-1.8095238e-10
-1.7943454e-10
-1.8270831e-10
-1.7997023e-10
-1.7973215e-10
-1.8383929e-10
-1.8395831e-10
-1.8110119e-10
-1.8089284e-10
-1.8095238e-10
-1.8139881e-10
-1.8133928e-10
-1.797619e-10
-1.8113094e-10
-1.8315476e-10
-1.7708333e-10
-1.8157738e-10
-1.782738e-10
-1.7940474e-10
-1.8041665e-10
-1.8029762e-10
-1.7755954e-10
-1.7937499e-10
-1.7895833e-10
-1.7970239e-10
-1.7910715e-10
-1.7985118e-10
-1.8062497e-10
-1.7940477e-10
-1.8086309e-10
-1.8154762e-10
-1.8220238e-10
-1.8181545e-10
-1.820238e-10
-1.8202381e-10
-1.7898809e-10
-1.7958333e-10
-1.8017854e-10
-1.7991071e-10
-1.8032735e-10
-1.7794644e-10
-1.8366071e-10
-1.8178573e-10
-1.8223213e-10
-1.8154762e-10
-1.7946428e-10
-1.8291667e-10
-1.8133928e-10
-1.8282738e-10
-1.815476e-10
-1.8294642e-10
-1.8181545e-10
-1.8014881e-10
-1.8300597e-10
-1.816369e-10
-1.8166664e-10
-1.8145832e-10
-1.8026784e-10
-1.8086309e-10
-1.7776783e-10
-1.7708333e-10
-1.777381e-10
-1.7934523e-10
-1.7880952e-10
-1.7949403e-10
-1.7991071e-10
-1.766369e-10
-1.7892858e-10
-1.7767855e-10
-1.8020833e-10
-1.8029762e-10
-1.7964286e-10
-1.7928571e-10
-1.7910712e-10
-1.7883929e-10
-1.7848215e-10
-1.7815475e-10
-1.7886903e-10
-1.7985116e-10
-1.7642858e-10
-1.8032738e-10
-1.8020833e-10
-1.7940474e-10
-1.7791667e-10
-1.7767855e-10
-1.7806545e-10
-1.7901784e-10
-1.7961306e-10
-1.8089287e-10
-1.8270832e-10
-1.8520833e-10
-1.826488e-10
-1.8357145e-10
-1.8252978e-10
-1.8345234e-10
-1.8333332e-10
-1.8199404e-10
-1.8136903e-10
-1.8208332e-10
-1.7979165e-10
-1.835119e-10
-1.8244048e-10
-1.7916665e-10
-1.7988096e-10
-1.8020832e-10
-1.8053574e-10
-1.8199402e-10
-1.8199404e-10
-1.802976e-10
-1.8017858e-10
-1.7788689e-10
-1.7839286e-10
-1.7916663e-10
-1.8056547e-10
-1.8196429e-10
-1.8127976e-10
-1.8133926e-10
-1.7952383e-10
-1.8032735e-10
-1.809226e-10
-1.8125e-10
-1.7883928e-10
-1.7901784e-10
-1.8166665e-10
-1.8047616e-10
-1.8122025e-10
-1.8011906e-10
-1.8089287e-10
-1.7830355e-10
-1.8062501e-10
-1.7967261e-10
-1.800893e-10
-1.788988e-10
-1.7747021e-10
-1.7928568e-10
-1.7833332e-10
-1.7776786e-10
-1.800893e-10
-1.8199404e-10
-1.8190476e-10
-1.8196429e-10
-1.8095239e-10
-1.826488e-10
-1.8098213e-10
-1.8083332e-10
-1.7916665e-10
-1.7830355e-10
-1.7991071e-10
-1.7940474e-10
-1.8059522e-10
-1.8089284e-10
-1.8169644e-10
-1.8267855e-10
-1.8151784e-10
-1.8071428e-10
-1.809226e-10
-1.7869048e-10
-1.8166668e-10
-1.7857142e-10
-1.7717262e-10
-1.7869047e-10
-1.7973215e-10
-1.7943452e-10
-1.80625e-10
-1.8110119e-10
-1.816369e-10
-1.8041668e-10
-1.8089287e-10
-1.8116067e-10
-1.7720236e-10
-1.8157738e-10
-1.8136903e-10
-1.7940477e-10
-1.7982141e-10
-1.7928571e-10
-1.7982141e-10
-1.7883928e-10
-1.7961309e-10
-1.7982142e-10
-1.8270832e-10
-1.8208332e-10
-1.8223213e-10
-1.8312499e-10
-1.8306545e-10
-1.8193451e-10
-1.8020833e-10
-1.8205357e-10
-1.8395833e-10
-1.8276786e-10
-1.8425596e-10
-1.8139878e-10
-1.8071428e-10
-1.8077381e-10
-1.8104165e-10
-1.8026787e-10
-1.8136903e-10
-1.8151784e-10
-1.8110116e-10
-1.8089284e-10
-1.8217262e-10
-1.8226189e-10
-1.7967264e-10
-1.810119e-10
-1.7910712e-10
-1.8014881e-10
-1.8238094e-10
-1.8113094e-10
-1.8220238e-10
-1.8077381e-10
-1.802976e-10
-1.8017857e-10
-1.816369e-10
-1.8074403e-10
-1.8089283e-10
-1.8050594e-10
-1.7925593e-10
-1.7934522e-10
-1.8098215e-10
-1.8008928e-10
-1.7833331e-10
-1.7657736e-10
-1.7764881e-10
-1.7741072e-10
-1.7752975e-10
-1.8044641e-10
-1.7645832e-10
-1.7886904e-10
-1.7961309e-10
-1.7922616e-10
-1.7910712e-10
-1.797619e-10
-1.7907736e-10
-1.7824402e-10
-1.7958333e-10
-1.8080358e-10
-1.7907736e-10
-1.8202381e-10
-1.8151784e-10
-1.8235119e-10
-1.8083332e-10
-1.7851191e-10
-1.8113094e-10
-1.8008928e-10
-1.789881e-10
-1.7946429e-10
-1.8041665e-10
-1.7928571e-10
-1.8071428e-10
-1.7997023e-10
-1.8020833e-10
-1.821131e-10
-1.8348215e-10
-1.8136903e-10
-1.8175594e-10
-1.8166665e-10
-1.8312499e-10
-1.8395831e-10
-1.8098213e-10
-1.8220236e-10
-1.8154762e-10
-1.7988093e-10
-1.8095239e-10
-1.8169639e-10
-1.817857e-10
-1.8127976e-10
-1.7895833e-10
-1.7970236e-10
-1.8145832e-10
-1.8119045e-10
-1.8059521e-10
-1.7991068e-10
-1.8071426e-10
-1.7928571e-10
-1.7616068e-10
-1.7821429e-10
-1.7883928e-10
-1.7949403e-10
-1.7845236e-10
-1.8047616e-10
-1.795238e-10
-1.795238e-10
-1.7964286e-10
-1.8020832e-10
-1.8017858e-10
-1.8065476e-10
-1.8077381e-10
-1.8226191e-10
-1.8264881e-10
-1.8258926e-10
-1.8169641e-10
-1.8148809e-10
-1.8238093e-10
-1.7985118e-10
-1.7919642e-10
-1.8011903e-10
-1.7875001e-10
-1.8032738e-10
-1.7922616e-10
-1.8139881e-10
-1.8071428e-10
-1.7958331e-10
-1.7994047e-10
-1.8229167e-10
-1.8181548e-10
-1.8041665e-10
-1.7916667e-10
-1.7955355e-10
-1.8080357e-10
-1.8065476e-10
-1.8291667e-10
-1.8226187e-10
-1.8050594e-10
-1.8092262e-10
-1.7928571e-10
-1.8002974e-10
-1.7955355e-10
-1.8238094e-10
-1.8229164e-10
-1.80625e-10
-1.7979167e-10
-1.8154762e-10
-1.817857e-10
-1.7913687e-10
-1.7874999e-10
-1.7979165e-10
-1.8020833e-10
-1.795238e-10
-1.7627974e-10
-1.788988e-10
-1.7752974e-10
-1.7749999e-10
-1.7860118e-10
-1.7809523e-10
-1.7869048e-10
-1.7815475e-10
-1.7919645e-10
-1.7666665e-10
-1.7758926e-10
-1.7857142e-10
-1.7940477e-10
-1.7901786e-10
-1.7883929e-10
-1.7997023e-10
-1.8023807e-10
-1.8113094e-10
-1.7985118e-10
-1.8333332e-10
-1.8113096e-10
-1.825893e-10
-1.8151784e-10
-1.8303573e-10
-1.8139878e-10
-1.7991071e-10
-1.8044641e-10
-1.7991068e-10
-1.7895833e-10
-1.8139878e-10
-1.8136906e-10
-1.8205359e-10
-1.826488e-10
-1.8086312e-10
-1.8023809e-10
-1.816071e-10
-1.785119e-10
-1.7830357e-10
-1.7857142e-10
-1.7839283e-10
-1.810119e-10
-1.80625e-10
-1.8193451e-10
-1.8005952e-10
-1.7976191e-10
-1.7991068e-10
-1.8229167e-10
-1.8244048e-10
-1.8193451e-10
-1.8125e-10
-1.8014881e-10
-1.8017857e-10
-1.8032735e-10
-1.8089284e-10
-1.8041665e-10
-1.786012e-10
-1.8038689e-10
-1.8208332e-10
-1.81875e-10
-1.8071428e-10
-1.8175594e-10
-1.7994048e-10
-1.8029762e-10
-1.8157738e-10
-1.8160713e-10
-1.8026784e-10
-1.7988092e-10
-1.7973212e-10
-1.7735118e-10
-1.8098213e-10
-1.8065476e-10
-1.802976e-10
-1.8011906e-10
-1.7934522e-10
-1.7755951e-10
-1.7925593e-10
-1.7845236e-10
-1.7699403e-10
-1.7785716e-10
-1.7866071e-10
-1.7666665e-10
-1.7699404e-10
-1.7815474e-10
-1.7857142e-10
-1.7767857e-10
-1.7877977e-10
-1.7717261e-10
-1.7744045e-10
-1.7854165e-10
-1.7767855e-10
-1.7997023e-10
-1.8020833e-10
-1.7818449e-10
-1.8017861e-10
-1.8077381e-10
-1.80625e-10
-1.8249999e-10
-1.8020832e-10
-1.8157735e-10
-1.7997023e-10
-1.7943452e-10
-1.7985118e-10
-1.8104165e-10
-1.8336306e-10
-1.8008928e-10
-1.8300594e-10
-1.8098213e-10
-1.8119047e-10
-1.7848215e-10
-1.8181545e-10
-1.80625e-10
-1.7761904e-10
-1.7848212e-10
-1.7863096e-10
-1.7848215e-10
-1.8074406e-10
-1.7952378e-10
-1.8002977e-10
-1.8223212e-10
-1.7833332e-10
-1.7866071e-10
-1.8184523e-10
-1.8059522e-10
-1.7857142e-10
-1.8035713e-10
-1.7991071e-10
-1.7657735e-10
-1.8157738e-10
-1.7883928e-10
-1.846131e-10
-1.8160715e-10
-1.8220236e-10
-1.8324404e-10
-1.820238e-10
-1.8485116e-10
-1.8366071e-10
-1.8357142e-10
-1.8244048e-10
-1.8074403e-10
-1.8321429e-10
-1.817857e-10
-1.8181548e-10
-1.7958329e-10
-1.8059525e-10
-1.803869e-10
-1.7925596e-10
-1.7997023e-10
-1.8041664e-10
-1.8127976e-10
-1.8199404e-10
-1.8023807e-10
-1.8122022e-10
-1.7955354e-10
-1.8110119e-10
-1.8181548e-10
-1.8151784e-10
-1.8199406e-10
-1.7999997e-10
-1.8008928e-10
-1.8113094e-10
-1.8044644e-10
-1.7967261e-10
-1.8247023e-10
-1.8139881e-10
-1.816369e-10
-1.7943454e-10
-1.7848215e-10
-1.8083336e-10
-1.7999999e-10
-1.7854167e-10
-1.7901786e-10
-1.811607e-10
-1.796726e-10
-1.7979167e-10
-1.8175597e-10
-1.7970236e-10
-1.7964284e-10
-1.7892855e-10
-1.8002974e-10
-1.7988092e-10
-1.8133928e-10
-1.8044644e-10
-1.7851187e-10
-1.7883928e-10
-1.8032735e-10
-1.8217261e-10
-1.788988e-10
-1.8017857e-10
-1.8017857e-10
-1.7883928e-10
-1.804762e-10
-1.7916665e-10
-1.8068451e-10
-1.7928571e-10
-1.8044641e-10
-1.8062501e-10
-1.8074406e-10
-1.8035715e-10
-1.8017857e-10
-1.8080358e-10
-1.816369e-10
-1.8065477e-10
-1.8321429e-10
-1.8255951e-10
-1.8190476e-10
-1.8294642e-10
-1.8300594e-10
-1.8193451e-10
-1.8023809e-10
-1.8208331e-10
-1.8125e-10
-1.809226e-10
-1.7991071e-10
-1.8056547e-10
-1.8095239e-10
-1.8166664e-10
-1.8211307e-10
-1.7997023e-10
-1.7949404e-10
-1.8244048e-10
-1.7773807e-10
-1.7973215e-10
-1.7738093e-10
-1.7779761e-10
-1.7696428e-10
-1.7842261e-10
-1.7886904e-10
-1.7747023e-10
-1.7770831e-10
-1.7800594e-10
-1.7916667e-10
-1.8011903e-10
-1.8020833e-10
-1.7967261e-10
-1.7997022e-10
-1.7869048e-10
-1.8017857e-10
-1.8065476e-10
-1.7973215e-10
-1.7997023e-10
-1.7961309e-10
-1.816369e-10
-1.835417e-10
-1.8113094e-10
-1.8026783e-10
-1.81875e-10
-1.8125e-10
-1.7874997e-10
-1.8127977e-10
-1.7874997e-10
-1.7913687e-10
-1.8059525e-10
-1.8107144e-10
-1.7815475e-10
-1.7943452e-10
-1.8077378e-10
-1.800595e-10
-1.7886904e-10
-1.7833332e-10
-1.8008928e-10
-1.7836307e-10
-1.7770831e-10
-1.776488e-10
-1.7824404e-10
-1.8065477e-10
-1.782738e-10
-1.7773807e-10
-1.7910715e-10
-1.767857e-10
-1.782738e-10
-1.780357e-10
-1.7687499e-10
-1.7800593e-10
-1.7955358e-10
-1.7869048e-10
-1.7779758e-10
-1.7791667e-10
-1.8008928e-10
-1.7806545e-10
-1.7937499e-10
-1.7776786e-10
-1.809226e-10
-1.7994047e-10
-1.8133926e-10
-1.7982142e-10
-1.7851191e-10
-1.7886904e-10
-1.791369e-10
-1.7755951e-10
-1.8068452e-10
-1.7773807e-10
-1.7788687e-10
-1.7711307e-10
-1.7758929e-10
-1.7755951e-10
-1.7940474e-10
-1.8151784e-10
-1.8020832e-10
-1.8038693e-10
-1.7979165e-10
-1.7892855e-10
-1.789881e-10
-1.804762e-10
-1.7898809e-10
-1.8029764e-10
-1.8089284e-10
-1.7898809e-10
-1.8273807e-10
-1.7931547e-10
-1.8247023e-10
-1.7642854e-10
-1.7758929e-10
-1.7788689e-10
-1.7958331e-10
-1.794345e-10
-1.8080357e-10
-1.8363096e-10
-1.7925596e-10
-1.8136906e-10
-1.8208335e-10
-1.8360118e-10
-1.8110119e-10
-1.8130948e-10
-1.8285713e-10
-1.8014881e-10
-1.8139877e-10
-1.7958333e-10
-1.8119047e-10
-1.7922618e-10
-1.7782736e-10
-1.809821e-10
-1.7907736e-10
-1.8175594e-10
-1.8044644e-10
-1.7979163e-10
-1.8214287e-10
-1.8318451e-10
-1.8398809e-10
-1.8247023e-10
-1.8148807e-10
-1.80625e-10
-1.8125e-10
-1.7961309e-10
-1.8232142e-10
-1.8142857e-10
-1.7999999e-10
-1.821131e-10
-1.827381e-10
-1.7949404e-10
-1.7922618e-10
-1.7892858e-10
-1.7830355e-10
-1.810119e-10
-1.8119047e-10
-1.8005952e-10
-1.8026787e-10
-1.7946429e-10
-1.8014883e-10
-1.7961309e-10
-1.8026784e-10
-1.7877977e-10
-1.7946428e-10
-1.7800593e-10
-1.7934523e-10
-1.8017857e-10
-1.8059522e-10
-1.8184523e-10
-1.791369e-10
-1.8136902e-10
-1.8374997e-10
-1.8181548e-10
-1.8380952e-10
-1.838988e-10
-1.819643e-10
-1.8330355e-10
-1.8428571e-10
-1.8071428e-10
-1.8163689e-10
-1.8056545e-10
-1.802976e-10
-1.8145832e-10
-1.7869048e-10
-1.7961309e-10
-1.7925597e-10
-1.8127976e-10
-1.7883929e-10
-1.7985118e-10
-1.796131e-10
-1.7833332e-10
-1.7910712e-10
-1.7925593e-10
-1.7943452e-10
-1.7782736e-10
-1.7821426e-10
-1.8035713e-10
-1.8089283e-10
-1.8077381e-10
-1.8309523e-10
-1.8080358e-10
-1.8104164e-10
-1.8026787e-10
-1.800595e-10
-1.8020832e-10
-1.821131e-10
-1.8220236e-10
-1.8434523e-10
-1.8148809e-10
-1.8125001e-10
-1.8175594e-10
-1.8249999e-10
-1.8035715e-10
-1.8187499e-10
-1.809226e-10
-1.8229167e-10
-1.810119e-10
-1.7997019e-10
-1.7928571e-10
-1.7880949e-10
-1.7925593e-10
-1.7735118e-10
-1.7976191e-10
-1.8083333e-10
-1.7886903e-10
-1.8122022e-10
-1.7886903e-10
-1.8113096e-10
-1.7776786e-10
-1.7943454e-10
-1.7979167e-10
-1.7937499e-10
-1.788988e-10
-1.8133928e-10
-1.7958333e-10
-1.785119e-10
-1.7770835e-10
-1.7788689e-10
-1.7910715e-10
-1.792262e-10
-1.7776783e-10
-1.7895833e-10
-1.7866073e-10
-1.7973212e-10
-1.8047619e-10
-1.7913687e-10
-1.7818449e-10
-1.792262e-10
-1.7854165e-10
-1.7991068e-10
-1.7994048e-10
-1.7946428e-10
-1.7931548e-10
-1.7949404e-10
-1.7925596e-10
-1.8000001e-10
-1.8029762e-10
-1.7711309e-10
-1.7794642e-10
-1.7970236e-10
-1.7874999e-10
-1.7830357e-10
-1.7747023e-10
-1.7741068e-10
-1.7583332e-10
-1.8041665e-10
-1.7642858e-10
-1.8020832e-10
-1.8089284e-10
-1.7985116e-10
-1.7892858e-10
-1.7747023e-10
-1.7883928e-10
-1.7958331e-10
-1.7815475e-10
-1.7857142e-10
-1.7898809e-10
-1.7922618e-10
-1.7607142e-10
-1.7744045e-10
-1.7952383e-10
-1.774107e-10
-1.7761904e-10
-1.7684525e-10
-1.7994047e-10
-1.8095238e-10
-1.7999999e-10
-1.8065476e-10
-1.8032735e-10
-1.7934523e-10
-1.7982141e-10
-1.8238094e-10
-1.8014881e-10
-1.8199406e-10
-1.7919642e-10
-1.8071428e-10
-1.8023809e-10
-1.80625e-10
-1.8035715e-10
-1.820238e-10
-1.8077381e-10
-1.8330357e-10
-1.8008928e-10
-1.8145832e-10
-1.8130955e-10
-1.8083333e-10
-1.8095238e-10
-1.7794639e-10
-1.7848215e-10
-1.7958333e-10
-1.8181548e-10
-1.8205355e-10
-1.8074406e-10
-1.8238094e-10
-1.8300594e-10
-1.8059522e-10
-1.80119e-10
-1.8056547e-10
-1.8056547e-10
-1.7919642e-10
-1.8238093e-10
-1.810119e-10
-1.8205355e-10
-1.8139878e-10
-1.8139878e-10
-1.7845239e-10
-1.7940474e-10
-1.7904761e-10
-1.8065477e-10
-1.8023809e-10
-1.8065476e-10
-1.8187499e-10
-1.7946425e-10
-1.80625e-10
-1.7794642e-10
-1.8074403e-10
-1.8270832e-10
-1.8086309e-10
-1.821131e-10
-1.8127976e-10
-1.848512e-10
-1.8285713e-10
-1.8166665e-10
-1.8175594e-10
-1.8294642e-10
-1.8589284e-10
-1.8282736e-10
-1.821131e-10
-1.81875e-10
-1.8163689e-10
-1.8098213e-10
-1.7946425e-10
-1.7794642e-10
-1.7955355e-10
-1.8139881e-10
-1.7997022e-10
-1.8056545e-10
-1.789881e-10
-1.7985118e-10
-1.797619e-10
-1.8083332e-10
-1.8133926e-10
-1.7898809e-10
-1.7979163e-10
-1.8011903e-10
-1.7916665e-10
-1.7892855e-10
-1.8011903e-10
-1.8035715e-10
-1.7997026e-10
-1.810119e-10
-1.8062497e-10
-1.8339286e-10
-1.809226e-10
-1.8249999e-10
-1.8059525e-10
-1.7892858e-10
-1.8086309e-10
-1.8232142e-10
-1.8410715e-10
-1.8127976e-10
-1.8226189e-10
-1.8220238e-10
-1.8089284e-10
-1.809226e-10
-1.8130951e-10
-1.8124997e-10
-1.8166665e-10
-1.795238e-10
-1.795238e-10
-1.7946428e-10
-1.7946429e-10
-1.8083332e-10
-1.802976e-10
-1.796131e-10
-1.7979167e-10
-1.7970236e-10
-1.8133928e-10
-1.8294642e-10
-1.8339283e-10
-1.824107e-10
-1.8410715e-10
-1.8279761e-10
-1.8288689e-10
-1.8324406e-10
-1.8056547e-10
-1.8127976e-10
-1.7999997e-10
-1.791369e-10
-1.8083333e-10
-1.7964286e-10
-1.7747023e-10
-1.7758926e-10
-1.7880952e-10
-1.7791667e-10
-1.8074403e-10
-1.7895833e-10
-1.7863097e-10
-1.8056547e-10
-1.8005955e-10
-1.7854167e-10
-1.7848215e-10
-1.7866073e-10
-1.7848215e-10
-1.7833331e-10
-1.8083333e-10
-1.8154764e-10
-1.7934523e-10
-1.7848215e-10
-1.7904761e-10
-1.8020832e-10
-1.7973215e-10
-1.8077381e-10
-1.7627975e-10
-1.7955358e-10
-1.7988093e-10
-1.7958333e-10
-1.7937499e-10
-1.7961309e-10
-1.7967261e-10
-1.8023809e-10
-1.8229167e-10
-1.8255951e-10
-1.8226191e-10
-1.8336307e-10
-1.8342261e-10
-1.8232142e-10
-1.8110119e-10
-1.80625e-10
-1.8223213e-10
-1.8065476e-10
-1.8050594e-10
-1.7967261e-10
-1.7919642e-10
-1.8074403e-10
-1.8291664e-10
-1.8220238e-10
-1.8148809e-10
-1.8202381e-10
-1.8318454e-10
-1.8607141e-10
-1.8693451e-10
-1.8741068e-10
-1.8708332e-10
-1.8565476e-10
-1.8544641e-10
-1.841369e-10
-1.8502973e-10
-1.8568448e-10
-1.8494044e-10
-1.853869e-10
-1.8488093e-10
-1.8401786e-10
-1.8270832e-10
-1.8297618e-10
-1.8119049e-10
-1.8032738e-10
-1.824107e-10
-1.8113094e-10
-1.8181545e-10
-1.838095e-10
-1.8184523e-10
-1.8333332e-10
-1.8184523e-10
-1.8383928e-10
-1.8113094e-10
-1.8294639e-10
-1.8193451e-10
-1.8294642e-10
-1.8136903e-10
-1.8172616e-10
-1.8196426e-10
-1.8464284e-10
-1.8127976e-10
-1.8291664e-10
-1.8255951e-10
-1.8363096e-10
-1.7928568e-10
-1.8056547e-10
-1.7994048e-10
-1.8017854e-10
-1.7889883e-10
-1.7883929e-10
-1.7892858e-10
-1.795238e-10
-1.80625e-10
-1.8032735e-10
-1.7895833e-10
-1.7946428e-10
-1.7794642e-10
-1.780357e-10
-1.7779761e-10
-1.7839283e-10
-1.7735118e-10
-1.8056547e-10
-1.7690475e-10
-1.7678571e-10
-1.7883929e-10
-1.7758926e-10
-1.7586307e-10
-1.7842261e-10
-1.7708333e-10
-1.7901786e-10
-1.7925593e-10
-1.7958333e-10
-1.7901786e-10
-1.8157735e-10
-1.7761904e-10
-1.7940474e-10
-1.8014883e-10
-1.7797619e-10
-1.7842261e-10
-1.8029762e-10
-1.8166665e-10
-1.8077381e-10
-1.7997022e-10
-1.8279761e-10
-1.7994047e-10
-1.824107e-10
-1.8017857e-10
-1.8014878e-10
-1.790476e-10
-1.7874999e-10
-1.7937501e-10
-1.8276786e-10
-1.8330355e-10
-1.8267857e-10
-1.811607e-10
-1.8214283e-10
-1.8127976e-10
-1.7922618e-10
-1.8002973e-10
-1.798512e-10
-1.8324404e-10
-1.7877977e-10
-1.8023809e-10
-1.7964286e-10
-1.785119e-10
-1.7982142e-10
-1.8172619e-10
-1.817857e-10
-1.7699403e-10
-1.8011906e-10
-1.7821429e-10
-1.7943452e-10
-1.8244045e-10
-1.8377977e-10
-1.8223213e-10
-1.8002974e-10
-1.8154762e-10
-1.8184523e-10
-1.8321429e-10
-1.8184523e-10
-1.8196426e-10
-1.8217261e-10
-1.815476e-10
-1.8181548e-10
-1.8550592e-10
-1.8455358e-10
-1.8297619e-10
-1.8360118e-10
-1.8169641e-10
-1.8345236e-10
-1.8247023e-10
-1.8526784e-10
-1.8223213e-10
-1.8401784e-10
-1.8261904e-10
-1.8345236e-10
-1.8258926e-10
-1.8172616e-10
-1.810119e-10
-1.8089284e-10
-1.800595e-10
-1.8071428e-10
-1.8098215e-10
-1.8065476e-10
-1.804762e-10
-1.7842261e-10
-1.7883928e-10
-1.8008928e-10
-1.7949403e-10
-1.8041665e-10
-1.8145832e-10
-1.7836307e-10
-1.7791664e-10
-1.7979167e-10
-1.8127977e-10
-1.7970236e-10
-1.7999999e-10
-1.7934523e-10
-1.8116071e-10
-1.8172619e-10
-1.8232142e-10
-1.8083333e-10
-1.8089284e-10
-1.8455355e-10
-1.8392858e-10
-1.827381e-10
-1.8285713e-10
-1.8315474e-10
-1.820238e-10
-1.8235119e-10
-1.8348212e-10
-1.8184523e-10
-1.8178573e-10
-1.8282738e-10
-1.8354167e-10
-1.8068451e-10
-1.836012e-10
-1.8157735e-10
-1.8282736e-10
-1.8083332e-10
-1.7898809e-10
-1.7991071e-10
-1.8077381e-10
-1.7815478e-10
-1.777381e-10
-1.809226e-10
-1.8113094e-10
-1.7940477e-10
-1.8193451e-10
-1.8318451e-10
-1.8098215e-10
-1.8220238e-10
-1.8255954e-10
-1.825e-10
-1.8211307e-10
-1.8276786e-10
-1.7952383e-10
-1.8077381e-10
-1.7910712e-10
-1.7928571e-10
-1.7898809e-10
-1.7931547e-10
-1.7755951e-10
-1.7803573e-10
-1.7982142e-10
-1.7848215e-10
-1.8005948e-10
-1.7979165e-10
-1.7839283e-10
-1.8026787e-10
-1.7999999e-10
-1.7747021e-10
-1.7940474e-10
-1.8133926e-10
-1.7913691e-10
-1.7758929e-10
-1.7642854e-10
-1.7934523e-10
-1.7654764e-10
-1.7886904e-10
-1.7845236e-10
-1.8166664e-10
-1.7886903e-10
-1.7755951e-10
-1.7937499e-10
-1.8077381e-10
-1.80625e-10
-1.8122022e-10
-1.7991071e-10
-1.7946428e-10
-1.7991071e-10
-1.8071428e-10
-1.8110119e-10
-1.832738e-10
-1.8258926e-10
-1.8312499e-10
-1.8342261e-10
-1.8395833e-10
-1.8339286e-10
-1.8229167e-10
-1.8080357e-10
-1.8026784e-10
-1.8241068e-10
-1.7845239e-10
-1.8053571e-10
-1.7842261e-10
-1.7809523e-10
-1.7797618e-10
-1.8092262e-10
-1.7791667e-10
-1.7747023e-10
-1.7991071e-10
-1.8086307e-10
-1.8175594e-10
-1.8261906e-10
-1.8032742e-10
-1.8160713e-10
-1.8005952e-10
-1.7985118e-10
-1.8291667e-10
-1.7848215e-10
-1.785119e-10
-1.7821426e-10
-1.794345e-10
-1.766071e-10
-1.7770832e-10
-1.7717261e-10
-1.782738e-10
-1.7636904e-10
-1.791369e-10
-1.7779761e-10
-1.7809521e-10
-1.7880952e-10
-1.8002977e-10
-1.7949404e-10
-1.8020833e-10
-1.8074403e-10
-1.7958331e-10
-1.8005952e-10
-1.7883928e-10
-1.7863096e-10
-1.8157738e-10
-1.7973215e-10
-1.7976191e-10
-1.8095238e-10
-1.7869048e-10
-1.8032738e-10
-1.8145832e-10
-1.7970236e-10
-1.8217261e-10
-1.8297618e-10
-1.8220236e-10
-1.8217261e-10
-1.8205357e-10
-1.8172619e-10
-1.8431548e-10
-1.8357141e-10
-1.8276786e-10
-1.8244048e-10
-1.8273807e-10
-1.8312499e-10
-1.8556547e-10
-1.8529762e-10
-1.8294642e-10
-1.8211307e-10
-1.8258926e-10
-1.8252974e-10
-1.8089284e-10
-1.8047619e-10
-1.8002974e-10
-1.8014881e-10
-1.803869e-10
-1.7949404e-10
-1.8255954e-10
-1.8145833e-10
-1.8169641e-10
-1.8255951e-10
-1.81875e-10
-1.8217261e-10
-1.7946429e-10
-1.8148809e-10
-1.8065476e-10
-1.7928568e-10
-1.8014878e-10
-1.7931547e-10
-1.7967261e-10
-1.7895831e-10
-1.802976e-10
-1.7815475e-10
-1.7949403e-10
-1.7934523e-10
-1.7830355e-10
-1.7916665e-10
-1.7922618e-10
-1.7836307e-10
-1.7747023e-10
-1.8089283e-10
-1.8008928e-10
-1.8014881e-10
-1.7943452e-10
-1.7997023e-10
-1.7848215e-10
-1.7970236e-10
-1.7809523e-10
-1.7934523e-10
-1.797619e-10
-1.7598215e-10
-1.7892858e-10
-1.791369e-10
-1.7675594e-10
-1.7869047e-10
-1.7520832e-10
-1.7580354e-10
-1.7663689e-10
-1.7788689e-10
-1.7866068e-10
-1.7928571e-10
-1.7928568e-10
-1.7830357e-10
-1.8032738e-10
-1.7907736e-10
-1.8035713e-10
-1.7895835e-10
-1.8154762e-10
-1.8068452e-10
-1.8178573e-10
-1.8104168e-10
-1.7830357e-10
-1.8095238e-10
-1.7782736e-10
-1.7744048e-10
-1.7776786e-10
-1.8035715e-10
-1.7702381e-10
-1.7824404e-10
-1.7913687e-10
-1.7991068e-10
-1.7866071e-10
-1.7758929e-10
-1.7815475e-10
-1.789881e-10
-1.7958333e-10
-1.7895833e-10
-1.8208335e-10
-1.8044641e-10
-1.7973215e-10
-1.795238e-10
-1.7806548e-10
-1.7934522e-10
-1.8142857e-10
-1.8133928e-10
-1.8249999e-10
-1.8175594e-10
-1.8166665e-10
-1.8258929e-10
-1.8249999e-10
-1.7994048e-10
-1.8095235e-10
-1.8017857e-10
-1.8047616e-10
-1.7869048e-10
-1.8220238e-10
-1.8098213e-10
-1.8315474e-10
-1.8032738e-10
-1.8127977e-10
-1.7955358e-10
-1.810119e-10
-1.8125e-10
-1.8372022e-10
-1.8014878e-10
-1.8160713e-10
-1.7916665e-10
-1.7946428e-10
-1.8017858e-10
-1.8095238e-10
-1.8017857e-10
-1.800595e-10
-1.8029762e-10
-1.7988093e-10
-1.8071428e-10
-1.821131e-10
-1.8324404e-10
-1.8110116e-10
-1.7925596e-10
-1.8011903e-10
-1.810119e-10
-1.8092262e-10
-1.8098215e-10
-1.7741072e-10
-1.8029762e-10
-1.7598213e-10
-1.7973212e-10
-1.7761906e-10
-1.7699404e-10
-1.759226e-10
-1.7800593e-10
-1.7616071e-10
-1.7886904e-10
-1.7607141e-10
-1.7636903e-10
-1.7800594e-10
-1.7675593e-10
-1.8110119e-10
-1.7869047e-10
-1.8017858e-10
-1.795238e-10
-1.8220238e-10
-1.8068451e-10
-1.8032739e-10
-1.8261904e-10
-1.8038689e-10
-1.7999999e-10
-1.7967261e-10
-1.8050594e-10
-1.8056545e-10
-1.7991071e-10
-1.805357e-10
-1.8083332e-10
-1.7916667e-10
-1.8020833e-10
-1.8047616e-10
-1.7857142e-10
-1.7863093e-10
-1.7952378e-10
-1.7657735e-10
-1.776488e-10
-1.7883928e-10
-1.805357e-10
-1.7770832e-10
-1.7991071e-10
-1.7931547e-10
-1.8068452e-10
-1.7979165e-10
-1.7752974e-10
-1.7848215e-10
-1.8074406e-10
-1.8083332e-10
-1.7976187e-10
-1.8011903e-10
-1.8208332e-10
-1.8366071e-10
-1.8461309e-10
-1.8107141e-10
-1.8238094e-10
-1.8282736e-10
-1.840476e-10
-1.8199404e-10
-1.8339286e-10
-1.8449405e-10
-1.8366071e-10
-1.8348216e-10
-1.8303573e-10
-1.8258929e-10
-1.8354167e-10
-1.8369047e-10
-1.816369e-10
-1.8267857e-10
-1.8244048e-10
-1.8229164e-10
-1.8264881e-10
-1.8193454e-10
-1.7848215e-10
-1.8068452e-10
-1.8270832e-10
-1.8226189e-10
-1.827381e-10
-1.8363096e-10
-1.8318451e-10
-1.8068452e-10
-1.8291664e-10
-1.826488e-10
-1.8386903e-10
-1.8482142e-10
-1.8342264e-10
-1.847619e-10
-1.8330357e-10
-1.8523807e-10
-1.827381e-10
-1.8383929e-10
-1.826488e-10
-1.8083333e-10
-1.8196429e-10
-1.8497022e-10
-1.826488e-10
-1.826488e-10
-1.83125e-10
-1.8205357e-10
-1.8276786e-10
-1.7946425e-10
-1.8095238e-10
-1.7889883e-10
-1.8038689e-10
-1.8166665e-10
-1.8223213e-10
-1.8113094e-10
-1.7904764e-10
-1.7910715e-10
-1.8166665e-10
-1.8116071e-10
-1.7931547e-10
-1.8005948e-10
-1.7934523e-10
-1.7946428e-10
-1.8124997e-10
-1.8020832e-10
-1.7767857e-10
-1.7857142e-10
-1.7931547e-10
-1.8056547e-10
-1.7973215e-10
-1.8059522e-10
-1.7907736e-10
-1.8020833e-10
-1.8068451e-10
-1.7800594e-10
-1.7773812e-10
-1.7937499e-10
-1.7696428e-10
-1.7758925e-10
-1.7720239e-10
-1.7860116e-10
-1.795238e-10
-1.7964284e-10
-1.7886904e-10
-1.805357e-10
-1.8125e-10
-1.8050594e-10
-1.791369e-10
-1.7958331e-10
-1.7982142e-10
-1.8181545e-10
-1.7970236e-10
-1.7973212e-10
-1.7833332e-10
-1.7848215e-10
-1.7946428e-10
-1.7625e-10
-1.7904761e-10
-1.791369e-10
-1.7982142e-10
-1.7663689e-10
-1.7848215e-10
-1.7863093e-10
-1.782738e-10
-1.7919641e-10
-1.8080357e-10
-1.833631e-10
-1.8363096e-10
-1.8363096e-10
-1.8398809e-10
-1.8261902e-10
-1.8345239e-10
-1.8139878e-10
-1.8258929e-10
-1.7976187e-10
-1.7910715e-10
-1.8014881e-10
-1.7991073e-10
-1.7904761e-10
-1.8074403e-10
-1.8044644e-10
-1.7874999e-10
-1.7982142e-10
-1.8002974e-10
-1.7800593e-10
-1.7886903e-10
-1.7949407e-10
-1.7991071e-10
-1.7809523e-10
-1.7845236e-10
-1.7657738e-10
-1.7708335e-10
-1.7842261e-10
-1.7803568e-10
-1.7767857e-10
-1.7886904e-10
-1.7869047e-10
-1.8008928e-10
-1.8214286e-10
-1.8294639e-10
-1.8065476e-10
-1.809226e-10
-1.7869048e-10
-1.7955355e-10
-1.7949403e-10
-1.7848212e-10
-1.7979165e-10
-1.7860116e-10
-1.7809525e-10
-1.8059525e-10
-1.8020833e-10
-1.8119049e-10
-1.7901784e-10
-1.7973215e-10
-1.7866071e-10
-1.7994048e-10
-1.8077381e-10
-1.802976e-10
-1.7973212e-10
-1.8020833e-10
-1.800298e-10
-1.8119047e-10
-1.8122025e-10
-1.8092262e-10
-1.7848215e-10
-1.805357e-10
-1.791369e-10
-1.803869e-10
-1.7773807e-10
-1.7767855e-10
-1.7866071e-10
-1.7994047e-10
-1.780357e-10
-1.7812499e-10
-1.7907739e-10
-1.7886903e-10
-1.7904761e-10
-1.7845239e-10
-1.7729167e-10
-1.7598215e-10
-1.7764881e-10
-1.7648809e-10
-1.7788689e-10
-1.7907736e-10
-1.7857142e-10
-1.7866071e-10
-1.7994047e-10
-1.8261904e-10
-1.7999999e-10
-1.7967261e-10
-1.7907739e-10
-1.7937499e-10
-1.8041665e-10
-1.7794642e-10
-1.8035715e-10
-1.7824406e-10
-1.8098217e-10
-1.7955358e-10
-1.8059525e-10
-1.815476e-10
-1.8294644e-10
-1.8092262e-10
-1.8059525e-10
-1.821131e-10
-1.8011907e-10
-1.8053571e-10
-1.7955355e-10
-1.797619e-10
-1.7708333e-10
-1.8169641e-10
-1.800893e-10
-1.7866071e-10
-1.7928571e-10
-1.7842261e-10
-1.7919642e-10
-1.7922618e-10
-1.7770832e-10
-1.7898809e-10
-1.8068451e-10
-1.817857e-10
-1.8047619e-10
-1.8363093e-10
-1.8309523e-10
-1.8151784e-10
-1.8139883e-10
-1.7952378e-10
-1.7964284e-10
-1.8119047e-10
-1.8023809e-10
-1.7979165e-10
-1.8101189e-10
-1.8104165e-10
-1.8005952e-10
-1.7889878e-10
-1.7857142e-10
-1.7934522e-10
-1.795238e-10
-1.8110116e-10
-1.7883928e-10
-1.7863096e-10
-1.8050594e-10
-1.7729167e-10
-1.7866071e-10
-1.788988e-10
-1.7794642e-10
-1.7705357e-10
-1.7979165e-10
-1.7937499e-10
-1.7997023e-10
-1.7967264e-10
-1.8059522e-10
-1.8303573e-10
-1.8547619e-10
-1.8321426e-10
-1.8229164e-10
-1.840476e-10
-1.8098213e-10
-1.8330355e-10
-1.8089283e-10
-1.8083332e-10
-1.8339283e-10
-1.8101189e-10
-1.8181549e-10
-1.8502974e-10
-1.8315476e-10
-1.8130948e-10
-1.8125e-10
-1.7934526e-10
-1.8276786e-10
-1.8288691e-10
-1.8184521e-10
-1.805357e-10
-1.8127976e-10
-1.8151784e-10
-1.8309523e-10
-1.7922618e-10
-1.809226e-10
-1.7997022e-10
-1.7979165e-10
-1.7872022e-10
-1.7985116e-10
-1.7982142e-10
-1.7690475e-10
-1.7872022e-10
-1.7946429e-10
-1.7883929e-10
-1.8074403e-10
-1.7895833e-10
-1.7747023e-10
-1.816369e-10
-1.8160713e-10
-1.8020833e-10
-1.8008928e-10
-1.7779761e-10
-1.7907736e-10
-1.795238e-10
-1.80625e-10
-1.7973215e-10
-1.7848212e-10
-1.7946429e-10
-1.7857142e-10
-1.7940477e-10
-1.7997022e-10
-1.7904761e-10
-1.7812499e-10
-1.7610119e-10
-1.8044641e-10
-1.7648807e-10
-1.7642858e-10
-1.7770832e-10
-1.7901788e-10
-1.7869047e-10
-1.7934522e-10
-1.7872023e-10
-1.7824404e-10
-1.80625e-10
-1.7892855e-10
-1.8199402e-10
-1.8205357e-10
-1.8247025e-10
-1.832738e-10
-1.825e-10
-1.8130951e-10
-1.8175594e-10
-1.8125e-10
-1.8229164e-10
-1.8127976e-10
-1.8205357e-10
-1.8125e-10
-1.8232144e-10
-1.8145832e-10
-1.8232144e-10
-1.7946428e-10
-1.8181548e-10
-1.8136902e-10
-1.8261904e-10
-1.8193454e-10
-1.7961309e-10
-1.8083333e-10
-1.7788689e-10
-1.8032735e-10
-1.8113096e-10
-1.7964286e-10
-1.8077381e-10
-1.8324402e-10
-1.8285713e-10
-1.8312499e-10
-1.8440477e-10
-1.8241073e-10
-1.8235119e-10
-1.8220238e-10
-1.8318454e-10
-1.8122022e-10
-1.8133928e-10
-1.8110116e-10
-1.7997022e-10
-1.8017857e-10
-1.786012e-10
-1.791369e-10
-1.7833332e-10
-1.7809523e-10
-1.776488e-10
-1.7863093e-10
-1.7898809e-10
-1.7991071e-10
-1.7791667e-10
-1.7892858e-10
-1.7973215e-10
-1.7883928e-10
-1.8169639e-10
-1.800893e-10
-1.8151784e-10
-1.7907739e-10
-1.8181548e-10
-1.8300594e-10
-1.7994044e-10
-1.7949404e-10
-1.7857142e-10
-1.7997022e-10
-1.8098213e-10
-1.8133928e-10
-1.8077381e-10
-1.8136903e-10
-1.8074403e-10
-1.7955355e-10
-1.8077381e-10
-1.8005952e-10
-1.7931547e-10
-1.8077381e-10
-1.821131e-10
-1.8380952e-10
-1.8267855e-10
-1.8461309e-10
-1.8211307e-10
-1.8130952e-10
-1.8303573e-10
-1.8223213e-10
-1.8303568e-10
-1.8145833e-10
-1.8074403e-10
-1.8098215e-10
-1.8348212e-10
-1.8122022e-10
-1.821131e-10
-1.8011906e-10
-1.7973215e-10
-1.8077378e-10
-1.8139878e-10
-1.8160715e-10
-1.8238094e-10
-1.8136903e-10
-1.8151784e-10
-1.8419645e-10
-1.8327381e-10
-1.8166665e-10
-1.8023809e-10
-1.7931547e-10
-1.8023812e-10
-1.8184525e-10
-1.8321426e-10
-1.8089284e-10
-1.8279761e-10
-1.810119e-10
-1.8130951e-10
-1.8056547e-10
-1.7919642e-10
-1.7830357e-10
-1.7922618e-10
-1.7907736e-10
-1.8008925e-10
-1.7770835e-10
-1.78125e-10
-1.8011903e-10
-1.816071e-10
-1.8092262e-10
-1.8032738e-10
-1.8238093e-10
-1.8142857e-10
-1.8169641e-10
-1.8110119e-10
-1.8148809e-10
-1.8136906e-10
-1.8127976e-10
-1.8142854e-10
-1.8023809e-10
-1.8279758e-10
-1.8372022e-10
-1.8113094e-10
-1.8232144e-10
-1.8017854e-10
-1.8282736e-10
-1.7925593e-10
-1.8002977e-10
-1.7961309e-10
-1.8154758e-10
-1.7857145e-10
-1.7961309e-10
-1.8002974e-10
-1.7991071e-10
-1.80625e-10
-1.7916667e-10
-1.7732142e-10
-1.7666667e-10
-1.7788689e-10
-1.7732142e-10
-1.7919642e-10
-1.7797618e-10
-1.7749999e-10
-1.7758929e-10
-1.7741072e-10
-1.7857142e-10
-1.7922618e-10
-1.7818451e-10
-1.788988e-10
-1.7863096e-10
-1.7758926e-10
-1.7526786e-10
-1.7672613e-10
-1.7916665e-10
-1.7809523e-10
-1.7955355e-10
-1.7958333e-10
-1.7919645e-10
-1.8002973e-10
-1.8086309e-10
-1.7982141e-10
-1.811607e-10
-1.8056545e-10
-1.8196426e-10
-1.8047619e-10
-1.8369048e-10
-1.805357e-10
-1.8032739e-10
-1.790476e-10
-1.8068452e-10
-1.8247021e-10
-1.8315474e-10
-1.7946428e-10
-1.8032738e-10
