-6.7869307e-11
-6.6562499e-11
-6.6846584e-11
-6.8721584e-11
-6.7130683e-11
-6.8124985e-11
-6.8835222e-11
-6.8039761e-11
-6.855113e-11
-6.7784084e-11
-6.7784084e-11
-6.6704545e-11
-6.7499992e-11
-6.7045453e-11
-6.7244314e-11
-6.6761353e-11
-6.8124992e-11
-6.8039761e-11
-6.8920446e-11
-6.9034084e-11
-6.886363e-11
-6.6903399e-11
-6.7784077e-11
-6.7727261e-11
-6.7187485e-11
-6.8181814e-11
-6.9346591e-11
-6.81534e-11
-6.7244314e-11
-6.7954538e-11
-6.5965892e-11
-6.75284e-11
-6.9346577e-11
-6.7897722e-11
-6.7755676e-11
-6.8693169e-11
-6.6193169e-11
-6.8096577e-11
-6.7869314e-11
-6.7869314e-11
-6.6249999e-11
-6.7130676e-11
-6.8579538e-11
-6.9999992e-11
-6.6789768e-11
-6.8267038e-11
-6.7215893e-11
-7.0539768e-11
-6.886363e-11
-6.7556807e-11
-6.8011367e-11
-6.7727268e-11
-6.7045453e-11
-6.8977261e-11
-6.7159077e-11
-6.8465907e-11
-6.9062485e-11
-6.698863e-11
-6.7585215e-11
-6.6789761e-11
-6.7869314e-11
-6.9261354e-11
-6.5852261e-11
-6.6761353e-11
-6.7329538e-11
-6.6335222e-11
-6.5482945e-11
-6.7812492e-11
-6.6392038e-11
-6.6704538e-11
-6.6448853e-11
-6.6960222e-11
-6.6818169e-11
-6.6676123e-11
-6.7471591e-11
-6.6335215e-11
-6.6704538e-11
-6.551136e-11
-6.75284e-11
-6.8011347e-11
-6.8409077e-11
-6.6874985e-11
-6.72159e-11
-6.6988623e-11
-6.8295446e-11
-6.7301123e-11
-6.8068176e-11
-6.6903393e-11
-6.6107946e-11
-6.8693169e-11
-6.56818e-11
-6.9062485e-11
-6.6789761e-11
-6.9119307e-11
-6.605113e-11
-6.6477268e-11
-6.8124992e-11
-6.6193169e-11
-6.6846577e-11
-6.8551137e-11
-6.5284077e-11
-7.03409e-11
-6.8437485e-11
-6.792613e-11
-6.7784084e-11
-6.7102261e-11
-6.8892038e-11
-6.9318176e-11
-6.7755669e-11
-6.7443169e-11
-6.8693169e-11
-6.8011353e-11
-6.9517031e-11
-6.8465907e-11
-6.9318176e-11
-6.8437492e-11
-6.6789768e-11
-6.9460222e-11
-6.8380683e-11
-6.81534e-11
-6.7670446e-11
-6.863636e-11
-6.8039768e-11
-6.6789761e-11
-6.8948854e-11
-7.0482946e-11
-6.6903406e-11
-6.7301123e-11
-6.9744308e-11
-6.8267031e-11
-6.9687492e-11
-6.6278399e-11
-6.5909077e-11
-6.9943176e-11
-6.823863e-11
-6.7244314e-11
-6.8124992e-11
-6.8948854e-11
-6.8210208e-11
-6.8948854e-11
-6.6448853e-11
-6.8409084e-11
-6.7102261e-11
-6.6392038e-11
-6.6505669e-11
-6.6022715e-11
-6.7301123e-11
-6.7272715e-11
-6.8181807e-11
-6.9573854e-11
-6.6619314e-11
-6.7897722e-11
-6.75284e-11
-6.9857953e-11
-6.7897722e-11
-6.6505676e-11
-6.7812485e-11
-6.8409077e-11
-6.8068169e-11
-6.6931814e-11
-6.7784077e-11
-6.75284e-11
-6.8920446e-11
-6.7130669e-11
-6.9517031e-11
-6.636363e-11
-6.7670446e-11
-6.7528406e-11
-6.7982946e-11
-6.7755676e-11
-6.81534e-11
-6.8522715e-11
-6.7357959e-11
-6.4176137e-11
-6.9062492e-11
-6.5852268e-11
-6.8693169e-11
-6.8039761e-11
-6.75284e-11
-6.6960222e-11
-6.5681807e-11
-7.0198854e-11
-6.7499992e-11
-6.7301137e-11
-6.7613623e-11
-6.761363e-11
-6.8011353e-11
-6.4829538e-11
-6.7414768e-11
-6.8465907e-11
-6.81534e-11
-6.730113e-11
-6.8522722e-11
-6.7727261e-11
-6.8579538e-11
-6.5965899e-11
-6.8437485e-11
-6.6335215e-11
-6.8352261e-11
-6.6534084e-11
-6.6477261e-11
-6.6477261e-11
-6.6903399e-11
-6.792613e-11
-6.7982946e-11
-6.7244314e-11
-6.81534e-11
-6.5454538e-11
-6.6534084e-11
-6.7301123e-11
-6.9914761e-11
-6.5880676e-11
-6.7272722e-11
-6.8210208e-11
-6.7954538e-11
-6.6079538e-11
-6.6420446e-11
-6.7897729e-11
-6.6818169e-11
-6.7272722e-11
-6.7585208e-11
-6.7784084e-11
-6.6960222e-11
-6.5994314e-11
-6.8352261e-11
-6.761363e-11
-6.9545446e-11
-6.7926137e-11
-6.8579531e-11
-6.5539761e-11
-6.8522715e-11
-6.8835222e-11
-6.8096584e-11
-6.8409084e-11
-6.8437492e-11
-6.8551123e-11
-6.8892045e-11
-6.8494307e-11
-6.6107946e-11
-6.823863e-11
-6.8749985e-11
-6.9886354e-11
-6.9261354e-11
-6.9886347e-11
-6.9119307e-11
-6.7869307e-11
-6.801136e-11
-6.6789768e-11
-6.6676123e-11
-6.823863e-11
-6.8551123e-11
-6.8522715e-11
-6.7840907e-11
-6.8749999e-11
-6.8124992e-11
-6.9176123e-11
-6.5880676e-11
-6.9034084e-11
-6.8693176e-11
-6.8352261e-11
-6.8948854e-11
-6.6590906e-11
-6.7556807e-11
-6.7642031e-11
-6.7272729e-11
-6.7045446e-11
-6.7556807e-11
-6.8068176e-11
-6.6392038e-11
-6.8494307e-11
-6.8664761e-11
-6.7812492e-11
-6.613636e-11
-6.698863e-11
-6.6306814e-11
-6.5965899e-11
-6.5170452e-11
-6.8039768e-11
-6.6278399e-11
-6.8579538e-11
-6.7670453e-11
-6.7727268e-11
-6.5426123e-11
-6.5767038e-11
-6.7386347e-11
-6.7471584e-11
-6.6562485e-11
-6.6761353e-11
-6.7499992e-11
-6.5624992e-11
-6.730113e-11
-6.6960222e-11
-6.7954538e-11
-6.7272715e-11
-6.6505676e-11
-6.5994307e-11
-6.8181807e-11
-6.7642038e-11
-6.9261347e-11
-6.7499992e-11
-6.7642038e-11
-6.7585222e-11
-6.9147715e-11
-6.8465893e-11
-6.8551123e-11
-6.6221577e-11
-6.8693169e-11
-6.6903399e-11
-6.7727261e-11
-6.4914768e-11
-6.8068169e-11
-6.7499992e-11
-6.9034084e-11
-6.8011353e-11
-6.9573854e-11
-6.6221584e-11
-6.6818169e-11
-6.5795452e-11
-6.6789768e-11
-6.7670446e-11
-6.6136353e-11
-6.8124992e-11
-6.6534084e-11
-6.6704538e-11
-6.8124992e-11
-6.78409e-11
-6.801136e-11
-6.5653399e-11
-6.8636347e-11
-6.801136e-11
-6.7897722e-11
-6.9119314e-11
-6.6164761e-11
-6.9346577e-11
-6.6051123e-11
-6.5482945e-11
-6.9318169e-11
-6.9318176e-11
-6.7045446e-11
-6.7329538e-11
-6.7386353e-11
-6.676136e-11
-6.6818169e-11
-6.7982946e-11
-6.7443176e-11
-6.7329538e-11
-6.7982946e-11
-6.7585215e-11
-6.8551123e-11
-6.6448853e-11
-6.8210222e-11
-6.5397715e-11
-6.6874992e-11
-6.8409077e-11
-6.6619314e-11
-6.7244314e-11
-6.6619307e-11
-6.8124992e-11
-6.676136e-11
-6.6903399e-11
-7.0198861e-11
-6.7812492e-11
-6.730113e-11
-6.8778407e-11
-6.6874999e-11
-6.7414761e-11
-6.6704545e-11
-6.6960215e-11
-6.7755676e-11
-6.7301123e-11
-6.8181807e-11
-6.5852261e-11
-6.6647729e-11
-6.8011347e-11
-6.7102261e-11
-6.6676137e-11
-6.7727261e-11
-6.7272722e-11
-6.573863e-11
-6.6278399e-11
-6.7414768e-11
-6.8011353e-11
-6.6960222e-11
-6.7812485e-11
-6.8806807e-11
-6.7613623e-11
-6.8409084e-11
-6.84659e-11
-6.6818169e-11
-6.78409e-11
-6.605113e-11
-6.698863e-11
-6.698863e-11
-6.7642038e-11
-6.823863e-11
-6.7130676e-11
-6.707386e-11
-6.7585222e-11
-6.7244307e-11
-6.8267045e-11
-6.7329538e-11
-6.605113e-11
-6.6704538e-11
-6.5767038e-11
-6.7414768e-11
-6.6874999e-11
-6.6448853e-11
-6.8551123e-11
-6.7812485e-11
-6.8096577e-11
-6.636363e-11
-6.6874992e-11
-6.644886e-11
-6.7698853e-11
-6.6534084e-11
-6.5994314e-11
-6.7556814e-11
-6.6022722e-11
-6.698863e-11
-6.9176123e-11
-6.6079531e-11
-6.7130676e-11
-6.6505683e-11
-6.7727268e-11
-6.8323854e-11
-6.6704538e-11
-6.8039761e-11
-6.81818e-11
-6.6448853e-11
-6.8210222e-11
-6.7585222e-11
-6.6505676e-11
-6.730113e-11
-6.6789768e-11
-6.7215893e-11
-6.7414761e-11
-6.7357946e-11
-6.8522715e-11
-6.7727261e-11
-6.7670453e-11
-6.730113e-11
-6.7471584e-11
-6.823863e-11
-6.8295453e-11
-6.8892031e-11
-6.5852261e-11
-6.9062485e-11
-6.7187485e-11
-6.5369307e-11
-6.7698853e-11
-6.8068169e-11
-6.7130683e-11
-6.81534e-11
-6.8352268e-11
-6.7045446e-11
-6.6704531e-11
-6.6676123e-11
-6.7982946e-11
-6.6079538e-11
-6.8124999e-11
-6.7244314e-11
-6.81534e-11
-6.5965906e-11
-6.7159084e-11
-6.7443169e-11
-6.6874992e-11
-6.7556814e-11
-6.8693169e-11
-6.5880676e-11
-6.7159084e-11
-6.7812485e-11
-6.7897715e-11
-6.81534e-11
-6.6903406e-11
-6.5312492e-11
-6.4659084e-11
-6.7727268e-11
-6.8380676e-11
-6.5482945e-11
-6.7073853e-11
-6.6392038e-11
-6.6647722e-11
-6.6221584e-11
-6.7357953e-11
-6.7159084e-11
-6.7102268e-11
-6.6789761e-11
-6.667613e-11
-6.7698853e-11
-6.7102261e-11
-6.4857952e-11
-6.6960215e-11
-6.6846577e-11
-6.7784084e-11
-6.8579538e-11
-6.4772715e-11
-6.9630669e-11
-6.698863e-11
-6.8664761e-11
-6.6193169e-11
-6.886363e-11
-6.5937485e-11
-6.6534084e-11
-6.8494314e-11
-6.8693169e-11
-6.7017031e-11
-6.8892038e-11
-6.5937485e-11
-6.7784084e-11
-6.9261361e-11
-7.5454538e-11
-8.5284085e-11
-8.9573855e-11
-9.5113625e-11
-1.0071022e-10
-1.0119316e-10
-1.047443e-10
-1.090625e-10
-1.1019886e-10
-1.1323862e-10
-1.1792611e-10
-1.2071022e-10
-1.2039772e-10
-1.1900567e-10
-1.1997159e-10
-1.1980116e-10
-1.188068e-10
-1.1693181e-10
-1.1517046e-10
-1.1323863e-10
-1.097443e-10
-1.0619317e-10
-1.0525569e-10
-1.0258523e-10
-9.9289771e-11
-9.9232948e-11
-9.6420448e-11
-9.607954e-11
-9.2471579e-11
-9.0482948e-11
-9.0397717e-11
-8.8636348e-11
-8.8465901e-11
-8.6761369e-11
-8.7073862e-11
-8.4431816e-11
-8.4261355e-11
-8.1392032e-11
-8.2784085e-11
-7.9999979e-11
-7.9829532e-11
-7.8494301e-11
-7.7556808e-11
-7.9289762e-11
-7.8210216e-11
-7.8323854e-11
-7.8096578e-11
-7.6931801e-11
-7.7926131e-11
-7.6107946e-11
-7.4886354e-11
-7.5994301e-11
-7.5511354e-11
-7.619317e-11
-7.4857946e-11
-7.5170439e-11
-7.5085216e-11
-7.4744315e-11
-7.3011347e-11
-7.3323854e-11
-7.3494308e-11
-7.369317e-11
-7.355113e-11
-7.2329531e-11
-7.3636347e-11
-7.4119308e-11
-7.2840893e-11
-7.2471584e-11
-7.3380677e-11
-7.1562485e-11
-7.2272716e-11
-7.1704538e-11
-6.87784e-11
-7.2357946e-11
-7.2357946e-11
-7.198863e-11
-7.1193169e-11
-7.0767038e-11
-7.2102262e-11
-6.9744314e-11
-7.1107946e-11
-7.1221577e-11
-7.0568176e-11
-6.94034e-11
-6.8267038e-11
-7.105113e-11
-7.1732946e-11
-7.0880676e-11
-6.9772715e-11
-7.2386354e-11
-7.0198854e-11
-7.06534e-11
-6.9857946e-11
-7.0255676e-11
-6.9374999e-11
-7.0568169e-11
-7.0170446e-11
-6.9715893e-11
-6.94034e-11
-7.1505669e-11
-7.1363623e-11
-7.0482946e-11
-7.073863e-11
-7.2017045e-11
-6.8920453e-11
-7.0568169e-11
-6.9744314e-11
-7.011363e-11
-7.0454538e-11
-6.9857946e-11
-6.9545453e-11
-6.9289768e-11
-7.1448854e-11
-6.8835208e-11
-7.0369308e-11
-6.9857946e-11
-6.9318169e-11
-6.9318169e-11
-7.1136347e-11
-6.8806814e-11
-6.8210222e-11
-6.9374992e-11
-6.94034e-11
-6.8977261e-11
-6.9147715e-11
-6.9147715e-11
-6.9545439e-11
-6.9772722e-11
-6.8096584e-11
-6.9034084e-11
-7.0454538e-11
-6.917613e-11
-7.011363e-11
-7.0369315e-11
-6.8409084e-11
-6.8181807e-11
-7.0369308e-11
-6.9914761e-11
-6.9374999e-11
-6.8806814e-11
-6.81534e-11
-6.9318169e-11
-6.9431801e-11
-6.9232946e-11
-6.8835222e-11
-6.87784e-11
-6.9630662e-11
-6.75284e-11
-6.8835222e-11
-6.9857946e-11
-7.0823854e-11
-6.8068169e-11
-6.8323854e-11
-6.84659e-11
-6.9715893e-11
-6.5284084e-11
-6.8551137e-11
-6.5994314e-11
-7.0568176e-11
-6.8693169e-11
-6.9744314e-11
-6.75284e-11
-6.7272715e-11
-6.823863e-11
-6.8920446e-11
-6.7954538e-11
-6.8551137e-11
-6.8664754e-11
-6.9147715e-11
-6.9346584e-11
-6.7954531e-11
-6.7698853e-11
-7.0596577e-11
-6.7187492e-11
-6.7982946e-11
-6.698863e-11
-6.9204531e-11
-7.0482946e-11
-6.6761353e-11
-6.8267031e-11
-6.9715893e-11
-6.9630669e-11
-6.7784084e-11
-6.9460222e-11
-6.832386e-11
-6.87784e-11
-6.8749992e-11
-6.9573854e-11
-7.0511347e-11
-6.9517045e-11
-6.8437485e-11
-6.9090893e-11
-6.9545453e-11
-6.8465907e-11
-6.8039768e-11
-6.769886e-11
-6.75284e-11
-6.7386367e-11
-6.9289768e-11
-6.8323854e-11
-7.0142031e-11
-6.7414768e-11
-6.948863e-11
-6.94034e-11
-6.9517038e-11
-6.8437492e-11
-6.9346577e-11
-6.72159e-11
-7.0965907e-11
-6.8465893e-11
-6.8238623e-11
-6.9772715e-11
-7.0198854e-11
-6.9801123e-11
-6.9119314e-11
-6.823863e-11
-6.8948854e-11
-6.9687492e-11
-6.8039768e-11
-6.9971577e-11
-6.9119307e-11
-6.9261347e-11
-6.8352261e-11
-6.6960222e-11
-6.8096584e-11
-6.7642038e-11
-6.8437485e-11
-6.9232939e-11
-6.7017038e-11
-6.8636354e-11
-6.792613e-11
-7.105113e-11
-6.9602268e-11
-6.9034084e-11
-6.8721577e-11
-6.7585222e-11
-7.0624985e-11
-6.8892038e-11
-6.7585222e-11
-6.7499992e-11
-6.8607946e-11
-6.8352261e-11
-6.6306807e-11
-6.9431808e-11
-6.7954538e-11
-6.9318169e-11
-6.8693169e-11
-6.84659e-11
-6.7982946e-11
-6.9005669e-11
-7.0142031e-11
-6.81534e-11
-6.948863e-11
-6.9261347e-11
-6.7073853e-11
-6.7187492e-11
-6.9232946e-11
-6.8267038e-11
-6.6420439e-11
-6.605113e-11
-6.7840893e-11
-6.8778407e-11
-6.8011353e-11
-6.9318169e-11
-6.9346591e-11
-6.8380676e-11
-6.8522715e-11
-6.7982946e-11
-6.7102261e-11
-6.9687485e-11
-6.8551123e-11
-6.9204538e-11
-6.8409084e-11
-6.7187499e-11
-6.9289768e-11
-6.667613e-11
-6.8181814e-11
-6.9261347e-11
-6.8551123e-11
-6.9943169e-11
-6.8295439e-11
-6.8011353e-11
-6.6590899e-11
-6.7073853e-11
-6.8551123e-11
-6.7357946e-11
-6.980113e-11
-6.8494307e-11
-6.8267031e-11
-6.8210215e-11
-6.9517038e-11
-6.8835215e-11
-6.8352261e-11
-6.8494314e-11
-6.8210215e-11
-7.0085215e-11
-6.9517031e-11
-6.9261347e-11
-6.9005669e-11
-6.7301137e-11
-6.948863e-11
-6.8352261e-11
-6.7812492e-11
-6.801136e-11
-6.6732946e-11
-7.1079538e-11
-6.8835215e-11
-6.9005669e-11
-6.9602255e-11
-6.8892045e-11
-6.6363623e-11
-6.7784084e-11
-6.8437492e-11
-7.0511354e-11
-6.8011347e-11
-6.9204538e-11
-6.8607946e-11
-6.7017038e-11
-6.9460222e-11
-6.8295446e-11
-6.8295453e-11
-6.8522715e-11
-6.7954538e-11
-6.8721577e-11
-6.9318169e-11
-6.7670446e-11
-6.8579538e-11
-6.8579538e-11
-6.9886354e-11
-6.8323847e-11
-6.7443176e-11
-6.75568e-11
-6.6477268e-11
-6.7499992e-11
-6.9545453e-11
-6.7443169e-11
-6.7329538e-11
-6.8721577e-11
-6.7244314e-11
-6.8749992e-11
-6.8835222e-11
-6.78409e-11
-6.9176123e-11
-6.9005669e-11
-6.7272715e-11
-6.8210222e-11
-6.886363e-11
-6.7954538e-11
-6.948863e-11
-6.8522715e-11
-6.8295446e-11
-6.78409e-11
-6.7812492e-11
-6.8409084e-11
-6.9374992e-11
-6.81534e-11
-6.8323854e-11
-6.7982946e-11
-7.0539768e-11
-6.9744314e-11
-6.7159084e-11
-6.9517031e-11
-6.6761353e-11
-6.9460222e-11
-6.8210215e-11
-6.6221584e-11
-6.792613e-11
-6.8068169e-11
-6.7755676e-11
-6.8039761e-11
-6.7215906e-11
-6.8806807e-11
-6.75284e-11
-6.8721584e-11
-6.6846591e-11
-6.9204538e-11
-6.6931814e-11
-6.8920439e-11
-6.7471591e-11
-6.6022722e-11
-6.8267038e-11
-6.9176123e-11
-6.7642031e-11
-6.6789768e-11
-6.7556807e-11
-6.7784084e-11
-6.7130676e-11
-6.8749999e-11
-6.7471591e-11
-6.7670446e-11
-6.7784084e-11
-6.81534e-11
-6.7443169e-11
-6.7642038e-11
-6.8977261e-11
-6.9573854e-11
-6.6221577e-11
-6.761363e-11
-6.8437499e-11
-6.855113e-11
-6.7443169e-11
-6.9943169e-11
-6.7954538e-11
-6.9573854e-11
-6.8267038e-11
-6.81818e-11
-6.8124999e-11
-6.7414761e-11
-6.7159084e-11
-6.8011353e-11
-6.917613e-11
-6.7840893e-11
-6.8892031e-11
-6.9289761e-11
-6.8210222e-11
-6.8494314e-11
-6.7130676e-11
-6.9659084e-11
-6.9062492e-11
-6.7869314e-11
-6.7499992e-11
-6.8721584e-11
-6.75284e-11
-6.9289768e-11
-7.0085222e-11
-6.7869314e-11
-6.9829538e-11
-6.7471577e-11
-6.8607946e-11
-6.9460222e-11
-6.8096584e-11
-6.9261354e-11
-6.8806807e-11
-6.7386353e-11
-6.9005669e-11
-6.6789761e-11
-6.6931807e-11
-6.72159e-11
-6.8721584e-11
-6.7244314e-11
-6.7073853e-11
-6.8295453e-11
-6.7471577e-11
-6.8892038e-11
-6.8380683e-11
-6.8267038e-11
-6.8380676e-11
-6.8494314e-11
-6.7215906e-11
-6.7187485e-11
-6.6704545e-11
-6.7698853e-11
-6.6022715e-11
-6.8835215e-11
-6.8522715e-11
-6.8011353e-11
-6.9034084e-11
-6.6732946e-11
-6.9374999e-11
-6.6846577e-11
-6.7329538e-11
-6.886363e-11
-6.8465893e-11
-6.9517031e-11
-6.7897715e-11
-6.9232946e-11
-6.8551123e-11
-6.9261354e-11
-6.8636354e-11
-6.7642031e-11
-6.8181807e-11
-6.7954538e-11
-6.8096577e-11
-6.6846591e-11
-6.9147715e-11
-6.6193169e-11
-6.9261347e-11
-6.8039768e-11
-6.9573854e-11
-6.8721584e-11
-6.8920446e-11
-6.8437492e-11
-6.6761367e-11
-6.5965892e-11
-6.8409077e-11
-6.8323854e-11
-6.9204531e-11
-6.8096584e-11
-6.8920446e-11
-6.7954538e-11
-6.7386353e-11
-6.7443176e-11
-6.8210215e-11
-6.75284e-11
-6.9687485e-11
-6.8721577e-11
-6.886363e-11
-6.9374992e-11
-6.8522715e-11
-6.9346591e-11
-6.6448853e-11
-6.7727261e-11
-6.7869314e-11
-6.7244314e-11
-6.7897722e-11
-6.823863e-11
-6.8039761e-11
-6.87784e-11
-6.7244307e-11
-6.8210215e-11
-6.8522715e-11
-6.9517031e-11
-6.75284e-11
-6.9232946e-11
-6.9062485e-11
-6.5823853e-11
-6.6249992e-11
-6.823863e-11
-6.7386347e-11
-6.9147715e-11
-6.8522715e-11
-6.8267031e-11
-6.8295453e-11
-6.9289761e-11
-6.8892038e-11
-6.855113e-11
-6.8721577e-11
-6.8693169e-11
-6.5880669e-11
-6.7386353e-11
-6.6647722e-11
-6.9289761e-11
-6.6903399e-11
-6.7812485e-11
-6.6931807e-11
-6.5312492e-11
-6.8409084e-11
-6.7443169e-11
-6.7244314e-11
-6.5056807e-11
-6.6278399e-11
-6.7187492e-11
-6.5852268e-11
-6.7954538e-11
-6.7215893e-11
-6.9545446e-11
-6.7443169e-11
-6.6960215e-11
-6.7471584e-11
-6.8579538e-11
-6.7386347e-11
-6.8352261e-11
-6.6818169e-11
-6.7954538e-11
-6.6818176e-11
-6.7755683e-11
-6.6789761e-11
-6.7982946e-11
-6.6562492e-11
-6.7159084e-11
-6.7528393e-11
-6.7954538e-11
-6.6306807e-11
-6.7073853e-11
-6.7812492e-11
-6.5852261e-11
-6.6818169e-11
-6.8380676e-11
-6.84659e-11
-6.7329538e-11
-6.8409084e-11
-6.8892038e-11
-6.6505676e-11
-6.7784077e-11
-6.7130669e-11
-6.6335222e-11
-6.707386e-11
-6.8636354e-11
-6.7897715e-11
-6.6732946e-11
-6.6193169e-11
-6.7727261e-11
-6.6619314e-11
-6.6704538e-11
-6.6647715e-11
-6.6874992e-11
-6.7244314e-11
-6.6448853e-11
-6.7471577e-11
-6.7499992e-11
-6.6903399e-11
-6.761363e-11
-6.9147722e-11
-6.7329538e-11
-6.9460215e-11
-6.636363e-11
-6.8039761e-11
-6.7784084e-11
-6.7301123e-11
-6.9687499e-11
-6.7982946e-11
-6.792613e-11
-6.7386353e-11
-6.8068176e-11
-6.9346591e-11
-6.7556814e-11
-6.7727261e-11
-6.7897708e-11
-6.7272722e-11
-6.7499999e-11
-6.7045453e-11
-6.81534e-11
-6.7272715e-11
-6.7982953e-11
-6.7982946e-11
-6.9914761e-11
-6.7414768e-11
-6.9261354e-11
-6.8948854e-11
-6.5340906e-11
-6.9289768e-11
-6.8409084e-11
-6.6136353e-11
-6.7869307e-11
-6.8124999e-11
-6.8181807e-11
-6.636363e-11
-6.8664754e-11
-6.9090893e-11
-6.7784084e-11
-6.7159084e-11
-6.6676137e-11
-6.573863e-11
-6.8380683e-11
-6.8011353e-11
-7.0085222e-11
-6.7386347e-11
-6.8096577e-11
-6.8806807e-11
-6.7414768e-11
-6.6903399e-11
-6.9147715e-11
-6.8181807e-11
-6.6931807e-11
-6.6590893e-11
-6.6931814e-11
-6.8295446e-11
-6.7982946e-11
-6.6846584e-11
-6.7471584e-11
-6.6278399e-11
-6.778407e-11
-6.6193169e-11
-6.7301123e-11
-6.8636354e-11
-6.6647715e-11
-6.7784077e-11
-6.730113e-11
-6.7045446e-11
-6.7670446e-11
-6.7130669e-11
-6.8693169e-11
-6.9659084e-11
-6.7471577e-11
-6.8579531e-11
-6.7528406e-11
-6.8920446e-11
-6.78409e-11
-6.9999985e-11
-6.8437499e-11
-6.8181814e-11
-6.8522715e-11
-6.7102261e-11
-6.7244314e-11
-6.87784e-11
-6.81534e-11
-6.7897715e-11
-6.7329538e-11
-6.75284e-11
-6.5937492e-11
-6.8579538e-11
-6.7499999e-11
-6.7045446e-11
-6.7414768e-11
-6.8039768e-11
-6.7982946e-11
-6.7272722e-11
-6.8181814e-11
-6.7670439e-11
-6.8380669e-11
-6.6874992e-11
-6.8664761e-11
-7.0312485e-11
-6.8579538e-11
-6.7585215e-11
-6.7215906e-11
-6.7499992e-11
-6.7982946e-11
-6.9772715e-11
-6.7869314e-11
-6.792613e-11
-6.886363e-11
-6.87784e-11
-6.7784084e-11
-6.6335222e-11
-6.6647715e-11
-6.8579538e-11
-6.761363e-11
-6.7357946e-11
-6.698863e-11
-6.8551123e-11
-6.8295453e-11
-6.6448853e-11
-6.886363e-11
-6.7869314e-11
-6.8011347e-11
-6.9261361e-11
-6.7159084e-11
-6.7130676e-11
-6.9630669e-11
-6.9119307e-11
-6.6647715e-11
-6.6931807e-11
-6.7585208e-11
-6.81818e-11
-6.4517038e-11
-6.8636354e-11
-6.8039768e-11
-6.7073853e-11
-6.761363e-11
-7.0142038e-11
-6.9005669e-11
-6.8323854e-11
-6.7982946e-11
-6.63068e-11
-6.7443169e-11
-6.9034084e-11
-6.75284e-11
-6.8522715e-11
-6.9374999e-11
-6.8267031e-11
-6.9460215e-11
-6.8693169e-11
-6.9232953e-11
-6.8011353e-11
-6.6903399e-11
-6.7897722e-11
-6.6505676e-11
-7.0852262e-11
-6.7755676e-11
-6.4829538e-11
-6.7045446e-11
-6.7499992e-11
-6.7017038e-11
-6.97159e-11
-6.6420452e-11
-6.7727268e-11
-6.75284e-11
-6.6420446e-11
-6.7670453e-11
-6.6278399e-11
-6.6107946e-11
-6.7613623e-11
-6.823863e-11
-6.6931814e-11
-6.6505676e-11
-6.7017045e-11
-6.87784e-11
-6.6562485e-11
-6.7073853e-11
-6.9318169e-11
-6.9517031e-11
-6.792613e-11
-6.823863e-11
-7.0085215e-11
-6.8437492e-11
-6.9545446e-11
-6.8664761e-11
-6.7954538e-11
-6.8295453e-11
-6.7585215e-11
-6.8607953e-11
-6.8096584e-11
-6.886363e-11
-6.81818e-11
-6.7073853e-11
-6.7926123e-11
-6.7812485e-11
-6.7244307e-11
-6.6903399e-11
-6.8579531e-11
-7.1022729e-11
-6.886363e-11
-6.90909e-11
-7.0710222e-11
-7.0909084e-11
-6.8948854e-11
-6.9034084e-11
-6.8892038e-11
-6.8977261e-11
-6.8579538e-11
-6.8664768e-11
-6.8749992e-11
-6.801136e-11
-6.8096584e-11
-6.6335222e-11
-6.7869307e-11
-6.8295453e-11
-6.8494314e-11
-7.0113637e-11
-6.761363e-11
-6.9261354e-11
-6.7698853e-11
-6.8551123e-11
-6.9232946e-11
-6.8068176e-11
-6.7499999e-11
-6.8721577e-11
-6.6732946e-11
-6.75284e-11
-6.7045453e-11
-6.7982946e-11
-6.87784e-11
-6.7159084e-11
-6.7840907e-11
-6.7784084e-11
-6.7670453e-11
-6.8494307e-11
-6.917613e-11
-6.8749992e-11
-6.8749999e-11
-6.81534e-11
-6.7897722e-11
-6.75284e-11
-6.7499992e-11
-6.8892045e-11
-6.6960222e-11
-6.7414761e-11
-6.7215906e-11
-6.7755676e-11
-6.6704538e-11
-6.7272729e-11
-6.667613e-11
-6.6789768e-11
-6.8494314e-11
-6.7414761e-11
-6.7357953e-11
-6.7329538e-11
-6.8124992e-11
-6.6051123e-11
-6.6789768e-11
-6.8096577e-11
-6.8096584e-11
-6.6931807e-11
-6.855113e-11
-6.7897722e-11
-6.8352261e-11
-6.5624992e-11
-6.7926123e-11
-6.5823846e-11
-6.6051123e-11
-6.7556807e-11
-6.8579531e-11
-6.7698853e-11
-6.9517031e-11
-6.8693169e-11
-6.6335222e-11
-6.5909084e-11
-6.7528406e-11
-6.8323854e-11
-6.7414768e-11
-6.7499992e-11
-6.7017031e-11
-6.6647715e-11
-6.8380676e-11
-6.7727261e-11
-6.7443169e-11
-6.6335215e-11
-6.9318169e-11
-6.9602261e-11
-6.6193169e-11
-6.7499999e-11
-6.7812499e-11
-6.78409e-11
-6.8124985e-11
-6.7471584e-11
-6.6761367e-11
-6.7045439e-11
-6.8295446e-11
-6.7443169e-11
-6.9176123e-11
-6.6874999e-11
-6.8352261e-11
-6.9005669e-11
-6.8409084e-11
-6.7926123e-11
-6.6306814e-11
-6.5909084e-11
-6.8749992e-11
-6.8664761e-11
-6.8522715e-11
-6.698863e-11
-6.6988637e-11
-6.75284e-11
-6.6590906e-11
-6.7784084e-11
-6.7499999e-11
-6.7272715e-11
-6.6732946e-11
-6.7329538e-11
-6.7727261e-11
-6.7443176e-11
-6.7642031e-11
-6.9034084e-11
-6.823863e-11
-6.6562492e-11
-6.698863e-11
-6.9119307e-11
-6.8948854e-11
-6.6249999e-11
-6.97159e-11
-6.8607946e-11
-6.7471584e-11
-6.8806801e-11
-6.6022722e-11
-6.761363e-11
-6.9034084e-11
-6.8068176e-11
-6.8323854e-11
-6.9261354e-11
-6.6534084e-11
-6.7670446e-11
-6.761363e-11
-6.886363e-11
-6.8806807e-11
-6.72159e-11
-6.8295439e-11
-6.7386353e-11
-6.8380669e-11
-6.6789768e-11
-6.9545439e-11
-6.7926123e-11
-6.7443169e-11
-6.7357946e-11
-6.7755676e-11
-6.8892038e-11
-6.6818176e-11
-6.6732952e-11
-6.8465907e-11
-6.8522729e-11
-6.6874999e-11
-6.6392038e-11
-6.6903399e-11
-6.6732946e-11
-6.8437499e-11
-6.676136e-11
-6.7840907e-11
-6.573863e-11
-6.7443169e-11
-6.7897715e-11
-6.6590906e-11
-6.7585222e-11
-6.7471584e-11
-6.9062485e-11
-6.6960222e-11
-6.5965906e-11
-6.8011353e-11
-6.7386353e-11
-6.8835222e-11
-6.8721577e-11
-6.6306814e-11
-6.8011353e-11
-6.7585215e-11
-6.6789768e-11
-6.7698853e-11
-6.7642031e-11
-6.7187492e-11
-6.7301137e-11
-6.7698853e-11
-6.5852268e-11
-6.6306814e-11
-6.7812492e-11
-6.7755683e-11
-6.7414761e-11
-6.6448853e-11
-6.730113e-11
-6.6335215e-11
-6.5539768e-11
-6.4829538e-11
-6.7897715e-11
-6.7443169e-11
-6.5397715e-11
-6.730113e-11
-6.7670446e-11
-6.6874992e-11
-6.8437492e-11
-6.8267045e-11
-6.5426123e-11
-6.7471577e-11
-6.7926123e-11
-6.6818169e-11
-6.7443169e-11
-6.7642038e-11
-6.801136e-11
-6.6874985e-11
-6.7443176e-11
-6.7499985e-11
-6.7869307e-11
-6.8437485e-11
-6.7670446e-11
-6.8068176e-11
-6.707386e-11
-6.9261361e-11
-6.8124999e-11
-6.5937492e-11
-6.5624985e-11
-6.7727261e-11
-6.9602261e-11
-6.8579538e-11
-6.7670446e-11
-6.7755669e-11
-6.7755669e-11
-6.9886361e-11
-6.7755676e-11
-6.8749999e-11
-6.8551123e-11
-6.7840893e-11
-6.8039761e-11
-6.8181814e-11
-6.7443176e-11
-6.6732946e-11
-6.9090893e-11
-6.8579538e-11
-6.9034084e-11
-6.7982946e-11
-6.676136e-11
-7.0284077e-11
-6.8607946e-11
-6.7840907e-11
-6.8380676e-11
-6.8664761e-11
-6.7784084e-11
-6.863636e-11
-6.8039761e-11
-6.8068169e-11
-6.7102261e-11
-6.8948854e-11
-6.9119307e-11
-6.698863e-11
-6.7755683e-11
-6.7414768e-11
-6.7017031e-11
-6.8068176e-11
-6.7443176e-11
-6.8494314e-11
-6.7414768e-11
-6.8352268e-11
-6.6704538e-11
-6.8380676e-11
-6.5454538e-11
-6.5994307e-11
-6.7585222e-11
-6.6619307e-11
-6.6903399e-11
-6.6221584e-11
-6.6477268e-11
-6.730113e-11
-6.9147715e-11
-6.9119307e-11
-6.636363e-11
-6.7556807e-11
-7.0028407e-11
-6.6874992e-11
-6.8181814e-11
-6.6874992e-11
-6.7897722e-11
-6.9744308e-11
-6.8664768e-11
-6.7642038e-11
-6.8522722e-11
-6.8664761e-11
-6.8380669e-11
-6.6534084e-11
-6.7784084e-11
-6.8778393e-11
-6.730113e-11
-6.7585222e-11
-6.9374999e-11
-6.738636e-11
-6.9176123e-11
-6.6619314e-11
-6.7329538e-11
-6.6903393e-11
-6.7301123e-11
-6.9999985e-11
-6.5198853e-11
-6.7982946e-11
-6.8323854e-11
-6.7130683e-11
-6.7414768e-11
-6.7443169e-11
-6.8636354e-11
-6.8948854e-11
-6.7159084e-11
-6.6704538e-11
-6.7954538e-11
-6.7755676e-11
-6.7471584e-11
-6.7386353e-11
-6.8352261e-11
-6.6335215e-11
-6.6846584e-11
-6.94034e-11
-6.8664768e-11
-6.7130676e-11
-6.8181814e-11
-6.7471591e-11
-6.7727268e-11
-7.0142031e-11
-6.9602268e-11
-6.6931807e-11
-6.8181807e-11
-6.8068169e-11
-6.8039768e-11
-6.7869307e-11
-6.78409e-11
-6.7698853e-11
-6.8977261e-11
-6.8039761e-11
-6.8607946e-11
-6.94034e-11
-6.8352261e-11
-6.8039761e-11
-6.8409084e-11
-6.7670446e-11
-6.8977261e-11
-6.9147722e-11
-6.6249992e-11
-6.7159084e-11
-6.7642031e-11
-6.9062492e-11
-6.8039768e-11
-6.761363e-11
-6.6789768e-11
-6.9545439e-11
-6.7386353e-11
-6.8920453e-11
-6.7755676e-11
-6.7073853e-11
-6.7159084e-11
-6.7272715e-11
-6.792613e-11
-6.948863e-11
-6.9119314e-11
-6.6590906e-11
-6.7812499e-11
-6.8437492e-11
-6.6647715e-11
-6.7784084e-11
-6.6335215e-11
-6.6874999e-11
-6.761363e-11
-6.7187506e-11
-6.8437492e-11
-6.7073853e-11
-6.7499992e-11
-6.7187492e-11
-6.7698853e-11
-6.7698853e-11
-6.6392031e-11
-6.81534e-11
-6.8323854e-11
-6.7443169e-11
-6.7017038e-11
-6.6193169e-11
-6.4744314e-11
-6.7272715e-11
-6.6477261e-11
-6.5312485e-11
-6.8181814e-11
-6.87784e-11
-6.8039768e-11
-6.6221577e-11
-6.7386353e-11
-6.8551123e-11
-6.7670453e-11
-6.7386353e-11
-7.00284e-11
-6.792613e-11
-6.6647715e-11
-6.8039768e-11
-7.0227262e-11
-6.7102268e-11
-6.761363e-11
-6.6505676e-11
-6.7130669e-11
-6.8295453e-11
-6.7897715e-11
-6.8607946e-11
-6.8806801e-11
-7.0823854e-11
-6.7727261e-11
-6.7357946e-11
-6.8238637e-11
-6.7272715e-11
-6.8977268e-11
-6.8295453e-11
-6.7443176e-11
-6.8267038e-11
-6.7755676e-11
-6.6960215e-11
-6.8721577e-11
-6.7926123e-11
-6.8806807e-11
-6.7130669e-11
-6.8068169e-11
-6.8124992e-11
-6.9204538e-11
-6.8977261e-11
-6.78409e-11
-6.9346584e-11
-6.8977261e-11
-6.886363e-11
-6.9232946e-11
-6.8437492e-11
-6.792613e-11
-7.0426123e-11
-6.7102268e-11
-6.7840907e-11
-6.7471584e-11
-6.7727261e-11
-6.7727261e-11
-6.7585222e-11
-6.7471584e-11
-6.9857946e-11
-6.7784084e-11
-6.6960222e-11
-6.7357946e-11
-6.9204538e-11
-6.7982946e-11
-6.8352268e-11
-6.6420446e-11
-6.7414768e-11
-6.9545446e-11
-6.6477268e-11
-6.7812485e-11
-6.7329538e-11
-6.7698853e-11
-6.8096584e-11
-6.7414761e-11
-6.8323854e-11
-7.1107946e-11
-6.6704538e-11
-6.9431801e-11
-7.1079531e-11
-6.6960215e-11
-6.8494301e-11
-6.7499985e-11
-6.8835222e-11
-6.7017038e-11
-6.6960222e-11
-6.8153407e-11
-6.6647715e-11
-6.7130662e-11
-6.7954538e-11
-6.7784084e-11
-6.738636e-11
-6.6761346e-11
-6.6505676e-11
-6.87784e-11
-6.7784084e-11
-6.8039768e-11
-6.8124992e-11
-6.7187499e-11
-6.7642031e-11
-6.9034084e-11
-6.6164754e-11
-6.761363e-11
-6.7926123e-11
-6.6107946e-11
-6.8494307e-11
-6.8494314e-11
-6.6988623e-11
-6.6931807e-11
-6.7585222e-11
-6.6960222e-11
-6.6249999e-11
-6.7784084e-11
-6.8352275e-11
-6.8522715e-11
-6.7471591e-11
-6.9204531e-11
-6.8721577e-11
-6.8323854e-11
-6.9176123e-11
-6.9431801e-11
-6.7670453e-11
-6.8863623e-11
-6.823863e-11
-6.9346584e-11
-6.6732946e-11
-6.7897715e-11
-6.7471584e-11
-6.7812492e-11
-6.7613623e-11
-6.6761353e-11
-6.8267031e-11
-6.761363e-11
-6.9630676e-11
-6.7698853e-11
-6.8948854e-11
-6.886363e-11
-6.6193169e-11
-6.667613e-11
-6.7897715e-11
-6.7215893e-11
-6.6818169e-11
-6.7755669e-11
-6.5909084e-11
-6.8494314e-11
-6.5085222e-11
-6.8181814e-11
-6.7727268e-11
-6.8068169e-11
-6.8295446e-11
-6.87784e-11
-6.8181814e-11
-6.855113e-11
-6.636363e-11
-6.81534e-11
-6.7244314e-11
-6.7017038e-11
-6.7045453e-11
-6.6931814e-11
-6.6846584e-11
-6.8124992e-11
-6.8948854e-11
-6.7585215e-11
-6.6562492e-11
-6.792613e-11
-6.6022715e-11
-6.81534e-11
-6.75284e-11
-6.636363e-11
-6.7670446e-11
-6.6392031e-11
-6.7471584e-11
-6.7215906e-11
-6.7982953e-11
-6.7698853e-11
-6.6789768e-11
-6.8977268e-11
-6.7926137e-11
-6.6704538e-11
-6.7130683e-11
-7.011363e-11
-6.9517031e-11
-6.7102268e-11
-6.6448853e-11
-6.8664768e-11
-6.8210222e-11
-6.6278406e-11
-6.7045446e-11
-6.5909084e-11
-6.6562485e-11
-6.5539768e-11
-6.7784084e-11
-6.5710215e-11
-6.823863e-11
-6.6193169e-11
-6.6960222e-11
-6.7187492e-11
-6.8323854e-11
-6.7528406e-11
-6.7443169e-11
-6.6079531e-11
-6.9971577e-11
-6.6136353e-11
-6.6107946e-11
-6.7784084e-11
-7.00284e-11
-6.6931814e-11
-6.81534e-11
-6.7755676e-11
-6.8323854e-11
-6.6988637e-11
-6.7017038e-11
-6.6960215e-11
-6.6079538e-11
-6.8607946e-11
-6.7187492e-11
-6.6704538e-11
-6.7414768e-11
-6.75284e-11
-6.7159084e-11
-6.7443169e-11
-6.8380676e-11
-6.7244314e-11
-6.8920439e-11
-6.7727261e-11
-6.7499992e-11
-6.7272715e-11
-6.7244314e-11
-6.7812485e-11
-6.7585215e-11
-6.9659084e-11
-6.7471584e-11
-6.8011353e-11
-6.8437485e-11
-6.8721577e-11
-6.8039768e-11
-6.6505662e-11
-6.6732946e-11
-6.7954538e-11
-6.698863e-11
-6.6306814e-11
-6.8096577e-11
-6.7471577e-11
-6.5653399e-11
-6.7784084e-11
-6.7556807e-11
-6.8437492e-11
-6.6193176e-11
-6.7784084e-11
-6.6789768e-11
-6.6249992e-11
-6.6107946e-11
-6.7642031e-11
-6.823863e-11
-6.8352268e-11
-6.7585222e-11
-6.9687492e-11
-6.7187485e-11
-6.7727261e-11
-6.6505683e-11
-6.7954538e-11
-6.7187492e-11
-6.9062492e-11
-6.6676123e-11
-6.7215906e-11
-6.6079531e-11
-6.7244314e-11
-6.6846584e-11
-6.8835222e-11
-6.84659e-11
-6.6818169e-11
-6.8181807e-11
-6.6676123e-11
-6.9431808e-11
-6.761363e-11
-6.511363e-11
-6.7386353e-11
-6.6818183e-11
-6.8295453e-11
-6.6647722e-11
-6.5937492e-11
-6.8181821e-11
-6.8267031e-11
-6.738636e-11
-6.8409077e-11
-6.6704538e-11
-6.7244314e-11
-6.7045453e-11
-6.6789761e-11
-6.7642031e-11
-6.676136e-11
-6.8096577e-11
-6.8068169e-11
-6.72159e-11
-6.5909084e-11
-6.6363637e-11
-6.7755669e-11
-6.6619307e-11
-6.7869314e-11
-6.6164761e-11
-6.7784084e-11
-6.6903399e-11
-6.7556807e-11
-6.7784084e-11
-6.9261354e-11
-6.6278399e-11
-6.6619314e-11
-6.7784084e-11
-6.8352261e-11
-6.5994307e-11
-6.75284e-11
-6.7642031e-11
-6.8124992e-11
-6.7982946e-11
-6.8295446e-11
-6.7301123e-11
-6.75284e-11
-6.8579538e-11
-6.7755669e-11
-6.5085222e-11
-6.6534084e-11
-6.8124992e-11
-6.8607939e-11
-6.7642038e-11
-6.6562499e-11
-6.8039761e-11
-6.7102261e-11
-6.7642038e-11
-6.75284e-11
-6.5937492e-11
-6.730113e-11
-6.8323854e-11
-6.5340899e-11
-6.8664761e-11
-6.6818169e-11
-6.6221584e-11
-6.6960215e-11
-7.0255676e-11
-6.7329538e-11
-6.8693169e-11
-6.7556807e-11
-6.8380676e-11
-6.5852261e-11
-6.7187485e-11
-6.5994307e-11
-6.8977261e-11
-6.9062492e-11
-6.8636354e-11
-6.6874992e-11
-6.8068176e-11
-6.6846584e-11
-6.7585222e-11
-6.6448853e-11
-6.823863e-11
-6.7784077e-11
-6.6903406e-11
-6.9318176e-11
-6.7329538e-11
-6.7869314e-11
-6.6931814e-11
-6.6789768e-11
-6.7499992e-11
-6.8210215e-11
-6.7812499e-11
-6.7670439e-11
-6.8011353e-11
-6.8437485e-11
-6.6079538e-11
-6.7585222e-11
-6.6619307e-11
-6.8522715e-11
-6.9261361e-11
-6.6789761e-11
-6.7897722e-11
-6.9204538e-11
-6.81534e-11
-6.9034084e-11
-6.6477261e-11
-6.9857946e-11
-6.5710222e-11
-6.9034084e-11
-6.7869307e-11
-6.7045453e-11
-6.6619307e-11
-6.8664761e-11
-6.9232946e-11
-6.8494307e-11
-6.5369314e-11
-6.7897715e-11
-6.5255676e-11
-6.6193169e-11
-6.6874999e-11
-6.7272715e-11
-6.5795445e-11
-6.5823853e-11
-6.7244307e-11
-6.6846584e-11
-6.75284e-11
-6.7329531e-11
-6.7471577e-11
-6.5653399e-11
-6.84659e-11
-6.7301123e-11
-6.6732946e-11
-6.69318e-11
-6.823863e-11
-6.6676123e-11
-6.7414761e-11
-6.8267031e-11
-6.7017038e-11
-6.7585222e-11
-6.7045453e-11
-6.7954538e-11
-6.6789761e-11
-6.7130669e-11
-6.6505676e-11
-6.8124992e-11
-6.7017045e-11
-6.738636e-11
-6.9261347e-11
-6.7471584e-11
-6.7414768e-11
-6.8522715e-11
-6.6676123e-11
-6.7272715e-11
-6.7443169e-11
-6.8437485e-11
-6.81534e-11
-6.7954538e-11
-6.7301123e-11
-6.75568e-11
-6.5767038e-11
-6.8693169e-11
-6.8806807e-11
-6.7329538e-11
-6.855113e-11
-6.8835208e-11
-6.8693169e-11
-6.9431801e-11
-6.7244307e-11
-6.9886354e-11
-6.8238623e-11
-6.7869314e-11
-6.8579538e-11
-6.7556814e-11
-6.5795445e-11
-6.8920439e-11
-6.9630676e-11
-6.6534084e-11
-6.8068176e-11
-6.6392038e-11
-6.7869314e-11
-6.7727261e-11
-6.7329538e-11
-6.7471577e-11
-6.8039761e-11
-6.7784084e-11
-6.8124992e-11
-6.9630669e-11
-6.7727261e-11
-6.81534e-11
-6.8749992e-11
-6.738636e-11
-6.9374978e-11
-6.7556814e-11
-7.0823854e-11
-6.9034084e-11
-6.7897715e-11
-6.6931807e-11
-6.7215906e-11
-6.7698853e-11
-7.0284077e-11
-6.8522715e-11
-6.81534e-11
-6.9431801e-11
-6.8096591e-11
-6.6534084e-11
-6.6960222e-11
-6.8295439e-11
-6.7556807e-11
-6.7414761e-11
-6.81818e-11
-6.4715899e-11
-6.6647722e-11
-6.9062492e-11
-6.8494314e-11
-6.8011353e-11
-6.7869314e-11
-6.6960222e-11
-6.698863e-11
-6.7727261e-11
-6.7244314e-11
-6.698863e-11
-6.7215906e-11
-6.8806814e-11
-6.6676137e-11
-6.8579538e-11
-6.8664768e-11
-6.5994314e-11
-6.9431808e-11
-6.5937492e-11
-6.7954538e-11
-6.7556807e-11
-6.7613637e-11
-6.7215906e-11
-6.8693169e-11
-6.6136353e-11
-6.8892031e-11
-6.8437492e-11
-6.6789768e-11
-6.9204531e-11
-6.8806801e-11
-6.698863e-11
-6.6789768e-11
-6.9176123e-11
-6.6022715e-11
-6.5369307e-11
-6.8494314e-11
-6.613636e-11
-6.7471584e-11
-6.7017031e-11
-6.8068169e-11
-6.5624992e-11
-6.8892038e-11
-6.8181814e-11
-6.792613e-11
-6.7272715e-11
-6.6818176e-11
-6.7414761e-11
-6.8522715e-11
-6.9573847e-11
-6.94034e-11
-6.6789761e-11
-6.6477268e-11
-6.9062492e-11
-6.7386353e-11
-6.698863e-11
-6.8267031e-11
-6.7102261e-11
-6.948863e-11
-6.7982946e-11
-6.7727261e-11
-6.8267038e-11
-6.8607946e-11
-6.7244314e-11
-6.6676123e-11
-6.8607946e-11
-6.8124999e-11
-6.6960222e-11
-6.8380676e-11
-6.7982946e-11
-6.832386e-11
-6.855113e-11
-6.823863e-11
-6.7244307e-11
-6.6846584e-11
-6.7443169e-11
-6.7727261e-11
-6.7926137e-11
-6.7755669e-11
-6.7471577e-11
-6.9204538e-11
-6.6647715e-11
-6.7357953e-11
-6.9062492e-11
-6.8579538e-11
-6.948863e-11
-6.7954538e-11
-6.7329538e-11
-6.7926123e-11
-6.7471577e-11
-6.9119307e-11
-6.6164768e-11
-6.698863e-11
-6.5142038e-11
-6.667613e-11
-6.7840907e-11
-6.5852261e-11
-6.5312492e-11
-6.6903399e-11
-6.6420446e-11
-6.6505676e-11
-6.6960222e-11
-6.8749985e-11
-6.7954538e-11
-6.7357946e-11
-6.8039761e-11
-6.7244307e-11
-6.6278399e-11
-6.7357946e-11
-6.5795452e-11
-6.7414761e-11
-6.7017031e-11
-6.8494307e-11
-6.8721577e-11
-6.7017038e-11
-6.7812492e-11
-6.7556814e-11
-6.6931807e-11
-6.7897715e-11
-6.7045446e-11
-6.7755676e-11
-6.8693169e-11
-6.6732952e-11
-6.72159e-11
-6.6846577e-11
-6.5624992e-11
-6.7499999e-11
-6.6164761e-11
-6.9062485e-11
-6.75284e-11
-6.886363e-11
-6.8920446e-11
-6.7443169e-11
-6.7386347e-11
-6.7897715e-11
-6.8607946e-11
-6.9176123e-11
-6.8323854e-11
-6.9119307e-11
-6.7556807e-11
-6.8721577e-11
-6.8437485e-11
-6.6534084e-11
-6.8693176e-11
-6.6221591e-11
-6.8806814e-11
-6.7301123e-11
-6.75284e-11
-6.9289768e-11
-6.7642031e-11
-6.7727268e-11
-6.7272715e-11
-6.69318e-11
-6.6107946e-11
-6.7556814e-11
-6.6193169e-11
-6.9232946e-11
-6.9176123e-11
-6.8096577e-11
-6.7499992e-11
-6.7982946e-11
-6.6960222e-11
-6.7414761e-11
-7.0085215e-11
-6.8664768e-11
-6.8749992e-11
-6.7727261e-11
-6.6874999e-11
-6.7642031e-11
-6.8124992e-11
-6.7812492e-11
-6.7386353e-11
-6.7869314e-11
-6.8068169e-11
-6.7613623e-11
-6.8352261e-11
-6.7812492e-11
-6.7642031e-11
-6.9289768e-11
-6.7471584e-11
-6.8352261e-11
-6.7386347e-11
-6.7215906e-11
-6.8323854e-11
-6.6477268e-11
-6.8409084e-11
-6.7727261e-11
-6.9062499e-11
-6.5823853e-11
-6.6874992e-11
-6.7982953e-11
-6.863636e-11
-6.7301137e-11
-6.7528406e-11
-6.6619314e-11
-6.6477261e-11
-6.6164761e-11
-6.7443169e-11
-6.7954531e-11
-6.6249985e-11
-6.5767031e-11
-6.8181814e-11
-6.761363e-11
-6.7244307e-11
-6.8323854e-11
-6.6534077e-11
-6.8551137e-11
-6.8892031e-11
-6.8096584e-11
-6.7073853e-11
-6.5539768e-11
-6.5965899e-11
-6.6193169e-11
-6.761363e-11
-6.8948854e-11
-6.7727261e-11
-6.7784084e-11
-6.7130676e-11
-6.7897715e-11
-6.7414768e-11
-6.7670446e-11
-6.6022715e-11
-6.7471577e-11
-6.7698853e-11
-6.8096584e-11
-6.8124985e-11
-6.7357946e-11
-6.7357946e-11
-6.7585215e-11
-6.8551123e-11
-6.78409e-11
-6.8437499e-11
-6.8409084e-11
-6.6505676e-11
-6.7073853e-11
-6.7187485e-11
-6.8437485e-11
-6.7556807e-11
-6.6931807e-11
-6.6676123e-11
-6.7784077e-11
-6.9119307e-11
-6.9090893e-11
-6.8096577e-11
-6.75284e-11
-6.6647715e-11
-6.6704538e-11
-6.6846584e-11
-6.6846577e-11
-6.6619314e-11
-6.6477261e-11
-6.7130676e-11
-6.7755662e-11
-6.7102268e-11
-6.8267031e-11
-6.8749999e-11
-6.9062485e-11
-6.8124992e-11
-6.9772715e-11
-6.7556807e-11
-6.7954538e-11
-6.81534e-11
-6.7130676e-11
-6.8210222e-11
-6.5965906e-11
-6.7727268e-11
-6.7414761e-11
-6.9801116e-11
-6.7215906e-11
-6.6732946e-11
-6.7329538e-11
-6.6022715e-11
-6.7642031e-11
-6.6477268e-11
-6.7670446e-11
-6.8636347e-11
-6.8749985e-11
-6.8380683e-11
-6.7357946e-11
-6.7528406e-11
-6.7159084e-11
-6.8437492e-11
-6.7897715e-11
-6.75284e-11
-6.8096577e-11
-6.7642031e-11
-6.698863e-11
-6.8011353e-11
-6.78409e-11
-6.6505676e-11
-6.8181807e-11
-6.7102261e-11
-6.6534084e-11
-6.6193176e-11
-6.7443176e-11
-6.7272715e-11
-6.81818e-11
-6.7215906e-11
-6.9517031e-11
-6.7499999e-11
-6.8238623e-11
-6.698863e-11
-6.7727261e-11
-6.8039768e-11
-6.5852268e-11
-6.7585215e-11
-6.7045453e-11
-6.8664768e-11
-6.7414768e-11
-6.6534084e-11
-6.9176123e-11
-6.5994314e-11
-6.7272715e-11
-6.7045446e-11
-6.7386353e-11
-6.761363e-11
-6.7443176e-11
-6.6931814e-11
-7.0227262e-11
-6.7017038e-11
-6.8380676e-11
-6.7812485e-11
-6.9346584e-11
-6.7755669e-11
-6.7386353e-11
-6.6818169e-11
-6.9176123e-11
-6.8352268e-11
-6.7443169e-11
-6.9971577e-11
-6.8323854e-11
-6.7329538e-11
-6.7840907e-11
-6.917613e-11
-6.8068169e-11
-6.8210222e-11
-6.8437492e-11
-6.8380676e-11
-6.6647715e-11
-6.7642038e-11
-6.823863e-11
-6.7471584e-11
-6.9431801e-11
-6.7130676e-11
-6.6647715e-11
-6.9801137e-11
-6.8011347e-11
-6.8181814e-11
-6.7642031e-11
-6.6619314e-11
-7.0198854e-11
-6.823863e-11
-6.8636354e-11
-6.8522715e-11
-6.5681814e-11
-6.9460215e-11
-6.6335215e-11
-6.7727268e-11
-6.8068176e-11
-6.698863e-11
-6.87784e-11
-6.8693176e-11
-6.7897715e-11
-6.8039761e-11
-6.8011347e-11
-6.8920446e-11
-6.7897722e-11
-6.8664761e-11
-6.6874992e-11
-6.6931807e-11
-6.886363e-11
-6.7982946e-11
-6.6136353e-11
-6.9943169e-11
-6.8181807e-11
-6.9232946e-11
-6.8892038e-11
-6.8295446e-11
-6.6761353e-11
-6.6221584e-11
-6.9119314e-11
-6.5994314e-11
-6.8721577e-11
-6.7159084e-11
-6.9772715e-11
-6.9829538e-11
-6.8210222e-11
-6.7272722e-11
-6.7556814e-11
-6.7698853e-11
-6.8124992e-11
-6.582386e-11
-6.5255676e-11
-6.7869307e-11
-6.9232953e-11
-6.8892031e-11
-6.7727261e-11
-6.6590899e-11
-6.6960215e-11
-6.6164768e-11
-6.8465907e-11
-6.6590893e-11
-6.7982946e-11
-6.8210222e-11
-6.7272715e-11
-6.7642038e-11
-6.6193169e-11
-6.8011353e-11
-6.7670453e-11
-6.6448853e-11
-6.9999992e-11
-6.8607946e-11
-6.5767038e-11
-6.5142031e-11
-6.75568e-11
-6.8522715e-11
-6.5994314e-11
-6.7102261e-11
-6.81534e-11
-6.5653399e-11
-6.863636e-11
-6.6818183e-11
-6.6903406e-11
-6.5710222e-11
-6.6732946e-11
-6.6732946e-11
-6.7017031e-11
-6.698863e-11
-6.9005676e-11
-6.6818169e-11
-6.6420452e-11
-6.5823853e-11
-6.8579538e-11
-6.6960222e-11
-6.8409084e-11
-6.8267038e-11
-6.81534e-11
-6.8494314e-11
-6.7897715e-11
-6.6846577e-11
-6.7840907e-11
-6.823863e-11
-6.6051123e-11
-6.7897722e-11
-6.72159e-11
-6.7869307e-11
-6.7670453e-11
-6.8579538e-11
-6.6079538e-11
-6.8011353e-11
-6.7670446e-11
-6.6818169e-11
-6.7443176e-11
-6.8068169e-11
-6.8096577e-11
-6.9034084e-11
-6.9545446e-11
-6.6931807e-11
-6.8693169e-11
-6.7528406e-11
-6.667613e-11
-6.5198853e-11
-6.8181807e-11
-6.8181807e-11
-6.7159084e-11
-6.6874999e-11
-6.6335222e-11
-6.7812485e-11
-6.8437485e-11
-6.5056807e-11
-6.6619307e-11
-6.6448853e-11
-6.6931814e-11
-6.8522715e-11
-6.801136e-11
-6.7073853e-11
-6.7812492e-11
-6.8011353e-11
-6.7642038e-11
-6.8607946e-11
-6.8778393e-11
-6.8409084e-11
-6.6704538e-11
-6.9261347e-11
-6.7017031e-11
-6.6079538e-11
-6.8636354e-11
-6.6136346e-11
-6.7642045e-11
-6.6732946e-11
-6.863636e-11
-6.7670453e-11
-6.9119314e-11
-6.7556807e-11
-6.8380676e-11
-6.8579538e-11
-6.7812485e-11
-6.6903399e-11
-6.5710222e-11
-6.6647715e-11
-6.738636e-11
-6.7443176e-11
-6.94034e-11
-6.7017038e-11
-6.6221584e-11
-6.6931807e-11
-6.6164768e-11
-6.7727268e-11
-6.7784084e-11
-6.6079538e-11
-6.8238637e-11
-6.6874999e-11
-6.6960222e-11
-6.8494307e-11
-6.6448853e-11
-6.8749999e-11
-6.7812492e-11
-6.7585215e-11
-6.6874992e-11
-6.6164761e-11
-6.5056807e-11
-6.6903399e-11
-6.6107946e-11
-6.8323854e-11
-6.6960222e-11
-6.7443176e-11
-6.6818169e-11
-6.636363e-11
-6.7727261e-11
-6.8267031e-11
-6.7954538e-11
-6.5965899e-11
-6.6221584e-11
-6.6818176e-11
-6.792613e-11
-6.6704531e-11
-6.7670453e-11
-6.5568176e-11
-6.7045453e-11
-6.6676123e-11
-6.7698853e-11
-6.8352268e-11
-6.7414768e-11
-6.8096584e-11
-6.94034e-11
-6.7215906e-11
-6.761363e-11
-6.9914761e-11
-6.8721577e-11
-6.7130669e-11
-6.5965899e-11
-6.7869314e-11
-6.8323847e-11
-6.9005662e-11
-6.72159e-11
-6.7443169e-11
-6.8380683e-11
-6.8693169e-11
-6.84659e-11
-6.8210215e-11
-6.75284e-11
-6.8664761e-11
-6.8806807e-11
-6.8437492e-11
-6.823863e-11
-6.9005669e-11
-6.9460215e-11
-6.8181807e-11
-6.7329538e-11
-6.7443169e-11
-6.7017038e-11
-6.8352261e-11
-6.792613e-11
-6.7784084e-11
-6.6846577e-11
-6.7102261e-11
-6.7443176e-11
-6.6903399e-11
-6.7812485e-11
-6.7329538e-11
-6.738636e-11
-6.7784084e-11
-6.7357946e-11
-6.7045439e-11
-6.6619314e-11
-6.9119301e-11
-6.6874992e-11
-6.6306807e-11
-6.6079538e-11
-6.6931814e-11
-6.6903399e-11
-6.8920439e-11
-6.9431801e-11
-6.8409084e-11
-6.7982946e-11
-6.7698853e-11
-6.8039768e-11
-6.761363e-11
-6.917613e-11
-6.6619307e-11
-6.8124999e-11
-6.6107946e-11
-6.7244307e-11
-6.8721577e-11
-6.823863e-11
-6.7926123e-11
-6.801136e-11
-6.8096584e-11
-6.8124992e-11
-6.8551137e-11
-6.8267038e-11
-6.6874985e-11
-6.9431808e-11
-6.7840907e-11
-6.7897722e-11
-6.6846577e-11
-6.5255676e-11
-6.6534077e-11
-6.6477268e-11
-6.7556814e-11
-6.6306807e-11
-6.7471584e-11
-6.6278399e-11
-6.7954545e-11
-6.636363e-11
-6.8437492e-11
-6.5710222e-11
-6.8664761e-11
-6.8721584e-11
-6.855113e-11
-6.5994307e-11
-6.801136e-11
-6.8977261e-11
-6.7272722e-11
-6.75284e-11
-6.8835215e-11
-6.8096577e-11
-6.7613623e-11
-6.8068169e-11
-6.6874992e-11
-6.75284e-11
-6.6789768e-11
-6.7130676e-11
-6.7443169e-11
-6.9431814e-11
-7.011363e-11
-6.8693169e-11
-6.6931807e-11
-6.8835222e-11
-6.9659084e-11
-6.8664768e-11
-6.823863e-11
-6.7159084e-11
-6.9147715e-11
-6.81534e-11
-6.8892031e-11
-6.9517031e-11
-6.8693169e-11
-6.7698853e-11
-6.6960222e-11
-6.730113e-11
-6.6534084e-11
-6.7499992e-11
-6.9488623e-11
-6.7897722e-11
-6.9232946e-11
-6.9090907e-11
-6.87784e-11
-6.7045446e-11
-6.7784077e-11
-6.698863e-11
-6.7471591e-11
-6.9261347e-11
-6.6079538e-11
-6.8948854e-11
-6.6931807e-11
-6.613636e-11
-6.6874999e-11
-6.8210208e-11
-6.6988637e-11
-6.7102268e-11
-6.8124985e-11
-6.7187492e-11
-6.8977261e-11
-6.7244314e-11
-6.75284e-11
-6.8607946e-11
-6.8295453e-11
-6.7102261e-11
-6.7414768e-11
-6.8607946e-11
-6.9147715e-11
-6.7556814e-11
-6.7613623e-11
-6.761363e-11
-6.8295439e-11
-6.7499999e-11
-6.8636347e-11
-6.8011347e-11
-6.730113e-11
-6.7755676e-11
-6.7727268e-11
-6.7159084e-11
-6.5994307e-11
-6.7670453e-11
-6.573863e-11
-6.7784084e-11
-6.8068169e-11
-6.8409084e-11
-6.7471577e-11
-6.7897715e-11
-6.8267031e-11
-6.7102261e-11
-6.7130676e-11
-6.7443169e-11
-6.8551137e-11
-6.8522722e-11
-6.8295446e-11
-6.7670446e-11
-6.9488623e-11
-6.7386353e-11
-6.7244314e-11
-6.5426123e-11
-6.6931814e-11
-6.7784084e-11
-6.7414761e-11
-6.7272722e-11
-6.9005676e-11
-6.7642045e-11
-6.6107946e-11
-6.9829538e-11
-6.8920446e-11
-6.6477268e-11
-6.9687485e-11
-6.6931814e-11
-6.8380683e-11
-6.8749999e-11
-6.8806814e-11
-6.8835215e-11
-6.7556814e-11
-6.9857946e-11
-6.7897715e-11
-6.9857946e-11
-6.7784084e-11
-6.8238616e-11
-6.8181821e-11
-6.7812485e-11
-6.7272715e-11
-6.7840893e-11
-6.7982946e-11
-6.9261354e-11
-6.6306807e-11
-6.8977261e-11
-6.6732946e-11
-6.7130662e-11
-6.6846584e-11
-6.8664761e-11
-6.6647722e-11
-6.7414761e-11
-6.9289768e-11
-6.8749999e-11
-6.792613e-11
-6.5994314e-11
-6.801136e-11
-6.7499992e-11
-6.8920446e-11
-6.7130683e-11
-6.97159e-11
-6.8522715e-11
-6.9005669e-11
-6.4886353e-11
-6.8664768e-11
-6.6107952e-11
-6.7613623e-11
-6.644886e-11
-6.7528406e-11
-6.6874992e-11
-6.8948854e-11
-6.7244307e-11
-6.8238623e-11
-6.6107946e-11
-6.5880669e-11
-6.9204538e-11
-6.7897722e-11
-6.8380676e-11
-6.9204538e-11
-6.7954538e-11
-6.9232946e-11
-6.855113e-11
-6.667613e-11
-6.84659e-11
-6.7471584e-11
-6.7357946e-11
-6.886363e-11
-6.8068169e-11
-6.6704538e-11
-6.7443176e-11
-6.8579538e-11
-6.823863e-11
-6.6562492e-11
-6.8039761e-11
-6.6306807e-11
-6.9204538e-11
-6.8267031e-11
-6.8267031e-11
-6.8948847e-11
-6.6420446e-11
-6.8721584e-11
-6.6107946e-11
-6.6818176e-11
-6.7698853e-11
-6.8153393e-11
-6.4488637e-11
-6.7727261e-11
-6.792613e-11
-6.6306807e-11
-6.8636354e-11
-6.738636e-11
-6.5909077e-11
-6.7613623e-11
-7.0539755e-11
-6.6846591e-11
-6.7471577e-11
-6.8721577e-11
-6.8124992e-11
-6.7556807e-11
-6.7585215e-11
-6.8096584e-11
-6.8011353e-11
-6.636363e-11
-6.9232946e-11
-6.7159084e-11
-6.7897715e-11
-6.8522715e-11
-6.5852275e-11
-6.730113e-11
-6.7755676e-11
-6.8749985e-11
-6.8664761e-11
-6.7698853e-11
-6.6647715e-11
-6.8977261e-11
-6.7642031e-11
-6.8124992e-11
-6.8863637e-11
-6.7159084e-11
-6.7926123e-11
-6.5767031e-11
-6.7386347e-11
-6.7954545e-11
-6.7272715e-11
-6.8977261e-11
-6.8693169e-11
-6.823863e-11
-6.644886e-11
-6.6647722e-11
-7.1363623e-11
-6.801136e-11
-6.6988623e-11
-6.8636347e-11
-6.7215906e-11
-6.676136e-11
-6.738636e-11
-6.84659e-11
-6.75284e-11
-6.7585208e-11
-6.9289768e-11
-6.7045453e-11
-6.7414768e-11
-7.06534e-11
-6.7698853e-11
-6.9431808e-11
-6.8124992e-11
-6.8749992e-11
-6.8096577e-11
-6.8295446e-11
-6.9857946e-11
-6.8409084e-11
-7.0113623e-11
-6.582386e-11
-6.9204538e-11
-6.7357939e-11
-6.8551123e-11
-6.8295446e-11
-6.8494314e-11
-6.8267031e-11
-6.7357946e-11
-6.9602261e-11
-6.9517031e-11
-6.7045453e-11
-6.7443169e-11
-6.698863e-11
-6.9687485e-11
-6.8096591e-11
-6.8039768e-11
-6.9630662e-11
-6.7073853e-11
-6.8664768e-11
-6.7670446e-11
-6.8124992e-11
-6.7954538e-11
-6.9034084e-11
-6.8465893e-11
-6.761363e-11
-6.6846584e-11
-6.8124999e-11
-6.8096584e-11
-6.66193e-11
-6.8863623e-11
-6.761363e-11
-6.6534084e-11
-6.761363e-11
-6.5795452e-11
-6.5880676e-11
-6.7386353e-11
-6.8267031e-11
-6.8295446e-11
-6.6874992e-11
-6.75284e-11
-6.8494307e-11
-6.7982946e-11
-6.9857939e-11
-6.8068169e-11
-6.8039761e-11
-6.7301123e-11
-6.7499992e-11
-6.8522722e-11
-6.7357946e-11
-6.8948854e-11
-6.5340899e-11
-6.8181807e-11
-6.7414761e-11
-6.7954538e-11
-6.9801123e-11
-6.8693169e-11
-6.7073853e-11
-6.7585222e-11
-6.7812492e-11
-6.801136e-11
-6.9261354e-11
-6.8721577e-11
-6.7698853e-11
-6.7727268e-11
-6.761363e-11
-6.8664768e-11
-6.7130669e-11
-6.7244314e-11
-6.9517038e-11
-6.6874999e-11
-6.6619314e-11
-6.9147715e-11
-6.72159e-11
-6.8380676e-11
-6.7727268e-11
-6.7499985e-11
-6.6846577e-11
-6.8039754e-11
-6.7869314e-11
-6.6960222e-11
-6.7755683e-11
-6.823863e-11
-6.7727261e-11
-6.7642038e-11
-6.8948854e-11
-6.6477261e-11
-6.8096577e-11
-6.6562485e-11
-6.636363e-11
-6.6761353e-11
-6.8295446e-11
-6.81534e-11
-6.8409077e-11
-6.730113e-11
-6.8607946e-11
-6.7897715e-11
-6.9374999e-11
-6.9062499e-11
-6.8494307e-11
-6.7585222e-11
-6.6278399e-11
-7.1193169e-11
-6.9005669e-11
-6.8494314e-11
-6.8380662e-11
-6.8210222e-11
-6.9517038e-11
-6.7869314e-11
-6.7982946e-11
-6.8749992e-11
-6.9119307e-11
-6.9602275e-11
-6.8011353e-11
-6.8011353e-11
-6.8181807e-11
-6.9318169e-11
-6.8835215e-11
-6.8011353e-11
-6.9261347e-11
-6.9573854e-11
-6.6051123e-11
-6.761363e-11
-6.9374992e-11
-6.7187492e-11
-6.6874992e-11
-6.7187492e-11
-6.6846577e-11
-6.3778399e-11
-6.9573854e-11
-7.0937485e-11
-6.9857946e-11
-6.6789761e-11
-6.6278399e-11
-6.7755669e-11
-6.7812485e-11
-6.8977275e-11
-6.8011353e-11
-6.5823853e-11
-6.8607946e-11
-6.6818176e-11
-6.855113e-11
-6.8437492e-11
-6.7755676e-11
-6.7159077e-11
-6.6931814e-11
-6.6448853e-11
-6.7414775e-11
-6.5909084e-11
-6.7982946e-11
-6.7272715e-11
-6.8096577e-11
-6.8522715e-11
-6.9090907e-11
-6.6789761e-11
-6.8096584e-11
-6.8920446e-11
-6.7244307e-11
-6.7812492e-11
-6.8437492e-11
-6.7642031e-11
-6.738636e-11
-6.9289768e-11
-6.6960222e-11
-6.8352268e-11
-6.6335215e-11
-6.5681807e-11
-6.8693176e-11
-6.8977261e-11
-6.7670453e-11
-6.7102268e-11
-6.78409e-11
-6.7244314e-11
-6.7159077e-11
-6.8352261e-11
-6.81534e-11
-6.6874992e-11
-7.0369308e-11
-6.7698853e-11
-6.7159084e-11
-6.7897722e-11
-6.8664761e-11
-6.761363e-11
-6.6193169e-11
-6.7784084e-11
-6.9602261e-11
-6.7698853e-11
-6.7727261e-11
-6.8551123e-11
-6.8806814e-11
-6.8124992e-11
-6.5937499e-11
-6.7954538e-11
-6.9147722e-11
-6.5255676e-11
-6.8749999e-11
-6.5994314e-11
-6.9687485e-11
-6.8210215e-11
-6.6249999e-11
-6.8153407e-11
-6.7812492e-11
-6.8977261e-11
-6.7073853e-11
-6.7357953e-11
-6.7670446e-11
-6.5681807e-11
-6.8863623e-11
-7.0056808e-11
-6.72159e-11
-6.9232946e-11
-6.7414761e-11
-6.7073853e-11
-6.9772715e-11
-6.8039768e-11
-6.87784e-11
-6.9147715e-11
-6.823863e-11
-6.6619314e-11
-6.7471584e-11
-6.8210222e-11
-6.7897715e-11
-6.6960215e-11
-6.9517038e-11
-6.8863623e-11
-6.7130676e-11
-6.7727261e-11
-6.7954538e-11
-6.5880676e-11
-6.7812485e-11
-6.6562492e-11
-6.8323847e-11
-6.8494314e-11
-6.7670446e-11
-6.7443169e-11
-6.8806814e-11
-6.7357946e-11
-6.7812485e-11
-6.7159084e-11
-6.8494314e-11
-6.78409e-11
-6.636363e-11
-6.8011353e-11
-6.801136e-11
-6.6931807e-11
-6.8323854e-11
-6.698863e-11
-6.636363e-11
-6.9147715e-11
-6.7045453e-11
-6.7471577e-11
-6.7982946e-11
-6.84659e-11
-6.6874985e-11
-6.698863e-11
-6.7556814e-11
-6.7357946e-11
-6.7642045e-11
-6.6107946e-11
-6.78409e-11
-6.8181807e-11
-6.823863e-11
-6.7897715e-11
-6.7642031e-11
-6.6448853e-11
-6.8465907e-11
-6.6931814e-11
-6.9062492e-11
-6.8664768e-11
-6.7954538e-11
-6.8039768e-11
-6.8522722e-11
-6.8039768e-11
-6.8607946e-11
-6.6505669e-11
-6.8494314e-11
-6.7329538e-11
-7.0284077e-11
-6.7982946e-11
-6.7926123e-11
-6.823863e-11
-6.8806801e-11
-6.667613e-11
-6.8323854e-11
-6.886363e-11
-6.9374992e-11
-6.87784e-11
-6.8409084e-11
-6.6221577e-11
-6.6590906e-11
-6.7272715e-11
-6.792613e-11
-6.9119314e-11
-6.8693169e-11
-6.7386353e-11
-6.917613e-11
-6.7357946e-11
-6.9232946e-11
-6.7244307e-11
-6.75284e-11
-6.8579538e-11
-6.7414768e-11
-6.7869307e-11
-6.7585215e-11
-6.886363e-11
-6.9857946e-11
-6.8096577e-11
-6.9062492e-11
-6.7982953e-11
-6.7414761e-11
-6.7244314e-11
-6.823863e-11
-6.9318169e-11
-6.7698853e-11
-6.90909e-11
-6.948863e-11
-6.7499999e-11
-6.8323854e-11
-6.8267038e-11
-6.84659e-11
-6.8721584e-11
-6.792613e-11
-6.7073853e-11
-6.7443169e-11
-6.9062492e-11
-6.7443169e-11
-6.8068169e-11
-6.81818e-11
-6.6732952e-11
-6.5511346e-11
-6.9914768e-11
-6.9289761e-11
-6.8721584e-11
-6.7897715e-11
-6.7954538e-11
-6.6420446e-11
-6.8749999e-11
-6.8892031e-11
-6.7642031e-11
-6.7897715e-11
-6.9374992e-11
-6.90909e-11
-6.75284e-11
-6.7642045e-11
-6.7499992e-11
-6.9374992e-11
-6.6193176e-11
-6.7443169e-11
-6.7272715e-11
-7.0085215e-11
-6.7869307e-11
-6.6477261e-11
-6.7727268e-11
-6.7443169e-11
-6.8920446e-11
-6.8607946e-11
-6.7585222e-11
-6.8210222e-11
-6.6420446e-11
-6.6249992e-11
-6.9034084e-11
-6.8749985e-11
-6.8579538e-11
-6.8522715e-11
-6.7159084e-11
-6.5994314e-11
-6.8835222e-11
-6.761363e-11
-6.7471591e-11
-6.87784e-11
-6.8323854e-11
-6.7670446e-11
-6.8693169e-11
-6.7982946e-11
-6.6846584e-11
-6.8494314e-11
-6.9886361e-11
-6.573863e-11
-6.7471584e-11
-6.8721584e-11
-6.7982946e-11
-6.78409e-11
-6.6534077e-11
-6.7187499e-11
-7.0170439e-11
-6.823863e-11
-6.8295453e-11
-6.7585215e-11
-6.8664768e-11
-6.8721577e-11
-6.7329531e-11
-6.7329538e-11
-6.7869314e-11
-6.8409084e-11
-6.7045446e-11
-6.7727261e-11
-6.7812485e-11
-7.0028407e-11
-6.6136346e-11
-6.7727268e-11
-6.81818e-11
-6.7784084e-11
-6.8068169e-11
-6.6846584e-11
-6.9204538e-11
-6.8522715e-11
-6.8068176e-11
-6.87784e-11
-6.7670453e-11
-6.801136e-11
-6.6193169e-11
-6.605113e-11
-6.7471584e-11
-6.5965899e-11
-6.7045453e-11
-6.9147715e-11
-6.573863e-11
-6.7386353e-11
-6.6732946e-11
-6.8437492e-11
-6.8039754e-11
-6.5596584e-11
-6.81534e-11
-6.7670453e-11
-6.7954538e-11
-6.6534084e-11
-6.8068169e-11
-6.7556814e-11
-6.8892031e-11
-6.9914755e-11
-6.7784091e-11
-6.6789768e-11
-6.7954538e-11
-6.8210215e-11
-6.7017031e-11
-6.7414761e-11
-6.823863e-11
-6.730113e-11
-7.0113623e-11
-6.8323854e-11
-6.7556807e-11
-6.7272715e-11
-6.9687485e-11
-6.8778407e-11
-6.7784077e-11
-6.75284e-11
-6.7357946e-11
-6.8124999e-11
-6.6193176e-11
-6.8778407e-11
-6.8096584e-11
-6.7443169e-11
-6.6022715e-11
-6.6818169e-11
-6.8977261e-11
-6.7073853e-11
-6.6676123e-11
-6.8607946e-11
-6.7073853e-11
-6.5482945e-11
-6.8039768e-11
-6.8295446e-11
-6.8551123e-11
-6.6306814e-11
-6.823863e-11
-6.8210215e-11
-6.7897715e-11
-6.9744308e-11
-6.8181807e-11
-6.698863e-11
-6.9232946e-11
-6.917613e-11
-6.917613e-11
-6.8948854e-11
-6.7954538e-11
-6.84659e-11
-6.886363e-11
-6.7812492e-11
-6.7443176e-11
-6.8323854e-11
-6.7954538e-11
-6.8693169e-11
-6.7187492e-11
-6.6931807e-11
-6.8863623e-11
-6.7982946e-11
-6.7414768e-11
-6.9914755e-11
-6.9232939e-11
-6.8295446e-11
-6.6676123e-11
-6.7642031e-11
-6.8380669e-11
-6.761363e-11
-6.8437485e-11
-6.7130669e-11
-6.9886354e-11
-6.801136e-11
-6.7471577e-11
-6.7272715e-11
-6.7727268e-11
-6.7784084e-11
-6.8920446e-11
-6.7812485e-11
-6.7301137e-11
-6.7670453e-11
-6.8323854e-11
-6.8607946e-11
-6.9119314e-11
-6.7869314e-11
-6.8267038e-11
-6.8522715e-11
-6.7272715e-11
-6.7045453e-11
-6.7045446e-11
-6.8295446e-11
-6.8749992e-11
-6.9261354e-11
-6.7443169e-11
-6.7784084e-11
-6.8039768e-11
-6.7159084e-11
-6.9630676e-11
-6.7215893e-11
-6.78409e-11
-7.0312485e-11
-6.7357946e-11
-6.7130669e-11
-6.7386353e-11
-6.6619314e-11
-6.9232946e-11
-6.6306807e-11
-6.8835215e-11
-6.6335222e-11
-6.7642038e-11
-6.855113e-11
-6.7784077e-11
-6.6448853e-11
-6.7869314e-11
-6.7073853e-11
-6.7357946e-11
-6.9914761e-11
-6.9517038e-11
-6.6278399e-11
-6.7499999e-11
-6.9630662e-11
-6.9062499e-11
-6.6647715e-11
-6.8096584e-11
-6.8437492e-11
-6.6477261e-11
-6.636363e-11
-6.8352261e-11
-6.8806807e-11
-7.1477275e-11
-6.9573854e-11
-6.7272715e-11
-7.0681815e-11
-6.8068169e-11
-6.9147715e-11
-6.7187485e-11
-7.105113e-11
-7.0142038e-11
-6.823863e-11
-6.7670446e-11
-6.8551123e-11
-6.8806814e-11
-7.0198861e-11
-6.8721577e-11
-6.9886354e-11
-6.9602261e-11
-6.5028399e-11
-6.9886347e-11
-6.9261354e-11
-6.6505676e-11
-7.00284e-11
-6.8806814e-11
-6.9289761e-11
-6.886363e-11
-6.8267031e-11
-6.8920446e-11
-7.0227268e-11
-6.7812485e-11
-6.6022722e-11
-6.9062499e-11
-6.9517038e-11
-6.8721577e-11
-6.855113e-11
-6.8636347e-11
-6.823863e-11
-6.9119314e-11
-6.8068176e-11
-6.7045446e-11
-6.69318e-11
-6.8636354e-11
-6.7471577e-11
-6.8920446e-11
-6.8806807e-11
-6.792613e-11
-6.8409084e-11
-6.8238623e-11
-6.8579538e-11
-6.7556807e-11
-6.7329545e-11
-6.7698853e-11
-6.7102261e-11
-6.6590899e-11
-6.87784e-11
-6.7045453e-11
-6.8579538e-11
-6.7017038e-11
-6.636363e-11
-6.8068169e-11
-6.7556814e-11
-6.7329538e-11
-6.5795452e-11
-6.6960215e-11
-6.8948854e-11
-6.8409084e-11
-6.6562492e-11
-6.7443176e-11
-6.7585222e-11
-6.8749992e-11
-6.75568e-11
-6.7471584e-11
-6.6619314e-11
-6.6704538e-11
-6.7840907e-11
-6.7357946e-11
-6.7329538e-11
-6.8636354e-11
-6.6846577e-11
-7.1079538e-11
-6.8039761e-11
-6.78409e-11
-6.7017038e-11
-6.7073853e-11
-6.6278399e-11
-6.8494314e-11
-6.7272722e-11
-6.7386353e-11
-6.8068169e-11
-6.8238623e-11
-6.5880676e-11
-6.7102261e-11
-6.7897715e-11
-6.8721577e-11
-6.7017038e-11
-6.7812485e-11
-6.6448853e-11
-6.6477268e-11
-6.5511353e-11
-6.9630669e-11
-6.8352261e-11
-6.7045453e-11
-6.8409084e-11
-6.8494314e-11
-6.7471577e-11
-6.6988637e-11
-6.9176123e-11
-6.7187485e-11
-6.5596591e-11
-6.9602261e-11
-6.980113e-11
-6.5880669e-11
-6.8749992e-11
-6.7897722e-11
-6.6477268e-11
-6.6960215e-11
-6.8267031e-11
-6.8068169e-11
-6.7357946e-11
-6.698863e-11
-6.7585215e-11
-6.7670453e-11
-6.8465893e-11
-6.9005676e-11
-6.7840907e-11
-6.7812492e-11
-6.7499999e-11
-7.0596584e-11
-6.8011353e-11
-6.6960222e-11
-7.0539768e-11
-6.9318169e-11
-6.8948854e-11
-6.72159e-11
-6.9119314e-11
-6.78409e-11
-6.7329538e-11
-6.6363623e-11
-6.7670446e-11
-6.5937485e-11
-6.8437485e-11
-6.7045439e-11
-7.0823854e-11
-6.8977261e-11
-6.8863623e-11
-6.8920446e-11
-6.6477261e-11
-6.6903399e-11
-6.7642038e-11
-6.8267045e-11
-6.9346577e-11
-6.9261361e-11
-6.7159084e-11
-6.6761353e-11
-6.9829538e-11
-6.9090907e-11
-6.84659e-11
-6.81534e-11
-6.7159084e-11
-6.9318176e-11
-6.81818e-11
-6.6590899e-11
-6.8920446e-11
-6.8948854e-11
-6.761363e-11
-6.6221577e-11
-6.8409077e-11
-6.75284e-11
-6.6335222e-11
-6.7897722e-11
-6.7187492e-11
-6.8124999e-11
-6.7840907e-11
-6.9147715e-11
-6.7755676e-11
-6.792613e-11
-6.7499999e-11
-6.7357946e-11
-6.5653399e-11
-6.7443183e-11
-6.7897722e-11
-6.8039761e-11
-6.7073853e-11
-6.7301123e-11
-6.6732952e-11
-6.78409e-11
-6.6278399e-11
-6.7698853e-11
-6.6392038e-11
-6.7926137e-11
-6.7812492e-11
-6.6306807e-11
-6.823863e-11
-6.6079538e-11
-6.6022715e-11
-6.7244314e-11
-6.7585222e-11
-6.6874992e-11
-6.7642031e-11
-6.698863e-11
-6.801136e-11
-6.8522715e-11
-6.7585222e-11
-6.6505676e-11
-6.6647715e-11
-6.6079538e-11
-6.8238623e-11
-6.7982946e-11
-6.7357946e-11
-6.9346577e-11
-6.7443176e-11
-6.8465893e-11
-6.8579531e-11
-6.8380676e-11
-6.6420439e-11
-6.8721577e-11
-6.7926123e-11
-6.8948854e-11
-6.7414768e-11
-7.0909084e-11
-6.8011347e-11
-6.7244314e-11
-6.8323854e-11
-6.9289768e-11
-6.8806814e-11
-6.7499992e-11
-6.6477275e-11
-6.7073853e-11
-6.81534e-11
-6.8607946e-11
-6.8181807e-11
-6.7130683e-11
-6.6704531e-11
-6.7585222e-11
-6.9744308e-11
-6.6846577e-11
-6.8721584e-11
-6.8522715e-11
-6.8437485e-11
-6.9460222e-11
-6.9062485e-11
-6.8124999e-11
-6.9034084e-11
-6.5340899e-11
-6.8096577e-11
-6.6874985e-11
-6.6022722e-11
-6.8607946e-11
-6.7642038e-11
-7.1789762e-11
-6.7869307e-11
-6.6335222e-11
-6.8920453e-11
-7.0113616e-11
-6.5653399e-11
-6.7443176e-11
-6.9005669e-11
-6.9204538e-11
-6.6903399e-11
-6.8607946e-11
-6.8210222e-11
-6.75284e-11
-6.7443176e-11
-6.8295453e-11
-6.9204538e-11
-6.7357946e-11
-6.9062485e-11
-6.8579538e-11
-6.8664768e-11
-6.8181814e-11
-6.6903399e-11
-6.6818176e-11
-6.8494301e-11
-6.8409084e-11
-6.9232946e-11
-6.81534e-11
-6.6335222e-11
-6.769886e-11
-6.6448853e-11
-6.8892038e-11
-6.8380669e-11
-6.9090907e-11
-6.7698853e-11
-6.730113e-11
-6.7443176e-11
-6.87784e-11
-6.7159084e-11
-6.730113e-11
-6.8352261e-11
-6.8806801e-11
-6.8494314e-11
-6.81534e-11
-6.9147715e-11
-6.8352261e-11
-6.8409084e-11
-6.7755676e-11
-6.6903399e-11
-6.9318176e-11
-6.8124999e-11
-6.9346577e-11
-6.948863e-11
-6.9005669e-11
-6.6477261e-11
-6.8323854e-11
-6.6392031e-11
-6.7329538e-11
-6.9318176e-11
-6.8437485e-11
-6.9431808e-11
-6.9119314e-11
-6.7244314e-11
-6.636363e-11
-6.8551137e-11
-6.6590899e-11
-6.6562492e-11
-6.8068169e-11
-6.8522722e-11
-6.7272715e-11
-6.6249999e-11
-6.9232946e-11
-6.7187485e-11
-6.8806801e-11
-6.8664768e-11
-6.8721577e-11
-6.9204538e-11
-6.8892038e-11
-6.8124992e-11
-7.0397715e-11
-6.7784084e-11
-6.7840907e-11
-6.81534e-11
-6.8920446e-11
-6.87784e-11
-6.6505676e-11
-6.84659e-11
-6.886363e-11
-6.8778407e-11
-6.9517045e-11
-6.8068169e-11
-6.7357946e-11
-6.7073853e-11
-6.7102261e-11
-6.7443169e-11
-6.6732946e-11
-6.7698853e-11
-6.5710215e-11
-6.7897715e-11
-7.0909084e-11
-6.7954538e-11
-6.7727261e-11
-6.8210222e-11
-6.9261354e-11
-6.7784077e-11
-6.8380676e-11
-6.9431801e-11
-6.4374991e-11
-6.8096577e-11
-6.8380676e-11
-6.792613e-11
-6.8892038e-11
-6.7670453e-11
-6.8437499e-11
-6.9687485e-11
-6.6107946e-11
-6.94034e-11
-6.7784084e-11
-6.75284e-11
-6.8295446e-11
-6.8721584e-11
-6.8096584e-11
-6.78409e-11
-6.5397722e-11
-6.8693169e-11
-6.8039761e-11
-6.676136e-11
-6.7585215e-11
-6.7159084e-11
-6.7017038e-11
-6.5909084e-11
-6.7869314e-11
-6.6619307e-11
-6.8806807e-11
-6.8323854e-11
-6.7443169e-11
-6.5795445e-11
-6.6818169e-11
-6.8409091e-11
-6.8778407e-11
-6.6278399e-11
-6.6903399e-11
-6.917613e-11
-6.6590906e-11
-6.886363e-11
-6.6931807e-11
-6.761363e-11
-6.7926116e-11
-6.8948847e-11
-6.6505676e-11
-6.769886e-11
-6.7301116e-11
-6.9772715e-11
-6.7017038e-11
-6.7329538e-11
-6.6221577e-11
-6.7471591e-11
-7.0909077e-11
-6.636363e-11
-6.8068169e-11
-6.6960215e-11
-6.769886e-11
-6.7301123e-11
-6.8039768e-11
-6.9062492e-11
-6.8948854e-11
-6.917613e-11
-6.8039761e-11
-6.7499985e-11
-6.8835215e-11
-6.4971577e-11
-6.823863e-11
-6.7897715e-11
-6.9374992e-11
-6.6164761e-11
-6.6960222e-11
-6.7698853e-11
-6.823863e-11
-6.698863e-11
-6.9857953e-11
-6.9687492e-11
-6.7727268e-11
-6.698863e-11
-6.8323854e-11
-6.8352261e-11
-6.8664768e-11
-6.8210222e-11
-6.8210222e-11
-6.8749985e-11
-6.7982946e-11
-6.4602268e-11
-6.6051123e-11
-6.761363e-11
-6.75284e-11
-6.6534084e-11
-6.7102268e-11
-6.801136e-11
-6.8636347e-11
-6.7187492e-11
-6.8380676e-11
-6.7812485e-11
-6.9289768e-11
-6.8352268e-11
-6.8607946e-11
-6.7698853e-11
-6.7670446e-11
-6.8636347e-11
-6.7443169e-11
-6.644886e-11
-6.9034077e-11
-6.8494314e-11
-6.9687492e-11
-6.7215893e-11
-6.7443169e-11
-6.917613e-11
-6.738636e-11
-6.698863e-11
-6.7073853e-11
-6.8551123e-11
-6.6619307e-11
-6.7784084e-11
-6.917613e-11
-6.6335222e-11
-6.87784e-11
-6.6590906e-11
-6.6960222e-11
-6.8522715e-11
-6.6789761e-11
-6.6448853e-11
-6.6221584e-11
-6.7755676e-11
-6.7187485e-11
-6.7187499e-11
-6.7187492e-11
-6.7272715e-11
-6.7812499e-11
-6.6931807e-11
-6.6903399e-11
-6.730113e-11
-6.7102261e-11
-6.7642031e-11
-6.8181807e-11
-6.7073853e-11
-6.8607946e-11
-6.8295453e-11
-6.8522715e-11
-6.9034077e-11
-6.6278406e-11
-6.9857946e-11
-6.7215906e-11
-6.7215893e-11
-6.8068169e-11
-6.7130683e-11
-6.8181807e-11
-6.6619314e-11
-6.8494314e-11
-6.9772722e-11
-6.4715899e-11
-6.8039761e-11
-6.9659084e-11
-6.8011353e-11
-6.761363e-11
-6.7102261e-11
-6.78409e-11
-6.7073853e-11
-6.5028399e-11
-6.8494301e-11
-6.8124992e-11
-6.8948847e-11
-6.8977268e-11
-6.7784084e-11
-6.7017045e-11
-6.7897715e-11
-6.7414754e-11
-6.87784e-11
-6.7329538e-11
-6.8210222e-11
-6.7954538e-11
-6.9374992e-11
-6.7784077e-11
-6.9715893e-11
-6.8352261e-11
-6.9772715e-11
-6.7244314e-11
-6.948863e-11
-6.72159e-11
-6.8551123e-11
-6.7727261e-11
-6.8380669e-11
-6.7499999e-11
-6.6732946e-11
-6.8124999e-11
-6.7102261e-11
-6.7982946e-11
-6.9204538e-11
-7.0284084e-11
-6.8494314e-11
-6.6789761e-11
-6.8295446e-11
-7.0255669e-11
-6.730113e-11
-6.9431808e-11
-6.738636e-11
-6.75284e-11
-6.6903399e-11
-6.8181807e-11
-6.917613e-11
-6.6420446e-11
-6.8210222e-11
-6.8522715e-11
-6.72159e-11
-6.7727261e-11
-6.7698853e-11
-6.9289768e-11
-6.7840893e-11
-6.511363e-11
-6.7556807e-11
-6.8749992e-11
-6.7727268e-11
-6.8607939e-11
-6.5909084e-11
-6.78409e-11
-6.7357946e-11
-6.8295446e-11
-6.698863e-11
-6.8352268e-11
-6.7272715e-11
-6.7045446e-11
-6.7272715e-11
-6.823863e-11
-6.8437485e-11
-6.6392045e-11
-6.8181814e-11
-6.9715893e-11
-6.6761353e-11
-6.8210215e-11
-6.7414768e-11
-6.9034084e-11
-6.7698853e-11
-6.9034084e-11
-6.7471584e-11
-6.6789768e-11
-6.9829538e-11
-6.4687491e-11
-6.8551137e-11
-6.7982946e-11
-6.6960215e-11
-6.8096577e-11
-6.7727261e-11
-6.7017045e-11
-6.9687485e-11
-6.6903399e-11
-6.9289761e-11
-6.8693169e-11
-6.7357946e-11
-6.6335215e-11
-6.8267031e-11
-6.6590906e-11
-6.7727261e-11
-6.9119314e-11
-6.7585222e-11
-6.7982946e-11
-6.7954531e-11
-6.8210222e-11
-6.7784084e-11
-6.7499992e-11
-6.7102268e-11
-6.9431801e-11
-6.6761346e-11
-6.7869307e-11
-6.7443169e-11
-6.7414768e-11
-6.87784e-11
-6.8181807e-11
-6.792613e-11
-6.8210215e-11
-6.8494314e-11
-6.9346577e-11
-6.7556807e-11
-6.8607946e-11
-6.7982946e-11
-6.8948854e-11
-6.8806807e-11
-6.9034084e-11
-6.9090907e-11
-6.5710215e-11
-6.8380676e-11
-6.7784084e-11
-6.855113e-11
-6.8579538e-11
-6.8579538e-11
-6.9374992e-11
-6.738636e-11
-6.8607946e-11
-6.9346584e-11
-6.9517038e-11
-6.8096584e-11
-6.7244307e-11
-6.8607946e-11
-7.0255683e-11
-6.7670446e-11
-6.7869314e-11
-6.8153407e-11
-6.8437492e-11
-6.4602268e-11
-6.6732952e-11
-6.87784e-11
-6.8267038e-11
-6.7329538e-11
-6.7272722e-11
-6.9602268e-11
-6.636363e-11
-6.7471584e-11
-6.738636e-11
-6.8835222e-11
-6.7130676e-11
-6.8096584e-11
-6.8267045e-11
-6.8579538e-11
-6.8863623e-11
-6.7017031e-11
-6.6335222e-11
-6.7414768e-11
-6.792613e-11
-6.7755669e-11
-6.7812492e-11
-6.7357946e-11
-6.7443169e-11
-6.8011347e-11
-6.81534e-11
-6.6874985e-11
-6.8210222e-11
-6.6335215e-11
-6.7982946e-11
-6.7755676e-11
-6.792613e-11
-6.7499999e-11
-6.8920446e-11
-6.6477261e-11
-6.9204538e-11
-6.6306821e-11
-6.7045446e-11
-6.7869314e-11
-6.7017031e-11
-6.8721577e-11
-6.6136353e-11
-6.8579538e-11
-6.6761353e-11
-6.8664768e-11
-6.7897722e-11
-6.8352268e-11
-6.5909084e-11
-6.698863e-11
-6.6505676e-11
-6.9517038e-11
-6.7471591e-11
-6.7073853e-11
-6.7499999e-11
-6.9005676e-11
-6.9289761e-11
-6.7017038e-11
-6.6789768e-11
-6.6590906e-11
-6.8948861e-11
-6.8607946e-11
-6.7471577e-11
-6.7329538e-11
-6.8721584e-11
-6.698863e-11
-6.7642038e-11
-6.7329538e-11
-6.4971591e-11
-6.6732946e-11
-6.7784084e-11
-6.7073853e-11
-6.6477261e-11
-6.8664768e-11
-6.8920446e-11
-6.6590906e-11
-6.8749992e-11
-6.6676123e-11
-6.9232946e-11
-6.8039768e-11
-6.4119307e-11
-6.7357946e-11
-6.7556807e-11
-6.8664768e-11
-6.9630676e-11
-6.6647715e-11
-6.7244314e-11
-6.6562492e-11
-6.7443169e-11
-6.6306814e-11
-6.6477268e-11
-6.8011353e-11
-6.5795445e-11
-6.9573861e-11
-6.9772715e-11
-6.8920453e-11
-6.698863e-11
-6.7329538e-11
-6.6761353e-11
-6.8068169e-11
-6.8693169e-11
-6.8409084e-11
-6.6107946e-11
-6.8494314e-11
-6.81534e-11
-6.8011347e-11
-6.7982953e-11
-6.8522715e-11
-6.7727268e-11
-6.5880676e-11
-6.6704538e-11
-6.7812492e-11
-6.7812492e-11
-6.7187485e-11
-6.698863e-11
-6.7130683e-11
-6.75284e-11
-6.7897715e-11
-6.761363e-11
-6.8210222e-11
-6.5653399e-11
-6.8977261e-11
-6.7443176e-11
-6.6534077e-11
-6.72159e-11
-6.6420446e-11
-6.7471591e-11
-6.6789768e-11
-6.7982946e-11
-6.6249992e-11
-6.7982946e-11
-6.7357946e-11
-6.8068183e-11
-6.7840893e-11
-6.8068176e-11
-6.8210222e-11
-6.6789761e-11
-6.5823853e-11
-6.698863e-11
-6.7102261e-11
-6.7102261e-11
-6.5994307e-11
-6.7215906e-11
-6.6931814e-11
-6.5823853e-11
-6.94034e-11
-6.9005669e-11
-6.6903399e-11
-6.6107946e-11
-6.8892038e-11
-6.5880676e-11
-6.7329538e-11
-6.8039761e-11
-6.6676137e-11
-6.801136e-11
-6.8920453e-11
-6.9772715e-11
-6.7159084e-11
-6.6903399e-11
-6.823863e-11
-6.7443169e-11
-6.8863623e-11
-6.6335215e-11
-6.9119307e-11
-6.6505676e-11
-6.9062492e-11
-6.7471577e-11
-6.6477268e-11
-6.9886347e-11
-6.7329538e-11
-6.7244314e-11
-6.8124999e-11
-6.8693176e-11
-6.9602261e-11
-6.6960222e-11
-6.7215906e-11
-6.7698853e-11
-6.8380683e-11
-6.8352261e-11
-6.6107946e-11
-6.7869314e-11
-6.6846584e-11
-6.75284e-11
-6.9005669e-11
-6.6278406e-11
-6.78409e-11
-6.8068169e-11
-6.8607953e-11
-7.06534e-11
-6.6022722e-11
-6.8465893e-11
-6.8749992e-11
-6.7471584e-11
-6.94034e-11
-6.6278399e-11
-6.761363e-11
-6.5624992e-11
-6.8579538e-11
-6.7727268e-11
-6.7727261e-11
-6.761363e-11
-6.90909e-11
-6.7642038e-11
-6.8664761e-11
-6.6505669e-11
-6.698863e-11
-6.84659e-11
-6.5482945e-11
-6.6505676e-11
-6.7272722e-11
-6.6846577e-11
-6.7869314e-11
-6.8892031e-11
-6.8607946e-11
-6.7301123e-11
-6.7301123e-11
-6.7443176e-11
-6.6619314e-11
-6.7698853e-11
-6.644886e-11
-6.7017038e-11
-6.6392038e-11
-6.4943169e-11
-6.7585222e-11
-6.7187492e-11
-6.7244307e-11
-6.7301123e-11
-6.8096577e-11
-6.6846591e-11
-6.8039768e-11
-6.7045446e-11
-6.8693169e-11
-6.6221591e-11
-6.8749992e-11
-6.5795452e-11
-6.7499992e-11
-6.8863623e-11
-6.7897729e-11
-6.7727261e-11
-6.8124985e-11
-6.7982946e-11
-6.6022722e-11
-6.5624992e-11
-6.7386353e-11
-6.6874992e-11
-6.7556807e-11
-6.7357939e-11
-6.8068176e-11
-6.7727261e-11
-6.6562499e-11
-6.8579531e-11
-6.6818183e-11
-6.6647715e-11
-6.8409084e-11
-6.7471584e-11
-6.792613e-11
-6.8380683e-11
-6.7272715e-11
-6.6278399e-11
-6.6874999e-11
-6.5965899e-11
-6.9403393e-11
-6.6931814e-11
-6.7414768e-11
-6.8636347e-11
-6.6136353e-11
-6.7102261e-11
-6.8011353e-11
-6.7755676e-11
-6.7556807e-11
-6.8522729e-11
-6.8749992e-11
-6.9005669e-11
-6.7329538e-11
-6.7812492e-11
-6.6761353e-11
-6.8664768e-11
-6.7727268e-11
-6.855113e-11
-6.9374999e-11
-6.7130676e-11
-6.8409084e-11
-6.7954538e-11
-6.8210215e-11
-6.8749985e-11
-6.5284084e-11
-6.8039768e-11
-6.6534084e-11
-6.8210222e-11
-6.6619314e-11
-6.5568169e-11
-6.9914761e-11
-6.7187492e-11
-6.8607946e-11
-6.6704538e-11
-6.8636354e-11
-6.698863e-11
-6.6619314e-11
-6.8096577e-11
-6.9261347e-11
-6.7159084e-11
-6.9261354e-11
-6.8522722e-11
-6.8693176e-11
-6.87784e-11
-6.7982946e-11
-6.8181807e-11
-6.8124999e-11
-6.761363e-11
-6.7869314e-11
-6.9119307e-11
-6.5624998e-11
-6.7073853e-11
-6.7499999e-11
-6.792613e-11
-6.5653399e-11
-6.7897722e-11
-6.6619307e-11
-6.87784e-11
-6.7414768e-11
-6.6818169e-11
-6.8636354e-11
-6.7045446e-11
-6.7414761e-11
-6.8721584e-11
-6.6448853e-11
-6.6789768e-11
-6.7471591e-11
-6.4943176e-11
-6.9034077e-11
-6.75284e-11
-6.6846584e-11
-6.7755669e-11
-6.7045446e-11
-6.9034077e-11
-6.7386353e-11
-6.6789768e-11
-6.8181814e-11
-6.8124992e-11
-6.8693169e-11
-6.855113e-11
-6.8664768e-11
-6.8267031e-11
-6.6704538e-11
-6.8124992e-11
-6.6903399e-11
-6.738636e-11
-6.6477261e-11
-6.9545446e-11
-6.6732946e-11
-7.00284e-11
-7.042613e-11
-6.6704538e-11
-6.72159e-11
-6.4602268e-11
-6.8295446e-11
-6.9403407e-11
-6.7585222e-11
-6.6448853e-11
-6.7386347e-11
-6.6420446e-11
-6.7301123e-11
-6.6846591e-11
-6.9261347e-11
-6.7897715e-11
-6.7045453e-11
-6.8835215e-11
-6.7812492e-11
-6.7159084e-11
-6.9062485e-11
-6.7642038e-11
-6.886363e-11
-6.7414768e-11
-6.9772722e-11
-6.7585222e-11
-6.8267038e-11
-6.8749985e-11
-6.7727261e-11
-6.667613e-11
-6.792613e-11
-6.6732946e-11
-7.0170453e-11
-6.8579538e-11
-6.8892038e-11
-7.0198861e-11
-6.7755676e-11
-7.0227262e-11
-6.823863e-11
-6.6051123e-11
-6.9147722e-11
-6.8380683e-11
-6.8522722e-11
-6.9119307e-11
-6.97159e-11
-6.9744314e-11
-6.832386e-11
-6.9460215e-11
-6.9801123e-11
-6.7698853e-11
-6.8380669e-11
-6.8210215e-11
-6.9602268e-11
-6.6761353e-11
-6.8721577e-11
-6.7954538e-11
-6.7926123e-11
-6.8721584e-11
-6.7812492e-11
-6.8721577e-11
-6.761363e-11
-7.0369308e-11
-6.9318169e-11
-6.8210222e-11
-6.8920446e-11
-6.761363e-11
-6.7812492e-11
-7.1107946e-11
-6.6960215e-11
-6.9147722e-11
-6.698863e-11
-6.8409084e-11
-6.7159084e-11
-6.6534084e-11
-6.6846577e-11
-6.8039761e-11
-6.6676123e-11
-6.8465907e-11
-6.7414761e-11
-6.6022715e-11
-6.8124992e-11
-6.7727261e-11
-6.9062492e-11
-6.6818176e-11
-6.5767038e-11
-6.8607953e-11
-6.7556807e-11
-6.7755669e-11
-6.7499999e-11
-6.7215906e-11
-6.6647715e-11
-6.855113e-11
-6.8039761e-11
-6.8096584e-11
-6.72159e-11
-6.6846577e-11
-6.948863e-11
-6.7784084e-11
-6.7073853e-11
-6.7130676e-11
-6.6420452e-11
-6.6903399e-11
-6.7329538e-11
-6.6789768e-11
-6.8892045e-11
-6.7386353e-11
-6.6903399e-11
-6.7102261e-11
-6.5937485e-11
-6.6335222e-11
-6.8011353e-11
-6.7556807e-11
-6.6505676e-11
-6.7784077e-11
-6.8323854e-11
-6.8664761e-11
-6.698863e-11
-6.7869314e-11
-6.6249999e-11
-6.6534084e-11
-6.855113e-11
-6.7244314e-11
-6.8721577e-11
-6.6278399e-11
-6.8607946e-11
-6.8749992e-11
-6.738636e-11
-6.7812492e-11
-6.8806814e-11
-6.6732946e-11
-6.9602261e-11
-6.8749999e-11
-6.7073853e-11
-6.7784084e-11
-6.8380662e-11
-6.8664768e-11
-6.605113e-11
-6.8948854e-11
-6.7982946e-11
-6.7357946e-11
-6.8096584e-11
-6.8124985e-11
-6.5909084e-11
-6.6846584e-11
-6.5880669e-11
-6.8835208e-11
-6.7755676e-11
-6.7499999e-11
-6.6874992e-11
-6.886363e-11
-6.6420446e-11
-6.8352268e-11
-6.8664754e-11
-6.7073853e-11
-6.8948854e-11
-6.7670446e-11
-6.8124999e-11
-6.84659e-11
-6.9431808e-11
-6.792613e-11
-6.6846584e-11
-6.7528393e-11
-6.6761353e-11
-6.5710215e-11
-6.8039761e-11
-6.8579538e-11
-6.8380676e-11
-6.9687492e-11
-6.8039768e-11
-6.9517031e-11
-6.8948861e-11
-6.7727261e-11
-6.8522715e-11
-6.5397715e-11
-6.7698853e-11
-6.6761346e-11
-6.8721577e-11
-6.9431808e-11
-6.5823846e-11
-6.9687485e-11
-6.5681821e-11
-6.6193169e-11
-6.7784084e-11
-6.7642038e-11
-6.9289768e-11
-6.7443169e-11
-6.6022715e-11
-6.582386e-11
-6.5539768e-11
-6.6761353e-11
-6.8437492e-11
-6.8096577e-11
-6.6818176e-11
-6.823863e-11
-6.6221577e-11
-6.8835215e-11
-6.9545439e-11
-6.7272715e-11
-6.84659e-11
-6.8267038e-11
-6.8409084e-11
-6.7727261e-11
-6.7755676e-11
-6.8920453e-11
-6.9289768e-11
-6.6448853e-11
-6.6534077e-11
-6.7499999e-11
-6.6704538e-11
-6.9914761e-11
-6.9517031e-11
-6.7045453e-11
-6.8380683e-11
-6.8267038e-11
-6.9772715e-11
-6.8039768e-11
-6.8920446e-11
-6.8494307e-11
-6.8835215e-11
-6.8522715e-11
-6.84659e-11
-6.69318e-11
-6.7698853e-11
-6.6903399e-11
-6.7443169e-11
-6.8948861e-11
-6.7017031e-11
-6.9829531e-11
-6.7329538e-11
-6.6278406e-11
-6.8835222e-11
-6.8295446e-11
-6.8380669e-11
-6.87784e-11
-6.6335222e-11
-6.81534e-11
-6.5511353e-11
-6.9147715e-11
-6.9545446e-11
-6.8295453e-11
-6.8920446e-11
-6.980113e-11
-6.7784084e-11
-6.7414768e-11
-6.7357946e-11
-6.8806814e-11
-6.7130669e-11
-6.8693176e-11
-6.9374992e-11
-6.8323854e-11
-6.8096584e-11
-6.7471577e-11
-6.8409084e-11
-6.573863e-11
-6.8352261e-11
-6.7471584e-11
-6.7727268e-11
-6.886363e-11
-6.8267038e-11
-6.8806801e-11
-6.6874992e-11
-6.8323854e-11
-6.7784077e-11
-6.6392031e-11
-6.707386e-11
-6.7926123e-11
-6.8153407e-11
-6.5852268e-11
-6.636363e-11
-7.0653393e-11
-6.8295446e-11
-6.8323854e-11
-7.0170453e-11
-6.7954531e-11
-6.7556807e-11
-6.823863e-11
-6.7102261e-11
-6.8295439e-11
-6.8579538e-11
-6.8693169e-11
-6.792613e-11
-6.6704531e-11
-6.8267038e-11
-6.6619307e-11
-6.75284e-11
-6.6107946e-11
-6.7784084e-11
-6.8721577e-11
-6.5511367e-11
-6.9119314e-11
-6.72159e-11
-6.6534084e-11
-6.8806814e-11
-6.5965899e-11
-6.9034084e-11
-6.6392038e-11
-6.7784077e-11
-6.7386347e-11
-6.7102268e-11
-6.7414768e-11
-6.7585222e-11
-6.7301123e-11
-6.7613623e-11
-7.0426123e-11
-6.9005662e-11
-6.8749992e-11
-6.8295453e-11
-6.7159084e-11
-6.9062485e-11
-6.7556814e-11
-6.6704538e-11
-6.8920439e-11
-6.78409e-11
-6.6931807e-11
-6.792613e-11
-6.75284e-11
-6.7840893e-11
-6.9005683e-11
-6.6448853e-11
-6.8579538e-11
-6.7301123e-11
-6.8380669e-11
-6.9545446e-11
-6.7329538e-11
-6.7017031e-11
-6.8096584e-11
-6.87784e-11
-6.9034077e-11
-6.7045446e-11
-6.9119307e-11
-6.7556807e-11
-6.8267038e-11
-6.8352261e-11
-6.5965899e-11
-6.8068176e-11
-6.7215906e-11
-6.636363e-11
-6.8295439e-11
-6.8977261e-11
-6.7244314e-11
-6.8892031e-11
-6.7443176e-11
-6.8522715e-11
-6.8551123e-11
-6.6931807e-11
-6.9857946e-11
-6.676136e-11
-6.8181807e-11
-6.6647715e-11
-6.9232946e-11
-6.7670439e-11
-6.8664761e-11
-6.8693176e-11
-6.7869307e-11
-7.0227262e-11
-6.7698853e-11
-6.8181814e-11
-6.6846584e-11
-6.7017031e-11
-6.8210215e-11
-6.8551123e-11
-6.9119314e-11
-6.8210222e-11
-6.8835215e-11
-6.8806807e-11
-6.7926123e-11
-6.75284e-11
-6.7556807e-11
-6.761363e-11
-6.7982946e-11
-6.7698853e-11
-6.7272722e-11
-6.6505676e-11
-6.7244314e-11
-6.8380676e-11
-6.7869314e-11
-6.6789768e-11
-6.7698853e-11
-6.6903399e-11
-6.863636e-11
-6.5710215e-11
-6.6846584e-11
-6.8636354e-11
-6.5624992e-11
-6.8409077e-11
-6.769886e-11
-6.6619307e-11
-6.9943169e-11
-6.6732946e-11
-6.6988623e-11
-6.7670446e-11
-6.7499992e-11
-6.7812485e-11
-6.7017038e-11
-6.7102268e-11
-6.6107946e-11
-6.9005683e-11
-6.8749992e-11
-6.667613e-11
-6.9346584e-11
-6.605113e-11
-6.8267031e-11
-6.8522722e-11
