-2.0252722e-10
-2.0165759e-10
-2.0641301e-10
-2.0211956e-10
-2.0369563e-10
-1.9999997e-10
-2.0540759e-10
-2.0312502e-10
-2.0122283e-10
-2.045652e-10
-2.0296195e-10
-2.0277176e-10
-2.0054347e-10
-2.0353259e-10
-2.0168478e-10
-2.0312499e-10
-2.0301627e-10
-2.0255436e-10
-2.0508152e-10
-2.0369564e-10
-2.0434784e-10
-2.0046192e-10
-2.0442931e-10
-1.9989127e-10
-2.0201087e-10
-2.0423911e-10
-2.0108691e-10
-2.0317936e-10
-2.008424e-10
-2.0249998e-10
-2.0152176e-10
-2.0440216e-10
-2.0442935e-10
-2.0184782e-10
-2.030978e-10
-2.0078804e-10
-2.008424e-10
-2.0434784e-10
-2.0399456e-10
-2.0461954e-10
-2.029891e-10
-2.0369564e-10
-2.0448368e-10
-2.0255436e-10
-2.0304346e-10
-2.027174e-10
-2.0442931e-10
-2.0399459e-10
-2.0336953e-10
-2.018206e-10
-2.0244563e-10
-2.0497282e-10
-2.0192933e-10
-2.043478e-10
-2.0217389e-10
-2.0304347e-10
-2.0119562e-10
-2.0347823e-10
-2.0353259e-10
-2.0353261e-10
-2.052989e-10
-2.0472825e-10
-2.0201087e-10
-2.0081521e-10
-2.0073371e-10
-2.0339672e-10
-2.0355979e-10
-2.0059784e-10
-2.0214673e-10
-2.0380433e-10
-2.0228259e-10
-2.017663e-10
-2.0399454e-10
-2.0228262e-10
-2.0016301e-10
-2.0336956e-10
-2.0255433e-10
-2.0236411e-10
-2.0105977e-10
-2.0524456e-10
-2.0277172e-10
-2.0353259e-10
-2.0304347e-10
-2.0336957e-10
-2.0312496e-10
-2.0059784e-10
-1.9975541e-10
-2.0092392e-10
-2.015489e-10
-2.0190216e-10
-2.0070652e-10
-2.0182063e-10
-2.0312498e-10
-2.0078804e-10
-2.0445649e-10
-2.0293477e-10
-2.0190216e-10
-2.0149457e-10
-2.0228259e-10
-2.00625e-10
-2.077174e-10
-1.9883148e-10
-2.00625e-10
-2.0144021e-10
-2.0100543e-10
-2.0567936e-10
-2.0059784e-10
-2.015489e-10
-2.046739e-10
-2.0258149e-10
-2.0146738e-10
-2.0217392e-10
-2.0307064e-10
-2.0249998e-10
-2.0173913e-10
-2.0288042e-10
-2.008424e-10
-2.0239128e-10
-2.0149457e-10
-2.0220106e-10
-2.0095108e-10
-2.0317933e-10
-2.0383152e-10
-2.036413e-10
-2.0157609e-10
-2.0168478e-10
-2.0271736e-10
-2.0402174e-10
-2.0040761e-10
-2.0051628e-10
-2.0244563e-10
-2.0301627e-10
-2.0418477e-10
-2.0323368e-10
-2.0342393e-10
-2.00625e-10
-2.0097823e-10
-2.0154892e-10
-2.0198371e-10
-2.0269021e-10
-2.0203804e-10
-2.0135868e-10
-2.0122284e-10
-1.9758151e-10
-2.0258149e-10
-2.0119564e-10
-2.0141305e-10
-2.0051628e-10
-2.0225541e-10
-2.0437498e-10
-2.0073369e-10
-2.0483695e-10
-2.0065219e-10
-2.0176627e-10
-2.0347826e-10
-2.0160329e-10
-2.0682064e-10
-2.0230978e-10
-2.0355979e-10
-2.0059784e-10
-2.0336957e-10
-2.0182064e-10
-2.0133151e-10
-2.0402174e-10
-2.0304347e-10
-2.009239e-10
-2.0065218e-10
-2.0198371e-10
-2.0201085e-10
-2.0130435e-10
-2.0057066e-10
-2.0298913e-10
-2.0380435e-10
-1.9915759e-10
-2.0176631e-10
-2.0315216e-10
-2.0171194e-10
-2.027174e-10
-2.0032606e-10
-1.9894021e-10
-2.0157608e-10
-2.0214673e-10
-2.0097823e-10
-2.0448369e-10
-2.0048911e-10
-1.9951088e-10
-2.017663e-10
-1.9790762e-10
-2.0233697e-10
-2.0122283e-10
-2.0211956e-10
-2.0355975e-10
-2.0105977e-10
-2.0244567e-10
-2.0209238e-10
-2.0173913e-10
-2.0190215e-10
-2.0179346e-10
-2.045924e-10
-2.0355978e-10
-2.0304347e-10
-2.0111413e-10
-2.0434783e-10
-2.0366848e-10
-2.0198368e-10
-2.0241844e-10
-2.0152172e-10
-2.0266303e-10
-2.0027174e-10
-2.0274457e-10
-2.008424e-10
-1.9899452e-10
-2.0342386e-10
-2.0247282e-10
-2.0201085e-10
-2.0201091e-10
-2.0326085e-10
-2.0228258e-10
-2.0323369e-10
-2.0315215e-10
-2.0203804e-10
-1.9644024e-10
-2.0225541e-10
-2.0282609e-10
-2.022011e-10
-2.0225545e-10
-2.0290762e-10
-1.9991846e-10
-2.033967e-10
-2.0024457e-10
-2.0116847e-10
-2.0288042e-10
-2.0135869e-10
-2.0127716e-10
-2.0165761e-10
-2.024728e-10
-2.040217e-10
-2.0279892e-10
-2.0032608e-10
-2.0326085e-10
-2.0312499e-10
-2.005978e-10
-2.0260869e-10
-2.0217387e-10
-1.9983694e-10
-2.0021738e-10
-2.0105979e-10
-2.0326087e-10
-2.0244567e-10
-2.0752718e-10
-2.0353259e-10
-2.0459238e-10
-2.0125002e-10
-2.0127716e-10
-2.0057066e-10
-2.009511e-10
-2.0103258e-10
-2.036413e-10
-2.0201084e-10
-2.0345109e-10
-2.0089672e-10
-2.0081518e-10
-2.0195648e-10
-2.0317936e-10
-2.0067933e-10
-2.0380433e-10
-2.0138584e-10
-1.977989e-10
-2.0307069e-10
-2.0010868e-10
-2.0067929e-10
-1.9733692e-10
-2.0334238e-10
-2.0260865e-10
-2.0122284e-10
-2.0429346e-10
-2.0070652e-10
-2.0364131e-10
-2.0059784e-10
-2.0048911e-10
-2.0418478e-10
-2.0258151e-10
-2.0296195e-10
-1.9839674e-10
-2.0296194e-10
-2.0239128e-10
-2.0024456e-10
-2.0135869e-10
-2.0328805e-10
-1.9953801e-10
-2.0078804e-10
-2.0282606e-10
-2.0206518e-10
-1.9918478e-10
-2.0391303e-10
-2.0230977e-10
-2.0122284e-10
-2.0054344e-10
-1.9918478e-10
-2.0084237e-10
-2.0288042e-10
-2.0097825e-10
-2.0304347e-10
-2.0260868e-10
-2.0198368e-10
-2.0013585e-10
-2.0334237e-10
-2.0073369e-10
-2.0277173e-10
-2.0369564e-10
-2.0192933e-10
-2.0415758e-10
-2.0364128e-10
-2.0448369e-10
-2.0092392e-10
-2.0203804e-10
-2.0312499e-10
-2.0084237e-10
-2.0410325e-10
-2.0141303e-10
-2.0260868e-10
-2.0274457e-10
-2.0334234e-10
-2.0470106e-10
-2.0081521e-10
-2.0301628e-10
-2.0054347e-10
-2.0375e-10
-2.0209237e-10
-2.0138588e-10
-2.0201087e-10
-2.005978e-10
-2.0467388e-10
-2.0334238e-10
-2.0255436e-10
-2.0266304e-10
-2.0165761e-10
-2.0304346e-10
-2.0084237e-10
-1.9983695e-10
-2.023913e-10
-2.0198371e-10
-2.0032609e-10
-2.0019024e-10
-2.0347826e-10
-2.0160323e-10
-2.0217392e-10
-2.0334241e-10
-2.0233691e-10
-2.0035326e-10
-2.0214674e-10
-2.026902e-10
-2.0415759e-10
-2.0336959e-10
-2.0086953e-10
-1.9997282e-10
-1.9907606e-10
-2.0179346e-10
-2.026902e-10
-2.0323369e-10
-2.0432064e-10
-2.0328805e-10
-2.0448369e-10
-2.012228e-10
-2.0057063e-10
-2.026902e-10
-2.0038041e-10
-2.0233695e-10
-2.0035325e-10
-2.0326085e-10
-2.0149453e-10
-2.0312499e-10
-2.0144021e-10
-2.0201085e-10
-2.0296191e-10
-2.0241847e-10
-2.0089672e-10
-1.9915759e-10
-1.9932066e-10
-2.0448369e-10
-2.0342389e-10
-1.9948365e-10
-2.0236411e-10
-2.0326087e-10
-2.0326087e-10
-2.0394021e-10
-2.0078803e-10
-2.005163e-10
-2.0407608e-10
-2.0024456e-10
-2.034783e-10
-2.0383152e-10
-1.9836958e-10
-2.0521738e-10
-2.0233695e-10
-2.026902e-10
-2.0122283e-10
-2.0456521e-10
-2.0491848e-10
-2.0293475e-10
-2.0478261e-10
-2.0380435e-10
-2.0326088e-10
-2.0073369e-10
-2.0345108e-10
-2.0135868e-10
-2.0078807e-10
-2.0529889e-10
-2.0326087e-10
-1.9959236e-10
-2.0013587e-10
-2.025e-10
-2.0222828e-10
-2.0247282e-10
-2.0157609e-10
-2.0160326e-10
-2.0347826e-10
-2.0233695e-10
-2.0214673e-10
-2.0228258e-10
-2.0173911e-10
-2.0399454e-10
-2.0176631e-10
-2.0154892e-10
-2.048913e-10
-2.0532608e-10
-2.0225539e-10
-2.0084237e-10
-2.0144021e-10
-2.0271738e-10
-2.0616846e-10
-2.0171197e-10
-2.0380435e-10
-2.0217392e-10
-2.0220106e-10
-2.0084237e-10
-2.0521738e-10
-2.045924e-10
-2.0067932e-10
-2.017663e-10
-2.0209237e-10
-2.0176627e-10
-2.0274457e-10
-2.0399456e-10
-2.0073369e-10
-2.0182063e-10
-2.0057067e-10
-2.0421194e-10
-2.0304346e-10
-1.9891304e-10
-2.0054347e-10
-2.0364131e-10
-2.0304346e-10
-2.0141303e-10
-2.0355978e-10
-2.0035325e-10
-2.0043477e-10
-2.0097823e-10
-2.0043477e-10
-2.0032609e-10
-2.0249999e-10
-2.0312498e-10
-2.0168475e-10
-2.01875e-10
-2.0233695e-10
-2.042663e-10
-2.0021741e-10
-2.0361411e-10
-1.9997283e-10
-2.0472825e-10
-2.0105977e-10
-2.026902e-10
-2.0244563e-10
-2.0277172e-10
-2.0192938e-10
-2.0108694e-10
-2.0122283e-10
-2.0040761e-10
-2.0005433e-10
-2.0266303e-10
-2.0078804e-10
-2.0285321e-10
-2.009239e-10
-2.0288043e-10
-2.0160326e-10
-2.0315218e-10
-2.033152e-10
-2.0451084e-10
-2.0404889e-10
-2.0290762e-10
-2.0124999e-10
-2.0103261e-10
-2.0116846e-10
-2.0502716e-10
-2.0347822e-10
-2.045652e-10
-2.0146738e-10
-2.0010871e-10
-2.0195652e-10
-2.0168479e-10
-2.0163042e-10
-2.0152172e-10
-2.0404892e-10
-2.0209238e-10
-2.034239e-10
-1.9817933e-10
-1.9959238e-10
-2.0067932e-10
-2.0334238e-10
-2.0285325e-10
-2.0103261e-10
-2.0508152e-10
-2.067935e-10
-2.2010871e-10
-2.2665761e-10
-2.3641306e-10
-2.4605978e-10
-2.5135868e-10
-2.5584238e-10
-2.6130434e-10
-2.6285327e-10
-2.6347827e-10
-2.6372285e-10
-2.6527172e-10
-2.6418479e-10
-2.6288041e-10
-2.6057062e-10
-2.6163044e-10
-2.5641303e-10
-2.5749999e-10
-2.5211958e-10
-2.5187499e-10
-2.5168481e-10
-2.4942937e-10
-2.489402e-10
-2.448913e-10
-2.4374999e-10
-2.4323368e-10
-2.4076086e-10
-2.3850544e-10
-2.3701086e-10
-2.3899457e-10
-2.3540758e-10
-2.3258151e-10
-2.323913e-10
-2.3105977e-10
-2.2872286e-10
-2.2869563e-10
-2.2505434e-10
-2.2353257e-10
-2.255163e-10
-2.2179346e-10
-2.2309783e-10
-2.1959236e-10
-2.1891307e-10
-2.2038042e-10
-2.2005431e-10
-2.2021737e-10
-2.201359e-10
-2.1845109e-10
-2.1722826e-10
-2.1923911e-10
-2.1899459e-10
-2.1385869e-10
-2.1489131e-10
-2.1741849e-10
-2.1608694e-10
-2.1445655e-10
-2.1402169e-10
-2.1429351e-10
-2.1600544e-10
-2.1638584e-10
-2.1043474e-10
-2.1404892e-10
-2.1201087e-10
-2.1350545e-10
-2.13913e-10
-2.090217e-10
-2.1266303e-10
-2.1358694e-10
-2.1230977e-10
-2.1157605e-10
-2.1355978e-10
-2.1220103e-10
-2.1217393e-10
-2.0997283e-10
-2.0989127e-10
-2.1168475e-10
-2.1119562e-10
-2.133152e-10
-2.1141303e-10
-2.1222826e-10
-2.1051628e-10
-2.114674e-10
-2.0812499e-10
-2.0836953e-10
-2.1035328e-10
-2.0801631e-10
-2.0885869e-10
-2.0709236e-10
-2.0725544e-10
-2.0853259e-10
-2.1010867e-10
-2.0671194e-10
-2.0994564e-10
-2.0847823e-10
-2.0986411e-10
-2.0847823e-10
-2.059511e-10
-2.0913041e-10
-2.0649456e-10
-2.0788044e-10
-2.0790758e-10
-2.0788042e-10
-2.0589673e-10
-2.0453803e-10
-2.1065215e-10
-2.086413e-10
-2.0513582e-10
-2.0760871e-10
-2.0714669e-10
-2.0932064e-10
-2.0874999e-10
-2.090761e-10
-2.0720112e-10
-2.0866849e-10
-2.1100542e-10
-2.111141e-10
-2.0638584e-10
-2.0703804e-10
-2.0725544e-10
-2.0728262e-10
-2.092391e-10
-2.0932064e-10
-2.0782606e-10
-2.102989e-10
-2.1e-10
-2.0885869e-10
-2.0703804e-10
-2.0972828e-10
-2.0866846e-10
-2.0934784e-10
-2.1010868e-10
-2.083152e-10
-2.0953805e-10
-2.086413e-10
-2.0845105e-10
-2.0752715e-10
-2.0793479e-10
-2.0766304e-10
-2.0706523e-10
-2.0741844e-10
-2.0453805e-10
-2.0831518e-10
-2.0717388e-10
-2.0785328e-10
-2.0692935e-10
-2.0336956e-10
-2.0807063e-10
-2.0777176e-10
-2.0720108e-10
-2.0608695e-10
-2.0980979e-10
-2.0804347e-10
-2.0706523e-10
-2.0980977e-10
-2.0660323e-10
-2.0663042e-10
-2.077989e-10
-2.0649456e-10
-2.1059784e-10
-2.0638583e-10
-2.0763584e-10
-2.0619564e-10
-2.0589673e-10
-2.1141303e-10
-2.062228e-10
-2.0437499e-10
-2.1100542e-10
-2.0592386e-10
-2.0622283e-10
-2.0684778e-10
-2.0448372e-10
-2.0578803e-10
-2.0978262e-10
-2.0573371e-10
-2.0641305e-10
-2.0255436e-10
-2.046739e-10
-2.0380432e-10
-2.0668478e-10
-2.1013587e-10
-2.1008149e-10
-2.0733693e-10
-2.0657609e-10
-2.0633151e-10
-2.0714673e-10
-2.0855975e-10
-2.0567932e-10
-2.0461954e-10
-2.0730978e-10
-2.0448368e-10
-2.0597825e-10
-2.0538042e-10
-2.0682063e-10
-2.0970109e-10
-2.0820649e-10
-2.0714674e-10
-2.0804346e-10
-2.0790761e-10
-2.0706523e-10
-2.0646738e-10
-2.0720108e-10
-2.0638587e-10
-2.0684782e-10
-2.0605979e-10
-2.0733691e-10
-2.0703803e-10
-2.064402e-10
-2.0614131e-10
-2.0635869e-10
-2.0921195e-10
-2.0733695e-10
-2.0777173e-10
-2.1062499e-10
-2.0714674e-10
-2.0646737e-10
-2.0760868e-10
-2.089674e-10
-2.0839676e-10
-2.1067934e-10
-2.0668478e-10
-2.0774457e-10
-2.074728e-10
-2.0684782e-10
-2.0766303e-10
-2.0597826e-10
-2.065489e-10
-2.0679349e-10
-2.0951088e-10
-2.0562499e-10
-2.0535322e-10
-2.0695652e-10
-2.0600539e-10
-2.0720106e-10
-2.0706523e-10
-2.0771738e-10
-2.0573365e-10
-2.0793475e-10
-2.0557066e-10
-2.0524453e-10
-2.080978e-10
-2.0182064e-10
-2.0711957e-10
-2.0524456e-10
-2.0798913e-10
-2.0671197e-10
-2.0630432e-10
-2.0932064e-10
-2.064402e-10
-2.0709241e-10
-2.0505433e-10
-2.0660328e-10
-2.0489127e-10
-2.0502715e-10
-2.0608691e-10
-2.0652172e-10
-2.0978262e-10
-2.0625002e-10
-2.0904893e-10
-2.0421195e-10
-2.0576084e-10
-2.0603262e-10
-2.0777176e-10
-2.0453803e-10
-2.0385869e-10
-2.0576084e-10
-2.0570651e-10
-2.0766304e-10
-2.0554349e-10
-2.0260871e-10
-2.06875e-10
-2.0546195e-10
-2.0567936e-10
-2.0942931e-10
-2.0407608e-10
-2.079891e-10
-2.0532609e-10
-2.0415759e-10
-2.0576085e-10
-2.0369564e-10
-2.0358693e-10
-2.0538045e-10
-2.0288043e-10
-2.0692933e-10
-2.0448369e-10
-2.051902e-10
-2.0429351e-10
-2.0364131e-10
-2.0527176e-10
-2.0570652e-10
-2.0741847e-10
-2.0709238e-10
-2.0521738e-10
-2.0692933e-10
-2.0733693e-10
-2.0388588e-10
-2.0793475e-10
-2.0741844e-10
-2.0388585e-10
-2.059239e-10
-2.0353261e-10
-2.0657608e-10
-2.0516304e-10
-2.0668475e-10
-2.0673911e-10
-2.0510871e-10
-2.0532609e-10
-2.0402174e-10
-2.0461957e-10
-2.0703804e-10
-2.0603261e-10
-2.0801628e-10
-2.0508152e-10
-2.0211954e-10
-2.0622283e-10
-2.0516301e-10
-2.0690215e-10
-2.1168478e-10
-2.072011e-10
-2.0836957e-10
-2.0603261e-10
-2.0540759e-10
-2.074728e-10
-2.0611413e-10
-2.0763584e-10
-2.0682063e-10
-2.0869563e-10
-2.0671193e-10
-2.0763587e-10
-2.0698367e-10
-2.034239e-10
-2.0673915e-10
-2.0328804e-10
-2.0540758e-10
-2.0652172e-10
-2.0345109e-10
-2.0432064e-10
-2.0902173e-10
-2.0671194e-10
-2.077989e-10
-2.0815216e-10
-2.042663e-10
-2.0774453e-10
-2.0698368e-10
-2.0744567e-10
-2.0831518e-10
-2.0668479e-10
-2.079891e-10
-2.0858694e-10
-2.0478261e-10
-2.0807063e-10
-2.0652176e-10
-2.0760869e-10
-2.0842393e-10
-2.0959239e-10
-2.0828805e-10
-2.0948368e-10
-2.0692935e-10
-2.0815216e-10
-2.0445651e-10
-2.0676631e-10
-2.0777173e-10
-2.0244563e-10
-2.0499998e-10
-2.0423911e-10
-2.0698368e-10
-2.0611413e-10
-2.0510868e-10
-2.0728264e-10
-2.06875e-10
-2.0872282e-10
-2.0741847e-10
-2.0624999e-10
-2.0548911e-10
-2.0657608e-10
-2.0668478e-10
-2.0671197e-10
-2.0521738e-10
-2.0614127e-10
-2.0535325e-10
-2.0437498e-10
-2.0497283e-10
-2.0774457e-10
-2.0451087e-10
-2.075e-10
-2.0527172e-10
-2.0741847e-10
-2.0440218e-10
-2.0763584e-10
-2.0570652e-10
-2.0483693e-10
-2.0701084e-10
-2.0855975e-10
-2.0578803e-10
-2.0388588e-10
-2.0758151e-10
-2.0657609e-10
-2.0624999e-10
-2.0576088e-10
-2.0391303e-10
-2.077174e-10
-2.0396736e-10
-2.061141e-10
-2.055163e-10
-2.0668479e-10
-2.095652e-10
-2.0290761e-10
-2.0489131e-10
-2.0486413e-10
-2.0978259e-10
-2.0589672e-10
-2.0559784e-10
-2.0440218e-10
-2.0521737e-10
-2.0383152e-10
-2.0548915e-10
-2.0744563e-10
-2.0668479e-10
-2.0567932e-10
-2.0913045e-10
-2.0820652e-10
-2.0644024e-10
-2.0459236e-10
-2.0722822e-10
-2.076902e-10
-2.0595108e-10
-2.0834237e-10
-2.05625e-10
-2.0633151e-10
-2.0695652e-10
-2.0755436e-10
-2.0584237e-10
-2.0864131e-10
-2.0608695e-10
-2.092663e-10
-2.0796198e-10
-2.0722825e-10
-2.0804346e-10
-2.0665757e-10
-2.0948365e-10
-2.0570652e-10
-2.0483694e-10
-2.0652173e-10
-2.0652173e-10
-2.0516301e-10
-2.052989e-10
-2.0695649e-10
-2.0559782e-10
-2.0611413e-10
-2.0383152e-10
-2.0459236e-10
-2.052446e-10
-2.0578801e-10
-2.0961957e-10
-2.0766303e-10
-2.0790758e-10
-2.065217e-10
-2.0809783e-10
-2.0461954e-10
-2.0687496e-10
-2.0858693e-10
-2.048913e-10
-2.0831523e-10
-2.1043477e-10
-2.0815218e-10
-2.0627716e-10
-2.0845108e-10
-2.067663e-10
-2.0608694e-10
-2.0657609e-10
-2.0567933e-10
-2.0641303e-10
-2.0578804e-10
-2.083152e-10
-2.0570648e-10
-2.0635867e-10
-2.0744562e-10
-2.0543474e-10
-2.0725541e-10
-2.0630435e-10
-2.0891303e-10
-2.0600545e-10
-2.0747282e-10
-2.0673915e-10
-2.046467e-10
-2.0945651e-10
-2.077989e-10
-2.0687502e-10
-2.0750003e-10
-2.0423914e-10
-2.1195649e-10
-2.0812499e-10
-2.0820652e-10
-2.0619569e-10
-2.0565218e-10
-2.0910326e-10
-2.0798913e-10
-2.06875e-10
-2.0711954e-10
-2.0701087e-10
-2.0749999e-10
-2.0728258e-10
-2.0793479e-10
-2.0600542e-10
-2.0807064e-10
-2.0562499e-10
-2.0809779e-10
-2.0184786e-10
-2.0557063e-10
-2.0953801e-10
-2.0907608e-10
-2.0989131e-10
-2.0809783e-10
-2.0673915e-10
-2.0839672e-10
-2.0559782e-10
-2.0633151e-10
-2.0701087e-10
-2.0717394e-10
-2.0603257e-10
-2.0516304e-10
-2.0559782e-10
-2.0820652e-10
-2.0839674e-10
-2.046739e-10
-2.0624998e-10
-2.0701085e-10
-2.0891304e-10
-2.0782609e-10
-2.0788042e-10
-2.0478259e-10
-2.0725545e-10
-2.0793475e-10
-2.0486413e-10
-2.0717385e-10
-2.0698367e-10
-2.0720103e-10
-2.0855978e-10
-2.0543478e-10
-2.0516304e-10
-2.0668478e-10
-2.0432064e-10
-2.0288042e-10
-2.0546193e-10
-2.0516301e-10
-2.0652172e-10
-2.0432066e-10
-2.0413041e-10
-2.0519023e-10
-2.0532608e-10
-2.0652172e-10
-2.0483693e-10
-2.0364131e-10
-2.0535326e-10
-2.0415762e-10
-2.0755433e-10
-2.0374999e-10
-2.0570651e-10
-2.0543478e-10
-2.0399456e-10
-2.048913e-10
-2.0217392e-10
-2.0584237e-10
-2.0586954e-10
-2.0725545e-10
-2.0578803e-10
-2.0777172e-10
-2.0494566e-10
-2.052989e-10
-2.0749998e-10
-2.0380433e-10
-2.0684782e-10
-2.0910326e-10
-2.0581521e-10
-2.0508149e-10
-2.0739133e-10
-2.083152e-10
-2.0592392e-10
-2.0467388e-10
-2.0472825e-10
-2.0521736e-10
-2.0910322e-10
-2.0372286e-10
-2.0660326e-10
-2.0600542e-10
-2.0709237e-10
-2.0600542e-10
-2.0347828e-10
-2.0361415e-10
-2.081522e-10
-2.0271738e-10
-2.0426628e-10
-2.0516301e-10
-2.0266303e-10
-2.0399459e-10
-2.0785325e-10
-2.0372283e-10
-2.0635868e-10
-2.0445649e-10
-2.0480975e-10
-2.0880435e-10
-2.0372282e-10
-2.0394023e-10
-2.0918481e-10
-2.0790758e-10
-2.0722826e-10
-2.0807064e-10
-2.0557063e-10
-2.0980977e-10
-2.0706521e-10
-2.0480977e-10
-2.064402e-10
-2.0236415e-10
-2.0529893e-10
-2.0404889e-10
-2.0464672e-10
-2.0524457e-10
-2.0665761e-10
-2.0456517e-10
-2.0472823e-10
-2.0538039e-10
-2.0331518e-10
-2.0570648e-10
-2.0668475e-10
-2.0323368e-10
-2.0627713e-10
-2.0584241e-10
-2.0749999e-10
-2.0543478e-10
-2.0790761e-10
-2.067663e-10
-2.0665765e-10
-2.0554349e-10
-2.0665762e-10
-2.0769021e-10
-2.0320653e-10
-2.0315218e-10
-2.1092392e-10
-2.0885869e-10
-2.0630431e-10
-2.0486413e-10
-2.0557067e-10
-2.0535325e-10
-2.0467388e-10
-2.0336956e-10
-2.0388585e-10
-2.0633151e-10
-2.0774453e-10
-2.0391304e-10
-2.0312502e-10
-2.0451084e-10
-2.0557063e-10
-2.0567932e-10
-2.0260865e-10
-2.0622283e-10
-2.0491846e-10
-2.0627718e-10
-2.0801628e-10
-2.0391303e-10
-2.0347826e-10
-2.0570651e-10
-2.0603262e-10
-2.0524456e-10
-2.0684779e-10
-2.0899454e-10
-2.0684779e-10
-2.0728258e-10
-2.0440219e-10
-2.0241844e-10
-2.0627718e-10
-2.0448369e-10
-2.0706521e-10
-2.0285325e-10
-2.0595105e-10
-2.0502715e-10
-2.0624999e-10
-2.0255433e-10
-2.0584237e-10
-2.0249999e-10
-2.0673913e-10
-2.0616846e-10
-2.012228e-10
-2.0502719e-10
-2.0516305e-10
-2.0296195e-10
-2.0290758e-10
-2.0394021e-10
-2.0499998e-10
-2.0461957e-10
-2.0728259e-10
-2.0331518e-10
-2.0565218e-10
-2.0788042e-10
-2.0692935e-10
-2.087228e-10
-2.0540759e-10
-2.0500002e-10
-2.0836953e-10
-2.0720106e-10
-2.0418477e-10
-2.0451087e-10
-2.0543478e-10
-2.0383148e-10
-2.0559782e-10
-2.0510871e-10
-2.0554344e-10
-2.0570652e-10
-2.0660326e-10
-2.0448368e-10
-2.0548915e-10
-2.0630435e-10
-2.059239e-10
-2.0570651e-10
-2.0673913e-10
-2.0508152e-10
-2.0380433e-10
-2.0638587e-10
-2.0296191e-10
-2.0315216e-10
-2.0510868e-10
-2.0573371e-10
-2.0831523e-10
-2.0508154e-10
-2.0608695e-10
-2.0415758e-10
-2.0581523e-10
-2.0616846e-10
-2.0633154e-10
-2.0709238e-10
-2.0855978e-10
-2.0940218e-10
-2.0760871e-10
-2.0614128e-10
-2.0695652e-10
-2.0866846e-10
-2.0820649e-10
-2.0864131e-10
-2.0581518e-10
-2.0733697e-10
-2.0625002e-10
-2.1057062e-10
-2.0600542e-10
-2.0910325e-10
-2.0644024e-10
-2.0807066e-10
-2.0608695e-10
-2.0516304e-10
-2.0499998e-10
-2.0777173e-10
-2.0581518e-10
-2.0497279e-10
-2.0796195e-10
-2.0508152e-10
-2.0562499e-10
-2.0497283e-10
-2.0570648e-10
-2.0888585e-10
-2.0682067e-10
-2.0760868e-10
-2.0557066e-10
-2.0369567e-10
-2.0491848e-10
-2.0915764e-10
-2.0467388e-10
-2.0510871e-10
-2.0679349e-10
-2.0641303e-10
-2.0201087e-10
-2.0516301e-10
-2.0559777e-10
-2.086413e-10
-2.05625e-10
-2.0497283e-10
-2.0578803e-10
-2.0741849e-10
-2.0277176e-10
-2.0633151e-10
-2.0657605e-10
-2.06875e-10
-2.0676627e-10
-2.0627718e-10
-2.0391304e-10
-2.0377715e-10
-2.074728e-10
-2.0608694e-10
-2.0828801e-10
-2.0888584e-10
-2.0538041e-10
-2.0336957e-10
-2.0687498e-10
-2.0657608e-10
-2.051902e-10
-2.0690215e-10
-2.0690216e-10
-2.0638587e-10
-2.0728264e-10
-2.0565218e-10
-2.0592388e-10
-2.080978e-10
-2.0741842e-10
-2.0736414e-10
-2.0682063e-10
-2.0573371e-10
-2.0421197e-10
-2.0641305e-10
-2.0853261e-10
-2.0820652e-10
-2.0679349e-10
-2.0660328e-10
-2.0972828e-10
-2.0442931e-10
-2.0722826e-10
-2.0323369e-10
-2.0769023e-10
-2.0442935e-10
-2.0502716e-10
-2.0538042e-10
-2.0513585e-10
-2.084239e-10
-2.0711957e-10
-2.0475541e-10
-2.0415759e-10
-2.0527172e-10
-2.0567933e-10
-2.055978e-10
-2.0326087e-10
-2.0491848e-10
-2.0448368e-10
-2.0451084e-10
-2.0657608e-10
-2.0649457e-10
-2.0521738e-10
-2.0684782e-10
-2.0374999e-10
-2.0668478e-10
-2.0510868e-10
-2.0633154e-10
-2.0529888e-10
-2.0470109e-10
-2.0192933e-10
-2.0442935e-10
-2.0418477e-10
-2.0502716e-10
-2.0298913e-10
-2.0249995e-10
-2.0307063e-10
-2.0500002e-10
-2.0535325e-10
-2.0298914e-10
-2.0432066e-10
-2.0581521e-10
-2.0451087e-10
-2.0793477e-10
-2.0214673e-10
-2.0486411e-10
-2.0475543e-10
-2.0369563e-10
-2.0519024e-10
-2.0249998e-10
-2.051902e-10
-2.0736411e-10
-2.0535325e-10
-2.0608694e-10
-2.042391e-10
-2.0654892e-10
-2.0502719e-10
-2.0586954e-10
-2.0532608e-10
-2.0611414e-10
-2.0557063e-10
-2.0850545e-10
-2.0486413e-10
-2.0630435e-10
-2.0692938e-10
-2.0336956e-10
-2.0627718e-10
-2.0565219e-10
-2.0603261e-10
-2.0459243e-10
-2.0682064e-10
-2.0706521e-10
-2.0703805e-10
-2.0355978e-10
-2.0720108e-10
-2.0315218e-10
-2.0453803e-10
-2.0616847e-10
-2.0711956e-10
-2.0374999e-10
-2.0494563e-10
-2.0508152e-10
-2.0739126e-10
-2.0513585e-10
-2.0603262e-10
-2.0505435e-10
-2.0722825e-10
-2.0480977e-10
-2.0326087e-10
-2.0709238e-10
-2.0627718e-10
-2.0461954e-10
-2.0429348e-10
-2.0429347e-10
-2.0597825e-10
-2.0589673e-10
-2.0687502e-10
-2.0548914e-10
-2.0521738e-10
-2.0491846e-10
-2.0749999e-10
-2.0350542e-10
-2.052989e-10
-2.0421194e-10
-2.0258152e-10
-2.0850541e-10
-2.0165761e-10
-2.0600539e-10
-2.0752718e-10
-2.0385869e-10
-2.0747282e-10
-2.0394023e-10
-2.0586954e-10
-2.0646738e-10
-2.0665761e-10
-2.0293475e-10
-2.0513589e-10
-2.0660326e-10
-2.0214674e-10
-2.0559784e-10
-2.067935e-10
-2.0660326e-10
-2.0595106e-10
-2.040217e-10
-2.0728262e-10
-2.0453803e-10
-2.0722828e-10
-2.0442935e-10
-2.052989e-10
-2.0622283e-10
-2.0475542e-10
-2.0532608e-10
-2.0396736e-10
-2.0597829e-10
-2.0701087e-10
-2.0366844e-10
-2.045924e-10
-2.0353259e-10
-2.0421195e-10
-2.0565218e-10
-2.0429347e-10
-2.0581521e-10
-2.042663e-10
-2.0222825e-10
-2.0383152e-10
-2.0440218e-10
-2.0404893e-10
-2.0497283e-10
-2.039674e-10
-2.0557062e-10
-2.0546195e-10
-2.0567933e-10
-2.0296194e-10
-2.0456517e-10
-2.0679344e-10
-2.065761e-10
-2.0423914e-10
-2.042663e-10
-2.0448369e-10
-2.0483695e-10
-2.048913e-10
-2.0521738e-10
-2.0782609e-10
-2.0475542e-10
-2.0991849e-10
-2.0410326e-10
-2.0440219e-10
-2.0554344e-10
-2.0796198e-10
-2.0472825e-10
-2.0703804e-10
-2.0627716e-10
-2.0584237e-10
-2.0703803e-10
-2.0298914e-10
-2.0502716e-10
-2.065489e-10
-2.0614131e-10
-2.0548914e-10
-2.059239e-10
-2.0440216e-10
-2.0614128e-10
-2.0739128e-10
-2.0782605e-10
-2.0777172e-10
-2.0722825e-10
-2.0532608e-10
-2.0820649e-10
-2.0660323e-10
-2.0622279e-10
-2.0790758e-10
-2.0478259e-10
-2.0872282e-10
-2.0654892e-10
-2.0429346e-10
-2.0820649e-10
-2.0407606e-10
-2.0741844e-10
-2.0605977e-10
-2.0673913e-10
-2.0535326e-10
-2.0682064e-10
-2.0706523e-10
-2.0475542e-10
-2.0459236e-10
-2.0595108e-10
-2.0570652e-10
-2.040217e-10
-2.034239e-10
-2.0366848e-10
-2.0432066e-10
-2.0646737e-10
-2.0573371e-10
-2.0684783e-10
-2.065489e-10
-2.0815216e-10
-2.0739133e-10
-2.0334238e-10
-2.0437498e-10
-2.0160326e-10
-2.083152e-10
-2.0823368e-10
-2.0706524e-10
-2.0663042e-10
-2.0269021e-10
-2.0513587e-10
-2.0415759e-10
-2.0603261e-10
-2.04375e-10
-2.0470109e-10
-2.0478261e-10
-2.0399459e-10
-2.0263587e-10
-2.0179346e-10
-2.0453803e-10
-2.0339674e-10
-2.0464673e-10
-2.0510868e-10
-2.0453801e-10
-2.062228e-10
-2.0589673e-10
-2.0592392e-10
-2.0353259e-10
-2.0538042e-10
-2.0562496e-10
-2.0342389e-10
-2.0771741e-10
-2.0538042e-10
-2.0519017e-10
-2.0684782e-10
-2.0578803e-10
-2.0516301e-10
-2.0644021e-10
-2.0652173e-10
-2.0524456e-10
-2.0554349e-10
-2.0730981e-10
-2.0877718e-10
-2.0853261e-10
-2.0453803e-10
-2.0774454e-10
-2.0394021e-10
-2.073641e-10
-2.0532608e-10
-2.0711956e-10
-2.0706521e-10
-2.0453805e-10
-2.0630432e-10
-2.0546197e-10
-2.0521737e-10
-2.0478259e-10
-2.0671194e-10
-2.077989e-10
-2.0478261e-10
-2.0817935e-10
-2.0543478e-10
-2.0605977e-10
-2.0633154e-10
-2.0644021e-10
-2.0494563e-10
-2.0573369e-10
-2.0698371e-10
-2.0366846e-10
-2.0570652e-10
-2.0657608e-10
-2.0546195e-10
-2.0589673e-10
-2.0467388e-10
-2.0494564e-10
-2.0657608e-10
-2.0345105e-10
-2.0445651e-10
-2.0453803e-10
-2.0510868e-10
-2.0336956e-10
-2.0347826e-10
-2.0725544e-10
-2.0687498e-10
-2.0654894e-10
-2.0334241e-10
-2.0953803e-10
-2.0616846e-10
-2.0635868e-10
-2.0451087e-10
-2.0502712e-10
-2.0543474e-10
-2.0399459e-10
-2.0611413e-10
-2.0464672e-10
-2.0548911e-10
-2.0502716e-10
-2.0508152e-10
-2.058424e-10
-2.0442932e-10
-2.0538042e-10
-2.0301628e-10
-2.0141301e-10
-2.0608697e-10
-2.0171194e-10
-2.0152173e-10
-2.0570655e-10
-2.0374999e-10
-2.0154892e-10
-2.0557066e-10
-2.0448369e-10
-2.0491846e-10
-2.0478259e-10
-2.0641303e-10
-2.027989e-10
-2.0733695e-10
-2.0505431e-10
-2.0480977e-10
-2.052989e-10
-2.0597825e-10
-2.0470109e-10
-2.0668474e-10
-2.0320652e-10
-2.0779888e-10
-2.0423911e-10
-2.0611413e-10
-2.0565215e-10
-2.0277176e-10
-2.0562499e-10
-2.0524456e-10
-2.0179344e-10
-2.0519024e-10
-2.0336957e-10
-2.0160328e-10
-2.0565218e-10
-2.0489127e-10
-2.0353259e-10
-2.067663e-10
-2.042663e-10
-2.0635868e-10
-2.0152172e-10
-2.0486413e-10
-2.0475542e-10
-2.0315216e-10
-2.0633154e-10
-2.0475542e-10
-2.0279892e-10
-2.0535322e-10
-2.0491844e-10
-2.0171192e-10
-2.0464673e-10
-2.0228258e-10
-2.0402174e-10
-2.0603262e-10
-2.0108694e-10
-2.0605975e-10
-2.0339672e-10
-2.0630432e-10
-2.0668475e-10
-2.025e-10
-2.0684782e-10
-2.0336957e-10
-2.0570652e-10
-2.0353257e-10
-2.0165761e-10
-2.0584237e-10
-2.0505431e-10
-2.0241847e-10
-2.0353261e-10
-2.0442932e-10
-2.0296194e-10
-2.0614127e-10
-2.0127713e-10
-2.0290758e-10
-2.061141e-10
-2.0404892e-10
-2.0524453e-10
-2.0336953e-10
-2.0334238e-10
-2.0442935e-10
-2.0355978e-10
-2.0345105e-10
-2.0437498e-10
-2.0421195e-10
-2.0442935e-10
-2.0633151e-10
-2.0415758e-10
-2.0516301e-10
-2.0269023e-10
-2.0429348e-10
-2.0323369e-10
-2.0562496e-10
-2.062228e-10
-2.0657609e-10
-2.0269023e-10
-2.0486411e-10
-2.0464673e-10
-2.055163e-10
-2.0603258e-10
-2.0472825e-10
-2.024728e-10
-2.0567933e-10
-2.0499998e-10
-2.0233695e-10
-2.0535325e-10
-2.037228e-10
-2.0483694e-10
-2.0407608e-10
-2.064402e-10
-2.0173913e-10
-2.0345112e-10
-2.0442935e-10
-2.0483695e-10
-2.0241847e-10
-2.0372282e-10
-2.0641301e-10
-2.0451087e-10
-2.0111413e-10
-2.0464673e-10
-2.0076085e-10
-2.0524456e-10
-2.0616847e-10
-2.0323368e-10
-2.0369564e-10
-2.0565213e-10
-2.0451088e-10
-2.0483695e-10
-2.0358697e-10
-2.0385869e-10
-2.0508152e-10
-2.0641303e-10
-2.0489131e-10
-2.0249998e-10
-2.0279892e-10
-2.0163045e-10
-2.0394023e-10
-2.0353261e-10
-2.0453807e-10
-2.0282609e-10
-2.0652173e-10
-2.042391e-10
-2.0581523e-10
-2.0301627e-10
-2.0407606e-10
-2.037228e-10
-2.0377718e-10
-2.0576084e-10
-2.0608694e-10
-2.0502716e-10
-2.0442932e-10
-2.0334238e-10
-2.062228e-10
-2.039674e-10
-2.0611415e-10
-2.0597826e-10
-2.0453801e-10
-2.0500002e-10
-2.0461957e-10
-2.0228262e-10
-2.0497277e-10
-2.033152e-10
-2.0505433e-10
-2.0345105e-10
-2.0581518e-10
-2.0190216e-10
-2.0516304e-10
-2.0641305e-10
-2.051902e-10
-2.0657608e-10
-2.0437499e-10
-2.0470109e-10
-2.0081521e-10
-2.0290758e-10
-2.0067932e-10
-2.0538045e-10
-2.0364128e-10
-2.0339672e-10
-2.0399456e-10
-2.011141e-10
-2.0508149e-10
-2.0399454e-10
-2.0127716e-10
-2.0817935e-10
-2.0461957e-10
-2.0440218e-10
-2.0263584e-10
-2.0793479e-10
-2.0486413e-10
-2.0573367e-10
-2.0690213e-10
-2.0679346e-10
-2.0448369e-10
-2.0671197e-10
-2.0480977e-10
-2.0551628e-10
-2.0502716e-10
-2.059239e-10
-2.0562499e-10
-2.0448369e-10
-2.0296194e-10
-2.0358691e-10
-2.0589677e-10
-2.0377715e-10
-2.0540759e-10
-2.0293477e-10
-2.0144021e-10
-2.0630435e-10
-2.0201085e-10
-2.0353257e-10
-2.0595106e-10
-2.0421194e-10
-2.0548911e-10
-2.0589679e-10
-2.043206e-10
-2.0380433e-10
-2.0048911e-10
-2.0543477e-10
-2.043478e-10
-2.0548914e-10
-2.0239128e-10
-2.0350541e-10
-2.0374996e-10
-2.0709236e-10
-2.0453803e-10
-2.0453803e-10
-2.0288043e-10
-2.0301628e-10
-2.0225543e-10
-2.0413043e-10
-2.0554347e-10
-2.0494563e-10
-2.0230978e-10
-2.0453803e-10
-2.0260869e-10
-2.0423911e-10
-2.03288e-10
-2.0347823e-10
-2.0402173e-10
-2.0527174e-10
-2.0244566e-10
-2.0432066e-10
-2.0361411e-10
-2.0366848e-10
-2.0173915e-10
-2.0391304e-10
-2.0258152e-10
-2.0581518e-10
-2.0478262e-10
-2.0214673e-10
-2.0497282e-10
-2.0320653e-10
-2.0184782e-10
-2.0274457e-10
-2.0540761e-10
-2.0388585e-10
-2.0078803e-10
-2.042663e-10
-2.0173913e-10
-2.0339674e-10
-2.0203804e-10
-2.0432064e-10
-2.0491848e-10
-2.0383151e-10
-2.0334241e-10
-2.0184782e-10
-2.0383152e-10
-2.0201085e-10
-2.0355975e-10
-2.0423911e-10
-2.0752718e-10
-2.0353259e-10
-2.0432066e-10
-2.0597825e-10
-2.0114131e-10
-2.0312499e-10
-2.0472825e-10
-2.0410325e-10
-2.0396733e-10
-2.0508149e-10
-2.0198368e-10
-2.0665761e-10
-2.0603261e-10
-2.0230978e-10
-2.0432064e-10
-2.046739e-10
-2.0233691e-10
-2.0065218e-10
-2.0377718e-10
-2.0402173e-10
-2.0345108e-10
-2.0198368e-10
-2.0374999e-10
-2.0320649e-10
-2.0432064e-10
-2.0345108e-10
-2.0347826e-10
-2.0252718e-10
-2.0358694e-10
-2.0179348e-10
-2.0510871e-10
-2.0597825e-10
-2.0366844e-10
-2.0603262e-10
-2.0508152e-10
-2.0442932e-10
-2.0377718e-10
-2.0611413e-10
-2.0529889e-10
-2.0247284e-10
-2.0456521e-10
-2.0198368e-10
-2.0402173e-10
-2.0209238e-10
-2.0247284e-10
-2.0336953e-10
-1.9945653e-10
-2.0326087e-10
-2.0103261e-10
-2.0054347e-10
-2.045652e-10
-1.998913e-10
-2.0440216e-10
-2.0383152e-10
-2.0342389e-10
-2.0144018e-10
-2.0532608e-10
-2.0277173e-10
-2.0407608e-10
-2.0288039e-10
-2.0317935e-10
-2.0290761e-10
-2.0230977e-10
-2.0345108e-10
-2.0540761e-10
-2.0184779e-10
-2.0173915e-10
-2.0192933e-10
-2.0475543e-10
-2.0171194e-10
-2.0502716e-10
-2.0269023e-10
-2.0157608e-10
-2.0478261e-10
-2.0105979e-10
-2.0402173e-10
-1.9967387e-10
-2.0201087e-10
-2.0410325e-10
-2.0320649e-10
-2.0263582e-10
-2.0317933e-10
-2.0483694e-10
-2.0173913e-10
-2.0326087e-10
-2.0146738e-10
-2.0263588e-10
-2.0394018e-10
-2.0391303e-10
-2.0445651e-10
-2.0421195e-10
-2.0388584e-10
-2.0453801e-10
-2.0480977e-10
-2.0366846e-10
-2.0233695e-10
-2.0394023e-10
-2.0331524e-10
-2.0230978e-10
-2.0372282e-10
-2.0141303e-10
-2.043478e-10
-2.0160326e-10
-2.0567933e-10
-2.0195652e-10
-2.0290758e-10
-2.0277172e-10
-2.0483694e-10
-2.0244563e-10
-2.0114131e-10
-2.0407608e-10
-2.0290758e-10
-2.027989e-10
-2.0211957e-10
-2.0179346e-10
-2.0076085e-10
-2.0369567e-10
-2.0263587e-10
-2.0296198e-10
-2.0266307e-10
-2.0171192e-10
-2.0228259e-10
-2.0453805e-10
-2.008424e-10
-2.0260871e-10
-2.0331523e-10
-2.0062499e-10
-2.0236414e-10
-2.0328801e-10
-2.024728e-10
-2.0043477e-10
-1.9956521e-10
-2.0133149e-10
-2.0108694e-10
-2.0296194e-10
-2.0429346e-10
-2.0203804e-10
-2.0440216e-10
-2.0048914e-10
-2.01875e-10
-2.0255433e-10
-2.0361413e-10
-2.0298913e-10
-2.009239e-10
-2.0010868e-10
-2.0413043e-10
-2.0285325e-10
-2.0404892e-10
-2.0377718e-10
-2.0508152e-10
-2.0154892e-10
-2.0611413e-10
-2.0247282e-10
-2.0423911e-10
-2.0290762e-10
-2.0203803e-10
-2.0404889e-10
-2.0198368e-10
-2.0464673e-10
-2.0690216e-10
-2.0355979e-10
-2.0557063e-10
-2.0486414e-10
-2.0508149e-10
-2.0605979e-10
-2.0578804e-10
-2.0320652e-10
-2.0315216e-10
-2.0714674e-10
-2.048913e-10
-2.0521741e-10
-2.0201085e-10
-2.0461954e-10
-2.0266304e-10
-2.0540759e-10
-2.0527172e-10
-2.0491846e-10
-2.030978e-10
-2.0467392e-10
-2.0328805e-10
-2.0407612e-10
-2.0546197e-10
-2.0467388e-10
-2.0339674e-10
-2.0565218e-10
-2.055163e-10
-2.0342389e-10
-2.0538042e-10
-2.0603262e-10
-2.0402167e-10
-2.0437498e-10
-2.0703803e-10
-2.0165759e-10
-2.0402174e-10
-2.0701087e-10
-2.0277173e-10
-2.0562496e-10
-2.0578801e-10
-2.0478262e-10
-2.046739e-10
-2.0684782e-10
-2.0451087e-10
-2.0578804e-10
-2.0290758e-10
-2.0432067e-10
-2.0432062e-10
-2.0315216e-10
-2.0508149e-10
-2.0755433e-10
-2.0524456e-10
-2.0605979e-10
-2.0347823e-10
-2.0225543e-10
-2.0660323e-10
-2.0499998e-10
-2.0440213e-10
-2.0532609e-10
-2.0076085e-10
-2.0668478e-10
-2.0372282e-10
-2.0804347e-10
-2.0586954e-10
-2.0345108e-10
-2.0391303e-10
-2.0630435e-10
-2.0980977e-10
-2.0339672e-10
-2.0644021e-10
-2.0277172e-10
-2.0456521e-10
-2.0584236e-10
-2.045652e-10
-2.0717389e-10
-2.0247284e-10
-2.0173908e-10
-2.0239126e-10
-2.0320653e-10
-2.0413043e-10
-2.0722826e-10
-2.0293479e-10
-2.0380435e-10
-2.0815218e-10
-2.0464673e-10
-2.0581521e-10
-2.0429347e-10
-2.0415758e-10
-2.0440213e-10
-2.0119564e-10
-2.0426628e-10
-2.0494566e-10
-2.0394021e-10
-2.0565218e-10
-2.0114128e-10
-2.0154894e-10
-2.022011e-10
-1.9986417e-10
-2.0451087e-10
-2.0100543e-10
-2.0445651e-10
-2.0097823e-10
-2.0304346e-10
-2.0375e-10
-2.0323369e-10
-2.0451088e-10
-2.0394017e-10
-2.0423911e-10
-2.0209237e-10
-2.0290761e-10
-2.0214674e-10
-2.0448369e-10
-2.0383151e-10
-1.992663e-10
-2.0567933e-10
-2.027989e-10
-2.0630435e-10
-2.0149456e-10
-2.0168479e-10
-2.0279892e-10
-2.023913e-10
-2.0353261e-10
-2.0160323e-10
-2.0377718e-10
-2.0220108e-10
-2.036413e-10
-2.0260871e-10
-1.9953802e-10
-2.0152173e-10
-2.0320652e-10
-2.0203804e-10
-2.0366846e-10
-2.0304347e-10
-2.0505435e-10
-2.046739e-10
-2.0252715e-10
-2.0331523e-10
-2.0301631e-10
-2.0701085e-10
-2.0472823e-10
-2.0399454e-10
-2.0043479e-10
-2.0815218e-10
-2.0418477e-10
-2.0084237e-10
-2.0486414e-10
-2.0184782e-10
-2.0660326e-10
-2.0192932e-10
-2.0225543e-10
-2.0391304e-10
-2.005978e-10
-2.0323368e-10
-2.0336953e-10
-2.0214673e-10
-2.0228258e-10
-2.0565215e-10
-2.0225543e-10
-2.0692933e-10
-2.0157608e-10
-2.0059782e-10
-2.0391303e-10
-2.0114128e-10
-2.0097825e-10
-2.0119564e-10
-2.0608695e-10
-2.0413041e-10
-2.0505435e-10
-2.0472825e-10
-2.018206e-10
-2.0475542e-10
-2.0157609e-10
-2.0394023e-10
-2.0540759e-10
-2.0296191e-10
-2.0472825e-10
-2.036413e-10
-2.0418477e-10
-2.0396741e-10
-2.0396737e-10
-2.0350545e-10
-2.0510871e-10
-2.0567932e-10
-2.0326087e-10
-2.0233692e-10
-2.0442932e-10
-2.017663e-10
-2.0350542e-10
-2.0470106e-10
-2.0182063e-10
-2.0364128e-10
-2.0402173e-10
-2.0448365e-10
-2.0619564e-10
-2.0100542e-10
-2.0383151e-10
-2.0421194e-10
-2.0380433e-10
-2.0206523e-10
-2.027989e-10
-2.0374999e-10
-2.0345109e-10
-2.0391303e-10
-2.0315215e-10
-2.0146737e-10
-2.0676631e-10
-2.0548914e-10
-2.0277176e-10
-2.0535326e-10
-2.0538045e-10
-2.0595108e-10
-2.0290762e-10
-2.0907608e-10
-2.0608695e-10
-2.0682064e-10
-2.0605977e-10
-2.0057066e-10
-2.0649457e-10
-2.0048915e-10
-2.051902e-10
-2.0141305e-10
-2.0301631e-10
-2.0703805e-10
-2.0279892e-10
-2.033152e-10
-2.0271738e-10
-2.0480979e-10
-2.0453803e-10
-2.0130432e-10
-2.0347823e-10
-2.0372282e-10
-2.0092392e-10
-2.0173915e-10
-2.0529893e-10
-2.0233695e-10
-2.0603262e-10
-2.0633151e-10
-2.0124999e-10
-2.0581521e-10
-2.0277176e-10
-1.9945649e-10
-2.0312499e-10
-2.0576088e-10
-2.0432066e-10
-2.0429346e-10
-2.0562496e-10
-2.017663e-10
-2.0576083e-10
-2.0347826e-10
-2.0442936e-10
-2.0258149e-10
-2.0317935e-10
-2.0125002e-10
-2.0252718e-10
-2.0374999e-10
-2.0391307e-10
-2.0347826e-10
-2.0374999e-10
-2.040761e-10
-2.0157609e-10
-2.0029889e-10
-2.0241844e-10
-2.0078803e-10
-1.9978261e-10
-2.051902e-10
-2.0195652e-10
-2.0247282e-10
-2.0548914e-10
-2.0366848e-10
-2.0078803e-10
-2.0627718e-10
-2.0187496e-10
-2.0260868e-10
-2.0157605e-10
-2.0404893e-10
-2.0211954e-10
-2.0328805e-10
-2.0108694e-10
-2.0353259e-10
-2.0225541e-10
-2.0421195e-10
-2.0695652e-10
-2.023913e-10
-2.0255436e-10
-2.0358694e-10
-2.0127713e-10
-2.0353261e-10
-2.0375e-10
-2.0260868e-10
-2.0442935e-10
-2.0195653e-10
-2.0290761e-10
-2.0024456e-10
-2.0440216e-10
-2.0002716e-10
-2.0279893e-10
-2.0334238e-10
-2.0366848e-10
-2.0195649e-10
-2.0260869e-10
-2.0385869e-10
-2.0260868e-10
-2.04375e-10
-2.0165759e-10
-2.0548911e-10
-2.0296191e-10
-2.0364128e-10
-2.034239e-10
-2.0285325e-10
-2.0347823e-10
-2.0307064e-10
-2.0394023e-10
-2.0173915e-10
-2.0347823e-10
-2.0423914e-10
-2.02038e-10
-2.0187502e-10
-2.0160328e-10
-2.0472828e-10
-2.0377715e-10
-2.0184782e-10
-2.0513582e-10
-2.0016305e-10
-2.0211956e-10
-2.0154889e-10
-2.0377715e-10
-2.0415759e-10
-2.025e-10
-2.0184782e-10
-2.0298914e-10
-2.046739e-10
-2.0217389e-10
-2.05e-10
-2.0282609e-10
-1.9975542e-10
-2.0236414e-10
-2.0201089e-10
-2.0334238e-10
-2.0269021e-10
-2.0437499e-10
-2.0505433e-10
-2.0410325e-10
-2.0442935e-10
-2.0217392e-10
-2.0394021e-10
-2.0399459e-10
-2.0323367e-10
-2.0062496e-10
-2.0152172e-10
-2.0589677e-10
-2.027989e-10
-2.0230981e-10
-2.0171194e-10
-2.005163e-10
-2.0413043e-10
-2.0358694e-10
-2.0540759e-10
-2.0296195e-10
-2.0331518e-10
-2.05e-10
-2.0377719e-10
-2.029891e-10
-2.0445651e-10
-2.043478e-10
-2.0182064e-10
-2.0211956e-10
-2.0239126e-10
-2.0173911e-10
-2.0383151e-10
-2.0391303e-10
-2.0442936e-10
-2.0271738e-10
-2.0747282e-10
-2.0293477e-10
-2.0263588e-10
-2.0010868e-10
-2.014402e-10
-2.0222826e-10
-2.0307066e-10
-1.9972828e-10
-2.0317933e-10
-2.0374996e-10
-2.0595105e-10
-2.0271738e-10
-2.0442932e-10
-2.0334237e-10
-2.0228262e-10
-2.0249998e-10
-2.0307064e-10
-2.0105975e-10
-2.0336956e-10
-2.0239128e-10
-2.0527174e-10
-2.0073371e-10
-2.0502719e-10
-2.0029893e-10
-2.0263587e-10
-2.0222822e-10
-2.0124998e-10
-2.0418475e-10
-2.0345112e-10
-2.0358694e-10
-2.0122283e-10
-2.0380433e-10
-2.0260868e-10
-2.0394023e-10
-2.0277176e-10
-2.0255433e-10
-2.0377715e-10
-2.0364128e-10
-2.0067933e-10
-1.9951084e-10
-2e-10
-2.040761e-10
-2.0407608e-10
-2.0339676e-10
-2.0320653e-10
-2.0358694e-10
-2.0097825e-10
-2.033152e-10
-2.0198367e-10
-1.9948365e-10
-2.0532612e-10
-2.0133153e-10
-2.0296194e-10
-2.0192935e-10
-2.0255433e-10
-2.0184783e-10
-2.004891e-10
-2.0361413e-10
-2.0252719e-10
-2.0448369e-10
-2.0236414e-10
-2.0315218e-10
-2.0486414e-10
-2.0317935e-10
-2.0369563e-10
-2.0282609e-10
-2.0032608e-10
-2.0206518e-10
-2.0355979e-10
-2.0171197e-10
-2.0366846e-10
-2.0442935e-10
-2.005163e-10
-2.0396737e-10
-2.0228259e-10
-2.0258152e-10
-2.0163042e-10
-2.0059782e-10
-2.0565215e-10
-2.0451087e-10
-2.0445651e-10
-2.0307064e-10
-2.014402e-10
-2.0350542e-10
-2.0540761e-10
-2.0290761e-10
-2.0241848e-10
-2.0358694e-10
-2.0432064e-10
-2.0217392e-10
-2.0019023e-10
-2.0127718e-10
-2.055978e-10
-2.0076088e-10
-2.0315215e-10
-2.0307064e-10
-2.0301631e-10
-2.0317936e-10
-2.0290762e-10
-2.0209238e-10
-2.0445654e-10
-2.0252713e-10
-2.0244562e-10
-2.0203805e-10
-2.0114127e-10
-2.0451084e-10
-2.0366848e-10
-2.048913e-10
-1.996739e-10
-2.0385869e-10
-2.0301628e-10
-2.0032608e-10
-2.0244563e-10
-2.0233692e-10
-2.0236414e-10
-2.025e-10
-2.0293477e-10
-2.0144021e-10
-2.0024453e-10
-2.0391303e-10
-2.0407608e-10
-2.0559782e-10
-2.0217392e-10
-2.036685e-10
-2.0442936e-10
-2.0190215e-10
-2.0176627e-10
-2.0182063e-10
-1.9815216e-10
-2.0315215e-10
-1.9961953e-10
-2.0448369e-10
-2.0567933e-10
-2.0413041e-10
-2.0442935e-10
-2.0372282e-10
-2.0461954e-10
-2.009239e-10
-2.051902e-10
-2.0130435e-10
-2.0184782e-10
-2.0285328e-10
-2.0529888e-10
-2.0426628e-10
-2.0239128e-10
-2.0057066e-10
-2.0347826e-10
-2.0184782e-10
-2.0225541e-10
-2.0040759e-10
-2.0249999e-10
-2.0266304e-10
-2.0345108e-10
-2.0350541e-10
-2.0298913e-10
-2.0241844e-10
-2.0236411e-10
-1.9953801e-10
-2.0366844e-10
-2.027989e-10
-2.0290761e-10
-2.0201084e-10
-2.0239128e-10
-2.0434784e-10
-2.0187502e-10
-2.0399459e-10
-2.0369563e-10
-2.0244566e-10
-2.0176624e-10
-2.0182063e-10
-2.0369564e-10
-2.051902e-10
-2.0345105e-10
-2.0296195e-10
-2.0086954e-10
-2.0312498e-10
-2.0499998e-10
-2.0230978e-10
-2.0228259e-10
-2.0402173e-10
-2.0323367e-10
-2.0480977e-10
-2.0269021e-10
-2.0559782e-10
-2.0225543e-10
-2.0315215e-10
-2.0366848e-10
-2.0581521e-10
-2.0592392e-10
-2.0247279e-10
-2.0535325e-10
-2.009239e-10
-2.0157608e-10
-2.0317933e-10
-2.0448372e-10
-2.0347828e-10
-2.0252718e-10
-2.0399454e-10
-2.0290761e-10
-2.0277172e-10
-2.0404892e-10
-2.0138584e-10
-2.0440213e-10
-2.0146737e-10
-2.0217387e-10
-2.0358693e-10
-2.0453803e-10
-2.0361413e-10
-2.0168479e-10
-2.0195652e-10
-2.0486414e-10
-2.0326085e-10
-2.0451087e-10
-2.0377719e-10
-2.042663e-10
-2.0244563e-10
-2.0407608e-10
-2.0315216e-10
-2.0222826e-10
-2.0543477e-10
-2.0429347e-10
-2.0399452e-10
-2.0540761e-10
-2.0035326e-10
-2.0285325e-10
-2.0187502e-10
-2.0271738e-10
-2.0304344e-10
-2.0173913e-10
-2.0388585e-10
-2.0206521e-10
-2.034239e-10
-2.0358693e-10
-2.0315216e-10
-1.9937503e-10
-2.0182067e-10
-2.0298913e-10
-2.0429348e-10
-2.0383148e-10
-2.0135867e-10
-2.0214673e-10
-2.0478259e-10
-2.042391e-10
-2.0032608e-10
-2.0480977e-10
-2.040761e-10
-2.0296191e-10
-2.0407608e-10
-2.0241847e-10
-2.0326087e-10
-2.023913e-10
-2.0260869e-10
-2.0054348e-10
-2.039674e-10
-2.0108697e-10
-2.015217e-10
-2.0483694e-10
-2.0309779e-10
-2.0288042e-10
-2.0260869e-10
-2.0323368e-10
-2.034239e-10
-2.0440218e-10
-2.0111413e-10
-2.0230978e-10
-1.9904889e-10
-2.0290758e-10
-2.0073367e-10
-2.0010871e-10
-2.0198367e-10
-2.0065213e-10
-2.0486413e-10
-2.0320652e-10
-2.0402173e-10
-2.0133149e-10
-2.0355978e-10
-2.0225541e-10
-2.0084237e-10
-2.0396736e-10
-1.9937503e-10
-2.0328804e-10
-2.0225539e-10
-2.0211954e-10
-2.068206e-10
-2.0067933e-10
-2.0551631e-10
-2e-10
-2.0225545e-10
-2.0105977e-10
-2.0396737e-10
-2.0149457e-10
-2.0206523e-10
-2.0105977e-10
-2.0192935e-10
-2.0470109e-10
-2.014402e-10
-1.9959238e-10
-2.0470106e-10
-2.015217e-10
-2.025e-10
-2.0263588e-10
-2.0258151e-10
-2.0418477e-10
-2.0323368e-10
-2.0187498e-10
-2.0038042e-10
-2.0241847e-10
-2.0369562e-10
-2.0524456e-10
-2.0211954e-10
-2.0260869e-10
-2.0233695e-10
-2.0225543e-10
-2.0364126e-10
-2.0233695e-10
-2.0339672e-10
-2.0326085e-10
-2.0201085e-10
-2.0277172e-10
-2.0032609e-10
-2.0269021e-10
-2.0163042e-10
-2.0334238e-10
-2.0013587e-10
-2.0298913e-10
-2.0328801e-10
-2.0173911e-10
-2.0445654e-10
-2.0201085e-10
-2.0614131e-10
-2.0241847e-10
-2.0179348e-10
-2.0252715e-10
-1.9991846e-10
-2.0358697e-10
-2.0073367e-10
-2.0513585e-10
-2.0334238e-10
-2.0016304e-10
-2.0494566e-10
-2.0260869e-10
-2.0328804e-10
-2.0220108e-10
-1.9902173e-10
-2.0127716e-10
-2.0399456e-10
-2.0407606e-10
-2.0122283e-10
-2.0263587e-10
-2.017935e-10
-2.0399459e-10
-2.0149456e-10
-2.018206e-10
-2.0277173e-10
-2.0369563e-10
-2.0263584e-10
-2.0366846e-10
-1.9953805e-10
-2.0171194e-10
-1.9907608e-10
-2.0135868e-10
-2.0288043e-10
-2.0241848e-10
-2.0366846e-10
-2.0366846e-10
-2.0317935e-10
-2.0032606e-10
-2.0638588e-10
-2.0114128e-10
-2.0244562e-10
-2.0165761e-10
-2.0019018e-10
-2.0413039e-10
-2.0345108e-10
-2.0220106e-10
-2.0228259e-10
-2.0671194e-10
-2.0247282e-10
-2.0086956e-10
-2.0027174e-10
-2.0201085e-10
-2.0288043e-10
-2.0089677e-10
-2.0152173e-10
-2.0157605e-10
-2.0130436e-10
-2.0326085e-10
-1.9997283e-10
-1.9972825e-10
-2.0203803e-10
-2.0173915e-10
-2.0228255e-10
-2.0138587e-10
-2.0076084e-10
-2.0288043e-10
-2.0097825e-10
-2.0217393e-10
-2.0203805e-10
-2.015489e-10
-2.0065218e-10
-2.0220108e-10
-2.0032609e-10
-1.9894023e-10
-2.0111413e-10
-2.0315215e-10
-2.0255432e-10
-2.0089674e-10
-2.0345109e-10
-2.0040761e-10
-2.0241847e-10
-2.0230978e-10
-2.009239e-10
-2.0119566e-10
-2.0122284e-10
-2.0415759e-10
-2.0179346e-10
-2.0361411e-10
-2.0423911e-10
-2.0195649e-10
-2.0067932e-10
-2.0345108e-10
-2.0290758e-10
-2.0220103e-10
-2.0048911e-10
-2.0070651e-10
-2.023913e-10
-2.0404892e-10
-2.0461959e-10
-2.0323368e-10
-2.0288043e-10
-2.0222826e-10
-2.0160328e-10
-2.0040759e-10
-2.0111413e-10
-2.0269023e-10
-2.0198368e-10
-2.0358694e-10
-2.0149456e-10
-2.0201085e-10
-2.0173911e-10
-2.0423911e-10
-2.0410326e-10
-2.0152176e-10
-2.0206521e-10
-2.0209236e-10
-2.0165761e-10
-2.0046195e-10
-2.0073367e-10
-2.025e-10
-2.0271738e-10
-2.0100542e-10
-2.0092392e-10
-2.033152e-10
-2.0114131e-10
-2.0152173e-10
-1.9888588e-10
-2.0114128e-10
-2.0222825e-10
-2.059239e-10
-2.0407608e-10
-2.0108694e-10
-2.0320653e-10
-2.0157609e-10
-2.0154892e-10
-2.0138588e-10
-2.0320652e-10
-2.0282609e-10
-2.0116847e-10
-2.0168474e-10
-2.005163e-10
-2.0451084e-10
-2.0206521e-10
-2.0497283e-10
-2.030978e-10
-2.0122283e-10
-2.0171194e-10
-2.0206518e-10
-2.0372282e-10
-2.0478261e-10
-2.0228259e-10
-2.046467e-10
-2.0222828e-10
-2.0326085e-10
-2.0290762e-10
-1.9937499e-10
-2.0347823e-10
-2.023913e-10
-2.0402173e-10
-2.0146738e-10
-2.0081518e-10
-2.011685e-10
-2.0326087e-10
-2.0285323e-10
-2.0154889e-10
-2.0402174e-10
-2.0584237e-10
-2.0163042e-10
-2.0323368e-10
-2.0157608e-10
-2.0350545e-10
-2.0323369e-10
-2.0135872e-10
-2.029891e-10
-2.0105979e-10
-2.0402173e-10
-2.0163045e-10
-2.0519024e-10
-2.0244566e-10
-1.9983695e-10
-2.0309779e-10
-2.0269021e-10
-2.0317931e-10
-2.0220108e-10
-2.0141303e-10
-2.0391304e-10
-2.0353259e-10
-2.0307063e-10
-2.0105977e-10
-2.0532606e-10
-2.0293477e-10
-2.0043478e-10
-2.0404889e-10
-2.0326087e-10
-2.0260869e-10
-2.0288042e-10
-2.0288042e-10
-2.0097823e-10
-2.0445654e-10
-2.0124999e-10
-2.0483694e-10
-2.0339672e-10
-2.0062499e-10
-2.0581523e-10
-2.0350542e-10
-2.0274454e-10
-2.0002719e-10
-2.0442936e-10
-2.0258152e-10
-2.0453803e-10
-2.0377719e-10
-2.0334241e-10
-2.0293477e-10
-2.0383152e-10
-2.0285323e-10
-1.9932064e-10
-2.033967e-10
-2.0355978e-10
-2.0290758e-10
-1.9907606e-10
-2.0160326e-10
-2.0190216e-10
-2.0320649e-10
-2.0334234e-10
-2.0282606e-10
-2.0328805e-10
-2.0380433e-10
-2.0057063e-10
-2.0432066e-10
-2.0304346e-10
-1.9964673e-10
-2.0201087e-10
-2.0307066e-10
-2.0048914e-10
-2.0043478e-10
-2.0304346e-10
-2.0241847e-10
-1.9902173e-10
-2.033967e-10
-2.0440216e-10
-2.026902e-10
-2.0073367e-10
-2.0152173e-10
-2.0105977e-10
-2.0258151e-10
-2.0160323e-10
-1.9923911e-10
-2.0195652e-10
-2.0448368e-10
-2.0372283e-10
-2.0288046e-10
-1.9807063e-10
-2.0326082e-10
-2.0342393e-10
-2.0233695e-10
-2.0255436e-10
-2.0127716e-10
-2.0255432e-10
-2.0163042e-10
-2.0078803e-10
-2.0163042e-10
-2.0024456e-10
-2.0217389e-10
-2.0249999e-10
-2.017663e-10
-2.0035326e-10
-2.0114128e-10
-2.0445649e-10
-2.0059784e-10
-2.0198367e-10
-2.0089672e-10
-2.0228259e-10
-1.9994569e-10
-2.0160323e-10
-2.0076084e-10
-2.0461953e-10
-2.0394018e-10
-2.0255433e-10
-2.0285325e-10
-2.0095108e-10
-2.029891e-10
-2.0119564e-10
-2.0288042e-10
-2.0135867e-10
-1.999456e-10
-2.0334241e-10
-2.0277172e-10
-2.0317935e-10
-2.0312499e-10
-2.0168475e-10
-2.0315215e-10
-2.0260869e-10
-2.0173913e-10
-2.0266303e-10
-2.0249999e-10
-2.002717e-10
-2.0274454e-10
-1.9978259e-10
-2.0249999e-10
-2.0152173e-10
-2.0752715e-10
-2.0236414e-10
-2.0054348e-10
-2.0225545e-10
-2.0429347e-10
-2.0380435e-10
-2.0451084e-10
-2.005163e-10
-2.0404889e-10
-2.0127713e-10
-2.0222825e-10
-1.9937497e-10
-2.0241847e-10
-2.0206521e-10
-2.0040759e-10
-2.0347826e-10
-2.0157608e-10
-2.0225541e-10
-2.0464672e-10
-2.0633151e-10
-2.0619564e-10
-2.0741847e-10
-2.0277176e-10
-2.064402e-10
-2.033967e-10
-2.0364128e-10
-2.0467392e-10
-2.0543477e-10
-2.0573371e-10
-2.0355982e-10
-2.0399454e-10
-2.0366846e-10
-2.0429347e-10
-2.0456521e-10
-2.0190216e-10
-2.0486411e-10
-2.0249999e-10
-2.0429346e-10
-2.0532608e-10
-2.0546197e-10
-2.0347822e-10
-2.0350542e-10
-2.0470106e-10
-2.0146743e-10
-2.0258152e-10
-2.0345108e-10
-2.0089674e-10
-2.0502715e-10
-2.0211954e-10
-2.0260868e-10
-2.0100539e-10
-2.0459238e-10
-2.0290762e-10
-2.0358694e-10
-2.015489e-10
-2.0165759e-10
-2.0312502e-10
-2.0285323e-10
-2.0307064e-10
-2.0429346e-10
-2.0331523e-10
-2.0266304e-10
-2.0372286e-10
-2.033152e-10
-2.0206523e-10
-2.0184783e-10
-2.0222826e-10
-2.0144021e-10
-2.0323367e-10
-2.0135869e-10
-2.0475543e-10
-2.0331523e-10
-2.0480975e-10
-2.0043478e-10
-2.0350545e-10
-2.0538041e-10
-2.0163042e-10
-2.0089672e-10
-2.0345108e-10
-2.0576085e-10
-2.0461959e-10
-1.9989131e-10
-2.0396737e-10
-2.0190216e-10
-2.0372282e-10
-2.0062499e-10
-2.0258152e-10
-1.9913043e-10
-2.0475542e-10
-2.0391304e-10
-2.0171194e-10
-2.0146738e-10
-2.0494563e-10
-2.0252715e-10
-2.0263587e-10
-2.0171197e-10
-2.0524456e-10
-2.0290761e-10
-2.0442932e-10
-2.0111413e-10
-2.031522e-10
-2.0149456e-10
-2.0448365e-10
-2.0374996e-10
-2.0361411e-10
-1.9997283e-10
-2.0353259e-10
-2.0217387e-10
-2.0152176e-10
-2.0415759e-10
-2.0288042e-10
-2.0301627e-10
-2.0486414e-10
-1.995652e-10
-2.0168479e-10
-2.0179346e-10
-2.01875e-10
-2.0198368e-10
-2.0372283e-10
-2.0315215e-10
-2.0184779e-10
-2.0244563e-10
-2.0301627e-10
-2.0228258e-10
-2.029891e-10
-1.9779886e-10
-2.0103261e-10
-2.0230978e-10
-2.0451084e-10
-2.0339674e-10
-2.0342393e-10
-2.0445655e-10
-2.0380433e-10
-2.0345108e-10
-1.9937495e-10
-2.0605977e-10
-2.0089673e-10
-2.040761e-10
-2.014402e-10
-2.0048914e-10
-2.0282606e-10
-2.0195649e-10
-2.0323368e-10
-2.0127716e-10
-2.0475541e-10
-2.0010871e-10
-2.0184782e-10
-2.0304346e-10
-1.9760869e-10
-2.0336953e-10
-2.0108695e-10
-2.0157609e-10
-2.0472825e-10
-2.0070651e-10
-2.0366844e-10
-2.0282609e-10
-2.0388588e-10
-2.0225543e-10
-2.0163045e-10
-2.0233695e-10
-2.0184779e-10
-2.0288042e-10
-2.0005435e-10
-2.0152173e-10
-2.0160326e-10
-2.0095106e-10
-2.0171192e-10
-2.0312498e-10
-2.0350542e-10
-2.0298913e-10
-2.0230977e-10
-2.0149456e-10
-2.026902e-10
-2.0279892e-10
-2.0035325e-10
-2.0440218e-10
-2.0326088e-10
-2.0557063e-10
-2.0440216e-10
-2.0130435e-10
-2.0057066e-10
-2.0165759e-10
-2.0491846e-10
-1.9951087e-10
-2.0377715e-10
-2.036413e-10
-2.0244563e-10
-2.0380433e-10
-2.0309783e-10
-2.0249998e-10
-2.0160326e-10
-2.0326085e-10
-2.0312496e-10
-2.0296195e-10
-2.0342386e-10
-2.0206518e-10
-2.0307063e-10
-2.0135867e-10
-2.0179348e-10
-2.0464672e-10
-2.0051628e-10
-2.0317933e-10
-2.0274457e-10
-2.0198368e-10
-2.0263587e-10
-2.0426628e-10
-2.0203803e-10
-2.0464673e-10
-2.0432062e-10
-2.011685e-10
-2.0192935e-10
-2.0002719e-10
-2.029891e-10
-2.008696e-10
-2.0320653e-10
-2.0244563e-10
-2.008424e-10
-2.0252715e-10
-2.0312498e-10
-2.0144021e-10
-2.0404889e-10
-2.0100545e-10
-2.0448368e-10
-2.0130435e-10
-2.0516301e-10
-2.0062496e-10
-2.0315215e-10
-2.0230977e-10
-2.0059777e-10
-2.0521738e-10
-2.0040761e-10
-2.017663e-10
-2.0407608e-10
-2.0421197e-10
-2.0432066e-10
-2.009239e-10
-2.0630435e-10
-2.0293477e-10
-2.0445654e-10
-2.0027176e-10
-2.0290762e-10
-2.0374999e-10
-2.0271738e-10
-2.0391303e-10
-1.9964673e-10
-2.0217389e-10
-1.9942935e-10
-2.0171192e-10
-2.0203805e-10
-2.0201089e-10
-2.0149456e-10
-1.9902174e-10
-2.0326085e-10
-2.0220108e-10
-2.0163042e-10
-2.0269021e-10
-2.0021741e-10
-2.0168478e-10
-2.0070652e-10
-2.0154889e-10
-2.017663e-10
-2.0244563e-10
-2.0043478e-10
-2.0105979e-10
-2.0236415e-10
-2.0114133e-10
-2.039674e-10
-2.0051626e-10
-2.0236411e-10
-2.0173911e-10
-2.0173913e-10
-2.0472823e-10
-1.9978259e-10
-2.029891e-10
-2.0269021e-10
-2.0350539e-10
-2.0339672e-10
-2.0288042e-10
-1.9972822e-10
-2.0225543e-10
-2.036141e-10
-1.9937499e-10
-2.0394021e-10
-2.0296195e-10
-2.0467388e-10
-2.0103261e-10
-2.0190215e-10
-2.0228262e-10
-2.0067936e-10
-2.0437498e-10
-2.0508154e-10
-2.0233695e-10
-2.0372283e-10
-2.0540761e-10
-2.0652173e-10
-2.0032608e-10
-2.0304344e-10
-2.0296195e-10
-2.0258149e-10
-2.0385869e-10
-2.0293481e-10
-2.0249999e-10
-2.0222825e-10
-2.0279887e-10
-2.0144024e-10
-2.029891e-10
-2.0157609e-10
-2.0380433e-10
-2.0211956e-10
-2.0149456e-10
-2.0383151e-10
-2.0502716e-10
-2.0562499e-10
-2.0407606e-10
-2.0065218e-10
-2.0407608e-10
-2.0445654e-10
-2.021467e-10
-2.0163042e-10
-2.0239133e-10
-2.0100542e-10
-2.0535326e-10
-2.0141305e-10
-2.0372286e-10
-2.0282606e-10
-2.0255436e-10
-2.05625e-10
-2.009239e-10
-2.0394023e-10
-2.0209237e-10
-2.0027172e-10
-2.0119564e-10
-1.9913045e-10
-2.0111408e-10
-2.0076085e-10
-2.0440218e-10
-2.03288e-10
-2.0326088e-10
-2.0108697e-10
-2.0247282e-10
-2.0057063e-10
-2.0285328e-10
-2.0225541e-10
-2.0274457e-10
-2.030978e-10
-2.0081521e-10
-2.0277173e-10
-2.0187502e-10
-2.0236408e-10
-2.0073365e-10
-2.0331523e-10
-2.026902e-10
-2.0366844e-10
-2.0127713e-10
-2.0016301e-10
-2.0168478e-10
-2.0130431e-10
-2.0312499e-10
-2.0105977e-10
-2.0217387e-10
-2.0307063e-10
-2.04375e-10
-2.0165761e-10
-1.9967392e-10
-2.0149457e-10
-2.0184783e-10
-2.0317931e-10
-2.0290761e-10
-2.0345109e-10
-2.0554347e-10
-2.0032608e-10
-2.0135868e-10
-2.0434783e-10
-2.0296198e-10
-2.027174e-10
-2.0293477e-10
-2.0241848e-10
-2.04375e-10
-2.055163e-10
-2.0236411e-10
-2.0429348e-10
-2.0228258e-10
-2.0394024e-10
-2.0315216e-10
-2.0135869e-10
-2.0546195e-10
-2.0092393e-10
-2.0176631e-10
-2.0336953e-10
-2.0347823e-10
-2.0282606e-10
-2.0182064e-10
-2.0323368e-10
-2.0135868e-10
-2.0421197e-10
-2.0679346e-10
-2.0135872e-10
-2.0236414e-10
-2.0418477e-10
-2.0307063e-10
-2.0323368e-10
-2.0236411e-10
-2.0203805e-10
-1.9989127e-10
-2.0347826e-10
-2.0323368e-10
-2.0228259e-10
-2.0225541e-10
-2.0201087e-10
-2.0230978e-10
-2.0209241e-10
-2.0510868e-10
-1.9915758e-10
-2.0336956e-10
-2.0171197e-10
-2.0527174e-10
-2.0760871e-10
-2.0076084e-10
-2.0103258e-10
-2.0054344e-10
-2.0182069e-10
-2.0399454e-10
-1.9888588e-10
-2.0505433e-10
-2.0249999e-10
-2.0358694e-10
-2.0315216e-10
-2.0315215e-10
-2.0160328e-10
-2.0157609e-10
-2.030978e-10
-2.0065215e-10
-1.9896737e-10
-2.0301631e-10
-2.0491846e-10
-2.0105977e-10
-2.0307064e-10
-2.0165761e-10
-2.0182063e-10
-2.0404889e-10
-2.0225541e-10
-2.01875e-10
-2.0203805e-10
-2.0320649e-10
-2.0358694e-10
-2.0347823e-10
-2.0317936e-10
-2.0472823e-10
-2.0326085e-10
-2.0163045e-10
-2.0217392e-10
-2.0391303e-10
-2.0358694e-10
-2.033152e-10
-2.0456524e-10
-2.0277176e-10
-1.9894018e-10
-2.0111413e-10
-2.0182063e-10
-2.0345105e-10
-2.0195652e-10
-2.0097823e-10
-2.0342389e-10
-2.0336956e-10
-2.0385869e-10
-2.009239e-10
-2.0187502e-10
-2.014402e-10
-2.0032606e-10
-2.0244563e-10
-2.0263587e-10
-2.0307064e-10
-2.0271736e-10
-2.0657608e-10
-2.0057066e-10
-2.0163041e-10
-2.0440213e-10
-2.0114133e-10
-2.0437499e-10
-1.9978259e-10
-2.0086956e-10
-2.0076084e-10
-1.9951087e-10
-2.0298914e-10
-2.0154889e-10
-2.0355978e-10
-2.0334237e-10
-2.0350545e-10
-2.0152173e-10
-1.9866844e-10
-2.0475542e-10
-1.9932062e-10
-2.0149457e-10
-2.0244563e-10
-2.0374995e-10
-2.024728e-10
-2.0111413e-10
-2.0209238e-10
-1.9964672e-10
-2.0429348e-10
-2.0293475e-10
-2.0133155e-10
-2.071467e-10
-2.0244566e-10
-2.0410325e-10
-2.0152176e-10
-2.0478259e-10
-2.0304346e-10
-2.0285329e-10
-2.0328805e-10
-2.0372282e-10
-2.0027172e-10
-2.0524453e-10
-2.0415759e-10
-2.0184779e-10
-2.0225541e-10
-2.05e-10
-2.0442935e-10
-2.0296195e-10
-2.0260868e-10
-2.0282605e-10
-2.0021737e-10
-2.0394021e-10
-2.0165759e-10
-2.0252715e-10
-2.0220108e-10
-2.0065218e-10
-2.0252719e-10
-2.0214676e-10
-2.0233697e-10
-2.0263587e-10
-2.0190216e-10
-2.0013587e-10
-2.0038042e-10
-2.0168478e-10
-2.015489e-10
-2.0168478e-10
-2.0328801e-10
-2.0114131e-10
-2.0122283e-10
-2.0312498e-10
-2.0209238e-10
-2.0369564e-10
-1.9970109e-10
-2.0081523e-10
-2.0369563e-10
-1.9961957e-10
-2.0187498e-10
-2.0402174e-10
-2.0154892e-10
-1.9926628e-10
-2.0152173e-10
-2.0138588e-10
-2.0266304e-10
-2.0038042e-10
-2.0285323e-10
-2.0225543e-10
-2.036141e-10
-2.0358693e-10
-2.0078807e-10
-2.00625e-10
-2.0228259e-10
-2.0385871e-10
-2.0470109e-10
-2.008424e-10
-2.0279892e-10
-2.0290761e-10
-2.0165761e-10
-2.0361411e-10
-2.0111413e-10
-2.0464676e-10
-2.0244563e-10
-2.0173911e-10
-2.0301627e-10
-1.992391e-10
-2.0165759e-10
-2.0130431e-10
-2.0190216e-10
-2.0179346e-10
-2.0366846e-10
-2.0355978e-10
-2.0168478e-10
-2.0127716e-10
-2.0097825e-10
-2.024728e-10
-2.0301633e-10
-2.0432064e-10
-2.0410322e-10
-2.027174e-10
-2.0100542e-10
-2.0135869e-10
-2.0260869e-10
-1.9986411e-10
-2.0203804e-10
-2.0456521e-10
-2.0108697e-10
-1.9940213e-10
-2.0108694e-10
-2.005163e-10
-2.0298913e-10
-2.0100545e-10
-2.0078803e-10
-2.0239128e-10
-2.0326085e-10
-2.0279886e-10
-2.0222826e-10
-2.0192933e-10
-2.0081518e-10
-2.0578803e-10
-2.0426633e-10
-1.9934783e-10
-2.0016301e-10
-2.0437499e-10
-2.0497282e-10
-2.0296195e-10
-2.0076088e-10
-2.0173911e-10
-2.0184783e-10
-2.0244563e-10
-2.0282606e-10
-2.008424e-10
-2.0192935e-10
-2.0171192e-10
-2.0230978e-10
-2.0266304e-10
-2.0198367e-10
-2.0255438e-10
-2.0190216e-10
-2.0271738e-10
-2.0100543e-10
-2.0228262e-10
-2.0355974e-10
-2.0192932e-10
-2.029891e-10
-1.9997282e-10
-2.0222825e-10
-2.0217387e-10
-2.0190216e-10
-2.0127716e-10
-2.0263587e-10
-2.0307064e-10
-2.0059782e-10
-2.0355975e-10
-2.0195652e-10
-2.0372283e-10
-2.0413045e-10
-2.0176631e-10
-2.0127713e-10
-2.0244563e-10
-1.9885869e-10
-2.0024456e-10
-2.0241847e-10
-2.0179344e-10
-2.0777169e-10
-1.9907608e-10
-2.0388584e-10
-2.0160326e-10
-2.0222825e-10
-2.0388584e-10
-2.0263587e-10
-2.0133151e-10
-2.0157608e-10
-2.0105981e-10
-2.0336952e-10
-2.0217392e-10
-1.9980977e-10
-2.0179344e-10
-2.0005433e-10
-2.0361413e-10
-2.0315218e-10
-2.0165759e-10
-2.0100542e-10
-2.0149457e-10
-2.0410325e-10
-2.023913e-10
-2.0157609e-10
-2.0475542e-10
-2.0375002e-10
-2.0214674e-10
-2.0429348e-10
-2.0051631e-10
-2.0252715e-10
-2.0070652e-10
-2.0293479e-10
-2.0089673e-10
-2.0239133e-10
-2.0084237e-10
-2.0347823e-10
-2.0345112e-10
-2.0116846e-10
-2.0103258e-10
-2.0119564e-10
-2.0086956e-10
-2.0331523e-10
-2.0054348e-10
-2.0062499e-10
-2.015217e-10
-2.0100542e-10
-2.0263588e-10
-2.0165757e-10
-2.0282606e-10
-2.0271741e-10
-2.0179346e-10
-2.0290762e-10
-2.0339672e-10
-2.0258152e-10
-2.0480977e-10
-2.0532609e-10
-2.0274454e-10
-2.0451087e-10
-2.0358694e-10
-2.0146738e-10
-2.0453803e-10
-2.0608697e-10
-2.0024453e-10
-2.0184782e-10
-2.0182064e-10
-2.0260869e-10
-2.0247282e-10
-2.0163041e-10
-2.0502719e-10
-2.0271736e-10
-2.029891e-10
-2.0285325e-10
-2.0222825e-10
-2.0149457e-10
-2.0285323e-10
-2.0244562e-10
-2.0293477e-10
-2.0347826e-10
-2.0217389e-10
-2.0274457e-10
-2.0173908e-10
-2.0383151e-10
-2.0440216e-10
-2.0046197e-10
-2.0296195e-10
-2.0336952e-10
-2.0176631e-10
-2.015489e-10
-2.0171194e-10
-2.0173913e-10
-2.064674e-10
-2.0005433e-10
-1.998913e-10
-2.0152173e-10
-2.0266303e-10
-2.0239128e-10
-2.0323369e-10
-2.043478e-10
-2.0377715e-10
-2.0214673e-10
-1.9980977e-10
-1.9937497e-10
-2.0274457e-10
-2.0535328e-10
-2.0524456e-10
-2.0312498e-10
-2.008424e-10
-2.0201087e-10
-2.0105977e-10
-2.0323368e-10
-2.0309783e-10
-2.0312502e-10
-2.0415758e-10
-2.0336959e-10
-1.9953802e-10
-2.0418478e-10
-2.0228262e-10
-2.0135868e-10
-2.0328804e-10
-2.0100543e-10
-2.0086954e-10
-2.0179346e-10
-1.9880438e-10
-2.0119566e-10
-2.0350545e-10
-2.0250003e-10
-2.0394018e-10
-2.048913e-10
-2.0271738e-10
-2.0225541e-10
-2.0244563e-10
-2.0171197e-10
-2.0315218e-10
-1.9975543e-10
-2.0334238e-10
-2.0008149e-10
-1.9999997e-10
-2.028261e-10
-2.0255436e-10
-2.0315216e-10
-2.0149457e-10
-2.0396737e-10
-2.0288043e-10
-2.0445654e-10
-2.0271736e-10
-2.0103258e-10
-2.0241844e-10
-2.0263584e-10
-1.9972823e-10
-2.017663e-10
-2.0054344e-10
-2.0271734e-10
-2.0328801e-10
-2.0524453e-10
-2.0464676e-10
-2.0307063e-10
-2.0201085e-10
-2.0263587e-10
-2.0361411e-10
-2.0372282e-10
-2.0244563e-10
-2.0160323e-10
-2.0228258e-10
-2.0154889e-10
-2.0184782e-10
-2.0296195e-10
-2.0369563e-10
-2.0592388e-10
-2.0165761e-10
-2.0152172e-10
-1.9937499e-10
-2.0228259e-10
-2.0163045e-10
-2.0391304e-10
-2.0135868e-10
-2.0141301e-10
-2.0182064e-10
-2.0342386e-10
-2.009239e-10
-2.0453803e-10
-2.0103261e-10
-2.0182064e-10
-2.0336957e-10
-2.0046195e-10
-2.0076088e-10
-2.0277173e-10
-1.9983694e-10
-2.0111408e-10
-2.0339677e-10
-1.9972823e-10
-2.0211957e-10
-2.0385867e-10
-2.0309784e-10
-2.0288039e-10
-2.0347823e-10
-2.0309779e-10
-2.0149457e-10
-2.0130432e-10
-2.0293477e-10
-1.9942931e-10
-2.027989e-10
-2.011685e-10
-2.0339672e-10
-1.9945653e-10
-2.0081523e-10
-2.008424e-10
-2.015217e-10
-2.0160323e-10
-2.0135868e-10
-2.0146738e-10
-2.0054347e-10
-2.0073367e-10
-2.0502716e-10
-2.0290762e-10
-2.0244562e-10
-2.0198368e-10
-2.0432062e-10
-2.0233692e-10
-2.0048914e-10
-2.0171194e-10
-2.0203803e-10
-2.0127716e-10
-2.0328807e-10
-2.0413043e-10
-2.0239128e-10
-1.9923911e-10
-2.0505435e-10
-2.0233695e-10
-2.0217389e-10
-2.0070647e-10
-2.0432064e-10
-2.002717e-10
-2.0413043e-10
-2.0040758e-10
-2.0225543e-10
-2.0097823e-10
-2.0277176e-10
-2.0464672e-10
-2.0198368e-10
-1.9888588e-10
-2.0100539e-10
-2.0271738e-10
-2.0266303e-10
-2.0369563e-10
-2.0046195e-10
-2.0279887e-10
-2.0413043e-10
-2.0078807e-10
-2.0097823e-10
-1.9961953e-10
-2.0350545e-10
-2.023913e-10
-2.0361411e-10
-2.0078804e-10
-2.001902e-10
-2.0084237e-10
-2.0073369e-10
-1.9972825e-10
-2.0244563e-10
-2.0383151e-10
-2.0040759e-10
-2.0217389e-10
-2.0021738e-10
-2.0307064e-10
-2.0236411e-10
-2.0255433e-10
-2.0336953e-10
-2.0418478e-10
-2.0184779e-10
-2.0230978e-10
-2.0252713e-10
-2.0326087e-10
-2.0336956e-10
-2.0105977e-10
-2.0152172e-10
-2.0364128e-10
-2.0271738e-10
-2.0081521e-10
-2.0008152e-10
-2.0065219e-10
-1.9899458e-10
-1.9942932e-10
-2.0130435e-10
-1.9853259e-10
-2.0152172e-10
-1.9915762e-10
-2.0233697e-10
-2.0065219e-10
-2.0263588e-10
-1.9956517e-10
-2.0336956e-10
-2.014402e-10
-2.0008149e-10
-2.0027172e-10
-2.0116846e-10
-2.0035322e-10
-1.9978259e-10
-2.0173908e-10
-2.0203804e-10
-2.0334238e-10
-2.0078803e-10
-2.0453803e-10
-2.0141301e-10
-2.0057066e-10
-2.0048911e-10
-2.0407608e-10
-2.0073367e-10
-1.9853259e-10
-2.0355978e-10
-2.0108694e-10
-2.0448372e-10
-2.0222825e-10
-2.0222822e-10
-2.0105979e-10
-2.0103262e-10
-2.0097825e-10
-2.0119566e-10
-2.0076089e-10
-1.9782605e-10
-2.026902e-10
-2.0230977e-10
-1.992391e-10
-2.0173913e-10
-2.0130432e-10
-2.0326085e-10
-2.0366848e-10
-2.0445651e-10
-2.0328804e-10
-2.0453803e-10
-2.00625e-10
-2.0160326e-10
-2.0073369e-10
-2.0062496e-10
-2.0290761e-10
-2.024728e-10
-2.005978e-10
-2.0239128e-10
-2.0421194e-10
-2.0146737e-10
-2.0385869e-10
-2.0263588e-10
-2.0225543e-10
-2.0057066e-10
-2.0108691e-10
-1.9820652e-10
-2.0092392e-10
-2.0220108e-10
-2.0347822e-10
-2.0421195e-10
-2.0258149e-10
-2.0065218e-10
-2.0124999e-10
-2.029891e-10
-2e-10
-2.0429347e-10
-2.0125002e-10
-2.0103261e-10
-2.0290758e-10
-2.0345109e-10
-2.0100539e-10
-2.0453803e-10
-2.0383151e-10
-2.0005433e-10
-2.0538042e-10
-2.0035325e-10
-2.0119566e-10
-2.0054347e-10
-2.0255432e-10
-2.0114128e-10
-1.9970106e-10
-2.0336957e-10
-2.0448368e-10
-2.0190219e-10
-2.0252719e-10
-2.0315216e-10
-2.0421197e-10
-2.0035326e-10
-2.040761e-10
-1.9970109e-10
-2.0040761e-10
-2.039674e-10
-2.0423911e-10
-2.0130435e-10
-2.0173911e-10
-2.002989e-10
-1.9964672e-10
-2.008424e-10
-2.0342389e-10
-2.0127718e-10
-2.0228259e-10
-1.9972823e-10
-2.0209237e-10
-2.002989e-10
-2.0315216e-10
-2.0010871e-10
-2.0252719e-10
-2.034239e-10
-2.0214673e-10
-2.0130432e-10
-2.0146738e-10
-2.0410326e-10
-2.0168479e-10
-2.0429348e-10
-2.0323369e-10
-2.0119569e-10
-2.0252718e-10
-2.0402173e-10
-2.0320648e-10
-2.0277173e-10
-2.0326088e-10
-2.0086954e-10
-2.0429347e-10
-2.0241847e-10
-1.9899456e-10
-2.0260869e-10
-2.0076085e-10
-2.0070651e-10
-2.0086954e-10
-1.9820652e-10
-2.034239e-10
-2.0570651e-10
-2.0380432e-10
-2.0086956e-10
-2.0510868e-10
-2.0092387e-10
-1.9817935e-10
-2.0301631e-10
-1.9953801e-10
-2.0173911e-10
-2.0342393e-10
-2.0355974e-10
-2.0171194e-10
-2.0233697e-10
-2.0301628e-10
-2.0331523e-10
-2.0383148e-10
-2.0385869e-10
-2.0046195e-10
-2.0442935e-10
-2.0347828e-10
-2.0195653e-10
-2.0054347e-10
-2.0312499e-10
-1.9994564e-10
-2.0220108e-10
-1.9983694e-10
-2.0562499e-10
-2.0029893e-10
-2.0269017e-10
-2.012228e-10
-1.9910325e-10
-2.0152172e-10
-2.0323369e-10
-2.0111414e-10
-2.0182067e-10
-2.0374996e-10
-2.0236411e-10
-2.0347826e-10
-2.0274457e-10
-2.0168479e-10
-2.0317933e-10
-2.0127716e-10
-2.0228262e-10
-2.0361413e-10
-2.0130431e-10
-2.059239e-10
-2.0230977e-10
-2.0258152e-10
-2.0119564e-10
-2.037228e-10
-2.0361411e-10
-2.0269021e-10
-2.0285325e-10
-2.0043478e-10
-2.0285328e-10
-2.0043478e-10
-2.0065213e-10
-2.0168478e-10
-1.9877713e-10
-2.0211956e-10
-2.0171197e-10
-2.0464676e-10
-2.0152172e-10
-2.0192935e-10
-2.0035326e-10
-2.0176631e-10
-1.9777173e-10
-1.975e-10
-1.9994563e-10
-2.033152e-10
-1.9926628e-10
-2.0222825e-10
-2.021467e-10
-2.045652e-10
-2.0290758e-10
-2.0146737e-10
-2.0331518e-10
-2.0377718e-10
-2.0176631e-10
-2.0282606e-10
-2.0092387e-10
-2.0301627e-10
-2.0211957e-10
-2.0342389e-10
-2.0304347e-10
-2.0149457e-10
-2.0081517e-10
-2.0394018e-10
-1.9845108e-10
-2.0173915e-10
-1.9845109e-10
-2.0157609e-10
-2.0206521e-10
-1.999456e-10
-2.0236411e-10
-2.0347826e-10
-2.0421194e-10
-2.0040759e-10
-2.0334238e-10
-2.012228e-10
-2.0274457e-10
-2.0127718e-10
-2.0211954e-10
-2.0241844e-10
-2.0111415e-10
-2.0252715e-10
-2.0201087e-10
-2.0499998e-10
-2.0144021e-10
-2.0230977e-10
-2.0502715e-10
-2.052989e-10
-2.022011e-10
-2.0228259e-10
-2.0296195e-10
-2.0336957e-10
-1.9983694e-10
-2.0160323e-10
-2.023641e-10
-2.0328801e-10
-2.0418475e-10
-2.0182063e-10
-2.0375e-10
-2.0385867e-10
-2.0336956e-10
-2.0260869e-10
-2.0345108e-10
-2.0307066e-10
-2.027174e-10
-2.0065219e-10
-2.0130435e-10
-2.0152172e-10
-2.0187496e-10
-2.0133149e-10
-2.0127718e-10
-2.0230978e-10
-2.0415762e-10
-1.9823369e-10
-2.0105977e-10
-2.0323368e-10
-2.0328805e-10
-2.0163041e-10
-2.0211956e-10
-2.0576085e-10
-2.0353255e-10
-2.033152e-10
-2.0065218e-10
-2.0285328e-10
-2.015489e-10
-2.0282606e-10
-2.0282609e-10
-2.0182063e-10
-2.0445649e-10
-2.0421195e-10
-1.9986411e-10
-2.0358694e-10
-2.00625e-10
-2.0307064e-10
-2.0440216e-10
-1.9896736e-10
-2.0421195e-10
-2.0184782e-10
-2.0328801e-10
-2.0233695e-10
-2.0103261e-10
-2.0203803e-10
-2.0334237e-10
-2.058424e-10
-2.008424e-10
-2.0383151e-10
-2.0440218e-10
-2.0331523e-10
-2.0190219e-10
-2.039674e-10
-2.014402e-10
-2.0244566e-10
-2.0347826e-10
-2.0301628e-10
-2.0187498e-10
-2.0179348e-10
-2.033152e-10
-2.0100542e-10
-2.0179346e-10
-2.0497283e-10
-2.0206521e-10
-2.0513585e-10
-2.022011e-10
-2.005163e-10
-2.0271736e-10
-2.0263588e-10
-2.0065215e-10
-2.0413041e-10
-2.0010871e-10
-2.0385869e-10
-2.0250003e-10
-2.033967e-10
-2.0065215e-10
-2.0201089e-10
-2.0206523e-10
-2.0296195e-10
-2.0288042e-10
-2.004891e-10
-2.0252718e-10
-2.0320652e-10
-2.0285325e-10
-2.0249998e-10
-2.0328805e-10
-2.0296194e-10
-2.0241847e-10
-2.0394021e-10
-1.9885869e-10
-2.0233697e-10
-2.0195652e-10
-2.0475542e-10
-2.0413043e-10
-2.0345108e-10
-2.0176634e-10
-2.0282606e-10
-2.0187498e-10
-2.0211956e-10
-2.0211956e-10
-2.0141305e-10
-2.0288042e-10
-2.0442935e-10
-2e-10
-2.0413041e-10
-2.0119562e-10
-2.014402e-10
-2.0358694e-10
-2.0241844e-10
-2.0260871e-10
-2.0279892e-10
-2.0141301e-10
-2.0334234e-10
-2.0288042e-10
-2.0230978e-10
-2.0190219e-10
-2.0380433e-10
-2.0065218e-10
-2.0184783e-10
-1.9937497e-10
-2.037228e-10
-2.0244566e-10
-2.0211956e-10
-2.0184782e-10
-2.0217393e-10
-2.0470109e-10
-2.0377718e-10
-2.0312498e-10
-2.0103261e-10
-2.0179348e-10
-2.0062503e-10
-2.0111414e-10
-2.0198368e-10
-2.027989e-10
-2.0190215e-10
-2.0342389e-10
-2.0328805e-10
-2.0211954e-10
-2.0054348e-10
-2.021467e-10
-2.0184782e-10
-2.0388588e-10
-2.0312498e-10
-2.021467e-10
-2.0217392e-10
-2.0146737e-10
-2.0263582e-10
-1.9907608e-10
-2.0445651e-10
-2.0263587e-10
-2.0486413e-10
-2.002717e-10
-1.9951087e-10
-2.026902e-10
-2.0334237e-10
-2.0296195e-10
-2.0220108e-10
-2.037228e-10
-2.0535326e-10
-2.0247282e-10
-2.0108695e-10
-2.0005433e-10
-2.0456521e-10
-2.0557063e-10
-2.0277172e-10
-1.9831523e-10
-2.042663e-10
-2.0478261e-10
-2.0519023e-10
-2.0138587e-10
-2.0521737e-10
-2.0067932e-10
-2.0285323e-10
-2.0214673e-10
-2.0377718e-10
-2.0413041e-10
-2.0040759e-10
-2.0182064e-10
-2.009239e-10
-2.0078807e-10
-2.0211956e-10
-2.0429348e-10
-2.0304347e-10
-2.046739e-10
-2.0391304e-10
-2.0353257e-10
-2.0182067e-10
-2.0165761e-10
-1.9994563e-10
-2.0277176e-10
-2.0100543e-10
-2.0334237e-10
-2.0182064e-10
-2.0394023e-10
-2.0317933e-10
-2.0135868e-10
-2.0187502e-10
-1.9964677e-10
-1.9945651e-10
-2.027989e-10
-2.0184783e-10
-2.0146738e-10
-2.0163038e-10
-2.0347826e-10
-2.0239128e-10
-2.0154889e-10
-2.043478e-10
-2.0274457e-10
-2.0274454e-10
-2.0255432e-10
-2.0144018e-10
-2.0059782e-10
-2.0236411e-10
-1.9714674e-10
-2.0057066e-10
-2.0005431e-10
-2.0214673e-10
-2.0005433e-10
-2.015489e-10
-2.004891e-10
-2.0021737e-10
-1.9910325e-10
-2.0133155e-10
-2.0355975e-10
-2.0323368e-10
-2.0315216e-10
-2.00625e-10
-2.0328804e-10
-2.0353259e-10
-2.0163041e-10
-2.0171198e-10
-2.0282606e-10
-2.0274454e-10
-2.0141303e-10
-1.9956521e-10
-2.0317935e-10
-2.0410325e-10
-2.017663e-10
-1.9940218e-10
-2.0095108e-10
-2.0160323e-10
-2.046739e-10
-2.027445e-10
-2.0298914e-10
-2.009239e-10
-2.0274457e-10
-2.0258151e-10
-1.9826085e-10
-2.0312502e-10
-2.0078801e-10
-2.0277173e-10
-2.0176627e-10
-2.0252718e-10
-2.0105977e-10
-2.0255432e-10
-2.0421195e-10
-2.0035326e-10
-2.0464673e-10
-2.0084237e-10
-2.0168478e-10
-2.0016304e-10
-2.036413e-10
-2.0263587e-10
-2.0260868e-10
-2.0108695e-10
-2.0100543e-10
-2.0331518e-10
-2.037228e-10
-2.0388585e-10
-2.0228262e-10
-2.0127718e-10
-2.0293477e-10
-2.0081521e-10
-2.0192933e-10
-2.0230978e-10
-2.0258151e-10
-2.0285328e-10
-2.0241847e-10
-2.0336957e-10
-2.0187502e-10
-2.0421195e-10
-2.0377715e-10
-2.0277173e-10
-2.0263587e-10
-1.9978259e-10
-2.0448368e-10
-2.0057066e-10
-2.0301627e-10
-2.0021737e-10
-2.0410325e-10
-2.0146737e-10
-2.0366846e-10
-2.0228259e-10
-2.0054347e-10
-2.0225541e-10
-2.0266301e-10
-2.0089673e-10
-2.0198367e-10
-2.0353259e-10
-2.0374996e-10
-2.0198367e-10
-2.0059782e-10
-2.0453805e-10
-2.0307066e-10
-2.0089673e-10
-2.0239128e-10
-2.0114131e-10
-2.0448369e-10
-2.0260868e-10
-2.0217389e-10
-2.0173913e-10
-2.009239e-10
-2.0195648e-10
-2.042391e-10
-2.0301627e-10
-2.0304347e-10
-2.0179348e-10
-2.0070652e-10
-2.0217389e-10
-2.0179346e-10
-2.0057067e-10
-2.0076084e-10
-2.014402e-10
-2.0608694e-10
-2.0130432e-10
-2.0130436e-10
-2.0342389e-10
-2.0326085e-10
-2.0103261e-10
-2.036685e-10
-2.0119566e-10
-2.043478e-10
-2.0029889e-10
-2.0535325e-10
-2.023641e-10
-2.0013587e-10
-2.0266303e-10
-1.9872282e-10
-2.0154892e-10
-2.0239128e-10
-2.0076088e-10
-2.0567933e-10
-2.0304346e-10
-2.033152e-10
-2.0187502e-10
-2.0282609e-10
-2.0239133e-10
-1.996739e-10
-2.0195649e-10
-1.9858697e-10
-1.9994564e-10
-2.0323369e-10
-1.9904889e-10
-2.0195649e-10
-2.0244563e-10
-2.0285325e-10
-1.9956521e-10
-2.0228259e-10
-2.0127713e-10
-2.0038045e-10
-2.040217e-10
-1.9937497e-10
-2.0206521e-10
-1.9758152e-10
-2.0448368e-10
-2.0100542e-10
-2.0315218e-10
-2.0540758e-10
-2.0260868e-10
-2.0429347e-10
-2.0127713e-10
-2.0399456e-10
-2.0198371e-10
-2.028261e-10
-2.0293475e-10
-2.0076088e-10
-2.0315216e-10
-2.0361413e-10
-2.0385869e-10
-2.0339676e-10
-2.0307064e-10
-2.0315218e-10
-2.033152e-10
-2.0111414e-10
-2.0114131e-10
-2.0182064e-10
-1.9850541e-10
-2.0524453e-10
-2.0103261e-10
-2.0108694e-10
-2.0494564e-10
-2.0222825e-10
-2.0089674e-10
-2.0249999e-10
-2.0249999e-10
-2.0470109e-10
-2.0228259e-10
-2.0230977e-10
-2.0312496e-10
-2.0198371e-10
-2.0211952e-10
-1.9904889e-10
-2.0269021e-10
-2.0377715e-10
-2.0133151e-10
-2.0421197e-10
-2.0394021e-10
-2.034783e-10
-2.026902e-10
-2.0035328e-10
-2.0317935e-10
-2.0358693e-10
-2.0190216e-10
-2.0624999e-10
-2.022283e-10
-2.0461954e-10
-2.0394021e-10
-2.0201085e-10
-2.0266303e-10
-2.0149456e-10
-2.0157605e-10
-2.0385867e-10
-2.0057063e-10
-2.0016305e-10
-2.0173911e-10
-2.0249998e-10
-2.0179346e-10
-2.0076084e-10
-2.0214674e-10
-2.0244563e-10
-2.0374996e-10
-2.0355979e-10
-2.0413041e-10
-2.0377718e-10
-2.0429346e-10
-2.0203803e-10
-2.0062503e-10
-2.0407606e-10
-2.0203803e-10
-2.0418481e-10
-2.0510871e-10
-2.0035325e-10
-2.0198371e-10
-2.0116843e-10
-2.0244567e-10
-2.0163042e-10
-2.0396737e-10
-2.0350541e-10
-2.0260871e-10
-2.0399459e-10
-2.0195649e-10
-2.0184782e-10
-2.0116846e-10
-2.0282606e-10
-1.9991846e-10
-2.055978e-10
-2.0383148e-10
-2.034239e-10
-2.0249998e-10
-2.0399459e-10
-2.0154892e-10
-2.0024456e-10
-2.0168475e-10
-2.0220108e-10
-1.9820652e-10
-2.0380435e-10
-2.0100542e-10
-2.0230974e-10
-2.0141303e-10
-2.0152172e-10
-2.0415759e-10
-2.0315216e-10
-2.034239e-10
-2.0241847e-10
-1.9937499e-10
-2.0211952e-10
-2.0203804e-10
-2.0437498e-10
-2.0046195e-10
-2.034239e-10
-2.0095106e-10
-2.0421195e-10
-2.0301633e-10
-2.0451088e-10
-2.0133151e-10
-2.0472828e-10
-2.0293477e-10
-2.0013587e-10
-2.0442935e-10
-2.0114127e-10
-2.0258151e-10
-2.0228259e-10
-1.9828804e-10
-2.0249999e-10
-2.0206523e-10
-2.0698368e-10
-2.0124999e-10
-1.9983694e-10
-2.0290758e-10
-2.0345108e-10
-2.0355979e-10
-2.0353259e-10
-2.0130436e-10
-2.0353261e-10
-2.0396741e-10
-2.0274454e-10
-2.0315216e-10
-2.0383151e-10
-2.0209243e-10
-2.0239128e-10
-2.0070648e-10
-2.0230977e-10
-2.0524453e-10
-2.0361415e-10
-2.0535325e-10
-2.0252718e-10
-2.0595112e-10
-2.0247282e-10
-2.0336953e-10
-2.0369564e-10
-2.0057063e-10
-2.0244562e-10
-2.0154889e-10
-2.0252715e-10
-2.0413043e-10
-2.0111414e-10
-2.027989e-10
-2.0513587e-10
-2.0290758e-10
-2.0046192e-10
-2.0383151e-10
-2.0092393e-10
-2.0070652e-10
-2.023641e-10
-2.0502715e-10
-2.0529889e-10
-2.0040763e-10
-2.0364134e-10
-1.9894021e-10
-2.0225539e-10
-2.015761e-10
-2.0086954e-10
-2.0453803e-10
-1.9910326e-10
-2.0366848e-10
-2.0076085e-10
-2.0347826e-10
-2.0225543e-10
-2.0478257e-10
-2.0339672e-10
-2.0535326e-10
-2.0288043e-10
-2.0263587e-10
-2.0532608e-10
-2.027174e-10
-2.0152172e-10
-2.0203798e-10
-2.042663e-10
-2.0641303e-10
-2.0157605e-10
-2.014674e-10
-2.0230974e-10
-2.0380433e-10
-2.0097825e-10
-2.0184783e-10
-2.0309783e-10
-2.0478259e-10
-2.0029889e-10
-2.0252715e-10
-2.0057066e-10
-2.0548911e-10
-2.0271738e-10
-1.9959238e-10
-2.045652e-10
-1.9850545e-10
-2.0440216e-10
-2.014402e-10
-2.0584241e-10
-2.0165761e-10
-2.0432064e-10
-2.0290761e-10
-2.0010871e-10
-2.0271736e-10
-2.0391307e-10
-2.0396737e-10
-2.0043477e-10
-2.0374999e-10
-2.0244563e-10
-1.986413e-10
-2.0163042e-10
-2.0076085e-10
-2.0358694e-10
-2.0464673e-10
-2.0510872e-10
-2.0141303e-10
-2.0244563e-10
-2.0252718e-10
-1.9894021e-10
-2.0236411e-10
-2.0355975e-10
-2.0222828e-10
-2.0040759e-10
-2.0190216e-10
-2.0182064e-10
-2.0203803e-10
-2.0391303e-10
-2.0252718e-10
-2.0108694e-10
-2.0201085e-10
-2.0201084e-10
-2.030435e-10
-1.9853263e-10
-2.0491848e-10
-2.0263584e-10
-2.0214674e-10
-2.0451084e-10
-2.0046192e-10
-2.0421194e-10
-2.0562496e-10
-2.0535325e-10
-2.0211956e-10
-2.0271736e-10
-2.029891e-10
-2.0057066e-10
-2.0353259e-10
-2.0054347e-10
-2.0146738e-10
-2.0073369e-10
-1.9983694e-10
-2.0290762e-10
-2.0013589e-10
-2.0372282e-10
-2.0288043e-10
-2.002717e-10
-2.0114131e-10
-2.0095106e-10
-2.0130436e-10
-2.0133151e-10
-2.0230977e-10
-2.0285323e-10
-2.0263587e-10
-2.0277169e-10
-2.015489e-10
-2.0611413e-10
-2.0160328e-10
-1.9994564e-10
-2.0086958e-10
-2.0404892e-10
-2.0127716e-10
-2.0119564e-10
-2.0016304e-10
-1.9956524e-10
-2.0269023e-10
-2.0220106e-10
-2.0312498e-10
-2.0369562e-10
-2.011141e-10
-2.0557059e-10
-2.0195649e-10
-2.0353257e-10
-1.9918475e-10
-2.0214674e-10
-1.9923914e-10
-1.9975543e-10
-2.0222828e-10
-2.0089672e-10
-2.0350546e-10
-2.002717e-10
-2.0505438e-10
-2.0029889e-10
-2.0067933e-10
-2.0453801e-10
-2.0062499e-10
-2.0086953e-10
-2.0024452e-10
-2.0415759e-10
-2.0062499e-10
-2.0173911e-10
-2.0339672e-10
-2.0214674e-10
-2.0108694e-10
-2.0293479e-10
-2.037228e-10
-2.0010867e-10
-2.0290761e-10
-1.973641e-10
-2.0124998e-10
-2.0249998e-10
-2.0168478e-10
-2.0114131e-10
-2.0043477e-10
-2.0168475e-10
-2.0010868e-10
-2.0285328e-10
-2.0516304e-10
-2.0073369e-10
-2.0176631e-10
-1.9994563e-10
-2.0320652e-10
-2.0326087e-10
-2.0076085e-10
-2.0282606e-10
-2.0103258e-10
-2.0372283e-10
-2.0519023e-10
-2.0486413e-10
-2.0095108e-10
-2.0122284e-10
-1.9986408e-10
-2.0021736e-10
-2.0149458e-10
-2.0220108e-10
-2.0225541e-10
-2.0258151e-10
-2.0366846e-10
-2.036413e-10
-2.0225541e-10
-2.0448369e-10
-2.0298914e-10
-2.0418477e-10
-2.027989e-10
-2.0173911e-10
-2.0081521e-10
-1.9961954e-10
-2.0290761e-10
-2.0198368e-10
-2.0285328e-10
-2.0138587e-10
-2.0497282e-10
-2.0252715e-10
-1.9880432e-10
-2.012228e-10
-1.9978257e-10
-2.0141305e-10
-2.0149456e-10
-2.0138588e-10
-2.026902e-10
-2.0440218e-10
-2.0168478e-10
-2.0535326e-10
-2.0027176e-10
-2.0282606e-10
-2.025e-10
-2.0190215e-10
-2.0249999e-10
