-2.9475807e-11
-2.5141129e-11
-3.3145157e-11
-2.7197581e-11
-2.8911292e-11
-2.7318548e-11
-3.368951e-11
-2.6592742e-11
-2.824597e-11
-2.9213711e-11
-3.1350804e-11
-2.5524194e-11
-3.2217742e-11
-2.6935485e-11
-2.8911293e-11
-3.0524191e-11
-2.6814516e-11
-3.0060485e-11
-2.7963709e-11
-2.9374999e-11
-3.3104838e-11
-2.8608872e-11
-3.0060482e-11
-2.8649194e-11
-2.9133064e-11
-3.3568547e-11
-2.8548388e-11
-3.092742e-11
-3.3145153e-11
-2.5141129e-11
-2.8951614e-11
-3.4012088e-11
-2.7056453e-11
-2.953629e-11
-2.8084679e-11
-2.9596776e-11
-2.7701614e-11
-3.0786287e-11
-2.5141129e-11
-2.8366936e-11
-2.5665322e-11
-3.1733866e-11
-2.7983872e-11
-2.8145162e-11
-2.6411292e-11
-2.8931453e-11
-3.0221776e-11
-2.9233872e-11
-2.7923388e-11
-2.8306453e-11
-2.9475807e-11
-2.7076614e-11
-3.0201612e-11
-2.6512096e-11
-3.3931448e-11
-2.7076614e-11
-3.2903222e-11
-2.4556452e-11
-3.058467e-11
-3.0383061e-11
-2.7157259e-11
-3.2258068e-11
-2.5766129e-11
-3.4213708e-11
-2.6673387e-11
-2.8911292e-11
-2.858871e-11
-2.5362904e-11
-3.195564e-11
-2.6955646e-11
-3.1733869e-11
-2.6693548e-11
-2.8689516e-11
-2.9213711e-11
-2.6875e-11
-2.6673387e-11
-2.9899194e-11
-2.6915322e-11
-2.8608872e-11
-2.953629e-11
-2.8689516e-11
-2.8951614e-11
-2.4717742e-11
-3.3729835e-11
-2.5141129e-11
-2.8750002e-11
-2.5201613e-11
-3.1491931e-11
-3.1088708e-11
-2.8689516e-11
-3.2137095e-11
-2.6209679e-11
-2.7580646e-11
-3.1370968e-11
-2.6895161e-11
-2.6532259e-11
-3.0181448e-11
-2.5907259e-11
-3.2620965e-11
-2.6169355e-11
-2.919355e-11
-2.6169355e-11
-2.9576612e-11
-2.9213711e-11
-3.0322581e-11
-2.9758064e-11
-2.747984e-11
-2.7379033e-11
-3.2318547e-11
-2.6451613e-11
-3.3266126e-11
-3.1592735e-11
-2.7076614e-11
-2.9153228e-11
-3.0866937e-11
-2.6572581e-11
-2.4818548e-11
-3.2983869e-11
-2.4959678e-11
-2.9657259e-11
-2.5241935e-11
-3.0786287e-11
-3.1431448e-11
-2.3931452e-11
-2.9858872e-11
-2.9758064e-11
-2.6471774e-11
-2.9939516e-11
-2.8548388e-11
-2.7540322e-11
-2.9254033e-11
-2.9697581e-11
-3.0080643e-11
-2.6391129e-11
-2.8004033e-11
-2.5504033e-11
-2.8286292e-11
-2.9254033e-11
-2.6955646e-11
-3.1854838e-11
-2.7883066e-11
-3.0665324e-11
-2.5887096e-11
-3.2217742e-11
-2.2862903e-11
-3.0826609e-11
-2.6350807e-11
-2.9556451e-11
-3.0927413e-11
-2.6633066e-11
-2.9374999e-11
-3.0403229e-11
-3.0120968e-11
-3.1350804e-11
-2.7842742e-11
-3.0544355e-11
-2.9798386e-11
-2.5120968e-11
-3.1774187e-11
-2.7520161e-11
-2.9072581e-11
-2.7923388e-11
-3.2056448e-11
-2.7076614e-11
-3.1471773e-11
-2.4455646e-11
-3.0302417e-11
-2.6370968e-11
-2.8750001e-11
-2.5806452e-11
-3.2681444e-11
-2.6491935e-11
-3.0161294e-11
-3.0745968e-11
-2.655242e-11
-3.1794355e-11
-2.4153228e-11
-2.9959677e-11
-2.8870968e-11
-3.1995965e-11
-2.5141129e-11
-3.0685482e-11
-2.4415322e-11
-3.1794348e-11
-3.0483869e-11
-2.5524194e-11
-3.1310482e-11
-2.6653228e-11
-2.981855e-11
-2.9334677e-11
-3.1612896e-11
-2.9415324e-11
-2.8891129e-11
-2.8991936e-11
-2.5241935e-11
-2.9959677e-11
-2.8548388e-11
-2.7782259e-11
-3.0544352e-11
-2.8266129e-11
-2.8145162e-11
-3.1955643e-11
-2.5826613e-11
-2.8145162e-11
-2.5544355e-11
-3.0282256e-11
-2.9616937e-11
-2.655242e-11
-2.8266129e-11
-2.5544355e-11
-2.981855e-11
-2.8608872e-11
-2.810484e-11
-2.6733872e-11
-3.0040321e-11
-2.9637098e-11
-2.4254033e-11
-2.9354838e-11
-2.872984e-11
-2.6350807e-11
-2.9213711e-11
-2.5907259e-11
-2.7137096e-11
-2.7237903e-11
-2.9112903e-11
-3.1612903e-11
-2.6673387e-11
-2.9012097e-11
-2.655242e-11
-3.0161294e-11
-2.7500001e-11
-2.810484e-11
-2.8286292e-11
-3.0665321e-11
-2.3971774e-11
-2.7641129e-11
-2.8245968e-11
-2.5120968e-11
-2.8528227e-11
-3.1512098e-11
-2.8951614e-11
-2.6572581e-11
-2.4657259e-11
-3.2963705e-11
-3.0362903e-11
-2.5403228e-11
-3.1733866e-11
-2.7217742e-11
-3.403226e-11
-2.8245968e-11
-2.9314516e-11
-2.9737903e-11
-2.8568549e-11
-2.3185485e-11
-3.3931448e-11
-2.2983872e-11
-2.9616937e-11
-2.9395163e-11
-2.4697581e-11
-2.9616937e-11
-3.1129033e-11
-2.9435485e-11
-2.8931453e-11
-2.5020161e-11
-3.064516e-11
-2.9092742e-11
-3.0403225e-11
-2.4314516e-11
-2.7963709e-11
-2.842742e-11
-3.0443547e-11
-2.9737903e-11
-2.9778225e-11
-2.8750001e-11
-2.8689516e-11
-2.9778225e-11
-3.2802417e-11
-2.8044357e-11
-3.1048383e-11
-2.7237903e-11
-3.0685478e-11
-2.4375e-11
-3.4596766e-11
-2.5282259e-11
-3.1713708e-11
-2.9173389e-11
-2.7096774e-11
-2.8669355e-11
-2.5887096e-11
-2.8306453e-11
-2.9435485e-11
-3.0907259e-11
-2.9294355e-11
-2.8125001e-11
-2.4012096e-11
-3.2540321e-11
-2.6995968e-11
-3.09879e-11
-2.6512096e-11
-3.0443547e-11
-2.9254033e-11
-3.042339e-11
-2.4395161e-11
-3.127016e-11
-2.8850807e-11
-3.2358869e-11
-2.3044355e-11
-3.258064e-11
-2.3649194e-11
-2.9516129e-11
-3.0907256e-11
-2.5141129e-11
-3.294354e-11
-2.5141129e-11
-3.0463711e-11
-2.9233872e-11
-3.030242e-11
-2.9112903e-11
-2.9475807e-11
-3.042339e-11
-2.9153225e-11
-2.7298388e-11
-3.0463711e-11
-2.7278227e-11
-3.0100807e-11
-3.1411283e-11
-3.050403e-11
-2.6653227e-11
-2.8407259e-11
-2.9999999e-11
-2.6391129e-11
-2.8185485e-11
-2.919355e-11
-2.6774194e-11
-3.2943547e-11
-2.9012097e-11
-2.9254033e-11
-3.362902e-11
-2.6733872e-11
-2.7096774e-11
-3.0907259e-11
-2.8266129e-11
-2.7056453e-11
-3.2358869e-11
-2.7459679e-11
-2.9133064e-11
-2.9153228e-11
-2.8649194e-11
-2.8447581e-11
-3.4435479e-11
-2.8568549e-11
-3.1229838e-11
-2.8830646e-11
-2.9858872e-11
-2.9314516e-11
-2.9012097e-11
-2.8286292e-11
-2.717742e-11
-3.0060482e-11
-2.6330646e-11
-3.3508061e-11
-2.6290322e-11
-2.8810485e-11
-2.8911292e-11
-2.7741935e-11
-3.0342742e-11
-3.0604838e-11
-3.0040324e-11
-2.9012097e-11
-2.8911292e-11
-3.0181451e-11
-2.6189516e-11
-3.0524191e-11
-2.9415324e-11
-2.9556451e-11
-2.8145162e-11
-3.0241934e-11
-2.5625e-11
-3.1814516e-11
-2.8487905e-11
-3.1592739e-11
-3.1532256e-11
-2.3286291e-11
-2.7641129e-11
-2.8306453e-11
-2.6088709e-11
-2.7338709e-11
-2.8225809e-11
-2.8447581e-11
-2.6975807e-11
-2.9657259e-11
-2.5483872e-11
-3.2036283e-11
-3.0262098e-11
-2.6733874e-11
-3.1592739e-11
-2.6935485e-11
-2.8951615e-11
-3.2096773e-11
-2.2157259e-11
-3.0745968e-11
-3.0826612e-11
-2.7903227e-11
-3.0100807e-11
-2.6149194e-11
-2.8548388e-11
-2.5100807e-11
-2.9274194e-11
-2.9233872e-11
-3.2298383e-11
-2.872984e-11
-2.8024194e-11
-3.0967746e-11
-2.8366936e-11
-3.1391126e-11
-3.1149191e-11
-2.8870968e-11
-3.0544355e-11
-3.1532249e-11
-2.6633066e-11
-2.8084679e-11
-2.9778225e-11
-2.9616937e-11
-2.625e-11
-2.8004033e-11
-2.7278227e-11
-2.3830648e-11
-3.3467736e-11
-2.6915322e-11
-3.0846777e-11
-2.905242e-11
-2.9576612e-11
-2.9838711e-11
-3.3024191e-11
-2.5846774e-11
-3.2842735e-11
-2.8467742e-11
-2.8911292e-11
-2.685484e-11
-2.9556451e-11
-2.5362903e-11
-2.9939516e-11
-3.0665324e-11
-2.9596776e-11
-2.6108872e-11
-3.0282259e-11
-3.0947581e-11
-2.6532259e-11
-2.7822581e-11
-3.2479835e-11
-2.3951613e-11
-3.3346766e-11
-2.375e-11
-3.3326616e-11
-2.8709679e-11
-2.9092742e-11
-2.4536291e-11
-2.8407259e-11
-3.0100807e-11
-2.8750001e-11
-3.2701609e-11
-2.8669355e-11
-2.9475807e-11
-3.0181451e-11
-2.7399194e-11
-2.6290322e-11
-3.3104831e-11
-2.3145161e-11
-3.1350804e-11
-2.4879033e-11
-2.9213711e-11
-2.9112903e-11
-3.1633061e-11
-2.5564516e-11
-3.5866927e-11
-2.0524193e-11
-3.3649191e-11
-2.6088711e-11
-2.7560485e-11
-3.3407253e-11
-2.7379033e-11
-2.7681453e-11
-2.9616937e-11
-2.8608872e-11
-2.8991936e-11
-2.6915322e-11
-3.0766129e-11
-2.5625e-11
-2.9879033e-11
-3.064516e-11
-2.7580646e-11
-2.9415324e-11
-2.4153228e-11
-3.1229835e-11
-2.6975807e-11
-3.2419348e-11
-2.8266129e-11
-2.7278227e-11
-3.0584677e-11
-2.6471774e-11
-3.2358869e-11
-2.574597e-11
-3.3064509e-11
-2.7842742e-11
-2.8044357e-11
-2.7580646e-11
-3.1592742e-11
-2.8064516e-11
-3.2137092e-11
-2.6129033e-11
-3.181452e-11
-2.6915322e-11
-2.5584678e-11
-2.780242e-11
-3.1653218e-11
-3.4899184e-11
-3.6169352e-11
-4.0947575e-11
-4.5524182e-11
-5.6028213e-11
-7.6572561e-11
-8.3830637e-11
-1.0407257e-10
-1.1747982e-10
-1.2860885e-10
-1.3518146e-10
-1.4427416e-10
-1.3957661e-10
-1.4911289e-10
-1.4508063e-10
-1.4139111e-10
-1.4292337e-10
-1.3689513e-10
-1.3318548e-10
-1.3838707e-10
-1.2836693e-10
-1.2312498e-10
-1.2778226e-10
-1.222782e-10
-1.1661287e-10
-1.1802419e-10
-1.1054436e-10
-1.0534272e-10
-1.0637095e-10
-1.005645e-10
-1.0175402e-10
-9.3548377e-11
-9.7096761e-11
-8.8951589e-11
-8.7459665e-11
-9.0383062e-11
-7.9778226e-11
-8.4556431e-11
-7.6955629e-11
-7.9213705e-11
-7.5080629e-11
-7.4899177e-11
-6.6693547e-11
-7.6189513e-11
-6.663306e-11
-6.9596759e-11
-6.5524197e-11
-6.6471766e-11
-6.1249984e-11
-6.6048368e-11
-5.6653217e-11
-5.9254025e-11
-6.052419e-11
-5.7560474e-11
-5.6108864e-11
-5.5100792e-11
-5.4798378e-11
-5.5040309e-11
-5.1451603e-11
-5.1915316e-11
-5.2137083e-11
-4.7540312e-11
-5.1915312e-11
-4.6310476e-11
-4.6552415e-11
-4.8508055e-11
-4.3729832e-11
-5.0161285e-11
-4.153225e-11
-4.7278209e-11
-4.5282243e-11
-4.340725e-11
-4.5725795e-11
-4.0866928e-11
-4.5947572e-11
-4.4979829e-11
-4.1451603e-11
-4.1693538e-11
-3.9052418e-11
-4.0100801e-11
-4.3608863e-11
-3.7358866e-11
-3.9012085e-11
-3.7177414e-11
-3.9294349e-11
-3.7036291e-11
-4.5483856e-11
-3.8951606e-11
-4.0766123e-11
-3.5685479e-11
-4.0887089e-11
-3.8528212e-11
-3.9092736e-11
-4.2278219e-11
-3.4858869e-11
-3.8084667e-11
-4.0201606e-11
-3.5141123e-11
-3.7620958e-11
-3.4536284e-11
-3.8124989e-11
-3.8830633e-11
-3.7661284e-11
-3.5221773e-11
-4.0866924e-11
-3.3891119e-11
-3.5725797e-11
-3.7237897e-11
-3.6310482e-11
-3.9254031e-11
-3.5362893e-11
-3.4798379e-11
-3.945564e-11
-3.252015e-11
-3.8991928e-11
-3.0826605e-11
-3.5887092e-11
-3.5564513e-11
-3.2842739e-11
-3.4758064e-11
-3.7157246e-11
-3.4798383e-11
-3.7600797e-11
-3.1008064e-11
-3.6774188e-11
-3.3286287e-11
-3.7983866e-11
-3.3145157e-11
-3.633064e-11
-3.5524191e-11
-3.4939517e-11
-3.1512092e-11
-3.6129023e-11
-3.1592739e-11
-3.7580637e-11
-3.1068547e-11
-3.2056448e-11
-3.6471767e-11
-3.2782253e-11
-3.4778218e-11
-3.481854e-11
-3.6048386e-11
-3.6411287e-11
-3.3689513e-11
-3.3629027e-11
-3.6169352e-11
-3.4374992e-11
-3.3850804e-11
-3.4516126e-11
-3.502015e-11
-3.1330643e-11
-3.6310479e-11
-2.7641129e-11
-3.5907246e-11
-3.1229831e-11
-3.1129026e-11
-3.4657253e-11
-3.1471773e-11
-3.2540325e-11
-3.7580643e-11
-2.7560487e-11
-4.181451e-11
-2.8548388e-11
-3.6895154e-11
-3.064516e-11
-3.2802417e-11
-3.0887095e-11
-3.7540315e-11
-3.4637092e-11
-3.1995965e-11
-3.4495962e-11
-3.3608873e-11
-3.425403e-11
-3.3810475e-11
-2.7862903e-11
-3.5161284e-11
-3.1854835e-11
-3.4153218e-11
-3.2177417e-11
-3.3245962e-11
-3.2741931e-11
-3.3588705e-11
-3.1068547e-11
-3.2419352e-11
-3.445564e-11
-3.0846773e-11
-3.4818544e-11
-3.8124993e-11
-2.8286292e-11
-2.9979838e-11
-3.6532249e-11
-2.981855e-11
-3.4173379e-11
-2.9959674e-11
-3.4999989e-11
-3.1088705e-11
-3.1814516e-11
-3.4677414e-11
-3.2540318e-11
-3.4556448e-11
-3.2540321e-11
-3.3407253e-11
-3.3104831e-11
-3.3407253e-11
-3.0584677e-11
-3.2358866e-11
-3.604838e-11
-3.3447578e-11
-2.9072581e-11
-3.7379027e-11
-3.4616927e-11
-3.2318547e-11
-3.4717736e-11
-3.3891126e-11
-3.1572581e-11
-3.4858866e-11
-3.3608862e-11
-3.0463711e-11
-3.0221776e-11
-3.5665318e-11
-3.4677417e-11
-3.2056448e-11
-3.2399191e-11
-3.4637088e-11
-3.0685482e-11
-3.6572582e-11
-2.7258066e-11
-3.3891123e-11
-3.2016129e-11
-3.4858866e-11
-2.810484e-11
-3.5120965e-11
-2.4314516e-11
-3.0967739e-11
-3.5141126e-11
-2.872984e-11
-3.5504023e-11
-3.22379e-11
-3.0967742e-11
-3.3689513e-11
-3.0000002e-11
-3.1310485e-11
-3.0463708e-11
-3.3407253e-11
-3.2439513e-11
-3.3024191e-11
-3.0927417e-11
-3.2439513e-11
-3.2056448e-11
-3.1854835e-11
-3.3971766e-11
-3.0080643e-11
-3.5584667e-11
-3.3891123e-11
-2.9657259e-11
-3.2620965e-11
-2.9919355e-11
-3.3770157e-11
-3.0544352e-11
-3.1149191e-11
-3.0745968e-11
-3.1693547e-11
-3.0483869e-11
-3.3709674e-11
-3.6310479e-11
-2.8689516e-11
-3.3225801e-11
-3.2197578e-11
-2.4274194e-11
-3.5544349e-11
-3.1935482e-11
-3.3024188e-11
-2.8870968e-11
-3.1048386e-11
-3.2842739e-11
-3.0403229e-11
-3.1310482e-11
-2.9899191e-11
-3.2358869e-11
-3.0100804e-11
-3.0524191e-11
-3.3850804e-11
-3.0927417e-11
-3.1633064e-11
-3.2318547e-11
-3.2701609e-11
-3.0927417e-11
-2.8387096e-11
-3.5342739e-11
-2.7439516e-11
-3.2782249e-11
-3.6048383e-11
-2.655242e-11
-3.4838708e-11
-2.7076614e-11
-2.9637098e-11
-3.6975794e-11
-2.3548387e-11
-3.368951e-11
-3.0705643e-11
-3.0060485e-11
-3.4697575e-11
-3.0604838e-11
-3.2419352e-11
-3.0564516e-11
-3.0685482e-11
-3.2600804e-11
-3.4374996e-11
-2.9274194e-11
-3.3266126e-11
-3.2177414e-11
-3.2298383e-11
-3.1189513e-11
-2.9737903e-11
-3.1512095e-11
-3.1572571e-11
-3.19758e-11
-3.1431448e-11
-2.9254033e-11
-3.3487896e-11
-3.1008064e-11
-3.2701609e-11
-3.0443547e-11
-2.8770162e-11
-3.2278222e-11
-3.3548383e-11
-3.0624999e-11
-3.3286283e-11
-3.2701609e-11
-3.2641122e-11
-2.3185485e-11
-3.703628e-11
-2.4879033e-11
-3.4999996e-11
-3.3145157e-11
-2.9495968e-11
-3.3185479e-11
-3.0866934e-11
-3.508064e-11
-3.2620965e-11
-2.6975807e-11
-3.3749996e-11
-3.2762095e-11
-3.3790318e-11
-3.4233862e-11
-2.8568549e-11
-3.237903e-11
-2.939516e-11
-3.3891126e-11
-3.2217742e-11
-2.6572581e-11
-3.6088708e-11
-2.8870968e-11
-3.2439513e-11
-2.8508066e-11
-3.4294349e-11
-2.7500002e-11
-3.1350804e-11
-3.1391129e-11
-3.2600804e-11
-3.3205643e-11
-3.1854835e-11
-3.3588705e-11
-3.0141129e-11
-3.0745968e-11
-3.1512095e-11
-3.0987903e-11
-3.1108872e-11
-3.2358869e-11
-2.9112903e-11
-3.2137092e-11
-3.4455636e-11
-2.6612903e-11
-3.5947575e-11
-2.8770162e-11
-3.2137092e-11
-2.953629e-11
-3.2822581e-11
-2.9233872e-11
-3.1955643e-11
-2.9314516e-11
-2.3608872e-11
-3.2560482e-11
-2.8407259e-11
-3.3346773e-11
-3.0403225e-11
-3.1189513e-11
-2.5584678e-11
-3.4213708e-11
-2.9415324e-11
-3.2016129e-11
-2.7600807e-11
-3.0544355e-11
-2.9012095e-11
-3.2701612e-11
-2.8245968e-11
-3.1431451e-11
-3.1512098e-11
-2.9374999e-11
-3.1995965e-11
-2.7983872e-11
-3.1451612e-11
-3.1149191e-11
-2.7701614e-11
-3.1572581e-11
-2.939516e-11
-2.9979838e-11
-2.9415324e-11
-2.9374999e-11
-2.9334677e-11
-2.9395163e-11
-3.3810482e-11
-3.2419355e-11
-3.0241934e-11
-3.4435482e-11
-2.8870968e-11
-3.042339e-11
-2.7520161e-11
-2.8145162e-11
-2.8790323e-11
-2.8306453e-11
-2.9737903e-11
-3.4395157e-11
-2.9334677e-11
-3.1290321e-11
-2.9173389e-11
-2.8649194e-11
-2.7721775e-11
-3.2439509e-11
-2.7237903e-11
-3.1129026e-11
-3.1391126e-11
-2.8568549e-11
-2.9254033e-11
-3.1310485e-11
-2.810484e-11
-3.1995968e-11
-3.2318547e-11
-3.0786287e-11
-3.19758e-11
-2.8407259e-11
-2.7600807e-11
-3.0141126e-11
-3.127016e-11
-3.2479838e-11
-3.0665318e-11
-3.0362903e-11
-3.0342742e-11
-2.9516129e-11
-2.967742e-11
-3.1189513e-11
-3.1350804e-11
-2.9112903e-11
-2.9879033e-11
-3.1350804e-11
-2.8931453e-11
-3.3709674e-11
-2.7237903e-11
-2.9556451e-11
-2.9274194e-11
-2.9254033e-11
-3.0282256e-11
-2.9919355e-11
-3.0705643e-11
-3.2137099e-11
-2.7379033e-11
-3.5181448e-11
-2.7500001e-11
-2.8064516e-11
-3.1391126e-11
-3.0927417e-11
-3.0020163e-11
-2.9435485e-11
-2.7036292e-11
-3.1088708e-11
-3.1552417e-11
-3.59879e-11
-2.6169355e-11
-3.3991931e-11
-2.6391129e-11
-3.2076605e-11
-2.9455646e-11
-2.625e-11
-3.3770157e-11
-3.4153218e-11
-2.7217742e-11
-3.1431451e-11
-3.2520157e-11
-2.6189516e-11
-2.8629033e-11
-3.4959671e-11
-2.7520161e-11
-3.0745968e-11
-2.6834679e-11
-3.4495965e-11
-3.1693551e-11
-2.8387096e-11
-3.3266129e-11
-3.1370965e-11
-3.1733869e-11
-3.127016e-11
-3.3991934e-11
-2.7560485e-11
-2.9576612e-11
-3.1633061e-11
-2.6149194e-11
-2.8689516e-11
-3.2822575e-11
-2.7520161e-11
-3.2762092e-11
-2.685484e-11
-2.8064516e-11
-3.1794352e-11
-2.6834679e-11
-3.467741e-11
-3.1088708e-11
-3.1108872e-11
-2.6370968e-11
-3.0564516e-11
-2.919355e-11
-3.1713708e-11
-3.1733862e-11
-2.8991936e-11
-2.7600807e-11
-2.9012097e-11
-3.0725804e-11
-3.0141129e-11
-2.8971775e-11
-2.7661292e-11
-2.9213711e-11
-3.0967739e-11
-3.5181445e-11
-2.6955646e-11
-3.5624986e-11
-2.4838711e-11
-3.3931448e-11
-3.07258e-11
-3.3790314e-11
-2.9899191e-11
-3.0947581e-11
-2.842742e-11
-3.1754033e-11
-2.8991936e-11
-3.0544352e-11
-2.9495968e-11
-2.9999999e-11
-3.2963708e-11
-3.4616931e-11
-2.8608872e-11
-3.2116931e-11
-2.887097e-11
-3.4536287e-11
-3.22379e-11
-2.9314516e-11
-2.747984e-11
-3.2137092e-11
-2.8487903e-11
-3.4818544e-11
-2.8709679e-11
-2.9919359e-11
-2.7822581e-11
-2.9012097e-11
-2.9415328e-11
-2.8770162e-11
-3.3306441e-11
-2.6028226e-11
-3.0282256e-11
-2.7076614e-11
-2.8951614e-11
-3.1350807e-11
-2.7741935e-11
-3.1774187e-11
-2.9697581e-11
-3.2459674e-11
-3.1149187e-11
-2.8064516e-11
-3.0201612e-11
-3.2016126e-11
-2.9778225e-11
-3.237903e-11
-2.6935485e-11
-3.0221773e-11
-2.9274194e-11
-2.9213711e-11
-3.0141129e-11
-3.2459674e-11
-3.1330639e-11
-2.9979838e-11
-2.9838711e-11
-2.9979838e-11
-3.1935482e-11
-2.8810487e-11
-3.4435472e-11
-3.2096777e-11
-3.2076612e-11
-2.6612903e-11
-3.3548386e-11
-2.9536294e-11
-3.3245962e-11
-3.1310482e-11
-3.0060485e-11
-3.2399187e-11
-2.9697581e-11
-3.1814513e-11
-3.0403225e-11
-3.1250003e-11
-3.0604838e-11
-3.0282256e-11
-2.9778225e-11
-3.320564e-11
-3.0624996e-11
-2.5705646e-11
-3.5262088e-11
-2.8850807e-11
-2.8830646e-11
-3.1411287e-11
-2.8064516e-11
-3.3931444e-11
-2.8467744e-11
-2.9294355e-11
-3.4435472e-11
-2.7520161e-11
-2.9959677e-11
-3.5443544e-11
-3.0201612e-11
-2.8004033e-11
-3.0483869e-11
-2.7399194e-11
-2.7338709e-11
-3.2036287e-11
-2.9354838e-11
-3.1229835e-11
-2.780242e-11
-3.5866934e-11
-2.7842742e-11
-3.3366934e-11
-2.8125001e-11
-3.3064513e-11
-2.9133064e-11
-2.8487903e-11
-3.1310485e-11
-2.8850807e-11
-3.0040321e-11
-2.5745968e-11
-3.0282256e-11
-2.6895161e-11
-3.1834674e-11
-3.0665321e-11
-2.7943549e-11
-3.2197578e-11
-2.5604841e-11
-3.4596766e-11
-3.2661287e-11
-2.8951614e-11
-2.981855e-11
-2.8125001e-11
-2.5483872e-11
-3.3608862e-11
-3.0665324e-11
-2.5745968e-11
-3.1532256e-11
-2.9314516e-11
-2.8306453e-11
-2.6915322e-11
-3.0907259e-11
-2.9153225e-11
-2.9697581e-11
-2.9314516e-11
-2.9758064e-11
-3.0241934e-11
-2.6633066e-11
-2.9072581e-11
-3.0766129e-11
-2.8326614e-11
-3.2177417e-11
-2.8044355e-11
-2.8891129e-11
-2.9758064e-11
-2.6693548e-11
-3.2318547e-11
-2.5826613e-11
-3.4999999e-11
-2.8971775e-11
-3.0604838e-11
-2.7782261e-11
-2.8770162e-11
-3.0806451e-11
-2.685484e-11
-2.9354838e-11
-3.16129e-11
-3.0443547e-11
-3.0947574e-11
-2.3870969e-11
-3.0241934e-11
-2.5866935e-11
-3.0624996e-11
-2.8931453e-11
-3.0181451e-11
-2.747984e-11
-2.6875e-11
-3.0282256e-11
-3.078629e-11
-2.7419355e-11
-3.1774187e-11
-2.3346774e-11
-3.5342739e-11
-2.8004033e-11
-2.9314516e-11
-3.3971773e-11
-2.2923387e-11
-3.473789e-11
-2.7076614e-11
-3.5524181e-11
-2.780242e-11
-3.0483869e-11
-2.8044355e-11
-3.2802417e-11
-2.8004033e-11
-2.8366936e-11
-2.9838711e-11
-2.8850807e-11
-3.1794348e-11
-2.9758064e-11
-3.1451612e-11
-3.0584681e-11
-2.6733872e-11
-3.0705646e-11
-3.16129e-11
-3.4072571e-11
-2.7903227e-11
-3.2701605e-11
-2.6653227e-11
-2.9032259e-11
-2.8870965e-11
-2.8911292e-11
-3.1532253e-11
-2.8467742e-11
-3.064516e-11
-3.0544355e-11
-2.8770163e-11
-2.967742e-11
-3.2983866e-11
-2.8528227e-11
-3.050403e-11
-3.0866934e-11
-2.7217742e-11
-3.0362903e-11
-2.9556451e-11
-2.6633066e-11
-3.1895157e-11
-2.717742e-11
-2.7762096e-11
-2.8145162e-11
-2.8931453e-11
-3.0766129e-11
-2.8447581e-11
-2.8528227e-11
-3.0322581e-11
-2.9899194e-11
-3.2358869e-11
-2.6875e-11
-2.7681453e-11
-2.7983872e-11
-2.8467742e-11
-2.8467742e-11
-2.685484e-11
-2.9879033e-11
-3.2883057e-11
-2.7661292e-11
-3.3870965e-11
-3.0020163e-11
-2.4838709e-11
-2.8366936e-11
-2.9334677e-11
-3.3528218e-11
-2.8004033e-11
-3.189516e-11
-2.5141129e-11
-3.0866934e-11
-3.2741931e-11
-2.6572581e-11
-2.8366936e-11
-2.8125001e-11
-2.4899194e-11
-2.9616937e-11
-3.0947581e-11
-2.6330646e-11
-3.0967742e-11
-2.4899194e-11
-3.1189513e-11
-2.7641129e-11
-3.0745968e-11
-2.7721775e-11
-3.4395157e-11
-2.1935485e-11
-2.7016129e-11
-2.9012097e-11
-3.1854838e-11
-2.9072581e-11
-3.2762092e-11
-2.9778225e-11
-3.2620965e-11
-2.9858872e-11
-2.6653227e-11
-3.2701609e-11
-2.9979838e-11
-2.872984e-11
-2.8366936e-11
-3.3749996e-11
-2.4495968e-11
-3.3608866e-11
-2.2661291e-11
-3.2358869e-11
-2.7076614e-11
-2.8629033e-11
-2.7500001e-11
-3.2217742e-11
-2.5161291e-11
-2.9254033e-11
-2.842742e-11
-2.9395163e-11
-2.8810485e-11
-2.8044357e-11
-3.0383061e-11
-2.7641129e-11
-3.3931444e-11
-2.6370968e-11
-3.1431448e-11
-2.9495968e-11
-3.0241934e-11
-2.8084679e-11
-2.9879033e-11
-3.16129e-11
-3.0483869e-11
-3.1532256e-11
-2.9173389e-11
-2.8830646e-11
-3.0927417e-11
-2.8467742e-11
-3.2096766e-11
-3.0262098e-11
-3.2620958e-11
-2.9999999e-11
-2.9778225e-11
-3.2802417e-11
-2.6229839e-11
-3.4677414e-11
-2.8366936e-11
-3.1572571e-11
-3.3749999e-11
-2.7641129e-11
-3.2883061e-11
-2.8729841e-11
-3.3608869e-11
-2.7439516e-11
-3.3407256e-11
-2.6229839e-11
-3.0443547e-11
-2.8750001e-11
-2.8245968e-11
-3.2681444e-11
-2.9657259e-11
-2.7358872e-11
-3.1108869e-11
-3.1330643e-11
-2.6834679e-11
-3.0302417e-11
-3.0887095e-11
-2.9153225e-11
-2.8024194e-11
-2.6794355e-11
-3.2137092e-11
-3.0241934e-11
-2.9576612e-11
-3.1491934e-11
-3.0060485e-11
-2.7056453e-11
-3.5725797e-11
-2.4596774e-11
-3.5141123e-11
-2.4879033e-11
-3.1693547e-11
-2.8266129e-11
-3.1209677e-11
-2.9435485e-11
-2.5745968e-11
-2.8770162e-11
-2.8266129e-11
-2.9596776e-11
-3.2278218e-11
-2.7943549e-11
-3.3467742e-11
-2.6431453e-11
-3.1713708e-11
-2.5463709e-11
-2.9838711e-11
-2.9979838e-11
-3.0262098e-11
-2.9778225e-11
-2.7681453e-11
-2.953629e-11
-3.0564516e-11
-2.5665322e-11
-3.252016e-11
-2.6612903e-11
-2.5907259e-11
-3.2499996e-11
-3.064516e-11
-2.8346775e-11
-2.858871e-11
-3.1028222e-11
-3.0947578e-11
-2.9596776e-11
-2.7157259e-11
-2.6552422e-11
-3.1471773e-11
-2.7036292e-11
-3.0604838e-11
-2.5766129e-11
-3.3508064e-11
-2.5665322e-11
-2.9939516e-11
-2.842742e-11
-2.6754033e-11
-2.7641131e-11
-2.8548388e-11
-2.9233872e-11
-2.9455646e-11
-3.042339e-11
-3.3225801e-11
-2.530242e-11
-2.6915322e-11
-2.810484e-11
-3.2439513e-11
-2.7379033e-11
-2.8891129e-11
-2.7782259e-11
-3.1794352e-11
-2.4475807e-11
-3.2137095e-11
-2.5866935e-11
-3.5181445e-11
-2.6290322e-11
-3.3729831e-11
-2.7923388e-11
-3.0262098e-11
-3.0685482e-11
-2.5947581e-11
-3.0866937e-11
-2.6875e-11
-2.7963709e-11
-3.0866934e-11
-2.7278227e-11
-2.7318548e-11
-3.1673383e-11
-2.8145162e-11
-3.1149194e-11
-2.7842742e-11
-2.919355e-11
-3.2298383e-11
-2.6975807e-11
-3.1794352e-11
-2.7540322e-11
-3.1189513e-11
-2.6875e-11
-3.1834677e-11
-2.8709679e-11
-3.1350804e-11
-2.8911292e-11
-3.3185475e-11
-2.7923388e-11
-2.9374999e-11
-2.7762096e-11
-3.0120968e-11
-2.9495968e-11
-2.9637098e-11
-2.6975807e-11
-3.2560482e-11
-2.7217742e-11
-3.1008061e-11
-3.016129e-11
-2.7096774e-11
-2.4758065e-11
-2.9173389e-11
-2.467742e-11
-2.6653227e-11
-2.7379033e-11
-2.8709679e-11
-3.0282256e-11
-2.7258066e-11
-2.7620968e-11
-3.1733866e-11
-2.5907259e-11
-3.3870969e-11
-2.7076614e-11
-3.3891126e-11
-2.6471774e-11
-3.2298383e-11
-2.8891129e-11
-3.3064506e-11
-2.6875002e-11
-3.3044352e-11
-2.3407261e-11
-2.9314516e-11
-3.1370965e-11
-3.0060485e-11
-2.9657256e-11
-2.9112903e-11
-3.0766129e-11
-2.919355e-11
-3.1794348e-11
-2.4596776e-11
-3.1391126e-11
-3.3145157e-11
-3.0604838e-11
-3.22379e-11
-2.9354838e-11
-2.7620968e-11
-2.905242e-11
-3.0181451e-11
-2.8064516e-11
-2.810484e-11
-2.9717742e-11
-3.3245962e-11
-2.7076614e-11
-2.7096774e-11
-3.2600804e-11
-2.5120968e-11
-3.5141119e-11
-3.278226e-11
-2.4818548e-11
-3.3629027e-11
-2.7600807e-11
-2.5342742e-11
-3.4274188e-11
-2.7298388e-11
-3.1733869e-11
-2.4274194e-11
-3.4475801e-11
-3.0080646e-11
-2.7822583e-11
-2.8245968e-11
-2.7943549e-11
-2.9294355e-11
-3.0504033e-11
-3.1391126e-11
-2.6572581e-11
-2.9596776e-11
-3.0262098e-11
-2.8911292e-11
-2.9213711e-11
-2.8185485e-11
-3.3366931e-11
-2.6088711e-11
-3.1088705e-11
-2.8024194e-11
-3.0826609e-11
-2.810484e-11
-2.7358872e-11
-3.3467739e-11
-2.7258066e-11
-3.3225801e-11
-2.9112903e-11
-3.0221773e-11
-3.1633057e-11
-2.7318548e-11
-2.5745968e-11
-2.905242e-11
-2.6189516e-11
-3.3649191e-11
-2.7963709e-11
-3.1532256e-11
-2.9455646e-11
-3.1572581e-11
-3.1249999e-11
-2.8165323e-11
-3.2520157e-11
-2.5322581e-11
-3.4536287e-11
-2.5866935e-11
-3.0443547e-11
-2.9697581e-11
-3.3629027e-11
-2.6169355e-11
-3.0544352e-11
-2.7419355e-11
-3.1612903e-11
-3.2076609e-11
-2.9495968e-11
-2.8508066e-11
-3.2157256e-11
-3.1915321e-11
-2.6895161e-11
-2.9758064e-11
-2.9032261e-11
-3.0584677e-11
-3.1512098e-11
-2.8669355e-11
-3.0766129e-11
-2.8548388e-11
-3.3548379e-11
-2.7076614e-11
-2.6431453e-11
-3.4536284e-11
-2.5080646e-11
-3.2116934e-11
-2.9112903e-11
-3.1633061e-11
-2.6612903e-11
-3.2056451e-11
-2.8024194e-11
-2.7358872e-11
-2.8709679e-11
-2.5060485e-11
-2.9334677e-11
-2.8145162e-11
-2.9798389e-11
-2.7399194e-11
-2.7620968e-11
-2.6149194e-11
-3.5100808e-11
-2.4375e-11
-3.4052414e-11
-2.6693548e-11
-3.2338708e-11
-2.9778225e-11
-2.7258066e-11
-2.6693548e-11
-3.3770157e-11
-3.1854835e-11
-2.6794355e-11
-3.016129e-11
-2.8346775e-11
-3.0705646e-11
-3.0463711e-11
-2.7217742e-11
-2.967742e-11
-2.9254033e-11
-2.5584678e-11
-2.8387096e-11
-2.8467742e-11
-2.9334677e-11
-3.2076609e-11
-2.8387096e-11
-2.8084679e-11
-2.6733872e-11
-3.1310482e-11
-2.7096774e-11
-2.9072581e-11
-3.1008061e-11
-2.842742e-11
-2.8649194e-11
-3.19758e-11
-2.3830646e-11
-3.1149194e-11
-2.7641129e-11
-2.8931453e-11
-2.8810487e-11
-2.9274194e-11
-3.2439513e-11
-3.0826609e-11
-2.6431453e-11
-2.7963709e-11
-2.8125001e-11
-2.592742e-11
-2.7137096e-11
-2.8629033e-11
-2.4435485e-11
-2.9798383e-11
-3.2056448e-11
-2.8004033e-11
-2.8225807e-11
-3.0262098e-11
-2.919355e-11
-3.0100807e-11
-2.872984e-11
-2.7782261e-11
-2.745968e-11
-2.8528227e-11
-2.9213711e-11
-2.9717742e-11
-2.6915324e-11
-2.9395163e-11
-3.2137095e-11
-2.6290322e-11
-2.9596776e-11
-2.9334677e-11
-2.8709679e-11
-2.7298388e-11
-2.9294355e-11
-3.0020163e-11
-2.9072581e-11
-3.064516e-11
-2.9294355e-11
-3.0645163e-11
-2.5967742e-11
-3.0181451e-11
-3.3366931e-11
-2.7620968e-11
-3.4798386e-11
-2.7721775e-11
-3.1814516e-11
-2.3689517e-11
-2.8810485e-11
-2.7258066e-11
-3.0262098e-11
-3.064516e-11
-2.7822581e-11
-2.8991936e-11
-2.6370968e-11
-2.905242e-11
-3.1028225e-11
-2.8306453e-11
-2.9979838e-11
-3.1169355e-11
-2.5241935e-11
-3.1491931e-11
-3.0100807e-11
-3.0604842e-11
-3.0221776e-11
-2.810484e-11
-2.9979838e-11
-2.9858872e-11
-2.9294355e-11
-2.7540322e-11
-3.370967e-11
-2.9556451e-11
-2.6250002e-11
-3.2439513e-11
-2.8024196e-11
-3.0584677e-11
-3.0262098e-11
-3.042339e-11
-2.9576612e-11
-3.1088708e-11
-2.9314516e-11
-3.258064e-11
-3.1290318e-11
-3.2157253e-11
-2.9112903e-11
-2.9092742e-11
-3.0967742e-11
-2.7580646e-11
-3.2479835e-11
-2.9637098e-11
-2.7318548e-11
-3.1391129e-11
-2.8004035e-11
-2.8951614e-11
-3.1834674e-11
-2.8608872e-11
-3.4213705e-11
-2.5282259e-11
-3.2560479e-11
-2.9959677e-11
-2.6048387e-11
-3.3407253e-11
-2.6713709e-11
-3.2358869e-11
-2.8750001e-11
-2.9314516e-11
-3.3508061e-11
-2.6209679e-11
-2.7278227e-11
-3.2076612e-11
-2.3770163e-11
-3.2036287e-11
-2.6330646e-11
-2.9959677e-11
-3.1713708e-11
-3.1028222e-11
-3.030242e-11
-2.7762096e-11
-2.8608872e-11
-3.1370968e-11
-2.7963709e-11
-2.8205648e-11
-2.9092742e-11
-2.5685485e-11
-3.2278222e-11
-2.8669355e-11
-2.9979838e-11
-2.8528227e-11
-3.4032253e-11
-2.905242e-11
-2.9959677e-11
-3.2076612e-11
-2.8084679e-11
-3.0887098e-11
-3.3568551e-11
-2.9879033e-11
-2.8306453e-11
-2.6915322e-11
-3.431451e-11
-2.8165323e-11
-3.1612903e-11
-3.0524191e-11
-2.9334677e-11
-2.8508066e-11
-3.3346773e-11
-3.1592739e-11
-3.1774187e-11
-2.8447583e-11
-2.9354838e-11
-3.300403e-11
-2.5947581e-11
-3.3991927e-11
-2.919355e-11
-2.8891129e-11
-3.0564516e-11
-2.5887096e-11
-2.9919355e-11
-2.9294355e-11
-2.7641129e-11
-3.3124992e-11
-2.810484e-11
-3.0483869e-11
-3.1108869e-11
-2.4979839e-11
-3.0725804e-11
-2.8850807e-11
-2.6814516e-11
-3.2278218e-11
-2.8971775e-11
-2.6875e-11
-2.747984e-11
-3.3004023e-11
-3.1854838e-11
-3.0221776e-11
-2.7661292e-11
-3.1814509e-11
-2.7641129e-11
-2.8125001e-11
-3.530241e-11
-2.3729839e-11
-3.5141126e-11
-2.5645161e-11
-3.141129e-11
-2.8286292e-11
-2.6532259e-11
-3.502015e-11
-2.9778225e-11
-2.7741935e-11
-3.0745965e-11
-2.8326614e-11
-3.0927417e-11
-2.9556451e-11
-2.5967742e-11
-2.9899191e-11
-3.1249996e-11
-2.5241935e-11
-3.4576605e-11
-2.4475807e-11
-2.65121e-11
-3.1854835e-11
-2.8870968e-11
-3.3024184e-11
-2.9959677e-11
-2.5705646e-11
-3.2036283e-11
-2.5846776e-11
-3.1330639e-11
-2.4758065e-11
-2.9133064e-11
-3.3669349e-11
-2.7419355e-11
-2.8245968e-11
-2.6713711e-11
-2.8407259e-11
-3.1693544e-11
-3.0705646e-11
-3.1068547e-11
-2.8891129e-11
-3.0362903e-11
-2.7237903e-11
-3.0282259e-11
-2.8024194e-11
-3.0584677e-11
-2.7016131e-11
-2.8951614e-11
-2.7036292e-11
-2.8568549e-11
-3.1229831e-11
-2.8608872e-11
-2.6653227e-11
-2.8709679e-11
-2.6814516e-11
-2.8004033e-11
-3.2056451e-11
-2.8770162e-11
-2.7116935e-11
-3.1270164e-11
-2.8326614e-11
-2.6774194e-11
-2.8891129e-11
-2.8145162e-11
-2.981855e-11
-2.8346776e-11
-3.1169355e-11
-2.5806452e-11
-3.0201612e-11
-2.953629e-11
-2.8266129e-11
-2.6955646e-11
-3.0241934e-11
-2.6673387e-11
-2.9899194e-11
-3.0584674e-11
-2.6451613e-11
-3.2459674e-11
-2.9395163e-11
-3.0120968e-11
-2.9395163e-11
-3.0342739e-11
-2.9758064e-11
-2.9657259e-11
-3.0967742e-11
-2.7580646e-11
-2.7318548e-11
-3.1915325e-11
-2.8245968e-11
-2.6955646e-11
-2.8810485e-11
-2.9072581e-11
-2.8306453e-11
-2.6814516e-11
-2.9637098e-11
-2.5181452e-11
-3.1411287e-11
-3.0967742e-11
-2.5705646e-11
-2.6612903e-11
-3.078629e-11
-3.0826612e-11
-2.8991936e-11
-3.4133057e-11
-2.7479841e-11
-3.0887095e-11
-2.8568549e-11
-2.8971775e-11
-2.685484e-11
-3.1108872e-11
-3.0262095e-11
-2.8528227e-11
-3.0766133e-11
-2.8790323e-11
-3.1854835e-11
-2.6471774e-11
-2.8971775e-11
-3.042339e-11
-2.981855e-11
-2.9072581e-11
-2.747984e-11
-2.9879033e-11
-2.8004033e-11
-3.1028225e-11
-3.2298386e-11
-2.5826613e-11
-2.9314516e-11
-3.1592739e-11
-2.5947581e-11
-3.5524188e-11
-3.1249996e-11
-2.6875e-11
-2.9092742e-11
-2.8024194e-11
-2.9798386e-11
-3.0201612e-11
-3.0584677e-11
-2.8790323e-11
-3.0020163e-11
-3.1209677e-11
-2.8286292e-11
-3.042339e-11
-2.7701614e-11
-3.0645157e-11
-3.1149187e-11
-3.2016126e-11
-2.8891129e-11
-3.016129e-11
-3.0887095e-11
-3.2056448e-11
-2.1935485e-11
-3.5362893e-11
-2.4254033e-11
-3.1290324e-11
-2.6290322e-11
-3.2379027e-11
-2.6028226e-11
-3.1532253e-11
-2.7157259e-11
-3.0624999e-11
-3.0524187e-11
-2.6834679e-11
-3.2137095e-11
-2.9798389e-11
-3.2499999e-11
-3.0383064e-11
-2.9979838e-11
-3.0806451e-11
-2.9395163e-11
-3.3991931e-11
-2.7903227e-11
-2.8024194e-11
-3.1270164e-11
-2.8447581e-11
-2.9173389e-11
-2.8548388e-11
-2.8830646e-11
-3.2923379e-11
-2.872984e-11
-2.8125001e-11
-3.1713708e-11
-2.4556452e-11
-3.2963705e-11
-2.2520161e-11
-3.19758e-11
-2.5403226e-11
-2.9737903e-11
-2.8165323e-11
-3.0887095e-11
-2.9133064e-11
-2.7600807e-11
-3.2197578e-11
-3.19758e-11
-2.6754033e-11
-3.2217739e-11
-2.6209679e-11
-3.2177414e-11
-2.71371e-11
-2.9616937e-11
-2.8629033e-11
-3.4435479e-11
-2.5887096e-11
-3.4637092e-11
-2.6995968e-11
-3.4173383e-11
-2.5786292e-11
-3.1149194e-11
-2.4395161e-11
-3.4173379e-11
-3.3548383e-11
-2.6875e-11
-3.3528218e-11
-2.8911292e-11
-2.8205646e-11
-3.3951609e-11
-2.3508065e-11
-3.4052417e-11
-2.6491935e-11
-3.4415318e-11
-2.5826613e-11
-3.0927417e-11
-3.1391126e-11
-2.9657259e-11
-3.4879023e-11
-2.6612903e-11
-2.780242e-11
-3.0927417e-11
-2.9415324e-11
-3.1794352e-11
-2.9092742e-11
-2.6693548e-11
-3.28629e-11
-2.7439518e-11
-2.9798389e-11
-3.0725807e-11
-3.0766133e-11
-2.9778225e-11
-3.0080643e-11
-3.2540321e-11
-2.8064516e-11
-3.1108869e-11
-2.8951614e-11
-3.07258e-11
-2.6209679e-11
-3.3266122e-11
-2.7620968e-11
-3.1249999e-11
-2.7701614e-11
-2.9919355e-11
-2.905242e-11
-3.0826612e-11
-2.8951615e-11
-2.981855e-11
-3.3366934e-11
-2.9455646e-11
-2.6108872e-11
-3.3266126e-11
-2.7600807e-11
-2.7943549e-11
-3.1754033e-11
-2.8064518e-11
-2.9395163e-11
-2.9254033e-11
-3.0504033e-11
-3.1028222e-11
-2.5362903e-11
-3.4536287e-11
-2.6733872e-11
-3.0665324e-11
-3.0383064e-11
-2.8931453e-11
-2.6754033e-11
-2.9858872e-11
-2.8830646e-11
-3.1834674e-11
-3.2963705e-11
-2.7661292e-11
-3.1411294e-11
-2.780242e-11
-3.0201609e-11
-2.7237903e-11
-3.1874999e-11
-2.9072581e-11
-3.2137092e-11
-2.9374999e-11
-2.8669355e-11
-3.3568544e-11
-3.0423383e-11
-2.9637098e-11
-3.4415311e-11
-2.4072581e-11
-3.1209677e-11
-2.6149196e-11
-3.2157259e-11
-2.8387096e-11
-2.5907259e-11
-3.056452e-11
-2.9637098e-11
-2.8185487e-11
-3.3185482e-11
-3.1068547e-11
-2.5786293e-11
-3.1592739e-11
-2.9294355e-11
-2.7822581e-11
-3.2822581e-11
-2.5786292e-11
-3.2883061e-11
-2.5887096e-11
-2.8286292e-11
-2.8528227e-11
-2.6633066e-11
-2.9939516e-11
-2.7641129e-11
-3.0887095e-11
-2.9737903e-11
-3.1451616e-11
-2.9596776e-11
-2.8649196e-11
-2.9999999e-11
-2.9737907e-11
-2.6733872e-11
-2.9072583e-11
-3.0846773e-11
-3.2157256e-11
-2.7741935e-11
-3.0483869e-11
-3.022178e-11
-2.9717742e-11
-2.7358872e-11
-2.7923388e-11
-2.7862903e-11
-2.9334677e-11
-2.4939516e-11
-3.0362907e-11
-2.7520161e-11
-2.8629033e-11
-3.1310482e-11
-2.6834679e-11
-2.9153225e-11
-2.6370968e-11
-3.1552417e-11
-2.6713709e-11
-3.2903225e-11
-3.0201612e-11
-2.5907259e-11
-3.3366931e-11
-3.1229838e-11
-2.3911291e-11
-3.3024188e-11
-2.6975807e-11
-2.8649194e-11
-2.7439516e-11
-2.8568549e-11
-2.7358872e-11
-2.7620968e-11
-2.8487903e-11
-3.1068547e-11
-2.6391129e-11
-3.1108872e-11
-3.0443547e-11
-3.19758e-11
-3.1068547e-11
-2.6149194e-11
-3.0342742e-11
-2.7278227e-11
-3.3568547e-11
-2.8286292e-11
-2.9798386e-11
-3.2076609e-11
-2.6451613e-11
-3.078629e-11
-2.9838711e-11
-2.810484e-11
-2.7016129e-11
-3.2540318e-11
-2.7278227e-11
-3.2318551e-11
-2.8608872e-11
-2.1149194e-11
-3.8850798e-11
-2.3790322e-11
-3.3447578e-11
-2.9939516e-11
-2.9758064e-11
-3.3306444e-11
-3.0120968e-11
-3.0624999e-11
-2.4919357e-11
-3.0705643e-11
-3.0141129e-11
-3.0907259e-11
-3.141129e-11
-2.9213711e-11
-3.1108872e-11
-2.9616937e-11
-2.8891129e-11
-3.2499996e-11
-2.8487903e-11
-2.7399194e-11
-3.3931448e-11
-3.3407253e-11
-2.7842744e-11
-2.9899194e-11
-2.8084679e-11
-2.9254033e-11
-2.6391129e-11
-3.0826605e-11
-2.953629e-11
-2.9374999e-11
-3.141129e-11
-2.7903227e-11
-2.8608872e-11
-2.6935487e-11
-3.4133064e-11
-2.762097e-11
-3.2983866e-11
-2.7500001e-11
-2.7963709e-11
-3.1209677e-11
-2.5907259e-11
-3.1330643e-11
-3.0221776e-11
-2.8185485e-11
-3.0120968e-11
-2.9697581e-11
-3.1733869e-11
-2.8750001e-11
-2.8951614e-11
-2.6794355e-11
-3.2278222e-11
-2.7419355e-11
-3.1794355e-11
-2.9495968e-11
-2.8508066e-11
-3.1249999e-11
-2.9939513e-11
-2.9838711e-11
-3.1270157e-11
-2.9012097e-11
-3.0100807e-11
-3.2116931e-11
-2.8467742e-11
-2.8911292e-11
-3.4173376e-11
-2.4556452e-11
-3.308467e-11
-2.717742e-11
-2.9778225e-11
-2.6754033e-11
-2.8951612e-11
-3.2298383e-11
-2.7399194e-11
-3.0443547e-11
-2.858871e-11
-3.1915321e-11
-2.9334677e-11
-2.6915322e-11
-2.7741935e-11
-2.9959677e-11
-2.7842742e-11
-2.4717742e-11
-3.4495958e-11
-2.967742e-11
-3.2419352e-11
-2.8084679e-11
-2.3487903e-11
-3.2197578e-11
-2.7903227e-11
-2.6572581e-11
-2.7217742e-11
-3.209677e-11
-3.0181448e-11
-3.0624999e-11
-3.1068551e-11
-2.7520161e-11
-3.2459681e-11
-2.8185485e-11
-3.1108869e-11
-2.8266129e-11
-2.8528227e-11
-2.7036292e-11
-3.1935482e-11
-2.8145162e-11
-2.8790323e-11
-3.0342742e-11
-3.2298383e-11
-2.8064516e-11
-3.1552417e-11
-3.0564513e-11
-2.5645163e-11
-2.9818547e-11
-2.8447581e-11
-3.2540321e-11
-2.9657259e-11
-2.5745968e-11
-2.9516129e-11
-3.3629034e-11
-2.5322581e-11
-3.4919356e-11
-2.4959678e-11
-3.127016e-11
-2.8245968e-11
-2.33871e-11
-3.1068547e-11
-2.6693548e-11
-2.7943549e-11
-3.0181451e-11
-3.2721773e-11
-2.4012096e-11
-3.3790318e-11
-2.9092742e-11
-2.8951614e-11
-3.1633061e-11
-2.8225807e-11
-3.4657253e-11
-2.7943549e-11
-2.8669355e-11
-2.7983872e-11
-2.7681453e-11
-3.0383064e-11
-3.4435475e-11
-2.2016129e-11
-3.2318554e-11
-2.9838711e-11
-2.6391131e-11
-3.0967742e-11
-2.9697581e-11
-2.6995968e-11
-2.9052417e-11
-2.8306453e-11
-2.9354838e-11
-2.9374999e-11
-2.6935485e-11
-3.320564e-11
-2.6048387e-11
-3.1370968e-11
-3.1653225e-11
-2.7721775e-11
-2.7197581e-11
-3.0483869e-11
-2.7701614e-11
-3.3689506e-11
-2.7258066e-11
-2.7883066e-11
-3.1229835e-11
-3.300403e-11
-2.8689516e-11
-2.9596776e-11
-2.5846774e-11
-2.7500001e-11
-2.685484e-11
-3.1431448e-11
-2.9072581e-11
-3.0866937e-11
-2.7217742e-11
-2.3951615e-11
-3.2056448e-11
-2.9334677e-11
-2.9899194e-11
-2.8245968e-11
-2.7741935e-11
-2.7540324e-11
-2.6774194e-11
-2.9495968e-11
-2.8125001e-11
-3.195564e-11
-2.6633066e-11
-2.8770162e-11
-2.9959674e-11
-3.2701609e-11
-2.9254033e-11
-2.8931453e-11
-2.655242e-11
-3.4233866e-11
-3.2419355e-11
-2.8891129e-11
-2.858871e-11
-2.9374999e-11
-2.8245968e-11
-3.1713712e-11
-2.5342742e-11
-2.7419355e-11
-3.266129e-11
-3.0080643e-11
-2.7600807e-11
-2.7943549e-11
-2.7278227e-11
-2.7258066e-11
-3.1250006e-11
-3.1028222e-11
-2.6370968e-11
-3.342741e-11
-2.6008067e-11
-3.0443547e-11
-2.9657259e-11
-2.6229839e-11
-3.1653225e-11
-2.7883066e-11
-2.9495968e-11
-2.8750001e-11
-3.2137092e-11
-2.7399194e-11
-3.2479835e-11
-2.6189516e-11
-3.0846773e-11
-3.0766129e-11
-3.0564513e-11
-2.4072581e-11
-3.0100807e-11
-2.9314516e-11
-2.9516129e-11
-2.9092742e-11
-2.9637098e-11
-2.7600809e-11
-2.6209679e-11
-2.9637095e-11
-3.0483869e-11
-2.8326614e-11
-3.0544352e-11
-2.9274191e-11
-3.3407253e-11
-2.7862903e-11
-3.3165321e-11
-2.4254033e-11
-3.1008064e-11
-2.8508066e-11
-3.4798379e-11
-2.8669355e-11
-3.183467e-11
-2.6108872e-11
-3.3508061e-11
-2.9657259e-11
-2.810484e-11
-2.9254033e-11
-3.252016e-11
-2.780242e-11
-3.0846773e-11
-2.5725807e-11
-2.6290322e-11
-2.9798389e-11
-2.6955646e-11
-3.0463711e-11
-2.842742e-11
-2.9798389e-11
-2.8770162e-11
-2.9495972e-11
-2.4213709e-11
-3.2036287e-11
-2.8689516e-11
-2.7580646e-11
-3.0322581e-11
-2.6653227e-11
-2.7237903e-11
-2.7237903e-11
-2.7883066e-11
-2.8467742e-11
-3.1290318e-11
-2.7258067e-11
-2.9879033e-11
-2.8891129e-11
-2.6209679e-11
-3.1431448e-11
-2.5282259e-11
-3.1149194e-11
-2.4354841e-11
-3.0967739e-11
-2.8044355e-11
-2.9455646e-11
-3.1088708e-11
-2.6774194e-11
-2.7137096e-11
-3.1108869e-11
-2.8870966e-11
-3.0705643e-11
-2.5221774e-11
-3.2116931e-11
-2.8911292e-11
-2.7883066e-11
-3.2983869e-11
-2.9314516e-11
-3.1653229e-11
-3.0282252e-11
-3.0383064e-11
-3.0322581e-11
-2.8306453e-11
-3.3024188e-11
-3.09879e-11
-2.4576613e-11
-3.112903e-11
-3.0282256e-11
-3.0887098e-11
-2.9233872e-11
-2.7258066e-11
-2.9495968e-11
-3.3709674e-11
-2.3165324e-11
-3.042339e-11
-3.1935475e-11
-3.1633061e-11
-3.0020163e-11
-3.0483869e-11
-2.6310485e-11
-3.0403225e-11
-3.0322581e-11
-2.8508066e-11
-3.1733866e-11
-2.6915322e-11
-2.9798389e-11
-3.1209677e-11
-2.6875e-11
-3.1874996e-11
-2.9455646e-11
-2.5463709e-11
-3.1713712e-11
-3.2762095e-11
-2.8346775e-11
-3.5866934e-11
-2.9092742e-11
-2.3629033e-11
-2.9475807e-11
-2.7903227e-11
-3.3124999e-11
-2.4395161e-11
-3.4697575e-11
-2.8185485e-11
-2.6108872e-11
-2.9919355e-11
-3.0504037e-11
-2.9233872e-11
-2.8366936e-11
-3.3528218e-11
-3.0181451e-11
-2.7237903e-11
-3.1895157e-11
-2.4455646e-11
-3.1048383e-11
-3.2499996e-11
-2.4778226e-11
-3.189516e-11
-3.0161294e-11
-2.1814515e-11
-3.5201606e-11
-2.7399194e-11
-2.9657259e-11
-3.030242e-11
-2.9133064e-11
-3.3286283e-11
-2.4697581e-11
-3.127016e-11
-2.7661292e-11
-3.1552413e-11
-2.7520161e-11
-3.0403225e-11
-2.4314516e-11
-2.953629e-11
-2.8407259e-11
-2.8407259e-11
-2.7399194e-11
-2.8971776e-11
-2.8165323e-11
-3.0624999e-11
-2.9435482e-11
-2.8528228e-11
-2.9838708e-11
-3.5221766e-11
-2.5201613e-11
-3.5141123e-11
-2.6209679e-11
-3.1249999e-11
-2.8145162e-11
-2.8810485e-11
-2.6209679e-11
-2.8689516e-11
-3.1149191e-11
-3.0604838e-11
-2.7701614e-11
-2.7358872e-11
-2.8689516e-11
-3.2056448e-11
-2.7258066e-11
-3.1229835e-11
-3.1370965e-11
-2.5322581e-11
-2.3447582e-11
-3.2540318e-11
-2.8850807e-11
-3.1391122e-11
-3.1451609e-11
-2.5141129e-11
-3.3245962e-11
-2.6673387e-11
-3.5907253e-11
-2.4516129e-11
-3.1008064e-11
-3.3870958e-11
-2.9153225e-11
-2.9858869e-11
-2.3991935e-11
-3.6229835e-11
-2.7379033e-11
-2.8568549e-11
-2.8548388e-11
-3.0020163e-11
-3.0120968e-11
-3.0907259e-11
-2.6653227e-11
-3.0766129e-11
-2.7036292e-11
-3.2580636e-11
-2.7379033e-11
-2.9899194e-11
-2.7399194e-11
-3.0403225e-11
-2.6754035e-11
-3.1612907e-11
-2.8770163e-11
-2.967742e-11
-2.6774194e-11
-3.0544355e-11
-2.530242e-11
-3.1068547e-11
-2.625e-11
-3.042339e-11
-3.1532253e-11
-2.8750001e-11
-3.4516126e-11
-2.5040322e-11
-3.2177414e-11
-2.7056453e-11
-2.9354838e-11
-2.6370968e-11
-3.0846773e-11
-2.9516133e-11
-2.8669355e-11
-2.8669355e-11
-2.592742e-11
-3.1834674e-11
-2.8669355e-11
-3.0241934e-11
-2.8629033e-11
-3.1532256e-11
-2.7258066e-11
-3.13508e-11
-3.1814516e-11
-2.8669355e-11
-3.2116934e-11
-2.9153225e-11
-2.4032259e-11
-3.7318541e-11
-2.1955646e-11
-3.2157259e-11
-2.7641129e-11
-2.7822581e-11
-3.0604838e-11
-3.1693544e-11
-2.7741935e-11
-3.2822575e-11
-2.8508066e-11
-2.8487903e-11
-2.780242e-11
-2.5141129e-11
-3.7580637e-11
-2.4737903e-11
-2.8185485e-11
-2.6008065e-11
-3.1068551e-11
-2.8689516e-11
-2.8971775e-11
-2.8508066e-11
-3.1915318e-11
-2.794355e-11
-2.6572581e-11
-3.1028222e-11
-2.6471774e-11
-2.7399196e-11
-3.1068547e-11
-2.7217744e-11
-2.9314516e-11
-2.7358872e-11
-3.237903e-11
-2.7116935e-11
-2.8366936e-11
-2.7600807e-11
-2.6008065e-11
-2.8487903e-11
-2.9213711e-11
-3.2721773e-11
-2.5060485e-11
-3.0907256e-11
-2.8165323e-11
-2.5907259e-11
-3.5241927e-11
-2.6572581e-11
-2.5322581e-11
-2.9657259e-11
-2.6592742e-11
-3.1209677e-11
-3.0221773e-11
-2.8064516e-11
-3.2036287e-11
-2.7520161e-11
-2.9032259e-11
-3.0201616e-11
-3.167339e-11
-2.7338709e-11
-3.1491927e-11
-2.7701614e-11
-2.6088709e-11
-2.7540322e-11
-2.9213711e-11
-2.8387096e-11
-2.8951615e-11
-3.2762095e-11
-2.7056453e-11
-2.905242e-11
-2.8387096e-11
-2.9899194e-11
-3.0846773e-11
-2.9112903e-11
-3.1673383e-11
-2.9133064e-11
-3.0040324e-11
-2.6512096e-11
-3.2076605e-11
-2.2963711e-11
-3.3568547e-11
-2.4879033e-11
-3.1290321e-11
-2.5524194e-11
-3.2177417e-11
-2.8528227e-11
-2.6471774e-11
-3.2560479e-11
-2.9576612e-11
-3.1068547e-11
-3.0483869e-11
-3.1895157e-11
-2.8286292e-11
-3.2116934e-11
-2.6270161e-11
-3.0241934e-11
-3.4737897e-11
-2.5846774e-11
-2.9979838e-11
-2.5544355e-11
-3.2983869e-11
-3.0100807e-11
-2.9334677e-11
-2.8387096e-11
-3.1915321e-11
-3.1411287e-11
-3.2741934e-11
-2.5362903e-11
-3.3588701e-11
-3.0725804e-11
-2.8951614e-11
-2.7076614e-11
-3.2741927e-11
-2.8245968e-11
-3.4092743e-11
-2.5625e-11
-3.0282259e-11
-2.6915322e-11
-3.1673383e-11
-2.870968e-11
-2.8084679e-11
-3.0564516e-11
-2.8991937e-11
-2.5947581e-11
-3.0262098e-11
-2.9576612e-11
-2.9153225e-11
-2.8165323e-11
-2.7943549e-11
-2.9657259e-11
-3.237903e-11
-3.0745968e-11
-2.6431453e-11
-3.4415318e-11
-2.6491937e-11
-3.030242e-11
-3.0383061e-11
-2.7600807e-11
-3.2358869e-11
-2.8951614e-11
-2.6995968e-11
-2.6915322e-11
-2.6330646e-11
-3.3850801e-11
-2.5544355e-11
-3.0100807e-11
-2.4818548e-11
-3.0907252e-11
-2.6653227e-11
-3.0201612e-11
-2.9314516e-11
-3.0080643e-11
-2.6370968e-11
-3.1391126e-11
-2.6713709e-11
-3.0483869e-11
-2.810484e-11
-2.8447581e-11
-2.8971775e-11
-2.9838711e-11
-2.8286292e-11
-2.9012097e-11
-2.3931452e-11
-3.2540325e-11
-2.842742e-11
-2.6189516e-11
-2.967742e-11
-2.6572581e-11
-2.8024194e-11
-2.8810485e-11
-2.9254033e-11
-2.7600807e-11
-2.3366935e-11
-3.3225801e-11
-2.8165323e-11
-2.7096774e-11
-2.780242e-11
-2.231855e-11
-3.2500003e-11
-2.5020161e-11
-2.8931453e-11
-2.7741935e-11
-2.747984e-11
-2.747984e-11
-3.0201612e-11
-2.9798389e-11
-3.0524201e-11
-2.7096774e-11
-2.6169355e-11
-3.2641122e-11
-2.7379033e-11
-3.0766133e-11
-2.5362903e-11
-2.9354838e-11
-3.1592742e-11
-2.5725807e-11
-3.1673383e-11
-2.5866935e-11
-3.0604838e-11
-2.6935485e-11
-3.050403e-11
-2.9717742e-11
-3.1754026e-11
-3.09879e-11
-2.8185485e-11
-3.0947578e-11
-2.4939516e-11
-3.4213705e-11
-2.7358872e-11
-3.078629e-11
-2.5181454e-11
-2.8266129e-11
-2.7862905e-11
-3.209677e-11
-2.8568549e-11
-2.8266129e-11
-3.1028222e-11
-2.8346775e-11
-2.9616937e-11
-2.7298388e-11
-2.9435485e-11
-2.7419355e-11
-2.8245968e-11
-2.9354838e-11
-2.7137096e-11
-3.3245965e-11
-2.3185485e-11
-3.1572574e-11
-2.9838708e-11
-2.9999999e-11
-3.1068547e-11
-3.1572581e-11
-3.0483869e-11
-2.9354838e-11
-2.8346775e-11
-2.9939516e-11
-3.0383068e-11
-2.3810485e-11
-3.2096773e-11
-3.0604838e-11
-2.810484e-11
-2.9838708e-11
-3.1350804e-11
-2.6491935e-11
-2.8044355e-11
-2.810484e-11
-2.4637096e-11
-3.19758e-11
-2.6088709e-11
-2.9495968e-11
-3.183467e-11
-2.2842743e-11
-3.0826609e-11
-2.7237903e-11
-3.1592739e-11
-2.9758064e-11
-3.0524198e-11
-3.1290318e-11
-2.919355e-11
-2.4858872e-11
-3.0120972e-11
-2.7278227e-11
-2.7641129e-11
-2.7963709e-11
-2.9173389e-11
-2.7842742e-11
-2.8669355e-11
-2.9778225e-11
-2.7983872e-11
-2.8971775e-11
-2.8165323e-11
-2.8225807e-11
-2.8225807e-11
-3.0826612e-11
-2.5463709e-11
-2.7963711e-11
-3.0080646e-11
-2.4818548e-11
-2.8790323e-11
-2.8185485e-11
-2.7217742e-11
-3.4737897e-11
-2.6310485e-11
-2.7862903e-11
-2.8790323e-11
-3.0282256e-11
-2.6915322e-11
-2.7116935e-11
-2.8790323e-11
-2.9374999e-11
-3.1814513e-11
-3.0806451e-11
-3.0584674e-11
-3.3326609e-11
-2.6935485e-11
-2.9778222e-11
-3.0262098e-11
-2.9435485e-11
-3.1653225e-11
-2.592742e-11
-2.8951614e-11
-2.8084679e-11
-3.0362903e-11
-2.6955646e-11
-3.0705643e-11
-2.6875e-11
-3.4536284e-11
-2.8387096e-11
-3.0604842e-11
-3.3064513e-11
-3.0665324e-11
-2.7439516e-11
-3.1693547e-11
-2.6995968e-11
-3.4032249e-11
-2.5403226e-11
-3.0846777e-11
-3.1431451e-11
-2.6532259e-11
-3.4899188e-11
-2.4375e-11
-3.3870965e-11
-2.5685485e-11
-3.1592742e-11
-2.8971775e-11
-2.6955646e-11
-3.016129e-11
-3.3286283e-11
-2.981855e-11
-3.0221776e-11
-3.2883061e-11
-2.4395161e-11
-3.391129e-11
-2.5524194e-11
-3.0685478e-11
-2.7520161e-11
-2.7076614e-11
-3.1915325e-11
-2.9274194e-11
-2.794355e-11
-3.2822575e-11
-2.9173389e-11
-3.0483869e-11
-3.2016126e-11
-2.4112903e-11
-3.3608866e-11
-2.5e-11
-2.6995968e-11
-3.5463701e-11
-2.2177421e-11
-3.5403225e-11
-2.3326613e-11
-3.2721777e-11
-3.0383064e-11
-2.9274194e-11
-3.1451609e-11
-2.842742e-11
-2.4092742e-11
-3.5181448e-11
-2.6048389e-11
-2.794355e-11
-3.252016e-11
-2.0383065e-11
-3.3951609e-11
-2.8447581e-11
-2.9213708e-11
-2.7036292e-11
-3.2701612e-11
-2.7923388e-11
-3.09879e-11
-3.127016e-11
-2.8266129e-11
-3.1108869e-11
-2.7217744e-11
-2.872984e-11
-3.0080643e-11
-2.9415324e-11
-2.9374999e-11
-2.4939516e-11
-2.8346775e-11
-3.0040321e-11
-2.5262096e-11
-2.8850807e-11
-3.0342742e-11
-2.7520161e-11
-3.1008064e-11
-2.8709679e-11
-3.0100807e-11
-3.1411287e-11
-3.064516e-11
-2.7701614e-11
-3.2439513e-11
-2.7258066e-11
-2.9374999e-11
-2.8891129e-11
-2.7399194e-11
-3.0524191e-11
-3.1673393e-11
-2.6693548e-11
-2.7883066e-11
-2.858871e-11
-3.1350804e-11
-2.7520161e-11
-2.8629033e-11
-3.2741934e-11
-3.0604838e-11
-2.6814516e-11
-2.3588709e-11
-3.2076609e-11
-2.4778226e-11
-3.2883061e-11
-3.1854835e-11
-2.592742e-11
-2.9354838e-11
-2.6451613e-11
-3.3165321e-11
-2.9637095e-11
-3.0947578e-11
-2.953629e-11
-3.1209677e-11
-2.5846774e-11
-3.2399191e-11
-2.6471776e-11
-2.6592742e-11
-2.9334677e-11
-2.7258066e-11
-2.9294355e-11
-3.0100807e-11
-2.9838711e-11
-2.7056453e-11
-3.0665324e-11
-2.7520161e-11
-3.1209677e-11
-2.7116935e-11
-2.8266129e-11
-3.1491934e-11
-2.8770162e-11
-2.9233872e-11
-2.4193548e-11
-2.7056453e-11
-2.6592742e-11
-3.3870965e-11
-2.4879033e-11
-3.4395153e-11
-2.6068548e-11
-3.0403222e-11
-2.4899196e-11
-2.8508066e-11
-3.0100807e-11
-2.842742e-11
-2.8810485e-11
-3.1189516e-11
-2.6310485e-11
-2.9596776e-11
-3.0745968e-11
-2.7358874e-11
-3.1169352e-11
-2.9395163e-11
-2.5020161e-11
-3.1733872e-11
-2.8185485e-11
-2.7399194e-11
-3.1290321e-11
-2.4133065e-11
-3.5322575e-11
-2.5967742e-11
-3.2600807e-11
-2.6834679e-11
-3.1592742e-11
-2.7076614e-11
-2.6955646e-11
-2.7963709e-11
-3.175403e-11
-3.1249999e-11
-2.6814516e-11
-3.1229831e-11
-2.8487903e-11
-2.3830646e-11
-3.3508054e-11
-2.6774194e-11
-2.9596776e-11
-2.6108872e-11
-2.4213709e-11
-3.1451616e-11
-2.4153226e-11
-3.1532256e-11
-2.6209679e-11
-3.0745968e-11
-2.981855e-11
-3.1834674e-11
-2.9233872e-11
-2.9999999e-11
-2.7943549e-11
-3.2338708e-11
-2.4919355e-11
-3.1229835e-11
-3.0504033e-11
-3.0524191e-11
-2.7318548e-11
-2.8407259e-11
-2.9455646e-11
-3.0524191e-11
-3.0725804e-11
-2.7459679e-11
-3.064516e-11
-2.8810485e-11
-2.9576612e-11
-2.9758064e-11
-2.7459679e-11
-3.030242e-11
-2.5725807e-11
-3.0624996e-11
-2.9959677e-11
-2.7741935e-11
-3.5181445e-11
-2.7782259e-11
-2.7762096e-11
-2.7782261e-11
-3.0604838e-11
-3.064516e-11
-3.0624999e-11
-2.9596776e-11
-2.8084679e-11
-2.4092742e-11
-3.431451e-11
-2.5604839e-11
-3.2963708e-11
-2.6814518e-11
-2.5866935e-11
-2.9415324e-11
-2.9112903e-11
-2.7822581e-11
-3.2903225e-11
-3.2419359e-11
-2.1008067e-11
-3.4032253e-11
-2.3286291e-11
-3.5342736e-11
-2.8044355e-11
-2.6733872e-11
-2.9173389e-11
-2.9596776e-11
-2.5705646e-11
-3.0745968e-11
-2.7419355e-11
-2.717742e-11
-3.0060485e-11
-2.6330646e-11
-2.5362903e-11
-3.0201616e-11
-2.7903227e-11
-3.5584667e-11
-2.6431453e-11
-2.8709679e-11
-3.1874996e-11
-2.7600807e-11
-2.9556451e-11
-2.8810485e-11
-2.3387096e-11
-3.0967742e-11
-2.7983874e-11
-2.7943549e-11
-2.7157259e-11
-2.872984e-11
-2.7741937e-11
-3.203629e-11
-2.717742e-11
-2.217742e-11
-3.2721777e-11
-2.8044357e-11
-3.1088708e-11
-3.4415318e-11
-2.6955646e-11
-2.8286292e-11
-3.175403e-11
-2.5665322e-11
-3.1129033e-11
-3.1471773e-11
-2.9798389e-11
-2.717742e-11
-2.8548388e-11
-3.0262098e-11
-3.0141126e-11
-2.780242e-11
-2.8366936e-11
-3.1350811e-11
-2.6935485e-11
-2.9475807e-11
-3.0806451e-11
-3.1834674e-11
-2.6875e-11
-2.9838711e-11
-2.9495968e-11
-2.5544355e-11
-3.1552417e-11
-2.6995968e-11
-2.7943549e-11
-2.824597e-11
-3.1290321e-11
-2.6451613e-11
-2.9153228e-11
-2.8810485e-11
-2.9435485e-11
-2.7520161e-11
-2.717742e-11
-2.8185485e-11
-3.5302414e-11
-2.0322582e-11
-3.4858869e-11
-2.7016129e-11
-2.7822581e-11
-2.7681453e-11
-3.0201612e-11
-2.5362903e-11
-3.0120968e-11
-3.0262098e-11
-3.1592742e-11
-2.8004033e-11
-2.4415322e-11
-3.2258061e-11
-2.9879033e-11
-3.4112897e-11
-2.3931452e-11
-2.9657259e-11
-2.4778226e-11
-3.3064509e-11
-2.1733872e-11
-3.4717739e-11
-2.5967742e-11
-3.4697575e-11
-2.5725807e-11
-2.9334681e-11
-3.0322574e-11
-3.1129026e-11
-2.5806452e-11
-3.2076609e-11
-3.0342742e-11
-2.3084678e-11
-3.4213708e-11
-2.2822582e-11
-3.3306448e-11
-3.4919342e-11
-2.6068548e-11
-2.8004033e-11
-2.8245968e-11
-2.7459679e-11
-3.155242e-11
-2.9374999e-11
-2.9455646e-11
-2.8125001e-11
-3.5544352e-11
-2.5463709e-11
-3.0302417e-11
-2.9596776e-11
-2.8125001e-11
-2.9314516e-11
-3.1895157e-11
-3.0443547e-11
-3.3185479e-11
-2.7358872e-11
-2.9213711e-11
-3.1975804e-11
-2.5705646e-11
-2.7560485e-11
-2.9314516e-11
-2.810484e-11
-2.9697581e-11
-3.1794345e-11
-2.6633066e-11
-2.9173389e-11
-3.0624999e-11
-3.0201616e-11
-2.8245968e-11
-2.7822581e-11
-3.0221776e-11
-2.9133064e-11
-2.8004033e-11
-2.7580646e-11
-3.1189513e-11
-2.5181452e-11
-3.1290321e-11
-2.7701614e-11
-3.2419352e-11
-2.8125001e-11
-3.1491934e-11
-2.3387096e-11
-3.0423383e-11
-2.8326614e-11
-3.3508057e-11
-3.0665324e-11
-2.8145162e-11
-3.195564e-11
-2.7641129e-11
-2.8689516e-11
-3.0483869e-11
-2.6350807e-11
-3.2399191e-11
-2.7338709e-11
-2.5786292e-11
-2.9798389e-11
-3.3165321e-11
-2.6713709e-11
-2.8125001e-11
-2.7177422e-11
-2.5907259e-11
-3.0524191e-11
-3.2036283e-11
-2.9274191e-11
-3.1633057e-11
-2.7661292e-11
-2.9475807e-11
-2.625e-11
-3.1370968e-11
-2.9032259e-11
-3.2076612e-11
-2.5745968e-11
-3.5947578e-11
-2.5463709e-11
-3.1532253e-11
-3.0080643e-11
-2.512097e-11
-3.1249999e-11
-2.8669355e-11
-2.6068548e-11
-3.0100807e-11
-3.167339e-11
-3.0141129e-11
-2.4939516e-11
-3.2903222e-11
-2.5907259e-11
-2.625e-11
-3.0604838e-11
-2.6370968e-11
-3.4838705e-11
-2.5241935e-11
-2.8508066e-11
-3.4072575e-11
-2.717742e-11
-3.0120968e-11
-3.0463715e-11
-2.9758064e-11
-3.1169348e-11
-2.905242e-11
-2.7137096e-11
-3.445564e-11
-2.8286292e-11
-3.4879027e-11
-2.7016129e-11
-3.3205643e-11
-3.0161294e-11
-2.9173389e-11
-2.8064516e-11
-2.9314516e-11
-2.375e-11
-2.981855e-11
-2.8951615e-11
-2.8548388e-11
-2.6108872e-11
-3.167339e-11
-2.6048387e-11
-3.0927417e-11
-2.7258066e-11
-2.7217742e-11
-2.8629033e-11
-2.9838711e-11
-2.9758064e-11
-2.953629e-11
-3.1512092e-11
-2.5725807e-11
-3.0362903e-11
-2.9959677e-11
-2.9798389e-11
-2.8467742e-11
-3.1512095e-11
-2.6532261e-11
-3.1592739e-11
-3.2358866e-11
-2.7580646e-11
-2.8911292e-11
-2.7116935e-11
-2.6290322e-11
-3.2076612e-11
-3.1330643e-11
-2.7399194e-11
-3.3044349e-11
-3.030242e-11
-2.9596776e-11
-3.3810482e-11
-2.625e-11
-3.2459677e-11
-2.8770162e-11
-2.9092742e-11
-2.8669355e-11
-2.8790323e-11
-2.6169355e-11
-2.967742e-11
-2.9435485e-11
-2.2822581e-11
-3.1653225e-11
-2.810484e-11
-3.2721773e-11
-2.8790323e-11
-2.7358872e-11
-3.1209677e-11
-2.7862903e-11
-2.7963709e-11
-3.0604838e-11
-2.3891129e-11
-3.3185482e-11
-3.0020163e-11
-3.0504033e-11
-3.0100807e-11
-3.1068551e-11
-2.7358872e-11
-3.5342736e-11
-2.6068548e-11
-2.5262096e-11
-3.1491934e-11
-2.6754033e-11
-3.1310485e-11
-2.5383065e-11
-3.3729835e-11
-2.6008065e-11
-3.6713705e-11
-2.5907259e-11
-2.9153225e-11
-2.9314516e-11
-3.0241934e-11
-3.1532256e-11
-3.2338705e-11
-2.6995968e-11
-3.3245965e-11
-2.8346775e-11
-2.6895163e-11
-3.1290321e-11
-2.7782259e-11
-3.3891126e-11
-2.780242e-11
-2.7459679e-11
-3.1189516e-11
-2.7782259e-11
-2.9495968e-11
-2.8870968e-11
-2.9899194e-11
-2.7681453e-11
-2.9334677e-11
-2.8689518e-11
-3.050403e-11
-2.9758064e-11
-2.919355e-11
-2.953629e-11
-2.9274191e-11
-2.592742e-11
-3.3165325e-11
-2.9254033e-11
-3.2399191e-11
-3.0060485e-11
-2.7822581e-11
-3.2600804e-11
-2.7500002e-11
-2.9173389e-11
-3.0100804e-11
-2.5665322e-11
-2.8810485e-11
-3.2600804e-11
-2.5866935e-11
-2.7641129e-11
-3.042339e-11
-2.530242e-11
-3.2540318e-11
-2.808468e-11
-2.9999999e-11
-2.6169355e-11
-3.4274191e-11
-2.6370968e-11
-2.8891129e-11
-2.7721775e-11
-2.5766129e-11
-3.4979825e-11
-2.8245968e-11
-3.0504033e-11
-2.8911292e-11
-3.1028222e-11
-2.4032259e-11
-3.1713708e-11
-2.5362903e-11
-3.2318544e-11
-2.5665322e-11
-3.1229835e-11
-2.5262096e-11
-2.8931453e-11
-3.3266126e-11
-2.4919355e-11
-3.0423383e-11
-2.7580646e-11
-2.9274194e-11
-2.3850807e-11
-3.1249996e-11
-2.9798389e-11
-2.8991936e-11
-3.1129033e-11
-2.8850807e-11
-2.6814518e-11
-2.9959684e-11
-2.5383065e-11
-3.1995968e-11
-3.1330639e-11
-3.0584677e-11
-2.747984e-11
-2.6491935e-11
-2.9616937e-11
-2.7237903e-11
-3.2721773e-11
-2.7540322e-11
-3.2217739e-11
-2.7620968e-11
-3.4012092e-11
-2.5967742e-11
-3.2862896e-11
-2.4032259e-11
-3.2217739e-11
-2.8125001e-11
-3.016129e-11
-3.1028222e-11
-3.1290321e-11
-2.8528227e-11
-3.2620965e-11
-2.7056453e-11
-3.41129e-11
-3.0483869e-11
-3.050403e-11
-2.6975807e-11
-2.6713709e-11
-2.5645161e-11
-2.7903227e-11
-3.1451612e-11
-2.9979838e-11
-2.7782259e-11
-2.9475807e-11
-2.9274194e-11
-2.8306453e-11
-3.0564513e-11
-2.6935485e-11
-2.7782259e-11
-2.8084679e-11
-3.3810482e-11
-2.7318548e-11
-2.6129033e-11
-3.1028222e-11
-2.5604839e-11
-3.1008064e-11
-3.1209677e-11
-2.9818547e-11
-3.0100807e-11
-2.8689516e-11
-3.1229835e-11
-2.7600807e-11
-2.9314516e-11
-2.8649194e-11
-2.7500001e-11
-2.9032259e-11
-3.2177417e-11
-2.7500001e-11
-3.2620965e-11
-2.8467742e-11
-3.0745965e-11
-2.9415324e-11
-3.1592735e-11
-3.167339e-11
-2.8225807e-11
-3.1754033e-11
-2.8447581e-11
-3.5141126e-11
-2.6149194e-11
-3.0524191e-11
-2.5584678e-11
-3.2419352e-11
-2.7036292e-11
-3.1370968e-11
-2.7721775e-11
-3.5403225e-11
-2.685484e-11
-2.8971775e-11
-2.9677417e-11
-3.0120968e-11
-2.4213709e-11
-3.3971766e-11
-2.4395161e-11
-3.4717736e-11
-3.1572581e-11
-2.3467742e-11
-3.5846767e-11
-2.6774196e-11
-2.7923388e-11
-3.2318551e-11
-2.5342742e-11
-3.0766129e-11
-2.9939516e-11
-2.981855e-11
-2.9374999e-11
-3.1310482e-11
-2.8346775e-11
-3.1854835e-11
-2.6633066e-11
-2.9314516e-11
-2.9596776e-11
-2.7036292e-11
-3.1451609e-11
-2.8225807e-11
-2.4556454e-11
-3.0120968e-11
-2.7842742e-11
-2.7338709e-11
-2.9072581e-11
-3.1108869e-11
-2.9556451e-11
-2.7016129e-11
-2.8911292e-11
-2.9637098e-11
-2.9012097e-11
-2.6532259e-11
-2.8366936e-11
-2.8125001e-11
-3.1834674e-11
-2.7540322e-11
-3.0624996e-11
-2.6975807e-11
-2.8306453e-11
-3.0806451e-11
-2.2862903e-11
-3.2217742e-11
-2.6129033e-11
-3.042339e-11
-3.3286283e-11
-2.6774194e-11
-3.2701605e-11
-2.4254033e-11
-3.1391122e-11
-2.5161291e-11
-3.0201612e-11
-2.9092742e-11
-2.780242e-11
-2.8508066e-11
-3.1754026e-11
-3.1794355e-11
-2.6713709e-11
-2.9415324e-11
-2.6088709e-11
-3.3447575e-11
-2.3366935e-11
-2.9637098e-11
-3.1290318e-11
-2.5625e-11
-2.8548388e-11
-2.8770162e-11
-2.9616937e-11
-2.6935485e-11
-2.9354838e-11
-3.0504033e-11
-3.2580643e-11
-2.7338711e-11
-3.2943544e-11
-3.1713708e-11
-2.7661292e-11
-3.0362903e-11
-3.2056451e-11
-2.4717743e-11
-2.9072579e-11
-2.7157259e-11
-2.9657259e-11
-2.7762096e-11
-3.1633061e-11
-2.6834679e-11
-3.1169355e-11
-2.2661291e-11
-2.7641129e-11
-3.5262088e-11
-2.3991935e-11
-3.2358869e-11
-3.0524187e-11
-2.7076614e-11
-3.0987903e-11
-2.8185485e-11
-2.6391129e-11
-3.5806448e-11
-2.6149194e-11
-2.8971775e-11
-3.2137099e-11
-2.8649194e-11
-2.8225807e-11
-3.3810479e-11
-2.6733872e-11
-2.780242e-11
-3.0342742e-11
-3.078629e-11
-3.1310485e-11
-2.9657259e-11
-2.8649196e-11
-3.0282259e-11
-2.9919355e-11
-3.112903e-11
-3.09879e-11
-3.0967739e-11
-2.9233872e-11
-2.9032259e-11
-2.9516129e-11
-2.9778225e-11
-3.1209674e-11
-3.1169355e-11
-2.5625e-11
-2.7620968e-11
-3.1532256e-11
-2.7762096e-11
-3.0221776e-11
-2.4435485e-11
-3.3891123e-11
-2.6955646e-11
-2.9455646e-11
-2.9374995e-11
-2.8427422e-11
-2.9233872e-11
-2.7096774e-11
-3.377016e-11
-2.8608872e-11
-2.5967742e-11
-2.9717742e-11
-2.7237903e-11
-3.0282259e-11
-3.0745965e-11
-3.1209677e-11
-3.1673383e-11
-2.9616937e-11
-2.9879033e-11
-2.7923388e-11
-3.2842735e-11
-2.6270161e-11
-2.6491935e-11
-3.0322581e-11
-3.2459674e-11
-2.8044357e-11
-3.2802417e-11
-2.8205646e-11
-2.9556451e-11
-2.7520161e-11
-3.0241934e-11
-3.2661287e-11
-2.683468e-11
-2.8084679e-11
-3.3266133e-11
-2.9596776e-11
-2.6350807e-11
-3.2923383e-11
-2.2883065e-11
-3.2560482e-11
-2.8145163e-11
-2.7661292e-11
-2.6229839e-11
-3.0040324e-11
-2.8407259e-11
-2.9294355e-11
-2.7157261e-11
-2.780242e-11
-3.0141129e-11
-2.9395163e-11
-2.8508066e-11
-2.7076614e-11
-2.858871e-11
-2.5443548e-11
-3.2298386e-11
-2.4717742e-11
-3.1834677e-11
-2.4616935e-11
-3.0362903e-11
-2.6310485e-11
-3.1310482e-11
-2.7903227e-11
-2.8487903e-11
-2.6532259e-11
-3.0483869e-11
-2.5907259e-11
-2.9899194e-11
-2.7862903e-11
-3.2540318e-11
-2.5100807e-11
-3.0221776e-11
-2.7782259e-11
-3.092742e-11
-3.0947581e-11
-3.1189516e-11
-2.4354839e-11
-3.4758058e-11
-2.0302419e-11
-3.1310485e-11
-2.7721775e-11
-2.8508066e-11
-3.1108869e-11
-2.5342742e-11
-3.2116938e-11
-2.6935485e-11
-3.1209677e-11
-2.8810485e-11
-2.731855e-11
-2.5504033e-11
-2.9314516e-11
-2.9697581e-11
-3.3810482e-11
-2.7500001e-11
-3.0201612e-11
-3.1552417e-11
-2.8891129e-11
-2.858871e-11
-2.981855e-11
-2.5443548e-11
-3.3245968e-11
-3.0181451e-11
-3.1794348e-11
-2.9213711e-11
-2.5040322e-11
-2.9778225e-11
-3.1733866e-11
-2.8971775e-11
-2.919355e-11
-3.1108872e-11
-2.6754033e-11
-3.4354835e-11
-2.6330646e-11
-2.8467742e-11
-2.810484e-11
-2.8245968e-11
-2.8830646e-11
-3.09879e-11
-2.7620968e-11
-3.1209677e-11
-2.8487903e-11
-2.9112903e-11
-2.6532259e-11
-3.3588701e-11
-2.5524194e-11
-3.195564e-11
-3.1532253e-11
-2.6129033e-11
-2.8588711e-11
-3.1229831e-11
-2.1854839e-11
-3.0423383e-11
-3.0282256e-11
-2.7661292e-11
-2.9919355e-11
-3.3205636e-11
-2.2217742e-11
-3.0443547e-11
-2.6915322e-11
-2.7298389e-11
-3.0322581e-11
-2.7963709e-11
-2.4758065e-11
-3.3649191e-11
-2.6310485e-11
-2.7842742e-11
-3.0504033e-11
-2.842742e-11
-2.8044355e-11
-2.9838711e-11
-2.7157259e-11
-3.1693544e-11
-2.8669355e-11
-2.7943549e-11
-3.0080643e-11
-2.6895163e-11
-2.9939516e-11
-2.6209679e-11
-3.0322581e-11
-2.3185487e-11
-3.3528222e-11
-3.1169352e-11
-2.967742e-11
-3.0544355e-11
-3.0705643e-11
-2.9153222e-11
-2.8931454e-11
-2.981855e-11
-2.5241935e-11
-3.0846773e-11
-2.6673387e-11
-3.1088708e-11
-2.5826613e-11
-3.112903e-11
-2.8991936e-11
-2.9254033e-11
-2.5947581e-11
-2.8971775e-11
-2.8870966e-11
-2.4173387e-11
-3.709677e-11
-2.5766129e-11
-2.9677417e-11
-3.3044352e-11
-2.7076614e-11
-2.8044355e-11
-2.9516129e-11
-2.7016131e-11
-3.370967e-11
-2.4475809e-11
-3.2883057e-11
-2.842742e-11
-2.9999999e-11
-3.0120972e-11
-2.4879035e-11
-3.3225797e-11
-2.8024194e-11
-2.8931453e-11
-3.0705646e-11
-2.4637096e-11
-3.0907256e-11
-2.3689516e-11
-2.9596776e-11
-2.8245968e-11
-2.8750001e-11
-2.8266129e-11
-3.0080643e-11
-2.9395163e-11
-2.9233869e-11
-3.3447571e-11
-2.5020161e-11
-3.016129e-11
-2.8790323e-11
-2.3810485e-11
-3.2056451e-11
-2.3044355e-11
-3.1532256e-11
-2.8245968e-11
-2.7036292e-11
-2.8709679e-11
-2.9778225e-11
-2.8528227e-11
-2.9556451e-11
-2.5322581e-11
-3.1874992e-11
-2.7016129e-11
-2.9374999e-11
-2.7762096e-11
-3.2983866e-11
-2.4899194e-11
-3.2681444e-11
-2.6330646e-11
-2.9657259e-11
-2.9737907e-11
-3.0584677e-11
-2.7701614e-11
-2.9798389e-11
-2.8346775e-11
-2.8911292e-11
-2.9999999e-11
-2.4556452e-11
-2.7560485e-11
-2.6633066e-11
-3.0806451e-11
-2.5987903e-11
-2.5e-11
-2.9616934e-11
-2.8286292e-11
-2.8810485e-11
-3.0705646e-11
-3.1169355e-11
-2.7197581e-11
-3.0846773e-11
-2.780242e-11
-2.6995968e-11
-2.8709679e-11
-2.7540322e-11
-3.2459674e-11
-2.9133064e-11
-2.6391129e-11
-2.8286292e-11
-2.8286292e-11
-3.1370968e-11
-3.0403225e-11
-2.7903227e-11
-3.2802414e-11
-2.3790322e-11
-3.1149191e-11
-3.1653222e-11
-2.3588709e-11
-2.8487903e-11
-3.2681448e-11
-2.8346775e-11
-3.0846773e-11
-2.8931453e-11
-3.0141129e-11
-2.8326614e-11
-2.5806452e-11
-2.7459679e-11
-3.0866934e-11
-2.8387096e-11
-2.8830646e-11
-2.9112903e-11
-2.9657259e-11
-2.9133064e-11
-2.9516129e-11
-2.6633066e-11
-2.8870968e-11
-2.9475807e-11
-2.7439516e-11
-2.9778225e-11
-2.6955646e-11
-3.1693544e-11
-2.6592742e-11
-2.8548388e-11
-2.9879033e-11
-2.4536291e-11
-2.9374999e-11
-2.967742e-11
-2.6048387e-11
-3.1612903e-11
-2.6350807e-11
-3.0221773e-11
-2.981855e-11
-2.9435485e-11
-2.5846774e-11
-2.9939516e-11
-2.9677417e-11
-2.9374999e-11
-2.7500001e-11
-3.2641122e-11
-3.1995965e-11
-2.6008065e-11
-3.0826612e-11
-2.7237903e-11
-2.8185485e-11
-2.8467742e-11
-2.9173389e-11
-2.6189516e-11
-3.2923383e-11
-2.7560485e-11
-2.9112903e-11
-3.1653222e-11
-3.0181451e-11
-2.637097e-11
-3.2116934e-11
-2.6229839e-11
-2.8528227e-11
-2.7741935e-11
-2.7439516e-11
-3.0362903e-11
-2.3346774e-11
-3.141129e-11
-2.9616937e-11
-2.5383065e-11
-3.0362903e-11
-2.8125001e-11
-2.5685485e-11
-3.2298379e-11
-2.7379033e-11
-2.6774196e-11
-3.2439513e-11
-2.7641129e-11
-3.0826609e-11
-2.8084679e-11
-3.0624996e-11
-2.4112903e-11
-3.2419355e-11
-2.7157259e-11
-3.0322581e-11
-2.7540322e-11
-2.9919352e-11
-2.5221774e-11
-3.3669359e-11
-2.106855e-11
-3.2116934e-11
-2.8669355e-11
-2.9254033e-11
-2.7217742e-11
-2.7096774e-11
-2.6633066e-11
-2.9213711e-11
-2.7459679e-11
-2.7338709e-11
-3.064516e-11
-2.8366936e-11
-2.5786292e-11
-2.8528227e-11
-2.9294355e-11
-2.5282259e-11
-2.8750001e-11
-2.9556451e-11
-2.6229839e-11
-3.0745965e-11
-2.5060485e-11
-2.9516129e-11
-2.8004033e-11
-3.2741934e-11
-2.8608872e-11
-2.8810485e-11
-2.8326614e-11
-2.8084679e-11
-3.0120968e-11
-2.5907259e-11
-3.0020163e-11
-2.5745968e-11
-3.0423383e-11
-2.9254033e-11
-2.5e-11
-2.9012097e-11
-2.9858872e-11
-2.7358874e-11
-2.8830646e-11
-2.8487903e-11
-2.6612903e-11
-3.042339e-11
-2.8064516e-11
-2.7862903e-11
-2.8790323e-11
-2.7056453e-11
-2.9758064e-11
-2.5181452e-11
-2.8971775e-11
-2.8024194e-11
-2.9455646e-11
-2.9012097e-11
-2.8145162e-11
-2.7439516e-11
-3.1653225e-11
-2.4556452e-11
-3.0262098e-11
-2.5221774e-11
-2.7963709e-11
-2.919355e-11
-2.7822581e-11
-2.9314516e-11
-3.0443547e-11
-2.717742e-11
-3.3870965e-11
-2.7963709e-11
-3.2338708e-11
-2.9032259e-11
-2.5725809e-11
-2.9798389e-11
-2.6975807e-11
-2.9153225e-11
-2.9657259e-11
-3.0806451e-11
-2.5866935e-11
-3.2580643e-11
-2.7923388e-11
-3.1491934e-11
-2.6411292e-11
-2.4294355e-11
-2.7822581e-11
-3.2620968e-11
-2.6270161e-11
-2.7560485e-11
-3.0685478e-11
-2.4032261e-11
-3.1733866e-11
-2.8326614e-11
-3.1169355e-11
-3.0322581e-11
-2.8024194e-11
-3.4274191e-11
-2.7600807e-11
-3.3447575e-11
-3.0967739e-11
-2.5544357e-11
-2.8024194e-11
-2.7923388e-11
-3.1633061e-11
-2.9153225e-11
-2.6491935e-11
-3.141129e-11
-2.4495968e-11
-3.0241934e-11
-2.8931453e-11
-3.1129026e-11
-2.5604839e-11
-3.3971773e-11
-2.4233872e-11
-3.1512095e-11
-2.5282259e-11
-3.0745968e-11
-2.7641129e-11
-3.1693544e-11
-2.7822581e-11
-3.16129e-11
-2.4616935e-11
-2.7762096e-11
-3.3346766e-11
-2.5725807e-11
-3.0947578e-11
-2.3669355e-11
-2.953629e-11
-2.8850807e-11
-3.1512095e-11
-2.6471774e-11
-2.7641129e-11
-2.7883066e-11
-2.6068548e-11
-3.3629023e-11
-2.9012097e-11
-2.6008065e-11
-3.1048386e-11
-2.9112903e-11
-3.1068544e-11
-3.1532256e-11
-2.7782259e-11
-2.6794355e-11
-3.0020163e-11
-2.685484e-11
-3.1290321e-11
-3.1572581e-11
-2.6491935e-11
-3.0100807e-11
-2.967742e-11
-2.5665322e-11
-2.8608872e-11
-2.4475807e-11
-3.1532253e-11
-2.6370968e-11
-3.1995961e-11
-2.7338709e-11
-2.7217742e-11
-2.9939516e-11
-3.0020163e-11
-3.0080643e-11
-2.6592742e-11
-3.2318544e-11
-2.4395161e-11
-3.2419355e-11
-2.7520161e-11
-2.8629033e-11
-3.0201612e-11
-2.592742e-11
-2.6794355e-11
-2.905242e-11
-3.1350804e-11
-2.4536291e-11
-3.3749996e-11
-2.7318548e-11
-3.1088711e-11
-2.6129033e-11
-2.7137096e-11
-2.842742e-11
-2.8931453e-11
-2.7641129e-11
-2.7116935e-11
-2.7983872e-11
-2.6592742e-11
-3.0221776e-11
-2.2620968e-11
-2.9778225e-11
-2.8366936e-11
-2.8326614e-11
-2.5826613e-11
-2.9657259e-11
-2.8528227e-11
-2.9758064e-11
-3.0040324e-11
-2.7580646e-11
-2.8568549e-11
-2.9899191e-11
-2.8044355e-11
-2.7721775e-11
-3.3225797e-11
-2.1733872e-11
-3.0322581e-11
-3.2217739e-11
-2.4697581e-11
-3.1572574e-11
-2.8044355e-11
-2.7318548e-11
-2.8568549e-11
-2.6330646e-11
-3.0645163e-11
-3.1028222e-11
-2.4112903e-11
-3.2056448e-11
-2.592742e-11
-2.9455646e-11
-2.4274194e-11
-3.0120968e-11
-2.9092742e-11
-2.7862903e-11
-2.747984e-11
-2.8770162e-11
-2.9153225e-11
-3.175403e-11
-2.1975807e-11
-3.2217742e-11
-2.3044355e-11
-3.3608866e-11
-3.0362903e-11
-2.939516e-11
-2.8145162e-11
-2.9879033e-11
-2.8750001e-11
-2.6350807e-11
-2.8911292e-11
-3.1088708e-11
-2.7278227e-11
-2.9758064e-11
-2.6915322e-11
-3.1249999e-11
-2.7157259e-11
-3.2963705e-11
-2.3064516e-11
-3.0100807e-11
-2.4133065e-11
-3.0483872e-11
-2.8951614e-11
-2.4818548e-11
-2.8891129e-11
-2.7721775e-11
-3.1431444e-11
-2.5383065e-11
-2.9879033e-11
-2.5221774e-11
-3.1592739e-11
-2.6774194e-11
-3.1995965e-11
-2.4596774e-11
-2.6370968e-11
-2.7116935e-11
-2.9616937e-11
-3.0604838e-11
-2.7762096e-11
-2.8225807e-11
-3.0241934e-11
-3.1431448e-11
-2.7137096e-11
-3.0745965e-11
-2.8991936e-11
-2.7379033e-11
-2.8326614e-11
-3.0745968e-11
-2.5262096e-11
-2.9959677e-11
-2.8326614e-11
-2.9274194e-11
-3.0624999e-11
-2.5705646e-11
-2.8790323e-11
-2.5443548e-11
-3.16129e-11
-2.7116935e-11
-2.7600807e-11
-2.4173387e-11
-2.8185485e-11
-2.8649194e-11
-3.0282256e-11
-2.5947581e-11
-2.8991936e-11
-2.7963709e-11
-3.4536284e-11
-2.6875e-11
-2.9254033e-11
-2.842742e-11
-2.7862903e-11
-3.0040321e-11
-2.6875e-11
-2.8608872e-11
-2.5786292e-11
-2.9758064e-11
-2.8266129e-11
-2.6915322e-11
-2.7620968e-11
-2.8024194e-11
-2.8689516e-11
-2.7943549e-11
-2.6209679e-11
-2.7681453e-11
-2.9334677e-11
-2.7540322e-11
-3.0624999e-11
-2.5866935e-11
-3.0443544e-11
-2.8750001e-11
-2.8145162e-11
-2.7197581e-11
-2.8931453e-11
-2.6189516e-11
-2.8366936e-11
-3.0745968e-11
-2.9758064e-11
-3.0262098e-11
-3.1612903e-11
-2.5040322e-11
-3.1108869e-11
-2.9334677e-11
-2.4133065e-11
-2.6895161e-11
-2.4193548e-11
-2.8064516e-11
-3.1411287e-11
-2.6794355e-11
-2.7681453e-11
-2.8830646e-11
-3.1350807e-11
-2.3991935e-11
-2.6431453e-11
-3.0080643e-11
-2.9173389e-11
-2.8487903e-11
-3.1572585e-11
-2.7076614e-11
-2.8951614e-11
-2.4354841e-11
-3.3185479e-11
-2.8608872e-11
-3.0241934e-11
-2.7237903e-11
-2.6350807e-11
-2.6995968e-11
-3.0141129e-11
-2.6028226e-11
-3.1633064e-11
-2.3245968e-11
-3.1189513e-11
-2.4354839e-11
-2.9455646e-11
-2.8346775e-11
-2.7620968e-11
-2.7137096e-11
-2.8004033e-11
-3.07258e-11
-2.8326614e-11
-3.0866937e-11
-2.8064516e-11
-2.7399194e-11
-2.7600807e-11
-2.6774194e-11
-2.5685487e-11
-3.308467e-11
-2.8911292e-11
-2.4737903e-11
-2.4939516e-11
-3.0524191e-11
-2.3225807e-11
-3.1995965e-11
-2.342742e-11
-3.0141129e-11
-2.6411292e-11
-3.0241937e-11
-2.8266129e-11
-2.8931453e-11
-2.6794355e-11
-2.5866935e-11
-2.5665322e-11
-3.2862907e-11
-2.405242e-11
-2.9556451e-11
-2.7721775e-11
-2.530242e-11
-3.016129e-11
-2.8608872e-11
-2.7016129e-11
-2.8629033e-11
-2.8508066e-11
-2.7741935e-11
-2.7701614e-11
-2.9596776e-11
-3.016129e-11
-2.7701614e-11
-3.1834674e-11
-2.6612903e-11
-2.9213711e-11
-2.9516129e-11
-2.7540322e-11
-2.7983872e-11
-2.5141129e-11
-3.0100807e-11
-2.6229839e-11
-2.7237905e-11
-2.8971775e-11
-2.6068548e-11
-2.5020161e-11
-2.9959677e-11
-2.5766129e-11
-2.8669355e-11
-2.5705646e-11
-3.1995965e-11
-2.7741935e-11
-3.2016129e-11
-2.4495968e-11
-3.2358866e-11
-2.8024194e-11
-2.7701614e-11
-2.9596776e-11
-2.9173389e-11
-2.6310485e-11
-3.127016e-11
-2.9959681e-11
-2.6491935e-11
-2.9516129e-11
-3.0927417e-11
-2.5766129e-11
-2.780242e-11
-2.6310485e-11
-2.9395163e-11
-2.8608872e-11
-2.5987903e-11
-2.8528227e-11
-2.6491935e-11
-2.6391129e-11
-2.5725809e-11
-2.9072581e-11
-2.5504033e-11
-2.9899194e-11
-2.6068548e-11
-2.7983872e-11
-3.084677e-11
-2.6955646e-11
-2.6330646e-11
-3.044355e-11
-3.16129e-11
-2.370968e-11
-3.0342742e-11
-2.2439516e-11
-2.9838711e-11
-3.0483869e-11
-2.3850807e-11
-2.9657259e-11
-2.8709679e-11
-2.8830646e-11
-2.5221774e-11
-2.9919355e-11
-2.9616937e-11
-2.6995968e-11
-2.7358872e-11
-2.3669355e-11
-3.3387092e-11
-2.6350809e-11
-2.8971775e-11
-3.0403225e-11
-2.375e-11
-2.9455643e-11
-3.0262095e-11
-2.8266129e-11
-2.8044355e-11
-2.9596776e-11
-3.1008064e-11
-2.5725807e-11
-3.2842739e-11
-2.6088709e-11
-2.8306453e-11
-2.6794355e-11
-2.6794355e-11
-3.0100807e-11
-3.064516e-11
-2.4919355e-11
-2.7379033e-11
-2.7500001e-11
-2.6129033e-11
-3.1633061e-11
-2.6491935e-11
-2.7943549e-11
-2.5564516e-11
-2.8366936e-11
-2.7137096e-11
-2.4616935e-11
-2.9314516e-11
-2.6290322e-11
-3.1088708e-11
-2.6612903e-11
-2.6068548e-11
-2.8568549e-11
-2.5221774e-11
-3.3749999e-11
-2.5100807e-11
-3.0282256e-11
-3.2499999e-11
-2.5060485e-11
-2.8931453e-11
-3.0866937e-11
-2.9657259e-11
-2.6229839e-11
-2.9153225e-11
-2.4133065e-11
-2.9112903e-11
-2.6592742e-11
-2.8508066e-11
-2.7560485e-11
-2.5947581e-11
-3.0725807e-11
-2.6834679e-11
-2.872984e-11
-2.7278227e-11
-2.7741935e-11
-2.967742e-11
-2.8084679e-11
-2.4576613e-11
-3.0483869e-11
-2.8064516e-11
-2.6370968e-11
-2.4213709e-11
-3.2056448e-11
-2.7439516e-11
-2.9495968e-11
-2.8125001e-11
-2.5524194e-11
-3.1310482e-11
-3.1149191e-11
-2.6895161e-11
-3.1834674e-11
-2.7258066e-11
-2.5e-11
-2.5241935e-11
-2.6008065e-11
-3.1854838e-11
-2.5322581e-11
-3.2217742e-11
-2.3588709e-11
-3.4475797e-11
-3.0141129e-11
-2.9233872e-11
-2.8125001e-11
-2.9415324e-11
-3.0967742e-11
-3.0544355e-11
-2.8185485e-11
-2.5584678e-11
-2.6471774e-11
-2.7096774e-11
-3.2358866e-11
-2.8770162e-11
-2.9919355e-11
-2.9173389e-11
-2.9274194e-11
-2.981855e-11
-2.5080646e-11
-3.2338712e-11
-2.4455646e-11
-3.2318547e-11
-2.7620968e-11
-3.0423383e-11
-2.4112903e-11
-3.0080646e-11
-2.6330646e-11
-3.1249999e-11
-2.8004033e-11
-2.9717742e-11
-2.6713709e-11
-2.9697581e-11
-2.9112903e-11
-3.0665324e-11
-2.5483872e-11
-2.8991936e-11
-3.0201612e-11
-2.9879033e-11
-2.8407259e-11
-2.7016129e-11
-2.655242e-11
-2.872984e-11
-2.8125001e-11
-2.8689516e-11
-2.6008065e-11
-3.1532253e-11
-2.7963709e-11
-3.044355e-11
-2.9455646e-11
-2.7681453e-11
-3.0907259e-11
-2.4455646e-11
-3.1915325e-11
-2.5342742e-11
-2.7076614e-11
-3.3588701e-11
-2.4455646e-11
-3.4919352e-11
-2.7580646e-11
-2.8669355e-11
-2.8326614e-11
-2.7036292e-11
-2.8245968e-11
-3.1451612e-11
-2.7056453e-11
-3.1491931e-11
-2.5705646e-11
-2.8548388e-11
-2.7701614e-11
-2.8145162e-11
-2.5947581e-11
-3.1350807e-11
-3.2217742e-11
-2.8306453e-11
-3.2318547e-11
-2.7560487e-11
-2.7318548e-11
-3.2318547e-11
-2.4616937e-11
-3.3568544e-11
-2.3487903e-11
-3.0826609e-11
-2.8709679e-11
-2.8991936e-11
-2.6995968e-11
-3.0221773e-11
-2.7338709e-11
-2.7762096e-11
-2.8205646e-11
-2.7116935e-11
-2.8004033e-11
-2.467742e-11
-2.592742e-11
-2.8629033e-11
-3.0725804e-11
-2.8830646e-11
-3.1229835e-11
-2.5504033e-11
-2.6008065e-11
-3.3951605e-11
-2.6673387e-11
-3.0705643e-11
-2.5846774e-11
-3.2096773e-11
-2.4899194e-11
-2.6169355e-11
-2.8205646e-11
-2.9717742e-11
-2.7580646e-11
-3.1391126e-11
-2.8326614e-11
-3.0040321e-11
-2.7842742e-11
-3.4556445e-11
-2.7721775e-11
-3.1794348e-11
-3.2217742e-11
-2.7862905e-11
-2.9133064e-11
-2.8608872e-11
-2.8669355e-11
-3.0705646e-11
-2.6451613e-11
-3.0947578e-11
-2.7399194e-11
-2.7661292e-11
-3.0564513e-11
-2.7540322e-11
-2.8205648e-11
-2.6330646e-11
-2.8447581e-11
-2.7842742e-11
-3.2782249e-11
-2.8487903e-11
-2.7983872e-11
-2.9798389e-11
-2.3729839e-11
-3.4475797e-11
-2.106855e-11
-2.7862903e-11
-3.0362907e-11
-2.6895161e-11
-2.8185485e-11
-3.1008064e-11
-3.1270164e-11
-2.5141129e-11
-2.9133064e-11
-3.2600801e-11
-2.4334678e-11
-3.5141126e-11
-2.5524194e-11
-2.8770162e-11
-3.2983862e-11
-2.8225807e-11
-3.042339e-11
-3.0262095e-11
-3.0604842e-11
-3.2439516e-11
-3.3669352e-11
-2.7298388e-11
-3.141129e-11
-2.9112903e-11
-3.2822575e-11
-2.8850807e-11
-2.9737903e-11
-2.5e-11
-3.0020163e-11
-3.1209677e-11
-2.7056453e-11
-3.1370965e-11
-3.0463708e-11
-2.6975807e-11
-3.3588705e-11
-2.4012096e-11
-3.2782249e-11
-2.5866935e-11
-3.1733862e-11
-2.9415324e-11
-2.7983872e-11
-2.9395163e-11
-3.1169355e-11
-2.5504033e-11
-3.1552417e-11
-3.0141129e-11
-2.6693548e-11
-2.6794355e-11
-2.9334677e-11
-2.7217742e-11
-3.2782256e-11
-2.953629e-11
-2.9737903e-11
-2.7883067e-11
-2.9516129e-11
-2.5524194e-11
-2.6370968e-11
-3.1088708e-11
-2.7580646e-11
-2.9334681e-11
-2.7500001e-11
-2.887097e-11
-2.6673387e-11
-2.6330646e-11
-2.8629035e-11
-2.5887096e-11
-2.7822581e-11
-2.7903227e-11
-2.953629e-11
-2.7681453e-11
-2.5866937e-11
-2.7258066e-11
-2.7258066e-11
-3.0181451e-11
-2.6189518e-11
-2.6411292e-11
-3.2197581e-11
-2.5201613e-11
-2.8185485e-11
-3.0403225e-11
-2.5745968e-11
-2.9999999e-11
-2.1733873e-11
-3.1411287e-11
-2.9516129e-11
-2.4556452e-11
-3.0624999e-11
-2.4435487e-11
-3.0745968e-11
-2.4798387e-11
-2.9092742e-11
-2.8266129e-11
-3.1733872e-11
-2.4475807e-11
-3.3548379e-11
-2.6713709e-11
-2.5887096e-11
-2.6270161e-11
-3.0120972e-11
-2.7963709e-11
-3.0282256e-11
-2.6491935e-11
-2.7217742e-11
-3.030242e-11
-2.6612903e-11
-2.6895161e-11
-3.1653225e-11
-3.0423393e-11
-2.7782259e-11
-2.6028226e-11
-3.0282259e-11
-2.8891129e-11
-2.9737903e-11
-3.0282256e-11
-2.7298388e-11
-2.8669355e-11
-2.7076614e-11
-3.175403e-11
-2.7641129e-11
-2.8750001e-11
-2.5423387e-11
-2.9798386e-11
-2.7056453e-11
-2.9939516e-11
-2.6713709e-11
-2.7459679e-11
-2.967742e-11
-3.1108872e-11
-3.0262095e-11
-2.8427422e-11
-2.6108872e-11
-2.9314516e-11
-3.1068551e-11
-2.8770162e-11
-2.9415324e-11
-3.0282256e-11
-3.0806448e-11
-2.745968e-11
-2.8084679e-11
-2.9999999e-11
-2.9637098e-11
-2.7580646e-11
-3.481854e-11
-2.8104841e-11
-3.2459677e-11
-3.2620972e-11
-2.6612903e-11
-3.1129026e-11
-2.6431453e-11
-3.4274188e-11
-3.1733866e-11
-2.7923388e-11
-3.0806451e-11
-2.8447581e-11
-2.8366936e-11
-3.362903e-11
-2.8487903e-11
-2.7096774e-11
-3.2137092e-11
-2.9072581e-11
