-8.9772729e-12
-1.0568182e-11
-9.9147721e-12
-8.4943172e-12
-1.1278409e-11
-7.9829546e-12
-1.2272727e-11
-1.0142045e-11
-9.3749999e-12
-9.7159086e-12
-9.4318182e-12
-9.0340903e-12
-1.059659e-11
-1.0852272e-11
-9.2329538e-12
-1.3948864e-11
-1.0482954e-11
-8.8636355e-12
-1.1107954e-11
-9.9147721e-12
-1.0397727e-11
-9.5738634e-12
-1.1477272e-11
-8.1534085e-12
-1.0085227e-11
-9.7727269e-12
-1.059659e-11
-8.7215912e-12
-9.2329538e-12
-8.1534094e-12
-7.2727271e-12
-1.4289772e-11
-1.0823864e-11
-8.7784086e-12
-8.3238633e-12
-9.7443173e-12
-1.2073864e-11
-1.0653409e-11
-9.5454538e-12
-1.0426136e-11
-1.0625e-11
-1.1619317e-11
-1.0142045e-11
-1.2471591e-11
-9.7727269e-12
-1.1676136e-11
-1.0085227e-11
-9.7159086e-12
-1.0681817e-11
-1.5085226e-11
-8.0681815e-12
-1.028409e-11
-8.9772729e-12
-8.2386363e-12
-1.1818182e-11
-1.2102272e-11
-9.1193173e-12
-1.3210227e-11
-1.0539772e-11
-8.9772721e-12
-8.0113633e-12
-8.2954546e-12
-9.4318173e-12
-9.0909086e-12
-1.0539772e-11
-9.7727269e-12
-1.2642045e-11
-1.0369317e-11
-1.1193182e-11
-1.0710227e-11
-1.0710227e-11
-9.2613634e-12
-9.6874999e-12
-9.4034086e-12
-1.1335227e-11
-1.1960227e-11
-1.1818182e-11
-1.2045454e-11
-1.1193182e-11
-1.1818182e-11
-1.0568182e-11
-1.15625e-11
-9.2613634e-12
-1.1903409e-11
-1.4630682e-11
-8.8068173e-12
-1.1193182e-11
-1.1789772e-11
-9.431819e-12
-1.1022727e-11
-1.2784091e-11
-1.0710227e-11
-9.8011356e-12
-1.1278409e-11
-1.1420454e-11
-8.2954546e-12
-1.1647727e-11
-1.1931818e-11
-9.7443173e-12
-7.7272728e-12
-8.5227277e-12
-8.5511355e-12
-9.0056816e-12
-1.1392045e-11
-1.1079545e-11
-1.2443182e-11
-1.28125e-11
-8.7499999e-12
-1.0454545e-11
-1.1278409e-11
-9.6022721e-12
-1.1392045e-11
-1.0767045e-11
-1.0255682e-11
-1.2301136e-11
-1.1619317e-11
-1.0369317e-11
-1.122159e-11
-1.4687499e-11
-8.1249998e-12
-1.1335227e-11
-1.3409091e-11
-9.5738634e-12
-1.0965909e-11
-1.4005682e-11
-8.2102268e-12
-1.3068182e-11
-7.4999998e-12
-1.1960227e-11
-9.8011356e-12
-1.1818182e-11
-9.8863634e-12
-1.0284092e-11
-8.8068181e-12
-1.0823864e-11
-1.0454545e-11
-9.4886356e-12
-1.1676136e-11
-8.0681815e-12
-9.0624999e-12
-8.4374998e-12
-1.1193182e-11
-9.3749999e-12
-9.6874999e-12
-1.1789772e-11
-7.4431815e-12
-9.1477268e-12
-1.0710227e-11
-1.1107954e-11
-1.0369317e-11
-9.2329538e-12
-1.1761364e-11
-9.5454547e-12
-8.8068173e-12
-1.0482954e-11
-1.0255682e-11
-1.1534091e-11
-1.1079545e-11
-1.028409e-11
-9.8863634e-12
-1.1335227e-11
-1.1392045e-11
-9.8863634e-12
-9.5170451e-12
-1.0681817e-11
-7.0454545e-12
-9.2045451e-12
-9.2613634e-12
-9.3749999e-12
-1.1022727e-11
-1.0142045e-11
-1.0681817e-11
-8.8352277e-12
-9.2045451e-12
-1.1590909e-11
-8.2954546e-12
-9.0056816e-12
-1.0142045e-11
-1.1136364e-11
-1.2642045e-11
-9.0909086e-12
-1.0568182e-11
-9.0056816e-12
-1.0880682e-11
-6.6193179e-12
-1.2017045e-11
-1.0113636e-11
-1.1136364e-11
-1.0823864e-11
-1.09375e-11
-9.3181816e-12
-8.5227277e-12
-8.892046e-12
-1.2954545e-11
-1.2443182e-11
-8.039772e-12
-1.2585227e-11
-7.8124998e-12
-9.0624999e-12
-1.1960227e-11
-1.0056817e-11
-1.122159e-11
-9.0056816e-12
-1.1164772e-11
-7.4715911e-12
-1.0767045e-11
-1.0227272e-11
-9.8863634e-12
-7.6136363e-12
-7.869318e-12
-8.267045e-12
-7.7272728e-12
-1.2130682e-11
-9.4602269e-12
-8.267045e-12
-1.0369317e-11
-1.0369317e-11
-1.0113636e-11
-7.159091e-12
-8.0965911e-12
-1.2357954e-11
-1.0511363e-11
-9.5170451e-12
-8.0397728e-12
-6.022727e-12
-8.8068173e-12
-9.3181816e-12
-1.3210227e-11
-1.0454545e-11
-9.0340903e-12
-9.4886356e-12
-9.7443173e-12
-1.028409e-11
-1.1590909e-11
-9.3465903e-12
-1.1846591e-11
-1.2471591e-11
-7.1875002e-12
-9.6022721e-12
-1.0056817e-11
-1.3096591e-11
-1.0369317e-11
-9.4602269e-12
-1.1477272e-11
-1.1676136e-11
-1.0113636e-11
-1.0511363e-11
-6.8750001e-12
-9.3749999e-12
-1.0198863e-11
-9.1193181e-12
-1.1420454e-11
-1.03125e-11
-1.2471591e-11
-1.0710227e-11
-8.4943172e-12
-9.4602269e-12
-1.2414772e-11
-7.9545459e-12
-9.9715904e-12
-1.2585227e-11
-6.3636362e-12
-1.1477272e-11
-8.8636364e-12
-9.0056816e-12
-1.3096591e-11
-8.6931816e-12
-1.0994317e-11
-1.0511363e-11
-1.1761364e-11
-8.5511355e-12
-9.9431817e-12
-1.09375e-11
-1.0085228e-11
-1.028409e-11
-9.8863634e-12
-1.0681817e-11
-6.5625001e-12
-1.0397727e-11
-8.1534094e-12
-1.0056817e-11
-8.9772721e-12
-8.1249998e-12
-1.25e-11
-1.122159e-11
-9.7443173e-12
-9.5738634e-12
-8.664772e-12
-1.0511363e-11
-8.3806816e-12
-1.0482954e-11
-1.1079545e-11
-8.5227277e-12
-1.122159e-11
-1.3380682e-11
-1.0198863e-11
-1.1477272e-11
-7.8124998e-12
-9.1761355e-12
-1.1931818e-11
-9.6306817e-12
-1.2585227e-11
-9.8295452e-12
-7.4147728e-12
-1.1732954e-11
-7.1022728e-12
-1.1051136e-11
-1.0852272e-11
-1.0056817e-11
-7.4147728e-12
-8.0965911e-12
-8.892046e-12
-1.0028409e-11
-1.0795454e-11
-1.3835227e-11
-7.9829546e-12
-9.2329538e-12
-7.6136363e-12
-8.2954537e-12
-1.1306817e-11
-7.4431815e-12
-1.1448864e-11
-9.4034095e-12
-1.0738636e-11
-1.3409091e-11
-9.0624999e-12
-1.0880682e-11
-9.4318173e-12
-1.1392045e-11
-1.1079545e-11
-1.0170454e-11
-7.5852276e-12
-1.1164772e-11
-9.7443173e-12
-1.0653409e-11
-9.8579539e-12
-1.0085227e-11
-7.5568172e-12
-9.1761355e-12
-1.0454545e-11
-9.7443173e-12
-8.3238633e-12
-8.9204538e-12
-1.3892046e-11
-8.4374998e-12
-1.09375e-11
-1.1335227e-11
-8.8352277e-12
-1.3267045e-11
-8.7215903e-12
-7.7556815e-12
-8.9488634e-12
-1.0227272e-11
-9.3181816e-12
-8.0681815e-12
-8.6079546e-12
-1.2727272e-11
-8.1249998e-12
-1.1136364e-11
-9.7159086e-12
-9.8863634e-12
-1.0255682e-11
-8.3238633e-12
-1.3011364e-11
-9.9147721e-12
-1.0142045e-11
-1.1704545e-11
-8.7784086e-12
-1.3011364e-11
-6.335227e-12
-8.4090911e-12
-1.3096591e-11
-9.4034086e-12
-9.2613634e-12
-1.0994317e-11
-8.8352268e-12
-1.0170454e-11
-9.5738634e-12
-6.5625001e-12
-1.2102272e-11
-9.5170451e-12
-8.0113633e-12
-9.3181816e-12
-1.1875e-11
-5.9659088e-12
-8.4943172e-12
-1.2471591e-11
-9.5170451e-12
-1.09375e-11
-8.9772721e-12
-1.1846591e-11
-1.3465909e-11
-8.0397728e-12
-9.9147721e-12
-1.0085227e-11
-1.1335227e-11
-9.8579539e-12
-1.1732954e-11
-1.1448864e-11
-1.1335227e-11
-1.2727272e-11
-1.0198863e-11
-1.0369317e-11
-1.1818182e-11
-8.9204538e-12
-7.0454545e-12
-9.4602269e-12
-1.0880682e-11
-8.5795451e-12
-1.1107954e-11
-1.0795454e-11
-1.4204546e-11
-9.602273e-12
-7.954545e-12
-1.1079545e-11
-6.3068179e-12
-9.5738634e-12
-1.1818182e-11
-7.9261363e-12
-1.0738636e-11
-8.2386363e-12
-1.1931818e-11
-8.8352277e-12
-8.3238633e-12
-1.3125e-11
-1.1477272e-11
-8.5227268e-12
-1.21875e-11
-8.7499999e-12
-1.2357954e-11
-8.9204547e-12
-1.2045454e-11
-1.3153409e-11
-9.2897721e-12
-1.0511363e-11
-8.9772721e-12
-1.4801136e-11
-1.0198863e-11
-9.3465903e-12
-7.3295458e-12
-1.1363636e-11
-9.9147721e-12
-1.1051136e-11
-1.1903409e-11
-1.0511363e-11
-1.1164772e-11
-1.2386364e-11
-1.09375e-11
-9.4318173e-12
-1.0198863e-11
-9.8579539e-12
-1.2130682e-11
-8.9204538e-12
-6.335227e-12
-1.2585227e-11
-8.1534094e-12
-1.1164772e-11
-8.8352277e-12
-9.4034086e-12
-7.9261354e-12
-6.4488636e-12
-1.2585227e-11
-9.4886356e-12
-8.7215903e-12
-1.059659e-11
-9.5454538e-12
-9.6306817e-12
-8.0397728e-12
-8.1249998e-12
-1.0568182e-11
-1.2159091e-11
-9.8011356e-12
-9.1761355e-12
-1.0738636e-11
-1.3806818e-11
-1.09375e-11
-1.2585227e-11
-1.0852272e-11
-9.1761355e-12
-1.3607954e-11
-8.7784086e-12
-1.2130682e-11
-1.2386364e-11
-1.3721591e-11
-9.4602269e-12
-9.2897721e-12
-1.1505682e-11
-1.0994317e-11
-9.8295452e-12
-8.1249998e-12
-1.028409e-11
-1.0852272e-11
-5.6250005e-12
-1.0681817e-11
-1.0710227e-11
-8.8068181e-12
-1.2670454e-11
-8.0397728e-12
-7.2159084e-12
-1.2613636e-11
-7.6704545e-12
-1.1448864e-11
-9.6590904e-12
-1.3693182e-11
-9.7727269e-12
-8.4943172e-12
-8.1249998e-12
-9.0340912e-12
-9.1477268e-12
-1.0142045e-11
-1.122159e-11
-1.2755682e-11
-1.7585227e-11
-3.4232953e-11
-5.2301132e-11
-6.7727261e-11
-8.5852256e-11
-1.0093748e-10
-1.1869315e-10
-1.3068181e-10
-1.4062498e-10
-1.4954543e-10
-1.5178976e-10
-1.5440338e-10
-1.4971589e-10
-1.4906248e-10
-1.4150568e-10
-1.321875e-10
-1.2860796e-10
-1.2107954e-10
-1.1536931e-10
-1.1073862e-10
-9.9034093e-11
-1.022443e-10
-9.4119296e-11
-8.6363611e-11
-8.4403401e-11
-7.869317e-11
-7.4147716e-11
-6.980113e-11
-7.2130669e-11
-6.6477261e-11
-6.1647722e-11
-5.5511359e-11
-5.5056813e-11
-5.3636359e-11
-4.9147728e-11
-4.7642043e-11
-4.9119316e-11
-4.5e-11
-4.4403412e-11
-4.4346585e-11
-4.0198865e-11
-4.0909092e-11
-3.6761365e-11
-3.8267046e-11
-3.8380684e-11
-3.1647726e-11
-3.4573865e-11
-2.9886364e-11
-3.0880683e-11
-3.0397726e-11
-2.6392045e-11
-2.7926135e-11
-2.7556818e-11
-3.0511364e-11
-2.7755681e-11
-2.2642044e-11
-2.5255681e-11
-2.4318181e-11
-2.4318181e-11
-2.3352272e-11
-2.15625e-11
-2.3806818e-11
-2.1363635e-11
-1.8181819e-11
-2.3011364e-11
-2.0539773e-11
-2.0795456e-11
-1.8977273e-11
-1.7869319e-11
-2.0767046e-11
-2.0369319e-11
-1.9943183e-11
-1.9176136e-11
-1.4573863e-11
-1.8693182e-11
-1.6676136e-11
-1.4261364e-11
-1.9744319e-11
-1.6761363e-11
-1.65625e-11
-1.7102273e-11
-1.8863636e-11
-1.6704546e-11
-1.6335227e-11
-1.6193182e-11
-1.7954546e-11
-1.6107955e-11
-1.8977273e-11
-1.7301136e-11
-1.5965909e-11
-1.5255682e-11
-1.8011363e-11
-1.71875e-11
-1.7556819e-11
-1.5539773e-11
-1.8125e-11
-1.6335227e-11
-1.6903409e-11
-1.7642046e-11
-1.5085226e-11
-1.3125e-11
-1.6903409e-11
-1.53125e-11
-1.4147727e-11
-1.5255682e-11
-2.0568183e-11
-1.3778409e-11
-1.8295455e-11
-1.5227273e-11
-1.4176136e-11
-1.7642046e-11
-1.5994319e-11
-1.2840909e-11
-1.2471591e-11
-1.4034091e-11
-1.6306819e-11
-1.2528409e-11
-1.4375e-11
-1.0994317e-11
-1.5625e-11
-1.4375e-11
-1.6278409e-11
-1.5170455e-11
-1.0823864e-11
-1.6164773e-11
-1.1960227e-11
-1.5113636e-11
-1.6761363e-11
-1.6534092e-11
-1.5454546e-11
-1.2244318e-11
-1.4431818e-11
-1.5482955e-11
-1.6448863e-11
-1.6079546e-11
-1.6619319e-11
-1.5738636e-11
-1.7869319e-11
-1.4886363e-11
-1.4545454e-11
-1.6534092e-11
-1.5198863e-11
-1.5625e-11
-1.2471591e-11
-1.3892046e-11
-1.2784091e-11
-1.5625e-11
-1.5170455e-11
-1.4119318e-11
-1.4715909e-11
-1.5426136e-11
-1.2670454e-11
-1.5823863e-11
-1.5681819e-11
-1.9261363e-11
-1.4005682e-11
-1.75e-11
-1.3352272e-11
-1.0511363e-11
-1.3977272e-11
-1.4005682e-11
-1.5767046e-11
-1.3125e-11
-1.5426136e-11
-1.4772726e-11
-1.3352272e-11
-1.4829546e-11
-1.6107955e-11
-1.2727272e-11
-1.6732955e-11
-1.4744319e-11
-1.4715909e-11
-1.21875e-11
-1.5795455e-11
-1.3153409e-11
-1.3409091e-11
-1.4744319e-11
-1.4403409e-11
-1.4857955e-11
-1.7102273e-11
-1.122159e-11
-1.5710227e-11
-1.1846591e-11
-1.5823863e-11
-1.4943182e-11
-1.0852272e-11
-1.6988636e-11
-1.3409091e-11
-1.4545454e-11
-1.4857955e-11
-1.3267045e-11
-1.2926136e-11
-1.1590909e-11
-1.7528409e-11
-1.4715909e-11
-1.1846591e-11
-1.2982954e-11
-1.2159091e-11
-1.4914773e-11
-1.0568182e-11
-1.3465909e-11
-1.6363636e-11
-1.1988636e-11
-1.4204546e-11
-1.3636364e-11
-1.1107954e-11
-1.4914773e-11
-1.1931818e-11
-1.3125e-11
-1.2698864e-11
-1.0056817e-11
-1.3664772e-11
-1.1392045e-11
-1.3948864e-11
-1.3380682e-11
-1.2613636e-11
-1.4460227e-11
-1.1164772e-11
-1.5965909e-11
-7.9261354e-12
-1.3948864e-11
-1.4431818e-11
-1.1193182e-11
-1.1363636e-11
-1.4318182e-11
-1.1534091e-11
-1.0340909e-11
-1.1335227e-11
-1.0965909e-11
-1.4715909e-11
-1.1818182e-11
-1.122159e-11
-1.3210227e-11
-1.3693182e-11
-1.4488636e-11
-1.5710227e-11
-1.1363636e-11
-1.2301136e-11
-1.4914773e-11
-1.2585227e-11
-1.2130682e-11
-1.0511363e-11
-1.1420454e-11
-1.0994317e-11
-1.4034091e-11
-1.2642045e-11
-1.0568182e-11
-1.4318182e-11
-1.1789772e-11
-1.4431818e-11
-1.0795454e-11
-1.1732954e-11
-1.4034091e-11
-1.1392045e-11
-1.7215909e-11
-1.0767045e-11
-1.3323864e-11
-1.1306817e-11
-1.2301136e-11
-1.3636364e-11
-1.1960227e-11
-1.3522727e-11
-1.1761364e-11
-1.2045454e-11
-1.7102273e-11
-1.1022727e-11
-1.3323864e-11
-1.3011364e-11
-1.4715909e-11
-1.3948864e-11
-1.21875e-11
-1.3210227e-11
-1.3579545e-11
-1.2471591e-11
-1.2727272e-11
-1.25e-11
-1.1363636e-11
-1.3551136e-11
-1.2670454e-11
-1.4573863e-11
-1.0738636e-11
-1.4147727e-11
-1.1477272e-11
-1.1590909e-11
-1.3579545e-11
-9.5170451e-12
-1.3238636e-11
-1.2329545e-11
-1.3863636e-11
-1.2329545e-11
-1.2301136e-11
-1.7017046e-11
-1.2073864e-11
-1.1278409e-11
-1.4886363e-11
-9.5454538e-12
-1.2017045e-11
-1.0369317e-11
-1.4801136e-11
-1.28125e-11
-1.2869318e-11
-8.8636364e-12
-1.1647727e-11
-1.1107954e-11
-1.3210227e-11
-1.3409091e-11
-1.3664772e-11
-1.3295454e-11
-1.2102272e-11
-1.3238636e-11
-1.2982954e-11
-1.1392045e-11
-1.6051136e-11
-1.3409091e-11
-1.3181818e-11
-1.0653409e-11
-1.2414772e-11
-1.2840909e-11
-1.1363636e-11
-1.15625e-11
-1.1420454e-11
-1.1022727e-11
-1.53125e-11
-1.2897727e-11
-1.1392045e-11
-1.0852272e-11
-1.4971592e-11
-1.3011364e-11
-9.0056816e-12
-1.3664772e-11
-1.2840909e-11
-1.3636364e-11
-1.2244318e-11
-1.40625e-11
-1.4261364e-11
-8.4659094e-12
-1.5795455e-11
-1.2869318e-11
-1.4346591e-11
-1.2698864e-11
-1.0681817e-11
-1.5340909e-11
-5.397727e-12
-1.2102272e-11
-1.3267045e-11
-1.0511363e-11
-1.3380682e-11
-1.2272727e-11
-1.3096591e-11
-1.2017045e-11
-9.8011356e-12
-1.4318182e-11
-9.5454538e-12
-1.3465909e-11
-1.4971592e-11
-1.0738636e-11
-9.4886356e-12
-1.0482954e-11
-1.3153409e-11
-1.3835227e-11
-1.5e-11
-1.1193182e-11
-1.2670454e-11
-1.1903409e-11
-1.2528409e-11
-1.5198863e-11
-1.0482954e-11
-1.3295454e-11
-1.1761364e-11
-1.3721591e-11
-1.3778409e-11
-1.0227272e-11
-1.4261364e-11
-1.21875e-11
-1.3352272e-11
-9.6022721e-12
-1.2045454e-11
-1.3494318e-11
-1.2357954e-11
-1.0539772e-11
-1.4261364e-11
-1.1107954e-11
-1.1051136e-11
-1.3977274e-11
-1.0653409e-11
-1.2954545e-11
-7.8977276e-12
-1.5255682e-11
-1.3125e-11
-9.2329547e-12
-1.3693182e-11
-1.1875e-11
-1.2272727e-11
-1.3267045e-11
-1.1789772e-11
-1.0227272e-11
-1.3607954e-11
-1.0994317e-11
-1.3323864e-11
-1.1619317e-11
-1.1761364e-11
-1.4034091e-11
-1.1363636e-11
-1.3721591e-11
-1.1590909e-11
-1.4176136e-11
-1.2698864e-11
-1.2982954e-11
-1.3068182e-11
-1.0880682e-11
-1.3295454e-11
-9.4602269e-12
-1.3806818e-11
-1.2102272e-11
-9.9147721e-12
-1.1448864e-11
-1.2159091e-11
-1.0170454e-11
-1.3522727e-11
-1.1789772e-11
-1.2215909e-11
-9.9715904e-12
-1.1903409e-11
-1.1761364e-11
-1.1363636e-11
-1.0710227e-11
-1.1448864e-11
-1.03125e-11
-1.2926136e-11
-1.1505682e-11
-1.1875e-11
-1.1619317e-11
-1.5142046e-11
-1.3693182e-11
-1.3522727e-11
-1.0142045e-11
-1.25e-11
-9.7159086e-12
-9.8295452e-12
-1.3806818e-11
-8.2670459e-12
-1.2386364e-11
-9.4034086e-12
-1.2102272e-11
-1.1818182e-11
-1.15625e-11
-8.3238633e-12
-1.090909e-11
-7.4715911e-12
-1.5340909e-11
-1.2954545e-11
-1.0568182e-11
-1.0965909e-11
-1.028409e-11
-1.3295454e-11
-1.1136364e-11
-1.0085227e-11
-1.0511363e-11
-7.8124998e-12
-1.0710227e-11
-1.2954545e-11
-1.0767045e-11
-1.3238636e-11
-9.0909094e-12
-1.4204546e-11
-1.0369317e-11
-1.2244318e-11
-1.0426136e-11
-9.9431817e-12
-1.5198863e-11
-1.2301136e-11
-1.2244318e-11
-9.1193173e-12
-1.0880682e-11
-1.28125e-11
-1.3494318e-11
-9.9147721e-12
-1.3323864e-11
-1.3636364e-11
-1.2215909e-11
-1.1647727e-11
-1.1022727e-11
-9.4602269e-12
-1.4346591e-11
-1.1903409e-11
-1.0767045e-11
-1.2414772e-11
-1.0056817e-11
-1.4403409e-11
-1.1619317e-11
-8.7215903e-12
-9.6590904e-12
-9.4602269e-12
-1.122159e-11
-1.3323864e-11
-1.1306817e-11
-1.1392045e-11
-9.8579539e-12
-1.3522727e-11
-1.2301136e-11
-9.7443173e-12
-1.122159e-11
-1.1647727e-11
-1.2727272e-11
-1.0568182e-11
-7.642045e-12
-1.1107954e-11
-1.1534091e-11
-1.0681817e-11
-1.1107954e-11
-1.3096591e-11
-1.4517046e-11
-1.375e-11
-9.6306817e-12
-1.2045454e-11
-1.1079545e-11
-1.2414772e-11
-1.5028409e-11
-1.15625e-11
-8.2386363e-12
-7.3011354e-12
-1.1590909e-11
-1.2897727e-11
-1.0227272e-11
-1.2869318e-11
-8.7499999e-12
-1.0852272e-11
-1.122159e-11
-1.4403409e-11
-1.0880682e-11
-1.28125e-11
-1.09375e-11
-7.6420459e-12
-1.2698864e-11
-1.1647727e-11
-7.3011363e-12
-1.0994317e-11
-1.3664772e-11
-1.3181818e-11
-9.1477277e-12
-1.1079545e-11
-1.1647727e-11
-9.2329538e-12
-1.0142045e-11
-1.0227272e-11
-7.1022728e-12
-1.4289772e-11
-1.1676136e-11
-9.8011365e-12
-7.7556815e-12
-1.0653409e-11
-9.7727269e-12
-1.1505682e-11
-9.4034086e-12
-1.090909e-11
-1.03125e-11
-1.0056817e-11
-1.0397727e-11
-8.5227277e-12
-1.2301136e-11
-1.1022727e-11
-1.1392045e-11
-1.1335227e-11
-1.2102272e-11
-1.1505682e-11
-1.1335227e-11
-1.0255682e-11
-9.2045451e-12
-9.9431817e-12
-8.4943172e-12
-1.1732954e-11
-1.0625e-11
-9.8863634e-12
-8.7784094e-12
-1.34375e-11
-1.3181818e-11
-1.1306817e-11
-9.8011356e-12
-1.15625e-11
-1.21875e-11
-9.1761355e-12
-1.2272727e-11
-1.1761364e-11
-7.9829546e-12
-1.4488636e-11
-1.1704545e-11
-9.2045451e-12
-7.3863632e-12
-1.2215909e-11
-1.09375e-11
-9.7727269e-12
-1.2073864e-11
-9.0340912e-12
-7.9261363e-12
-1.4744319e-11
-7.0170454e-12
-1.1704545e-11
-9.7159086e-12
-1.2215909e-11
-1.2840909e-11
-9.4318173e-12
-1.2755682e-11
-1.0056817e-11
-1.0511363e-11
-1.1761364e-11
-9.0624999e-12
-1.2585227e-11
-1e-11
-1.059659e-11
-1.0653409e-11
-9.6022721e-12
-1.0767045e-11
-1.09375e-11
-1.2301136e-11
-8.8636355e-12
-1.2159091e-11
-1.4176136e-11
-1.3409091e-11
-1.0397727e-11
-1.1363636e-11
-1.4375e-11
-1.2244318e-11
-9.5170451e-12
-1.0852272e-11
-1.3352272e-11
-9.3749999e-12
-1.0255682e-11
-1.1022727e-11
-1.2954545e-11
-1.090909e-11
-1.2471591e-11
-1.2159091e-11
-1.4289772e-11
-1.3380682e-11
-1.1704545e-11
-1.0397727e-11
-1.2471591e-11
-1.3721591e-11
-1.0710227e-11
-1.5369319e-11
-1.0965909e-11
-8.892046e-12
-1.5454546e-11
-1.3295454e-11
-1.6335227e-11
-9.7727269e-12
-1.0454545e-11
-1.0198863e-11
-1.1647727e-11
-9.3749999e-12
-1.2443182e-11
-1.1761364e-11
-9.5170451e-12
-1.0397727e-11
-1.3977272e-11
-1.0028409e-11
-1.2073864e-11
-8.2954537e-12
-1.4346591e-11
-1.1335227e-11
-9.3181816e-12
-9.6590904e-12
-1.0454545e-11
-1.0340909e-11
-1.2954545e-11
-8.0965902e-12
-1.1022727e-11
-8.8636355e-12
-1.1534091e-11
-9.7443173e-12
-1.3352272e-11
-1.2215909e-11
-1.1363636e-11
-1.1647727e-11
-1.0965909e-11
-1.4403409e-11
-1.1505682e-11
-1.1079545e-11
-1.2045454e-11
-1.0397727e-11
-1.0539772e-11
-1.1420454e-11
-1.1079545e-11
-1.0170454e-11
-1.2528409e-11
-1.1789772e-11
-1.0738636e-11
-8.8068173e-12
-1.0085227e-11
-1.1619317e-11
-9.0056816e-12
-1.25e-11
-1.0965909e-11
-1.0369317e-11
-1.0454545e-11
-1.0454545e-11
-9.2613634e-12
-1.2698864e-11
-1.1448864e-11
-1.1193182e-11
-8.2386363e-12
-8.6931816e-12
-1.0369317e-11
-5.3693178e-12
-1.6022727e-11
-9.6590904e-12
-1.1903409e-11
-1.2897727e-11
-1.0340909e-11
-8.5511364e-12
-8.4090903e-12
-1.3721591e-11
-1.0653409e-11
-1.2159091e-11
-1.0113636e-11
-9.3465912e-12
-1.2471591e-11
-7.2727271e-12
-1.0482954e-11
-1.0767045e-11
-1.0028409e-11
-1.1732954e-11
-8.9772721e-12
-8.5511355e-12
-1.1392045e-11
-8.6363633e-12
-9.7443182e-12
-9.2045451e-12
-1.1477272e-11
-7.6988632e-12
-8.9772721e-12
-1.3693182e-11
-9.2897721e-12
-1.3607954e-11
-1.3210227e-11
-1.0880682e-11
-1.0681817e-11
-1.1534091e-11
-1.1335227e-11
-1.4318182e-11
-7.1875002e-12
-1.125e-11
-1.3806818e-11
-1.1363636e-11
-1.1988636e-11
-7.7272728e-12
-1.2244318e-11
-1.2073864e-11
-1.2130682e-11
-1.0426136e-11
-9.2613634e-12
-1.0823864e-11
-1.3068182e-11
-8.0397728e-12
-1.3352272e-11
-8.4659094e-12
-1.0625e-11
-1.1420454e-11
-1.0681817e-11
-9.1761355e-12
-8.3806816e-12
-9.8579539e-12
-9.2613634e-12
-9.6022721e-12
-1.2414772e-11
-1.122159e-11
-1.1960227e-11
-1.0255682e-11
-8.2954537e-12
-1.3892046e-11
-9.6022721e-12
-1.5511363e-11
-1.0511363e-11
-1.3125e-11
-1.25e-11
-1.0482954e-11
-1.3267045e-11
-1.2329545e-11
-7.5568172e-12
-1.0170454e-11
-9.9715904e-12
-9.3465903e-12
-8.0965902e-12
-1.0653409e-11
-9.5170451e-12
-1.1960227e-11
-1.3181818e-11
-1.0568182e-11
-1.059659e-11
-1.1448864e-11
-7.2727271e-12
-9.3749999e-12
-1.3863636e-11
-9.6874999e-12
-1.0767045e-11
-8.5795459e-12
-1.2698864e-11
-1.09375e-11
-5.8522727e-12
-1.15625e-11
-8.1534094e-12
-9.9431817e-12
-1.1903409e-11
-1.1534091e-11
-1.0880682e-11
-1.3636364e-11
-9.4602269e-12
-1.0454545e-11
-1.0482954e-11
-1.122159e-11
-1.3920454e-11
-1.0795454e-11
-9.7443173e-12
-1.1931818e-11
-1.0795454e-11
-1.0511363e-11
-1.1051136e-11
-1.03125e-11
-1.1136364e-11
-1.0255682e-11
-8.4943181e-12
-1.0511363e-11
-1.2244318e-11
-1.0767045e-11
-1.4517046e-11
-1.1619317e-11
-1.0397727e-11
-1.3011364e-11
-9.7727269e-12
-1.1420454e-11
-8.9772721e-12
-1.5085226e-11
-9.0909086e-12
-9.2897721e-12
-1.4318182e-11
-7.9829537e-12
-1.2982954e-11
-1.0738636e-11
-1.2528409e-11
-1.2443182e-11
-1.1477272e-11
-1.2471591e-11
-6.9034088e-12
-1.1875e-11
-1.1988636e-11
-7.2727271e-12
-1.3039772e-11
-1.0653409e-11
-1.0085227e-11
-1.2954545e-11
-8.9772729e-12
-1.2642045e-11
-1.0625e-11
-1.3153409e-11
-1.1022727e-11
-1.2698864e-11
-1.1590909e-11
-1.3551136e-11
-1.1590909e-11
-1.2698864e-11
-1.122159e-11
-1.0340909e-11
-1.059659e-11
-1.4289772e-11
-1.1789772e-11
-9.6306817e-12
-1.1107954e-11
-1.3380682e-11
-1.1306817e-11
-9.7159086e-12
-1.2784091e-11
-1.2755682e-11
-1.0170454e-11
-1.1619317e-11
-1.1647727e-11
-1.1647727e-11
-8.0965911e-12
-8.9204538e-12
-1.1363636e-11
-8.6079538e-12
-9.4886364e-12
-1.3267045e-11
-1.2357954e-11
-1.3267045e-11
-1.4346591e-11
-8.8636355e-12
-1.4517046e-11
-9.3749999e-12
-9.7443182e-12
-1.2045454e-11
-1.2130682e-11
-1.34375e-11
-1.1903409e-11
-1.3721591e-11
-8.7215903e-12
-1.0539772e-11
-8.0397728e-12
-1.3210227e-11
-1.0482954e-11
-1.3153409e-11
-1.0767045e-11
-1.0994317e-11
-1.1505682e-11
-1.2727272e-11
-1.15625e-11
-1.059659e-11
-7.1875002e-12
-1.1960227e-11
-1.2642045e-11
-9.5738634e-12
-7.6136363e-12
-1.2272727e-11
-1.0142045e-11
-1.0568182e-11
-9.9715904e-12
-8.0681815e-12
-1.2670454e-11
-1.0056817e-11
-1.0795454e-11
-1.0852272e-11
-9.1193173e-12
-1.2357954e-11
-1.0340909e-11
-9.0909094e-12
-1.3153409e-11
-8.6931816e-12
-8.8352277e-12
-1.15625e-11
-9.5170451e-12
-1.2755682e-11
-1.0255682e-11
-1.1931818e-11
-1.0625e-11
-1.3096591e-11
-9.4602269e-12
-1.3238636e-11
-9.8579539e-12
-1.1477272e-11
-1.2272727e-11
-1.1903409e-11
-1.2471591e-11
-1.0823864e-11
-1.0340909e-11
-1.1676136e-11
-1.2272727e-11
-1.1278409e-11
-1.0568182e-11
-8.9488634e-12
-1.059659e-11
-1.090909e-11
-9.6022721e-12
-7.0170454e-12
-1.28125e-11
-1.4204546e-11
-1.1619317e-11
-1.0454545e-11
-1.3181818e-11
-1.0852272e-11
-1.2414772e-11
-1.03125e-11
-9.7443173e-12
-1.2159091e-11
-1.2670454e-11
-9.6874999e-12
-1.2613636e-11
-1.0454545e-11
-1.125e-11
-7.244318e-12
-1.0056817e-11
-1.2414772e-11
-1.0482954e-11
-9.9147721e-12
-8.5227277e-12
-9.2613634e-12
-1.3778409e-11
-1.059659e-11
-1.1136364e-11
-9.6306817e-12
-1.1988636e-11
-1.3522727e-11
-9.7727269e-12
-1.2414772e-11
-1.1278409e-11
-1.2670454e-11
-1.1676136e-11
-1.1931818e-11
-1.0880682e-11
-6.6761362e-12
-1.3096591e-11
-1.2926136e-11
-1.0142045e-11
-1.0710227e-11
-1.3579545e-11
-7.8977276e-12
-1.090909e-11
-8.4090911e-12
-1.0369317e-11
-1.1335227e-11
-5.8238635e-12
-1.0965909e-11
-9.0340903e-12
-1.0625e-11
-1.0625e-11
-9.4602277e-12
-1.1420454e-11
-7.7556815e-12
-1.1676136e-11
-1.2357954e-11
-9.3749999e-12
-1.2556818e-11
-7.7272728e-12
-1.2301136e-11
-9.8579539e-12
-1.28125e-11
-1.3494318e-11
-1.2272727e-11
-1.1761364e-11
-6.7897727e-12
-9.6306817e-12
-1.0710227e-11
-1.1335227e-11
-1.0539772e-11
-1.0426136e-11
-1.2670454e-11
-8.0965902e-12
-1.2471591e-11
-8.5795459e-12
-1.0397727e-11
-1.1903409e-11
-1.1022727e-11
-1.0056817e-11
-1.0227272e-11
-6.335227e-12
-1.4204546e-11
-1.1079545e-11
-1.1278409e-11
-8.8352277e-12
-1.2073864e-11
-1.0028409e-11
-1.0681817e-11
-1.0482954e-11
-8.6079538e-12
-1.0227272e-11
-1.0113636e-11
-1.1676136e-11
-1.1136364e-11
-1.03125e-11
-1.0681817e-11
-1.2045454e-11
-1.0710227e-11
-1.1278409e-11
-1.0056817e-11
-1.1647727e-11
-9.7159086e-12
-1.0113636e-11
-6.9034088e-12
-6.7613636e-12
-1.0028409e-11
-8.9488634e-12
-9.8295452e-12
-1.0710227e-11
-1.1761364e-11
-1.1051136e-11
-7.130681e-12
-1.2244318e-11
-1.0369317e-11
-9.5454538e-12
-1.1193182e-11
-1.1761364e-11
-9.8579539e-12
-9.6874999e-12
-8.6931816e-12
-1.0482954e-11
-8.0965902e-12
-1.4232954e-11
-1.0965909e-11
-9.6022721e-12
-9.3465903e-12
-9.2897721e-12
-1.1193182e-11
-9.2613634e-12
-9.2329538e-12
-1.0965909e-11
-1.3409091e-11
-9.9715904e-12
-9.4034086e-12
-1.2159091e-11
-8.0397728e-12
-9.4034086e-12
-8.5511364e-12
-4.0909086e-12
-1.059659e-11
-1.0539772e-11
-8.8068173e-12
-1.2130682e-11
-8.6363633e-12
-9.0056816e-12
-1.3920454e-11
-8.4943181e-12
-1.4375e-11
-1.0880682e-11
-1.1732954e-11
-1.1363636e-11
-1.1363636e-11
-1.0994317e-11
-9.7443173e-12
-8.1818172e-12
-1.1477272e-11
-1.1761364e-11
-9.4034095e-12
-9.2045451e-12
-1.2585227e-11
-1.4772726e-11
-1.0369317e-11
-1.1931818e-11
-1.0113636e-11
-1.1704545e-11
-9.8011356e-12
-1.0255682e-11
-1.1903409e-11
-1.0681817e-11
-9.204546e-12
-1.0198863e-11
-1.1392045e-11
-1.1363636e-11
-8.2954537e-12
-1.1022727e-11
-9.8295452e-12
-1.0994317e-11
-1.2301136e-11
-1.3693182e-11
-1.1448864e-11
-1.2755682e-11
-1.0823864e-11
-1.1988636e-11
-9.4034086e-12
-9.8011356e-12
-1.1392045e-11
-6.5909088e-12
-1.0965909e-11
-9.2897721e-12
-1.1022727e-11
-1.0142045e-11
-5.710227e-12
-1.0994317e-11
-1.3267045e-11
-1.1505682e-11
-8.352272e-12
-9.4886356e-12
-9.8295452e-12
-9.2613634e-12
-8.6931816e-12
-1.0113636e-11
-1.2329545e-11
-6.9886362e-12
-1.1136364e-11
-1.6420455e-11
-9.5738634e-12
-1.0454545e-11
-1.2357954e-11
-1.1363636e-11
-8.4659094e-12
-6.2500001e-12
-1.4573863e-11
-9.4034086e-12
-1.0198863e-11
-1.03125e-11
-8.8636364e-12
-1.2215909e-11
-1.09375e-11
-5.4261361e-12
-1.1477272e-11
-7.6704545e-12
-1.1079545e-11
-9.0909086e-12
-1.2670454e-11
-1.0511363e-11
-9.9147721e-12
-1.1079545e-11
-1.1789772e-11
-1.0170454e-11
-1.2585227e-11
-1.0170454e-11
-1.090909e-11
-1.1505682e-11
-1.1306817e-11
-1.2301136e-11
-1.0681817e-11
-1.1193182e-11
-9.7159086e-12
-1.0426136e-11
-1.125e-11
-1.1051136e-11
-8.4943172e-12
-1.4034091e-11
-9.0056816e-12
-1.1079545e-11
-1.0198863e-11
-9.4318173e-12
-1.5e-11
-8.4374998e-12
-9.5454538e-12
-1.2357954e-11
-1.1022727e-11
-1.0085227e-11
-1.2982954e-11
-1.1022727e-11
-8.3522729e-12
-9.8011356e-12
-1.0539772e-11
-1.0482954e-11
-1.03125e-11
-8.9772721e-12
-1.03125e-11
-9.5738634e-12
-1.122159e-11
-7.9261363e-12
-1.0482954e-11
-9.6874999e-12
-8.9772721e-12
-1.3267045e-11
-1.1363636e-11
-1.2017045e-11
-9.9715904e-12
-1.3096591e-11
-9.1193173e-12
-1.3011364e-11
-9.6874999e-12
-1.1761364e-11
-1.1534091e-11
-1.1335227e-11
-1.3039772e-11
-9.3749999e-12
-1.1647727e-11
-1.1363636e-11
-1.03125e-11
-1e-11
-1.1335227e-11
-8.8068173e-12
-9.0624999e-12
-8.6079538e-12
-1.1534091e-11
-8.267045e-12
-8.6363633e-12
-1.2357954e-11
-8.2102276e-12
-1.125e-11
-8.9772729e-12
-1.0426136e-11
-8.8636355e-12
-8.3238633e-12
-1.1505682e-11
-1.1420454e-11
-1.0454545e-11
-1.0880682e-11
-9.7159086e-12
-1.1363636e-11
-9.2613634e-12
-8.5511355e-12
-1.0738636e-11
-9.7159086e-12
-6.8750001e-12
-1.0994317e-11
-1.1420454e-11
-9.6590904e-12
-9.3465903e-12
-9.7159086e-12
-1.1448864e-11
-1.2585227e-11
-8.7499999e-12
-7.1022728e-12
-9.7727269e-12
-1.2784091e-11
-9.1477268e-12
-1.0994317e-11
-8.267045e-12
-9.2613634e-12
-1.2357954e-11
-1.1732954e-11
-1.1136364e-11
-8.8920451e-12
-1.0738636e-11
-1.0028409e-11
-1.1960227e-11
-9.9431817e-12
-1.1619317e-11
-7.8409093e-12
-8.5511355e-12
-1.0653409e-11
-8.5227268e-12
-1.1789772e-11
-1.0994317e-11
-1.2045454e-11
-7.7556815e-12
-1.0227272e-11
-9.2613634e-12
-1.1392045e-11
-8.2954537e-12
-8.7215912e-12
-1.2329545e-11
-5.6534087e-12
-1.125e-11
-1.0994317e-11
-1.0795454e-11
-1.0170454e-11
-1.090909e-11
-8.5227268e-12
-1.0113636e-11
-8.9488634e-12
-1.25e-11
-9.6306817e-12
-1.0142045e-11
-8.7499999e-12
-8.6079546e-12
-9.1477268e-12
-8.1249998e-12
-9.4318173e-12
-1.0369317e-11
-6.1079544e-12
-1.0056817e-11
-9.0056816e-12
-1.0994317e-11
-1.1647727e-11
-1.2642045e-11
-1.0255682e-11
-1.0568183e-11
-1.1761364e-11
-1.0738636e-11
-1.6818182e-11
-1.3409091e-11
-1.2102272e-11
-1.0227272e-11
-1.0965909e-11
-1.1931818e-11
-1.4261364e-11
-9.5738634e-12
-1.0738636e-11
-1.125e-11
-1.1022727e-11
-9.9431817e-12
-9.7727269e-12
-1.1931818e-11
-8.4943172e-12
-1.0653409e-11
-1.1818182e-11
-7.6420459e-12
-1.0823864e-11
-1.1051136e-11
-1.2585227e-11
-9.1761355e-12
-1.2556818e-11
-1.2528409e-11
-9.9715904e-12
-1.2073864e-11
-9.6874999e-12
-9.9147721e-12
-7.4147728e-12
-1.1477272e-11
-1e-11
-1.2755682e-11
-1.090909e-11
-1.0170454e-11
-9.3465903e-12
-1.1079545e-11
-1.0681817e-11
-1.1704545e-11
-8.4090903e-12
-9.7159086e-12
-1.0454545e-11
-1.3352272e-11
-1.122159e-11
-9.2329538e-12
-6.3068179e-12
-8.7215903e-12
-8.5511364e-12
-1.0710227e-11
-1.1420454e-11
-1.1107954e-11
-1.1988636e-11
-1.1619317e-11
-9.6874999e-12
-9.8863634e-12
-9.4602269e-12
-9.5738634e-12
-1.2585227e-11
-9.7159086e-12
-1.1079545e-11
-9.7443173e-12
-8.0681815e-12
-1.4232954e-11
-6.931818e-12
-1.2244318e-11
-1.0852272e-11
-9.3181816e-12
-9.2897721e-12
-1.2528409e-11
-9.3465903e-12
-1.1903409e-11
-1.2130682e-11
-1.0653409e-11
-1.1875e-11
-1.2215909e-11
-1.4517046e-11
-1.1789772e-11
-1.1363636e-11
-8.8636355e-12
-1.1818182e-11
-1.1960227e-11
-9.7727269e-12
-7.8124998e-12
-9.6874999e-12
-1.1193182e-11
-1.1278409e-11
-1.0965909e-11
-1.1335227e-11
-1.090909e-11
-1.09375e-11
-1.1392045e-11
-9.7727269e-12
-1.1420454e-11
-1e-11
-1.0426136e-11
-1.4318182e-11
-9.3749999e-12
-8.6363633e-12
-9.5738634e-12
-7.9829537e-12
-9.4034095e-12
-1.0255682e-11
-8.0681815e-12
-7.6988632e-12
-7.4715911e-12
-1.1846591e-11
-5.1988635e-12
-1.3693182e-11
-1.0397727e-11
-1.1761364e-11
-1.0056817e-11
-1.3295454e-11
-1.2670454e-11
-9.2897721e-12
-9.1761355e-12
-8.8636355e-12
-6.6477271e-12
-1.122159e-11
-7.6988632e-12
-9.0624999e-12
-9.2045451e-12
-8.352272e-12
-1.2130682e-11
-8.4659094e-12
-1.3352274e-11
-8.4374998e-12
-7.4147728e-12
-1.2130682e-11
-8.8068173e-12
-1.0198863e-11
-1.0198863e-11
-1.1193182e-11
-1.21875e-11
-6.7897727e-12
-1.2954545e-11
-9.8011356e-12
-1.09375e-11
-1.1590909e-11
-9.3181816e-12
-1.0568182e-11
-1.0994317e-11
-9.7727269e-12
-1.4772726e-11
-1.0568182e-11
-1.1448864e-11
-1.3721591e-11
-1.1761364e-11
-9.0909086e-12
-9.2613634e-12
-9.9147721e-12
-1.1761364e-11
-1.1931818e-11
-1.2244318e-11
-1.1022727e-11
-9.6022721e-12
-1.0340909e-11
-1.2017045e-11
-9.2329547e-12
-1.2471591e-11
-7.6136363e-12
-1.1420454e-11
-9.6022721e-12
-1.3778409e-11
-1.03125e-11
-1.3210227e-11
-7.1875002e-12
-9.3749999e-12
-1.21875e-11
-8.7784094e-12
-8.2386355e-12
-1.0852272e-11
-1.1875e-11
-1.1136364e-11
-1.0454545e-11
-8.5511355e-12
-1.0255682e-11
-1.3295454e-11
-9.9431817e-12
-1.40625e-11
-8.267045e-12
-1.1420454e-11
-8.6363633e-12
-1.2045454e-11
-7.9545459e-12
-8.7215903e-12
-1.1051136e-11
-8.3522729e-12
-8.8636364e-12
-8.0965911e-12
-9.4318173e-12
-1.3181818e-11
-1.1051136e-11
-1.0994317e-11
-1.1136364e-11
-1.0113636e-11
-1.0113636e-11
-1.0965909e-11
-1.1960227e-11
-9.5738634e-12
-1.2954545e-11
-8.3238633e-12
-1.1107954e-11
-1.1278409e-11
-1.09375e-11
-1.0880682e-11
-9.0909086e-12
-1.2585227e-11
-1.1931818e-11
-9.0909094e-12
-1.0454545e-11
-8.9204538e-12
-1.0482954e-11
-1.2017045e-11
-9.0909086e-12
-1.0340909e-11
-1.15625e-11
-1.1164772e-11
-1.1363636e-11
-1.0028409e-11
-1.125e-11
-9.8863634e-12
-1.2585227e-11
-7.6136363e-12
-1.03125e-11
-8.5227268e-12
-9.7159095e-12
-9.1193173e-12
-9.3465903e-12
-1.1107954e-11
-1.1164772e-11
-1.0511363e-11
-1.0767045e-11
-1.3693182e-11
-9.9431817e-12
-9.3465903e-12
-9.2613634e-12
-9.0056816e-12
-1.2017045e-11
-1.028409e-11
-9.6306817e-12
-1.2755682e-11
-6.6761362e-12
-8.7215903e-12
-7.8409093e-12
-1.0227272e-11
-9.1193173e-12
-1.0994317e-11
-1.0823864e-11
-1.0511363e-11
-9.9715904e-12
-1.1846591e-11
-1.0539772e-11
-1.0994317e-11
-1.0170454e-11
-1.0170454e-11
-1.2471591e-11
-7.3579545e-12
-1.3181818e-11
-9.0056816e-12
-8.0113633e-12
-1.059659e-11
-1.2130682e-11
-8.0965911e-12
-9.7727269e-12
-1.0255682e-11
-1.15625e-11
-9.4318173e-12
-9.9431817e-12
-8.4943172e-12
-1.0710227e-11
-1.1363636e-11
-8.8352268e-12
-9.4886356e-12
-1.0056817e-11
-7.4431815e-12
-9.4034095e-12
-1.0823864e-11
-1.0369317e-11
-1.2244318e-11
-9.4034086e-12
-1.2471591e-11
-9.5738634e-12
-1.0767045e-11
-9.9147721e-12
-1.0767045e-11
-9.2045451e-12
-9.9431817e-12
-9.9431817e-12
-8.3238633e-12
-1.1732954e-11
-6.9886362e-12
-1.2301136e-11
-1.1676136e-11
-1.0511363e-11
-1.0142045e-11
-1.1619317e-11
-1.2897727e-11
-1.2528409e-11
-9.1761355e-12
-1.1732954e-11
-1.1789772e-11
-8.6363633e-12
-1.0539772e-11
-1.1761364e-11
-1.0625e-11
-1.1761364e-11
-1.2528409e-11
-9.7159086e-12
-9.9147721e-12
-1.0340909e-11
-1.2642045e-11
-9.2613634e-12
-1.0340909e-11
-1e-11
-8.8636355e-12
-1.0710227e-11
-1.2471591e-11
-1.1534091e-11
-9.5738634e-12
-1.0710227e-11
-9.1761364e-12
-8.664772e-12
-1.3181818e-11
-1.1477272e-11
-1.0710227e-11
-1.2357954e-11
-8.8352268e-12
-1.1505682e-11
-9.5454547e-12
-1.2272727e-11
-9.9431817e-12
-9.8579539e-12
-1.3181818e-11
-8.5795451e-12
-1.28125e-11
-1.2869318e-11
-9.3181816e-12
-1.2642045e-11
-6.3636362e-12
-1.1193182e-11
-1.4346591e-11
-1.0625e-11
-1.0681817e-11
-9.4318173e-12
-9.4886356e-12
-1.0397727e-11
-1.1960227e-11
-1.2244318e-11
-9.3181816e-12
-1.059659e-11
-9.1193173e-12
-1.1193182e-11
-1.2613636e-11
-1.1136364e-11
-1.2215909e-11
-1.1818182e-11
-1.0738636e-11
-1.1534091e-11
-1.15625e-11
-1.15625e-11
-1.1903409e-11
-9.8295452e-12
-1.0113636e-11
-1.0738636e-11
-1.0880682e-11
-1.40625e-11
-1.1505682e-11
-1.3210227e-11
-1.1392045e-11
-1.0681817e-11
-8.1534094e-12
-1.21875e-11
-1.0710227e-11
-1.0170454e-11
-1.2670454e-11
-1.0056817e-11
-1.2073864e-11
-8.6079546e-12
-1.0198863e-11
-9.4318173e-12
-1.2045454e-11
-7.8409093e-12
-1.4829546e-11
-1.0255682e-11
-1.1278409e-11
-1.0681817e-11
-1.1534091e-11
-1.4318182e-11
-1.0028409e-11
-1.0340909e-11
-1.1676136e-11
-9.5738634e-12
-1.3181818e-11
-9.6874999e-12
-1.3039772e-11
-9.6022721e-12
-9.5454538e-12
-7.6704537e-12
-9.0909086e-12
-9.7727269e-12
-8.1818172e-12
-1.0681817e-11
-1.2159091e-11
-1.0198863e-11
-1.0369317e-11
-1.1903409e-11
-9.1477268e-12
-9.8011356e-12
-1.0369317e-11
-1.0198863e-11
-7.9829537e-12
-9.8011356e-12
-1.1477272e-11
-8.2386355e-12
-1.4488636e-11
-1.1164772e-11
-1.2471591e-11
-1.3664772e-11
-8.664772e-12
-1.3409091e-11
-1.2159091e-11
-9.1761355e-12
-9.4602269e-12
-7.5284085e-12
-8.6931816e-12
-7.159091e-12
-7.5852276e-12
-1.0340909e-11
-6.3636362e-12
-1.2926136e-11
-1.2698864e-11
-9.1193173e-12
-1.028409e-11
-1.03125e-11
-8.0965911e-12
-1.1647727e-11
-8.2386363e-12
-1.3551136e-11
-1.15625e-11
-8.2102268e-12
-1.2528409e-11
-8.2386355e-12
-1.34375e-11
-9.0624999e-12
-8.4374998e-12
-9.1193173e-12
-1.0710227e-11
-9.914773e-12
-9.6022721e-12
-8.5511364e-12
-1.1590909e-11
-1.1136364e-11
-9.1477277e-12
-1.1022727e-11
-1.0681817e-11
-8.5227268e-12
-1.1278409e-11
-1.09375e-11
-1.3835227e-11
-8.5227268e-12
-9.6590904e-12
-9.5170451e-12
-1.2840909e-11
-7.8977276e-12
-1.1051136e-11
-1.03125e-11
-1.1420454e-11
-9.2897721e-12
-7.556818e-12
-1.0738636e-11
-9.6590904e-12
-8.3806816e-12
-1.2130682e-11
-1.0170454e-11
-1.03125e-11
-9.5170451e-12
-9.8579539e-12
-1.0397727e-11
-9.0056816e-12
-1.0795454e-11
-6.6477271e-12
-8.8636364e-12
-9.2897721e-12
-6.846591e-12
-1.0255682e-11
-1.3664772e-11
-9.7727269e-12
-1.1818182e-11
-8.9488634e-12
-1.0397727e-11
-8.7215903e-12
-9.517046e-12
-1.1534091e-11
-1.2244318e-11
-8.7215903e-12
-1.1903409e-11
-1.0340909e-11
-1.1136364e-11
-8.8920451e-12
-1.1363636e-11
-9.5738634e-12
-1.1051136e-11
-1.2244318e-11
-9.9147721e-12
-1.0028409e-11
-6.5909088e-12
-1.1619317e-11
-1.0482954e-11
-8.6931816e-12
-1.0681817e-11
-1.3011364e-11
-8.1818181e-12
-1.2357954e-11
-1.0340909e-11
-8.7215903e-12
-1.03125e-11
-8.8636355e-12
-9.6306817e-12
-9.1193181e-12
-9.0340903e-12
-1.2954545e-11
-8.0681815e-12
-1.2215909e-11
-6.335227e-12
-1.1846591e-11
-1.1988636e-11
-1e-11
-9.9147721e-12
-1.0625e-11
-1.1193182e-11
-9.7727269e-12
-7.869318e-12
-1.0369317e-11
-1.0738636e-11
-9.8295452e-12
-7.869318e-12
-1.0170454e-11
-1.2272727e-11
-9.6874999e-12
-1.3579545e-11
-9.7727269e-12
-1.1448864e-11
-7.1022728e-12
-1.2613636e-11
-8.8352268e-12
-1.0823864e-11
-1.0795454e-11
-1.2215909e-11
-8.9204547e-12
-9.2045451e-12
-1.0738636e-11
-7.6988632e-12
-1.3522727e-11
-1.3068182e-11
-1.0681817e-11
-1.1789772e-11
-8.5795459e-12
-1.2414772e-11
-9.7443173e-12
-8.6363633e-12
-1.0823864e-11
-1.0085227e-11
-9.7443173e-12
-7.8977276e-12
-9.9715904e-12
-1.0056817e-11
-1.028409e-11
-6.9034088e-12
-1.0340909e-11
-8.6931816e-12
-1.1647727e-11
-9.0340903e-12
-1.1164772e-11
-9.6874999e-12
-1.2073864e-11
-9.2045451e-12
-1.1789772e-11
-8.8920451e-12
-1.1875e-11
-7.2159089e-12
-9.6306817e-12
-1.0198863e-11
-1.028409e-11
-1.125e-11
-7.3863632e-12
-1.5539773e-11
-1.0056817e-11
-1.2670454e-11
-6.931818e-12
-9.2329538e-12
-1.2897727e-11
-1.059659e-11
-1.1590909e-11
-1.0454545e-11
-8.2954537e-12
-1.3295454e-11
-1.03125e-11
-1.1534091e-11
-8.5227268e-12
-1.0994317e-11
-6.8181819e-12
-8.3522729e-12
-1.1789772e-11
-9.8295452e-12
-1.3096591e-11
-1.125e-11
-8.4659094e-12
-1.2613636e-11
-9.7443173e-12
-1.1448864e-11
-1.1903409e-11
-9.2329538e-12
-1.059659e-11
-1.028409e-11
-8.9204547e-12
-1.0539772e-11
-5.1136361e-12
-1.1647727e-11
-9.2897721e-12
-1.1136364e-11
-1.0625e-11
-1.0142045e-11
-1.0113636e-11
-7.2159089e-12
-9.8863634e-12
-1.1335227e-11
-9.8011356e-12
-1.6363636e-11
-1.0625e-11
-1.1732954e-11
-1.0823864e-11
-1.2556818e-11
-1.0625e-11
-6.1079544e-12
-1.15625e-11
-1.0738636e-11
-9.4602269e-12
-1.2755682e-11
-9.8295452e-12
-9.6022721e-12
-1.1022727e-11
-1.3607954e-11
-9.4886356e-12
-9.1193173e-12
-1.1761364e-11
-7.6704545e-12
-1.0426136e-11
-1.2585227e-11
-1.1477272e-11
-1.0426136e-11
-1.4886363e-11
-1.1789772e-11
-1.0113636e-11
-6.5625001e-12
-1.1960227e-11
-9.4886356e-12
-8.0965911e-12
-1.0482954e-11
-8.8352277e-12
-9.8863634e-12
-1.0539772e-11
-9.1761355e-12
-7.2443189e-12
-1.0454545e-11
-9.1193173e-12
-1.1818182e-11
-8.0965911e-12
-1.2926136e-11
-1.2130682e-11
-1.2443182e-11
-1.1079545e-11
-9.2897721e-12
-1.1477272e-11
-9.7443173e-12
-6.931818e-12
-1.2073864e-11
-7.8409093e-12
-1.2897727e-11
-9.1193181e-12
-1.2755682e-11
-1.0539772e-11
-1.1590909e-11
-1.1846591e-11
-9.7727269e-12
-9.4318173e-12
-1.2130682e-11
-8.4090911e-12
-1.1534091e-11
-7.7272728e-12
-1.1789772e-11
-1.1193182e-11
-8.8636355e-12
-1.0170454e-11
-1.0994317e-11
-8.8920451e-12
-1.0028409e-11
-8.7499999e-12
-1.1448864e-11
-9.8011356e-12
-9.6306817e-12
-1.1988636e-11
-1.1761364e-11
-1.0681817e-11
-9.8863634e-12
-8.5511364e-12
-1.1193182e-11
-1.2357954e-11
-1.1392045e-11
-8.7499999e-12
-1.1988636e-11
-1.0482954e-11
-1.1505682e-11
-1.2556818e-11
-7.5284093e-12
-8.9488634e-12
-9.6306817e-12
-1.0028409e-11
-1.2073864e-11
-1.0056817e-11
-8.7215912e-12
-1.1960227e-11
-7.9829537e-12
-1.1676136e-11
-1.4602273e-11
-7.6988632e-12
-1.1931818e-11
-9.4602269e-12
-1.3096591e-11
-1.0142045e-11
-1.4034091e-11
-8.4374998e-12
-1.0397727e-11
-1.1278409e-11
-1.0198863e-11
-8.2954537e-12
-1.3409091e-11
-9.2045451e-12
-1.090909e-11
-1.1960227e-11
-1.0710227e-11
-9.4602277e-12
-6.6761362e-12
-1.1136364e-11
-1.090909e-11
-8.3238633e-12
-1.2414772e-11
-1.3238636e-11
-1.1278409e-11
-1.4232954e-11
-8.9772721e-12
-1.1420454e-11
-8.3522729e-12
-1.0142045e-11
-1.0028409e-11
-1.1590909e-11
-1.0142045e-11
-9.0624999e-12
-1.0965909e-11
-1.3892046e-11
-9.7727269e-12
-8.5227268e-12
-6.9886362e-12
-1.1448864e-11
-1.0625e-11
-6.3068179e-12
-1.122159e-11
-9.6022721e-12
-7.0738636e-12
-1.2159091e-11
-8.7499999e-12
-1.122159e-11
-9.3465903e-12
-1.0653409e-11
-1.125e-11
-9.5454538e-12
-1.2840909e-11
-8.4090903e-12
-1.3096591e-11
-1.2159091e-11
-7.6136363e-12
-1.0625e-11
-7.4999998e-12
-1.3664772e-11
-9.1193173e-12
-1.1306817e-11
-1.0369317e-11
-9.0056816e-12
-1.2102272e-11
-9.7443173e-12
-1.0539772e-11
-9.5454538e-12
-1.3039772e-11
-1.3039772e-11
-6.9034097e-12
-1.0056817e-11
-9.1761355e-12
-9.7727269e-12
-1.0255682e-11
-1.1051136e-11
-1.0511363e-11
-9.4886356e-12
-1.0227272e-11
-6.2500001e-12
-1.1107954e-11
-1.0085227e-11
-8.4943172e-12
-1.3948864e-11
-9.1477277e-12
-1.1988636e-11
-9.2897721e-12
-1.2357954e-11
-1.1392045e-11
-1.028409e-11
-9.2329547e-12
-9.3181816e-12
-7.3295458e-12
-1.1619317e-11
-8.892046e-12
-8.0113633e-12
-9.0340903e-12
-1.2329545e-11
-1.1448864e-11
-1.2471591e-11
-1.1931818e-11
-8.8068181e-12
-1.1789772e-11
-7.1875002e-12
-1.0340909e-11
-1.1363636e-11
-6.3636362e-12
-1.3295454e-11
-1.0113636e-11
-1.1619317e-11
-6.6193179e-12
-1.0170454e-11
-1.0113636e-11
-1.1875e-11
-1.1846591e-11
-9.6874999e-12
-1.1079545e-11
-1.2301136e-11
-9.9147721e-12
-1.1335227e-11
-9.3465903e-12
-9.6306817e-12
-1.1278409e-11
-1.0710227e-11
-9.5738634e-12
-9.3181816e-12
-1.1988636e-11
-1.4630682e-11
-9.9715904e-12
-9.4034086e-12
-1.1619317e-11
-1e-11
-1.1420454e-11
-1.1931818e-11
-9.2897721e-12
-9.5454538e-12
-9.1761364e-12
-1.2784091e-11
-1.059659e-11
-1.1107954e-11
-7.4999998e-12
-1.2329545e-11
-1.1335227e-11
-1.125e-11
-6.931818e-12
-6.9886362e-12
-9.4886356e-12
-9.4318173e-12
-1.0852272e-11
-1.1960227e-11
-1.028409e-11
-8.5511364e-12
-6.4204544e-12
-1.3352272e-11
-1.0113636e-11
-9.4318173e-12
-1.0880682e-11
-1.0625e-11
-1.090909e-11
-8.2954546e-12
-1.2102272e-11
-9.8295452e-12
-9.0056816e-12
-1.0340909e-11
-9.1761355e-12
-9.2613634e-12
-1.1022727e-11
-8.6363633e-12
-1.1931818e-11
-1.2613636e-11
-8.2954546e-12
-1.0681817e-11
-1.1420454e-11
-9.7727269e-12
-1.1164772e-11
-9.0624999e-12
-1.1732954e-11
-9.0340903e-12
-9.0624999e-12
-1.0255682e-11
-1.2244318e-11
-1.5568182e-11
-1.1022727e-11
-1.0795454e-11
-1.2443182e-11
-1.0994317e-11
-1.2301136e-11
-1.2045454e-11
-1.0511363e-11
-1.1022727e-11
-1.0397727e-11
-1.0539772e-11
-7.2727267e-12
-1.0710227e-11
-1.1875e-11
-1.0994317e-11
-1.1704545e-11
-1.3494318e-11
-9.1477277e-12
-1.1051136e-11
-1.1107954e-11
-1.0113636e-11
-5.9375001e-12
-1.0454546e-11
-1.2357954e-11
-7.3579545e-12
-1.3039772e-11
-9.4886356e-12
-1.0227272e-11
-1.0710227e-11
-1.4488636e-11
-9.8011356e-12
-6.7613636e-12
-1.3238636e-11
-8.4374998e-12
-8.8636355e-12
-1.2329545e-11
-7.5852276e-12
-1.1477272e-11
-7.1875002e-12
-1.0823864e-11
-7.2159089e-12
-1.03125e-11
-1.1931818e-11
-9.4318173e-12
-1.1619317e-11
-1.0397727e-11
-1.0397727e-11
-1.0113636e-11
-1.1818182e-11
-1.2130682e-11
-1.09375e-11
-9.0624999e-12
-7.0170454e-12
-1.3096591e-11
-1.2073864e-11
-1.1392045e-11
-5.7386361e-12
-1.3153409e-11
-1.2897727e-11
-1.122159e-11
-1.0198863e-11
-8.2102268e-12
-8.7499999e-12
-1.21875e-11
-1.1335227e-11
-9.6022721e-12
-1.2755682e-11
-1.2784091e-11
-1.1505682e-11
-7.2727271e-12
-1.0482954e-11
-1.0255682e-11
-1.090909e-11
-9.6022721e-12
-1.0795454e-11
-6.931818e-12
-6.335227e-12
-9.2045451e-12
-1.1590909e-11
-1.0113636e-11
-9.0056816e-12
-9.2045451e-12
-9.3749999e-12
-1.0028409e-11
-1.2613636e-11
-1.09375e-11
-1.1903409e-11
-8.6647729e-12
-1.1448864e-11
-9.6022721e-12
-7.3863632e-12
-1.1676136e-11
-9.7443173e-12
-9.2613634e-12
-8.4090903e-12
-9.0624999e-12
-1.1278409e-11
-1.0454545e-11
-1.2698865e-11
-1.0227272e-11
-1.1960227e-11
-9.3749999e-12
-8.2102276e-12
-1.0795454e-11
-1.1193182e-11
-1.0795454e-11
-1.1392045e-11
-9.8011356e-12
-7.4715911e-12
-9.7443173e-12
-8.2954546e-12
-9.8579539e-12
-9.9715904e-12
-8.892046e-12
-1.0653409e-11
-7.8977267e-12
-1.2869318e-11
-1.0369317e-11
-9.8579539e-12
-1.2045454e-11
-1.1107954e-11
-1.0284092e-11
-9.4318173e-12
-1.1761364e-11
-8.3238633e-12
-1.1931818e-11
-1.1079545e-11
-1.0369317e-11
-1.2556818e-11
-1.0369317e-11
-9.5170451e-12
-1.2670454e-11
-1.1761364e-11
-1.3181818e-11
-1.0056817e-11
-1.25e-11
-1.2272727e-11
-1.1704545e-11
-9.8579539e-12
-1.2642045e-11
-1.0653409e-11
-1.3892046e-11
-1.3664772e-11
-9.7727269e-12
-1.1619317e-11
-1.059659e-11
-1.0965909e-11
-9.7443173e-12
-1.1420454e-11
-1.2528409e-11
-9.9715904e-12
-9.0909086e-12
-9.7443173e-12
-1.3948864e-11
-8.6363633e-12
-1.5880682e-11
-8.2386355e-12
-1.0994317e-11
-9.5738634e-12
-1.0142045e-11
-1.2073864e-11
-9.7159086e-12
-9.5738634e-12
-1.0198863e-11
-1.0340909e-11
-1.0965909e-11
-1.28125e-11
-1.4545454e-11
-1.0625e-11
-1.0340909e-11
-8.9772721e-12
-6.0795453e-12
-1.0426136e-11
-8.6931816e-12
-7.7840902e-12
-9.4034086e-12
-1.0340909e-11
-7.3863632e-12
-1.1051136e-11
-1.2301136e-11
-8.3806816e-12
-9.1477277e-12
-9.5170451e-12
-8.0681815e-12
-9.2045451e-12
-1.0795454e-11
-9.8295452e-12
-9.7443182e-12
-1.1107954e-11
-1.125e-11
-1.0823864e-11
-8.352272e-12
-1.1647727e-11
-1.0965909e-11
-8.7215903e-12
-9.2045451e-12
-8.4374998e-12
-1.2102272e-11
-9.8011356e-12
-1.1448864e-11
-8.7215903e-12
-1.1164772e-11
-1.0880682e-11
-1.1136364e-11
-1.2698864e-11
-1.0227272e-11
-9.3465912e-12
-1.122159e-11
-1.028409e-11
-1.2244318e-11
-9.1761355e-12
-1.3863636e-11
-7.4147728e-12
-8.892046e-12
-9.6590912e-12
-1.1590909e-11
-1.028409e-11
-1.3551136e-11
-7.4431815e-12
-7.3579545e-12
-1.1420454e-11
-8.7215903e-12
-9.5170451e-12
-1.0198863e-11
-1.1306817e-11
-1.09375e-11
-1.3835227e-11
-1.1477272e-11
-1.1306817e-11
-1.1732954e-11
-6.5625001e-12
-1.3125e-11
-7.0170454e-12
-8.7499999e-12
-8.8636355e-12
-1.1931818e-11
-1.5426136e-11
-8.7215903e-12
-1.3039772e-11
-1.059659e-11
-9.5454547e-12
-1.4232954e-11
-1.5170455e-11
-9.6874999e-12
-9.5738634e-12
-9.0909086e-12
-9.1761355e-12
-9.8295452e-12
-7.7272728e-12
-6.9602271e-12
-6.9034088e-12
-1.1960227e-11
-1.125e-11
-8.5511364e-12
-1.25e-11
-8.1249998e-12
-1.1051136e-11
-8.4943172e-12
-1.1534091e-11
-1.3465909e-11
-8.5511372e-12
-1.1392045e-11
-1.0738636e-11
-1.1335227e-11
-6.1079544e-12
-1.0454545e-11
-1.03125e-11
-6.8181819e-12
-8.9772721e-12
-8.3806816e-12
-1.3011364e-11
-1.1335227e-11
-1.0852272e-11
-1.2244318e-11
-1.2528409e-11
-1.1988636e-11
-1.1051136e-11
-7.2159089e-12
-1.09375e-11
-6.6477271e-12
-8.3522729e-12
-1.2613636e-11
-9.0624999e-12
-1.2755682e-11
-1.2357954e-11
-7.556818e-12
-8.3238633e-12
-7.8124998e-12
-1.0738636e-11
-8.6931816e-12
-9.8579539e-12
-1.03125e-11
-1.2585227e-11
-1.1022727e-11
-5e-12
-1.1392045e-11
-1.1335227e-11
-7.8693172e-12
-8.4090911e-12
-1.0625e-11
-1.0767045e-11
-1.2443182e-11
-8.8068173e-12
-1.0085227e-11
-1.1107954e-11
-8.8068173e-12
-8.7499999e-12
-1.2073864e-11
-8.4943172e-12
-1.0369317e-11
-9.8011356e-12
-8.2102268e-12
-7.0738636e-12
-1.2698864e-11
-9.7443173e-12
-1.2443182e-11
-9.8579539e-12
-1.0426136e-11
-1.1676136e-11
-1.0454545e-11
-1.0142045e-11
-4.7727269e-12
-1.1107954e-11
-9.8011356e-12
-1.1136364e-11
-1.3863636e-11
-1.0085227e-11
-9.4602269e-12
-1.0994317e-11
-9.7727269e-12
-9.1477268e-12
-9.602273e-12
-1.0880682e-11
-1.1363636e-11
-8.7499999e-12
-1.2386364e-11
-1.1420454e-11
-1.3693182e-11
-5.9375001e-12
-1.2073864e-11
-1.1363636e-11
-1.2215909e-11
-8.5795451e-12
-8.5227277e-12
-1.2329545e-11
-9.9147721e-12
-1.1789772e-11
-1.3948864e-11
-9.1761355e-12
-8.9772721e-12
-8.0397728e-12
-1.1505682e-11
-8.892046e-12
-1.0340909e-11
-1.028409e-11
-1.0994317e-11
-7.8977267e-12
-1.0255682e-11
-1.0681817e-11
-9.8011356e-12
-9.204546e-12
-8.9488634e-12
-1.2301136e-11
-1.2670454e-11
-1.2215909e-11
-8.2102276e-12
-8.267045e-12
-1.0539772e-11
-1.0340909e-11
-9.8863634e-12
-1.0795454e-11
-1.1988636e-11
-1.2357954e-11
-8.6363633e-12
-1.1193182e-11
-1.0767045e-11
-9.1761355e-12
-9.6022721e-12
-1.0625e-11
-1.1193182e-11
-1.1420454e-11
-9.8579547e-12
-1.4147727e-11
-1.122159e-11
-9.3181816e-12
-1.1676136e-11
-9.1477268e-12
-1.0198863e-11
-9.3181816e-12
-1.2727272e-11
-7.869318e-12
-1.1193182e-11
-8.6363633e-12
-1.4147727e-11
-9.9715904e-12
-1.0028409e-11
-1.1732954e-11
-8.0113633e-12
-9.8295452e-12
-1.0482954e-11
-9.2897721e-12
-1.2045454e-11
-7.9261354e-12
-1.2045454e-11
-9.6306817e-12
-7.7840911e-12
-8.4090903e-12
-1.1136364e-11
-9.7727269e-12
-9.2897721e-12
-8.0681815e-12
-1.0056817e-11
-9.3749999e-12
-1.4545454e-11
-6.7613636e-12
-1.2045454e-11
-1.3267045e-11
-9.6022721e-12
-1.2159091e-11
-8.0113633e-12
-1.0028409e-11
-1.1107954e-11
-1.0965909e-11
-1.4090909e-11
-7.3579537e-12
-9.7159086e-12
-9.6022721e-12
-8.4374998e-12
-1.1590909e-11
-9.6874999e-12
-8.8352277e-12
-1.0653409e-11
-9.2045451e-12
-1.53125e-11
-8.2102276e-12
-9.4886356e-12
-1.028409e-11
-7.8977276e-12
-1.3636364e-11
-7.1306819e-12
-9.1477268e-12
-1.0454545e-11
-1.1079545e-11
-9.2613634e-12
-8.8636355e-12
-1.0255682e-11
-1.125e-11
-1.0113636e-11
-8.2102268e-12
-1.0454545e-11
-1.34375e-11
-1.1107954e-11
-7.9829546e-12
-1.3210227e-11
-9.1477268e-12
-1.3039772e-11
-1.1051136e-11
-1.2017045e-11
-1.1619317e-11
-1.0710227e-11
-1.0482954e-11
-1.2301136e-11
-9.2329538e-12
-1.2017045e-11
-1.2755682e-11
-6.931818e-12
-1.0625e-11
-1.0625e-11
-1.3125e-11
-1.0738636e-11
-1.5198863e-11
-9.8863634e-12
-1.1988636e-11
-1.09375e-11
-9.5170451e-12
-1.1448864e-11
-1.122159e-11
-8.4943181e-12
-1.2130682e-11
-9.4318182e-12
-9.0056816e-12
-1.3863636e-11
-7.6136363e-12
-9.8579539e-12
-1.2301136e-11
-7.244318e-12
-1.1420454e-11
-8.4090911e-12
-1.2357954e-11
-1.0539772e-11
-1.0340909e-11
-1.122159e-11
-1.2329545e-11
-1.09375e-11
-1.0738636e-11
-1.0880682e-11
-1.0539772e-11
-8.664772e-12
-1.4005682e-11
-9.9147721e-12
-1.0681817e-11
-1.1619317e-11
-1.0653409e-11
-9.4034086e-12
-1.2443182e-11
-7.8409093e-12
-1.0482954e-11
-7.1874993e-12
-9.1193173e-12
-1.1477272e-11
-7.556818e-12
-1.002841e-11
-1.1051136e-11
-9.4602269e-12
-7.6420459e-12
-1.0511363e-11
-1.3125e-11
-1.1278409e-11
-1.0028409e-11
-1.1306817e-11
-1.15625e-11
-1.1732954e-11
-1.1676136e-11
-8.4659094e-12
-9.7443191e-12
-1.0340909e-11
-8.8352268e-12
-1.0852272e-11
-6.761364e-12
-1.2840909e-11
-1.1960227e-11
-6.6193179e-12
-1.125e-11
-1.090909e-11
-1.0994317e-11
-1.1051136e-11
-1.122159e-11
-1.1363636e-11
-9.4886356e-12
-8.9204547e-12
-1.2017045e-11
-1e-11
-8.0681815e-12
-1.1789774e-11
-8.352272e-12
-9.7727269e-12
-1.1107954e-11
-1.0653409e-11
-1.3210227e-11
-9.9715904e-12
-1.090909e-11
-1.2840909e-11
-7.3863632e-12
-1.059659e-11
-1.5028409e-11
-9.7159086e-12
-1.1420454e-11
-9.2329538e-12
-1.1136364e-11
-9.7443173e-12
-1.2159091e-11
-1.3465909e-11
-1.1647727e-11
-1.1363636e-11
-9.2897721e-12
-9.8011365e-12
-1.4630682e-11
-1.0085227e-11
-1.1306817e-11
-1.3068182e-11
-1.2073864e-11
-1.4346591e-11
-1.0482954e-11
-1.40625e-11
-1.1420454e-11
-1.0028409e-11
-1.1846591e-11
-1.0340909e-11
-1.2301136e-11
-1.1193182e-11
-1.1278409e-11
-1.28125e-11
-1.1164772e-11
-1.4772726e-11
-5.1136361e-12
-1.4687499e-11
-9.3749999e-12
-1.15625e-11
-1.0852272e-11
-8.4374998e-12
-9.9147721e-12
-1.1392045e-11
-9.9147721e-12
-1.1136364e-11
-9.6022721e-12
-1.1022727e-11
-8.2954537e-12
-1.1960227e-11
-1.2954545e-11
-1.0397727e-11
-9.3465903e-12
-1.3948864e-11
-1.15625e-11
-1.3409091e-11
-1.2755682e-11
-8.6931816e-12
-9.2897721e-12
-8.3522737e-12
-1.1164772e-11
-1.1278409e-11
-1.0198863e-11
-7.6704545e-12
-1.25e-11
-1.1960227e-11
-1.09375e-11
-9.4034086e-12
-1.0198863e-11
-1.1335227e-11
-8.5795451e-12
-8.6931816e-12
-1.1051136e-11
-1.3806818e-11
-1.0113636e-11
-1.059659e-11
-1.1107954e-11
-1.3153409e-11
-9.2613634e-12
-9.0909086e-12
-9.4886356e-12
-1.1732954e-11
-1.1761364e-11
-1.1732954e-11
-1.1392045e-11
-9.9715904e-12
-9.5454538e-12
-1.2869318e-11
-9.5738634e-12
-1.3977272e-11
-1.1193182e-11
-1.1079545e-11
-1.1789772e-11
-8.5511355e-12
-9.6874999e-12
-1.1306817e-11
-9.6306817e-12
-1.3323864e-11
-8.1818181e-12
-1.0710227e-11
-1.1931818e-11
-1.0198863e-11
-8.2954546e-12
-8.7215903e-12
-9.6590904e-12
-1.1306817e-11
-1.0085228e-11
-1.1761364e-11
-1.0142045e-11
-7.6136363e-12
-1.0028409e-11
-1.0085227e-11
-1.3153409e-11
-8.0681815e-12
-1.0880682e-11
-8.664772e-12
-1.1363636e-11
-8.5227277e-12
-1.3238636e-11
-9.4602269e-12
-8.892046e-12
-1.4659092e-11
-1.028409e-11
-1.2102272e-11
-6.9034088e-12
-9.9431817e-12
-1.2926136e-11
-1.059659e-11
-1.0852272e-11
-9.8863634e-12
-7.7840911e-12
-1.1448864e-11
-1.0198863e-11
-8.5795451e-12
-1.09375e-11
-8.0681815e-12
-1.0681817e-11
-1.0056817e-11
-7.4715902e-12
-1.2159091e-11
-8.0681815e-12
-1.3011364e-11
-7.329545e-12
-1.2130682e-11
-9.3749999e-12
-5.4261361e-12
-1.0539772e-11
-1.2755682e-11
-6.931818e-12
-8.2386363e-12
-9.4318173e-12
-1.4005682e-11
-1.0965909e-11
-1.2414772e-11
-1.0198863e-11
-9.0340903e-12
-6.2500001e-12
-1.0255682e-11
-8.352272e-12
-9.2045451e-12
-1.1988636e-11
-8.3238633e-12
-8.3238633e-12
-9.9431817e-12
-6.6761362e-12
-9.8579539e-12
-1.0369317e-11
-9.9715904e-12
-1.3295454e-11
-8.6363633e-12
-9.6306817e-12
-1.1420454e-11
-8.3806816e-12
-9.9147721e-12
-9.9431817e-12
-1.1619317e-11
-9.8863634e-12
-8.1534085e-12
-1.0852272e-11
-1.1988636e-11
-1.0170454e-11
-1.2130682e-11
-7.6420459e-12
-1.3721591e-11
-9.8579539e-12
-9.7159086e-12
-1.1505682e-11
-6.9034088e-12
-1.4176136e-11
-8.0681815e-12
-1.1392045e-11
-1.1051136e-11
-9.6874999e-12
-1.4801136e-11
-1.0056817e-11
-1.0795454e-11
-8.5795459e-12
-1.0539772e-11
-9.9715904e-12
-8.2102268e-12
-1.3948864e-11
-7.7272728e-12
-1.4403409e-11
-1.2414772e-11
-1.0795454e-11
-1.3721591e-11
-5.8238635e-12
-1.1647727e-11
-7.9829546e-12
-1.4261364e-11
-1.0880682e-11
-7.5852276e-12
-9.0909094e-12
-1.21875e-11
-1.1789772e-11
-1.0113636e-11
-8.3806816e-12
-1.1477272e-11
-5.5113635e-12
-1.2329545e-11
-9.8295452e-12
-8.4374998e-12
-1.0795454e-11
-1.0965909e-11
-1.1193182e-11
-9.9431817e-12
-1.0198863e-11
-1.0369319e-11
-9.8863634e-12
-9.8295452e-12
-1.2301136e-11
-1.090909e-11
-1.2244318e-11
-8.0113633e-12
-1.0170454e-11
-8.8636355e-12
-1.0625e-11
-1.2414772e-11
-1.0994317e-11
-9.4886356e-12
-9.7159086e-12
-7.0454545e-12
-1.1022727e-11
-7.7272728e-12
-8.7499999e-12
-9.6590904e-12
-1.2556818e-11
-1.0568182e-11
-9.8295452e-12
-1.2329545e-11
-1.2357954e-11
-7.556818e-12
-9.3181816e-12
-1.0511363e-11
-1.0880682e-11
-1.125e-11
-9.0056816e-12
-9.0909094e-12
-1.0255682e-11
-1.0340909e-11
-1.2244318e-11
-8.9772729e-12
-1.1278409e-11
-9.2045451e-12
-1.15625e-11
-1.0255682e-11
-1.0653409e-11
-9.2045451e-12
-1.1392045e-11
-1.0426136e-11
-1.2556818e-11
-1.1676136e-11
-1.2556818e-11
-7.4999998e-12
-1.1676136e-11
-1.059659e-11
-8.352272e-12
-1.2357954e-11
-7.0170454e-12
-1.1448864e-11
-1.2357954e-11
-7.2727271e-12
-1.0681817e-11
-1.2017045e-11
-1.1818182e-11
-1.0795454e-11
-8.3806816e-12
-7.159091e-12
-1.0454545e-11
-8.7215903e-12
-1.0113636e-11
-9.0624999e-12
-9.8295452e-12
-1.1732954e-11
-1.122159e-11
-9.7159086e-12
-9.3749999e-12
-1.125e-11
-1.3210227e-11
-6.9886362e-12
-9.5454538e-12
-9.9147721e-12
-1.2869318e-11
-1.1761364e-11
-1.0965909e-11
-5.4829544e-12
-1.0681817e-11
-9.2045451e-12
-9.6022721e-12
-1.3494318e-11
-9.8011356e-12
-1.0056817e-11
-1.3806818e-11
-1.1988636e-11
-1.1818182e-11
-1.2130682e-11
-1.0653409e-11
-9.3465903e-12
-8.6079538e-12
-1.2727272e-11
-1.1107954e-11
-1.0056817e-11
-1.1079545e-11
-1.2130682e-11
-7.2159089e-12
-1.1761364e-11
-8.4943181e-12
-9.1761355e-12
-1.2130682e-11
-1.0965909e-11
-1.1335227e-11
-6.4204544e-12
-1.1079545e-11
-1.2017045e-11
-9.8295452e-12
-1.2727272e-11
-1e-11
-8.7215903e-12
-1.0625e-11
-9.0056816e-12
-1.0482954e-11
-9.0340903e-12
-1e-11
-1.2840909e-11
-8.8352268e-12
-1.4772726e-11
-9.2613634e-12
-1.3181818e-11
-1.125e-11
-1.0511363e-11
-1.0852272e-11
-6.9602271e-12
-1.1789772e-11
-1.1392045e-11
-1.2130682e-11
-1.0340909e-11
-1.0710227e-11
-1.21875e-11
-1.2926136e-11
-1.2386364e-11
-8.7499999e-12
-7.3011363e-12
-9.3465903e-12
-1.0738636e-11
-1.3210227e-11
-1.122159e-11
-1.1164772e-11
-1.2840909e-11
-1.028409e-11
-1.0511363e-11
-1.3210227e-11
-8.0397728e-12
-1.2301136e-11
-1.15625e-11
-5.7386361e-12
-1.4289772e-11
-1.0795454e-11
-1.3465909e-11
-9.1477268e-12
-1e-11
-1.2954545e-11
-7.2159089e-12
-1.3210227e-11
-1.0142045e-11
-1.0142045e-11
-1.4346591e-11
-8.2102268e-12
-1.0198863e-11
-8.9772721e-12
-1.1590909e-11
-1.3948864e-11
-1.0823864e-11
-1.1448864e-11
-7.0454541e-12
-1.2102272e-11
-1.1022727e-11
-1.1363636e-11
-1.2840909e-11
-1.1335227e-11
-1.1875e-11
-1.125e-11
-1.3380682e-11
-8.2954546e-12
-1.2130682e-11
-1.0113636e-11
-1.0397727e-11
-1.1278409e-11
-9.6590904e-12
-1.1051136e-11
-8.8920451e-12
-1.0113636e-11
-1.3068182e-11
-9.9431817e-12
-1.0397727e-11
-1.059659e-11
-1.3409091e-11
-1.0482954e-11
-9.7727269e-12
-1.0426136e-11
-9.6306817e-12
-9.6874999e-12
-1.0738636e-11
-6.6761362e-12
-9.9431817e-12
-9.0624999e-12
-8.9204538e-12
-1.0255682e-11
-9.8011356e-12
-1.1363636e-11
-1.1619317e-11
-6.5056818e-12
-8.8920451e-12
-8.5511364e-12
-9.9715904e-12
-1.1107954e-11
-1.0880682e-11
-7.642045e-12
-1.4204546e-11
-1.0710227e-11
-1.0340909e-11
-1.1590909e-11
-6.0511362e-12
-1.2017045e-11
-1.2159091e-11
-9.6590904e-12
-8.2386355e-12
-1.0227272e-11
-1.1392045e-11
-8.3238633e-12
-1.2954545e-11
-1.3835227e-11
-1.0113636e-11
-1.2954545e-11
-1.0028409e-11
-1.0681817e-11
-9.6590904e-12
-1.0965909e-11
-8.8352277e-12
-1.122159e-11
-9.5454538e-12
-8.9772729e-12
-8.6647729e-12
-9.0624999e-12
-1.2272727e-11
-1.0198863e-11
-7.4999998e-12
-9.6022721e-12
-1.0142045e-11
-1.0568182e-11
-1.1335227e-11
-1.0511363e-11
-8.0681815e-12
-1.1164772e-11
-7.7272728e-12
-1.1761364e-11
-1.1761364e-11
-1.0056817e-11
-1.1107954e-11
-1.1136364e-11
-8.8636364e-12
-1.1164772e-11
-8.0681815e-12
-1.0795454e-11
-1.2869318e-11
-8.7215912e-12
-6.9886362e-12
-1.0397727e-11
-9.8295452e-12
-1.2215909e-11
-9.0624999e-12
-1.0170454e-11
-9.4602277e-12
-7.272728e-12
-1.4602273e-11
-8.7784086e-12
-9.8579539e-12
-1.0823864e-11
-1.1392045e-11
-1.0653409e-11
-9.8863634e-12
-1.3238636e-11
-1.0852272e-11
-9.0340903e-12
-1.0681817e-11
-1.1534091e-11
-1.125e-11
-9.2613634e-12
-1.1590909e-11
-1.2215909e-11
-9.3465912e-12
-1.34375e-11
-9.0056816e-12
-1.1278409e-11
-1.3806818e-11
-8.8352277e-12
-9.1477268e-12
-9.8863634e-12
-1.0767045e-11
-9.6590912e-12
-1.375e-11
-9.602273e-12
-1.0056817e-11
-1.1647727e-11
-1.1477272e-11
-1.4204546e-11
-9.6874999e-12
-1.2357954e-11
-7.9261372e-12
-1.28125e-11
-1.1647727e-11
-1.1306817e-11
-8.1249998e-12
-1.0255682e-11
-1.0738636e-11
-9.7159086e-12
-8.5795459e-12
-8.3238633e-12
-1.0511363e-11
-1.1960227e-11
-9.7727269e-12
-9.7727269e-12
-9.8579539e-12
-1.0568182e-11
-1.0823864e-11
-8.5511355e-12
-1.1903409e-11
-1.1732954e-11
-1.1221592e-11
-9.8011356e-12
-9.6874999e-12
-1.2045454e-11
-8.8920451e-12
-1.1335227e-11
-1.0880682e-11
-1.25e-11
-8.267045e-12
-1.1107954e-11
-1.2130682e-11
-1.2301136e-11
-1.1335227e-11
-1.0340909e-11
-9.6306817e-12
-1.2130682e-11
-8.9488634e-12
-1.0198863e-11
-1.0568182e-11
-1.1846591e-11
-9.4602269e-12
-1.0113636e-11
-1.1335227e-11
-8.1534085e-12
-1.2272727e-11
-9.5170451e-12
-8.8068181e-12
-9.1761355e-12
-1.3153409e-11
-9.6874999e-12
-9.5454538e-12
-7.954545e-12
-9.5454547e-12
-1.4573863e-11
-9.9431817e-12
-1.0340909e-11
-1.122159e-11
-1.2130682e-11
-1.2443182e-11
-8.3522729e-12
-8.1534094e-12
-1.3551136e-11
-1.3636364e-11
-1.2869318e-11
-1.1278409e-11
-1.1363636e-11
-1.0198863e-11
-1.2926136e-11
-9.2897721e-12
-1.1590909e-11
-1.1079545e-11
-1.2073864e-11
-8.3238633e-12
-1.0255682e-11
-9.9431817e-12
-7.1306819e-12
-1.4232954e-11
-8.039772e-12
-1.1818182e-11
-8.3522729e-12
-7.7556815e-12
-9.4034086e-12
-7.8409093e-12
-8.2670459e-12
-1.0738636e-11
-9.4886356e-12
-1.03125e-11
-9.6874999e-12
-1.1647727e-11
-9.3465903e-12
-9.1761355e-12
-9.3749999e-12
-1.0113636e-11
-1.1448864e-11
-1.0482954e-11
-1.1477272e-11
-1.3352272e-11
-9.7159086e-12
-1.2528409e-11
-1.0426136e-11
-1.0397727e-11
-1.1960227e-11
-1.0170454e-11
-1.1704545e-11
-9.1761355e-12
-8.8920451e-12
-1.09375e-11
-1.2045454e-11
-1.3039772e-11
-9.6306817e-12
-9.1477268e-12
-1.0255682e-11
-1.1164772e-11
-1.0653409e-11
-8.7784094e-12
-6.6761362e-12
-1e-11
-9.4602269e-12
-8.5227277e-12
-1.2159091e-11
-8.892046e-12
-1.1846591e-11
-1.0681817e-11
-1.2954545e-11
-9.3749999e-12
-1.2926136e-11
-1.0198863e-11
-8.1818181e-12
-1.3863636e-11
-8.5227277e-12
-8.2102276e-12
-1.3920454e-11
-1.1278409e-11
-9.2897721e-12
-1.1903409e-11
-1.0738636e-11
-1.1448864e-11
-6.5909088e-12
-4.8863634e-12
-1.1590909e-11
-9.6590904e-12
-9.7443173e-12
-8.0965902e-12
-1.0710227e-11
-7.7272728e-12
-1.1903409e-11
-1.1164772e-11
-1.2329545e-11
-1.0227272e-11
-1.2102272e-11
-1.1164772e-11
-9.6022721e-12
-1.1477272e-11
-1.2357954e-11
-1.0653409e-11
-9.6874999e-12
-1.3892046e-11
-9.3749999e-12
-9.6590904e-12
-9.0056816e-12
-1.0568182e-11
-1.1335227e-11
-1.2926136e-11
-7.3011363e-12
-1.1335227e-11
-9.0340903e-12
-1.3465909e-11
-9.3749999e-12
-7.9829546e-12
-6.3920453e-12
-1.28125e-11
-7.1875002e-12
-1.1619317e-11
-6.5909088e-12
-1.0823864e-11
-1.2585227e-11
-1.0170454e-11
-1.1704545e-11
-6.6193179e-12
-1.0965909e-11
-9.2329547e-12
-9.6306817e-12
-9.0340903e-12
-1.1960227e-11
-1.2329545e-11
-1.1448864e-11
-1.1193182e-11
-9.6874999e-12
-8.3806824e-12
-7.4999998e-12
-1.0511363e-11
-1.3153409e-11
-1.3011364e-11
-9.6022721e-12
-1.21875e-11
-1.0454545e-11
-1.0795454e-11
-1e-11
-1.0397727e-11
-1.0198863e-11
-9.2613634e-12
-8.267045e-12
-8.5511355e-12
-1.1732954e-11
-9.8011356e-12
-9.6306817e-12
-1.0625e-11
-8.1249998e-12
-1.0568182e-11
-1.0369317e-11
-6.5056818e-12
-1.3835227e-11
-7.159091e-12
-1.2443182e-11
-1.4943182e-11
-8.5227268e-12
-1.3295454e-11
-9.3465903e-12
-9.2613634e-12
-1.0198863e-11
-9.9147721e-12
-9.9715904e-12
-1.1136364e-11
-9.5170451e-12
-8.9204538e-12
-9.8579539e-12
-1.059659e-11
-9.2329547e-12
-1.0340909e-11
-1.028409e-11
-9.0340903e-12
-1.3039772e-11
-5.7670453e-12
-9.0909086e-12
-1.09375e-11
-1.15625e-11
-9.2897721e-12
-9.7727269e-12
-1.1732954e-11
-1.0198863e-11
-7.869318e-12
-1.1590909e-11
-9.2613634e-12
-1.2471591e-11
-8.1249998e-12
-9.8863634e-12
-1.1193182e-11
-9.2329538e-12
-1.2727272e-11
-8.7215903e-12
-9.5738634e-12
-1.0142045e-11
-1.1420454e-11
-7.7272728e-12
-1.1789772e-11
-1.1107954e-11
-7.869318e-12
-8.1818172e-12
-1.1505682e-11
-1.1278409e-11
-1.0454545e-11
-1.2443182e-11
-8.2670459e-12
-1.0454545e-11
-8.4374998e-12
-9.2897721e-12
-1.3011364e-11
-1.1306817e-11
-8.4374998e-12
-1.0539772e-11
-1.1647727e-11
-8.8068173e-12
-1.3920454e-11
-8.2102268e-12
-9.6590904e-12
-1.122159e-11
-9.9715904e-12
-8.4090911e-12
-9.8579539e-12
-8.0113633e-12
-1.2073864e-11
-9.4034086e-12
-1.2471591e-11
-8.4090903e-12
-7.8409093e-12
-8.9772729e-12
-9.3749999e-12
-9.1193173e-12
-8.7499999e-12
-1.0681817e-11
-1.3920454e-11
-9.3749999e-12
-9.4034095e-12
-1.4517046e-11
-1.2272727e-11
-9.3465903e-12
-1.0028409e-11
-8.4943181e-12
-1.0767045e-11
-1.0625e-11
-9.2613634e-12
-1.2414772e-11
-1.090909e-11
-9.9147721e-12
-1.028409e-11
-1.0738636e-11
-1.0255682e-11
-1.0681817e-11
-1.0397727e-11
-9.9715904e-12
-1.0795454e-11
-1.0795454e-11
-1.1505682e-11
-1.1590909e-11
-8.2954546e-12
-1.1306817e-11
-1.0426136e-11
-8.9488634e-12
-7.6136363e-12
-1.0113636e-11
-1.0511363e-11
-7.8124998e-12
-8.6931816e-12
-1.2017045e-11
-1.0113636e-11
-9.9147721e-12
-9.9431817e-12
-1.0028409e-11
-1.28125e-11
-7.3863632e-12
-9.8579547e-12
-1.1477272e-11
-1.3096591e-11
-9.4034086e-12
-6.221591e-12
-8.4090911e-12
-9.1193173e-12
-1.2045454e-11
-1.0710227e-11
-1.1335227e-11
-1.1619317e-11
-1.3607954e-11
-7.7556815e-12
-9.8011356e-12
-1.0994317e-11
-1.1676136e-11
-1.2585227e-11
-9.4318173e-12
-1.3153409e-11
-8.2102268e-12
-6.2500001e-12
-1.2670454e-11
-1.0198863e-11
-1.1647727e-11
-7.4999998e-12
-8.4659094e-12
-9.2897721e-12
-8.9772721e-12
-1.3238636e-11
-7.4715902e-12
-1.1875e-11
-1.0738636e-11
-9.7159086e-12
-1.2159091e-11
-1.2215909e-11
-1.0795454e-11
-9.0056816e-12
-8.892046e-12
-1.15625e-11
-1.1420454e-11
-7.8124998e-12
-1.4488636e-11
-1.0113637e-11
-1.1903409e-11
-7.0738636e-12
-1.125e-11
-1.2357954e-11
-1.090909e-11
-9.8011356e-12
-1.1136364e-11
-1.1931818e-11
-1.6306819e-11
-7.3579545e-12
-9.6590904e-12
-1.1079545e-11
-1.0568182e-11
-1.3068182e-11
-9.5738634e-12
-1.3238636e-11
-1.2613636e-11
-1.1363636e-11
-1.090909e-11
-1.0568182e-11
-9.6874999e-12
-9.4886356e-12
-8.7499999e-12
-1.3465909e-11
-7.8977276e-12
-1.2215909e-11
-1.21875e-11
-7.6988632e-12
-1.2982954e-11
-9.5170451e-12
-8.8636355e-12
-1.2784091e-11
-7.5852276e-12
-1e-11
-1.0823864e-11
-1.0710227e-11
-1.1363636e-11
-1.0681817e-11
-1.1960227e-11
-6.9602271e-12
-1.2130682e-11
-1.0965909e-11
-1.0454545e-11
-1.1590909e-11
-8.4374998e-12
-1.1931818e-11
-1.1193182e-11
-1.1988636e-11
-8.4659085e-12
-1.0255682e-11
-1.0085227e-11
-1.0681817e-11
-1.1448864e-11
-1.1818182e-11
-1.0539772e-11
-1.1079545e-11
-1.1761364e-11
-1.2784091e-11
-1.4630682e-11
-1.1164772e-11
-8.7784094e-12
-1.028409e-11
-7.6136363e-12
-8.4659085e-12
-5.7386361e-12
-1.3011365e-11
-1.4375e-11
-8.1249998e-12
-1.2528409e-11
-9.5454538e-12
-1.0454545e-11
-7.4715911e-12
-1.1136364e-11
-1.1051136e-11
-9.9147721e-12
-1.0085227e-11
-8.2386355e-12
-9.6874999e-12
-1.2840909e-11
-1.125e-11
-1.0482954e-11
-7.8977267e-12
-9.0340903e-12
-9.8863634e-12
-9.8011356e-12
-1.0113636e-11
-8.8068181e-12
-7.4999998e-12
-1.1931818e-11
-9.8579539e-12
-9.5170451e-12
-1.0795454e-11
-1.2102272e-11
-1.3409091e-11
-1.0227272e-11
-1.3863636e-11
-1.1619317e-11
-1.0170454e-11
-1.1534091e-11
-9.3465903e-12
-9.2897729e-12
-1.090909e-11
-9.5454538e-12
-1.0482954e-11
-1.3295454e-11
-1.2215909e-11
-9.3181816e-12
-1.1988636e-11
-8.267045e-12
-1.03125e-11
-1.1335227e-11
-9.9147721e-12
-8.7499999e-12
-1.34375e-11
-1.1846591e-11
-7.3863632e-12
-8.5227268e-12
-1.1761364e-11
-1.1988636e-11
-1.0511363e-11
-9.9431817e-12
-1.1676136e-11
-1.1164772e-11
-8.4943181e-12
-1.3920454e-11
-1.090909e-11
-1.1931818e-11
-1.0880682e-11
-1.1505682e-11
-1.0795454e-11
-1.3636364e-11
-9.5170451e-12
-1.0681817e-11
-1.1505682e-11
-8.4374998e-12
-1.09375e-11
-9.6022721e-12
-9.8011356e-12
-9.0056816e-12
-9.3465903e-12
-9.6306817e-12
-1.1647727e-11
-1.0056817e-11
-8.1818172e-12
-9.8011356e-12
-9.9431817e-12
-1.0028409e-11
-1.1136364e-11
-1.0369317e-11
-9.2329538e-12
-1.03125e-11
-1.3011364e-11
-9.8863634e-12
-9.3181825e-12
-1.2414772e-11
-1.1306817e-11
-1.0681817e-11
-9.6874999e-12
-1.0965909e-11
-7.6136363e-12
-1.1420454e-11
-1.0738636e-11
-1.3068182e-11
-1.3607954e-11
-1.1022727e-11
-1.2528409e-11
-8.0965902e-12
-1.2727272e-11
-1.1193182e-11
-1.3522727e-11
-1.1931818e-11
-1.0255682e-11
-1.0198863e-11
-8.9772721e-12
-6.6761362e-12
-1.3494318e-11
-8.9488634e-12
-1.0767045e-11
-1.3295454e-11
-8.6647729e-12
-7.8693172e-12
-1.03125e-11
-8.7784086e-12
-8.4374998e-12
-1.34375e-11
-1.2585227e-11
-1.0142045e-11
-1.028409e-11
-1.4886363e-11
-1.0710227e-11
-1.3522727e-11
-1.0426136e-11
-1.3892046e-11
-1.0198863e-11
-1.1107954e-11
-8.0965902e-12
-1.2215909e-11
-1.0028409e-11
-1.2073864e-11
-1.0795454e-11
-9.1761355e-12
-9.5170451e-12
-1.0113636e-11
-9.8295452e-12
-6.9034088e-12
-1.3522727e-11
-1.2272727e-11
-9.5454538e-12
-1.0056817e-11
-9.8579539e-12
-9.6590904e-12
-1.2443182e-11
-9.2613634e-12
-9.3749999e-12
-8.7215903e-12
-9.1193173e-12
-1.21875e-11
-1.28125e-11
-1.3579545e-11
-1.028409e-11
-1.1931818e-11
-9.4602269e-12
-1.3607954e-11
-1.0255682e-11
-8.664772e-12
-1.1136364e-11
-1.1988636e-11
-9.4602269e-12
-1.2102272e-11
-8.4090911e-12
-1.2471591e-11
-8.5511355e-12
-9.2329538e-12
-8.7499999e-12
-1.0511363e-11
-1.2272727e-11
-7.869318e-12
-1.1647727e-11
-9.8863634e-12
-9.9431817e-12
-1.0255682e-11
-1.4232954e-11
-9.7159086e-12
-1.0426136e-11
-8.6931816e-12
-1.1193182e-11
-1.3778409e-11
-8.2670459e-12
-1.1590909e-11
-8.9204538e-12
-1.0397727e-11
-7.1875002e-12
-1.2045454e-11
-1.0994317e-11
-1.2869318e-11
-9.5738634e-12
-1.1136364e-11
-1.1392045e-11
-9.0340903e-12
-7.9829546e-12
-9.8579539e-12
-1.2357954e-11
-9.9715904e-12
-7.6704545e-12
-9.4318173e-12
-1.2585227e-11
-7.6136363e-12
-9.1761355e-12
-1.1448864e-11
-9.1193173e-12
-1.2073864e-11
-1.1107954e-11
-7.7556815e-12
-9.8863634e-12
-7.6420459e-12
-8.9488634e-12
-9.6022721e-12
-9.5738634e-12
-1.0767045e-11
-6.5909088e-12
-1.1363636e-11
-8.8068181e-12
-9.7727269e-12
-1.1051136e-11
-1.028409e-11
-1.028409e-11
-8.5795459e-12
-8.8920451e-12
-1.3039772e-11
-7.3863632e-12
-1.2301136e-11
-7.6420459e-12
-1.3806818e-11
-1.0340909e-11
-9.8863634e-12
-1.0823864e-11
-9.8011356e-12
-1.28125e-11
-1.1477272e-11
-7.9545459e-12
-1.2244318e-11
-9.4034086e-12
-1.2215909e-11
-7.0454545e-12
-1.2784091e-11
-1.2159091e-11
-1.0767045e-11
-1.1420454e-11
-1.2869318e-11
-9.9431817e-12
-1.1448864e-11
-1.0795454e-11
-8.9488634e-12
-1.1335227e-11
-9.4886356e-12
-9.3181816e-12
-9.5454538e-12
-1.1107954e-11
-1.1818182e-11
-7.4431815e-12
-1.059659e-11
-1.0767045e-11
-1.2869318e-11
-7.7840911e-12
-1.3607954e-11
-1.0625e-11
-1.2613636e-11
-1.1931818e-11
-8.0681815e-12
-1.0539772e-11
-1.5028409e-11
-9.2897721e-12
-1.2926136e-11
-1.2869318e-11
-8.3806816e-12
-9.0909086e-12
-1.0653409e-11
-1.0738636e-11
-1.090909e-11
-1.2613636e-11
-1.09375e-11
-6.7613636e-12
-1.2073864e-11
-1e-11
-7.7556815e-12
-1.1477272e-11
-7.6988632e-12
-8.4659085e-12
-8.0965911e-12
-1.1164772e-11
-1.2159091e-11
-7.3011363e-12
-1.1761364e-11
-1.1448864e-11
-8.2386355e-12
-6.9034088e-12
-1.0738636e-11
-8.2670459e-12
-1.2215909e-11
-9.5738634e-12
-1.0482954e-11
-9.0624999e-12
-1.1846591e-11
-1.0568182e-11
-9.8295452e-12
-1.1619317e-11
-8.5795459e-12
-1.4772726e-11
-1.0227272e-11
-1.1363636e-11
-1.2159091e-11
-8.0965911e-12
-1.0625e-11
-1.2357954e-11
-8.8920451e-12
-6.7329545e-12
-1.125e-11
-9.9715904e-12
-1.0340909e-11
-1.1931818e-11
-1.0085227e-11
-1.3380682e-11
-9.3749999e-12
-1.2585227e-11
-9.5454538e-12
-1.03125e-11
-9.6590904e-12
-1.2443182e-11
-8.7215903e-12
-8.4090903e-12
-9.1761355e-12
-6.5909088e-12
-9.2329547e-12
-9.6306817e-12
-9.7727269e-12
-8.9772721e-12
-1.0056817e-11
-1.028409e-11
-8.4659085e-12
-9.3749999e-12
-9.6874999e-12
-1.1448864e-11
-1.0113636e-11
-1.2215909e-11
-1.25e-11
-8.1818181e-12
-8.8636355e-12
-8.0965902e-12
-9.5738634e-12
-1.2642045e-11
-8.2102276e-12
-1.0539772e-11
-1.1335227e-11
-1.2926136e-11
-9.0056816e-12
-9.0624999e-12
-1.1392045e-11
-1.1477272e-11
-8.1249998e-12
-8.4943172e-12
-9.7443173e-12
-8.6931816e-12
-1.0340909e-11
-9.9431817e-12
-8.9772729e-12
-1.2045454e-11
-7.954545e-12
-9.5454538e-12
-1.1051136e-11
-9.6874999e-12
-1.1704545e-11
-9.0340903e-12
-1.09375e-11
-1.1619317e-11
-8.9204538e-12
-1.0710227e-11
-1.1420454e-11
-1.1164772e-11
-1.375e-11
-7.4715911e-12
-1.2954545e-11
-9.5454538e-12
-1.0028409e-11
-1.2982954e-11
-7.9829546e-12
-1.1335227e-11
-5.5397726e-12
-1.1477272e-11
-7.3579545e-12
-1.0028409e-11
-1.0681817e-11
-9.8295452e-12
-1.0625e-11
-8.4374998e-12
-6.8749993e-12
-8.9204547e-12
-6.6477271e-12
-8.9204538e-12
-7.9545459e-12
-1.2414772e-11
-9.0909086e-12
-9.2613634e-12
-1.375e-11
-8.0965902e-12
-7.159091e-12
-4.0340908e-12
-9.9431817e-12
-8.1534085e-12
-1.1363636e-11
-1.15625e-11
-1.1306817e-11
-1.125e-11
-9.9431817e-12
-5.0284087e-12
-7.4431815e-12
-1.2414772e-11
-1.0397727e-11
-1.1647727e-11
-9.6590904e-12
-1.0198863e-11
-8.8352268e-12
-1.3721591e-11
-8.9488634e-12
-1.2670454e-11
-9.5454538e-12
-1.0511363e-11
-1.2130682e-11
-9.2329538e-12
-1.2329545e-11
-1.1193182e-11
-9.7727269e-12
-1.2301136e-11
-1.122159e-11
-1.2642045e-11
-1.2017045e-11
-7.4431815e-12
-1.09375e-11
-9.6022721e-12
-1.0454545e-11
-1.0227272e-11
-1.1590909e-11
-8.2386363e-12
-1.2159091e-11
-1.0340909e-11
-1.0880682e-11
-7.0454545e-12
-1.03125e-11
-8.8352268e-12
-8.8636355e-12
-5.9375001e-12
-1.1704545e-11
-8.8636355e-12
-1.122159e-11
-1.1164772e-11
-1.1931818e-11
-8.6079546e-12
-9.8579539e-12
-1.28125e-11
-1.0681817e-11
-9.8295452e-12
-7.5284085e-12
-1.1676136e-11
-1.0880682e-11
-1.3579545e-11
-7.7272719e-12
-1.0880682e-11
-1.0568182e-11
-1.1761364e-11
-1.2073864e-11
-8.6363633e-12
-1.1022727e-11
-1.090909e-11
-1.2840909e-11
-1.0085227e-11
-1.1761364e-11
-1.0198863e-11
-1.0397727e-11
-1.1619317e-11
-9.6022721e-12
-1.1676136e-11
-1.2386364e-11
-9.5170451e-12
-1.2329545e-11
-1.1704545e-11
-1.0142045e-11
-1.0795454e-11
-1.0170456e-11
-9.8011356e-12
-9.1761364e-12
-9.1761355e-12
-1.03125e-11
-1.3125e-11
-1.3465909e-11
-1.25e-11
-1.03125e-11
-8.7784094e-12
-1.1392045e-11
-1.1363636e-11
-1.1647727e-11
-8.3238633e-12
-1.125e-11
-1.0142045e-11
-5.7670453e-12
-1.0397727e-11
-8.1534094e-12
-9.6590912e-12
-9.5170451e-12
-9.6874999e-12
-7.6136363e-12
-1.1846591e-11
-1.0852272e-11
-1e-11
-1.0170454e-11
-8.4374998e-12
-9.5170451e-12
-8.9204538e-12
-9.0056816e-12
-9.8863634e-12
-9.8579539e-12
-1.3721591e-11
-1.0056817e-11
-1e-11
-1.028409e-11
-1.2869318e-11
-9.4034086e-12
-8.4090903e-12
-9.5738634e-12
-8.806819e-12
-1.1477272e-11
-1.1193182e-11
-8.8352277e-12
-1.5795455e-11
-9.7159086e-12
-1.1704545e-11
-8.8636355e-12
-7.0170454e-12
-9.914773e-12
-1.1107954e-11
-9.9431817e-12
-1.3778409e-11
-8.3806816e-12
-8.0681815e-12
-1.3352272e-11
-1.2102272e-11
-1.1676136e-11
-7.4431815e-12
-1.1761364e-11
-1.1335227e-11
-6.1647727e-12
-9.7159086e-12
-1.1448864e-11
-1.2755682e-11
-8.5227268e-12
-1.21875e-11
-1.1761364e-11
-9.6306817e-12
-1.1988636e-11
-1.0426136e-11
-1.0852272e-11
-1.2017045e-11
-1.1818182e-11
-1.028409e-11
-1.0795454e-11
-1.09375e-11
-9.3465903e-12
-1.0170454e-11
-1.0539772e-11
-1.0511363e-11
-1.5085226e-11
-1.0028409e-11
-1.0000001e-11
-9.4034086e-12
-1.0454545e-11
-1.2244318e-11
-9.5738634e-12
-9.6590904e-12
-1.2556818e-11
-1.090909e-11
-1.2301136e-11
-8.9772721e-12
-9.3749999e-12
-1.09375e-11
-8.8636355e-12
-1.0539772e-11
-8.5511355e-12
-9.9715904e-12
-1.0852272e-11
-9.7443173e-12
-1.1363636e-11
-1.0625e-11
-9.8579539e-12
-1.0852272e-11
-1.3721591e-11
-1.3068182e-11
-1.2528409e-11
-8.3522729e-12
-1.1988636e-11
-1.0823864e-11
-1.059659e-11
-1.2642045e-11
-8.7784094e-12
-8.9204538e-12
-8.5227268e-12
-1.1818182e-11
-1.2357954e-11
-8.4659094e-12
-1.1278409e-11
-8.5795459e-12
-8.0113633e-12
-1.1903409e-11
-1.0738636e-11
-9.4034086e-12
-1.0142045e-11
-1.0710227e-11
-1.0795454e-11
-1.1960227e-11
-9.8011356e-12
-1.1278409e-11
-1.3380682e-11
-7.3295458e-12
-9.9147721e-12
-6.7045453e-12
-1.3863636e-11
-8.9772721e-12
-1.0482954e-11
-8.2102276e-12
-1.0369317e-11
-1.0965909e-11
-7.869318e-12
-1.2698864e-11
-8.3238633e-12
-1.0681817e-11
-1.3522727e-11
-1.1107954e-11
-7.2159089e-12
-8.4943172e-12
-9.6590904e-12
-1.3295454e-11
-9.2329538e-12
-1.2017045e-11
-7.6988632e-12
-1.1704545e-11
-1.15625e-11
-1.0198863e-11
-1.0710227e-11
-1.0198863e-11
-9.6874999e-12
-1.1704545e-11
-1.2272727e-11
-1.1846591e-11
-9.4318173e-12
-6.2500001e-12
-1.3181818e-11
-7.9261363e-12
-1.0738636e-11
-8.0965902e-12
-9.1193173e-12
-1.1363636e-11
-1.1448864e-11
-8.9772721e-12
-1.0880682e-11
-8.9772721e-12
-1.2869318e-11
-9.3465903e-12
-1.4517046e-11
-9.1193181e-12
-8.6363633e-12
-1.2301136e-11
-6.7329545e-12
-1.1051136e-11
-1.0568182e-11
-1.0170454e-11
-8.2102276e-12
-1.1420454e-11
-9.0909086e-12
-1.1477272e-11
-9.7159086e-12
-1.2017045e-11
-9.9431817e-12
-8.2954537e-12
-9.5454547e-12
-9.8579539e-12
-1.0113636e-11
-1.3238636e-11
-9.4034086e-12
-1.2244318e-11
-1.2130682e-11
-1.1051136e-11
-1.0539772e-11
-1.2159091e-11
-1.15625e-11
-1.3607954e-11
-1.1136364e-11
-9.6590904e-12
-1.1590909e-11
-1.1619317e-11
-9.8579539e-12
-9.5454538e-12
-1.1164772e-11
-1.1477272e-11
-7.6136363e-12
-9.8863634e-12
-9.4034086e-12
-1.2301136e-11
-9.3181816e-12
-1.2130682e-11
-1.15625e-11
-1.0482954e-11
-1.1051136e-11
-1.1136364e-11
-1.0227272e-11
-1.0681817e-11
-1.03125e-11
-1.3181818e-11
-8.9204538e-12
-1.1761364e-11
-1.2784091e-11
-8.2386363e-12
-1.25e-11
-1.1903409e-11
-1.1136364e-11
-8.5511355e-12
-1.21875e-11
-1.1448864e-11
-8.5795459e-12
-9.4886356e-12
-1.3494318e-11
-6.6761362e-12
-1.3181818e-11
-8.8352268e-12
-1.059659e-11
-1.2670454e-11
-8.6079546e-12
-9.8579539e-12
-9.8579539e-12
-9.8579539e-12
-1.1278409e-11
-1.3835227e-11
-9.0624999e-12
-9.7727278e-12
-1.15625e-11
-8.5795451e-12
-1.1051136e-11
-9.9431817e-12
-1.090909e-11
-1.1193182e-11
-1.2471591e-11
-9.9431817e-12
-8.6079538e-12
