-3.6500001e-11
-3.4125001e-11
-3.6875e-11
-3.5499999e-11
-3.625e-11
-3.2625e-11
-3.7e-11
-3.6625002e-11
-3.1500001e-11
-3.6875e-11
-3.7875002e-11
-3.75e-11
-3.7125001e-11
-3.4750001e-11
-3.6500001e-11
-3.6625002e-11
-3.2999999e-11
-3.6000002e-11
-3.5624999e-11
-3.7e-11
-3.4249999e-11
-3.3375001e-11
-3.8500002e-11
-3.7250002e-11
-3.875e-11
-4.0625e-11
-3.625e-11
-3.7374999e-11
-3.6124999e-11
-3.7125001e-11
-3.4374999e-11
-3.7125001e-11
-3.5499999e-11
-3.7999999e-11
-3.5375002e-11
-3.4374999e-11
-3.5499999e-11
-3.4999999e-11
-3.6375e-11
-3.4750001e-11
-3.75e-11
-3.7750001e-11
-3.75e-11
-3.7625e-11
-3.8875e-11
-3.7e-11
-3.5875001e-11
-3.4249999e-11
-3.5624999e-11
-3.2999999e-11
-3.6000002e-11
-3.9375e-11
-3.5624999e-11
-3.6375e-11
-3.6375e-11
-3.5125e-11
-3.5250001e-11
-3.5499999e-11
-3.575e-11
-3.8125e-11
-3.5250001e-11
-3.3749999e-11
-3.8500002e-11
-3.7250002e-11
-3.2999999e-11
-3.5875001e-11
-3.9125002e-11
-3.8875e-11
-3.7625e-11
-3.6124999e-11
-3.325e-11
-3.6749999e-11
-3.7625e-11
-3.6875e-11
-3.6375e-11
-3.575e-11
-3.7374999e-11
-4e-11
-3.4125001e-11
-3.625e-11
-3.4125001e-11
-3.9249999e-11
-3.7125001e-11
-3.4625001e-11
-3.5125e-11
-3.625e-11
-3.7374999e-11
-3.6749999e-11
-3.875e-11
-3.8375001e-11
-3.6000002e-11
-3.6124999e-11
-3.4000001e-11
-3.7750001e-11
-3.7125001e-11
-4.2250002e-11
-3.9249999e-11
-3.6625002e-11
-3.7625e-11
-3.5875001e-11
-3.3875e-11
-3.9125002e-11
-3.5624999e-11
-3.6124999e-11
-3.8375001e-11
-3.2999999e-11
-3.6124999e-11
-3.7e-11
-3.6500001e-11
-3.7750001e-11
-3.6375e-11
-3.7875002e-11
-3.45e-11
-3.5250001e-11
-3.4999999e-11
-3.3124999e-11
-3.2e-11
-3.6875e-11
-3.625e-11
-3.5875001e-11
-3.7e-11
-3.5125e-11
-3.5875001e-11
-3.6875e-11
-3.2875001e-11
-3.7374999e-11
-3.5375002e-11
-3.8500002e-11
-3.5875001e-11
-3.8125e-11
-3.6124999e-11
-3.6124999e-11
-3.3875e-11
-3.6749999e-11
-3.6375e-11
-3.7374999e-11
-3.7250002e-11
-3.45e-11
-3.5499999e-11
-3.2750001e-11
-3.7625e-11
-3.3375001e-11
-3.575e-11
-3.5624999e-11
-3.6500001e-11
-3.5624999e-11
-3.625e-11
-3.4874999e-11
-3.2e-11
-3.4999999e-11
-3.6124999e-11
-3.6000002e-11
-3.7125001e-11
-3.9375e-11
-3.4249999e-11
-3.4874999e-11
-3.4625001e-11
-3.4125001e-11
-3.8875e-11
-3.6875e-11
-3.6000002e-11
-3.875e-11
-3.6000002e-11
-3.6500001e-11
-3.4625001e-11
-3.825e-11
-3.7875002e-11
-3.6375e-11
-3.8375001e-11
-3.4874999e-11
-3.75e-11
-3.5499999e-11
-3.7750001e-11
-3.7999999e-11
-3.3500001e-11
-3.5375002e-11
-3.7999999e-11
-3.6000002e-11
-3.6500001e-11
-3.6625002e-11
-3.45e-11
-3.625e-11
-3.4999999e-11
-3.8125e-11
-3.6500001e-11
-3.9000001e-11
-3.625e-11
-3.5375002e-11
-3.5250001e-11
-3.5125e-11
-3.5875001e-11
-3.7e-11
-3.4125001e-11
-3.625e-11
-3.4874999e-11
-3.4625001e-11
-3.6625002e-11
-3.4125001e-11
-3.75e-11
-3.7999999e-11
-3.8624999e-11
-3.7875002e-11
-3.6124999e-11
-3.7625e-11
-3.6749999e-11
-3.6000002e-11
-3.6500001e-11
-3.6749999e-11
-3.6124999e-11
-3.7e-11
-3.7999999e-11
-3.6749999e-11
-3.7750001e-11
-3.7374999e-11
-3.9249999e-11
-3.8375001e-11
-3.5125e-11
-3.7125001e-11
-3.4625001e-11
-3.7250002e-11
-3.5375002e-11
-3.7e-11
-3.2499999e-11
-3.6625002e-11
-3.8500002e-11
-3.6875e-11
-3.5375002e-11
-3.6000002e-11
-3.875e-11
-3.6625002e-11
-3.6749999e-11
-3.9000001e-11
-3.6000002e-11
-3.4374999e-11
-3.5624999e-11
-3.7e-11
-3.7250002e-11
-3.4999999e-11
-3.4999999e-11
-3.7625e-11
-3.7750001e-11
-3.6375e-11
-3.5624999e-11
-3.8624999e-11
-4e-11
-3.8125e-11
-3.5250001e-11
-3.8375001e-11
-3.7125001e-11
-3.7250002e-11
-3.7125001e-11
-3.6000002e-11
-3.9625001e-11
-3.4999999e-11
-3.8624999e-11
-3.8375001e-11
-3.825e-11
-3.7999999e-11
-3.4249999e-11
-3.8500002e-11
-3.8875e-11
-3.8125e-11
-3.875e-11
-3.825e-11
-3.625e-11
-3.7875002e-11
-3.7e-11
-3.5624999e-11
-3.7374999e-11
-3.45e-11
-3.6875e-11
-3.5875001e-11
-3.3624999e-11
-3.4874999e-11
-3.3749999e-11
-3.7750001e-11
-3.5875001e-11
-3.4999999e-11
-3.6625002e-11
-3.6500001e-11
-3.95e-11
-3.5250001e-11
-3.7750001e-11
-3.875e-11
-3.7750001e-11
-3.8375001e-11
-3.4874999e-11
-3.3375001e-11
-3.6625002e-11
-3.825e-11
-3.7625e-11
-3.5624999e-11
-3.6000002e-11
-3.6625002e-11
-3.7999999e-11
-3.6000002e-11
-3.7374999e-11
-3.6875e-11
-3.5875001e-11
-3.6625002e-11
-3.6625002e-11
-3.6875e-11
-3.6500001e-11
-3.8624999e-11
-3.4874999e-11
-3.4874999e-11
-3.4874999e-11
-3.6000002e-11
-3.5499999e-11
-3.1500001e-11
-4.0499999e-11
-3.4125001e-11
-3.7875002e-11
-3.6124999e-11
-3.6375e-11
-3.6375e-11
-3.875e-11
-3.4374999e-11
-3.7125001e-11
-3.7e-11
-3.6375e-11
-3.4874999e-11
-3.4874999e-11
-3.6124999e-11
-3.7e-11
-3.6625002e-11
-3.4750001e-11
-3.7250002e-11
-3.4000001e-11
-3.6875e-11
-3.4750001e-11
-3.6625002e-11
-3.6124999e-11
-3.75e-11
-3.0499998e-11
-3.6625002e-11
-3.5250001e-11
-3.625e-11
-3.3875e-11
-3.5375002e-11
-3.4374999e-11
-3.6500001e-11
-3.7125001e-11
-3.6875e-11
-3.1625001e-11
-3.4625001e-11
-3.6625002e-11
-3.4874999e-11
-3.3375001e-11
-3.7625e-11
-3.6124999e-11
-3.2750001e-11
-3.45e-11
-3.5499999e-11
-3.7250002e-11
-3.5375002e-11
-3.6124999e-11
-3.3375001e-11
-3.3749999e-11
-3.5499999e-11
-3.4249999e-11
-3.5624999e-11
-3.5375002e-11
-3.6625002e-11
-3.1249999e-11
-3.625e-11
-3.3124999e-11
-3.7750001e-11
-3.7e-11
-3.4374999e-11
-3.5875001e-11
-3.3500001e-11
-3.5499999e-11
-3.7625e-11
-3.6000002e-11
-3.4874999e-11
-3.7125001e-11
-3.5499999e-11
-3.7374999e-11
-3.5624999e-11
-3.5875001e-11
-3.7750001e-11
-3.9249999e-11
-3.7999999e-11
-3.5624999e-11
-3.2374999e-11
-4.0625e-11
-3.5375002e-11
-3.7875002e-11
-3.575e-11
-3.6625002e-11
-3.5624999e-11
-3.825e-11
-3.75e-11
-3.9125002e-11
-3.4249999e-11
-3.8375001e-11
-3.7875002e-11
-3.7875002e-11
-3.5250001e-11
-3.75e-11
-3.6124999e-11
-3.8375001e-11
-3.95e-11
-3.6875e-11
-3.7999999e-11
-3.6500001e-11
-3.6500001e-11
-3.625e-11
-3.7999999e-11
-3.95e-11
-3.7e-11
-4.0125001e-11
-3.5250001e-11
-3.7125001e-11
-3.45e-11
-3.6124999e-11
-3.4999999e-11
-3.6625002e-11
-3.8624999e-11
-3.6500001e-11
-3.4999999e-11
-3.9125002e-11
-3.6875e-11
-3.95e-11
-3.4999999e-11
-3.5125e-11
-3.625e-11
-3.5499999e-11
-3.4750001e-11
-3.8125e-11
-3.6625002e-11
-3.6375e-11
-3.3749999e-11
-3.3500001e-11
-3.6749999e-11
-3.6500001e-11
-3.8375001e-11
-3.6749999e-11
-3.5499999e-11
-3.4874999e-11
-3.5375002e-11
-3.5499999e-11
-3.575e-11
-3.45e-11
-3.4874999e-11
-3.3375001e-11
-3.6749999e-11
-3.6875e-11
-3.5875001e-11
-3.6749999e-11
-3.2499999e-11
-3.3375001e-11
-3.3875e-11
-3.4000001e-11
-3.6124999e-11
-3.4000001e-11
-3.8125e-11
-3.7999999e-11
-3.3749999e-11
-3.2125001e-11
-3.5624999e-11
-3.4000001e-11
-3.5499999e-11
-3.7250002e-11
-3.7625e-11
-3.9249999e-11
-3.4125001e-11
-3.8875e-11
-3.75e-11
-3.7125001e-11
-3.7750001e-11
-3.9000001e-11
-3.5125e-11
-3.5375002e-11
-3.5624999e-11
-3.5375002e-11
-3.3749999e-11
-3.7374999e-11
-3.75e-11
-3.875e-11
-3.8624999e-11
-3.5624999e-11
-3.8500002e-11
-4.1375001e-11
-3.5499999e-11
-3.5624999e-11
-4.0375002e-11
-3.5875001e-11
-3.6625002e-11
-3.7875002e-11
-3.9125002e-11
-3.2250001e-11
-3.7250002e-11
-3.875e-11
-3.7125001e-11
-3.8125e-11
-3.6375e-11
-3.95e-11
-3.6875e-11
-3.6625002e-11
-3.7999999e-11
-3.6500001e-11
-3.2750001e-11
-3.575e-11
-3.9125002e-11
-3.7374999e-11
-3.7625e-11
-3.625e-11
-3.7125001e-11
-3.5875001e-11
-3.7250002e-11
-5.1249997e-11
-7.9000001e-11
-1.0525e-10
-1.2900001e-10
-1.53625e-10
-1.645e-10
-1.7400001e-10
-1.8212501e-10
-1.83625e-10
-1.92625e-10
-1.9275e-10
-1.895e-10
-1.865e-10
-1.83e-10
-1.8475001e-10
-1.80625e-10
-1.7837501e-10
-1.7325e-10
-1.7075e-10
-1.63875e-10
-1.57375e-10
-1.58125e-10
-1.5625e-10
-1.5725e-10
-1.555e-10
-1.61e-10
-1.5150001e-10
-1.5e-10
-1.42375e-10
-1.39875e-10
-1.3712501e-10
-1.3150001e-10
-1.27125e-10
-1.2449999e-10
-1.2425e-10
-1.1975e-10
-1.15e-10
-1.13875e-10
-1.09375e-10
-1.0925e-10
-1.01e-10
-1.0025e-10
-9.9249997e-11
-9.5249995e-11
-9.6499995e-11
-9.2750002e-11
-8.7750002e-11
-8.6875e-11
-8.2874999e-11
-8.7125002e-11
-8.2000004e-11
-8.1624998e-11
-7.8375001e-11
-7.9250002e-11
-7.5750003e-11
-7.9749998e-11
-7.4250002e-11
-6.8625002e-11
-7.0875e-11
-7.4250002e-11
-7.3375001e-11
-7.1249999e-11
-7.1624998e-11
-7.1624998e-11
-6.6249999e-11
-6.6125001e-11
-6.2499998e-11
-6.2375001e-11
-6.2125e-11
-6.1249998e-11
-6.2000002e-11
-6.1624997e-11
-6.0624998e-11
-5.8124998e-11
-5.8749998e-11
-6.2625002e-11
-6.0249999e-11
-5.6249998e-11
-5.7624999e-11
-5.6750001e-11
-6.0249999e-11
-5.4999998e-11
-5.6625e-11
-5.5624998e-11
-5.6999998e-11
-5.3374999e-11
-5.2375e-11
-5.3874998e-11
-5.1125e-11
-5.3625e-11
-5.1999998e-11
-5.2124999e-11
-5.3625e-11
-5.1499999e-11
-5.2499997e-11
-4.9999997e-11
-5.2249999e-11
-5.1374998e-11
-5.1874997e-11
-5.2875e-11
-5.3249998e-11
-5.0624997e-11
-5.0999999e-11
-4.7624998e-11
-4.9374997e-11
-5.0249999e-11
-4.8124997e-11
-4.8e-11
-4.6999998e-11
-4.8999999e-11
-4.8749997e-11
-4.7124998e-11
-4.7874999e-11
-4.7375e-11
-4.8999999e-11
-4.8124997e-11
-4.8625e-11
-4.5250002e-11
-4.625e-11
-4.8749997e-11
-4.9875e-11
-4.675e-11
-4.2374999e-11
-4.7624998e-11
-4.6624999e-11
-4.5875002e-11
-5.0374999e-11
-4.9499998e-11
-4.6500002e-11
-4.5e-11
-4.3375002e-11
-4.5250002e-11
-4.375e-11
-4.5250002e-11
-4.7874999e-11
-4.4000002e-11
-4.6624999e-11
-4.2999999e-11
-4.6000002e-11
-4.4375e-11
-4.6624999e-11
-4.3125e-11
-4.6000002e-11
-4.6999998e-11
-4.6375001e-11
-4e-11
-4.0250001e-11
-4.4625002e-11
-4.5125001e-11
-4.6375001e-11
-4.4125002e-11
-4.4375e-11
-4.4249999e-11
-4.5375002e-11
-4.4375e-11
-4.4125002e-11
-4.2750001e-11
-4.3250001e-11
-4.3500002e-11
-4.3500002e-11
-4.3125e-11
-4.4125002e-11
-4.3250001e-11
-4.4625002e-11
-4.2999999e-11
-4.2125001e-11
-4.4750002e-11
-4.2875002e-11
-4.5e-11
-4.4125002e-11
-3.7625e-11
-4.1625002e-11
-4.3500002e-11
-4.1875e-11
-4.3250001e-11
-4.0875001e-11
-4.125e-11
-4.4000002e-11
-4.3875001e-11
-4.5e-11
-4.3624999e-11
-4.3250001e-11
-4.1875e-11
-4.2750001e-11
-4.2250002e-11
-4.3624999e-11
-4.5375002e-11
-4.2000001e-11
-4.1625002e-11
-4.2625001e-11
-4.2250002e-11
-4.1375001e-11
-4.1625002e-11
-4.6375001e-11
-4.3875001e-11
-4.0375002e-11
-4.1500001e-11
-4.1375001e-11
-4.0125001e-11
-4.4375e-11
-4.2000001e-11
-4.3250001e-11
-4.55e-11
-4.1124999e-11
-4.2999999e-11
-4.1875e-11
-4.0750001e-11
-4.1000002e-11
-4.4750002e-11
-4.2250002e-11
-4.1749999e-11
-4.5250002e-11
-4.3624999e-11
-4.4000002e-11
-4.0875001e-11
-4.2625001e-11
-4.125e-11
-3.6875e-11
-4.0250001e-11
-3.875e-11
-4.2125001e-11
-4.0125001e-11
-4.1124999e-11
-4.2875002e-11
-4.2374999e-11
-4.0750001e-11
-4.1749999e-11
-4.1375001e-11
-4.4249999e-11
-4.1500001e-11
-4.1375001e-11
-3.8125e-11
-3.9874999e-11
-4.375e-11
-4.2125001e-11
-3.9000001e-11
-3.9000001e-11
-3.8624999e-11
-3.95e-11
-3.9000001e-11
-4.0499999e-11
-4.0875001e-11
-4.0125001e-11
-4.2250002e-11
-3.8125e-11
-3.875e-11
-3.75e-11
-3.9125002e-11
-4.2750001e-11
-4.2250002e-11
-3.6124999e-11
-3.6124999e-11
-4.1000002e-11
-4.125e-11
-4.1749999e-11
-4.0499999e-11
-3.9625001e-11
-4.25e-11
-4.2125001e-11
-4.4000002e-11
-4.2875002e-11
-4.1749999e-11
-4.1000002e-11
-4.1625002e-11
-4.2875002e-11
-3.875e-11
-3.8624999e-11
-4.2625001e-11
-4.2374999e-11
-4e-11
-4e-11
-3.8875e-11
-4.2625001e-11
-4.1124999e-11
-4.2750001e-11
-4.2875002e-11
-4.2625001e-11
-4.0375002e-11
-3.9125002e-11
-3.9874999e-11
-4.2000001e-11
-3.95e-11
-4.0125001e-11
-4.2374999e-11
-4.3624999e-11
-4.0375002e-11
-3.9125002e-11
-4.0750001e-11
-4.3250001e-11
-4.1749999e-11
-4.0125001e-11
-3.8375001e-11
-4.0625e-11
-4.1749999e-11
-4.1000002e-11
-4.125e-11
-4.0875001e-11
-4.2250002e-11
-4.0375002e-11
-4.0250001e-11
-3.9750002e-11
-4.2374999e-11
-4.1875e-11
-3.9625001e-11
-3.9249999e-11
-4.0499999e-11
-3.8375001e-11
-4.0625e-11
-4.1375001e-11
-3.9625001e-11
-4.2875002e-11
-3.9750002e-11
-4.1749999e-11
-3.7875002e-11
-4.3125e-11
-4.1500001e-11
-3.8624999e-11
-4.2000001e-11
-3.9625001e-11
-4.0375002e-11
-4.0750001e-11
-3.825e-11
-4.125e-11
-3.7999999e-11
-4.4750002e-11
-3.7875002e-11
-3.9874999e-11
-3.9125002e-11
-4.2000001e-11
-4.2125001e-11
-3.7999999e-11
-3.9874999e-11
-3.9750002e-11
-3.95e-11
-4.2000001e-11
-4.0250001e-11
-4.1375001e-11
-3.8125e-11
-3.8125e-11
-4e-11
-3.9750002e-11
-3.625e-11
-4.1500001e-11
-3.4125001e-11
-4.3250001e-11
-4.0499999e-11
-3.9000001e-11
-3.9375e-11
-3.75e-11
-4.0375002e-11
-4.0250001e-11
-4.1625002e-11
-4.25e-11
-3.8375001e-11
-3.9249999e-11
-3.8375001e-11
-3.875e-11
-3.8624999e-11
-3.9874999e-11
-4.125e-11
-3.6749999e-11
-3.8875e-11
-3.9750002e-11
-4.2999999e-11
-3.9000001e-11
-3.8125e-11
-3.9750002e-11
-3.6375e-11
-3.95e-11
-4.0125001e-11
-4.1000002e-11
-4.0499999e-11
-4e-11
-3.6124999e-11
-4.125e-11
-3.9125002e-11
-3.8875e-11
-4.0499999e-11
-3.8125e-11
-3.6875e-11
-4.0750001e-11
-3.7875002e-11
-3.9249999e-11
-3.7374999e-11
-4.2875002e-11
-4.1749999e-11
-3.8125e-11
-4.2625001e-11
-3.8624999e-11
-3.9625001e-11
-3.625e-11
-3.7875002e-11
-3.5875001e-11
-3.8125e-11
-4.0499999e-11
-3.7750001e-11
-3.7e-11
-3.9625001e-11
-3.9000001e-11
-3.7750001e-11
-3.7875002e-11
-3.8125e-11
-4.0750001e-11
-4.0375002e-11
-4e-11
-4.1124999e-11
-3.9750002e-11
-3.8500002e-11
-3.8375001e-11
-4.0125001e-11
-3.7250002e-11
-3.7750001e-11
-3.95e-11
-3.9249999e-11
-3.8624999e-11
-3.8875e-11
-3.9625001e-11
-4.0125001e-11
-4.0250001e-11
-3.7625e-11
-3.6625002e-11
-3.8125e-11
-4.0250001e-11
-3.6375e-11
-3.75e-11
-4.0499999e-11
-3.9625001e-11
-3.7125001e-11
-3.9874999e-11
-3.7e-11
-3.9375e-11
-3.7125001e-11
-4.0375002e-11
-3.9375e-11
-3.5125e-11
-4.0250001e-11
-3.6875e-11
-3.7625e-11
-3.9375e-11
-3.7750001e-11
-3.9125002e-11
-3.6625002e-11
-3.8125e-11
-3.4625001e-11
-3.75e-11
-4.0499999e-11
-4.125e-11
-3.9249999e-11
-3.9125002e-11
-3.9125002e-11
-3.5875001e-11
-4.1124999e-11
-3.9874999e-11
-3.9625001e-11
-4.0250001e-11
-4.3624999e-11
-3.8500002e-11
-4.2125001e-11
-4.2999999e-11
-3.9125002e-11
-3.75e-11
-4.0499999e-11
-3.9625001e-11
-4e-11
-3.7999999e-11
-4.0250001e-11
-3.825e-11
-4.125e-11
-3.9125002e-11
-3.9750002e-11
-3.9125002e-11
-3.8624999e-11
-3.8624999e-11
-3.9750002e-11
-3.9375e-11
-4.1875e-11
-3.7999999e-11
-3.9750002e-11
-4.0125001e-11
-3.75e-11
-3.9375e-11
-3.625e-11
-3.75e-11
-4.0250001e-11
-3.8624999e-11
-4.0125001e-11
-3.8500002e-11
-3.9750002e-11
-4.0750001e-11
-3.4625001e-11
-4.125e-11
-4.0250001e-11
-4.0375002e-11
-4.2125001e-11
-4.0125001e-11
-4e-11
-3.7750001e-11
-4e-11
-3.9000001e-11
-3.8375001e-11
-4.0375002e-11
-3.825e-11
-4.2750001e-11
-3.9375e-11
-4.3624999e-11
-4.1500001e-11
-3.8624999e-11
-3.8624999e-11
-4.125e-11
-4.3875001e-11
-3.7625e-11
-3.8875e-11
-3.7750001e-11
-4.2125001e-11
-3.95e-11
-3.6500001e-11
-3.9750002e-11
-3.8875e-11
-3.95e-11
-4.0625e-11
-3.8624999e-11
-4.1375001e-11
-3.825e-11
-4.1875e-11
-3.8500002e-11
-3.4750001e-11
-3.5250001e-11
-3.6749999e-11
-4.0625e-11
-3.6124999e-11
-3.7374999e-11
-3.5125e-11
-3.8375001e-11
-3.8500002e-11
-3.9625001e-11
-3.7374999e-11
-4.1124999e-11
-3.8624999e-11
-3.5875001e-11
-3.7750001e-11
-3.325e-11
-3.6875e-11
-3.625e-11
-3.6375e-11
-3.75e-11
-4.0499999e-11
-3.95e-11
-3.7125001e-11
-4.0250001e-11
-4.1124999e-11
-3.7374999e-11
-3.9249999e-11
-3.6625002e-11
-3.6000002e-11
-3.625e-11
-3.8375001e-11
-3.95e-11
-3.8125e-11
-3.9125002e-11
-3.75e-11
-3.6375e-11
-3.6500001e-11
-3.9750002e-11
-3.75e-11
-3.5125e-11
-3.7e-11
-3.6375e-11
-3.6000002e-11
-3.9000001e-11
-4.1124999e-11
-3.4999999e-11
-3.825e-11
-3.5125e-11
-3.6000002e-11
-3.9375e-11
-3.8375001e-11
-3.575e-11
-3.7e-11
-3.7750001e-11
-3.75e-11
-3.6625002e-11
-3.825e-11
-3.7e-11
-4.1000002e-11
-3.7875002e-11
-3.8375001e-11
-3.6124999e-11
-3.6749999e-11
-3.4249999e-11
-3.75e-11
-3.6875e-11
-4.2374999e-11
-3.825e-11
-3.575e-11
-4.1500001e-11
-3.6875e-11
-3.8875e-11
-3.9750002e-11
-3.6875e-11
-3.6749999e-11
-3.7875002e-11
-3.7750001e-11
-3.9000001e-11
-3.875e-11
-3.75e-11
-4.0750001e-11
-3.7374999e-11
-3.6625002e-11
-3.9249999e-11
-3.8500002e-11
-4.0125001e-11
-3.9125002e-11
-3.8875e-11
-4.1124999e-11
-3.75e-11
-4.0750001e-11
-3.7e-11
-3.7e-11
-3.9125002e-11
-3.9625001e-11
-4.0375002e-11
-4.4625002e-11
-4.0625e-11
-4.2624997e-11
-3.7750001e-11
-4.125e-11
-4.1124999e-11
-3.7125001e-11
-3.9874999e-11
-4.0375002e-11
-3.95e-11
-4.25e-11
-4.0625e-11
-3.8624999e-11
-3.9625001e-11
-3.95e-11
-4.1124999e-11
-3.575e-11
-3.8375001e-11
-4e-11
-4.0125001e-11
-3.825e-11
-4.3125e-11
-3.9125002e-11
-4.1375001e-11
-4.3250001e-11
-3.825e-11
-3.8375001e-11
-3.95e-11
-4.0125001e-11
-3.8500002e-11
-4.0125001e-11
-4.1625002e-11
-3.9000001e-11
-3.7999999e-11
-3.6375e-11
-3.7e-11
-3.7999999e-11
-4e-11
-3.7999999e-11
-3.9874999e-11
-3.8624999e-11
-3.7999999e-11
-3.7625e-11
-4.0875001e-11
-4.1375001e-11
-3.7999999e-11
-3.6500001e-11
-3.9375e-11
-3.75e-11
-3.7625e-11
-4e-11
-3.95e-11
-3.5499999e-11
-3.9125002e-11
-3.9874999e-11
-3.9750002e-11
-3.9000001e-11
-4.0375002e-11
-3.8875e-11
-3.6000002e-11
-3.875e-11
-4.1000002e-11
-3.8624999e-11
-3.8375001e-11
-4.1749999e-11
-4.0625e-11
-3.7999999e-11
-3.8125e-11
-3.9125002e-11
-3.9375e-11
-3.9874999e-11
-3.6749999e-11
-4.1749999e-11
-4e-11
-3.95e-11
-3.825e-11
-3.9375e-11
-3.5624999e-11
-4e-11
-4.0375002e-11
-3.9750002e-11
-4.0250001e-11
-3.7374999e-11
-4.2625001e-11
-4.0750001e-11
-3.9625001e-11
-3.5125e-11
-3.8875e-11
-3.8125e-11
-4.0375002e-11
-3.8500002e-11
-3.9375e-11
-3.8875e-11
-3.4750001e-11
-4.0125001e-11
-3.5499999e-11
-3.8375001e-11
-3.9125002e-11
-3.6749999e-11
-3.5624999e-11
-4.0125001e-11
-3.7125001e-11
-3.5875001e-11
-3.9750002e-11
-3.9125002e-11
-3.6749999e-11
-3.875e-11
-3.75e-11
-3.9375e-11
-3.9750002e-11
-3.7999999e-11
-4.0499999e-11
-3.4999999e-11
-3.7374999e-11
-3.4374999e-11
-3.8500002e-11
-3.9125002e-11
-4.1625002e-11
-3.9375e-11
-3.5624999e-11
-3.875e-11
-3.7374999e-11
-3.7125001e-11
-3.7e-11
-3.7374999e-11
-3.625e-11
-4.2250002e-11
-3.6875e-11
-3.75e-11
-3.8500002e-11
-3.5875001e-11
-3.6625002e-11
-3.9750002e-11
-3.7999999e-11
-3.7999999e-11
-3.6749999e-11
-3.8125e-11
-4.1000002e-11
-4e-11
-3.6500001e-11
-3.8624999e-11
-3.6375e-11
-4.2875002e-11
-3.7750001e-11
-3.4999999e-11
-3.6749999e-11
-3.5499999e-11
-3.6375e-11
-4.1500001e-11
-3.5499999e-11
-3.6625002e-11
-3.6749999e-11
-3.7999999e-11
-3.9125002e-11
-3.7e-11
-3.4999999e-11
-3.8375001e-11
-3.7875002e-11
-3.7e-11
-3.7875002e-11
-3.6875e-11
-3.7875002e-11
-3.625e-11
-3.4374999e-11
-3.7625e-11
-3.6625002e-11
-3.7374999e-11
-3.7250002e-11
-3.7125001e-11
-3.95e-11
-3.6875e-11
-3.9249999e-11
-3.95e-11
-3.3500001e-11
-3.4750001e-11
-3.3500001e-11
-3.8375001e-11
-3.875e-11
-3.7999999e-11
-3.7875002e-11
-3.5250001e-11
-3.6000002e-11
-3.7250002e-11
-3.6124999e-11
-3.6124999e-11
-3.5624999e-11
-3.4374999e-11
-4e-11
-3.9125002e-11
-3.6875e-11
-4e-11
-3.6124999e-11
-3.9375e-11
-3.8875e-11
-3.7250002e-11
-3.575e-11
-3.8624999e-11
-4.1625002e-11
-3.8125e-11
-3.9249999e-11
-4.0125001e-11
-3.825e-11
-3.7875002e-11
-3.6625002e-11
-3.8375001e-11
-3.8624999e-11
-3.9874999e-11
-4.0625e-11
-4.0250001e-11
-3.95e-11
-3.8624999e-11
-3.9625001e-11
-3.9125002e-11
-3.6875e-11
-3.6375e-11
-3.9000001e-11
-4.1500001e-11
-3.9000001e-11
-3.75e-11
-3.7125001e-11
-3.9249999e-11
-3.325e-11
-3.575e-11
-3.8375001e-11
-3.9375e-11
-3.7374999e-11
-3.7999999e-11
-3.75e-11
-3.6375e-11
-3.7750001e-11
-3.5875001e-11
-3.9375e-11
-3.6625002e-11
-3.7625e-11
-3.8375001e-11
-3.7e-11
-3.8624999e-11
-3.3749999e-11
-3.45e-11
-3.8875e-11
-3.6000002e-11
-3.95e-11
-4.2000001e-11
-3.875e-11
-3.9000001e-11
-4.0375002e-11
-3.4750001e-11
-4.1875e-11
-3.625e-11
-3.6124999e-11
-3.6375e-11
-3.1249999e-11
-3.825e-11
-3.6500001e-11
-3.9000001e-11
-3.3875e-11
-3.9375e-11
-3.2875001e-11
-3.9000001e-11
-3.45e-11
-4.0125001e-11
-3.6124999e-11
-3.8500002e-11
-3.4374999e-11
-3.7125001e-11
-4.0625e-11
-4e-11
-4.2999999e-11
-3.5875001e-11
-3.7374999e-11
-3.6000002e-11
-3.7e-11
-3.875e-11
-3.7999999e-11
-3.5499999e-11
-3.8875e-11
-3.6500001e-11
-3.4249999e-11
-3.7750001e-11
-3.8624999e-11
-4.0250001e-11
-3.7374999e-11
-3.9125002e-11
-3.7875002e-11
-3.6875e-11
-3.8875e-11
-3.5125e-11
-3.575e-11
-3.9625001e-11
-3.5250001e-11
-3.9125002e-11
-4.0750001e-11
-3.875e-11
-3.6375e-11
-3.6749999e-11
-3.4249999e-11
-3.7125001e-11
-3.8624999e-11
-3.9874999e-11
-3.6749999e-11
-4.1500001e-11
-3.6625002e-11
-4.0875001e-11
-3.6749999e-11
-3.7125001e-11
-3.7125001e-11
-3.8125e-11
-3.7625e-11
-3.5875001e-11
-3.8500002e-11
-3.8875e-11
-3.6875e-11
-3.6749999e-11
-3.5375002e-11
-3.9000001e-11
-3.6124999e-11
-3.2499999e-11
-3.7625e-11
-3.8624999e-11
-3.6625002e-11
-3.7999999e-11
-3.9375e-11
-3.7250002e-11
-3.4874999e-11
-3.3124999e-11
-3.7374999e-11
-3.5125e-11
-3.7999999e-11
-4.0499999e-11
-3.7e-11
-3.6875e-11
-3.6875e-11
-3.5875001e-11
-3.2499999e-11
-3.625e-11
-3.4374999e-11
-3.6875e-11
-3.7374999e-11
-3.9625001e-11
-3.9750002e-11
-3.7625e-11
-3.7250002e-11
-3.5624999e-11
-3.75e-11
-3.875e-11
-3.7250002e-11
-3.8500002e-11
-3.8624999e-11
-3.75e-11
-3.7250002e-11
-3.7999999e-11
-3.5499999e-11
-3.3749999e-11
-3.7250002e-11
-3.5250001e-11
-3.9375e-11
-3.7625e-11
-3.7750001e-11
-3.7750001e-11
-3.6875e-11
-3.8624999e-11
-3.6500001e-11
-3.7374999e-11
-3.5250001e-11
-3.6625002e-11
-3.9125002e-11
-3.8624999e-11
-3.5875001e-11
-3.4625001e-11
-4e-11
-3.75e-11
-3.8875e-11
-3.7250002e-11
-3.6375e-11
-3.6875e-11
-3.8500002e-11
-3.6500001e-11
-3.75e-11
-3.9625001e-11
-3.8500002e-11
-3.8875e-11
-3.9625001e-11
-3.7999999e-11
-3.8875e-11
-3.9000001e-11
-3.7875002e-11
-4.125e-11
-3.7250002e-11
-4.0375002e-11
-3.9249999e-11
-3.9874999e-11
-3.7e-11
-3.8125e-11
-3.9375e-11
-3.7374999e-11
-3.825e-11
-3.8624999e-11
-3.7374999e-11
-3.7999999e-11
-3.5125e-11
-4.0125001e-11
-3.7e-11
-3.5499999e-11
-3.3500001e-11
-3.7e-11
-3.9750002e-11
-3.6000002e-11
-3.7625e-11
-4.0625e-11
-3.875e-11
-3.9625001e-11
-3.7875002e-11
-4.0125001e-11
-3.7999999e-11
-4.0750001e-11
-3.6124999e-11
-3.6875e-11
-3.6749999e-11
-3.75e-11
-3.9874999e-11
-4.0375002e-11
-3.75e-11
-3.7750001e-11
-3.7374999e-11
-3.625e-11
-3.825e-11
-3.6625002e-11
-4.0499999e-11
-3.5375002e-11
-3.5875001e-11
-3.6500001e-11
-3.7e-11
-3.9249999e-11
-3.4000001e-11
-3.8375001e-11
-3.9375e-11
-3.4249999e-11
-3.7e-11
-3.7625e-11
-3.4874999e-11
-3.625e-11
-3.825e-11
-3.8875e-11
-3.7125001e-11
-3.875e-11
-4.0250001e-11
-3.4999999e-11
-3.7374999e-11
-3.8624999e-11
-3.7374999e-11
-3.7625e-11
-3.8125e-11
-4.0499999e-11
-3.7125001e-11
-4.0499999e-11
-3.5624999e-11
-3.7875002e-11
-3.9874999e-11
-3.8125e-11
-3.7999999e-11
-3.8125e-11
-3.625e-11
-3.9000001e-11
-3.875e-11
-3.95e-11
-4.0499999e-11
-4.1500001e-11
-3.9375e-11
-3.7e-11
-4.0250001e-11
-3.9375e-11
-3.6000002e-11
-3.8500002e-11
-3.9375e-11
-3.75e-11
-3.7374999e-11
-3.9750002e-11
-3.95e-11
-3.8500002e-11
-4.25e-11
-3.9249999e-11
-3.7125001e-11
-3.9625001e-11
-3.6875e-11
-4.25e-11
-3.8375001e-11
-4e-11
-3.6625002e-11
-3.7999999e-11
-3.9625001e-11
-3.9125002e-11
-4.0375002e-11
-3.7750001e-11
-3.825e-11
-4.1124999e-11
-3.7125001e-11
-3.6000002e-11
-4.1875e-11
-3.8875e-11
-4.2000001e-11
-3.8375001e-11
-3.8125e-11
-3.75e-11
-4.0625e-11
-3.8500002e-11
-3.7875002e-11
-3.6749999e-11
-3.5250001e-11
-3.75e-11
-3.6375e-11
-3.6875e-11
-3.7e-11
-4.1625002e-11
-3.8375001e-11
-3.7625e-11
-3.7125001e-11
-3.7999999e-11
-3.8375001e-11
-3.9625001e-11
-3.8125e-11
-3.6124999e-11
-3.95e-11
-3.8624999e-11
-3.3500001e-11
-3.6124999e-11
-3.9625001e-11
-3.825e-11
-3.95e-11
-3.5875001e-11
-3.9375e-11
-3.9750002e-11
-3.6875e-11
-3.95e-11
-4.0250001e-11
-3.9625001e-11
-3.9625001e-11
-3.8375001e-11
-3.825e-11
-3.8500002e-11
-3.7125001e-11
-3.875e-11
-3.9249999e-11
-3.9125002e-11
-3.6749999e-11
-3.5499999e-11
-3.9750002e-11
-3.875e-11
-3.8500002e-11
-3.45e-11
-4.1000002e-11
-3.8500002e-11
-3.7625e-11
-3.5875001e-11
-3.9249999e-11
-3.8500002e-11
-3.7625e-11
-4.0625e-11
-3.7e-11
-4.1375001e-11
-3.8875e-11
-3.6000002e-11
-3.8875e-11
-3.825e-11
-3.5250001e-11
-3.7875002e-11
-3.5875001e-11
-3.5125e-11
-3.8624999e-11
-3.6000002e-11
-3.575e-11
-3.6875e-11
-3.8875e-11
-3.7e-11
-3.5250001e-11
-3.7750001e-11
-3.6124999e-11
-3.9249999e-11
-3.9249999e-11
-3.9625001e-11
-3.4999999e-11
-3.8624999e-11
-3.9249999e-11
-4.0375002e-11
-4.2125001e-11
-3.7125001e-11
-3.9125002e-11
-3.6375e-11
-3.8624999e-11
-3.95e-11
-3.8375001e-11
-4.0375002e-11
-3.4750001e-11
-3.7e-11
-3.7750001e-11
-3.6749999e-11
-3.8500002e-11
-3.8500002e-11
-3.7374999e-11
-4.0499999e-11
-3.575e-11
-4.1500001e-11
-3.7875002e-11
-3.7125001e-11
-3.6875e-11
-3.8375001e-11
-3.4625001e-11
-3.9000001e-11
-3.7374999e-11
-3.7250002e-11
-3.5125e-11
-3.7625e-11
-4.1625002e-11
-3.9874999e-11
-3.4249999e-11
-3.7e-11
-3.6375e-11
-3.6875e-11
-4.0499999e-11
-3.825e-11
-3.8875e-11
-3.7374999e-11
-3.45e-11
-3.6625002e-11
-3.7374999e-11
-3.5250001e-11
-4.125e-11
-3.7750001e-11
-4.0250001e-11
-3.4249999e-11
-3.7250002e-11
-3.45e-11
-3.5875001e-11
-3.8875e-11
-3.2499999e-11
-3.7625e-11
-3.7250002e-11
-3.3624999e-11
-3.8624999e-11
-3.325e-11
-3.7750001e-11
-3.6375e-11
-3.6500001e-11
-3.5125e-11
-3.3875e-11
-3.6875e-11
-3.4374999e-11
-3.3624999e-11
-3.6875e-11
-3.5499999e-11
-3.7374999e-11
-3.7125001e-11
-3.9625001e-11
-3.9125002e-11
-3.9625001e-11
-3.7875002e-11
-3.7875002e-11
-3.8624999e-11
-3.9375e-11
-3.9125002e-11
-3.4874999e-11
-3.9249999e-11
-3.5250001e-11
-3.45e-11
-3.7625e-11
-3.4874999e-11
-3.5624999e-11
-3.9750002e-11
-3.9249999e-11
-3.875e-11
-3.9000001e-11
-3.7250002e-11
-3.6000002e-11
-3.825e-11
-3.7e-11
-4.1124999e-11
-3.9750002e-11
-3.6500001e-11
-3.4374999e-11
-3.9750002e-11
-3.95e-11
-3.7625e-11
-3.575e-11
-3.5624999e-11
-4.0125001e-11
-3.9125002e-11
-3.9249999e-11
-3.8125e-11
-3.575e-11
-3.6625002e-11
-3.7875002e-11
-3.6000002e-11
-3.4374999e-11
-3.4874999e-11
-3.9625001e-11
-3.8875e-11
-3.7999999e-11
-4.0625e-11
-3.7999999e-11
-3.9125002e-11
-3.8624999e-11
-4.1124999e-11
-3.9375e-11
-3.8500002e-11
-3.6625002e-11
-3.7125001e-11
-3.6375e-11
-3.7125001e-11
-3.9000001e-11
-3.6625002e-11
-3.9625001e-11
-3.4999999e-11
-3.6625002e-11
-3.7125001e-11
-3.6124999e-11
-3.8125e-11
-3.7875002e-11
-3.6875e-11
-3.7750001e-11
-3.7e-11
-3.8875e-11
-4.0375002e-11
-3.4999999e-11
-3.95e-11
-3.5375002e-11
-3.6875e-11
-3.9625001e-11
-3.4874999e-11
-3.9375e-11
-3.6625002e-11
-4.0625e-11
-3.6749999e-11
-3.7625e-11
-4.1000002e-11
-3.45e-11
-3.575e-11
-3.9874999e-11
-3.625e-11
-3.875e-11
-3.5125e-11
-3.6375e-11
-3.9125002e-11
-3.8125e-11
-3.3749999e-11
-3.875e-11
-3.7875002e-11
-3.5375002e-11
-3.6375e-11
-3.4750001e-11
-3.75e-11
-3.2999999e-11
-3.9375e-11
-3.9625001e-11
-3.5875001e-11
-3.8875e-11
-3.7875002e-11
-3.7875002e-11
-3.7e-11
-4.0499999e-11
-4.1749999e-11
-3.5499999e-11
-4.2125001e-11
-4.1500001e-11
-3.7625e-11
-3.6375e-11
-3.5499999e-11
-3.9125002e-11
-3.8125e-11
-3.825e-11
-3.8875e-11
-3.5499999e-11
-3.7250002e-11
-4.0875001e-11
-3.6625002e-11
-3.5375002e-11
-3.9000001e-11
-3.7250002e-11
-3.875e-11
-3.625e-11
-3.6124999e-11
-3.6500001e-11
-3.9625001e-11
-3.8624999e-11
-3.7750001e-11
-3.7625e-11
-3.875e-11
-3.8375001e-11
-3.7250002e-11
-3.4999999e-11
-3.9000001e-11
-3.7250002e-11
-3.75e-11
-3.9375e-11
-4.0750001e-11
-3.7250002e-11
-3.6375e-11
-3.9125002e-11
-4.0625e-11
-3.625e-11
-3.4625001e-11
-3.7625e-11
-3.9125002e-11
-3.7625e-11
-3.75e-11
-3.825e-11
-3.3624999e-11
-3.7125001e-11
-4.2000001e-11
-3.7625e-11
-3.8125e-11
-4.0499999e-11
-3.9375e-11
-3.5250001e-11
-3.5875001e-11
-3.75e-11
-3.8500002e-11
-3.7374999e-11
-4.0499999e-11
-3.7374999e-11
-3.75e-11
-3.6375e-11
-3.9625001e-11
-3.825e-11
-3.6625002e-11
-3.7750001e-11
-3.9375e-11
-3.8875e-11
-3.9750002e-11
-3.7374999e-11
-3.8375001e-11
-3.6749999e-11
-3.8500002e-11
-3.6124999e-11
-3.6375e-11
-3.7250002e-11
-3.75e-11
-3.7875002e-11
-3.7250002e-11
-3.45e-11
-3.4625001e-11
-4.1000002e-11
-3.5125e-11
-3.4874999e-11
-3.45e-11
-3.8875e-11
-3.7e-11
-3.7374999e-11
-3.6749999e-11
-3.7125001e-11
-3.7e-11
-3.8375001e-11
-3.625e-11
-3.7999999e-11
-3.6625002e-11
-3.4874999e-11
-3.8125e-11
-3.7374999e-11
-3.6625002e-11
-3.5624999e-11
-3.45e-11
-3.4374999e-11
-3.6749999e-11
-3.6625002e-11
-3.6000002e-11
-3.5624999e-11
-3.7250002e-11
-3.7875002e-11
-3.9125002e-11
-3.625e-11
-3.8125e-11
-3.5250001e-11
-3.3875e-11
-3.9000001e-11
-3.6500001e-11
-3.5125e-11
-3.5624999e-11
-3.7250002e-11
-4.0625e-11
-3.7750001e-11
-3.9375e-11
-3.8500002e-11
-3.7625e-11
-3.7999999e-11
-3.2374999e-11
-3.6875e-11
-3.7875002e-11
-3.7999999e-11
-3.625e-11
-3.6875e-11
-3.6625002e-11
-3.7750001e-11
-4.1375001e-11
-3.6875e-11
-3.7e-11
-3.3875e-11
-3.6875e-11
-4.2125001e-11
-3.7750001e-11
-3.6749999e-11
-3.75e-11
-3.8375001e-11
-4.0750001e-11
-3.8125e-11
-3.8500002e-11
-3.9000001e-11
-4.1749999e-11
-3.8624999e-11
-3.8500002e-11
-4.0625e-11
-3.5375002e-11
-3.8375001e-11
-3.8624999e-11
-3.8624999e-11
-3.9625001e-11
-3.4874999e-11
-3.6500001e-11
-3.5375002e-11
-3.575e-11
-3.575e-11
-3.9000001e-11
-3.6625002e-11
-3.7374999e-11
-3.5375002e-11
-3.45e-11
-3.5499999e-11
-3.6749999e-11
-3.75e-11
-3.7374999e-11
-4.2000001e-11
-3.8375001e-11
-3.7374999e-11
-3.575e-11
-3.7999999e-11
-3.7e-11
-3.95e-11
-3.8125e-11
-4.2000001e-11
-3.9874999e-11
-4.0375002e-11
-3.7625e-11
-3.6875e-11
-3.9375e-11
-3.75e-11
-3.5375002e-11
-3.9625001e-11
-3.9000001e-11
-3.5250001e-11
-3.8875e-11
-3.7250002e-11
-4.0250001e-11
-3.7e-11
-3.6749999e-11
-3.7374999e-11
-3.7125001e-11
-3.6625002e-11
-3.8875e-11
-3.7125001e-11
-3.7250002e-11
-3.5250001e-11
-3.75e-11
-3.8125e-11
-3.4874999e-11
-3.7875002e-11
-3.4750001e-11
-3.6000002e-11
-3.4374999e-11
-3.5125e-11
-3.4125001e-11
-3.8375001e-11
-3.5375002e-11
-3.3749999e-11
-3.8375001e-11
-3.4750001e-11
-3.6500001e-11
-3.6500001e-11
-4.0250001e-11
-3.75e-11
-3.6124999e-11
-3.6000002e-11
-3.45e-11
-3.5624999e-11
-3.2499999e-11
-3.7999999e-11
-3.9375e-11
-4.0499999e-11
-3.6000002e-11
-3.7750001e-11
-4.1000002e-11
-3.7125001e-11
-3.7999999e-11
-3.7125001e-11
-3.575e-11
-4e-11
-3.2625e-11
-3.575e-11
-3.4874999e-11
-3.6875e-11
-3.575e-11
-3.9249999e-11
-3.8875e-11
-3.6375e-11
-3.4999999e-11
-3.6124999e-11
-3.7625e-11
-3.4874999e-11
-3.7625e-11
-3.7374999e-11
-3.4625001e-11
-3.8624999e-11
-3.8125e-11
-3.8375001e-11
-3.7999999e-11
-3.7e-11
-3.8125e-11
-3.7875002e-11
-3.6749999e-11
-3.6375e-11
-3.6000002e-11
-3.6000002e-11
-3.6625002e-11
-3.6625002e-11
-3.7250002e-11
-3.6749999e-11
-3.3124999e-11
-3.8375001e-11
-3.7125001e-11
-3.4999999e-11
-3.7250002e-11
-3.7374999e-11
-3.6625002e-11
-3.75e-11
-4.1000002e-11
-3.6625002e-11
-3.4000001e-11
-3.75e-11
-3.625e-11
-3.3500001e-11
-3.8125e-11
-3.7750001e-11
-3.8875e-11
-3.575e-11
-3.6875e-11
-3.6625002e-11
-3.875e-11
-4.1375001e-11
-4.0499999e-11
-3.3124999e-11
-3.95e-11
-3.6375e-11
-3.7e-11
-3.6124999e-11
-3.6749999e-11
-3.875e-11
-3.9375e-11
-3.6625002e-11
-3.95e-11
-3.4750001e-11
-3.75e-11
-3.7125001e-11
-3.9000001e-11
-3.5375002e-11
-3.9750002e-11
-3.6375e-11
-3.5125e-11
-3.7750001e-11
-3.4999999e-11
-3.9125002e-11
-3.575e-11
-3.5125e-11
-3.6749999e-11
-3.6749999e-11
-3.8875e-11
-3.5125e-11
-3.8125e-11
-3.6500001e-11
-3.6875e-11
-3.8375001e-11
-3.6000002e-11
-3.9375e-11
-3.6749999e-11
-3.75e-11
-3.8875e-11
-3.6875e-11
-3.575e-11
-3.7750001e-11
-3.7e-11
-3.8624999e-11
-3.7e-11
-3.3749999e-11
-3.5624999e-11
-3.3749999e-11
-3.75e-11
-3.2374999e-11
-3.6875e-11
-3.8125e-11
-3.8875e-11
-4.2125001e-11
-4.2750001e-11
-3.6749999e-11
-4.1000002e-11
-3.8125e-11
-3.5624999e-11
-4.0250001e-11
-3.7250002e-11
-3.6124999e-11
-3.6375e-11
-4e-11
-4.0499999e-11
-4.1875e-11
-4.1375001e-11
-3.825e-11
-3.7125001e-11
-3.6500001e-11
-4.2875002e-11
-3.9249999e-11
-4.0750001e-11
-3.9874999e-11
-4.0125001e-11
-3.9375e-11
-3.625e-11
-3.6625002e-11
-3.9000001e-11
-3.95e-11
-3.625e-11
-3.7999999e-11
-3.875e-11
-3.6000002e-11
-3.7875002e-11
-3.9000001e-11
-3.7999999e-11
-3.8125e-11
-3.8125e-11
-3.7e-11
-3.75e-11
-3.8500002e-11
-3.7125001e-11
-4e-11
-3.7250002e-11
-3.6625002e-11
-3.7875002e-11
-3.7125001e-11
-3.95e-11
-3.7625e-11
-3.45e-11
-3.575e-11
-3.6000002e-11
-3.7374999e-11
-3.5125e-11
-3.5499999e-11
-3.7125001e-11
-3.7125001e-11
-3.8624999e-11
-3.4125001e-11
-3.4374999e-11
-3.7999999e-11
-3.7625e-11
-3.6124999e-11
-3.8875e-11
-3.8375001e-11
-3.7250002e-11
-3.7374999e-11
-3.8875e-11
-3.8500002e-11
-3.4249999e-11
-3.9874999e-11
-4.1000002e-11
-3.7250002e-11
-3.6124999e-11
-4.0125001e-11
-3.95e-11
-3.75e-11
-3.7875002e-11
-3.8875e-11
-3.7875002e-11
-3.6625002e-11
-3.8125e-11
-4.0499999e-11
-3.7250002e-11
-3.9625001e-11
-3.8624999e-11
-3.6500001e-11
-3.7750001e-11
-3.3375001e-11
-3.6500001e-11
-3.7250002e-11
-4.0875001e-11
-3.75e-11
-3.9375e-11
-3.6375e-11
-3.4374999e-11
-3.7e-11
-3.7374999e-11
-3.9750002e-11
-3.5499999e-11
-3.7250002e-11
-3.5875001e-11
-3.6625002e-11
-3.4874999e-11
-3.9750002e-11
-3.6875e-11
-3.8125e-11
-3.4125001e-11
-3.7374999e-11
-3.6875e-11
-3.6000002e-11
-3.9125002e-11
-3.575e-11
-3.7750001e-11
-3.575e-11
-3.6124999e-11
-3.7250002e-11
-3.7250002e-11
-3.6749999e-11
-3.4125001e-11
-3.6124999e-11
-3.4249999e-11
-3.5624999e-11
-3.9874999e-11
-3.5375002e-11
-3.8375001e-11
-3.5624999e-11
-3.6625002e-11
-3.95e-11
-3.8375001e-11
-3.4125001e-11
-3.875e-11
-3.9000001e-11
-4.0375002e-11
-3.3624999e-11
-3.9625001e-11
-3.7875002e-11
-3.875e-11
-3.7e-11
-3.7250002e-11
-3.5499999e-11
-3.8624999e-11
-3.6124999e-11
-3.625e-11
-3.5875001e-11
-3.8500002e-11
-3.5875001e-11
-3.7125001e-11
-3.8500002e-11
-3.4625001e-11
-3.7125001e-11
-3.8624999e-11
-3.825e-11
-3.5250001e-11
-3.4374999e-11
-3.7999999e-11
-3.6124999e-11
-3.6749999e-11
-3.5250001e-11
-3.1749998e-11
-3.45e-11
-3.575e-11
-3.6000002e-11
-3.6749999e-11
-3.3375001e-11
-3.5375002e-11
-3.45e-11
-3.5499999e-11
-3.625e-11
-3.6875e-11
-3.8375001e-11
-3.2750001e-11
-3.8375001e-11
-3.8375001e-11
-3.6124999e-11
-3.5375002e-11
-3.9249999e-11
-3.8500002e-11
-3.8875e-11
-3.4874999e-11
-3.7125001e-11
-3.4249999e-11
-3.6625002e-11
-3.8375001e-11
-3.6500001e-11
-3.6749999e-11
-4.0375002e-11
-3.8375001e-11
-3.6375e-11
-3.6124999e-11
-3.4750001e-11
-3.7125001e-11
-3.7750001e-11
-3.5624999e-11
-3.5250001e-11
-3.45e-11
-3.75e-11
-3.5125e-11
-3.2499999e-11
-4e-11
-3.575e-11
-3.6375e-11
-3.6749999e-11
-3.8875e-11
-3.6124999e-11
-3.7875002e-11
-3.5250001e-11
-3.6375e-11
-3.3624999e-11
-3.4125001e-11
-3.6875e-11
-3.7999999e-11
-3.575e-11
-3.7250002e-11
-4.1749999e-11
-3.5875001e-11
-3.8624999e-11
-3.6625002e-11
-3.9125002e-11
-3.7625e-11
-3.4625001e-11
-3.7250002e-11
-3.7250002e-11
-3.7625e-11
-3.6749999e-11
-3.6000002e-11
-3.4999999e-11
-3.6124999e-11
-3.6749999e-11
-3.6000002e-11
-3.7374999e-11
-3.5875001e-11
-3.7875002e-11
-3.7999999e-11
-3.6500001e-11
-3.875e-11
-3.7250002e-11
-3.9375e-11
-4.0125001e-11
-3.7999999e-11
-3.95e-11
-3.8624999e-11
-3.6500001e-11
-3.7125001e-11
-3.5250001e-11
-3.4750001e-11
-3.4999999e-11
-3.9625001e-11
-3.575e-11
-3.8125e-11
-3.6124999e-11
-3.7625e-11
-3.4999999e-11
-3.7125001e-11
-3.5875001e-11
-3.6625002e-11
-3.7625e-11
-3.7999999e-11
-3.5624999e-11
-3.5250001e-11
-3.6000002e-11
-3.4874999e-11
-3.5125e-11
-3.5499999e-11
-3.575e-11
-3.8125e-11
-3.7250002e-11
-3.6000002e-11
-3.6124999e-11
-3.6375e-11
-3.5624999e-11
-3.7374999e-11
-3.7750001e-11
-3.8375001e-11
-3.2625e-11
-3.5375002e-11
-3.625e-11
-3.5250001e-11
-3.2625e-11
-3.5375002e-11
-3.5499999e-11
-4.0875001e-11
-3.1749998e-11
-3.3624999e-11
-3.4750001e-11
-3.7e-11
-3.5875001e-11
-3.625e-11
-4.0875001e-11
-3.3124999e-11
-3.7999999e-11
-3.7e-11
-3.625e-11
-3.2999999e-11
-3.325e-11
-3.7999999e-11
-3.4750001e-11
-3.5875001e-11
-3.3500001e-11
-3.7999999e-11
-3.6124999e-11
-3.5875001e-11
-3.7875002e-11
-3.5624999e-11
-3.7e-11
-3.1749998e-11
-3.9625001e-11
-3.6000002e-11
-3.7e-11
-3.9249999e-11
-3.6749999e-11
-3.5375002e-11
-4.0250001e-11
-3.6124999e-11
-3.9249999e-11
-3.2999999e-11
-3.8375001e-11
-3.45e-11
-3.3375001e-11
-3.6500001e-11
-3.5375002e-11
-3.575e-11
-3.3875e-11
-3.3375001e-11
-3.5499999e-11
-4.0250001e-11
-3.575e-11
-3.75e-11
-3.7e-11
-3.3875e-11
-3.5875001e-11
-3.6500001e-11
-3.5250001e-11
-3.4374999e-11
-3.7875002e-11
-3.6875e-11
-3.5499999e-11
-3.6875e-11
-3.4750001e-11
-3.8624999e-11
-3.5624999e-11
-3.2750001e-11
-3.6000002e-11
-3.5499999e-11
-3.7625e-11
-3.7e-11
-3.6000002e-11
-4.0250001e-11
-3.4999999e-11
-3.7875002e-11
-3.75e-11
-3.575e-11
-3.6625002e-11
-3.5250001e-11
-3.4625001e-11
-3.4625001e-11
-3.7250002e-11
-3.7374999e-11
-3.6625002e-11
-3.6625002e-11
-3.7e-11
-3.6625002e-11
-3.45e-11
-3.575e-11
-3.7e-11
-3.1375e-11
-3.6000002e-11
-3.6749999e-11
-3.875e-11
-3.7e-11
-3.75e-11
-3.5125e-11
-3.325e-11
-3.45e-11
-3.2374999e-11
-3.4625001e-11
-3.4125001e-11
-3.5875001e-11
-3.6875e-11
-3.7374999e-11
-3.5499999e-11
-3.2250001e-11
-3.9874999e-11
-3.6500001e-11
-3.4125001e-11
-3.3624999e-11
-3.8125e-11
-3.6500001e-11
-3.4000001e-11
-3.3624999e-11
-3.2374999e-11
-3.5375002e-11
-3.4374999e-11
-3.3749999e-11
-3.4000001e-11
-3.3749999e-11
-3.9125002e-11
-3.8624999e-11
-3.7e-11
-3.7374999e-11
-3.9125002e-11
-3.6000002e-11
-3.825e-11
-3.4874999e-11
-3.4999999e-11
-3.5624999e-11
-3.6749999e-11
-3.9249999e-11
-3.4999999e-11
-3.45e-11
-3.2875001e-11
-3.7374999e-11
-3.4999999e-11
-3.4125001e-11
-3.7999999e-11
-3.2374999e-11
-3.7250002e-11
-3.7125001e-11
-3.45e-11
-3.325e-11
-3.5125e-11
-3.7875002e-11
-3.95e-11
-3.7750001e-11
-3.875e-11
-3.4874999e-11
-3.825e-11
-3.4374999e-11
-3.4750001e-11
-3.4000001e-11
-3.5250001e-11
-3.3124999e-11
-3.7e-11
-3.6500001e-11
-3.7125001e-11
-4.0375002e-11
-3.7999999e-11
-3.5125e-11
-3.7374999e-11
-3.325e-11
-3.4999999e-11
-3.3624999e-11
-4.25e-11
-3.2625e-11
-3.2625e-11
-3.5499999e-11
-3.4874999e-11
-3.825e-11
-3.6500001e-11
-3.7e-11
-3.5375002e-11
-3.7e-11
-3.6625002e-11
-3.8500002e-11
-3.7125001e-11
-3.7750001e-11
-3.7125001e-11
-3.8875e-11
-3.4625001e-11
-3.9375e-11
-3.4999999e-11
-3.625e-11
-3.6625002e-11
-3.4750001e-11
-3.7250002e-11
-3.9249999e-11
-3.7875002e-11
-3.6000002e-11
-3.5499999e-11
-3.3500001e-11
-3.5250001e-11
-3.6875e-11
-3.3749999e-11
-3.7750001e-11
-3.4625001e-11
-3.6000002e-11
-3.8125e-11
-3.5499999e-11
-3.7625e-11
-3.4874999e-11
-3.45e-11
-3.6375e-11
-3.8125e-11
-3.4249999e-11
-3.7374999e-11
-3.9000001e-11
-3.3749999e-11
-3.325e-11
-3.3875e-11
-3.5624999e-11
-3.6875e-11
-3.6375e-11
-3.5499999e-11
-3.4999999e-11
-3.4999999e-11
-3.45e-11
-3.8375001e-11
-3.575e-11
-3.1874999e-11
-3.325e-11
-3.4750001e-11
-3.8125e-11
-3.5125e-11
-3.7625e-11
-3.6875e-11
-3.6500001e-11
-3.5624999e-11
-3.4249999e-11
-3.6875e-11
-3.6375e-11
-3.6749999e-11
-3.6124999e-11
-3.6375e-11
-3.6500001e-11
-3.3500001e-11
-3.4125001e-11
-3.5875001e-11
-3.8375001e-11
-3.575e-11
-3.6625002e-11
-3.875e-11
-3.7e-11
-3.7e-11
-3.6749999e-11
-3.4999999e-11
-3.625e-11
-3.5499999e-11
-3.6124999e-11
-3.6500001e-11
-3.9750002e-11
-3.4374999e-11
-3.6749999e-11
-3.2625e-11
-3.7e-11
-3.6375e-11
-3.7750001e-11
-3.5624999e-11
-3.7125001e-11
-3.6375e-11
-3.3749999e-11
-3.3500001e-11
-3.8125e-11
-3.3500001e-11
-3.2625e-11
-3.6000002e-11
-3.825e-11
-3.5250001e-11
-3.7e-11
-3.7750001e-11
-3.4750001e-11
-3.2374999e-11
-3.825e-11
-3.825e-11
-3.8875e-11
-3.625e-11
-3.5499999e-11
-3.8500002e-11
-3.7625e-11
-3.5375002e-11
-3.6000002e-11
-3.3124999e-11
-4.1500001e-11
-3.5125e-11
-3.5499999e-11
-3.6124999e-11
-3.875e-11
-4.1500001e-11
-3.9750002e-11
-3.7125001e-11
-3.6749999e-11
-3.5250001e-11
-3.4750001e-11
-3.6625002e-11
-3.8500002e-11
-3.7250002e-11
-3.625e-11
-3.4874999e-11
-3.8500002e-11
-3.7875002e-11
-3.5499999e-11
-3.6749999e-11
-3.7875002e-11
-3.7125001e-11
-3.9249999e-11
-3.5875001e-11
-3.2999999e-11
-3.6124999e-11
-3.7e-11
-3.4999999e-11
-3.6749999e-11
-3.625e-11
-3.6749999e-11
-3.325e-11
-3.5375002e-11
-3.7e-11
-3.6500001e-11
-3.7e-11
-3.8375001e-11
-3.5499999e-11
-3.6124999e-11
-3.5125e-11
-3.7e-11
-3.6000002e-11
-3.5875001e-11
-3.6000002e-11
-3.2499999e-11
-3.575e-11
-3.5375002e-11
-3.4874999e-11
-3.7e-11
-3.9125002e-11
-3.7625e-11
-3.5125e-11
-3.9000001e-11
-3.4750001e-11
-3.4999999e-11
-3.5375002e-11
-3.5375002e-11
-3.825e-11
-3.7250002e-11
-3.3500001e-11
-3.9125002e-11
-3.7750001e-11
-3.4750001e-11
-3.75e-11
-3.7625e-11
-3.8875e-11
-3.5125e-11
-3.4249999e-11
-3.7625e-11
-3.6124999e-11
-3.6375e-11
-3.7250002e-11
-3.8624999e-11
-3.5875001e-11
-3.6749999e-11
-3.825e-11
-3.825e-11
-3.8875e-11
-3.4625001e-11
-3.7999999e-11
-3.9125002e-11
-3.8375001e-11
-3.3500001e-11
-3.8500002e-11
-3.9625001e-11
-3.6124999e-11
-3.9750002e-11
-3.6124999e-11
-3.6749999e-11
-3.75e-11
-4.1500001e-11
-3.5499999e-11
-3.2e-11
-3.7250002e-11
-3.8375001e-11
-3.6124999e-11
-3.5125e-11
-4.0875001e-11
-3.7374999e-11
-3.6375e-11
-3.575e-11
-3.7e-11
-3.4625001e-11
-3.7e-11
-3.6124999e-11
-3.7750001e-11
-3.4625001e-11
-3.7250002e-11
-3.7374999e-11
-3.8125e-11
-3.7250002e-11
-3.5250001e-11
-3.3875e-11
-3.5499999e-11
-3.7e-11
-3.9000001e-11
-3.5499999e-11
-3.7625e-11
-3.5125e-11
-3.4625001e-11
-3.2250001e-11
-3.7250002e-11
-3.9750002e-11
-3.9375e-11
-3.4999999e-11
-3.9125002e-11
-3.6000002e-11
-3.7750001e-11
-3.575e-11
-3.6500001e-11
-3.4999999e-11
-3.75e-11
-3.8375001e-11
-3.4125001e-11
-3.4750001e-11
-3.7999999e-11
-3.4249999e-11
-3.8624999e-11
-3.5499999e-11
-3.6749999e-11
-3.7875002e-11
-3.2499999e-11
-3.45e-11
-3.7e-11
-3.2625e-11
-3.45e-11
-3.5875001e-11
-3.7999999e-11
-3.625e-11
-3.9125002e-11
-3.4750001e-11
-3.5250001e-11
-3.6749999e-11
-3.5499999e-11
-3.2625e-11
-3.6375e-11
-3.6124999e-11
-3.4625001e-11
-3.8624999e-11
-4.0250001e-11
-3.4750001e-11
-3.7374999e-11
-3.5499999e-11
-3.4249999e-11
-3.75e-11
-3.7999999e-11
-3.4249999e-11
-3.6375e-11
-3.4750001e-11
-3.4625001e-11
-3.9125002e-11
-3.5624999e-11
-3.6875e-11
-3.6749999e-11
-3.7875002e-11
-3.2875001e-11
-3.7374999e-11
-3.7125001e-11
-3.6875e-11
-3.9249999e-11
-3.9000001e-11
-3.7875002e-11
-3.7e-11
-3.95e-11
-3.6749999e-11
-3.7250002e-11
-3.6000002e-11
-3.5875001e-11
-3.5375002e-11
-3.5250001e-11
-3.4625001e-11
-3.4874999e-11
-3.6500001e-11
-3.4999999e-11
-3.2499999e-11
-3.5875001e-11
-3.5875001e-11
-3.4374999e-11
-3.5125e-11
-3.625e-11
-3.7875002e-11
-3.8500002e-11
-3.7e-11
-3.7e-11
-3.7999999e-11
-3.6000002e-11
-3.2625e-11
-3.7e-11
-3.4249999e-11
-3.4249999e-11
-3.95e-11
-4.0875001e-11
-3.625e-11
-3.8375001e-11
-3.6749999e-11
-3.6124999e-11
-3.8500002e-11
-3.5875001e-11
-3.4874999e-11
-3.5250001e-11
-3.7999999e-11
-3.4249999e-11
-3.825e-11
-3.6124999e-11
-3.6625002e-11
-3.9750002e-11
-3.6124999e-11
-3.3749999e-11
-3.6500001e-11
-3.5250001e-11
-3.5875001e-11
-3.7625e-11
-3.6000002e-11
-3.4874999e-11
-3.4249999e-11
-3.6625002e-11
-3.7374999e-11
-3.7125001e-11
-3.7999999e-11
-3.4999999e-11
-3.8875e-11
-3.5499999e-11
-3.325e-11
-3.75e-11
-3.4750001e-11
-3.2250001e-11
-3.7e-11
-3.5250001e-11
-3.4999999e-11
-3.825e-11
-3.7e-11
-3.625e-11
-3.6124999e-11
-3.4999999e-11
-3.7374999e-11
-3.8500002e-11
-3.7875002e-11
-3.825e-11
-3.2875001e-11
-3.8125e-11
-3.3375001e-11
-3.6124999e-11
-3.325e-11
-3.5875001e-11
-3.5875001e-11
-3.3500001e-11
-3.7999999e-11
-3.6875e-11
-3.625e-11
-3.5875001e-11
-3.5375002e-11
-3.7625e-11
-3.7999999e-11
-3.6500001e-11
-3.6500001e-11
-3.4374999e-11
-3.6124999e-11
-3.6749999e-11
-3.6124999e-11
-3.9625001e-11
-3.4000001e-11
-3.6375e-11
-3.6500001e-11
-3.2999999e-11
-3.5499999e-11
-3.9125002e-11
-3.7999999e-11
-3.6625002e-11
-3.625e-11
-3.8624999e-11
-3.2999999e-11
-3.4000001e-11
-3.6500001e-11
-3.7125001e-11
-3.45e-11
-3.5125e-11
-3.5499999e-11
-3.4125001e-11
-3.5499999e-11
-4.0250001e-11
-3.625e-11
-3.7625e-11
-3.7e-11
-3.8875e-11
-3.7374999e-11
-3.7374999e-11
-3.575e-11
-3.5375002e-11
-3.9625001e-11
-3.9000001e-11
-3.5499999e-11
-3.6875e-11
-3.7374999e-11
-4.125e-11
-3.75e-11
-3.6625002e-11
-3.5875001e-11
-3.625e-11
-3.4625001e-11
-3.8125e-11
-3.6000002e-11
-3.7e-11
-3.2750001e-11
-3.4374999e-11
-3.4999999e-11
-3.5125e-11
-3.575e-11
-3.75e-11
-3.7125001e-11
-3.5499999e-11
-3.6749999e-11
-3.6500001e-11
-3.7e-11
-3.0125e-11
-3.6375e-11
-3.9625001e-11
-3.4625001e-11
-3.3124999e-11
-3.45e-11
-3.7250002e-11
-3.4125001e-11
-3.9249999e-11
-4.125e-11
-3.7125001e-11
-3.625e-11
-3.7750001e-11
-4e-11
-3.5624999e-11
-3.95e-11
-3.7625e-11
-3.4999999e-11
-3.7250002e-11
-3.4249999e-11
-3.8125e-11
-3.7250002e-11
-3.6000002e-11
-3.7999999e-11
-3.7125001e-11
-3.4125001e-11
-3.2374999e-11
-3.875e-11
-3.9874999e-11
-3.5875001e-11
-3.7625e-11
-3.7e-11
-3.4374999e-11
-3.6500001e-11
-3.9249999e-11
-3.7125001e-11
-3.4750001e-11
-3.7750001e-11
-3.75e-11
-3.4374999e-11
-3.7999999e-11
-3.4000001e-11
-3.9249999e-11
-3.7625e-11
-3.8875e-11
-3.9625001e-11
-3.6500001e-11
-3.6625002e-11
-3.4999999e-11
-3.7374999e-11
-3.7250002e-11
-3.8375001e-11
-3.9750002e-11
-3.3500001e-11
-3.6375e-11
-3.9874999e-11
-4.0499999e-11
-3.9375e-11
-3.5125e-11
-4e-11
-3.7374999e-11
-3.7125001e-11
-4.0250001e-11
-3.8624999e-11
-3.8375001e-11
-3.825e-11
-3.7250002e-11
-3.8624999e-11
-3.4999999e-11
-3.3875e-11
-3.4750001e-11
-3.6124999e-11
-3.75e-11
-3.6375e-11
-3.7374999e-11
-3.6500001e-11
-4.0875001e-11
-3.5125e-11
-3.6749999e-11
-3.6875e-11
-3.9625001e-11
-3.5375002e-11
-3.6000002e-11
-3.325e-11
-3.7250002e-11
-3.8875e-11
-3.9874999e-11
-3.6625002e-11
-3.8500002e-11
-3.9000001e-11
-3.6875e-11
-3.6625002e-11
-3.7750001e-11
-3.9000001e-11
-3.7125001e-11
-3.9625001e-11
-3.3749999e-11
-3.6000002e-11
-4.1625002e-11
-3.7374999e-11
-3.575e-11
-3.9125002e-11
-3.5875001e-11
-4.2374999e-11
-3.875e-11
-3.825e-11
-3.5624999e-11
-3.7e-11
-3.5375002e-11
-3.7625e-11
-4.0750001e-11
-3.9249999e-11
-4.2000001e-11
-4.0750001e-11
-4.1500001e-11
-4.4624998e-11
-4.3249997e-11
-4e-11
-4.1875e-11
-4.1624999e-11
-4.0125001e-11
-4.1875e-11
-4.1375001e-11
-4.1000002e-11
-3.6124999e-11
-4.2250002e-11
-4.2250002e-11
-3.9249999e-11
-4.1375001e-11
-4e-11
-3.9874999e-11
-4.2125001e-11
-4.0125001e-11
-3.7750001e-11
-4.1124999e-11
-4.0499999e-11
-3.8875e-11
-3.95e-11
-3.8500002e-11
-3.9625001e-11
-4.0750001e-11
-4.125e-11
-3.8500002e-11
-4.1375001e-11
-3.9874999e-11
-3.7750001e-11
-4.0750001e-11
-4.2250002e-11
-3.7125001e-11
-3.9625001e-11
-3.875e-11
-4.4000002e-11
-3.875e-11
-3.8875e-11
-3.7750001e-11
-4.0875001e-11
-4.0250001e-11
-4.0750001e-11
-3.8875e-11
-3.825e-11
-4.0125001e-11
-3.5875001e-11
-3.6625002e-11
-3.5499999e-11
-3.4625001e-11
-3.8375001e-11
-3.575e-11
-3.7e-11
-3.8125e-11
-3.6124999e-11
-3.7750001e-11
-4.0625e-11
-3.7125001e-11
-3.825e-11
-3.4000001e-11
-3.4625001e-11
-3.7e-11
-3.5375002e-11
-3.8500002e-11
-3.6000002e-11
-3.5250001e-11
-3.7e-11
-3.9625001e-11
-3.2875001e-11
-4.0125001e-11
-3.7e-11
-3.4625001e-11
-3.7999999e-11
-3.9249999e-11
-3.6875e-11
-3.5125e-11
-3.7250002e-11
-4.0125001e-11
-3.7250002e-11
-3.75e-11
-3.7875002e-11
-3.7374999e-11
-3.5250001e-11
-3.6375e-11
-3.9125002e-11
-3.8624999e-11
-4.0125001e-11
-3.575e-11
-3.45e-11
-3.4874999e-11
-3.9000001e-11
-3.9125002e-11
-3.8375001e-11
-3.8624999e-11
-3.4125001e-11
-3.575e-11
-3.7250002e-11
-3.1249999e-11
-3.95e-11
-3.9750002e-11
-3.2875001e-11
-3.7750001e-11
-3.5250001e-11
-3.9750002e-11
-3.9750002e-11
-3.6749999e-11
-3.875e-11
-3.7250002e-11
-4.0125001e-11
-3.7e-11
-3.75e-11
-3.5875001e-11
-3.9125002e-11
-3.9750002e-11
-3.7250002e-11
-3.7125001e-11
-3.9375e-11
-3.7875002e-11
-3.4750001e-11
-3.825e-11
-3.8125e-11
-3.95e-11
-3.7125001e-11
-3.6875e-11
-3.95e-11
-3.7125001e-11
-3.6749999e-11
-3.7999999e-11
-3.8624999e-11
-3.7750001e-11
-3.7999999e-11
-3.6500001e-11
-3.6875e-11
-4.0750001e-11
-3.5125e-11
-3.7625e-11
-3.625e-11
-3.8500002e-11
-3.8875e-11
-3.4750001e-11
-4.0875001e-11
-3.7125001e-11
-3.7625e-11
-3.7374999e-11
-3.7250002e-11
-4.0625e-11
-4.0125001e-11
-3.9000001e-11
-4e-11
-3.5375002e-11
-4.1749999e-11
-3.8500002e-11
-3.75e-11
-4.0875001e-11
-3.875e-11
-3.8125e-11
-3.9125002e-11
-3.6500001e-11
-4.1000002e-11
-3.9625001e-11
-3.9249999e-11
-3.7125001e-11
-3.9249999e-11
-3.7999999e-11
-3.8624999e-11
-3.7999999e-11
-3.7125001e-11
-3.8125e-11
-3.9249999e-11
-3.7999999e-11
-4e-11
-3.6749999e-11
-3.825e-11
-3.5250001e-11
-4.1375001e-11
-3.6000002e-11
-3.625e-11
-3.8500002e-11
-3.7125001e-11
-3.8125e-11
-3.7625e-11
-3.4750001e-11
-3.9125002e-11
-3.75e-11
-3.5250001e-11
-3.8624999e-11
-3.6625002e-11
-3.4125001e-11
-3.4750001e-11
-3.6500001e-11
-3.75e-11
-3.3875e-11
-3.9625001e-11
-3.5125e-11
-3.2999999e-11
-3.95e-11
-3.6625002e-11
-4.0750001e-11
-3.6375e-11
-3.5125e-11
-3.7875002e-11
-3.5875001e-11
-3.9874999e-11
-3.5875001e-11
-3.7e-11
-3.7750001e-11
-3.9375e-11
-3.9874999e-11
-3.8624999e-11
-3.7250002e-11
-3.5125e-11
-4.0875001e-11
-3.7125001e-11
-3.8624999e-11
-3.45e-11
-3.4249999e-11
-3.8375001e-11
-3.7750001e-11
-3.75e-11
-3.6375e-11
-3.8624999e-11
-3.825e-11
-3.9000001e-11
-3.9000001e-11
-3.7125001e-11
-3.875e-11
-3.4625001e-11
-4.0750001e-11
-3.625e-11
-3.8624999e-11
-3.8125e-11
-3.9375e-11
-3.7374999e-11
-3.8375001e-11
-3.5499999e-11
-4.0125001e-11
-3.9249999e-11
-4.0250001e-11
-3.4874999e-11
-3.7875002e-11
-3.9125002e-11
-3.7875002e-11
-3.5125e-11
-3.9000001e-11
-3.9625001e-11
-3.8375001e-11
-3.9125002e-11
-3.6000002e-11
-3.825e-11
-3.6875e-11
-3.45e-11
-3.4125001e-11
-3.9249999e-11
-3.7374999e-11
-3.4249999e-11
-4.0125001e-11
-3.6000002e-11
-3.6375e-11
-3.4249999e-11
-3.825e-11
-3.9249999e-11
-3.95e-11
-3.4999999e-11
-3.5624999e-11
-3.625e-11
-3.7999999e-11
-3.5499999e-11
-3.6000002e-11
-3.5875001e-11
-3.7750001e-11
-3.5624999e-11
-3.5499999e-11
-3.75e-11
-3.5499999e-11
-3.5125e-11
-3.5875001e-11
-3.6625002e-11
-3.1375e-11
-3.6625002e-11
-3.3124999e-11
-3.7374999e-11
-3.8125e-11
-3.8375001e-11
-3.5499999e-11
-3.6124999e-11
-3.5125e-11
-3.6375e-11
-3.7e-11
-3.6000002e-11
-3.45e-11
-3.8125e-11
-3.9874999e-11
-3.6124999e-11
-3.4374999e-11
-3.4999999e-11
-3.6875e-11
-3.4999999e-11
-3.5125e-11
-3.7875002e-11
-3.4374999e-11
-3.7999999e-11
-3.4000001e-11
-4.2374999e-11
-3.4125001e-11
-3.7625e-11
-3.5875001e-11
-3.5875001e-11
-3.625e-11
-3.7625e-11
-3.3875e-11
-3.9125002e-11
-3.6749999e-11
-3.4625001e-11
-3.8875e-11
-3.5375002e-11
-3.6625002e-11
-3.8500002e-11
-3.5624999e-11
-3.4374999e-11
-3.75e-11
-3.4625001e-11
-3.6000002e-11
-3.5875001e-11
-3.4249999e-11
-3.75e-11
-3.2499999e-11
-3.7999999e-11
-3.45e-11
-3.6375e-11
-3.5875001e-11
-3.625e-11
-3.7625e-11
-3.7374999e-11
-3.6875e-11
-3.5375002e-11
-3.575e-11
-3.45e-11
-3.6625002e-11
-3.4374999e-11
-3.9000001e-11
-3.8500002e-11
-3.8875e-11
-3.7250002e-11
-3.4874999e-11
-3.7750001e-11
-4.2750001e-11
-3.5624999e-11
-3.4874999e-11
-3.7125001e-11
-3.2999999e-11
-3.8624999e-11
-3.4750001e-11
-3.7750001e-11
-3.6000002e-11
-3.7750001e-11
-3.6625002e-11
-3.5125e-11
-3.5875001e-11
-3.4874999e-11
-3.3624999e-11
-3.7625e-11
-3.625e-11
-3.6124999e-11
-3.1249999e-11
-3.7125001e-11
-3.5499999e-11
-3.8875e-11
-3.5125e-11
-3.4249999e-11
-3.3749999e-11
-3.625e-11
-3.5375002e-11
-3.825e-11
-3.3375001e-11
-3.1749998e-11
-3.5875001e-11
-3.3749999e-11
-3.5875001e-11
-3.8500002e-11
-3.4249999e-11
-3.825e-11
-3.3624999e-11
-3.7374999e-11
-3.5624999e-11
-3.4125001e-11
-3.8624999e-11
-3.4750001e-11
-3.4249999e-11
-3.7999999e-11
-3.4374999e-11
-3.7250002e-11
-3.575e-11
-3.3124999e-11
-3.5499999e-11
-4.0499999e-11
-3.6124999e-11
-3.9375e-11
-3.5499999e-11
-3.4999999e-11
-3.5624999e-11
-3.325e-11
-3.6500001e-11
-3.6124999e-11
-3.6749999e-11
-3.6124999e-11
-3.6500001e-11
-3.7250002e-11
-3.9625001e-11
-3.9625001e-11
-3.6625002e-11
-3.7750001e-11
-3.7125001e-11
-3.6124999e-11
-3.9874999e-11
-3.7e-11
-3.5499999e-11
-3.9249999e-11
-3.5875001e-11
-3.95e-11
-3.8375001e-11
-3.5375002e-11
-3.6124999e-11
-3.7250002e-11
-3.5875001e-11
-3.625e-11
-3.7999999e-11
-3.5499999e-11
-3.875e-11
-3.6500001e-11
-3.5499999e-11
-4.0250001e-11
-3.3875e-11
-3.8875e-11
-3.7750001e-11
-3.8875e-11
-3.6500001e-11
-3.7875002e-11
-3.6500001e-11
-3.4874999e-11
-3.7750001e-11
-3.4999999e-11
-3.7e-11
-3.8624999e-11
-3.5375002e-11
-3.4249999e-11
-3.6124999e-11
-3.8875e-11
-3.9000001e-11
-3.8500002e-11
-3.6500001e-11
-3.6875e-11
-3.8875e-11
-3.5624999e-11
-3.4374999e-11
-3.5375002e-11
-3.95e-11
-3.7875002e-11
-3.6375e-11
-3.7374999e-11
-3.9000001e-11
-3.2875001e-11
-3.5624999e-11
-3.8375001e-11
-3.7e-11
-3.5375002e-11
-3.6875e-11
-4.1625002e-11
-3.625e-11
-3.4125001e-11
-3.7999999e-11
-3.825e-11
-3.8500002e-11
-3.8875e-11
-3.5375002e-11
-3.75e-11
-3.7250002e-11
-3.7e-11
-3.5624999e-11
-3.7625e-11
-3.7374999e-11
-3.5624999e-11
-3.8125e-11
-3.5875001e-11
-3.75e-11
-3.4874999e-11
-3.825e-11
-3.5875001e-11
-3.3375001e-11
-3.5624999e-11
-3.6000002e-11
-3.1874999e-11
-3.6749999e-11
-3.6749999e-11
-3.6000002e-11
-3.875e-11
-3.625e-11
-3.8375001e-11
-3.6749999e-11
-3.7625e-11
-3.575e-11
-3.75e-11
-3.6500001e-11
-3.8624999e-11
-3.3624999e-11
-3.7625e-11
-3.4625001e-11
-3.4750001e-11
-3.4999999e-11
-3.4000001e-11
-3.625e-11
-3.1500001e-11
-3.7250002e-11
-3.4750001e-11
-3.6625002e-11
-3.7250002e-11
-3.6749999e-11
-3.6875e-11
-3.3749999e-11
-4.0499999e-11
-3.6625002e-11
-3.9625001e-11
-3.6875e-11
-3.625e-11
-3.6124999e-11
-3.7625e-11
-3.4874999e-11
-3.6749999e-11
-3.6875e-11
-3.6875e-11
-3.8875e-11
-3.7e-11
-3.2e-11
-3.7125001e-11
-3.5125e-11
-3.625e-11
-3.6124999e-11
-3.7250002e-11
-3.825e-11
-3.5499999e-11
-3.5125e-11
-3.6625002e-11
-3.825e-11
-3.7750001e-11
-3.5125e-11
-3.8500002e-11
-3.3500001e-11
-3.5875001e-11
-3.5875001e-11
-3.7875002e-11
-3.5250001e-11
-3.4750001e-11
-3.6375e-11
-3.5624999e-11
-3.6875e-11
-3.5624999e-11
-3.9375e-11
-3.625e-11
-3.4625001e-11
-3.625e-11
-3.6625002e-11
-3.7125001e-11
-3.45e-11
-3.7750001e-11
-3.6749999e-11
-3.4125001e-11
-3.7625e-11
-3.5624999e-11
-3.9000001e-11
-3.5125e-11
-3.6000002e-11
-3.5875001e-11
-3.4125001e-11
-3.7125001e-11
-3.1749998e-11
-3.3500001e-11
-3.6000002e-11
-3.3875e-11
-3.7250002e-11
-3.3624999e-11
-3.2875001e-11
-3.6124999e-11
-3.3500001e-11
-3.5125e-11
-3.5250001e-11
-3.6500001e-11
-3.7875002e-11
-3.6124999e-11
-3.6749999e-11
-3.4625001e-11
-3.7750001e-11
-3.6500001e-11
-3.6500001e-11
-3.6749999e-11
-3.4874999e-11
-3.2750001e-11
-3.6749999e-11
-3.325e-11
-3.575e-11
-3.5499999e-11
-3.3749999e-11
-3.3624999e-11
-3.95e-11
-3.2999999e-11
-3.5250001e-11
-3.9249999e-11
-3.7125001e-11
-3.325e-11
-3.5250001e-11
-3.4125001e-11
-3.625e-11
-3.5624999e-11
-3.025e-11
-3.575e-11
-3.5624999e-11
-3.4249999e-11
-3.5624999e-11
-3.7875002e-11
-3.4625001e-11
-3.4999999e-11
-3.45e-11
-3.625e-11
-3.6500001e-11
-3.7875002e-11
-3.6000002e-11
-3.4625001e-11
-3.6500001e-11
-3.5624999e-11
-3.5499999e-11
-3.6124999e-11
-3.6000002e-11
-3.2999999e-11
-3.5875001e-11
-3.4999999e-11
-3.9000001e-11
-3.6625002e-11
-3.7125001e-11
-3.7125001e-11
-3.5624999e-11
-3.2999999e-11
-4.0625e-11
-3.7125001e-11
-3.7250002e-11
-3.4125001e-11
-3.4750001e-11
-3.6124999e-11
-3.5624999e-11
-3.625e-11
-3.45e-11
-3.6625002e-11
-3.6749999e-11
-3.5875001e-11
-3.5499999e-11
-3.8125e-11
-3.5499999e-11
-3.7999999e-11
-3.3500001e-11
-3.5624999e-11
-3.4249999e-11
-3.6124999e-11
-3.5624999e-11
-3.625e-11
-3.625e-11
-3.6124999e-11
-3.7e-11
-3.6500001e-11
-3.7750001e-11
-3.575e-11
-3.5250001e-11
-3.7e-11
-3.4125001e-11
-3.7625e-11
-3.8500002e-11
-3.2374999e-11
-3.7374999e-11
-3.45e-11
-3.6500001e-11
-3.4999999e-11
-3.1124998e-11
-3.3624999e-11
-3.8624999e-11
-3.6000002e-11
-3.5499999e-11
-3.325e-11
-3.5624999e-11
-3.6625002e-11
-3.8500002e-11
-3.575e-11
-3.5125e-11
-3.5125e-11
-3.7374999e-11
-3.825e-11
-3.2625e-11
-3.5624999e-11
-3.3124999e-11
-3.45e-11
-3.7374999e-11
-3.45e-11
-3.6124999e-11
-3.5499999e-11
-3.2999999e-11
-3.4999999e-11
-3.075e-11
-3.875e-11
-3.1749998e-11
-3.7374999e-11
-3.4249999e-11
-3.325e-11
-3.5250001e-11
-3.1500001e-11
-3.5375002e-11
-3.5624999e-11
-3.6000002e-11
-3.575e-11
-3.5499999e-11
-3.7625e-11
-3.575e-11
-3.5499999e-11
-3.2625e-11
-3.5499999e-11
-3.2875001e-11
-3.4750001e-11
-3.7250002e-11
-3.4000001e-11
-4.0125001e-11
-3.8875e-11
-3.4999999e-11
-3.6375e-11
-3.4249999e-11
-3.625e-11
-3.8125e-11
-3.2750001e-11
-3.575e-11
-3.5624999e-11
-3.7250002e-11
-3.325e-11
-3.6625002e-11
-3.5624999e-11
-3.8624999e-11
-3.2e-11
-3.7250002e-11
-3.5375002e-11
-3.7e-11
-3.625e-11
-3.4999999e-11
-3.4625001e-11
-3.2625e-11
-3.7625e-11
-3.5624999e-11
-3.2999999e-11
-3.8875e-11
-3.5125e-11
-3.7250002e-11
-3.7125001e-11
-3.3875e-11
-3.7875002e-11
-3.625e-11
-3.7250002e-11
-3.6124999e-11
-3.5499999e-11
-3.7e-11
-3.2e-11
-3.5624999e-11
-3.75e-11
-3.6875e-11
-3.8125e-11
-3.575e-11
-3.5624999e-11
-3.5125e-11
-3.7750001e-11
-3.7125001e-11
-3.5875001e-11
-3.7e-11
-3.7374999e-11
-3.2250001e-11
-4.0625e-11
-3.4999999e-11
-3.4249999e-11
-3.4000001e-11
-3.7e-11
-3.6500001e-11
-3.6625002e-11
-3.7999999e-11
-3.6124999e-11
-3.7875002e-11
-3.4874999e-11
-3.6625002e-11
-3.7e-11
-3.7250002e-11
-3.6625002e-11
-3.3875e-11
-3.2499999e-11
-3.8500002e-11
-3.7875002e-11
-3.4625001e-11
-3.4374999e-11
-3.3749999e-11
-3.6375e-11
-3.4000001e-11
-3.7e-11
-3.4750001e-11
-4.0375002e-11
-3.4874999e-11
-3.5875001e-11
-3.7374999e-11
-3.5375002e-11
-3.5125e-11
-3.8125e-11
-3.6124999e-11
-3.8624999e-11
-3.6375e-11
-3.5624999e-11
-3.2125001e-11
-3.6500001e-11
-3.625e-11
-3.2750001e-11
-3.45e-11
-3.3500001e-11
-3.45e-11
-3.6749999e-11
-3.5375002e-11
-3.8624999e-11
-3.325e-11
-3.7250002e-11
-3.8624999e-11
-3.6124999e-11
-3.6749999e-11
-3.625e-11
-3.3749999e-11
-3.6875e-11
-3.2875001e-11
-3.4874999e-11
-3.6124999e-11
-3.825e-11
-3.7999999e-11
-3.9125002e-11
-3.9874999e-11
-3.6625002e-11
-3.5375002e-11
-3.625e-11
-3.6500001e-11
-3.6124999e-11
-3.5624999e-11
-3.4999999e-11
-3.6625002e-11
-3.45e-11
-3.4625001e-11
-3.3375001e-11
-3.6124999e-11
-3.6375e-11
-4.0125001e-11
-3.5250001e-11
-3.7125001e-11
-3.8624999e-11
-3.7125001e-11
-3.6875e-11
-3.825e-11
-4.0125001e-11
-3.7875002e-11
-3.4249999e-11
-3.4000001e-11
-3.2875001e-11
-3.7999999e-11
-3.7374999e-11
-3.8125e-11
-3.7125001e-11
-3.5875001e-11
-3.5624999e-11
-3.4999999e-11
-3.7750001e-11
-3.7374999e-11
-4.0625e-11
-3.5250001e-11
-3.7250002e-11
-3.5624999e-11
-3.4249999e-11
-3.8624999e-11
-3.45e-11
-4.0250001e-11
-3.8375001e-11
-3.7125001e-11
-3.5624999e-11
-3.6625002e-11
-3.5624999e-11
-3.6625002e-11
-4e-11
-3.825e-11
-3.625e-11
-3.3875e-11
-3.7750001e-11
-3.4374999e-11
-3.6000002e-11
-3.5375002e-11
-3.7625e-11
-3.4999999e-11
-3.4750001e-11
-3.8875e-11
-3.2499999e-11
-3.9625001e-11
-3.5875001e-11
-3.8875e-11
-3.75e-11
-3.2999999e-11
-3.5875001e-11
-3.6500001e-11
-3.7250002e-11
-3.5250001e-11
-3.3749999e-11
-3.7999999e-11
-3.5875001e-11
-3.6124999e-11
-3.7875002e-11
-3.6000002e-11
-4.0375002e-11
-3.7e-11
-3.2750001e-11
-3.325e-11
-3.5624999e-11
-3.6375e-11
-3.8125e-11
-3.9000001e-11
-3.6375e-11
-3.3124999e-11
-3.2750001e-11
-3.8375001e-11
-3.2625e-11
-3.4374999e-11
-3.8624999e-11
-3.3749999e-11
-3.5875001e-11
-3.3624999e-11
-3.6375e-11
-3.75e-11
-3.4750001e-11
-4.1625002e-11
-3.875e-11
-3.4750001e-11
-3.5375002e-11
-3.5250001e-11
-3.8125e-11
-3.7374999e-11
-3.5499999e-11
-3.3124999e-11
-3.9249999e-11
-3.8125e-11
-3.6124999e-11
-3.7250002e-11
-3.4874999e-11
-3.8624999e-11
-3.4125001e-11
-3.4874999e-11
-3.4374999e-11
-3.3500001e-11
-3.3749999e-11
-3.6500001e-11
-3.625e-11
-3.7625e-11
-3.7875002e-11
-3.6375e-11
-3.6749999e-11
-3.6500001e-11
-3.8125e-11
-3.7250002e-11
-3.6875e-11
-3.6875e-11
-3.4999999e-11
-3.7e-11
-3.4125001e-11
-3.5624999e-11
-3.5875001e-11
-3.6500001e-11
-3.6875e-11
-3.75e-11
-3.7875002e-11
-3.2250001e-11
-4.1749999e-11
-3.7374999e-11
-3.3875e-11
-3.75e-11
-3.4000001e-11
-3.3124999e-11
-3.8500002e-11
-3.4874999e-11
-3.3624999e-11
-3.5875001e-11
-3.6500001e-11
-3.9874999e-11
-3.8500002e-11
-3.7125001e-11
-3.3500001e-11
-3.5499999e-11
-3.6000002e-11
-3.3124999e-11
-3.9625001e-11
-3.575e-11
-3.5624999e-11
-3.7625e-11
-3.6124999e-11
-3.75e-11
-3.4625001e-11
-3.5875001e-11
-3.7750001e-11
-3.5125e-11
-3.4999999e-11
-4.1000002e-11
-3.7250002e-11
-3.875e-11
-3.4874999e-11
-3.575e-11
-3.6500001e-11
-3.8125e-11
-3.4125001e-11
-3.2250001e-11
-3.8125e-11
-3.6375e-11
-3.5875001e-11
-3.8875e-11
-3.1874999e-11
-3.6124999e-11
-3.6500001e-11
-3.7750001e-11
-3.3124999e-11
-3.625e-11
-3.2125001e-11
-3.6124999e-11
-3.8500002e-11
-3.5125e-11
-3.7625e-11
-3.6000002e-11
-3.4999999e-11
-3.75e-11
-3.9625001e-11
-3.45e-11
-3.625e-11
-3.4874999e-11
-3.5125e-11
-3.7e-11
-3.575e-11
-3.4625001e-11
-3.2374999e-11
-3.625e-11
-3.5250001e-11
-3.6625002e-11
-3.325e-11
-3.6000002e-11
-3.9000001e-11
-3.5125e-11
-3.4750001e-11
-3.1749998e-11
-3.75e-11
-3.5250001e-11
-3.825e-11
-3.4625001e-11
-4.1124999e-11
-3.7e-11
-3.7125001e-11
-3.8624999e-11
-3.6500001e-11
-3.8375001e-11
-3.9625001e-11
-3.825e-11
-3.9000001e-11
-3.9249999e-11
-3.6375e-11
-3.4000001e-11
-3.7875002e-11
-3.5125e-11
-3.7125001e-11
-3.6749999e-11
-3.7e-11
-3.5125e-11
-3.7374999e-11
-3.9249999e-11
-3.95e-11
-3.7875002e-11
-3.325e-11
-3.6124999e-11
-3.5375002e-11
-3.2875001e-11
-3.4125001e-11
-3.7625e-11
-3.7875002e-11
-3.8875e-11
-3.7250002e-11
-3.6000002e-11
-3.2499999e-11
-3.4750001e-11
-3.6875e-11
-3.7374999e-11
-3.7e-11
-3.7250002e-11
-3.7374999e-11
-3.7125001e-11
-3.6875e-11
-3.7e-11
-3.4750001e-11
-3.7250002e-11
-3.5125e-11
-3.4999999e-11
-3.625e-11
-3.5125e-11
-3.3375001e-11
-3.4999999e-11
-3.6625002e-11
-3.7625e-11
-4.0499999e-11
-3.7625e-11
-3.5624999e-11
-3.4625001e-11
-3.6500001e-11
-3.4249999e-11
-3.6875e-11
-3.3875e-11
-3.6375e-11
-3.1874999e-11
-3.575e-11
-3.75e-11
-3.6625002e-11
-3.3500001e-11
-3.95e-11
-3.6625002e-11
-3.4625001e-11
-3.7125001e-11
-3.4625001e-11
-3.4874999e-11
-3.9125002e-11
-3.3500001e-11
-3.45e-11
-3.5250001e-11
-3.2499999e-11
-3.7625e-11
-3.7625e-11
-3.4374999e-11
-3.5250001e-11
-3.6124999e-11
-3.6124999e-11
-3.4374999e-11
-3.5624999e-11
-3.5499999e-11
-3.4374999e-11
-3.575e-11
-3.7e-11
-3.6500001e-11
-3.575e-11
-3.575e-11
-3.6749999e-11
-3.7999999e-11
-3.6875e-11
-3.9000001e-11
-3.4249999e-11
-3.6000002e-11
-3.5499999e-11
-3.325e-11
-3.6124999e-11
-3.6375e-11
-3.6625002e-11
-3.4625001e-11
-3.575e-11
-3.625e-11
-3.4999999e-11
-3.45e-11
-3.5875001e-11
-3.575e-11
-3.3375001e-11
-3.5875001e-11
-3.7999999e-11
-3.6749999e-11
-3.7625e-11
-3.9125002e-11
-3.6749999e-11
-3.7125001e-11
-3.575e-11
-3.9874999e-11
-3.5375002e-11
-3.7e-11
-3.8500002e-11
-3.5375002e-11
-3.8125e-11
-3.6749999e-11
-3.825e-11
-3.4000001e-11
-3.9249999e-11
-3.575e-11
-3.4625001e-11
-3.2750001e-11
-3.7250002e-11
-3.8875e-11
-3.575e-11
-3.3124999e-11
-3.3500001e-11
-3.4000001e-11
-3.5499999e-11
-3.7125001e-11
-3.7374999e-11
-3.9625001e-11
-3.6000002e-11
-3.9375e-11
-3.5499999e-11
-3.6749999e-11
-3.825e-11
-3.6124999e-11
-3.625e-11
-3.7750001e-11
-3.7750001e-11
-3.7374999e-11
-3.6375e-11
-3.6749999e-11
-3.7250002e-11
-3.6500001e-11
-3.6749999e-11
-3.9125002e-11
-3.7625e-11
-3.2999999e-11
-3.3624999e-11
-3.8624999e-11
-3.6000002e-11
-4e-11
-3.4249999e-11
-3.4125001e-11
-3.825e-11
-3.45e-11
-3.1625001e-11
-3.5624999e-11
-3.4999999e-11
-3.8125e-11
-3.7374999e-11
-3.3500001e-11
-3.4999999e-11
-3.2e-11
-3.4874999e-11
-3.4874999e-11
-3.5375002e-11
-3.5375002e-11
-3.9000001e-11
-3.6000002e-11
-3.6749999e-11
-3.45e-11
-3.3500001e-11
-3.2499999e-11
-3.7875002e-11
-3.5375002e-11
-3.6749999e-11
-3.4249999e-11
-3.7875002e-11
-3.6375e-11
-3.6124999e-11
-3.7625e-11
-3.8875e-11
-3.8500002e-11
-3.4999999e-11
-3.625e-11
-3.4000001e-11
-3.7125001e-11
-3.4374999e-11
-3.325e-11
-3.5624999e-11
-3.5375002e-11
-3.7374999e-11
-3.6124999e-11
-3.575e-11
-3.5875001e-11
-3.2250001e-11
-3.6000002e-11
-3.6875e-11
-3.6375e-11
-3.825e-11
-3.6000002e-11
-3.7374999e-11
-3.45e-11
-3.75e-11
-3.4125001e-11
-3.4625001e-11
-3.4374999e-11
-3.5875001e-11
-3.6625002e-11
-3.5125e-11
-3.4750001e-11
-3.5250001e-11
-3.7e-11
-3.4625001e-11
-3.5624999e-11
-3.875e-11
-3.3624999e-11
-3.6375e-11
-3.5125e-11
-3.7125001e-11
-3.7e-11
-3.625e-11
-3.3749999e-11
-3.2499999e-11
-3.7875002e-11
-3.5250001e-11
-3.7250002e-11
-3.6124999e-11
-3.8375001e-11
-3.4999999e-11
-3.6875e-11
-3.7e-11
-3.4125001e-11
-3.825e-11
-3.8375001e-11
-3.7374999e-11
-3.875e-11
-3.3124999e-11
-3.4625001e-11
-3.7999999e-11
-3.4750001e-11
-3.5499999e-11
-3.5499999e-11
-3.7625e-11
-3.7999999e-11
-3.4374999e-11
-3.2999999e-11
-3.8125e-11
-3.1500001e-11
-3.4750001e-11
-3.6500001e-11
-3.4374999e-11
-3.6375e-11
-3.6375e-11
-4.0125001e-11
-3.5499999e-11
-3.2875001e-11
-3.8875e-11
-3.4374999e-11
-3.9249999e-11
-3.5875001e-11
-3.6000002e-11
-3.2625e-11
-3.5499999e-11
-3.6375e-11
-3.7999999e-11
-3.4125001e-11
-3.875e-11
-3.9000001e-11
-3.95e-11
-3.2999999e-11
-3.5875001e-11
-3.7250002e-11
-3.7625e-11
-3.7250002e-11
-3.6625002e-11
-3.5125e-11
-3.2750001e-11
-3.4374999e-11
-3.45e-11
-3.5125e-11
-3.7999999e-11
-3.7999999e-11
-3.4249999e-11
-3.5375002e-11
-3.6875e-11
-3.6375e-11
-3.6749999e-11
-3.7125001e-11
-3.6625002e-11
-3.7750001e-11
-3.7625e-11
-3.5250001e-11
-3.5250001e-11
-3.8500002e-11
-3.6124999e-11
-3.625e-11
-3.6875e-11
-3.575e-11
-3.8375001e-11
-3.4125001e-11
-3.6500001e-11
-3.5875001e-11
-3.6749999e-11
-3.825e-11
-3.5499999e-11
-3.2999999e-11
-3.3875e-11
-3.6500001e-11
-4.1124999e-11
-3.8375001e-11
-3.8875e-11
-3.5375002e-11
-3.7374999e-11
-3.45e-11
-3.4249999e-11
-3.625e-11
-3.625e-11
-3.3500001e-11
-3.5875001e-11
-3.5250001e-11
-3.9874999e-11
-3.7625e-11
-3.325e-11
-3.6749999e-11
-3.6124999e-11
-3.8375001e-11
-3.5624999e-11
-3.6000002e-11
-3.5624999e-11
-3.4750001e-11
-3.1249999e-11
-3.6875e-11
-3.9125002e-11
-3.4000001e-11
-3.4874999e-11
-3.4750001e-11
-3.5125e-11
-3.6749999e-11
-3.5375002e-11
-3.5250001e-11
-3.5875001e-11
-3.6749999e-11
-3.4999999e-11
-3.3875e-11
-3.2999999e-11
-3.5875001e-11
-3.6749999e-11
-3.1625001e-11
-3.7999999e-11
-3.5375002e-11
-3.7999999e-11
-3.4999999e-11
-3.6375e-11
-3.4625001e-11
-3.7625e-11
-3.6375e-11
-3.7374999e-11
-3.4249999e-11
-3.325e-11
-3.7999999e-11
-3.6500001e-11
-3.4625001e-11
-3.5499999e-11
-3.75e-11
-3.2499999e-11
-3.7125001e-11
-3.5375002e-11
-3.6124999e-11
-3.625e-11
-3.7125001e-11
-3.3875e-11
-3.5624999e-11
-3.6375e-11
-3.7125001e-11
-3.1874999e-11
-3.6000002e-11
-3.45e-11
-3.7999999e-11
-3.7625e-11
-3.6500001e-11
-3.4249999e-11
-3.9750002e-11
-3.5125e-11
-3.5250001e-11
-3.7125001e-11
-3.8375001e-11
-3.7625e-11
-3.7374999e-11
-3.3749999e-11
-3.7875002e-11
-3.7125001e-11
-3.8500002e-11
-3.4249999e-11
-3.4874999e-11
-3.3875e-11
-3.8125e-11
-3.6000002e-11
-3.6000002e-11
-3.6625002e-11
-3.6625002e-11
-3.4374999e-11
-3.4874999e-11
-3.7875002e-11
-3.9375e-11
-3.7374999e-11
-3.8875e-11
-3.4999999e-11
-3.3875e-11
-3.8500002e-11
-3.8125e-11
-3.6500001e-11
-3.4874999e-11
-3.1000001e-11
-3.5499999e-11
-3.4249999e-11
-3.6625002e-11
-3.7250002e-11
-3.6124999e-11
-3.6500001e-11
-3.6875e-11
-3.9000001e-11
-3.9000001e-11
-3.4750001e-11
-3.7250002e-11
-3.6375e-11
-3.4750001e-11
-3.7875002e-11
-3.2750001e-11
-3.8624999e-11
-3.6000002e-11
-3.0875e-11
-3.325e-11
-3.575e-11
-3.1249999e-11
-3.6875e-11
-3.4625001e-11
-3.3749999e-11
-3.4750001e-11
-3.575e-11
-3.3500001e-11
-3.6875e-11
-3.5125e-11
-3.6500001e-11
-3.4874999e-11
-3.7250002e-11
-3.7625e-11
-3.5875001e-11
-3.4750001e-11
-3.625e-11
-3.2750001e-11
-3.6124999e-11
-3.6625002e-11
-3.2e-11
-3.8375001e-11
-3.2499999e-11
-3.5375002e-11
-3.3375001e-11
-3.3749999e-11
-3.3124999e-11
-3.4999999e-11
-3.2125001e-11
-3.4750001e-11
-3.7374999e-11
-3.3875e-11
-3.4874999e-11
-3.6625002e-11
-3.625e-11
-3.5624999e-11
-3.4750001e-11
-3.5375002e-11
-3.5499999e-11
-3.4750001e-11
-3.7750001e-11
-3.1625001e-11
-3.6375e-11
-3.5499999e-11
-3.4874999e-11
-3.9625001e-11
-3.7250002e-11
-3.625e-11
-3.1625001e-11
-3.7750001e-11
-3.9874999e-11
-3.7875002e-11
-3.6875e-11
-3.7125001e-11
-3.9000001e-11
-3.6124999e-11
-3.5499999e-11
-3.6625002e-11
-3.5875001e-11
-3.4999999e-11
-3.5624999e-11
-3.3875e-11
-3.875e-11
-3.8875e-11
-3.6375e-11
-3.7625e-11
-3.4125001e-11
-3.5375002e-11
-3.2374999e-11
-3.4374999e-11
-3.7250002e-11
-3.875e-11
-3.325e-11
-3.3375001e-11
-4.1124999e-11
-3.4750001e-11
-3.6124999e-11
-3.7875002e-11
-3.6375e-11
-3.4000001e-11
-3.3375001e-11
-3.75e-11
-3.5250001e-11
-3.6375e-11
-3.5250001e-11
-3.8624999e-11
-3.7875002e-11
-3.6749999e-11
-3.5125e-11
-3.8125e-11
-3.8375001e-11
-4e-11
-3.5624999e-11
-3.7875002e-11
-3.6875e-11
-3.6625002e-11
-3.7999999e-11
-3.8624999e-11
-3.95e-11
-3.7250002e-11
-3.8500002e-11
-4.1124999e-11
-3.8624999e-11
-3.7e-11
-3.7125001e-11
-3.875e-11
-3.6749999e-11
-3.5624999e-11
-3.6375e-11
-3.7250002e-11
-3.9874999e-11
-3.4374999e-11
-3.5125e-11
-3.6500001e-11
-3.7750001e-11
-3.825e-11
-3.4000001e-11
-3.5250001e-11
-3.5375002e-11
-3.6500001e-11
-3.3375001e-11
-3.6124999e-11
-3.5125e-11
-3.5125e-11
-3.45e-11
-3.9750002e-11
-3.9000001e-11
-3.7125001e-11
-3.7625e-11
-3.5375002e-11
-3.825e-11
-3.7875002e-11
-3.8500002e-11
-3.7750001e-11
-3.8624999e-11
-4.1749999e-11
-4.0250001e-11
-3.7250002e-11
-3.6875e-11
-3.5499999e-11
-3.875e-11
-4.0125001e-11
-3.4625001e-11
-3.5125e-11
-3.8500002e-11
-3.8875e-11
-3.5624999e-11
-3.7625e-11
-3.7625e-11
-3.8375001e-11
-3.4000001e-11
-3.8875e-11
-4.1375001e-11
-3.5499999e-11
-3.8125e-11
-3.4750001e-11
-3.9625001e-11
-3.2875001e-11
-3.5624999e-11
-3.6749999e-11
-3.7625e-11
-3.6375e-11
-3.7875002e-11
-3.7875002e-11
-3.5375002e-11
-3.4625001e-11
-4.0750001e-11
-3.6000002e-11
-3.4750001e-11
-3.7750001e-11
-3.7374999e-11
-3.825e-11
-3.5499999e-11
-3.3875e-11
-3.9874999e-11
-3.9625001e-11
-3.5375002e-11
-3.6749999e-11
-3.9125002e-11
-3.9000001e-11
-3.1625001e-11
-3.9375e-11
-3.5375002e-11
-3.9625001e-11
-3.8125e-11
-3.7250002e-11
-3.6375e-11
-3.6875e-11
-3.4374999e-11
-3.6749999e-11
-3.7e-11
-3.825e-11
-3.4000001e-11
-3.95e-11
-3.7e-11
-3.325e-11
-3.4000001e-11
-3.5875001e-11
-3.6749999e-11
-3.5375002e-11
-3.7999999e-11
-3.8125e-11
-3.4625001e-11
-3.7125001e-11
-3.95e-11
-4.0125001e-11
-3.75e-11
-3.3875e-11
-3.825e-11
-3.4750001e-11
-3.3624999e-11
-3.3124999e-11
-3.7750001e-11
-3.75e-11
-3.7125001e-11
-3.4750001e-11
-3.5250001e-11
-3.6375e-11
-3.7250002e-11
-3.8500002e-11
-3.575e-11
-3.575e-11
-3.6124999e-11
-3.6500001e-11
-3.9375e-11
-3.5125e-11
-3.95e-11
-3.6625002e-11
-3.4625001e-11
-3.4625001e-11
-3.5375002e-11
-3.825e-11
-3.7250002e-11
-3.6124999e-11
-3.7625e-11
-3.6000002e-11
-3.4999999e-11
-3.5875001e-11
-3.6124999e-11
-3.4999999e-11
-3.5375002e-11
-3.4374999e-11
-3.825e-11
-3.9375e-11
-3.6375e-11
-3.6124999e-11
-3.5125e-11
-3.625e-11
-3.9125002e-11
-3.2625e-11
-3.3375001e-11
-3.6375e-11
-3.95e-11
-3.3375001e-11
-3.4999999e-11
-3.4000001e-11
-3.325e-11
-3.5875001e-11
-3.6875e-11
-3.6124999e-11
-3.6000002e-11
-3.7e-11
-3.6124999e-11
-3.4750001e-11
-3.9125002e-11
-3.7250002e-11
-3.5375002e-11
