5.513095e-10
5.5809524e-10
5.5999994e-10
5.5440469e-10
5.5607141e-10
5.5791666e-10
5.5467253e-10
5.5488092e-10
5.5800597e-10
5.5857141e-10
5.6202387e-10
5.6142863e-10
5.5214283e-10
5.5678573e-10
5.5973209e-10
5.5124999e-10
5.6235117e-10
5.4934529e-10
5.531548e-10
5.6375005e-10
5.5386912e-10
5.5449395e-10
5.659524e-10
5.5595234e-10
5.5949406e-10
5.6273819e-10
5.554166e-10
5.5812499e-10
5.5458332e-10
5.5389876e-10
5.6014882e-10
5.6056554e-10
5.5979171e-10
5.5732141e-10
5.5497024e-10
5.6163701e-10
5.5892863e-10
5.575595e-10
5.5827382e-10
5.5532734e-10
5.6211313e-10
5.5988092e-10
5.5636901e-10
5.6139882e-10
5.5586308e-10
5.6300598e-10
5.5827387e-10
5.5857141e-10
5.5898808e-10
5.5613092e-10
5.6497018e-10
5.5571425e-10
5.5508925e-10
5.6482141e-10
5.559524e-10
5.5883931e-10
5.6089289e-10
5.6267851e-10
5.5758925e-10
5.6050597e-10
5.584822e-10
5.544345e-10
5.6190474e-10
5.6395827e-10
5.5663685e-10
5.5934518e-10
5.541369e-10
5.5916666e-10
5.6321425e-10
5.5443455e-10
5.6166666e-10
5.6071431e-10
5.6080363e-10
5.5895832e-10
5.5794647e-10
5.6077382e-10
5.5919647e-10
5.6208327e-10
5.5407723e-10
5.579463e-10
5.6357147e-10
5.6372029e-10
5.547024e-10
5.6038685e-10
5.5422611e-10
5.6101196e-10
5.6252975e-10
5.5654759e-10
5.5895832e-10
5.591369e-10
5.6535709e-10
5.6053556e-10
5.5377969e-10
5.6461302e-10
5.5639876e-10
5.5866073e-10
5.6607136e-10
5.5074406e-10
5.6651789e-10
5.5565469e-10
5.5461308e-10
5.553274e-10
5.6124999e-10
5.5910715e-10
5.5660709e-10
5.5619037e-10
5.5511906e-10
5.5845228e-10
5.5806543e-10
5.5776789e-10
5.5839289e-10
5.566666e-10
5.547619e-10
5.603869e-10
5.5300597e-10
5.5684518e-10
5.644345e-10
5.584524e-10
5.5827382e-10
5.5443455e-10
5.5934518e-10
5.5523808e-10
5.5863092e-10
5.5648802e-10
5.6169641e-10
5.5928567e-10
5.5437499e-10
5.6196425e-10
5.5333327e-10
5.5815474e-10
5.6059518e-10
5.5592253e-10
5.6235117e-10
5.6520838e-10
5.5464283e-10
5.6502975e-10
5.6202376e-10
5.5827382e-10
5.5479166e-10
5.5217259e-10
5.6151783e-10
5.5886912e-10
5.5836308e-10
5.5696436e-10
5.5580351e-10
5.6127969e-10
5.6267857e-10
5.5345234e-10
5.7011906e-10
5.5690474e-10
5.566072e-10
5.5904764e-10
5.6312505e-10
5.5999994e-10
5.6175592e-10
5.6011906e-10
5.5886906e-10
5.6241067e-10
5.5508925e-10
5.5839278e-10
5.5803573e-10
5.5273802e-10
5.6193444e-10
5.5607141e-10
5.5598215e-10
5.5497018e-10
5.6255955e-10
5.6321431e-10
5.5770827e-10
5.5836302e-10
5.5592259e-10
5.569345e-10
5.572322e-10
5.6261906e-10
5.5824406e-10
5.5366067e-10
5.5967259e-10
5.5767851e-10
5.6113098e-10
5.566369e-10
5.566369e-10
5.5401789e-10
5.6306548e-10
5.6229166e-10
5.5315474e-10
5.6449401e-10
5.5500005e-10
5.525595e-10
5.641369e-10
5.5181548e-10
5.5934524e-10
5.5827382e-10
5.5145827e-10
5.6017863e-10
5.6151783e-10
5.5452382e-10
5.6127963e-10
5.5529759e-10
5.600595e-10
5.5425592e-10
5.6142857e-10
5.579463e-10
5.5151783e-10
5.5857141e-10
5.5806548e-10
5.6154764e-10
5.5907734e-10
5.5238097e-10
5.6032734e-10
5.5788696e-10
5.5886901e-10
5.5473209e-10
5.5416666e-10
5.6264876e-10
5.5898808e-10
5.5247029e-10
5.538095e-10
5.591369e-10
5.597916e-10
5.5553573e-10
5.5922617e-10
5.5895832e-10
5.591072e-10
5.5473209e-10
5.547619e-10
5.5952371e-10
5.5383925e-10
5.5773808e-10
5.5583332e-10
5.5675597e-10
5.5898813e-10
5.6017857e-10
5.5434524e-10
5.6178567e-10
5.5297622e-10
5.6178573e-10
5.5247018e-10
5.6386906e-10
5.6208332e-10
5.5169636e-10
5.606845e-10
5.619345e-10
5.559524e-10
5.5613097e-10
5.653869e-10
5.6205357e-10
5.5404759e-10
5.6142863e-10
5.5970234e-10
5.5898813e-10
5.6047622e-10
5.6428578e-10
5.5776783e-10
5.5511906e-10
5.6145832e-10
5.6008931e-10
5.5752974e-10
5.6113092e-10
5.6249999e-10
5.5244048e-10
5.6523808e-10
5.6279764e-10
5.5705357e-10
5.6187494e-10
5.5636906e-10
5.5973209e-10
5.6476196e-10
5.6369043e-10
5.5500005e-10
5.6110111e-10
5.6217264e-10
5.5913685e-10
5.6193455e-10
5.5803573e-10
5.6199412e-10
5.5619048e-10
5.6142857e-10
5.5860111e-10
5.5065474e-10
5.5803573e-10
5.5541666e-10
5.5770832e-10
5.6380955e-10
5.5550597e-10
5.5508925e-10
5.5729166e-10
5.5874999e-10
5.6383925e-10
5.566369e-10
5.6083338e-10
5.5642857e-10
5.5755955e-10
5.5624999e-10
5.6116067e-10
5.6247024e-10
5.5693455e-10
5.5616073e-10
5.5785715e-10
5.5788696e-10
5.5684518e-10
5.6172617e-10
5.5244048e-10
5.6065469e-10
5.6089283e-10
5.5580357e-10
5.5505944e-10
5.622619e-10
5.5535715e-10
5.6113098e-10
5.5752969e-10
5.5627974e-10
5.6386906e-10
5.5419641e-10
5.5645827e-10
5.6428567e-10
5.5616078e-10
5.5815469e-10
5.6089289e-10
5.5523813e-10
5.5869043e-10
5.6080357e-10
5.5559518e-10
5.6092259e-10
5.5776783e-10
5.5708332e-10
5.6372035e-10
5.5467253e-10
5.5922617e-10
5.5857141e-10
5.5767857e-10
5.6309518e-10
5.5666666e-10
5.569345e-10
5.5791666e-10
5.6050597e-10
5.6020838e-10
5.541369e-10
5.6232147e-10
5.5988092e-10
5.5520827e-10
5.6556548e-10
5.5705351e-10
5.5955357e-10
5.5508925e-10
5.6312499e-10
5.5258925e-10
5.6181543e-10
5.6139876e-10
5.5687505e-10
5.5684524e-10
5.5196431e-10
5.6169652e-10
5.5741073e-10
5.5836313e-10
5.6011901e-10
5.6083332e-10
5.5809518e-10
5.5705351e-10
5.6062505e-10
5.537798e-10
5.5366067e-10
5.652977e-10
5.4761912e-10
5.610119e-10
5.5827387e-10
5.5732141e-10
5.5883931e-10
5.5553567e-10
5.5422622e-10
5.6291666e-10
5.600595e-10
5.5907734e-10
5.5648802e-10
5.5773802e-10
5.6029764e-10
5.5916666e-10
5.5842264e-10
5.5872029e-10
5.5747024e-10
5.6366078e-10
5.5505955e-10
5.6232147e-10
5.5619048e-10
5.6101196e-10
5.6654759e-10
5.5824406e-10
5.6556548e-10
5.5744043e-10
5.6223209e-10
5.6172617e-10
5.5863092e-10
5.590774e-10
5.6404764e-10
5.5925603e-10
5.5538685e-10
5.6029759e-10
5.5619037e-10
5.6425592e-10
5.5333338e-10
5.609227e-10
5.5696431e-10
5.6232141e-10
5.6163685e-10
5.6110122e-10
5.5758925e-10
5.5529759e-10
5.6017851e-10
5.6050597e-10
5.6092259e-10
5.5964289e-10
5.5994048e-10
5.540774e-10
5.6133931e-10
5.5705351e-10
5.578869e-10
5.6351196e-10
5.5934524e-10
5.6339278e-10
5.5648813e-10
5.494048e-10
5.5723215e-10
5.597024e-10
5.5627974e-10
5.5648808e-10
5.5794647e-10
5.5485117e-10
5.5690474e-10
5.6047611e-10
5.575595e-10
5.547024e-10
5.6258925e-10
5.5717259e-10
5.5776783e-10
5.5985122e-10
5.5520838e-10
5.6139876e-10
5.6122018e-10
5.566666e-10
5.6020832e-10
5.8202376e-10
5.5244048e-10
5.4919641e-10
5.6720245e-10
5.509227e-10
5.5711313e-10
5.5431548e-10
5.5279764e-10
5.6380944e-10
5.609524e-10
5.5196431e-10
5.6437499e-10
5.5363086e-10
5.5991078e-10
5.6303573e-10
5.5214289e-10
5.5910709e-10
5.5494048e-10
5.5699401e-10
5.6511906e-10
5.4961297e-10
5.6282728e-10
5.5422616e-10
5.5092259e-10
5.6083338e-10
5.584524e-10
5.5178573e-10
5.5425592e-10
5.5985117e-10
5.5565469e-10
5.519345e-10
5.6520827e-10
5.5654759e-10
5.5166666e-10
5.6223215e-10
5.5360116e-10
5.5499993e-10
5.5577376e-10
5.6154764e-10
5.5622024e-10
5.5541666e-10
5.5169641e-10
5.554166e-10
5.6023808e-10
5.544048e-10
5.5571431e-10
5.5467253e-10
5.5988092e-10
5.5226196e-10
5.622916e-10
5.5666666e-10
5.5398808e-10
5.5696425e-10
5.5300592e-10
5.6113098e-10
5.5151789e-10
5.5160715e-10
5.5738092e-10
5.5860111e-10
5.5348215e-10
5.5622024e-10
5.5455363e-10
5.6157734e-10
5.5866073e-10
5.5752974e-10
5.6113092e-10
5.5315474e-10
5.5761906e-10
5.6166666e-10
5.5836308e-10
5.5470234e-10
5.6026778e-10
5.5622024e-10
5.8517857e-10
6.1693456e-10
6.709226e-10
7.0181561e-10
7.3386902e-10
7.4755957e-10
7.727976e-10
7.8898799e-10
8.0119056e-10
8.1678569e-10
8.2946439e-10
8.4196422e-10
8.4372026e-10
8.5571433e-10
8.5601187e-10
8.5851193e-10
8.5949414e-10
8.5919649e-10
8.6770846e-10
8.7110119e-10
8.701489e-10
8.6598217e-10
8.6895841e-10
8.7851193e-10
8.6449414e-10
8.7154767e-10
8.7217267e-10
8.6428575e-10
8.7669649e-10
8.6449409e-10
8.6770835e-10
8.7056534e-10
8.6666663e-10
8.6726182e-10
8.6508922e-10
8.6127971e-10
8.5818452e-10
8.6014879e-10
8.6562496e-10
8.5839297e-10
8.6398827e-10
8.5735119e-10
8.5607144e-10
8.5726193e-10
8.5690482e-10
8.5032736e-10
8.5386909e-10
8.4839291e-10
8.4845242e-10
8.4458335e-10
8.4729168e-10
8.4443447e-10
8.383631e-10
8.4020835e-10
8.3970242e-10
8.3127982e-10
8.3470247e-10
8.3973212e-10
8.2904755e-10
8.3479162e-10
8.2428575e-10
8.3068458e-10
8.3369056e-10
8.3002982e-10
8.2642854e-10
8.2580359e-10
8.2264878e-10
8.2601193e-10
8.2321433e-10
8.1672624e-10
8.1669638e-10
8.2080359e-10
8.1470236e-10
8.1178569e-10
8.1330354e-10
8.0696433e-10
8.1446416e-10
8.0800594e-10
8.0830342e-10
8.0544638e-10
8.0904755e-10
8.0699408e-10
8.0758927e-10
8.043155e-10
8.043155e-10
8.0056556e-10
8.0440477e-10
7.9824408e-10
7.9812501e-10
7.9818446e-10
7.9690482e-10
7.9610124e-10
7.9568452e-10
7.9014884e-10
7.9110118e-10
7.9916662e-10
7.8678564e-10
7.8744045e-10
7.8315471e-10
7.9616075e-10
7.8288692e-10
7.8014878e-10
7.8172618e-10
7.7800599e-10
7.7633933e-10
7.7744045e-10
7.8440482e-10
7.8619056e-10
7.8190482e-10
7.7508927e-10
7.780952e-10
7.7461321e-10
7.7285722e-10
7.7812501e-10
7.7360102e-10
7.727084e-10
7.6916667e-10
7.7083329e-10
7.7616058e-10
7.7065476e-10
7.7166668e-10
7.6666662e-10
7.6610124e-10
7.6985113e-10
7.6758927e-10
7.6133927e-10
7.6264878e-10
7.6404771e-10
7.6520834e-10
7.6074391e-10
7.6211309e-10
7.6148804e-10
7.618155e-10
7.6101192e-10
7.5455359e-10
7.5761908e-10
7.6488099e-10
7.5375001e-10
7.6136897e-10
7.6065476e-10
7.5517853e-10
7.5815476e-10
7.5904766e-10
7.5056539e-10
7.5166673e-10
7.5125001e-10
7.4827383e-10
7.4964279e-10
7.4788681e-10
7.4086309e-10
7.5005968e-10
7.4616074e-10
7.437797e-10
7.418452e-10
7.4889883e-10
7.4577383e-10
7.3916678e-10
7.4502976e-10
7.4877976e-10
7.3291662e-10
7.4068457e-10
7.3860124e-10
7.327976e-10
7.3657735e-10
7.383929e-10
7.3264883e-10
7.3235118e-10
7.3398809e-10
7.3538697e-10
7.3107131e-10
7.2800599e-10
7.3446427e-10
7.2922612e-10
7.3342254e-10
7.2782735e-10
7.3065481e-10
7.3113088e-10
7.259226e-10
7.3250001e-10
7.2928569e-10
7.243155e-10
7.3342266e-10
7.3125006e-10
7.2339279e-10
7.3220247e-10
7.2726192e-10
7.2904766e-10
7.277976e-10
7.2827383e-10
7.2610123e-10
7.2044642e-10
7.2360118e-10
7.2202383e-10
7.20625e-10
7.2279766e-10
7.2502976e-10
7.2172623e-10
7.2217266e-10
7.2032741e-10
7.2333328e-10
7.1744044e-10
7.2023809e-10
7.1607142e-10
7.2130951e-10
7.1357142e-10
7.2285722e-10
7.1738093e-10
7.0955358e-10
7.1877981e-10
7.1767853e-10
7.1869044e-10
7.0818446e-10
7.1803569e-10
7.168155e-10
7.2029765e-10
7.0940476e-10
7.1139877e-10
7.181547e-10
7.0860118e-10
7.1008927e-10
7.1422623e-10
7.1095241e-10
7.0488104e-10
7.1241069e-10
7.0636907e-10
7.1366069e-10
7.0452383e-10
7.0577372e-10
7.0354156e-10
7.1017858e-10
7.0559525e-10
7.04375e-10
7.0369038e-10
7.0851192e-10
7.0767858e-10
6.9999995e-10
7.0568451e-10
7.0494055e-10
7.0553569e-10
7.0627976e-10
7.069047e-10
7.0419642e-10
7.0452383e-10
7.0205353e-10
7.0708334e-10
6.9860112e-10
7.0526796e-10
7.0125e-10
7.0401784e-10
7.0821438e-10
7.0017864e-10
7.0062495e-10
6.9761902e-10
6.9999995e-10
7.0098222e-10
6.9687495e-10
6.9976197e-10
6.9657741e-10
7.0032735e-10
7.0431544e-10
6.9699407e-10
6.9723205e-10
6.9785716e-10
6.9556549e-10
7.025297e-10
7.0026779e-10
6.902976e-10
6.9958334e-10
6.9809519e-10
6.9202383e-10
6.9377976e-10
6.9276784e-10
6.9223216e-10
6.9821421e-10
6.8675593e-10
6.9577383e-10
6.8800593e-10
6.9199413e-10
6.9886913e-10
6.8633932e-10
6.916071e-10
6.9029765e-10
6.8193462e-10
6.9232148e-10
6.8922618e-10
6.8690481e-10
6.8770828e-10
6.9032741e-10
6.8309514e-10
6.8571432e-10
6.9589284e-10
6.8383932e-10
6.8595246e-10
6.8633926e-10
6.8122025e-10
6.8372019e-10
6.8279771e-10
6.9005945e-10
6.7696432e-10
6.8476191e-10
6.7907735e-10
6.8627981e-10
6.8500006e-10
6.8169637e-10
6.8306544e-10
6.7577383e-10
6.8339284e-10
6.8613087e-10
6.8291672e-10
6.8214284e-10
6.8145833e-10
6.7648809e-10
6.8723205e-10
6.7598216e-10
6.8199413e-10
6.7845235e-10
6.783929e-10
6.7574402e-10
6.8285722e-10
6.8261902e-10
6.8023798e-10
6.8169637e-10
6.7020833e-10
6.8336309e-10
6.8369044e-10
6.6946432e-10
6.8175598e-10
6.8095241e-10
6.7342265e-10
6.7809519e-10
6.8142858e-10
6.69375e-10
6.7485117e-10
6.8074407e-10
6.7437494e-10
6.7491068e-10
6.759821e-10
6.725e-10
6.684524e-10
6.7443451e-10
6.6994044e-10
6.7077383e-10
6.7342265e-10
6.7119049e-10
6.7187506e-10
6.7080358e-10
6.6872025e-10
6.6854161e-10
6.672024e-10
6.7101191e-10
6.6663697e-10
6.7267852e-10
6.683929e-10
6.7014883e-10
6.6711309e-10
6.6357142e-10
6.6160721e-10
6.6880951e-10
6.6351197e-10
6.6833333e-10
6.6678574e-10
6.6247025e-10
6.6517863e-10
6.6053568e-10
6.6497019e-10
6.6761907e-10
6.7208328e-10
6.6288686e-10
6.6455358e-10
6.61875e-10
6.6907735e-10
6.6175593e-10
6.7017858e-10
6.6163686e-10
6.6702388e-10
6.6988087e-10
6.6449407e-10
6.580953e-10
6.6562494e-10
6.6175604e-10
6.6151784e-10
6.5836314e-10
6.6297623e-10
6.5821437e-10
6.5883926e-10
6.6669642e-10
6.5595251e-10
6.6208339e-10
6.5952388e-10
6.6416661e-10
6.5755956e-10
6.6235117e-10
6.6494049e-10
6.66875e-10
6.5863098e-10
6.6788691e-10
6.5571426e-10
6.5952377e-10
6.6375005e-10
6.6130956e-10
6.5779771e-10
6.569047e-10
6.5922617e-10
6.5330358e-10
6.5717259e-10
6.5827371e-10
6.5610123e-10
6.5732142e-10
6.6294642e-10
6.5648809e-10
6.5919636e-10
6.5919636e-10
6.5377981e-10
6.5672628e-10
6.5645828e-10
6.5586309e-10
6.5044642e-10
6.5505951e-10
6.566071e-10
6.5279754e-10
6.5889877e-10
6.5440475e-10
6.5360117e-10
6.4851191e-10
6.5639871e-10
6.5633932e-10
6.572024e-10
6.5711314e-10
6.5080358e-10
6.5511907e-10
6.4931549e-10
6.5184519e-10
6.494642e-10
6.497024e-10
6.5645839e-10
6.525e-10
6.5446432e-10
6.5169636e-10
6.5336314e-10
6.5895833e-10
6.4809524e-10
6.5395839e-10
6.540179e-10
6.4916666e-10
6.5336309e-10
6.5190475e-10
6.4848216e-10
6.5886901e-10
6.5005951e-10
6.5270839e-10
6.5264871e-10
6.4699401e-10
6.522618e-10
6.5130951e-10
6.5690475e-10
6.4434524e-10
6.5297612e-10
6.5389882e-10
6.4934519e-10
6.4916672e-10
6.5071426e-10
6.5053579e-10
6.5014888e-10
6.5226186e-10
6.5383921e-10
6.5101197e-10
6.528274e-10
6.4934524e-10
6.5318445e-10
6.4580352e-10
6.490774e-10
6.5547617e-10
6.4598216e-10
6.4464284e-10
6.5342265e-10
6.4717254e-10
6.4830358e-10
6.496429e-10
6.4252981e-10
6.4380951e-10
6.4803568e-10
6.4336303e-10
6.4693451e-10
6.4377975e-10
6.4375e-10
6.4851191e-10
6.4083328e-10
6.4931538e-10
6.503274e-10
6.4190475e-10
6.4869049e-10
6.4863087e-10
6.4092265e-10
6.4357142e-10
6.4559519e-10
6.3776784e-10
6.4562511e-10
6.4991063e-10
6.4119049e-10
6.3997024e-10
6.5086309e-10
6.3886901e-10
6.4172628e-10
6.4252981e-10
6.4071431e-10
6.4395828e-10
6.4431549e-10
6.3842265e-10
6.3889882e-10
6.4681549e-10
6.4592265e-10
6.3616074e-10
6.4232142e-10
6.4750005e-10
6.4386907e-10
6.4315475e-10
6.4047623e-10
6.4038685e-10
6.4142869e-10
6.4291672e-10
6.4053579e-10
6.4261901e-10
6.4354161e-10
6.4488098e-10
6.4044647e-10
6.4791672e-10
6.3782735e-10
6.3860112e-10
6.4199396e-10
6.3997024e-10
6.4232136e-10
6.3639888e-10
6.3931549e-10
6.4324396e-10
6.4092259e-10
6.3824401e-10
6.3642858e-10
6.3761907e-10
6.3880956e-10
6.409821e-10
6.3904765e-10
6.4056543e-10
6.4428568e-10
6.3529759e-10
6.4267858e-10
6.3797617e-10
6.4014871e-10
6.3976191e-10
6.3639877e-10
6.3821426e-10
6.4226197e-10
6.3669636e-10
6.4324407e-10
6.3836303e-10
6.3979166e-10
6.3491074e-10
6.4261907e-10
6.3901784e-10
6.3749994e-10
6.4020833e-10
6.4086314e-10
6.309524e-10
6.4360128e-10
6.3797617e-10
6.3797617e-10
6.3330352e-10
6.3625e-10
6.3866068e-10
6.3705358e-10
6.3122019e-10
6.3943456e-10
6.4217254e-10
6.3589289e-10
6.2982153e-10
6.3639877e-10
6.3958333e-10
6.3377981e-10
6.3889882e-10
6.4172617e-10
6.337203e-10
6.3919647e-10
6.4089289e-10
6.3529759e-10
6.3836314e-10
6.4175593e-10
6.3306543e-10
6.3782746e-10
6.3696431e-10
6.3568451e-10
6.3755951e-10
6.3258931e-10
6.3589278e-10
6.3303568e-10
6.2970246e-10
6.3773814e-10
6.319345e-10
6.3511901e-10
6.3845246e-10
6.2312494e-10
6.334524e-10
6.3758926e-10
6.3559524e-10
6.2797623e-10
6.4279765e-10
6.3321426e-10
6.3699401e-10
6.3761912e-10
6.3508937e-10
6.3791666e-10
6.3779765e-10
6.3464284e-10
6.3681549e-10
6.3485117e-10
6.3848216e-10
6.3708339e-10
6.3431549e-10
6.3321426e-10
6.2892846e-10
6.3175593e-10
6.3574396e-10
6.35e-10
6.2663691e-10
6.3380956e-10
6.4116074e-10
6.3101185e-10
6.2916666e-10
6.3889882e-10
6.3505956e-10
6.2854166e-10
6.3494054e-10
6.2583333e-10
6.3080358e-10
6.3494049e-10
6.3080358e-10
6.2922612e-10
6.3258931e-10
6.3190475e-10
6.3e-10
6.2961303e-10
6.350892e-10
6.319642e-10
6.2645827e-10
6.2970235e-10
6.2967259e-10
6.2654759e-10
6.3157746e-10
6.3110117e-10
6.2363087e-10
6.2654759e-10
6.2764877e-10
6.2901778e-10
6.2642858e-10
6.278274e-10
6.3020833e-10
6.2544647e-10
6.263095e-10
6.2803573e-10
6.2776789e-10
6.2630945e-10
6.3113098e-10
6.2949407e-10
6.3127981e-10
6.2517841e-10
6.2744043e-10
6.2333338e-10
6.2761901e-10
6.2860117e-10
6.3044642e-10
6.2315475e-10
6.2761901e-10
6.2607136e-10
6.2925593e-10
6.2684524e-10
6.2479166e-10
6.2842259e-10
6.3133926e-10
6.256845e-10
6.3098204e-10
6.300595e-10
6.2797617e-10
6.2866073e-10
6.2699407e-10
6.344345e-10
6.3178573e-10
6.2735123e-10
6.3395839e-10
6.2764877e-10
6.2895833e-10
6.2616073e-10
6.2684524e-10
6.2669647e-10
6.2958333e-10
6.2681543e-10
6.3047623e-10
6.2744043e-10
6.2892846e-10
6.2113092e-10
6.2616073e-10
6.3366068e-10
6.3276789e-10
6.25625e-10
6.2288696e-10
6.3041661e-10
6.2803568e-10
6.2163691e-10
6.2422628e-10
6.3074407e-10
6.2449401e-10
6.2565475e-10
6.3005956e-10
6.2297623e-10
6.2565481e-10
6.2508931e-10
6.2678579e-10
6.2997013e-10
6.2190481e-10
6.3092259e-10
6.2247024e-10
6.2532746e-10
6.2425592e-10
6.2505956e-10
6.2857142e-10
6.3247024e-10
6.272321e-10
6.2833327e-10
6.2699401e-10
6.2244049e-10
6.3199407e-10
6.2178568e-10
6.2949401e-10
6.26875e-10
6.2458333e-10
6.2300592e-10
6.2517858e-10
6.2889882e-10
6.2574401e-10
6.2220229e-10
6.2642863e-10
6.2148808e-10
6.272024e-10
6.2583333e-10
6.2485117e-10
6.2538685e-10
6.2886907e-10
6.3032735e-10
6.2431549e-10
6.197024e-10
6.2916683e-10
6.28125e-10
6.225e-10
6.188095e-10
6.325e-10
6.1880956e-10
6.2002975e-10
6.2860117e-10
6.1794636e-10
6.2675587e-10
6.1991073e-10
6.1714284e-10
6.2383931e-10
6.2586308e-10
6.2151784e-10
6.2377981e-10
6.2300592e-10
6.2119049e-10
6.2163685e-10
6.2002981e-10
6.244642e-10
6.2300587e-10
6.1619049e-10
6.231845e-10
6.1973215e-10
6.1696431e-10
6.1964278e-10
6.1892863e-10
6.2154759e-10
6.1833333e-10
6.2035704e-10
6.1797623e-10
6.1235117e-10
6.2553573e-10
6.1979161e-10
6.1636907e-10
6.222024e-10
6.156548e-10
6.1782734e-10
6.1175598e-10
6.169345e-10
6.2202382e-10
6.1217259e-10
6.2526784e-10
6.1672617e-10
6.2133931e-10
6.1059519e-10
6.2086308e-10
6.225595e-10
6.1755956e-10
6.1672617e-10
6.1752975e-10
6.2127981e-10
6.2440475e-10
6.1485117e-10
6.1919647e-10
6.1666672e-10
6.1982142e-10
6.1583327e-10
6.2148803e-10
6.147321e-10
6.2324407e-10
6.2366068e-10
6.0886907e-10
6.1672623e-10
6.1916666e-10
6.1761907e-10
6.187203e-10
6.1973215e-10
6.1797617e-10
6.1955358e-10
6.1613098e-10
6.1720246e-10
6.159227e-10
6.1747024e-10
6.1422623e-10
6.1642857e-10
6.1386907e-10
6.2068456e-10
6.1008931e-10
6.1616079e-10
6.1922617e-10
6.1419653e-10
6.156845e-10
6.2142863e-10
6.1336314e-10
6.1074401e-10
6.2020833e-10
6.1407734e-10
6.1934519e-10
6.2092259e-10
6.1241068e-10
6.1401784e-10
6.1982131e-10
6.1854166e-10
6.1473215e-10
6.156845e-10
6.1514877e-10
6.1898814e-10
6.1776784e-10
6.1809524e-10
6.1604166e-10
6.1568445e-10
6.1744054e-10
6.1764877e-10
6.2163685e-10
6.1693456e-10
6.109524e-10
6.2011901e-10
6.1452382e-10
6.138392e-10
6.1449407e-10
6.188392e-10
6.1160721e-10
6.1053568e-10
6.1848215e-10
6.1577382e-10
6.1285721e-10
6.1116073e-10
6.1732142e-10
6.1104166e-10
6.1904765e-10
6.1229166e-10
6.1297623e-10
6.1526784e-10
6.1964284e-10
6.1247019e-10
6.1547617e-10
6.1639882e-10
6.2056549e-10
6.0922617e-10
6.1413691e-10
6.1964284e-10
6.1071426e-10
6.1815475e-10
6.1747013e-10
6.1369038e-10
6.1979172e-10
6.1627975e-10
6.2160721e-10
6.1205357e-10
6.119345e-10
6.1797617e-10
6.1190469e-10
6.1776795e-10
6.1848215e-10
6.1145833e-10
6.0857147e-10
6.1833338e-10
6.1145838e-10
6.0708327e-10
6.1193461e-10
6.18125e-10
6.0729161e-10
6.1369038e-10
6.1750005e-10
6.1574401e-10
6.0773814e-10
6.0970234e-10
6.1565475e-10
6.0267852e-10
6.1550592e-10
6.1285704e-10
6.0714284e-10
6.135118e-10
6.0851191e-10
6.0776784e-10
6.0788685e-10
6.0913696e-10
6.1267863e-10
6.0672617e-10
6.0761907e-10
6.1005956e-10
6.0785715e-10
6.0803579e-10
6.1636907e-10
6.1148808e-10
6.0699401e-10
6.090774e-10
6.1008931e-10
6.15625e-10
6.1050587e-10
6.1044647e-10
6.0895833e-10
6.1205352e-10
6.1080352e-10
6.1074407e-10
6.0946431e-10
6.1169647e-10
6.1321437e-10
6.0794647e-10
6.1660715e-10
6.078571e-10
6.0348204e-10
6.1133926e-10
6.1017846e-10
6.0767857e-10
6.0946431e-10
6.056548e-10
6.1300592e-10
6.0761901e-10
6.1178573e-10
6.0761907e-10
6.1020827e-10
6.0752975e-10
6.0892857e-10
6.1092265e-10
6.0550587e-10
6.054463e-10
6.0785715e-10
6.0571426e-10
6.0684524e-10
6.1133926e-10
6.1089284e-10
6.0377969e-10
6.0863092e-10
6.1172617e-10
6.0571431e-10
6.0684524e-10
6.0651784e-10
6.0574401e-10
6.0952382e-10
6.0645833e-10
6.0747024e-10
6.025892e-10
6.0684519e-10
6.0726185e-10
6.1208327e-10
6.053274e-10
6.0556543e-10
6.0874999e-10
6.0598215e-10
6.1419647e-10
6.0690475e-10
6.0517857e-10
6.0809524e-10
6.022024e-10
6.1104161e-10
6.0499999e-10
6.1238092e-10
6.1372024e-10
6.0726191e-10
6.1416666e-10
6.0601185e-10
6.0452388e-10
6.1556549e-10
6.0529759e-10
6.1080357e-10
6.0702376e-10
6.0708338e-10
6.1184524e-10
6.0717265e-10
6.047024e-10
6.0872019e-10
6.0788691e-10
6.0339284e-10
6.1264882e-10
6.0755945e-10
6.0726191e-10
6.0970234e-10
6.0193456e-10
6.022024e-10
6.0779765e-10
6.063392e-10
5.9985117e-10
6.0324407e-10
6.0529759e-10
6.0497024e-10
6.0750005e-10
5.9833333e-10
6.0809519e-10
6.0178573e-10
6.0324407e-10
6.0922623e-10
6.0601202e-10
6.0107147e-10
6.1273803e-10
5.940774e-10
6.0880956e-10
6.0327382e-10
6.0586314e-10
6.0988092e-10
6.0392857e-10
6.084821e-10
6.0309518e-10
6.0205363e-10
6.0910715e-10
6.0538691e-10
6.037798e-10
6.087203e-10
6.1157734e-10
6.0339289e-10
6.0809519e-10
6.0413691e-10
6.0821437e-10
6.0624994e-10
6.094345e-10
6.0508931e-10
6.0574407e-10
6.0211314e-10
6.1446431e-10
6.0044653e-10
6.1321426e-10
6.038095e-10
6.0511901e-10
6.0318461e-10
6.0738098e-10
6.1154759e-10
6.0541672e-10
6.1080357e-10
6.0523808e-10
6.0633926e-10
6.0961308e-10
6.024703e-10
6.0607147e-10
6.0372024e-10
6.1145833e-10
6.0288691e-10
6.0559519e-10
6.0422628e-10
6.0449395e-10
6.0327376e-10
6.1053573e-10
6.0377986e-10
6.0642863e-10
6.0717259e-10
6.0166672e-10
6.0187505e-10
6.0380945e-10
6.0520833e-10
6.0619054e-10
6.0607136e-10
6.0208327e-10
6.0080357e-10
6.0157745e-10
6.0544647e-10
6.0252969e-10
6.0696431e-10
6.050892e-10
6.0101196e-10
6.0422617e-10
6.0443461e-10
5.9764882e-10
5.984524e-10
6.0163691e-10
6.0321431e-10
6.0586314e-10
6.0220234e-10
6.0291661e-10
6.031845e-10
6.1199401e-10
6.0330357e-10
6.0116068e-10
6.0428573e-10
6.0345234e-10
6.069048e-10
6.0249999e-10
6.0943456e-10
6.0779765e-10
5.9267857e-10
6.0648808e-10
6.0107147e-10
6.0482142e-10
6.0601185e-10
6.0217265e-10
5.9910715e-10
6.0062494e-10
6.0083333e-10
6.0044636e-10
6.0276789e-10
6.0294642e-10
5.9812494e-10
6.022024e-10
6.0520827e-10
6.0747024e-10
6.0211308e-10
6.0872024e-10
6.0029753e-10
5.9830357e-10
6.1255956e-10
5.9958322e-10
6.0142852e-10
6.0127975e-10
6.0232136e-10
6.0202388e-10
5.9392857e-10
6.0348215e-10
5.9994049e-10
6.0556549e-10
6.0139882e-10
5.9991073e-10
6.0395827e-10
6.0020827e-10
6.015774e-10
6.0011895e-10
6.041071e-10
6.0577371e-10
6.0122024e-10
6.0592265e-10
5.9607147e-10
6.0366068e-10
5.9842253e-10
6.0065486e-10
5.9904753e-10
6.0339284e-10
6.0354161e-10
6.0190469e-10
5.984524e-10
6.0142852e-10
6.0184524e-10
6.0098221e-10
6.0306543e-10
5.9863092e-10
6.0083338e-10
5.9571431e-10
6.0297622e-10
5.9794641e-10
6.0232141e-10
6.0624988e-10
6.0324407e-10
5.9842253e-10
5.9440475e-10
5.9931549e-10
6.0291666e-10
5.9967259e-10
6.0392857e-10
5.9895833e-10
5.9919647e-10
6.019048e-10
5.9940469e-10
5.9607153e-10
5.9922617e-10
5.9895833e-10
5.954166e-10
6.0294636e-10
5.8886901e-10
6.0068445e-10
6.0166666e-10
5.9080352e-10
5.9773808e-10
5.9776789e-10
5.962203e-10
5.9574407e-10
5.9800587e-10
5.9639876e-10
5.9711308e-10
5.9702382e-10
5.9181543e-10
5.9452382e-10
5.9711308e-10
6.0354166e-10
6.0339278e-10
6.0124999e-10
5.934524e-10
5.997321e-10
5.9354166e-10
5.9907734e-10
5.9776784e-10
5.9604172e-10
5.9717253e-10
6.0136907e-10
5.9583333e-10
5.9369049e-10
5.9669653e-10
5.984821e-10
5.9875011e-10
5.9657729e-10
5.9514871e-10
6.0166666e-10
5.9925603e-10
6.0392857e-10
6.0464284e-10
5.9726191e-10
5.9485117e-10
5.9428573e-10
5.9952382e-10
6.0261901e-10
6.0267852e-10
5.8904759e-10
6.0122024e-10
6.0363087e-10
5.9133931e-10
5.9895833e-10
5.9791666e-10
5.981845e-10
5.9491068e-10
5.9532745e-10
5.9681549e-10
6.0041661e-10
5.9458333e-10
6.0190469e-10
5.8991079e-10
6.0017863e-10
5.9875005e-10
5.9193456e-10
6.0119049e-10
5.9693456e-10
5.9360117e-10
5.9422617e-10
5.9898808e-10
5.9937505e-10
5.9392863e-10
5.9556549e-10
5.9416677e-10
5.9372018e-10
5.9437494e-10
6.0062499e-10
5.9877969e-10
5.9758926e-10
5.9217259e-10
5.8991068e-10
5.9758931e-10
5.9556543e-10
6.0130956e-10
5.9068445e-10
5.8538691e-10
6.0571431e-10
5.9613087e-10
5.9425592e-10
5.9514876e-10
5.9761901e-10
6.0110117e-10
5.963095e-10
6.0136901e-10
5.8681549e-10
5.959821e-10
5.9642863e-10
5.9300598e-10
6.005953e-10
5.968453e-10
5.9755956e-10
5.9714289e-10
5.9294641e-10
5.9419641e-10
6.009524e-10
5.935416e-10
5.9360117e-10
5.9452382e-10
5.9645827e-10
5.9827382e-10
6.0098215e-10
5.9624994e-10
5.9964284e-10
5.9074406e-10
5.9065475e-10
5.9610122e-10
5.9803568e-10
5.9095234e-10
5.9711314e-10
5.9726191e-10
5.9071426e-10
5.9380956e-10
5.9839289e-10
5.8964289e-10
5.9624999e-10
5.9523808e-10
5.9178573e-10
5.9767857e-10
5.8500005e-10
5.9345229e-10
5.9190475e-10
5.9404759e-10
5.9812499e-10
5.9666666e-10
5.8681549e-10
5.9211308e-10
5.9071431e-10
5.8848215e-10
5.9276789e-10
5.9017857e-10
5.9205352e-10
5.950595e-10
5.9175598e-10
5.8824401e-10
5.8931554e-10
5.9205357e-10
5.9273803e-10
5.9386907e-10
5.919345e-10
5.9288691e-10
5.8934518e-10
5.878571e-10
5.9514876e-10
5.9392857e-10
5.9532745e-10
5.9074406e-10
5.9264882e-10
5.9383937e-10
5.8616073e-10
5.9761901e-10
5.9008931e-10
5.9416666e-10
5.9633931e-10
5.8898808e-10
5.9491068e-10
5.9461314e-10
5.9288691e-10
5.9300592e-10
5.9580352e-10
5.9619037e-10
5.9273803e-10
5.9401783e-10
5.9202376e-10
5.9690469e-10
5.9226185e-10
5.9252975e-10
5.9610122e-10
5.9235117e-10
5.9613098e-10
5.9392857e-10
5.9020833e-10
5.8517857e-10
5.9672617e-10
5.9979166e-10
5.8732141e-10
6.0068445e-10
5.9214283e-10
5.897024e-10
6.0020833e-10
5.8797617e-10
5.9315469e-10
5.9386895e-10
5.9360122e-10
5.8872029e-10
5.956845e-10
5.9101191e-10
5.8946426e-10
5.9461314e-10
5.8883931e-10
5.8750005e-10
5.916071e-10
5.9404759e-10
5.9160715e-10
5.8863092e-10
5.8800598e-10
5.9508931e-10
5.860416e-10
5.9017863e-10
5.8758926e-10
5.8541672e-10
5.859821e-10
5.8886906e-10
5.8497029e-10
5.8252969e-10
5.8729166e-10
5.8800592e-10
5.9080363e-10
5.887798e-10
5.8892863e-10
5.9318445e-10
5.8678562e-10
5.8758931e-10
5.9491079e-10
5.8678568e-10
5.9229166e-10
5.9092259e-10
5.8904764e-10
5.9211303e-10
5.9047622e-10
5.9306543e-10
5.8892863e-10
5.8955357e-10
5.8651795e-10
5.8886906e-10
5.9178573e-10
5.8622024e-10
5.8931554e-10
5.9062505e-10
5.8681549e-10
5.8633925e-10
5.9270833e-10
5.8907734e-10
5.8142857e-10
5.8982141e-10
5.8901783e-10
5.9226196e-10
5.8857141e-10
5.9214295e-10
5.8488087e-10
5.8901783e-10
5.9127975e-10
5.8925592e-10
5.8955352e-10
5.8514882e-10
5.9229166e-10
5.8999999e-10
5.8976191e-10
5.8982141e-10
5.8800598e-10
5.9422622e-10
5.8470234e-10
5.9125005e-10
5.9130956e-10
5.8092259e-10
5.9300592e-10
5.8372018e-10
5.9386907e-10
5.8485117e-10
5.8880961e-10
5.8806549e-10
5.9119049e-10
5.8473215e-10
5.8294641e-10
5.8744049e-10
5.8991073e-10
5.8901789e-10
5.9122024e-10
5.9339278e-10
5.840774e-10
5.8238087e-10
5.9303568e-10
5.8086308e-10
5.9169641e-10
5.8782734e-10
5.8294641e-10
5.8532745e-10
5.8363098e-10
5.8776795e-10
5.8699401e-10
5.8988109e-10
5.8366073e-10
5.8964278e-10
5.819345e-10
5.8732141e-10
5.8883931e-10
5.800595e-10
5.8705352e-10
5.8830352e-10
5.8511912e-10
5.9199401e-10
5.8574406e-10
5.8580352e-10
5.9119049e-10
5.843751e-10
5.8610122e-10
5.8776778e-10
5.8821426e-10
5.8122024e-10
5.8309524e-10
5.8779764e-10
5.8416666e-10
5.9303568e-10
5.8580352e-10
5.8214283e-10
5.866071e-10
5.838095e-10
5.9163685e-10
5.9086308e-10
5.8425598e-10
5.8752969e-10
5.8386901e-10
5.8848204e-10
5.8684524e-10
5.8714283e-10
5.8488098e-10
5.8315475e-10
5.8747029e-10
5.9291672e-10
5.869345e-10
5.8800598e-10
5.9098221e-10
5.8604166e-10
5.8982136e-10
5.9223221e-10
5.8461314e-10
5.8979166e-10
5.8520833e-10
5.8782734e-10
5.8148802e-10
5.903571e-10
5.8934524e-10
5.8630945e-10
5.828571e-10
5.9011912e-10
5.834821e-10
5.9145833e-10
5.8803562e-10
5.8880945e-10
5.9395833e-10
5.8806549e-10
5.8523808e-10
5.8622024e-10
5.8470234e-10
5.8830352e-10
5.8886901e-10
5.8190475e-10
5.8672611e-10
5.8443456e-10
5.881845e-10
5.9172611e-10
5.8538685e-10
5.8714289e-10
5.8291666e-10
5.8633925e-10
5.828274e-10
5.8035715e-10
5.9842264e-10
5.8586308e-10
5.8401783e-10
5.875595e-10
5.853274e-10
5.8788679e-10
5.8982136e-10
5.8913696e-10
5.8553573e-10
5.8946426e-10
5.875298e-10
5.8148814e-10
5.9029764e-10
5.8092259e-10
5.8999994e-10
5.9017852e-10
5.8958338e-10
5.8672617e-10
5.8261912e-10
5.8520833e-10
5.8291666e-10
5.8497024e-10
5.9377969e-10
5.8345229e-10
5.8476196e-10
5.9363092e-10
5.9050592e-10
5.8497018e-10
5.8863087e-10
5.8824412e-10
5.8514882e-10
5.8761901e-10
5.8654759e-10
5.8395838e-10
5.8488087e-10
5.9101185e-10
5.9074401e-10
5.9235128e-10
5.850892e-10
5.8369054e-10
5.9193461e-10
5.8264882e-10
5.9202387e-10
5.8446437e-10
5.8488092e-10
5.8657734e-10
5.8934518e-10
5.8729166e-10
5.8705357e-10
5.860416e-10
5.8711314e-10
5.840477e-10
5.8776783e-10
5.8002975e-10
5.8788696e-10
5.9041672e-10
5.8788691e-10
5.8645827e-10
5.8273808e-10
5.8699406e-10
5.8645827e-10
5.8830357e-10
5.8803573e-10
5.8586302e-10
5.8244048e-10
5.9092264e-10
5.8244048e-10
5.8431543e-10
5.9077376e-10
5.8062505e-10
5.8339283e-10
5.8550592e-10
5.8113098e-10
5.8827376e-10
5.8648808e-10
5.8395833e-10
5.8565475e-10
5.8851191e-10
5.8306548e-10
5.8797617e-10
5.7851191e-10
5.9032745e-10
5.8982141e-10
5.7833333e-10
5.8788696e-10
5.8651789e-10
5.8324406e-10
5.9169636e-10
5.8553568e-10
5.803274e-10
5.9374999e-10
5.8023808e-10
5.8511906e-10
5.9294647e-10
5.8398808e-10
5.8092264e-10
5.869345e-10
5.8309524e-10
5.8491068e-10
5.9208333e-10
5.8428568e-10
5.9145833e-10
5.8562499e-10
5.8342253e-10
5.8148802e-10
5.837798e-10
5.8964289e-10
5.7982141e-10
5.8050592e-10
5.8270833e-10
5.8610111e-10
5.8041666e-10
5.8508937e-10
5.844345e-10
5.8163691e-10
5.8648808e-10
5.8172622e-10
5.8145844e-10
5.8437494e-10
5.8577382e-10
5.9080352e-10
5.8354166e-10
5.7708333e-10
5.8773814e-10
5.828274e-10
5.8020833e-10
5.8520833e-10
5.8357152e-10
5.8160721e-10
5.8285721e-10
5.8163685e-10
5.8440475e-10
5.8372024e-10
5.8145833e-10
5.8624994e-10
5.8517857e-10
5.7880956e-10
5.8229166e-10
5.8556548e-10
5.8324406e-10
5.8276789e-10
5.8416672e-10
5.8741073e-10
5.8425592e-10
5.8273808e-10
5.8080357e-10
5.8654764e-10
5.8916666e-10
5.7726185e-10
5.8357141e-10
5.8127969e-10
5.8285721e-10
5.8494048e-10
5.7809529e-10
5.8633931e-10
5.7797617e-10
5.8711302e-10
5.7830352e-10
5.8175598e-10
5.8613087e-10
5.7321414e-10
5.8729172e-10
5.8193456e-10
5.8011895e-10
5.8598221e-10
5.8372018e-10
5.8169647e-10
5.7988092e-10
5.9232141e-10
5.7928567e-10
5.8202382e-10
5.8645833e-10
5.7898802e-10
5.8485117e-10
5.8348215e-10
5.8255945e-10
5.8767852e-10
5.7991068e-10
5.8300592e-10
5.7988087e-10
5.8443445e-10
5.8830357e-10
5.7976191e-10
5.8749999e-10
5.7985117e-10
5.8360117e-10
5.8717264e-10
5.7988092e-10
5.847916e-10
5.8407729e-10
5.7636906e-10
5.8473215e-10
5.8872024e-10
5.8169641e-10
5.8833338e-10
5.7976191e-10
5.8541666e-10
5.894048e-10
5.8446431e-10
5.8529764e-10
5.8285715e-10
5.8520827e-10
5.8636906e-10
5.8095234e-10
5.8866068e-10
5.8372018e-10
5.8458333e-10
5.8583333e-10
5.8455357e-10
5.8607136e-10
5.8616079e-10
5.8660715e-10
5.8214283e-10
5.863095e-10
5.8738098e-10
5.8497024e-10
5.8208338e-10
5.8181543e-10
5.8559524e-10
5.8145838e-10
5.7639882e-10
5.8526789e-10
5.815477e-10
5.8187494e-10
5.9002969e-10
5.7479166e-10
5.8032734e-10
5.8139882e-10
5.860713e-10
5.8839283e-10
5.7598215e-10
5.8199395e-10
5.8455363e-10
5.7455352e-10
5.8687499e-10
5.8598221e-10
5.7889882e-10
5.8172617e-10
5.7872029e-10
5.7735117e-10
5.8092264e-10
5.8303568e-10
5.8386906e-10
5.8044636e-10
5.7886901e-10
5.8279759e-10
5.8217264e-10
5.8196431e-10
5.7675598e-10
5.8291671e-10
5.7485117e-10
5.8005961e-10
5.8127975e-10
5.7892852e-10
5.7565469e-10
5.8401789e-10
5.8330363e-10
5.7425592e-10
5.837798e-10
5.7782729e-10
5.8318445e-10
5.7910715e-10
5.7797617e-10
5.8211308e-10
5.7851191e-10
5.8428573e-10
5.7815486e-10
5.7919647e-10
5.8586308e-10
5.775595e-10
5.8479166e-10
5.7767857e-10
5.8374994e-10
5.8124999e-10
5.7627975e-10
5.7910715e-10
5.7672611e-10
5.8556548e-10
5.7791671e-10
5.8127975e-10
5.8241068e-10
5.7714289e-10
5.7934524e-10
5.8267857e-10
5.8294641e-10
5.8511906e-10
5.7559524e-10
5.8330357e-10
5.8220234e-10
5.7997024e-10
5.7791666e-10
5.8038691e-10
5.8119048e-10
5.8586308e-10
5.8336314e-10
5.8374999e-10
5.8133931e-10
5.8491068e-10
5.7580357e-10
5.8761901e-10
5.8267852e-10
5.7568461e-10
5.7952382e-10
5.8220234e-10
5.8395833e-10
5.7636906e-10
5.756845e-10
5.8119043e-10
5.784821e-10
5.8041671e-10
5.8461308e-10
5.7758931e-10
5.7583333e-10
5.8029753e-10
5.8369054e-10
5.7732141e-10
5.8300592e-10
5.8386906e-10
5.7833333e-10
5.7904764e-10
5.8321425e-10
5.7553562e-10
5.8261901e-10
5.7857147e-10
5.7883937e-10
5.7705357e-10
5.837798e-10
5.7869048e-10
5.8101191e-10
5.747024e-10
5.8065475e-10
5.7809524e-10
5.8104166e-10
5.7604171e-10
5.7851185e-10
5.7455363e-10
5.7565475e-10
5.7247018e-10
5.8187499e-10
5.759821e-10
5.8020838e-10
5.8014882e-10
5.7654759e-10
5.8369043e-10
5.7285721e-10
5.8464283e-10
5.8464283e-10
5.7529759e-10
5.8592259e-10
5.7657734e-10
5.7550592e-10
5.8309524e-10
5.7848226e-10
5.7559529e-10
5.7866067e-10
5.7720245e-10
5.8874994e-10
5.6848221e-10
5.7741073e-10
5.7630956e-10
5.7812499e-10
5.7776783e-10
5.8053562e-10
5.7267852e-10
5.8071425e-10
5.7824401e-10
5.8577382e-10
5.763095e-10
5.8541672e-10
5.744345e-10
5.763095e-10
5.8217264e-10
5.7830352e-10
5.7315475e-10
5.7672611e-10
5.7669636e-10
5.841071e-10
5.8154759e-10
5.7547628e-10
5.8574401e-10
5.760119e-10
5.7205352e-10
5.8101185e-10
5.7428562e-10
5.8116079e-10
5.8026783e-10
5.797321e-10
5.8193456e-10
5.7961308e-10
5.8023808e-10
5.7586308e-10
5.7830357e-10
5.829166e-10
5.8101191e-10
5.8157734e-10
5.7922622e-10
5.7928567e-10
5.7937499e-10
5.8017852e-10
5.8047622e-10
5.7922622e-10
5.8383925e-10
5.7693456e-10
5.7833327e-10
5.7949406e-10
5.7505956e-10
5.7657745e-10
5.7794641e-10
5.7613103e-10
5.790774e-10
5.7889882e-10
5.7622024e-10
5.8294641e-10
5.7699401e-10
5.7122024e-10
5.8122029e-10
5.7627975e-10
5.772024e-10
5.7985122e-10
5.7163685e-10
5.8267857e-10
5.7749999e-10
5.7741073e-10
5.7648808e-10
5.7714278e-10
5.7687499e-10
5.7488092e-10
5.728571e-10
5.7925603e-10
5.7747024e-10
5.7779764e-10
5.8241068e-10
5.7663696e-10
5.7375005e-10
5.7651794e-10
5.8482152e-10
5.8133931e-10
5.7666666e-10
5.7380961e-10
5.7705352e-10
5.8056543e-10
5.7627975e-10
5.7485122e-10
5.7708327e-10
5.844048e-10
5.7764876e-10
5.7976191e-10
5.7898802e-10
5.7443456e-10
5.7761901e-10
5.7711302e-10
5.8095245e-10
5.7497018e-10
5.7136901e-10
5.784821e-10
5.784524e-10
5.7744048e-10
5.7806554e-10
5.7845234e-10
5.7982147e-10
5.7437494e-10
5.8333327e-10
5.7770838e-10
5.7794647e-10
5.7988092e-10
5.7803579e-10
5.7690469e-10
5.8029759e-10
5.7351196e-10
5.722619e-10
5.8247024e-10
5.7645833e-10
5.7803567e-10
5.7625005e-10
5.7791666e-10
5.766071e-10
5.7267863e-10
5.828571e-10
5.7553573e-10
5.7886901e-10
5.7562499e-10
5.7547617e-10
5.6583344e-10
5.7895833e-10
5.784524e-10
5.734524e-10
5.8366068e-10
5.7470234e-10
5.7258925e-10
5.7672617e-10
5.7809518e-10
5.766369e-10
5.7794636e-10
5.8327376e-10
5.7261901e-10
5.8074412e-10
5.7404759e-10
5.7232147e-10
5.7940469e-10
5.7374999e-10
5.728869e-10
5.7288685e-10
5.728869e-10
5.7821437e-10
5.6717264e-10
5.756845e-10
5.7517857e-10
5.7657745e-10
5.7633925e-10
5.7437499e-10
5.8586308e-10
5.7199401e-10
5.7580352e-10
5.7327387e-10
5.8068456e-10
5.7389882e-10
5.7937499e-10
5.7547622e-10
5.7583333e-10
5.7681543e-10
5.7919636e-10
5.7479171e-10
5.7544647e-10
5.8074406e-10
5.803571e-10
5.741666e-10
5.7696431e-10
5.7681548e-10
5.7785715e-10
5.7732147e-10
5.7821425e-10
5.7880956e-10
5.7511906e-10
5.7904764e-10
5.7482147e-10
5.7151783e-10
5.8142863e-10
5.753571e-10
5.8023808e-10
5.7589283e-10
5.7470234e-10
5.7267857e-10
5.7988092e-10
5.6895838e-10
5.7202387e-10
5.7815475e-10
5.715774e-10
5.8092259e-10
5.7473215e-10
5.7675592e-10
5.7616067e-10
5.7729171e-10
5.7785715e-10
5.7333333e-10
5.775595e-10
5.7535715e-10
5.7247018e-10
5.7720234e-10
5.7514887e-10
5.7306554e-10
5.7630956e-10
5.7732141e-10
5.7473215e-10
5.7812499e-10
5.747024e-10
5.7449406e-10
5.7437494e-10
5.7749999e-10
5.7455352e-10
5.7491067e-10
5.6946425e-10
5.8083338e-10
5.704166e-10
5.7675598e-10
5.7154764e-10
5.7464283e-10
5.8122024e-10
5.7193456e-10
5.7616067e-10
5.7497018e-10
5.856845e-10
5.7446425e-10
5.7705357e-10
5.7604166e-10
5.7452376e-10
5.7589283e-10
5.7836314e-10
5.7520838e-10
5.769345e-10
5.7925592e-10
5.7720229e-10
5.6988092e-10
5.6839283e-10
5.7232136e-10
5.8157734e-10
5.7357152e-10
5.729166e-10
5.7511912e-10
5.7702387e-10
5.7955357e-10
5.7249999e-10
5.7654764e-10
5.8044636e-10
5.7122029e-10
5.7913691e-10
5.7654764e-10
5.7232147e-10
5.772619e-10
5.7464283e-10
5.7705352e-10
5.7568456e-10
5.787798e-10
5.7889876e-10
5.7479166e-10
5.7773814e-10
5.7291666e-10
5.7901783e-10
5.7404764e-10
5.7339278e-10
5.7696437e-10
5.7184524e-10
5.7904759e-10
5.7544641e-10
5.7425598e-10
5.8047611e-10
5.697024e-10
5.7800592e-10
5.7523808e-10
5.7449401e-10
5.8044641e-10
5.7776794e-10
5.7925598e-10
5.7607147e-10
5.7449401e-10
5.8142857e-10
5.7342253e-10
5.7467264e-10
5.7425598e-10
5.7741067e-10
5.7613103e-10
5.7636906e-10
5.7107147e-10
5.7559529e-10
5.7452382e-10
5.7297617e-10
5.750892e-10
5.7315475e-10
5.741369e-10
5.7372018e-10
5.7892852e-10
5.738095e-10
5.8145827e-10
5.753274e-10
5.7211313e-10
5.7741073e-10
5.7788696e-10
5.7154759e-10
5.7729166e-10
5.7252969e-10
5.7342264e-10
5.7690486e-10
5.6910709e-10
5.7613092e-10
5.8151783e-10
5.7717259e-10
5.7761906e-10
5.7717259e-10
5.7244054e-10
5.7863098e-10
5.7791666e-10
5.7916666e-10
5.7389882e-10
5.7163685e-10
5.7836302e-10
5.7717264e-10
5.7684518e-10
5.7223215e-10
5.6898808e-10
5.8184524e-10
5.7514882e-10
5.6767846e-10
5.7827387e-10
5.6747024e-10
5.7276783e-10
5.7309518e-10
5.7071431e-10
5.7752975e-10
5.713095e-10
5.7178573e-10
5.722619e-10
5.7857141e-10
5.7377969e-10
5.7494048e-10
5.7205352e-10
5.7285721e-10
5.7538696e-10
5.7991068e-10
5.7461302e-10
5.734524e-10
5.7809518e-10
5.7217253e-10
5.8092259e-10
5.7395838e-10
5.744048e-10
5.7874999e-10
5.7767852e-10
5.6872029e-10
5.7202376e-10
5.7672617e-10
5.7321425e-10
5.7068456e-10
5.8142857e-10
5.7267857e-10
5.7366067e-10
5.7467259e-10
5.797024e-10
5.7273802e-10
5.7449395e-10
5.7074406e-10
5.7291666e-10
5.740477e-10
5.7035715e-10
5.8267857e-10
5.6696425e-10
5.7211313e-10
5.7389887e-10
5.7226185e-10
5.7306548e-10
5.7196425e-10
5.7258925e-10
5.7494048e-10
5.6806548e-10
5.7366067e-10
5.7955357e-10
5.7166666e-10
5.7357147e-10
5.7071425e-10
5.7247018e-10
5.7306543e-10
5.7440475e-10
5.7779764e-10
5.7797617e-10
5.7098215e-10
5.7303573e-10
5.753869e-10
5.7547617e-10
5.7199412e-10
5.7735122e-10
5.8166666e-10
5.6842259e-10
5.7839283e-10
5.7404764e-10
5.6592259e-10
5.8166671e-10
5.7181554e-10
5.6660715e-10
5.7419641e-10
5.753274e-10
5.7092253e-10
5.7315475e-10
5.6863092e-10
5.7324406e-10
5.7470234e-10
5.7431548e-10
5.7211313e-10
5.7255944e-10
5.7247035e-10
5.7425592e-10
5.6505955e-10
5.7571431e-10
5.6869043e-10
5.7675598e-10
5.7601185e-10
5.7458333e-10
5.6791666e-10
5.7446431e-10
5.6508925e-10
5.7580352e-10
5.7586302e-10
5.7187499e-10
5.7455357e-10
5.706845e-10
5.7357147e-10
5.7535715e-10
5.7151783e-10
5.7916666e-10
5.7026783e-10
5.7559518e-10
5.7258936e-10
5.6833321e-10
5.7062499e-10
5.757142e-10
5.7315463e-10
5.6961308e-10
5.7732141e-10
5.6889882e-10
5.7339283e-10
5.7309518e-10
5.7175586e-10
5.8062505e-10
5.7238092e-10
5.6755955e-10
5.781548e-10
5.709524e-10
5.7148819e-10
5.6619054e-10
5.7410715e-10
5.6803567e-10
5.7824401e-10
5.7770827e-10
5.6821425e-10
5.7511906e-10
5.6732141e-10
5.7651789e-10
5.6916671e-10
5.6598215e-10
5.7291666e-10
5.7107147e-10
5.6961308e-10
5.7369054e-10
5.6812494e-10
5.7383925e-10
5.7071425e-10
5.6645838e-10
5.7538685e-10
5.6809524e-10
5.697024e-10
5.7425592e-10
5.6973215e-10
5.7681548e-10
5.7008931e-10
5.6785709e-10
5.7598215e-10
5.7363092e-10
5.6639887e-10
5.725595e-10
5.7273808e-10
5.7285715e-10
5.6907734e-10
5.7223215e-10
5.7684535e-10
5.7467264e-10
5.678869e-10
5.8124999e-10
5.719345e-10
5.6622018e-10
5.778869e-10
5.7202376e-10
5.6892863e-10
5.7940475e-10
5.7482152e-10
5.6616078e-10
5.7056543e-10
5.7440475e-10
5.7122024e-10
5.728274e-10
5.6964289e-10
5.6869043e-10
5.7511895e-10
5.7544641e-10
5.7166666e-10
5.7178567e-10
5.7797617e-10
5.7142852e-10
5.7425598e-10
5.744048e-10
5.7342264e-10
5.6919636e-10
5.7369054e-10
5.7351196e-10
5.7675598e-10
5.7169636e-10
5.7723215e-10
5.7312499e-10
5.6931537e-10
5.7592259e-10
5.7586302e-10
5.704166e-10
5.7092259e-10
5.7699401e-10
5.6934524e-10
5.7375005e-10
5.7229166e-10
5.7425592e-10
5.7223221e-10
5.7425592e-10
5.7119043e-10
5.7773808e-10
5.7026783e-10
5.6892863e-10
5.7869043e-10
5.6526783e-10
5.7529759e-10
5.6877975e-10
5.7184524e-10
5.7172606e-10
5.735119e-10
5.6598215e-10
5.6985117e-10
5.6991073e-10
5.6767852e-10
5.7502969e-10
5.7083333e-10
5.6678573e-10
5.7071431e-10
5.7261901e-10
5.7047622e-10
5.7110122e-10
5.7119054e-10
5.669642e-10
5.7714289e-10
5.7029764e-10
5.6785715e-10
5.7622029e-10
5.6693455e-10
5.7187505e-10
5.7523813e-10
5.688095e-10
5.6985128e-10
5.6991073e-10
5.6872024e-10
5.6562499e-10
5.7875005e-10
5.7431543e-10
5.6595234e-10
5.7648808e-10
5.7357141e-10
5.6741067e-10
5.6872024e-10
5.7654759e-10
5.7145827e-10
5.6860128e-10
5.7196425e-10
5.7220245e-10
5.6773808e-10
5.7494037e-10
5.7044636e-10
5.7598215e-10
5.6958332e-10
5.7041666e-10
5.7122024e-10
5.6794647e-10
5.7645833e-10
5.6666666e-10
5.6741073e-10
5.7041655e-10
5.6872024e-10
5.6869048e-10
5.7532745e-10
5.700892e-10
5.7136906e-10
5.725595e-10
5.6961308e-10
5.672619e-10
5.7523808e-10
5.7023808e-10
5.728571e-10
5.7497018e-10
5.69018e-10
5.6809524e-10
5.6747024e-10
5.7044636e-10
5.7244048e-10
5.6863092e-10
5.6973221e-10
5.7276783e-10
5.6925592e-10
5.747619e-10
5.6535709e-10
5.6934524e-10
5.6511901e-10
5.6711313e-10
5.766071e-10
5.6297617e-10
5.7008925e-10
5.6973209e-10
5.7124999e-10
5.6863092e-10
5.6967259e-10
5.6785715e-10
5.7229166e-10
5.6874999e-10
5.690774e-10
5.7020833e-10
5.6889882e-10
5.6952382e-10
5.6729166e-10
5.6752963e-10
5.656845e-10
5.744345e-10
5.6636906e-10
5.7026783e-10
5.7851191e-10
5.7062494e-10
5.7244043e-10
5.6666671e-10
5.6535709e-10
5.7205357e-10
5.6925592e-10
5.6931548e-10
5.7252975e-10
5.694345e-10
5.7119048e-10
5.7023813e-10
5.7086313e-10
5.6532734e-10
5.6872018e-10
5.6744048e-10
5.6211308e-10
5.6997018e-10
5.6744054e-10
5.6383931e-10
5.7214283e-10
5.6627975e-10
5.6532745e-10
5.7175598e-10
5.6610122e-10
5.6461313e-10
5.7086308e-10
5.6779764e-10
5.7220245e-10
5.7196431e-10
5.6586313e-10
5.6949406e-10
5.7321431e-10
5.7181548e-10
5.6747029e-10
5.6895832e-10
5.7199401e-10
5.7187499e-10
5.7327387e-10
5.669345e-10
5.7336313e-10
5.697024e-10
5.6863098e-10
5.7202382e-10
5.7401789e-10
5.6726179e-10
5.7389882e-10
5.6708332e-10
5.7086308e-10
5.7151783e-10
5.697916e-10
5.7032734e-10
5.7473215e-10
5.7056554e-10
5.6238092e-10
5.7267852e-10
5.6860106e-10
5.6741067e-10
5.713095e-10
5.7077376e-10
5.6836308e-10
5.6339289e-10
5.6583327e-10
5.7380956e-10
5.6642857e-10
5.7339278e-10
5.6869043e-10
5.7401783e-10
5.7092264e-10
5.6741073e-10
5.6895832e-10
5.6476185e-10
5.7625005e-10
5.6669647e-10
5.6312499e-10
5.6803573e-10
5.7101196e-10
5.7017852e-10
5.6952382e-10
5.6473209e-10
5.6544641e-10
5.6761906e-10
5.6613098e-10
5.7184524e-10
5.6473215e-10
5.6845245e-10
5.6916666e-10
5.6592264e-10
5.6684518e-10
5.6901783e-10
5.6666671e-10
5.7160715e-10
5.7104171e-10
5.7407734e-10
5.6187505e-10
5.6398808e-10
5.6776789e-10
5.7124999e-10
5.6842259e-10
5.6988092e-10
5.7062505e-10
5.7264876e-10
5.6824401e-10
5.7360117e-10
5.678274e-10
5.7836308e-10
5.7011901e-10
5.6738092e-10
5.7291666e-10
5.6648808e-10
5.6747024e-10
5.6645832e-10
5.7276789e-10
5.6770832e-10
5.6967259e-10
5.7440475e-10
5.6324412e-10
5.7261901e-10
5.666369e-10
5.7163696e-10
5.666369e-10
5.7080363e-10
5.7050598e-10
5.6648808e-10
5.731845e-10
5.7312494e-10
5.7166666e-10
5.7267857e-10
5.666666e-10
5.6764876e-10
5.7008931e-10
5.7336308e-10
5.6958338e-10
5.7380956e-10
5.7562499e-10
5.6312499e-10
5.7211313e-10
5.6863092e-10
5.6452387e-10
5.7377975e-10
5.6803567e-10
5.6523808e-10
5.7372018e-10
5.6669647e-10
5.7562499e-10
5.6642857e-10
5.6443461e-10
5.7345245e-10
5.6857147e-10
5.7220234e-10
5.6687499e-10
5.6770827e-10
5.7261906e-10
5.7702387e-10
5.644048e-10
5.7214283e-10
5.7229166e-10
5.7026772e-10
5.6627975e-10
5.7416677e-10
5.6386901e-10
5.6741073e-10
5.713095e-10
5.7110122e-10
5.7092264e-10
5.6693455e-10
5.7261901e-10
5.6583332e-10
5.6872024e-10
5.6830352e-10
5.6872018e-10
5.6681548e-10
5.6571425e-10
5.7806543e-10
5.7235117e-10
5.6869048e-10
5.6833332e-10
5.7244048e-10
5.6869043e-10
5.7124999e-10
5.7622024e-10
5.6696436e-10
5.7425592e-10
5.7059513e-10
5.7247018e-10
5.7074406e-10
5.6410715e-10
5.6946431e-10
5.6836313e-10
5.7056548e-10
5.6967259e-10
5.7288685e-10
5.6199412e-10
5.7434518e-10
5.6482136e-10
5.6872029e-10
5.741369e-10
5.6416666e-10
5.7220245e-10
5.6523813e-10
5.6889882e-10
5.7062505e-10
5.6794647e-10
5.6782729e-10
5.6928573e-10
5.7160709e-10
5.6681548e-10
5.6672622e-10
5.7163685e-10
5.6678573e-10
5.7535715e-10
5.6738098e-10
5.6309524e-10
5.7247024e-10
5.6553578e-10
5.6648808e-10
5.6827376e-10
5.7074406e-10
5.7142857e-10
5.7005956e-10
5.7080357e-10
5.666666e-10
5.6752975e-10
5.6616073e-10
5.678869e-10
5.7389887e-10
5.6404764e-10
5.7023813e-10
5.6669636e-10
5.6294641e-10
5.7622029e-10
5.6595234e-10
5.6702382e-10
5.7047611e-10
5.6196425e-10
5.6741073e-10
5.6872013e-10
5.7232147e-10
5.7074401e-10
5.669345e-10
5.6598221e-10
5.6398808e-10
5.7249994e-10
5.6392857e-10
5.7386901e-10
5.6809518e-10
5.653274e-10
5.7622024e-10
5.6982141e-10
5.6943456e-10
5.6770832e-10
5.7208327e-10
5.6785715e-10
5.7116067e-10
5.6785715e-10
5.6901794e-10
5.7288696e-10
5.6461308e-10
5.7089283e-10
5.6669641e-10
5.6946436e-10
5.7383925e-10
5.6889887e-10
5.7276778e-10
5.6866073e-10
5.6880956e-10
5.6532734e-10
5.7208338e-10
5.6666666e-10
5.6857141e-10
5.7270827e-10
5.6854166e-10
5.7056548e-10
5.6934524e-10
5.7056554e-10
5.6788685e-10
5.6363098e-10
5.7208333e-10
5.675595e-10
5.756845e-10
5.6562499e-10
5.7098204e-10
5.6535709e-10
5.688095e-10
5.6982147e-10
5.6973215e-10
5.713095e-10
5.647619e-10
5.6476196e-10
5.7502969e-10
5.6273808e-10
5.7764882e-10
5.6220245e-10
5.6517857e-10
5.6991073e-10
5.6741067e-10
5.6607147e-10
5.7428579e-10
5.700595e-10
5.7401789e-10
5.6776794e-10
5.687798e-10
5.6946431e-10
5.6443444e-10
5.7077387e-10
5.6392857e-10
5.6886901e-10
5.6145832e-10
5.6767852e-10
5.7011901e-10
5.5898802e-10
5.6815475e-10
5.6916666e-10
5.7580357e-10
5.6482147e-10
5.6607147e-10
5.6839289e-10
5.6714278e-10
5.7252975e-10
5.6684529e-10
5.7172617e-10
5.6247024e-10
5.6803573e-10
5.6735111e-10
5.628274e-10
5.6738092e-10
5.653869e-10
5.6633925e-10
5.6919636e-10
5.6767863e-10
5.6627975e-10
5.7059524e-10
5.6994048e-10
5.656845e-10
5.6434524e-10
5.6872024e-10
5.7080357e-10
5.7122013e-10
5.6791666e-10
5.7023808e-10
5.6803567e-10
5.6812505e-10
5.6761901e-10
5.6883931e-10
5.7303573e-10
5.6836308e-10
5.6857147e-10
5.7482141e-10
5.6345245e-10
5.7089289e-10
5.6482141e-10
5.7127975e-10
5.7148802e-10
5.6616067e-10
5.6806543e-10
5.631251e-10
5.6711302e-10
5.6907734e-10
5.672619e-10
5.672619e-10
5.6839289e-10
5.6464294e-10
5.6461297e-10
5.7139882e-10
5.6607141e-10
5.6675598e-10
5.6690475e-10
5.6800592e-10
5.6636906e-10
5.6874994e-10
5.6741073e-10
5.6523813e-10
5.6633936e-10
5.6904764e-10
5.641369e-10
5.6833338e-10
5.7157734e-10
5.6767852e-10
5.6669641e-10
5.6806548e-10
5.6482141e-10
5.6663696e-10
5.6889882e-10
5.7098209e-10
5.6321436e-10
5.6782729e-10
5.6654759e-10
5.6485117e-10
5.6869043e-10
5.6407734e-10
5.7011906e-10
5.6761895e-10
5.6351196e-10
5.6758925e-10
5.6738092e-10
5.6431554e-10
5.6901778e-10
5.7110117e-10
5.6696436e-10
5.6639882e-10
5.7136906e-10
5.6663696e-10
5.6550598e-10
5.6610122e-10
5.656845e-10
5.631251e-10
5.7437505e-10
5.6449401e-10
5.6223221e-10
5.6497018e-10
5.5922617e-10
5.7404759e-10
5.6389871e-10
5.6148813e-10
5.7312499e-10
5.6470234e-10
5.6642846e-10
5.6482147e-10
5.6889876e-10
5.6312505e-10
5.6711308e-10
5.6684529e-10
5.6342264e-10
5.6729166e-10
5.6357141e-10
5.6880956e-10
5.6375005e-10
5.685119e-10
5.6800598e-10
5.6729171e-10
5.6461308e-10
5.6773808e-10
5.7142863e-10
5.6178567e-10
5.6366067e-10
5.6330351e-10
5.6473209e-10
5.731845e-10
5.5955351e-10
5.6711302e-10
5.6821425e-10
5.5800597e-10
5.6800598e-10
5.6434518e-10
5.6586319e-10
5.6741067e-10
5.6145838e-10
5.6434529e-10
5.6565475e-10
5.6595234e-10
5.6794636e-10
5.604166e-10
5.6607136e-10
5.7199401e-10
5.5988092e-10
5.7113098e-10
5.6565475e-10
5.6514887e-10
5.6404759e-10
5.6660715e-10
5.5961308e-10
5.6809524e-10
5.7002975e-10
5.5607141e-10
5.6773808e-10
5.6363098e-10
5.5937494e-10
5.6812505e-10
5.6241067e-10
5.5863092e-10
5.6375005e-10
5.6422617e-10
5.6604166e-10
5.6586302e-10
5.622619e-10
5.7122029e-10
5.6169641e-10
5.6532745e-10
5.7071425e-10
5.6696431e-10
5.6336308e-10
5.6735122e-10
5.6720234e-10
5.6797617e-10
5.6735122e-10
5.675595e-10
5.6267857e-10
5.6249999e-10
5.6827376e-10
5.5955357e-10
5.6398813e-10
5.6720234e-10
5.6389871e-10
5.6729171e-10
5.6678573e-10
5.6925598e-10
5.6366067e-10
5.6464283e-10
5.6711302e-10
5.6461308e-10
5.6562499e-10
5.6485117e-10
5.6568455e-10
5.6690475e-10
5.6318461e-10
5.6386906e-10
5.6526789e-10
5.5839289e-10
5.6446425e-10
5.7163685e-10
5.5794641e-10
5.6627975e-10
5.6321425e-10
5.6413696e-10
5.6967259e-10
5.6065474e-10
5.6687499e-10
5.5895832e-10
5.6613098e-10
5.5886901e-10
5.6187505e-10
5.6401783e-10
5.6505955e-10
5.6931554e-10
5.6443461e-10
5.6526783e-10
5.6535715e-10
5.6053573e-10
5.6651783e-10
5.6821425e-10
5.5785709e-10
5.6452382e-10
5.6675598e-10
5.691369e-10
5.6273802e-10
5.6452382e-10
5.6267851e-10
5.6550592e-10
5.6610122e-10
5.666369e-10
5.6619054e-10
5.6315486e-10
5.6949406e-10
5.5889882e-10
5.6491067e-10
5.6199412e-10
5.653869e-10
5.6375005e-10
5.6044641e-10
5.6779764e-10
5.6440475e-10
5.7050603e-10
5.6687494e-10
5.6586319e-10
5.7110111e-10
5.6645838e-10
5.6431548e-10
5.6020827e-10
5.7345234e-10
5.6687499e-10
5.6282734e-10
5.6529759e-10
5.7142857e-10
5.600298e-10
5.6794647e-10
5.6738092e-10
5.5916666e-10
5.6583338e-10
5.6729171e-10
5.6717253e-10
5.6241073e-10
5.6991079e-10
5.6196425e-10
5.6434524e-10
5.6321425e-10
5.7154764e-10
5.6729166e-10
5.6145832e-10
5.6660709e-10
5.6508925e-10
5.6622024e-10
5.6985117e-10
5.6029753e-10
5.6613092e-10
5.6312505e-10
5.6949406e-10
5.6958332e-10
5.669345e-10
5.5863092e-10
5.6949406e-10
5.6285715e-10
5.6327382e-10
5.6392857e-10
5.7205357e-10
5.6017868e-10
5.6249994e-10
5.6312499e-10
5.6354166e-10
5.6166671e-10
5.7029764e-10
5.6994043e-10
5.6181548e-10
5.7026783e-10
5.6732141e-10
5.629166e-10
5.6919647e-10
5.6577382e-10
5.6979171e-10
5.6770832e-10
5.6011901e-10
5.7294641e-10
5.6053573e-10
5.6613092e-10
5.688095e-10
5.6157728e-10
5.6252975e-10
5.6505955e-10
5.6702387e-10
5.6199401e-10
5.6467259e-10
5.6729171e-10
5.6461308e-10
5.659524e-10
5.6485117e-10
5.6645844e-10
5.6764876e-10
5.6434518e-10
5.6547622e-10
5.6154764e-10
5.6973209e-10
5.6904764e-10
5.6752975e-10
5.6836308e-10
5.6860111e-10
5.5803567e-10
5.712798e-10
5.6116067e-10
5.6779764e-10
5.681548e-10
5.5821431e-10
5.6654759e-10
5.6982141e-10
5.6342259e-10
5.6229166e-10
5.6949395e-10
5.6547617e-10
5.7029764e-10
5.6238092e-10
5.5949401e-10
5.6532734e-10
5.6026789e-10
5.6360117e-10
5.656845e-10
5.6702382e-10
5.6154759e-10
5.700595e-10
5.619345e-10
5.5997024e-10
5.6458332e-10
5.6110122e-10
5.5967259e-10
5.6181548e-10
5.6422617e-10
5.6464283e-10
5.6857141e-10
5.6261906e-10
5.6062499e-10
5.6273813e-10
5.6258925e-10
5.6348215e-10
5.5785715e-10
5.6767857e-10
5.6211308e-10
5.6071425e-10
5.6755961e-10
5.6401789e-10
5.6029764e-10
5.6151783e-10
5.6550586e-10
5.6279759e-10
5.6178573e-10
5.5940469e-10
5.6199412e-10
5.7008931e-10
5.6369048e-10
5.6342264e-10
5.6639887e-10
5.6898808e-10
5.5550586e-10
5.6395832e-10
5.7014876e-10
5.6758925e-10
5.6452382e-10
5.5833332e-10
5.6898808e-10
5.6190474e-10
5.685119e-10
5.6586313e-10
5.5613097e-10
5.6651783e-10
5.6538696e-10
5.666369e-10
5.6556548e-10
5.6535709e-10
5.6880944e-10
5.5494054e-10
5.6717264e-10
5.7133925e-10
5.6056548e-10
5.6428573e-10
5.6172628e-10
5.6633925e-10
5.6732141e-10
5.6821425e-10
5.6235117e-10
5.6431543e-10
5.6291666e-10
5.6446431e-10
5.7023802e-10
5.6473209e-10
5.6660715e-10
5.6613098e-10
5.685416e-10
5.6613103e-10
5.6684518e-10
5.6458332e-10
5.6369048e-10
5.6999994e-10
5.5729171e-10
5.6511901e-10
5.6669647e-10
5.6235117e-10
5.6119048e-10
5.7172617e-10
5.6389871e-10
5.6184524e-10
5.6758931e-10
5.6413696e-10
5.7107141e-10
5.6169641e-10
5.631845e-10
5.6395832e-10
5.672619e-10
5.6035715e-10
5.7261906e-10
5.5958332e-10
5.6202382e-10
5.6648808e-10
5.6398808e-10
5.6598209e-10
5.6050592e-10
5.6434524e-10
5.6773813e-10
5.6886901e-10
5.6122029e-10
5.6455357e-10
5.6886906e-10
5.6452382e-10
5.6773797e-10
5.6074406e-10
5.6467259e-10
5.6610122e-10
5.5818444e-10
5.6505944e-10
5.6437499e-10
5.7002975e-10
5.6714289e-10
5.597024e-10
5.6559529e-10
5.6744043e-10
5.6907745e-10
5.5982136e-10
5.6479166e-10
5.6556548e-10
5.6964283e-10
5.585119e-10
5.6708338e-10
5.6616073e-10
5.5958332e-10
5.7145833e-10
5.6226185e-10
5.7145838e-10
5.6931543e-10
5.6779764e-10
5.7196425e-10
5.653869e-10
5.6553567e-10
5.7005956e-10
5.6529759e-10
5.6642857e-10
5.6845234e-10
5.6702382e-10
5.6434529e-10
5.6955363e-10
5.6574401e-10
5.6699401e-10
5.6913685e-10
5.6964289e-10
5.6220245e-10
5.7172617e-10
5.6199412e-10
5.6610122e-10
5.712798e-10
5.6101196e-10
5.6836302e-10
5.6294641e-10
5.703869e-10
5.6696431e-10
5.6517857e-10
5.6705352e-10
5.6738092e-10
5.7017852e-10
5.6761906e-10
5.6261901e-10
5.7270838e-10
5.6151783e-10
5.6345234e-10
5.6428573e-10
5.6556548e-10
5.609524e-10
5.6752975e-10
5.6803567e-10
5.5809518e-10
5.6538685e-10
5.6619048e-10
5.6285704e-10
5.698213e-10
5.5809518e-10
5.6761912e-10
5.6169641e-10
5.6294647e-10
5.6598215e-10
5.6348215e-10
5.6523808e-10
5.6458332e-10
5.6455352e-10
5.6455357e-10
5.6592264e-10
5.7023808e-10
5.6354166e-10
5.6919636e-10
5.6360117e-10
5.691369e-10
5.6663696e-10
5.634524e-10
5.6479166e-10
5.5758925e-10
5.6943456e-10
5.631845e-10
5.544048e-10
5.6244037e-10
5.7267863e-10
5.5982141e-10
5.6505955e-10
5.6336308e-10
5.6455363e-10
5.6758925e-10
5.641666e-10
5.6235122e-10
5.6297617e-10
5.6083338e-10
5.6461313e-10
5.6467253e-10
5.6571425e-10
5.6261906e-10
5.6321425e-10
5.6458332e-10
5.6511906e-10
5.7303567e-10
5.6342259e-10
5.6395838e-10
5.6491073e-10
5.5779764e-10
5.6401783e-10
5.7059524e-10
5.6083332e-10
5.6458338e-10
5.6562499e-10
5.6547611e-10
5.6842264e-10
5.6604171e-10
5.5997029e-10
5.7089283e-10
5.6815469e-10
5.6624999e-10
5.634524e-10
5.6270838e-10
5.7041666e-10
5.6574406e-10
5.6657745e-10
5.6205357e-10
5.625595e-10
5.6732141e-10
5.6499999e-10
5.6488098e-10
5.6458332e-10
5.6318444e-10
5.6035721e-10
5.6461313e-10
5.6464283e-10
5.6166666e-10
5.6645832e-10
5.6830352e-10
5.6145827e-10
5.7208338e-10
5.6529759e-10
5.6672617e-10
5.6675598e-10
5.6110111e-10
5.6517857e-10
5.6252969e-10
5.6401783e-10
5.6678573e-10
5.6324406e-10
5.6946431e-10
5.6333327e-10
5.6300598e-10
5.640774e-10
5.6919647e-10
5.6249999e-10
5.6684518e-10
5.6068455e-10
5.6497018e-10
5.5913696e-10
5.6374999e-10
5.7047606e-10
5.6455346e-10
5.6291666e-10
5.6369043e-10
5.5946431e-10
5.6303567e-10
5.6205363e-10
5.6217264e-10
5.6327382e-10
5.5863092e-10
5.6071431e-10
5.6797617e-10
5.6455352e-10
5.6291671e-10
5.6482136e-10
5.6800598e-10
5.5830351e-10
5.6139876e-10
5.7077376e-10
5.5711308e-10
5.6907734e-10
5.6401778e-10
5.5499999e-10
5.6428573e-10
5.6148808e-10
5.6500005e-10
5.6425598e-10
5.660119e-10
5.616369e-10
5.6961308e-10
5.6497018e-10
5.6261906e-10
5.6547617e-10
5.6258931e-10
5.6318444e-10
5.6931543e-10
5.6437499e-10
5.6500005e-10
5.6577382e-10
5.6056543e-10
5.706548e-10
5.5940463e-10
5.6732141e-10
5.697024e-10
5.6827382e-10
5.6247018e-10
5.6681548e-10
5.6517857e-10
5.6014882e-10
5.7017863e-10
5.6508925e-10
5.6249999e-10
5.6595234e-10
5.556845e-10
5.6815486e-10
5.6467264e-10
5.5916666e-10
5.7068456e-10
5.6485111e-10
5.6497029e-10
5.6630944e-10
5.700298e-10
5.6532745e-10
5.6508931e-10
5.6458327e-10
5.6827382e-10
5.5988092e-10
5.6910709e-10
5.6315475e-10
5.6395832e-10
5.6514893e-10
5.7104171e-10
5.6488092e-10
5.6431548e-10
5.6476185e-10
5.6797617e-10
5.6779764e-10
5.6735111e-10
5.6351179e-10
5.6434513e-10
5.6785709e-10
5.5892851e-10
5.6735122e-10
5.5979166e-10
5.653869e-10
5.6648808e-10
5.6883931e-10
5.6089283e-10
5.6226185e-10
5.7190475e-10
5.6133931e-10
5.6767857e-10
5.6434518e-10
5.6657734e-10
5.638095e-10
5.7333338e-10
5.6187494e-10
5.688095e-10
5.6127974e-10
5.6937505e-10
5.6178573e-10
5.687501e-10
5.6232147e-10
5.6336313e-10
5.6437494e-10
5.5738092e-10
5.6315475e-10
5.6041666e-10
5.6470234e-10
5.6374999e-10
5.6336313e-10
5.6375005e-10
5.6485117e-10
5.6181543e-10
5.7032734e-10
5.6401789e-10
5.5571431e-10
5.7035704e-10
5.6339283e-10
5.6285721e-10
5.5562499e-10
5.6758936e-10
5.6175598e-10
5.6267857e-10
5.6586308e-10
5.6892857e-10
5.6357141e-10
5.6139882e-10
5.665774e-10
5.6148813e-10
5.6413696e-10
5.669345e-10
5.6089289e-10
5.6776789e-10
5.6613086e-10
5.5592264e-10
5.6523808e-10
5.6249999e-10
5.616369e-10
5.6616067e-10
5.6866073e-10
5.5982141e-10
5.672619e-10
5.6970234e-10
5.6523808e-10
5.6166666e-10
5.6267851e-10
5.6577376e-10
5.6848204e-10
5.6705352e-10
5.6380955e-10
5.644345e-10
5.6169647e-10
5.6336302e-10
5.6520832e-10
5.6961308e-10
5.615774e-10
5.5842259e-10
5.687798e-10
5.6089289e-10
5.6354166e-10
5.6321425e-10
5.6273813e-10
5.6360117e-10
5.5845245e-10
5.6241073e-10
5.6767852e-10
5.6693455e-10
5.6577382e-10
5.5866073e-10
5.6366073e-10
5.6211313e-10
5.650595e-10
5.6511906e-10
5.6702382e-10
5.6464283e-10
5.6681537e-10
5.6764882e-10
5.6476196e-10
5.6330363e-10
5.5514893e-10
5.672024e-10
5.6517857e-10
5.6482136e-10
5.6374999e-10
5.628274e-10
5.6294641e-10
5.669642e-10
5.6291671e-10
5.6369048e-10
5.6601179e-10
5.6351179e-10
5.6119048e-10
5.6425592e-10
5.6559524e-10
5.5464272e-10
5.7050598e-10
5.6744043e-10
5.6116078e-10
5.6580357e-10
5.6116073e-10
5.6354166e-10
5.6110122e-10
5.6342259e-10
5.666369e-10
5.5994043e-10
5.6511901e-10
5.672024e-10
5.6607141e-10
5.6196431e-10
5.7026789e-10
5.6136912e-10
5.6794641e-10
5.6732141e-10
5.622619e-10
5.6550603e-10
5.6374988e-10
5.6523819e-10
5.5892863e-10
5.6398813e-10
5.5464283e-10
5.5800603e-10
5.6586313e-10
5.6678567e-10
5.6744043e-10
5.6306548e-10
5.663095e-10
5.6443444e-10
5.597024e-10
5.6669641e-10
5.6494048e-10
5.6205363e-10
5.6544647e-10
5.6139876e-10
5.5755955e-10
5.6264882e-10
5.6217264e-10
5.625298e-10
5.6717264e-10
5.6366073e-10
5.635119e-10
5.6449412e-10
5.6050597e-10
5.6586308e-10
5.5967259e-10
5.6047611e-10
5.6223215e-10
5.591369e-10
5.6053573e-10
5.6413696e-10
5.6925598e-10
5.5824401e-10
5.6592259e-10
5.6428562e-10
5.5800597e-10
5.6107147e-10
5.6113092e-10
5.6235122e-10
5.6392857e-10
5.5922617e-10
5.6440475e-10
5.6607141e-10
5.6023808e-10
5.6038685e-10
5.5773813e-10
5.5982141e-10
5.6711308e-10
5.6532734e-10
5.6431548e-10
5.6119048e-10
5.6288685e-10
5.6187499e-10
5.6223215e-10
5.6375005e-10
5.6011901e-10
5.619345e-10
5.6431543e-10
5.6062499e-10
5.5943455e-10
5.6892852e-10
5.6163685e-10
5.6449395e-10
5.6175586e-10
5.6098209e-10
5.6988098e-10
5.6264882e-10
5.5729166e-10
5.6764876e-10
5.5681543e-10
5.6645832e-10
5.6681548e-10
5.6297622e-10
5.5830357e-10
5.6616067e-10
5.5916666e-10
5.6303573e-10
5.7011906e-10
5.5750005e-10
5.6717253e-10
5.6488092e-10
5.5675592e-10
5.6437494e-10
5.6241073e-10
5.6494054e-10
5.6107147e-10
5.6294641e-10
5.6333332e-10
5.6303567e-10
5.6008931e-10
5.6830357e-10
5.6315475e-10
5.6169641e-10
5.6583332e-10
5.6041666e-10
5.581845e-10
5.610119e-10
5.6148813e-10
5.6571431e-10
5.594048e-10
5.5678573e-10
5.5999999e-10
5.6693461e-10
5.6187505e-10
5.6214283e-10
5.6747018e-10
5.6238098e-10
5.694642e-10
5.6321425e-10
5.6089283e-10
5.647024e-10
5.6758925e-10
5.6178573e-10
5.5952376e-10
5.6580352e-10
5.6300592e-10
5.7154764e-10
5.6407734e-10
5.6080357e-10
5.6910715e-10
5.6303573e-10
5.6104171e-10
5.6747018e-10
5.6190474e-10
5.716369e-10
5.6488098e-10
5.5749999e-10
5.6491073e-10
5.6461313e-10
5.6172622e-10
5.6970234e-10
5.644048e-10
5.6303567e-10
5.6866079e-10
5.6145832e-10
5.7407729e-10
5.6083338e-10
5.5738092e-10
5.6770832e-10
5.5752974e-10
5.5967259e-10
5.6247024e-10
5.6029759e-10
5.662798e-10
5.5249993e-10
5.6410715e-10
5.6321425e-10
5.6059529e-10
5.6741073e-10
5.5625005e-10
5.6949401e-10
5.6550598e-10
5.5607147e-10
5.6580357e-10
5.597619e-10
5.6279759e-10
5.6446431e-10
5.5613086e-10
5.6330357e-10
5.6279759e-10
5.6645838e-10
5.5794641e-10
5.6252975e-10
5.6205363e-10
5.6071431e-10
5.6446425e-10
5.6470234e-10
5.606845e-10
5.6622024e-10
5.5874994e-10
5.5997024e-10
5.6083338e-10
5.5943455e-10
5.6014882e-10
5.6068455e-10
5.6077382e-10
5.6065474e-10
5.5982141e-10
5.6285709e-10
5.6339283e-10
5.5485117e-10
5.6342264e-10
5.6116067e-10
5.6041671e-10
5.6032734e-10
5.6318455e-10
5.6357141e-10
5.5357152e-10
5.6648797e-10
5.5630944e-10
5.6133931e-10
5.594345e-10
5.5937494e-10
5.6169647e-10
5.5997029e-10
5.613095e-10
5.6449401e-10
5.5863086e-10
5.6330357e-10
5.6672611e-10
5.6208327e-10
5.6776783e-10
5.6211308e-10
5.6169641e-10
5.7083333e-10
5.5812505e-10
5.6330357e-10
5.6413685e-10
5.6238098e-10
5.5937505e-10
5.6309524e-10
5.6145832e-10
5.6175598e-10
5.6369054e-10
5.6148813e-10
5.5633925e-10
5.6241073e-10
5.5964283e-10
5.6610117e-10
5.5860122e-10
5.525595e-10
5.6639876e-10
5.5919641e-10
5.6035709e-10
5.6273808e-10
5.6360111e-10
5.6241067e-10
5.6342264e-10
5.5979166e-10
5.6571425e-10
5.5642857e-10
5.5113097e-10
5.6848209e-10
5.606845e-10
5.5901794e-10
5.572619e-10
5.6494048e-10
5.584822e-10
5.5779764e-10
5.6410715e-10
5.6011906e-10
5.6258925e-10
5.6187499e-10
5.6252975e-10
5.6110122e-10
5.6169647e-10
5.6044636e-10
5.600001e-10
5.5514882e-10
5.6113098e-10
5.6285709e-10
5.6741067e-10
5.6300592e-10
5.5630944e-10
5.6529759e-10
5.6211313e-10
5.675298e-10
5.584227e-10
5.6333332e-10
5.6086308e-10
5.5669647e-10
5.6598215e-10
5.6687494e-10
5.570237e-10
5.609524e-10
5.641369e-10
5.5988092e-10
5.6318444e-10
5.6059529e-10
5.6020832e-10
5.6053573e-10
5.6107147e-10
5.6145827e-10
5.6458332e-10
5.5958338e-10
5.6404759e-10
5.6517852e-10
5.5681554e-10
5.6467264e-10
5.6193455e-10
5.6529759e-10
5.5800597e-10
5.563095e-10
5.6812494e-10
5.597619e-10
5.6181537e-10
5.6803573e-10
5.5967264e-10
5.6107147e-10
5.6449401e-10
5.5839289e-10
5.6244048e-10
5.6821436e-10
5.5898813e-10
5.6130955e-10
5.6348215e-10
5.6101185e-10
5.6330363e-10
5.5776783e-10
5.6053573e-10
5.6556548e-10
5.5946425e-10
5.5747029e-10
5.7193456e-10
5.6434529e-10
5.6321425e-10
5.6202376e-10
5.587798e-10
5.6407728e-10
5.6383931e-10
5.6333332e-10
5.6464283e-10
5.6124999e-10
5.6389876e-10
5.5818455e-10
5.5958332e-10
5.6217253e-10
5.6425592e-10
5.5580351e-10
5.6708327e-10
5.628869e-10
5.616369e-10
5.672619e-10
5.5377974e-10
5.5994054e-10
5.6020838e-10
5.6889882e-10
5.587798e-10
5.6318455e-10
5.525298e-10
5.653869e-10
5.6577382e-10
5.5791666e-10
5.5833332e-10
5.6029764e-10
5.5794647e-10
5.6238098e-10
5.6199406e-10
5.6342264e-10
5.5830351e-10
5.5886912e-10
5.6383931e-10
5.5889876e-10
5.6714289e-10
5.5574401e-10
5.5857141e-10
5.6366067e-10
5.6806548e-10
5.6154764e-10
5.5622024e-10
5.6389876e-10
5.6696425e-10
5.5419647e-10
5.6779764e-10
5.6491073e-10
5.5610111e-10
5.6437505e-10
5.5958338e-10
5.5958338e-10
5.6014876e-10
5.6190469e-10
5.5491073e-10
5.6374999e-10
5.5815486e-10
5.5836302e-10
5.6544647e-10
5.5824417e-10
5.5800592e-10
5.7056548e-10
5.5961308e-10
5.6446431e-10
5.5946425e-10
5.5970228e-10
5.6330363e-10
5.5470234e-10
5.6883925e-10
5.597916e-10
5.5794641e-10
5.616369e-10
5.5666666e-10
5.582142e-10
5.6053567e-10
5.6321425e-10
5.5586302e-10
5.6249994e-10
5.5440469e-10
5.5723209e-10
5.6062499e-10
5.6497018e-10
5.6071425e-10
5.6416666e-10
5.597916e-10
5.6107147e-10
5.5955357e-10
5.6193455e-10
5.5839283e-10
5.622619e-10
5.5461313e-10
5.5616067e-10
5.625595e-10
5.5511906e-10
5.556845e-10
5.7011906e-10
5.5800592e-10
5.6372018e-10
5.6029764e-10
5.5023808e-10
5.640774e-10
5.6348215e-10
5.6431548e-10
5.5892857e-10
5.5613092e-10
5.6580357e-10
5.6086302e-10
5.5797628e-10
5.6764882e-10
5.6178573e-10
5.5693455e-10
5.6157728e-10
5.6354166e-10
5.5767863e-10
5.6297622e-10
5.6080357e-10
5.6258931e-10
5.6529759e-10
5.5625005e-10
5.6946425e-10
5.6244048e-10
5.591369e-10
5.6324406e-10
5.6303573e-10
5.540774e-10
5.6383931e-10
5.5940469e-10
5.6169647e-10
5.5833332e-10
5.6386895e-10
5.6327376e-10
5.6122018e-10
5.6160715e-10
5.5934524e-10
5.6773802e-10
5.5505961e-10
5.653274e-10
5.6032734e-10
5.5461308e-10
5.6580352e-10
5.619048e-10
5.6089289e-10
5.6375005e-10
5.5666666e-10
5.6124999e-10
5.6767857e-10
5.5687505e-10
5.6327376e-10
5.5883931e-10
5.5955363e-10
5.6166666e-10
5.5559513e-10
5.5839283e-10
5.6107136e-10
5.5616067e-10
5.6124999e-10
5.6029759e-10
5.5800592e-10
5.5749994e-10
5.5949406e-10
5.6041666e-10
5.5723215e-10
5.6392857e-10
5.5764882e-10
5.5624999e-10
5.6541671e-10
5.569345e-10
5.6113098e-10
5.6074406e-10
5.5785715e-10
5.6574401e-10
5.6747018e-10
5.616369e-10
5.6029764e-10
5.5699401e-10
5.6032734e-10
5.5958332e-10
5.6211313e-10
5.5273813e-10
5.5645827e-10
5.6357136e-10
5.5610122e-10
5.641666e-10
5.581845e-10
5.625298e-10
5.6458332e-10
5.5818444e-10
5.5726196e-10
5.6127986e-10
5.6589283e-10
5.5964289e-10
5.6217259e-10
5.6372018e-10
5.6095245e-10
5.6395832e-10
5.5857141e-10
5.6127969e-10
5.6419636e-10
5.5785715e-10
5.5833332e-10
5.5654759e-10
5.6249999e-10
5.5550592e-10
5.597024e-10
5.6116073e-10
5.6229166e-10
5.547024e-10
5.5711308e-10
5.5613092e-10
5.6244048e-10
5.5961308e-10
5.6449401e-10
5.5282734e-10
5.5937505e-10
5.6270832e-10
5.5803567e-10
5.6139882e-10
5.6330357e-10
5.5925597e-10
5.5827376e-10
5.6104166e-10
5.6050597e-10
5.5883925e-10
5.5815486e-10
5.5803573e-10
5.5592264e-10
5.6574395e-10
5.6241067e-10
5.6300598e-10
5.5919636e-10
5.554166e-10
5.6470234e-10
5.5791666e-10
5.5776783e-10
5.6580357e-10
5.5479166e-10
5.6389882e-10
5.6645827e-10
5.5663696e-10
5.6038685e-10
5.584524e-10
5.5967259e-10
5.5517857e-10
5.6699401e-10
5.5672628e-10
5.5752974e-10
5.5648808e-10
5.5833332e-10
5.5982136e-10
5.5946431e-10
5.5827371e-10
5.5958338e-10
5.5583332e-10
5.6318455e-10
5.6261901e-10
5.6139876e-10
5.6339283e-10
5.6020832e-10
5.5776789e-10
5.6142851e-10
5.6318455e-10
5.6267863e-10
5.6095234e-10
5.5627974e-10
5.6482136e-10
5.5532734e-10
5.6026783e-10
5.6592259e-10
5.622024e-10
5.6110111e-10
5.6291666e-10
5.6104166e-10
5.6119048e-10
5.5714283e-10
5.6363103e-10
5.6011906e-10
5.6208338e-10
5.556548e-10
5.5866067e-10
5.6238098e-10
5.5904753e-10
5.5922617e-10
5.5684529e-10
5.5889882e-10
5.6092259e-10
5.5821431e-10
5.5764876e-10
5.6124999e-10
5.6309524e-10
5.5482141e-10
5.6267846e-10
5.5726185e-10
5.6211313e-10
5.5809518e-10
5.6074401e-10
5.6276789e-10
5.6291666e-10
5.5663679e-10
5.5901783e-10
5.6053573e-10
5.5651778e-10
5.6741073e-10
5.5437499e-10
5.5791671e-10
5.6401789e-10
5.5541671e-10
5.6586313e-10
5.5735122e-10
5.5616067e-10
5.5758936e-10
5.5809518e-10
5.6404764e-10
5.5705351e-10
5.6366067e-10
5.547024e-10
5.6122024e-10
5.585119e-10
5.5732147e-10
5.6720234e-10
5.541369e-10
5.6080357e-10
5.6113098e-10
5.5279759e-10
5.6181548e-10
5.6172622e-10
5.6476196e-10
5.5809524e-10
5.6136901e-10
5.6062505e-10
5.5684518e-10
5.6366067e-10
5.6124999e-10
5.5401789e-10
5.5848204e-10
5.6309518e-10
5.5508925e-10
5.5943455e-10
5.5842264e-10
5.6029759e-10
5.6071425e-10
5.5443444e-10
5.5779764e-10
5.6729166e-10
5.4499999e-10
5.6330357e-10
5.5711313e-10
5.5223209e-10
5.6050597e-10
5.572024e-10
5.6196425e-10
5.5928567e-10
5.540774e-10
5.5595234e-10
5.6178573e-10
5.5633925e-10
5.6398808e-10
5.5895832e-10
5.6062505e-10
5.581548e-10
5.6309524e-10
5.585119e-10
5.5267857e-10
5.5854171e-10
5.5830357e-10
5.5425592e-10
5.5875005e-10
5.6217259e-10
5.6077387e-10
5.610416e-10
5.5294647e-10
5.5511906e-10
5.678274e-10
5.5565474e-10
5.5860117e-10
5.6077376e-10
5.5577376e-10
5.6309524e-10
5.5895832e-10
5.578869e-10
5.597916e-10
5.641666e-10
5.5458332e-10
5.6098209e-10
5.5982141e-10
5.6306543e-10
5.6276778e-10
5.5413685e-10
5.6122018e-10
5.597024e-10
5.6080357e-10
5.5874994e-10
5.6666666e-10
5.5800597e-10
5.6324406e-10
5.6264876e-10
5.6151789e-10
5.6369054e-10
5.5294647e-10
5.5642857e-10
5.6449401e-10
5.6113098e-10
5.5089289e-10
5.6541671e-10
5.6008931e-10
5.5732147e-10
5.622024e-10
5.6172617e-10
5.6089278e-10
5.5904764e-10
5.5708332e-10
5.6598215e-10
5.6279764e-10
5.6092264e-10
5.5937505e-10
5.6565475e-10
5.5482147e-10
5.5690474e-10
5.6148802e-10
5.6145838e-10
5.6023808e-10
5.628274e-10
5.600595e-10
5.5940474e-10
5.6142868e-10
5.6434518e-10
5.5779753e-10
5.5568455e-10
5.5988092e-10
5.603274e-10
5.594345e-10
5.6767852e-10
5.610119e-10
5.6211313e-10
5.6303578e-10
5.6023808e-10
5.5770827e-10
5.6247018e-10
5.6241084e-10
5.5735122e-10
5.6375005e-10
5.5999994e-10
5.5687494e-10
5.6636906e-10
5.6255955e-10
5.5119048e-10
5.6999994e-10
5.5681543e-10
5.6038685e-10
5.6178567e-10
5.6211313e-10
5.6038685e-10
5.6211308e-10
5.5732141e-10
5.5622024e-10
5.6610128e-10
5.6083332e-10
5.584524e-10
5.5925597e-10
5.6116073e-10
5.581548e-10
5.6443444e-10
5.5964289e-10
5.5851185e-10
5.5702382e-10
5.5821425e-10
5.5988092e-10
5.5925597e-10
5.5523808e-10
5.6023813e-10
5.597024e-10
5.5886895e-10
5.6116067e-10
5.5854166e-10
5.6303567e-10
5.622024e-10
5.5806543e-10
5.6389882e-10
5.5738092e-10
5.6181548e-10
5.6842259e-10
5.5431537e-10
5.5690474e-10
5.6187494e-10
5.5919636e-10
5.5922617e-10
5.6357141e-10
5.5476185e-10
5.5782734e-10
5.5693461e-10
5.5925597e-10
5.6235122e-10
5.5315474e-10
5.6761906e-10
5.5119048e-10
5.6482141e-10
5.640774e-10
5.5398808e-10
5.6372018e-10
5.6148802e-10
5.5952376e-10
5.6264882e-10
5.6211313e-10
