-4.7749991e-11
-4.5267848e-11
-4.6803561e-11
-4.7053559e-11
-4.7249989e-11
-4.5642851e-11
-4.7035705e-11
-4.6267844e-11
-4.623214e-11
-4.7678559e-11
-4.7196417e-11
-4.5678562e-11
-4.7714277e-11
-4.6482134e-11
-4.7339275e-11
-4.6714282e-11
-4.6946419e-11
-4.5642847e-11
-4.687499e-11
-4.6982133e-11
-4.8232134e-11
-4.8785705e-11
-4.6678567e-11
-4.8678565e-11
-4.926785e-11
-4.7785702e-11
-4.6428562e-11
-4.6678564e-11
-4.6535706e-11
-4.5714276e-11
-4.7249985e-11
-4.6321415e-11
-4.6785704e-11
-4.6499995e-11
-4.7232131e-11
-4.6928562e-11
-4.7035702e-11
-4.5035701e-11
-4.7267846e-11
-4.730356e-11
-4.6696418e-11
-4.9535709e-11
-4.5017847e-11
-4.7339275e-11
-4.6642849e-11
-4.8053558e-11
-4.8964277e-11
-4.6303565e-11
-4.8339277e-11
-4.4821421e-11
-4.6196422e-11
-4.6499995e-11
-4.7678562e-11
-4.8035704e-11
-4.7285707e-11
-4.8821416e-11
-4.7053559e-11
-4.6999994e-11
-4.6160704e-11
-4.6071418e-11
-4.8196423e-11
-4.6178561e-11
-4.7607127e-11
-4.7464276e-11
-4.814284e-11
-4.7624994e-11
-4.8589271e-11
-4.6946419e-11
-4.769642e-11
-4.7446422e-11
-4.6553556e-11
-4.7964278e-11
-4.7874985e-11
-4.644642e-11
-4.6553563e-11
-4.6285708e-11
-4.6357133e-11
-4.8249987e-11
-4.8839276e-11
-4.5678558e-11
-4.8232134e-11
-4.7642851e-11
-4.698213e-11
-4.7999993e-11
-4.6482134e-11
-4.7517851e-11
-4.7678559e-11
-4.7749991e-11
-4.8160701e-11
-4.7499994e-11
-4.6767853e-11
-4.6357133e-11
-4.8035704e-11
-4.519642e-11
-4.6892851e-11
-4.7821417e-11
-4.874999e-11
-4.760713e-11
-4.7249989e-11
-4.6732139e-11
-4.7142845e-11
-4.6892847e-11
-4.6857129e-11
-4.6803564e-11
-4.7428565e-11
-4.8053558e-11
-4.7410704e-11
-4.8517853e-11
-4.7285707e-11
-4.6999991e-11
-4.9035703e-11
-4.5142844e-11
-4.5803562e-11
-4.7053566e-11
-4.8178565e-11
-4.6785704e-11
-4.8178562e-11
-4.6767847e-11
-4.542856e-11
-4.8339277e-11
-4.7571419e-11
-4.7107134e-11
-4.7464272e-11
-4.6714278e-11
-4.6357133e-11
-4.7624991e-11
-4.7142849e-11
-4.8696415e-11
-4.717856e-11
-4.6767847e-11
-4.5053565e-11
-4.7446422e-11
-4.5767848e-11
-4.7464276e-11
-4.7946421e-11
-4.7357132e-11
-4.6696414e-11
-4.5571415e-11
-4.6767847e-11
-4.7678559e-11
-4.7678559e-11
-4.8428563e-11
-4.7428565e-11
-4.8785708e-11
-4.8071418e-11
-4.6946426e-11
-4.6749993e-11
-4.8571414e-11
-4.874999e-11
-4.855356e-11
-4.7124988e-11
-4.6964276e-11
-4.9160703e-11
-4.7017844e-11
-4.6321415e-11
-4.7892846e-11
-4.7767849e-11
-4.8160705e-11
-4.894642e-11
-4.8803569e-11
-4.6089278e-11
-4.719642e-11
-4.6624992e-11
-4.7571419e-11
-4.8589268e-11
-4.7839281e-11
-4.7107134e-11
-4.6839272e-11
-4.8267852e-11
-4.4624988e-11
-4.8410709e-11
-4.5482135e-11
-4.6428569e-11
-4.6749989e-11
-4.7142849e-11
-4.6874993e-11
-4.5571418e-11
-4.719642e-11
-4.74107e-11
-4.6107135e-11
-4.6803564e-11
-4.6214272e-11
-4.6732136e-11
-4.719642e-11
-4.8107136e-11
-4.6339283e-11
-4.7874989e-11
-4.5839273e-11
-4.7285703e-11
-4.510714e-11
-4.6089271e-11
-4.6624989e-11
-4.7339271e-11
-4.6821418e-11
-4.7107134e-11
-4.6928558e-11
-4.7321425e-11
-4.6749993e-11
-4.6946419e-11
-4.6749993e-11
-4.6624992e-11
-4.7857135e-11
-4.5464282e-11
-4.7357136e-11
-4.6267847e-11
-4.7553562e-11
-4.8196423e-11
-4.7571416e-11
-4.7482129e-11
-4.6571417e-11
-4.5107133e-11
-4.6535709e-11
-4.7660705e-11
-4.6767843e-11
-4.6089282e-11
-4.7660712e-11
-4.6785704e-11
-4.7321418e-11
-4.6374991e-11
-4.6428562e-11
-4.7017851e-11
-4.7642848e-11
-4.7267849e-11
-4.5678558e-11
-4.7321418e-11
-4.6249986e-11
-4.5357135e-11
-4.6910711e-11
-4.7285707e-11
-4.5928563e-11
-4.771428e-11
-4.7732134e-11
-4.6017853e-11
-4.5874995e-11
-4.7553558e-11
-4.7071413e-11
-4.6142843e-11
-4.624999e-11
-4.6839276e-11
-4.6303565e-11
-4.5196416e-11
-4.6999987e-11
-4.7071423e-11
-4.8142844e-11
-4.5964278e-11
-4.6357133e-11
-4.6535706e-11
-4.6982137e-11
-4.7053562e-11
-4.5499989e-11
-4.657142e-11
-4.5374995e-11
-4.696428e-11
-4.7124988e-11
-4.6214272e-11
-4.7196413e-11
-4.7339275e-11
-4.5803562e-11
-4.7517851e-11
-4.6696421e-11
-4.6392851e-11
-4.4482133e-11
-4.6285708e-11
-4.7535705e-11
-4.7232138e-11
-4.7678566e-11
-4.508928e-11
-4.730356e-11
-4.7767845e-11
-4.6607135e-11
-4.7017851e-11
-4.573213e-11
-4.7839281e-11
-4.5535704e-11
-4.7196413e-11
-4.8285702e-11
-4.6857136e-11
-4.6839272e-11
-4.6178564e-11
-4.6285708e-11
-4.6392844e-11
-4.6410705e-11
-4.6089278e-11
-4.6553563e-11
-4.5767851e-11
-4.7267846e-11
-4.6285701e-11
-4.6107135e-11
-4.603571e-11
-4.7107134e-11
-4.739285e-11
-4.739285e-11
-4.7857131e-11
-4.6053564e-11
-4.644642e-11
-4.6642846e-11
-4.7053566e-11
-4.6946419e-11
-4.8499992e-11
-4.7874992e-11
-4.5482135e-11
-4.7428561e-11
-4.5910702e-11
-4.6946426e-11
-4.624999e-11
-4.7035709e-11
-4.5964278e-11
-4.7303564e-11
-4.4821424e-11
-4.6803561e-11
-4.7624998e-11
-4.6857129e-11
-4.6946419e-11
-4.6428555e-11
-4.7553565e-11
-4.6982133e-11
-4.7535701e-11
-4.6499995e-11
-4.7017851e-11
-4.6589271e-11
-4.6982137e-11
-4.4553566e-11
-4.6821418e-11
-4.7214274e-11
-4.7124988e-11
-4.6517845e-11
-4.5839277e-11
-4.5892849e-11
-4.8214273e-11
-4.8178562e-11
-5.0178566e-11
-4.6803558e-11
-4.6071418e-11
-4.603571e-11
-4.8839276e-11
-4.7410707e-11
-4.7232135e-11
-4.8357131e-11
-4.8214276e-11
-4.8071418e-11
-4.7053566e-11
-4.5535704e-11
-4.7821417e-11
-4.8107133e-11
-4.6785707e-11
-4.9214278e-11
-4.7071413e-11
-4.7642851e-11
-4.771427e-11
-4.801785e-11
-4.6517845e-11
-4.6196422e-11
-4.9089278e-11
-4.6464273e-11
-4.7910707e-11
-4.8999992e-11
-4.6089275e-11
-4.9624988e-11
-4.6982137e-11
-4.508928e-11
-4.6642846e-11
-4.6714275e-11
-4.8857134e-11
-4.5749987e-11
-4.8517846e-11
-4.5410706e-11
-4.6303558e-11
-4.7446418e-11
-4.6035706e-11
-4.792856e-11
-4.8124994e-11
-4.605356e-11
-4.717856e-11
-4.7571422e-11
-4.5999995e-11
-4.7946421e-11
-4.5678565e-11
-4.6410709e-11
-4.6464273e-11
-4.7124991e-11
-4.801785e-11
-4.6839279e-11
-4.6303562e-11
-4.8339277e-11
-4.6482134e-11
-4.8160701e-11
-4.5142844e-11
-4.655356e-11
-4.905356e-11
-4.6089278e-11
-4.6910704e-11
-4.6607135e-11
-4.9178561e-11
-4.6339273e-11
-4.6517849e-11
-4.6732136e-11
-4.6589278e-11
-4.7874992e-11
-4.8035704e-11
-4.7910703e-11
-4.7339275e-11
-4.7374989e-11
-4.6839279e-11
-4.7267846e-11
-4.7089273e-11
-4.7678562e-11
-4.6017846e-11
-4.7321421e-11
-4.5803566e-11
-4.8196419e-11
-4.6053564e-11
-4.6303565e-11
-4.7732134e-11
-4.8160708e-11
-4.7607127e-11
-4.7053562e-11
-4.8178558e-11
-4.7089273e-11
-4.7214274e-11
-4.821428e-11
-4.5982131e-11
-4.6982133e-11
-4.7928564e-11
-4.7142845e-11
-4.8071429e-11
-4.719642e-11
-4.8874991e-11
-4.7928564e-11
-4.8571418e-11
-4.6196418e-11
-4.9339276e-11
-4.730356e-11
-4.7999996e-11
-4.7964282e-11
-4.8589278e-11
-4.8803558e-11
-4.7410704e-11
-4.8964277e-11
-4.6999987e-11
-4.8571418e-11
-4.8696418e-11
-4.8339274e-11
-4.7428561e-11
-4.832142e-11
-4.9107132e-11
-4.6232133e-11
-4.644642e-11
-4.9499987e-11
-4.603571e-11
-4.8035707e-11
-4.8857134e-11
-4.8839276e-11
-4.5732133e-11
-4.6071421e-11
-4.8249991e-11
-4.6803558e-11
-4.6892844e-11
-4.8339277e-11
-4.6107135e-11
-4.6660703e-11
-4.6196418e-11
-4.7428561e-11
-4.6767843e-11
-4.5535704e-11
-4.7642845e-11
-4.6482134e-11
-4.4999993e-11
-4.6089275e-11
-4.8071418e-11
-4.6696411e-11
-4.719642e-11
-4.7642848e-11
-4.6196418e-11
-4.6982133e-11
-4.6874993e-11
-4.7553562e-11
-4.6321419e-11
-4.6535706e-11
-4.4910704e-11
-4.4607137e-11
-4.8053558e-11
-4.6589274e-11
-4.5964278e-11
-4.7071423e-11
-4.6107132e-11
-4.6464277e-11
-4.8053561e-11
-4.7982136e-11
-4.7767845e-11
-4.6660703e-11
-4.5696422e-11
-4.7499987e-11
-4.6803561e-11
-4.5946424e-11
-4.719642e-11
-4.7482136e-11
-4.6035703e-11
-4.8446417e-11
-4.6714278e-11
-4.655356e-11
-4.7553565e-11
-4.6910708e-11
-4.7339282e-11
-4.6410709e-11
-4.6964273e-11
-4.5821423e-11
-4.7357132e-11
-4.5660711e-11
-4.8196419e-11
-4.6982133e-11
-4.5785702e-11
-4.7660705e-11
-5.1160711e-11
-5.9910708e-11
-7.3982126e-11
-8.8803548e-11
-1.0585713e-10
-1.2130354e-10
-1.3821426e-10
-1.5921425e-10
-1.815357e-10
-2.0399998e-10
-2.2796426e-10
-2.5149999e-10
-2.6964289e-10
-2.8692856e-10
-3.0007144e-10
-3.0758926e-10
-3.1050001e-10
-3.1355363e-10
-3.1453568e-10
-3.0807143e-10
-3.0517855e-10
-2.9833927e-10
-2.93125e-10
-2.8660713e-10
-2.7680358e-10
-2.703214e-10
-2.6110714e-10
-2.5182145e-10
-2.4416069e-10
-2.34125e-10
-2.2710715e-10
-2.207857e-10
-2.1280355e-10
-2.0557143e-10
-1.9848213e-10
-1.9198214e-10
-1.8508926e-10
-1.8087497e-10
-1.7139286e-10
-1.6585713e-10
-1.6133926e-10
-1.5562499e-10
-1.5114283e-10
-1.4449998e-10
-1.3848214e-10
-1.3862497e-10
-1.3346428e-10
-1.2991069e-10
-1.2596427e-10
-1.2199999e-10
-1.1719642e-10
-1.1469644e-10
-1.1457141e-10
-1.1026784e-10
-1.0924999e-10
-1.0476785e-10
-1.0342856e-10
-1.026607e-10
-9.7392851e-11
-9.5428561e-11
-9.4624988e-11
-9.2160703e-11
-9.2160717e-11
-9.0124984e-11
-8.8178562e-11
-8.8910705e-11
-8.5499996e-11
-8.5517843e-11
-8.2839263e-11
-8.1285693e-11
-8.1160696e-11
-8.178571e-11
-8.0446427e-11
-8.0214266e-11
-7.7553554e-11
-7.5571424e-11
-7.6142842e-11
-7.5607139e-11
-7.6303561e-11
-7.4339278e-11
-7.2428542e-11
-7.2464278e-11
-7.2499985e-11
-7.3660709e-11
-7.0749989e-11
-7.0857133e-11
-6.9517836e-11
-6.9928556e-11
-6.8214275e-11
-6.7571414e-11
-6.7696411e-11
-6.6785695e-11
-6.6696412e-11
-6.7178554e-11
-6.8035702e-11
-6.733928e-11
-6.705355e-11
-6.6249978e-11
-6.6946414e-11
-6.7249983e-11
-6.5660706e-11
-6.6017837e-11
-6.4071422e-11
-6.412499e-11
-6.453571e-11
-6.3696423e-11
-6.4999978e-11
-6.3785692e-11
-6.3214281e-11
-6.3124991e-11
-6.4660693e-11
-6.3517844e-11
-6.3267849e-11
-6.1053565e-11
-6.2749986e-11
-6.0321415e-11
-6.1571415e-11
-6.1178569e-11
-6.0232125e-11
-6.0160703e-11
-6.1071412e-11
-6.0482126e-11
-5.9678554e-11
-6.0857132e-11
-5.9732129e-11
-6.192856e-11
-6.2071417e-11
-6.0999983e-11
-6.0178564e-11
-6.0732128e-11
-5.8357132e-11
-5.7839275e-11
-5.8964271e-11
-5.8785699e-11
-5.9642846e-11
-5.9785704e-11
-5.7678567e-11
-5.8535704e-11
-5.9428559e-11
-5.8785699e-11
-5.735714e-11
-5.6321409e-11
-5.8803559e-11
-5.6607139e-11
-5.8499983e-11
-5.6535703e-11
-5.8249981e-11
-5.5214271e-11
-5.7964276e-11
-5.9071414e-11
-5.653571e-11
-5.6874987e-11
-5.7785707e-11
-5.580356e-11
-5.7339276e-11
-5.726784e-11
-5.5678559e-11
-5.726784e-11
-5.6589278e-11
-5.6428556e-11
-5.7624985e-11
-5.5732131e-11
-5.6839269e-11
-5.6053568e-11
-5.7749982e-11
-5.5928564e-11
-5.5874989e-11
-5.4267847e-11
-5.5857128e-11
-5.4357133e-11
-5.5624991e-11
-5.5589273e-11
-5.4928562e-11
-5.5749981e-11
-5.6053561e-11
-5.6267848e-11
-5.5928557e-11
-5.4553556e-11
-5.5535698e-11
-5.6946416e-11
-5.571427e-11
-5.5285707e-11
-5.4392844e-11
-5.5053562e-11
-5.6196419e-11
-5.5249996e-11
-5.7374994e-11
-5.601784e-11
-5.592855e-11
-5.5499987e-11
-5.4428562e-11
-5.4696414e-11
-5.4749989e-11
-5.519642e-11
-5.6482135e-11
-5.3357128e-11
-5.6232123e-11
-5.5321418e-11
-5.5428551e-11
-5.457142e-11
-5.5232135e-11
-5.6803565e-11
-5.435713e-11
-5.5499997e-11
-5.4910704e-11
-5.47857e-11
-5.4910698e-11
-5.4982126e-11
-5.4589274e-11
-5.5089273e-11
-5.4964269e-11
-5.5410704e-11
-5.4160707e-11
-5.4928558e-11
-5.3749987e-11
-5.6499992e-11
-5.321427e-11
-5.4803558e-11
-5.362499e-11
-5.3946417e-11
-5.6999985e-11
-5.4339276e-11
-5.5517844e-11
-5.4624989e-11
-5.467856e-11
-5.4517852e-11
-5.4714271e-11
-5.310713e-11
-5.3910699e-11
-5.47857e-11
-5.4607131e-11
-5.3714273e-11
-5.4660703e-11
-5.4517852e-11
-5.2464276e-11
-5.4589278e-11
-5.5982132e-11
-5.3410703e-11
-5.560713e-11
-5.5249982e-11
-5.2482137e-11
-5.4446416e-11
-5.2535701e-11
-5.5214271e-11
-5.4642835e-11
-5.3767841e-11
-5.3642844e-11
-5.3910699e-11
-5.4910698e-11
-5.2535701e-11
-5.4232129e-11
-5.4642849e-11
-5.3982135e-11
-5.2089277e-11
-5.4357133e-11
-5.394642e-11
-5.310713e-11
-5.5714277e-11
-5.4214279e-11
-5.5517844e-11
-5.3142844e-11
-5.198213e-11
-5.4107125e-11
-5.3946417e-11
-5.5142849e-11
-5.2607127e-11
-5.4124989e-11
-5.4464266e-11
-5.3857134e-11
-5.3374988e-11
-5.5857128e-11
-5.405356e-11
-5.4410698e-11
-5.3749994e-11
-5.2446419e-11
-5.3839277e-11
-5.1678554e-11
-5.3339271e-11
-5.1946416e-11
-5.5946421e-11
-5.4374987e-11
-5.3571422e-11
-5.1571417e-11
-5.3982128e-11
-5.3124991e-11
-5.2892843e-11
-5.239285e-11
-5.2303564e-11
-5.2482137e-11
-5.3607133e-11
-5.3589272e-11
-5.2839275e-11
-5.1410706e-11
-5.1946419e-11
-5.2928564e-11
-5.2857132e-11
-5.2982133e-11
-5.3160705e-11
-5.1964277e-11
-5.2517844e-11
-5.4374987e-11
-5.3107133e-11
-5.2267839e-11
-5.3428564e-11
-5.3482132e-11
-5.3142844e-11
-5.3053562e-11
-5.3785705e-11
-5.2178557e-11
-5.2874989e-11
-5.2232132e-11
-5.2303557e-11
-5.3535704e-11
-5.1678564e-11
-5.2928557e-11
-5.3339271e-11
-5.2696417e-11
-5.2053559e-11
-5.174999e-11
-5.2624988e-11
-5.2678563e-11
-5.1482135e-11
-5.2607134e-11
-5.519642e-11
-5.3839277e-11
-5.2392844e-11
-5.3160705e-11
-5.2803557e-11
-5.2535698e-11
-5.3714276e-11
-5.3678562e-11
-5.196427e-11
-5.2035702e-11
-5.174999e-11
-5.29107e-11
-5.2339272e-11
-5.1464277e-11
-5.2446412e-11
-5.3714276e-11
-5.3196416e-11
-5.1803558e-11
-5.260713e-11
-5.3285706e-11
-5.3464282e-11
-5.1374988e-11
-5.3749987e-11
-5.2660706e-11
-5.3196416e-11
-5.4249993e-11
-5.3785705e-11
-5.2928561e-11
-5.1446417e-11
-5.3214273e-11
-5.3535704e-11
-5.3142844e-11
-5.2428561e-11
-5.1999984e-11
-5.3035704e-11
-5.1571417e-11
-5.0571415e-11
-5.217856e-11
-5.2339279e-11
-5.1232133e-11
-5.2446422e-11
-5.2857132e-11
-5.4267847e-11
-5.1392852e-11
-5.3803552e-11
-5.1732132e-11
-5.3339277e-11
-5.2267843e-11
-5.2035706e-11
-5.2964282e-11
-5.1696421e-11
-5.166071e-11
-5.2839275e-11
-5.2071413e-11
-5.2696413e-11
-5.2803557e-11
-5.3803566e-11
-5.2714277e-11
-5.2339272e-11
-5.1785704e-11
-5.2464276e-11
-5.4089271e-11
-5.2821417e-11
-5.2374993e-11
-5.3535704e-11
-5.2410711e-11
-5.1446417e-11
-5.2249996e-11
-5.271427e-11
-5.1464277e-11
-5.3839277e-11
-5.1553564e-11
-5.1803565e-11
-5.1410702e-11
-5.2999986e-11
-5.1982134e-11
-5.2071417e-11
-5.2339272e-11
-5.4321412e-11
-5.2839271e-11
-5.2124992e-11
-5.1535703e-11
-5.135713e-11
-5.0964274e-11
-5.114285e-11
-5.2732128e-11
-5.1607132e-11
-5.2553562e-11
-5.135713e-11
-5.2017852e-11
-5.3964274e-11
-5.1196419e-11
-5.3178555e-11
-5.1392841e-11
-5.2446412e-11
-5.1982134e-11
-5.3321417e-11
-5.2749988e-11
-5.1374984e-11
-5.2589277e-11
-5.039285e-11
-5.0214274e-11
-5.2999986e-11
-5.1285705e-11
-5.2982126e-11
-5.2928564e-11
-5.1749986e-11
-5.1089272e-11
-5.1303566e-11
-5.2857128e-11
-5.1499988e-11
-5.2464273e-11
-5.0946417e-11
-5.2428558e-11
-5.1160704e-11
-4.9321418e-11
-5.1892844e-11
-5.3053562e-11
-4.989285e-11
-5.051785e-11
-5.0410696e-11
-5.1178561e-11
-5.0249988e-11
-5.3410703e-11
-5.3946417e-11
-5.2285707e-11
-5.0571419e-11
-5.1482135e-11
-5.1214272e-11
-5.2053563e-11
-5.1499992e-11
-5.2928557e-11
-5.0285699e-11
-5.1660703e-11
-5.1660703e-11
-5.2607124e-11
-5.3160702e-11
-5.2464276e-11
-5.0749994e-11
-5.0892845e-11
-5.1410699e-11
-5.0678559e-11
-5.1535699e-11
-5.2035709e-11
-5.2749985e-11
-5.1696425e-11
-5.3249988e-11
-5.2303554e-11
-5.2410708e-11
-5.2821417e-11
-5.2928561e-11
-5.2982133e-11
-5.2053559e-11
-5.2249986e-11
-5.1107136e-11
-5.0589276e-11
-5.3035704e-11
-5.1821415e-11
-5.019642e-11
-5.2321418e-11
-5.0696419e-11
-5.0892845e-11
-5.1214279e-11
-5.1660707e-11
-5.3196413e-11
-5.2392847e-11
-4.9785703e-11
-5.2839271e-11
-5.3267848e-11
-5.1392845e-11
-5.2267846e-11
-5.2821417e-11
-5.0767845e-11
-5.2410701e-11
-5.2321425e-11
-5.1964277e-11
-5.1374988e-11
-5.1178561e-11
-5.2357136e-11
-5.2535705e-11
-5.1696421e-11
-5.321427e-11
-5.1624989e-11
-5.146427e-11
-5.112499e-11
-5.3124994e-11
-5.2482133e-11
-5.2571423e-11
-5.1267844e-11
-5.0714277e-11
-5.2892846e-11
-5.2482133e-11
-5.0803556e-11
-5.1464274e-11
-5.0249988e-11
-5.1839276e-11
-5.1017846e-11
-5.0821417e-11
-5.1857133e-11
-5.3339271e-11
-5.3339277e-11
-5.299999e-11
-5.2767846e-11
-5.0999992e-11
-5.3624983e-11
-5.2892853e-11
-5.4767847e-11
-5.249999e-11
-5.1053557e-11
-5.1571417e-11
-5.2553555e-11
-5.2946418e-11
-5.249999e-11
-5.3232137e-11
-5.2678556e-11
-5.3249995e-11
-5.269642e-11
-5.1535703e-11
-5.1874987e-11
-5.2178564e-11
-5.373213e-11
-5.2624984e-11
-5.3196419e-11
-5.0999989e-11
-5.351785e-11
-5.2714274e-11
-5.310713e-11
-5.2732128e-11
-5.1589275e-11
-5.1642846e-11
-5.2696413e-11
-5.019642e-11
-5.2107128e-11
-5.0857138e-11
-5.2642845e-11
-5.2053563e-11
-5.1892844e-11
-4.9196414e-11
-5.2660706e-11
-5.019642e-11
-5.2535705e-11
-5.1821419e-11
-5.0964271e-11
-5.1107136e-11
-5.0749984e-11
-5.2321415e-11
-5.1428563e-11
-5.1428563e-11
-5.0321417e-11
-5.0214277e-11
-5.019642e-11
-4.9285704e-11
-5.1696415e-11
-5.0214277e-11
-5.1910698e-11
-5.2892839e-11
-4.937499e-11
-5.092857e-11
-5.1892844e-11
-5.1392845e-11
-5.0696423e-11
-5.0696419e-11
-5.1267844e-11
-5.1285705e-11
-5.2821417e-11
-5.030356e-11
-5.2839271e-11
-5.1017843e-11
-5.1839276e-11
-5.0571419e-11
-5.0624987e-11
-5.2589273e-11
-5.0571415e-11
-5.0839274e-11
-5.1428556e-11
-5.0839274e-11
-5.1124997e-11
-5.1196415e-11
-5.0428564e-11
-5.2214278e-11
-5.0482129e-11
-5.0464275e-11
-5.1232133e-11
-5.1053557e-11
-5.0839277e-11
-5.2553559e-11
-5.1732132e-11
-5.1553564e-11
-5.3178555e-11
-5.2928564e-11
-5.2696417e-11
-5.2428561e-11
-5.1285698e-11
-5.2785703e-11
-5.1482131e-11
-5.258928e-11
-5.3517843e-11
-5.1660707e-11
-5.2196414e-11
-5.2214275e-11
-5.2196414e-11
-5.1482128e-11
-5.101785e-11
-5.2982133e-11
-5.2321422e-11
-5.2142849e-11
-5.0999989e-11
-5.2392847e-11
-5.1714268e-11
-5.1803565e-11
-5.1053564e-11
-5.0892845e-11
-5.2624995e-11
-5.1392841e-11
-5.2071424e-11
-5.2214275e-11
-5.124999e-11
-4.9928558e-11
-5.153571e-11
-5.1732129e-11
-5.3232137e-11
-5.1964277e-11
-5.1999988e-11
-5.0607133e-11
-5.0892842e-11
-5.2124985e-11
-5.2142839e-11
-5.1267848e-11
-5.2249989e-11
-5.0267845e-11
-5.0267852e-11
-5.0339278e-11
-5.0464279e-11
-5.0035701e-11
-5.0732134e-11
-5.1857133e-11
-4.9714278e-11
-5.123213e-11
-4.9482134e-11
-5.0892849e-11
-5.0964271e-11
-5.1249987e-11
-5.2607134e-11
-4.9642845e-11
-5.0374992e-11
-4.9999987e-11
-5.092856e-11
-4.9732139e-11
-5.1303562e-11
-5.1410702e-11
-5.2089274e-11
-5.0696419e-11
-5.0982135e-11
-5.2410708e-11
-5.1982127e-11
-5.0374992e-11
-4.9232136e-11
-5.1214272e-11
-5.1410706e-11
-5.1642843e-11
-5.123213e-11
-5.0392846e-11
-5.0696419e-11
-5.1821415e-11
-5.1321423e-11
-5.0946414e-11
-5.1535703e-11
-5.1249987e-11
-5.0964274e-11
-5.1196419e-11
-5.1910705e-11
-5.1428556e-11
-5.0839274e-11
-5.1107129e-11
-5.0642844e-11
-5.0499993e-11
-5.0214274e-11
-5.0249988e-11
-5.0321421e-11
-5.008928e-11
-5.0464272e-11
-5.2892846e-11
-5.1321419e-11
-5.1642843e-11
-4.9624988e-11
-5.0464279e-11
-5.0517843e-11
-5.1303562e-11
-5.114285e-11
-5.2017848e-11
-5.0946417e-11
-5.0785702e-11
-5.0374982e-11
-5.1607135e-11
-4.9660706e-11
-5.1535703e-11
-5.0321421e-11
-5.010713e-11
-5.1017846e-11
-4.9571423e-11
-5.0535697e-11
-5.0178559e-11
-5.0785706e-11
-5.1285705e-11
-5.0785706e-11
-5.0607137e-11
-5.0732137e-11
-5.1214272e-11
-5.1017843e-11
-5.1071421e-11
-5.2946422e-11
-5.1232137e-11
-4.9946412e-11
-5.1785701e-11
-5.0267845e-11
-5.0553558e-11
-4.914285e-11
-5.2089277e-11
-5.2232125e-11
-4.9535702e-11
-5.0017848e-11
-5.0857128e-11
-4.9910708e-11
-5.0589279e-11
-5.2107138e-11
-4.9767846e-11
-5.2624984e-11
-4.9696414e-11
-5.1660703e-11
-4.883928e-11
-4.9714274e-11
-5.1624986e-11
-5.0053565e-11
-5.0785699e-11
-4.937499e-11
-5.0482132e-11
-5.0357132e-11
-4.9357129e-11
-4.9124985e-11
-5.2053566e-11
-5.010713e-11
-5.1553557e-11
-5.1696415e-11
-5.1017853e-11
-5.176784e-11
-5.0678559e-11
-5.1142847e-11
-5.112499e-11
-5.0946417e-11
-4.9714267e-11
-5.0964271e-11
-5.0928563e-11
-5.1178561e-11
-4.9910708e-11
-5.0357132e-11
-5.0964278e-11
-4.8589278e-11
-5.0696423e-11
-4.9607134e-11
-4.7874989e-11
-5.0464279e-11
-5.0535704e-11
-5.1946416e-11
-5.0464282e-11
-4.9696417e-11
-5.0107137e-11
-5.0482136e-11
-4.8910705e-11
-5.0660705e-11
-4.976785e-11
-5.030356e-11
-4.8624993e-11
-4.7946421e-11
-4.9624988e-11
-4.9839275e-11
-4.894642e-11
-4.976785e-11
-5.0589269e-11
-5.0124991e-11
-4.8982134e-11
-4.9660703e-11
-5.0535708e-11
-4.9232129e-11
-5.0785702e-11
-5.0232134e-11
-5.1589275e-11
-5.0142845e-11
-5.039285e-11
-5.1464274e-11
-4.9285704e-11
-4.9696414e-11
-5.1767847e-11
-5.0089273e-11
-5.1017846e-11
-5.2053563e-11
-4.8749987e-11
-4.9964276e-11
-5.1589275e-11
-5.1482128e-11
-5.0339278e-11
-5.1946419e-11
-4.9339283e-11
-4.8982134e-11
-5.0214277e-11
-5.0357135e-11
-4.9678563e-11
-4.8214273e-11
-5.0107137e-11
-4.7535698e-11
-5.0749988e-11
-5.0428564e-11
-4.8624989e-11
-4.8232127e-11
-5.0499993e-11
-4.8767847e-11
-4.9946419e-11
-5.0660712e-11
-4.8892845e-11
-5.0571419e-11
-5.1339277e-11
-4.9589274e-11
-4.987499e-11
-5.0392843e-11
-5.0124987e-11
-5.0857134e-11
-4.883928e-11
-5.0892849e-11
-4.9107138e-11
-5.0910703e-11
-5.0571415e-11
-4.8249987e-11
-5.0464279e-11
-5.103571e-11
-5.0999992e-11
-4.9357129e-11
-4.9339272e-11
-4.9624988e-11
-5.0624987e-11
-4.9678563e-11
-4.8821419e-11
-5.0374985e-11
-5.030356e-11
-5.039285e-11
-4.9642845e-11
-5.0267849e-11
-4.9642845e-11
-5.0357132e-11
-5.1321419e-11
-5.0678559e-11
-5.0749991e-11
-5.0339271e-11
-5.0357132e-11
-5.1839276e-11
-5.0053555e-11
-4.9767843e-11
-4.8446417e-11
-5.010713e-11
-5.0982128e-11
-5.0999985e-11
-5.1714275e-11
-5.1428559e-11
-5.1732129e-11
-5.2196417e-11
-5.073213e-11
-4.9732128e-11
-5.0482129e-11
-5.0571419e-11
-5.1285705e-11
-4.9071421e-11
-4.9767846e-11
-5.1892844e-11
-5.0803559e-11
-5.2142842e-11
-5.0964271e-11
-5.0160702e-11
-5.0339271e-11
-5.0874988e-11
-5.039285e-11
-5.0071416e-11
-5.16607e-11
-5.1374991e-11
-5.0053559e-11
-5.0553558e-11
-5.2482137e-11
-5.2678559e-11
-5.1142847e-11
-5.1053561e-11
-5.030356e-11
-5.0482136e-11
-4.987499e-11
-5.1821415e-11
-5.0589276e-11
-5.1803558e-11
-5.060713e-11
-4.9803564e-11
-5.0678562e-11
-5.0607133e-11
-5.2107128e-11
-5.2035706e-11
-5.208927e-11
-5.1624989e-11
-5.1714272e-11
-5.0946414e-11
-5.3071419e-11
-5.208927e-11
-5.0642848e-11
-5.04107e-11
-5.1571421e-11
-5.123213e-11
-5.1571417e-11
-5.1499985e-11
-5.1124986e-11
-5.135713e-11
-5.0535701e-11
-4.9607131e-11
-5.0357132e-11
-5.1357127e-11
-4.9803564e-11
-4.9803557e-11
-5.0749991e-11
-4.9928561e-11
-5.0982125e-11
-5.0999996e-11
-4.989285e-11
-4.9410705e-11
-4.9696421e-11
-4.9267843e-11
-4.9196411e-11
-4.987499e-11
-5.2446422e-11
-5.051784e-11
-5.082142e-11
-5.0874988e-11
-5.2160703e-11
-4.9339283e-11
-4.957142e-11
-5.0321421e-11
-4.8999988e-11
-5.1071414e-11
-5.1249987e-11
-4.9749992e-11
-5.0232131e-11
-5.0232134e-11
-4.9339272e-11
-4.8678561e-11
-4.844642e-11
-5.0071416e-11
-4.8357131e-11
-4.9446419e-11
-4.9749989e-11
-4.8749987e-11
-5.0089273e-11
-4.8071418e-11
-5.0446414e-11
-4.9392844e-11
-4.8714272e-11
-4.9499987e-11
-4.9071417e-11
-4.9267847e-11
-4.8714276e-11
-5.0392846e-11
-5.0803563e-11
-4.885713e-11
-4.8482132e-11
-4.782142e-11
-4.9767839e-11
-4.9589277e-11
-4.7410704e-11
-4.9767846e-11
-4.8803555e-11
-4.9607131e-11
-4.8732129e-11
-4.9446423e-11
-5.0053559e-11
-5.0053562e-11
-5.0999989e-11
-4.9053556e-11
-4.9624988e-11
-5.0053559e-11
-4.9696421e-11
-4.9124985e-11
-5.1785704e-11
-5.0089273e-11
-4.9624988e-11
-4.8339274e-11
-5.0571419e-11
-4.853571e-11
-4.9946419e-11
-5.0374985e-11
-4.9910701e-11
-4.905356e-11
-4.9196414e-11
-4.9535705e-11
-4.8857127e-11
-4.9232129e-11
-5.1321416e-11
-4.8535707e-11
-4.999999e-11
-5.051784e-11
-4.9339272e-11
-5.1767847e-11
-5.0089276e-11
-5.135713e-11
-4.9428558e-11
-4.91607e-11
-5.2035702e-11
-5.0446421e-11
-4.894642e-11
-5.0874988e-11
-5.0142841e-11
-5.0482129e-11
-5.0839274e-11
-5.1589271e-11
-5.1571421e-11
-5.2892846e-11
-5.0464275e-11
-5.1964277e-11
-5.2660706e-11
-5.3910699e-11
-5.3428557e-11
-5.1839276e-11
-5.2910704e-11
-5.2732138e-11
-5.258928e-11
-5.3535697e-11
-4.999999e-11
-5.4107139e-11
-5.1946419e-11
-5.1017843e-11
-5.2607127e-11
-5.0107134e-11
-5.1696418e-11
-5.0749991e-11
-5.0017848e-11
-5.0785706e-11
-5.0267849e-11
-5.0857128e-11
-5.0607133e-11
-5.1285712e-11
-5.0142848e-11
-4.9517848e-11
-5.1696421e-11
-5.1464274e-11
-5.1874987e-11
-5.0892852e-11
-5.1267844e-11
-4.9107132e-11
-5.008928e-11
-4.905356e-11
-4.8553557e-11
-5.0767848e-11
-4.9267847e-11
-4.9053556e-11
-5.0160705e-11
-4.9571416e-11
-5.0660705e-11
-5.0035705e-11
-5.1303562e-11
-5.0392853e-11
-5.0142845e-11
-4.9928561e-11
-4.8285709e-11
-4.9982133e-11
-5.0839274e-11
-5.0910703e-11
-4.8214276e-11
-5.0303563e-11
-4.8482132e-11
-5.0267845e-11
-5.0964278e-11
-5.123213e-11
-5.1499992e-11
-4.9339279e-11
-5.0785706e-11
-4.9803561e-11
-5.0267845e-11
-4.9964276e-11
-5.039285e-11
-5.0178566e-11
-4.9232129e-11
-4.948213e-11
-4.885713e-11
-4.9374987e-11
-4.9464269e-11
-4.9517845e-11
-4.9124992e-11
-5.1160704e-11
-4.8089276e-11
-5.0285706e-11
-5.0410703e-11
-4.9232125e-11
-4.9946419e-11
-4.9071421e-11
-4.9607134e-11
-5.0089276e-11
-4.9124989e-11
-4.905356e-11
-4.987499e-11
-5.0428554e-11
-5.0749991e-11
-5.0285703e-11
-4.8482132e-11
-4.9428562e-11
-5.0696416e-11
-5.0821423e-11
-5.060713e-11
-4.8267848e-11
-5.0071416e-11
-5.114285e-11
-5.0678559e-11
-4.8785705e-11
-5.0089276e-11
-5.0696416e-11
-5.0910703e-11
-4.8767847e-11
-4.9035703e-11
-4.9535702e-11
-5.0339278e-11
-4.8392842e-11
-4.9839279e-11
-4.9964272e-11
-4.8321413e-11
-4.9732132e-11
-4.9767846e-11
-5.0053565e-11
-4.8624989e-11
-4.9089281e-11
-4.9374987e-11
-4.8571421e-11
-4.885713e-11
-4.8392849e-11
-4.9303565e-11
-4.9642849e-11
-4.8017847e-11
-4.7357132e-11
-4.91607e-11
-4.8499996e-11
-4.8160708e-11
-5.0374989e-11
-4.9839275e-11
-4.7910703e-11
-5.0696423e-11
-4.8089279e-11
-5.0339274e-11
-4.812499e-11
-4.7857135e-11
-4.9339276e-11
-4.9892847e-11
-4.9624988e-11
-4.9624985e-11
-4.9517852e-11
-4.853571e-11
-5.0089276e-11
-5.021427e-11
-4.8678561e-11
-4.8339277e-11
-5.0535704e-11
-4.6839279e-11
-4.9714278e-11
-5.0285706e-11
-5.0017851e-11
-4.9321418e-11
-4.8803562e-11
-4.9660703e-11
-4.8678561e-11
-5.0339274e-11
-4.91607e-11
-4.9053563e-11
-4.9107138e-11
-4.8999988e-11
-4.9964276e-11
-4.8678561e-11
-5.0553554e-11
-4.7821413e-11
-5.0285699e-11
-4.9446416e-11
-4.9142846e-11
-4.9124985e-11
-5.04107e-11
-4.8482132e-11
-4.8214273e-11
-4.7928564e-11
-4.9035706e-11
-4.8874991e-11
-4.8374995e-11
-5.0035698e-11
-4.9874993e-11
-4.8874991e-11
-4.7928553e-11
-5.0732141e-11
-4.9928561e-11
-4.8999988e-11
-4.9607131e-11
-4.9999987e-11
-5.0249992e-11
-4.9749989e-11
-4.9285704e-11
-5.0035705e-11
-5.0214274e-11
-5.0517843e-11
-5.0446421e-11
-5.0017851e-11
-5.0553558e-11
-5.0607126e-11
-5.060713e-11
-4.9696417e-11
-5.1053557e-11
-5.2464273e-11
-5.1089268e-11
-5.114285e-11
-5.0446421e-11
-4.9232132e-11
-4.8571418e-11
-5.0267845e-11
-5.1696418e-11
-4.9660703e-11
-5.0071419e-11
-4.8892841e-11
-5.0678559e-11
-4.9535705e-11
-4.9607138e-11
-4.9696417e-11
-4.9785707e-11
-4.9160703e-11
-4.9499994e-11
-4.9107132e-11
-4.9482134e-11
-4.8749987e-11
-5.0803563e-11
-4.7035702e-11
-4.8714272e-11
-4.9017845e-11
-4.9214278e-11
-5.0053555e-11
-4.9410708e-11
-5.0785702e-11
-5.0946417e-11
-5.0178566e-11
-4.9928561e-11
-4.9999987e-11
-5.1303559e-11
-5.1839276e-11
-5.0803563e-11
-5.0857128e-11
-4.9964276e-11
-5.135713e-11
-5.2392847e-11
-5.010713e-11
-5.1160704e-11
-5.1946412e-11
-5.051785e-11
-5.114285e-11
-5.0464272e-11
-5.0232131e-11
-5.0928557e-11
-4.9607134e-11
-4.8964277e-11
-5.0142845e-11
-5.0071416e-11
-4.9517848e-11
-4.8857134e-11
-5.0642841e-11
-4.9071421e-11
-4.9321418e-11
-5.0374992e-11
-4.8571421e-11
-4.914285e-11
-4.9642849e-11
-5.0357135e-11
-5.1303562e-11
-5.019642e-11
-5.133928e-11
-4.8928559e-11
-4.9696414e-11
-5.0946417e-11
-4.8982134e-11
-5.019642e-11
-4.9874986e-11
-4.9517852e-11
-4.9642845e-11
-4.9482141e-11
-4.9624988e-11
-5.0107127e-11
-4.9071424e-11
-4.9535702e-11
-5.0535704e-11
-5.1107136e-11
-5.0232134e-11
-4.9749985e-11
-4.9732139e-11
-5.0339278e-11
-5.0392846e-11
-4.9160707e-11
-4.9303565e-11
-4.9821418e-11
-5.1053561e-11
-4.9107132e-11
-4.9982133e-11
-4.9464273e-11
-4.8482138e-11
-4.914285e-11
-4.8374988e-11
-4.9857132e-11
-4.9660703e-11
-5.1124986e-11
-4.823213e-11
-4.9821421e-11
-4.9660706e-11
-4.9303568e-11
-4.9607127e-11
-4.9303561e-11
-5.0053559e-11
-5.217856e-11
-5.0678566e-11
-4.989285e-11
-5.0214277e-11
-4.9410705e-11
-5.2499987e-11
-4.989285e-11
-4.9732139e-11
-4.9196421e-11
-4.8803565e-11
-4.9214278e-11
-4.948213e-11
-5.0821417e-11
-5.0285706e-11
-5.0374985e-11
-4.9571413e-11
-4.9392851e-11
-4.9642845e-11
-5.0017848e-11
-5.0160705e-11
-4.9249993e-11
-5.0982132e-11
-4.8874991e-11
-4.9821421e-11
-5.1160708e-11
-4.916071e-11
-5.0749991e-11
-4.8321413e-11
-4.9696421e-11
-4.905356e-11
-4.903571e-11
-4.8392852e-11
-5.0767845e-11
-4.9285704e-11
-5.0285699e-11
-4.9803568e-11
-4.9642849e-11
-4.905356e-11
-4.9535702e-11
-4.7607134e-11
-4.9535702e-11
-4.9624985e-11
-4.842856e-11
-4.7428561e-11
-4.8357131e-11
-4.9303561e-11
-4.7017844e-11
-4.8374988e-11
-4.9249993e-11
-4.8714279e-11
-4.9267843e-11
-5.0089276e-11
-4.9107132e-11
-4.7160706e-11
-4.8571425e-11
-4.8696418e-11
-4.8696422e-11
-4.9249993e-11
-4.780356e-11
-4.739285e-11
-4.8767851e-11
-4.7660702e-11
-4.7321425e-11
-4.8732129e-11
-4.8999995e-11
-4.8285709e-11
-4.9249993e-11
-4.8482135e-11
-4.9249993e-11
-4.9428555e-11
-4.8767847e-11
-4.8464271e-11
-4.7982132e-11
-4.9499987e-11
-4.9303565e-11
-4.8535703e-11
-4.7410707e-11
-4.8124994e-11
-4.7839274e-11
-4.9142846e-11
-4.8982134e-11
-4.9428558e-11
-4.926784e-11
-4.864285e-11
-4.8428563e-11
-4.9607131e-11
-5.1482135e-11
-4.8267848e-11
-5.0589279e-11
-4.8017843e-11
-4.8053565e-11
-4.8446417e-11
-4.873214e-11
-5.0071416e-11
-4.8910709e-11
-4.91607e-11
-4.8249991e-11
-5.0053565e-11
-4.9535698e-11
-4.8678561e-11
-4.9017852e-11
-5.060713e-11
-4.7232135e-11
-4.749999e-11
-4.9839275e-11
-4.9017849e-11
-4.7035705e-11
-4.9553566e-11
-4.8178558e-11
-4.8410706e-11
-4.7357136e-11
-4.7464272e-11
-4.7142849e-11
-4.9089274e-11
-4.8642847e-11
-4.9749989e-11
-4.7392847e-11
-4.7053566e-11
-4.7249992e-11
-4.8517849e-11
-4.9107135e-11
-4.792856e-11
-4.7767845e-11
-4.9821418e-11
-4.6785704e-11
-4.9089281e-11
-4.7642841e-11
-4.8946416e-11
-4.8482132e-11
-4.8410703e-11
-4.7785702e-11
-4.8928559e-11
-4.7660702e-11
-4.7053566e-11
-4.8142844e-11
-4.8392845e-11
-4.8035704e-11
-4.748214e-11
-4.8839283e-11
-4.9178567e-11
-4.9446419e-11
-5.0107134e-11
-4.9446416e-11
-5.0285699e-11
-4.6982133e-11
-4.8642847e-11
-4.7517851e-11
-4.801785e-11
-4.9410705e-11
-4.6749986e-11
-5.0642848e-11
-4.8124987e-11
-4.7607134e-11
-4.9482137e-11
-5.0071412e-11
-4.8410703e-11
-5.0428561e-11
-4.8660704e-11
-4.9642845e-11
-4.739285e-11
-4.999999e-11
-4.8928559e-11
-4.7999989e-11
-4.8982134e-11
-5.0267845e-11
-4.9196414e-11
-4.8142854e-11
-4.7892846e-11
-4.8660704e-11
-4.7053562e-11
-4.7999986e-11
-4.7696416e-11
-5.0178559e-11
-4.8714272e-11
-4.7517847e-11
-4.8249987e-11
-4.8910702e-11
-4.9124989e-11
-4.7267846e-11
-4.823213e-11
-4.8785705e-11
-4.5910702e-11
-4.707142e-11
-4.7749988e-11
-4.9767843e-11
-4.782142e-11
-4.9767843e-11
-4.9017845e-11
-4.7785706e-11
-4.989285e-11
-4.9535702e-11
-4.8892845e-11
-4.7178563e-11
-4.8285705e-11
-4.7910707e-11
-4.9714271e-11
-4.7964275e-11
-4.9428562e-11
-4.8357131e-11
-4.8732136e-11
-4.6589274e-11
-4.9017845e-11
-4.8178562e-11
-5.051785e-11
-4.8089272e-11
-4.8821419e-11
-4.812499e-11
-4.719642e-11
-4.9732135e-11
-4.9767843e-11
-4.8196416e-11
-4.9196414e-11
-4.8928559e-11
-4.7071423e-11
-4.8803565e-11
-4.739285e-11
-4.7732134e-11
-4.7553565e-11
-4.801785e-11
-4.7499987e-11
-4.8178565e-11
-4.9357129e-11
-4.9517848e-11
-4.8499989e-11
-4.8714272e-11
-4.8589271e-11
-4.9214275e-11
-4.9071417e-11
-4.8714272e-11
-4.8571418e-11
-4.903571e-11
-4.8678561e-11
-4.9107132e-11
-4.730356e-11
-4.7874989e-11
-4.7071413e-11
-4.9714278e-11
-4.9089278e-11
-4.7339282e-11
-4.8089279e-11
-4.7839281e-11
-4.6124993e-11
-4.8624989e-11
-4.8303559e-11
-4.8767844e-11
-4.916071e-11
-4.7214278e-11
-4.8553564e-11
-4.7982136e-11
-4.8303563e-11
-4.7321425e-11
-4.9392844e-11
-5.0392843e-11
-4.8767847e-11
-4.7374989e-11
-4.7374989e-11
-4.9553563e-11
-4.874999e-11
-4.8285705e-11
-4.7303564e-11
-4.7910707e-11
-4.6482131e-11
-4.8999995e-11
-4.9249993e-11
-4.8089272e-11
-4.7553562e-11
-4.7196417e-11
-4.8535707e-11
-4.8928559e-11
-4.6874987e-11
-4.8482138e-11
-4.6785704e-11
-4.8339277e-11
-4.8857137e-11
-4.9714274e-11
-4.7964275e-11
-4.7732134e-11
-4.9589277e-11
-4.7607134e-11
-4.7714284e-11
-4.8357131e-11
-5.0374985e-11
-4.7107127e-11
-4.9553559e-11
-5.0410696e-11
-4.7535701e-11
-5.0642848e-11
-4.8142847e-11
-4.8089276e-11
-5.0017844e-11
-4.9821421e-11
-4.9178564e-11
-4.8089276e-11
-4.8089279e-11
-4.8535703e-11
-4.8910705e-11
-4.8392845e-11
-4.9624992e-11
-4.9124992e-11
-4.644642e-11
-5.008927e-11
-4.7642841e-11
-4.8964277e-11
-4.7553565e-11
-4.8553554e-11
-4.7196417e-11
-4.8482128e-11
-4.7642845e-11
-4.8142847e-11
-4.8499996e-11
-4.780356e-11
-4.7089277e-11
-4.967856e-11
-4.5892852e-11
-4.9660703e-11
-4.8321416e-11
-4.8142847e-11
-4.9232132e-11
-4.8785705e-11
-4.7767845e-11
-4.8499985e-11
-4.7053566e-11
-4.7946421e-11
-4.719642e-11
-4.7035705e-11
-4.7999993e-11
-4.8482132e-11
-4.6785704e-11
-4.749999e-11
-4.8607132e-11
-4.7428561e-11
-4.7803563e-11
-4.7714274e-11
-4.7589276e-11
-4.6821425e-11
-4.9392851e-11
-4.7321425e-11
-4.7482136e-11
-4.7249982e-11
-4.646428e-11
-4.7464276e-11
-4.7160706e-11
-4.7642851e-11
-4.7892846e-11
-4.7892846e-11
-4.8464278e-11
-4.9053563e-11
-4.7874989e-11
-4.7732134e-11
-4.782142e-11
-4.739285e-11
-4.7946418e-11
-4.7910707e-11
-4.7999993e-11
-4.8053561e-11
-4.7464276e-11
-4.8107129e-11
-4.8874994e-11
-4.7839274e-11
-4.7928564e-11
-4.8357134e-11
-4.8678558e-11
-4.8732133e-11
-4.8071422e-11
-4.7160702e-11
-4.7232131e-11
-4.7821413e-11
-4.769642e-11
-4.7392847e-11
-4.7267846e-11
-4.9017845e-11
-4.8446414e-11
-4.7892849e-11
-4.9553563e-11
-4.8464278e-11
-4.8428563e-11
-4.8982131e-11
-4.9017845e-11
-4.8410703e-11
-4.7910703e-11
-4.7785709e-11
-4.8714279e-11
-4.9339272e-11
-4.8410703e-11
-4.8696418e-11
-4.937499e-11
-4.8232137e-11
-4.6732136e-11
-4.9446416e-11
-5.0446414e-11
-4.8928563e-11
-4.8392845e-11
-4.9428555e-11
-4.8410703e-11
-4.7857131e-11
-4.7339278e-11
-4.7214271e-11
-4.6071424e-11
-5.0428564e-11
-4.8624986e-11
-4.8696422e-11
-4.9357136e-11
-4.7321421e-11
-4.7392847e-11
-4.8160708e-11
-4.7839271e-11
-5.0428561e-11
-4.8517849e-11
-4.9285704e-11
-4.7053562e-11
-4.9017845e-11
-4.9285704e-11
-4.8571425e-11
-4.8678561e-11
-4.9017845e-11
-4.9178564e-11
-4.760713e-11
-4.8749994e-11
-4.8892845e-11
-4.9374994e-11
-5.0232134e-11
-4.7053559e-11
-4.8749997e-11
-4.8071422e-11
-4.9017849e-11
-4.7446418e-11
-4.719642e-11
-4.8267845e-11
-4.8267852e-11
-4.9517845e-11
-4.8839273e-11
-4.8446417e-11
-4.6982133e-11
-4.8214273e-11
-4.728571e-11
-4.8982131e-11
-4.7999993e-11
-4.6857133e-11
-4.8285705e-11
-4.8017843e-11
-4.86607e-11
-5.0160712e-11
-4.8339277e-11
-4.7982136e-11
-4.8142844e-11
-4.8410703e-11
-4.9035703e-11
-4.7089277e-11
-4.7339278e-11
-4.8410703e-11
-4.7124988e-11
-4.6999991e-11
-4.7178567e-11
-4.6303558e-11
-4.7464279e-11
-4.7446418e-11
-4.8339277e-11
-4.8732129e-11
-4.812499e-11
-4.7767845e-11
-4.801785e-11
-4.782142e-11
-4.7785709e-11
-4.8857127e-11
-4.8053565e-11
-4.8285698e-11
-4.8874994e-11
-4.7660702e-11
-4.8767847e-11
-5.062499e-11
-4.7446415e-11
-4.7821417e-11
-4.8107136e-11
-4.91607e-11
-4.9482134e-11
-5.0017844e-11
-4.7607127e-11
-4.9178564e-11
-4.9214275e-11
-4.7999996e-11
-5.0249988e-11
-4.7553565e-11
-4.9660703e-11
-4.8249987e-11
-4.9553556e-11
-4.7982139e-11
-4.9321418e-11
-4.812499e-11
-4.719642e-11
-4.6089268e-11
-4.9285707e-11
-4.8160708e-11
-4.8785705e-11
-4.730356e-11
-4.9553563e-11
-4.6374991e-11
-4.7303557e-11
-4.8089279e-11
-4.7714277e-11
-4.7767845e-11
-4.9464276e-11
-4.707142e-11
-4.7964275e-11
-4.7982132e-11
-4.7785709e-11
-4.7249992e-11
-4.7999993e-11
-4.8303559e-11
-4.7892849e-11
-4.7464272e-11
-4.8071418e-11
-4.7946421e-11
-4.7821413e-11
-4.7982136e-11
-4.7535708e-11
-4.717856e-11
-4.5839277e-11
-4.8839276e-11
-4.730356e-11
-4.7821424e-11
-4.614285e-11
-4.635713e-11
-4.6749993e-11
-4.7910703e-11
-4.7982129e-11
-4.7107138e-11
-4.8499989e-11
-4.6660707e-11
-4.8053558e-11
-4.6535702e-11
-4.7928567e-11
-4.8517849e-11
-4.7999993e-11
-4.7982125e-11
-4.8642847e-11
-4.5589282e-11
-4.7999993e-11
-4.6589278e-11
-4.7339275e-11
-4.5999989e-11
-4.7749991e-11
-4.7839281e-11
-4.7464283e-11
-4.8607132e-11
-4.6714271e-11
-4.5874991e-11
-4.8178562e-11
-4.9196418e-11
-4.7624994e-11
-4.6803561e-11
-4.7749988e-11
-4.730356e-11
-4.8535707e-11
-4.719642e-11
-4.7178567e-11
-4.8499992e-11
-4.6946419e-11
-4.7124988e-11
-4.5999992e-11
-4.7357132e-11
-4.5303563e-11
-4.7017848e-11
-4.7142849e-11
-4.7553565e-11
-4.6910701e-11
-4.8357131e-11
-4.8607129e-11
-4.8124987e-11
-4.6964276e-11
-4.7964268e-11
-4.676785e-11
-4.8071418e-11
-4.8803558e-11
-4.7928564e-11
-4.8053558e-11
-4.7517851e-11
-4.6999991e-11
-4.8321416e-11
-4.8660704e-11
-4.8321416e-11
-4.6839276e-11
-4.7017848e-11
-4.8803562e-11
-4.8357131e-11
-4.6160704e-11
-4.7785706e-11
-4.6571417e-11
-4.7339275e-11
-4.7732134e-11
-4.7767849e-11
-4.9732132e-11
-4.8732129e-11
-4.8053565e-11
-4.7803563e-11
-4.7374993e-11
-4.6749993e-11
-4.9053563e-11
-4.8910709e-11
-4.9142843e-11
-4.9982126e-11
-4.8964277e-11
-4.8178555e-11
-4.5642851e-11
-4.7053566e-11
-4.7874989e-11
-4.8874984e-11
-4.7428561e-11
-4.7696416e-11
-4.7982132e-11
-4.7964282e-11
-4.6714282e-11
-4.8714272e-11
-4.7678566e-11
-4.8982134e-11
-4.6696418e-11
-4.8589278e-11
-4.8267845e-11
-4.8321416e-11
-4.6785707e-11
-4.9410701e-11
-4.8660697e-11
-4.7732131e-11
-4.7107138e-11
-4.8714276e-11
-4.8714272e-11
-4.6214272e-11
-4.7874996e-11
-4.832142e-11
-4.7732134e-11
-4.6035706e-11
-4.7499987e-11
-4.7249985e-11
-4.7410704e-11
-4.9089281e-11
-4.7214274e-11
-4.8196419e-11
-4.8446417e-11
-4.7874992e-11
-4.7749985e-11
-4.7678566e-11
-4.7446418e-11
-4.7321418e-11
-4.8339274e-11
-4.6642849e-11
-4.7392847e-11
-4.7749985e-11
-4.7732131e-11
-4.6928562e-11
-4.6571413e-11
-4.6089278e-11
-4.7214274e-11
-4.8339277e-11
-4.687499e-11
-4.9517852e-11
-4.730356e-11
-4.7107134e-11
-4.8499989e-11
-4.7071416e-11
-4.8053561e-11
-4.7803563e-11
-4.623214e-11
-4.8107129e-11
-4.7678566e-11
-4.7749988e-11
-4.6660707e-11
-4.7749988e-11
-4.8857134e-11
-4.8482135e-11
-4.7982132e-11
-4.8696422e-11
-4.8607132e-11
-4.7374989e-11
-4.8410713e-11
-4.9749989e-11
-4.6428566e-11
-4.7107127e-11
-4.8499992e-11
-4.7285714e-11
-4.5749998e-11
-4.8285702e-11
-4.6071421e-11
-4.8982134e-11
-4.7071416e-11
-4.8374992e-11
-4.8785701e-11
-4.9374994e-11
-4.8160708e-11
-4.855356e-11
-4.7964282e-11
-4.8821412e-11
-4.6607135e-11
-4.8392845e-11
-4.6803561e-11
-4.855356e-11
-4.7767845e-11
-4.8410703e-11
-4.7892842e-11
-4.8892848e-11
-4.7732131e-11
-4.9178561e-11
-4.7535708e-11
-4.8446414e-11
-4.8107136e-11
-4.8214273e-11
-4.8499985e-11
-4.7124988e-11
-4.8589275e-11
-4.7124988e-11
-4.719642e-11
-4.6714275e-11
-4.7678566e-11
-4.74107e-11
-4.8035707e-11
-4.7839278e-11
-4.7928567e-11
-4.8767847e-11
-4.7178567e-11
-4.7142849e-11
-4.8999985e-11
-4.8374988e-11
-4.8053565e-11
-4.5982131e-11
-4.9053556e-11
-4.657142e-11
-4.8678561e-11
-4.7410704e-11
-4.7428561e-11
-4.8142847e-11
-4.7071423e-11
-4.6803564e-11
-4.7964271e-11
-4.6767847e-11
-4.6928562e-11
-4.655356e-11
-4.7446422e-11
-4.6553556e-11
-4.696428e-11
-4.7732134e-11
-4.6857133e-11
-4.7535698e-11
-4.6249993e-11
-4.7374982e-11
-4.7464272e-11
-4.9160703e-11
-4.8410706e-11
-4.7089277e-11
-4.8160705e-11
-4.7089277e-11
-4.8499992e-11
-4.8767851e-11
-4.6749993e-11
-4.9410701e-11
-4.782142e-11
-4.9839279e-11
-4.6892847e-11
-4.9142853e-11
-4.8839276e-11
-4.6160711e-11
-4.8339277e-11
-4.9107135e-11
-4.7446418e-11
-4.9535698e-11
-4.7660709e-11
-4.769642e-11
-4.7464276e-11
-4.8571418e-11
-4.8089272e-11
-4.7446415e-11
-4.8017847e-11
-4.6839279e-11
-4.8553564e-11
-4.948213e-11
-4.5160705e-11
-4.7035702e-11
-4.9321418e-11
-4.7999993e-11
-4.8874991e-11
-4.9107132e-11
-4.8714276e-11
-4.7642848e-11
-4.8874991e-11
-4.7964278e-11
-4.8785705e-11
-4.7321421e-11
-4.885713e-11
-4.8071418e-11
-4.6624992e-11
-4.894642e-11
-4.8089276e-11
-4.9196418e-11
-4.9732135e-11
-4.9249993e-11
-4.853571e-11
-4.6642846e-11
-4.8749987e-11
-4.8910705e-11
-4.7499994e-11
-4.9124985e-11
-4.9339276e-11
-4.7785702e-11
-4.8660704e-11
-4.7910696e-11
-4.9982133e-11
-4.792856e-11
-4.7660702e-11
-4.9214278e-11
-4.7982136e-11
-4.717856e-11
-4.6624989e-11
-4.7517844e-11
-4.6214279e-11
-4.8160701e-11
-4.7714277e-11
-4.9160707e-11
-4.8267848e-11
-4.6267847e-11
-4.8607132e-11
-4.7785709e-11
-4.8124987e-11
-4.7749995e-11
-4.644642e-11
-4.989285e-11
-4.687499e-11
-4.7553565e-11
-4.7589273e-11
-4.7821417e-11
-4.7178553e-11
-4.8267848e-11
-4.6857129e-11
-4.8357131e-11
-4.8589271e-11
-4.5696419e-11
-4.8124987e-11
-4.8017847e-11
-4.7678562e-11
-4.8589275e-11
-4.8964281e-11
-4.8660707e-11
-4.7857135e-11
-4.7214281e-11
-4.8428563e-11
-4.812499e-11
-4.7589276e-11
-4.7642848e-11
-4.7107134e-11
-4.8089276e-11
-4.4410704e-11
-4.814284e-11
-4.562499e-11
-4.7857128e-11
-4.7696416e-11
-4.8107129e-11
-4.792856e-11
-4.6357137e-11
-4.8303559e-11
-4.8339277e-11
-4.9499987e-11
-4.8142847e-11
-4.6624985e-11
-4.5982131e-11
-4.7660709e-11
-4.8339277e-11
-4.9624992e-11
-4.7624991e-11
-4.7857131e-11
-4.8517846e-11
-4.7857138e-11
-4.8303559e-11
-4.8999992e-11
-4.8339277e-11
-4.7839271e-11
-4.6517845e-11
-4.844642e-11
-4.896427e-11
-4.864285e-11
-4.8499989e-11
-4.7553562e-11
-4.6928555e-11
-4.7660705e-11
-4.657142e-11
-4.7767849e-11
-4.894642e-11
-4.812499e-11
-4.780356e-11
-4.5803559e-11
-4.8892848e-11
-4.7642848e-11
-4.7946418e-11
-4.7374993e-11
-4.8196423e-11
-4.8053565e-11
-4.8410703e-11
-4.614285e-11
-4.7321425e-11
-4.748214e-11
-4.7267849e-11
-4.8196416e-11
-4.9089274e-11
-4.7303557e-11
-4.7214278e-11
-4.6767847e-11
-4.8839276e-11
-4.6017853e-11
-4.6017849e-11
-4.7035709e-11
-4.7839274e-11
-4.7821413e-11
-4.6749986e-11
-4.7357132e-11
-4.7482133e-11
-4.719642e-11
-4.655356e-11
-4.7089277e-11
-4.6357137e-11
-4.8589271e-11
-4.530356e-11
-4.7624991e-11
-4.426785e-11
-4.6482134e-11
-4.957142e-11
-4.748214e-11
-4.8035704e-11
-4.8214269e-11
-4.7392847e-11
-4.7714284e-11
-4.7285703e-11
-4.6928558e-11
-4.821428e-11
-4.8017854e-11
-4.7964275e-11
-4.9017842e-11
-4.8035704e-11
-4.8249987e-11
-4.5821416e-11
-4.8214276e-11
-4.7232128e-11
-4.894642e-11
-4.8839276e-11
-4.707142e-11
-4.7178556e-11
-4.7874996e-11
-4.864285e-11
-4.8428563e-11
-4.9464276e-11
-4.8160701e-11
-4.79107e-11
-4.8392849e-11
-4.6124989e-11
-4.7678559e-11
-4.6160711e-11
-4.6321419e-11
-4.667856e-11
-4.749999e-11
-4.6446423e-11
-4.8624989e-11
-4.8357134e-11
-4.6910704e-11
-4.6107135e-11
-4.7660698e-11
-4.7357139e-11
-4.8892848e-11
-4.6999994e-11
-4.7892846e-11
-4.760713e-11
-4.8678565e-11
-4.6089275e-11
-4.6053557e-11
-4.635713e-11
-4.6267847e-11
-4.6321415e-11
-4.5535704e-11
-4.6624989e-11
-4.7839274e-11
-4.6839282e-11
-4.7767845e-11
-4.7464272e-11
-4.7428561e-11
-4.655356e-11
-4.6928558e-11
-4.8571418e-11
-4.6999984e-11
-4.6624989e-11
-4.7035702e-11
-4.6214275e-11
-4.6964273e-11
-4.7107138e-11
-4.8214276e-11
-4.6017849e-11
-4.8482128e-11
-4.6821418e-11
-4.7285707e-11
-4.9928561e-11
-4.6714282e-11
-4.74107e-11
-4.7785706e-11
-4.7732138e-11
-4.7535705e-11
-4.8464274e-11
-4.6428559e-11
-4.8053558e-11
-4.8196419e-11
-4.5910706e-11
-4.801785e-11
-4.6089271e-11
-4.6285701e-11
-4.6803561e-11
-4.614285e-11
-4.9053563e-11
-4.5589272e-11
-4.624999e-11
-4.7267846e-11
-4.8196419e-11
-4.6964273e-11
-4.6267851e-11
-4.7035705e-11
-4.6910711e-11
-4.7821413e-11
-4.676785e-11
-4.6910708e-11
-4.5946417e-11
-4.5357135e-11
-4.760713e-11
-4.7642848e-11
-4.8749987e-11
-4.7107134e-11
-4.7821424e-11
-4.8071422e-11
-4.6339273e-11
-4.8321416e-11
-4.5624993e-11
-4.8089272e-11
-4.6428566e-11
-4.9910704e-11
-4.7142852e-11
-4.707142e-11
-4.7089273e-11
-4.6410709e-11
-4.7624994e-11
-4.7303564e-11
-4.8571425e-11
-4.8678558e-11
-4.8517846e-11
-4.9017845e-11
-4.7267846e-11
-4.9410705e-11
-4.8749987e-11
-4.657142e-11
-4.717856e-11
-4.8517846e-11
-4.8017847e-11
-4.8053565e-11
-4.6232129e-11
-4.8749987e-11
-4.7357132e-11
-4.6303565e-11
-4.7839278e-11
-4.8517849e-11
-4.7035709e-11
-4.7642848e-11
-4.6321419e-11
-4.7232128e-11
-4.6410705e-11
-4.7767849e-11
-4.9678563e-11
-4.7160706e-11
-4.7999989e-11
-4.7982129e-11
-4.6857136e-11
-4.6749986e-11
-4.739285e-11
-4.8321416e-11
-4.8035707e-11
-4.6910708e-11
-4.7857128e-11
-4.9267843e-11
-4.9285704e-11
-4.644642e-11
-4.6553563e-11
-4.8303566e-11
-4.8696422e-11
-4.7839274e-11
-4.6839279e-11
-4.8892848e-11
-4.4660702e-11
-4.7464276e-11
-4.7624991e-11
-4.6785704e-11
-4.758928e-11
-4.7232128e-11
-4.7178556e-11
-4.8124997e-11
-4.6357133e-11
-4.8714276e-11
-4.7249992e-11
-4.7821424e-11
-4.8142844e-11
-4.633928e-11
-4.8053561e-11
-4.6928558e-11
-4.7982129e-11
-4.8749987e-11
-4.707142e-11
-4.7749991e-11
-4.7249992e-11
-4.9428562e-11
-4.7999986e-11
-4.8714272e-11
-4.8071418e-11
-4.6535706e-11
-4.7767845e-11
-4.7839274e-11
-4.8124994e-11
-4.655356e-11
-4.9660703e-11
-4.707142e-11
-4.5946417e-11
-4.7785702e-11
-4.8821423e-11
-4.6124989e-11
-4.8428563e-11
-4.79107e-11
-4.685714e-11
-4.6964276e-11
-4.7089277e-11
-4.6339273e-11
-4.9624988e-11
-4.8178555e-11
-4.7732134e-11
-4.7446418e-11
-4.7357136e-11
-4.782142e-11
-4.9142846e-11
-4.6982137e-11
-4.9571413e-11
-4.814284e-11
-4.8071418e-11
-4.7017844e-11
-4.7607137e-11
-4.7410704e-11
-4.8714272e-11
-4.7035702e-11
-4.8410706e-11
-4.8410703e-11
-4.6339283e-11
-4.739285e-11
-4.7499987e-11
-4.6892847e-11
-4.5517846e-11
-4.6196425e-11
-4.5714276e-11
-4.8428563e-11
-4.667856e-11
-4.6910701e-11
-4.7428565e-11
-4.6410705e-11
-4.6732129e-11
-4.6357137e-11
-4.6821418e-11
-4.6571417e-11
-4.6999987e-11
-4.5446417e-11
-4.6535702e-11
-4.739285e-11
-4.6499991e-11
-4.7678562e-11
-4.582142e-11
-4.657142e-11
-4.6535706e-11
-4.6392855e-11
-4.5732133e-11
-4.5910702e-11
-4.6714282e-11
-4.6464284e-11
-4.7410704e-11
-4.6857129e-11
-4.7624998e-11
-4.7249989e-11
-4.7767852e-11
-4.5749991e-11
-4.6999994e-11
-4.6803564e-11
-4.644642e-11
-4.6857129e-11
-4.6607131e-11
-4.7392847e-11
-4.6910704e-11
-4.5357135e-11
-4.8303566e-11
-4.6839276e-11
-4.8160705e-11
-4.8053561e-11
-4.5178566e-11
-4.801785e-11
-4.6571424e-11
-4.5928567e-11
-4.6696418e-11
-4.842856e-11
-4.6803568e-11
-4.6803564e-11
-4.7910707e-11
-4.758928e-11
-4.5839277e-11
-4.6821418e-11
-4.521428e-11
-4.5964278e-11
-4.66607e-11
-4.6660707e-11
-4.6392851e-11
-4.676785e-11
-4.6749993e-11
-4.6214275e-11
-4.6696418e-11
-4.8124994e-11
-4.3857133e-11
-4.6642842e-11
-4.5160709e-11
-4.6303565e-11
-4.6624989e-11
-4.7874989e-11
-4.5803562e-11
-4.6696418e-11
-4.6982137e-11
-4.5767851e-11
-4.7571419e-11
-4.594642e-11
-4.6749993e-11
-4.7839271e-11
-4.6964276e-11
-4.6482131e-11
-4.5999999e-11
-4.5678555e-11
-4.6339276e-11
-4.6089278e-11
-4.5303563e-11
-4.4999997e-11
-4.6482131e-11
-4.5517853e-11
-4.6267847e-11
-4.8196423e-11
-4.6071424e-11
-4.7874996e-11
-4.6410709e-11
-4.8285702e-11
-4.6285704e-11
-4.7124991e-11
-4.6857129e-11
-4.6482138e-11
-4.4678563e-11
-4.6732132e-11
-4.6696425e-11
-4.7839274e-11
-4.667856e-11
-4.8999992e-11
-4.583928e-11
-4.6553563e-11
-4.624999e-11
-4.6196415e-11
-4.7839271e-11
-4.8642847e-11
-4.6553563e-11
-4.5767848e-11
-4.7660702e-11
-4.532142e-11
-4.685714e-11
-4.7535708e-11
-4.7607134e-11
-4.771427e-11
-4.560714e-11
-4.698213e-11
-4.8535707e-11
-4.7374989e-11
-4.6660707e-11
-4.5874991e-11
-4.6321419e-11
-4.8017843e-11
-4.7124988e-11
-4.7535705e-11
-4.5374992e-11
-4.8535703e-11
-4.614285e-11
-4.780356e-11
-4.833927e-11
-4.7142842e-11
-4.8499992e-11
-4.5678558e-11
-4.855356e-11
-4.9214275e-11
-4.7517847e-11
-4.7035702e-11
-4.6928562e-11
-4.7571419e-11
-4.6946419e-11
-4.8178562e-11
-4.7214278e-11
-4.707142e-11
-4.5803562e-11
-4.7642841e-11
-4.749999e-11
-4.6946429e-11
-4.9124989e-11
-4.7339275e-11
-4.5553561e-11
-4.8321423e-11
-4.4749992e-11
-4.6321426e-11
-4.5785702e-11
-4.7428565e-11
-4.6732136e-11
-4.6535706e-11
-4.7142845e-11
-4.7035698e-11
-4.7589273e-11
-4.7785702e-11
-4.6107135e-11
-4.6999991e-11
-4.6910708e-11
-4.7464272e-11
-4.7249992e-11
-4.6107135e-11
-4.6535706e-11
-4.730356e-11
-4.6803564e-11
-4.6392841e-11
-4.6321419e-11
-4.6303565e-11
-4.5267848e-11
-4.6928555e-11
-4.7053562e-11
-4.7035705e-11
-4.6374994e-11
-4.7196417e-11
-4.5803566e-11
-4.5267845e-11
-4.5571418e-11
-4.6624992e-11
-4.7160702e-11
-4.7553562e-11
-4.5589282e-11
-4.4964279e-11
-4.6482134e-11
-4.4999986e-11
-4.7482129e-11
-4.6910711e-11
-4.635713e-11
-4.5232131e-11
-4.6767847e-11
-4.5928563e-11
-4.5732133e-11
-4.6624996e-11
-4.6928562e-11
-4.5964278e-11
-4.6892844e-11
-4.655356e-11
-4.5946417e-11
-4.5785705e-11
-4.5589279e-11
-4.7803567e-11
-4.5357135e-11
-4.5767851e-11
-4.6160711e-11
-4.6303565e-11
-4.7624991e-11
-4.8678561e-11
-4.7624998e-11
-4.5803562e-11
-4.7214278e-11
-4.6517845e-11
-4.7660702e-11
-4.6910704e-11
-4.8124987e-11
-4.6178561e-11
-4.5553564e-11
-4.7464276e-11
-4.6410702e-11
-4.8357127e-11
-4.6249986e-11
-4.5696419e-11
-4.6982133e-11
-4.605356e-11
-4.6624992e-11
-4.6374991e-11
-4.792856e-11
-4.7374996e-11
-4.7410707e-11
-4.5892845e-11
-4.7482133e-11
-4.8874994e-11
-4.855356e-11
-4.9107128e-11
-4.6714282e-11
-4.7160706e-11
-4.8107136e-11
-4.7089277e-11
-4.594642e-11
-4.7267846e-11
-4.7553562e-11
-4.594642e-11
-4.8785698e-11
-4.7892846e-11
-4.687499e-11
-4.9232125e-11
-4.6946419e-11
-4.655356e-11
-4.6339283e-11
-4.657142e-11
-4.7892846e-11
-4.8285705e-11
-4.7374989e-11
-4.6321422e-11
-4.739285e-11
-4.7124995e-11
-4.5785705e-11
-4.9089274e-11
-4.4946422e-11
-4.605356e-11
-4.7767849e-11
-4.8089279e-11
-4.6928565e-11
-4.5357135e-11
-4.6499991e-11
-4.6535709e-11
-4.605356e-11
-4.7517851e-11
-4.6696418e-11
-4.7303557e-11
-4.7785706e-11
-4.5749987e-11
-4.7839274e-11
-4.7107134e-11
-4.6017849e-11
-4.530356e-11
-4.6928562e-11
-4.5678565e-11
-4.5928563e-11
-4.7357139e-11
-4.4857135e-11
-4.644642e-11
-4.61607e-11
-4.7517847e-11
-4.7642845e-11
-4.7035712e-11
-4.6553563e-11
-4.6839272e-11
-4.769642e-11
-4.5982131e-11
-4.5392853e-11
-4.7124988e-11
-4.4982129e-11
-4.7107138e-11
-4.7017848e-11
-4.6749993e-11
-4.8499989e-11
-4.5767851e-11
-4.7053566e-11
-4.6642842e-11
-4.6374991e-11
-4.6124993e-11
-4.7767852e-11
-4.5714283e-11
-4.657142e-11
-4.7964282e-11
-4.7017848e-11
-4.7624991e-11
-4.644642e-11
-4.7107134e-11
-4.5982128e-11
-4.6696418e-11
-4.8107129e-11
-4.7678566e-11
-4.6214272e-11
-4.6696418e-11
-4.676785e-11
-4.7142849e-11
-4.6839272e-11
-4.7946418e-11
-4.7607134e-11
-4.7464276e-11
-4.5374988e-11
-4.7071413e-11
-4.7303567e-11
-4.5571418e-11
-4.8267852e-11
-4.7178567e-11
-4.8089276e-11
-4.7124991e-11
-4.5678558e-11
-4.730356e-11
-4.7446415e-11
-4.6267851e-11
-4.6714278e-11
-4.7303564e-11
-4.6482134e-11
-4.5089273e-11
-4.6714278e-11
-4.7107134e-11
-4.7464276e-11
-4.8374988e-11
-4.6107135e-11
-4.7410704e-11
-4.6874993e-11
-4.6499988e-11
-4.624999e-11
-4.7267846e-11
-4.6517845e-11
-4.6410705e-11
-4.6089278e-11
-4.7339278e-11
-4.7482136e-11
-4.6035706e-11
-4.6839279e-11
-4.6249986e-11
-4.6821422e-11
-4.7839281e-11
-4.6910704e-11
-4.7232131e-11
-4.7089277e-11
-4.771428e-11
-4.657142e-11
-4.7142845e-11
-4.5928563e-11
-4.8499989e-11
-4.5517846e-11
-4.6946419e-11
-4.6749989e-11
-4.5964278e-11
-4.7107134e-11
-4.5660708e-11
-4.6535706e-11
-4.6803564e-11
-4.6017849e-11
-4.8821419e-11
-4.6553563e-11
-4.6607135e-11
-4.6392848e-11
-4.7053562e-11
-4.6196418e-11
-4.5339277e-11
-4.5589275e-11
-4.5428567e-11
-4.7607134e-11
-4.6178564e-11
-4.4589277e-11
-4.6857136e-11
-4.6892851e-11
-4.6410705e-11
-4.6946419e-11
-4.7464272e-11
-4.5535707e-11
-4.6892847e-11
-4.7107134e-11
-4.676785e-11
-4.6464273e-11
-4.6196425e-11
-4.707142e-11
-4.5857138e-11
-4.6392848e-11
-4.6392851e-11
-4.6267851e-11
-4.6232133e-11
-4.5446414e-11
-4.6482134e-11
-4.7160702e-11
-4.5767848e-11
-4.5339277e-11
-4.4946418e-11
-4.4767853e-11
-4.8124987e-11
-4.5464282e-11
-4.7160706e-11
-4.7232131e-11
-4.5678562e-11
-4.5071419e-11
-4.7017851e-11
-4.696428e-11
-4.594642e-11
-4.6892844e-11
-4.6035703e-11
-4.7732134e-11
-4.614285e-11
-4.6089278e-11
-4.7839271e-11
-4.6892851e-11
-4.957142e-11
-4.6374991e-11
-4.7392847e-11
-4.7892846e-11
-4.646427e-11
-4.437499e-11
-4.6017846e-11
-4.7339278e-11
-4.6071421e-11
-4.7749988e-11
-4.7142849e-11
-4.5999989e-11
-4.6267851e-11
-4.624999e-11
-4.6607131e-11
-4.7124988e-11
-4.6339276e-11
-4.5660708e-11
-4.6874987e-11
-4.8892845e-11
-4.6946416e-11
-4.5946413e-11
-4.7946418e-11
-4.7017848e-11
-4.7535705e-11
-4.728571e-11
-4.7499987e-11
-4.7196417e-11
-4.8482132e-11
-4.7857135e-11
-4.7821417e-11
-4.6499984e-11
-4.9196421e-11
-4.855356e-11
-4.7696416e-11
-4.6660707e-11
-4.6999991e-11
-4.6089275e-11
-4.7553569e-11
-4.7785696e-11
-4.6071424e-11
-4.749999e-11
-4.4982133e-11
-4.6196422e-11
-4.6589274e-11
-4.8499989e-11
-4.6767843e-11
-4.7196413e-11
-4.6874993e-11
-4.5392849e-11
-4.5607129e-11
-4.6232133e-11
-4.6464284e-11
-4.7071416e-11
-4.5910702e-11
-4.6678564e-11
-4.7482136e-11
-4.6607131e-11
-4.7035702e-11
-4.7071423e-11
-4.6482134e-11
-4.7053555e-11
-4.624999e-11
-4.7321414e-11
-4.7214281e-11
-4.5660704e-11
-4.6964276e-11
-4.633928e-11
-4.5999989e-11
-4.6303562e-11
-4.7696416e-11
-4.6214279e-11
-4.7357136e-11
-4.646428e-11
-4.7232128e-11
-4.7196413e-11
-4.644642e-11
-4.7446418e-11
-4.5642847e-11
-4.6267844e-11
-4.6232133e-11
-4.6267851e-11
-4.6839276e-11
-4.6410705e-11
-4.7339275e-11
-4.7696416e-11
-4.6232136e-11
-4.7374989e-11
-4.7107127e-11
-4.5749991e-11
-4.8392849e-11
-4.6821425e-11
-4.7071416e-11
-4.7964271e-11
-4.7374989e-11
-4.6374994e-11
-4.7499994e-11
-4.7821417e-11
-4.6928558e-11
-4.6321419e-11
-4.6678567e-11
-4.7607137e-11
-4.7464272e-11
-4.499999e-11
-4.719642e-11
-4.6160704e-11
-4.6107135e-11
-4.7196417e-11
-4.6160704e-11
-4.7910703e-11
-4.6696418e-11
-4.7107134e-11
-4.7124991e-11
-4.4946418e-11
-4.7374982e-11
-4.6803561e-11
-4.7357136e-11
-4.530356e-11
-4.6196422e-11
-4.6714278e-11
-4.7749988e-11
-4.7464272e-11
-4.5857134e-11
-4.8035704e-11
-4.6714282e-11
-4.7678559e-11
-4.8910705e-11
-4.6124993e-11
-4.7339278e-11
-4.5428564e-11
-4.6374991e-11
-4.8553557e-11
-4.6160707e-11
-4.4660706e-11
-4.6660707e-11
-4.7446422e-11
-4.7589276e-11
-4.5642844e-11
-4.7839274e-11
-4.6499991e-11
-4.6803561e-11
-4.6732129e-11
-4.6178564e-11
-4.6553563e-11
-4.519642e-11
-4.782142e-11
-4.530356e-11
-4.6410705e-11
-4.6749989e-11
-4.5767844e-11
-4.5785705e-11
-4.8089279e-11
-4.8732126e-11
-4.6142843e-11
-4.7035709e-11
-4.6874993e-11
-4.6124989e-11
-4.8196423e-11
-4.6696418e-11
-4.6124993e-11
-4.6517849e-11
-4.6196415e-11
-4.7642848e-11
-4.5232134e-11
-4.66607e-11
-4.7357132e-11
-4.6232136e-11
-4.5999992e-11
-4.6946426e-11
-4.6410705e-11
-4.7749991e-11
-4.7749988e-11
-4.6946419e-11
-4.6624985e-11
-4.5767848e-11
-4.8196419e-11
-4.6178564e-11
-4.6624985e-11
-4.8624986e-11
-4.521428e-11
-4.6410705e-11
-4.6946419e-11
-4.6178568e-11
-4.6767847e-11
-4.7196424e-11
-4.7767849e-11
-4.5232134e-11
-4.5142848e-11
-4.6857136e-11
-4.573214e-11
-4.6964276e-11
-4.6178561e-11
-4.7160702e-11
-4.6267851e-11
-4.6392851e-11
-4.7749988e-11
-4.5107137e-11
-4.780356e-11
-4.6946422e-11
-4.7874992e-11
-4.6892847e-11
-4.644642e-11
-4.7517851e-11
-4.771428e-11
-4.5678558e-11
-4.6482134e-11
-4.6499984e-11
-4.6999987e-11
-4.6607135e-11
-4.6410705e-11
-4.792856e-11
-4.594642e-11
-4.7107134e-11
-4.5339281e-11
-4.6732129e-11
-4.8499992e-11
-4.6714275e-11
-4.7214278e-11
-4.61607e-11
-4.739285e-11
-4.6178564e-11
-4.6839276e-11
-4.6410709e-11
-4.7196417e-11
-4.6017842e-11
-4.5946413e-11
-4.5464275e-11
-4.749999e-11
-4.6214272e-11
-4.8267848e-11
-4.6571417e-11
-4.6624989e-11
-4.6749993e-11
-4.5607133e-11
-4.635714e-11
-4.6124989e-11
-4.7660705e-11
-4.739284e-11
-4.812499e-11
-4.7214274e-11
-4.6089282e-11
-4.6374991e-11
-4.6428562e-11
-4.5714276e-11
-4.7410704e-11
-4.594642e-11
-4.6482134e-11
-4.6749993e-11
-4.6482134e-11
-4.5874988e-11
-4.480356e-11
-4.7160702e-11
-4.5428564e-11
-4.6267844e-11
-4.7482136e-11
-4.8035704e-11
-4.5982138e-11
-4.5482128e-11
-4.739285e-11
-4.5517843e-11
-4.6892847e-11
-4.5982131e-11
-4.730356e-11
-4.7017848e-11
-4.5874988e-11
-4.7839278e-11
-4.655356e-11
-4.5160705e-11
-4.6857133e-11
-4.6428562e-11
-4.7482133e-11
-4.4732142e-11
-4.6803561e-11
-4.7053559e-11
-4.6589281e-11
-4.6999987e-11
-4.7214281e-11
-4.6232136e-11
-4.6232136e-11
-4.6035706e-11
-4.6214272e-11
-4.6499984e-11
-4.7053559e-11
-4.6035706e-11
-4.5696422e-11
-4.7571416e-11
-4.5642851e-11
-4.7660705e-11
-4.6928562e-11
-4.719642e-11
-4.5642851e-11
-4.5928563e-11
-4.6107135e-11
-4.7214274e-11
-4.6392848e-11
-4.9017842e-11
-4.5267845e-11
-4.655356e-11
-4.7571412e-11
-4.644642e-11
-4.624999e-11
-4.571428e-11
-4.6785704e-11
-4.644642e-11
-4.7285703e-11
-4.7946421e-11
-4.6196415e-11
-4.957142e-11
-4.6874993e-11
-4.8499992e-11
-4.782142e-11
-4.6839272e-11
-4.7624991e-11
-4.6678567e-11
-4.7749991e-11
-4.6714275e-11
-4.7642848e-11
-4.7035702e-11
-4.5642844e-11
-4.6267851e-11
-4.6428559e-11
-4.6642846e-11
-4.7571412e-11
-4.7124991e-11
-4.7714277e-11
-4.6964273e-11
-4.7999989e-11
-4.5839273e-11
-4.6214275e-11
-4.5696415e-11
-4.7499987e-11
-4.6124996e-11
-4.6464273e-11
-4.7571419e-11
-4.6874993e-11
-4.562499e-11
-4.5267855e-11
-4.7714274e-11
-4.6089278e-11
-4.5874988e-11
-4.6464273e-11
-4.5464275e-11
-4.8821416e-11
-4.7249989e-11
-4.5660704e-11
-4.657142e-11
-4.5803562e-11
-4.6124986e-11
-4.5107133e-11
-4.5892855e-11
-4.4678566e-11
-4.5482135e-11
-4.6374991e-11
-4.6089278e-11
-4.6303562e-11
-4.5232134e-11
-4.5982128e-11
-4.7767845e-11
-4.6589278e-11
-4.6357137e-11
-4.6357133e-11
-4.6803558e-11
-4.5803559e-11
-4.4821424e-11
-4.6732136e-11
-4.873214e-11
-4.6089275e-11
-4.6303562e-11
-4.3946419e-11
-4.5928563e-11
-4.687499e-11
-4.8214276e-11
-4.7749991e-11
-4.7553562e-11
-4.7017851e-11
-4.6517845e-11
-4.5124987e-11
-4.6178561e-11
-4.7124988e-11
-4.5910702e-11
-4.61607e-11
-4.7910703e-11
-4.5874988e-11
-4.7874989e-11
-4.8053565e-11
-4.5357131e-11
-4.5410706e-11
-4.6696411e-11
-4.530356e-11
-4.6321419e-11
-4.7821417e-11
-4.6089278e-11
-4.905356e-11
-4.6732132e-11
-4.582142e-11
-4.7928557e-11
-4.6553563e-11
-4.7964278e-11
-4.6392855e-11
-4.812499e-11
-4.6017846e-11
-4.6535702e-11
-4.7249992e-11
-4.6321422e-11
-4.7553558e-11
-4.769642e-11
-4.7464276e-11
-4.8178558e-11
-4.5053565e-11
-4.6178561e-11
-4.635713e-11
-4.6553563e-11
-4.7517851e-11
-4.792856e-11
-4.7553565e-11
-4.5464275e-11
-4.8374988e-11
-4.6874987e-11
-4.7267849e-11
-4.6107135e-11
-4.6839276e-11
-4.7374986e-11
-4.6535709e-11
-4.5999985e-11
-4.771428e-11
-4.707142e-11
-4.5803566e-11
-4.6482134e-11
-4.6357137e-11
-4.676785e-11
-4.5874988e-11
-4.6214275e-11
-4.5964274e-11
-4.7357136e-11
-4.5982135e-11
-4.603571e-11
-4.749999e-11
-4.9321418e-11
-4.7035705e-11
-4.5285702e-11
-4.5749987e-11
-4.7499987e-11
-4.6160707e-11
-4.4821424e-11
-4.6035706e-11
-4.7678562e-11
-4.6482131e-11
-4.7714277e-11
-4.5749991e-11
-4.8089279e-11
-4.5499993e-11
-4.551785e-11
-4.5892845e-11
-4.7071416e-11
-4.6178561e-11
-4.6999991e-11
-4.6714282e-11
-4.760713e-11
-4.5964274e-11
-4.7178563e-11
-4.6374991e-11
-4.7946418e-11
-4.5839277e-11
-4.7874989e-11
-4.7499987e-11
-4.7017851e-11
-4.4964272e-11
-4.719642e-11
-4.6107132e-11
-4.7374986e-11
-4.6589278e-11
-4.6535709e-11
-4.6499991e-11
-4.594642e-11
-4.6428559e-11
-4.5374995e-11
-4.7178556e-11
-4.6107132e-11
-4.7124988e-11
-4.6249997e-11
-4.6696421e-11
-4.7321425e-11
-4.5785705e-11
-4.5803566e-11
-4.6357126e-11
-4.7428565e-11
-4.7071413e-11
-4.6089275e-11
-4.7142849e-11
-4.6714278e-11
-4.7946421e-11
-4.6357126e-11
-4.7142852e-11
-4.7035712e-11
-4.687499e-11
-4.7196417e-11
-4.7017851e-11
-4.5339274e-11
-4.7464276e-11
-4.7446415e-11
-4.7464279e-11
-4.6392848e-11
-4.605356e-11
-4.5446414e-11
-4.644642e-11
-4.6535706e-11
-4.5607136e-11
-4.6928562e-11
-4.7071416e-11
-4.7196413e-11
-4.7053566e-11
-4.7017851e-11
-4.7232135e-11
-4.635713e-11
-4.6499991e-11
-4.769642e-11
-4.6767843e-11
-4.7535705e-11
-4.7892849e-11
-4.6535702e-11
-4.8035707e-11
-4.5928567e-11
-4.8089276e-11
-4.614285e-11
-4.6482134e-11
-4.7160706e-11
-4.8089276e-11
-4.7232128e-11
-4.7571422e-11
-4.7017851e-11
-4.6660703e-11
-4.6124993e-11
-4.5142844e-11
-4.5928563e-11
-4.5803562e-11
-4.739285e-11
-4.7232131e-11
-4.594642e-11
-4.5892855e-11
-4.6285708e-11
-4.6321415e-11
-4.6249986e-11
-4.6482134e-11
-4.6892847e-11
-4.5964278e-11
-4.8053558e-11
-4.6785704e-11
-4.6821418e-11
-4.4964279e-11
-4.5910706e-11
-4.6803558e-11
-4.8089272e-11
-4.7553558e-11
-4.7107134e-11
-4.7428561e-11
-4.5767851e-11
-4.6142846e-11
-4.614285e-11
-4.6803561e-11
-4.7428561e-11
-4.6303565e-11
-4.7285707e-11
-4.7214271e-11
-4.7678559e-11
-4.6267847e-11
-4.5178559e-11
-4.7517854e-11
-4.5232134e-11
-4.8714279e-11
-4.7517854e-11
-4.6499988e-11
-4.7196413e-11
-4.7357136e-11
-4.6410709e-11
-4.5714276e-11
-4.6714275e-11
-4.5553561e-11
-4.85357e-11
-4.6089278e-11
-4.614285e-11
-4.6857129e-11
-4.6160707e-11
-4.832142e-11
-4.6089275e-11
-4.801785e-11
-4.7428568e-11
-4.7428565e-11
-4.7624987e-11
-4.6571417e-11
-4.7124988e-11
-4.6946419e-11
-4.5696419e-11
-4.7678559e-11
-4.5321417e-11
-4.6732129e-11
-4.6696418e-11
-4.519642e-11
-4.66607e-11
-4.6392848e-11
-4.7142849e-11
-4.7464276e-11
-4.6910704e-11
-4.7964282e-11
-4.7642848e-11
-4.5928567e-11
-4.4982133e-11
-4.7035709e-11
-4.5589275e-11
-4.6267851e-11
-4.7678566e-11
-4.6303562e-11
-4.7303564e-11
-4.7464272e-11
-4.7732131e-11
-4.8107129e-11
-4.7660705e-11
-4.7857135e-11
-4.7732134e-11
-4.7107134e-11
-4.874999e-11
-4.758928e-11
-4.6767847e-11
-4.7660705e-11
-4.8178565e-11
-4.5946417e-11
-4.6874993e-11
-4.6910708e-11
-4.6642849e-11
-4.4767853e-11
-4.8232141e-11
-4.6874987e-11
-4.7785702e-11
-4.8589278e-11
-4.7428561e-11
-4.6428559e-11
-4.6499984e-11
-4.6964276e-11
-4.5839273e-11
-4.6660707e-11
-4.7624991e-11
-4.7107131e-11
-4.7446418e-11
-4.7410711e-11
-4.5946413e-11
-4.6089275e-11
-4.6071424e-11
-4.6624989e-11
-4.582142e-11
-4.5999995e-11
-4.6339276e-11
-4.519642e-11
-4.7232135e-11
-4.7535698e-11
-4.594642e-11
-4.6214282e-11
-4.582142e-11
-4.3964277e-11
-4.7107131e-11
-4.5607133e-11
-4.6071414e-11
-4.6535706e-11
-4.7017844e-11
-4.4732135e-11
-4.6232133e-11
-4.6017842e-11
-4.6232136e-11
-4.5892845e-11
-4.6357133e-11
-4.7160709e-11
-4.739285e-11
-4.6892847e-11
-4.5285706e-11
-4.6624989e-11
-4.6107132e-11
-4.6499991e-11
-4.6714278e-11
-4.6982133e-11
-4.4749995e-11
-4.6214279e-11
-4.8892848e-11
-4.6374998e-11
-4.6071418e-11
-4.5249988e-11
-4.6749996e-11
-4.6214279e-11
-4.5571418e-11
-4.7446425e-11
-4.5946417e-11
-4.6428559e-11
-4.594642e-11
-4.5357131e-11
-4.8142847e-11
-4.6285704e-11
-4.7482136e-11
-4.592856e-11
-4.8999992e-11
-4.7124991e-11
-4.605356e-11
-4.480356e-11
-4.7071416e-11
-4.6589274e-11
-4.7035705e-11
-4.8107129e-11
-4.6107132e-11
-4.6749993e-11
-4.6589274e-11
-4.5910706e-11
-4.6624985e-11
-4.6071424e-11
-4.7124991e-11
-4.5964278e-11
-4.6946422e-11
-4.5410706e-11
-4.6624992e-11
-4.8178562e-11
-4.6071418e-11
-4.7178563e-11
-4.6571424e-11
-4.698213e-11
-4.562499e-11
-4.7196424e-11
-4.7857135e-11
-4.6053564e-11
-4.9071427e-11
-4.6785704e-11
-4.4767842e-11
-4.8285702e-11
-4.5892849e-11
-4.6964276e-11
-4.7249989e-11
-4.7267839e-11
-4.5964278e-11
-4.6035703e-11
-4.719642e-11
-4.6946422e-11
-4.6892844e-11
-4.7232135e-11
-4.6928565e-11
-4.5999989e-11
-4.7142849e-11
-4.5499993e-11
-4.6357133e-11
-4.5821423e-11
-4.7642848e-11
-4.6999991e-11
-4.7249992e-11
-4.5160709e-11
-4.6428559e-11
-4.5803562e-11
-4.7035709e-11
-4.5714276e-11
-4.9464269e-11
-4.5464278e-11
-4.7464272e-11
-4.6410709e-11
-4.5339277e-11
-4.6232136e-11
-4.6517849e-11
-4.6982137e-11
-4.6482134e-11
-4.4821421e-11
-4.6071424e-11
-4.7499987e-11
-4.4982136e-11
-4.6749993e-11
-4.8232137e-11
-4.4928564e-11
-4.6964276e-11
-4.8357131e-11
-4.5964278e-11
-4.7124988e-11
-4.7589276e-11
-4.49107e-11
-4.8767844e-11
-4.6964276e-11
-4.644642e-11
-4.6803558e-11
-4.605356e-11
-4.6232133e-11
-4.8178562e-11
-4.6928562e-11
-4.5124994e-11
-4.7107127e-11
-4.6464277e-11
-4.6839276e-11
-4.7660705e-11
-4.8089276e-11
-4.6910708e-11
-4.7785709e-11
-4.6839279e-11
-4.6071418e-11
-4.5892849e-11
-4.6571417e-11
-4.6535702e-11
-4.6964273e-11
-4.717856e-11
-4.635713e-11
-4.6232133e-11
-4.7214281e-11
-4.655356e-11
-4.7553565e-11
-4.8035707e-11
-4.644642e-11
-4.4874993e-11
-4.7785709e-11
-4.7910707e-11
-4.6964276e-11
-4.6589271e-11
-4.6374994e-11
-4.730356e-11
-4.7946418e-11
-4.7535708e-11
-4.6803561e-11
-4.6928562e-11
-4.685714e-11
-4.7321425e-11
-4.6517845e-11
-4.5803559e-11
-4.6535702e-11
-4.6071424e-11
-4.8446417e-11
-4.655356e-11
-4.698213e-11
-4.6249993e-11
-4.5839277e-11
-4.7482133e-11
-4.5339284e-11
-4.7178567e-11
-4.635713e-11
-4.5910702e-11
-4.7499987e-11
-4.7214278e-11
-4.6482134e-11
-4.4392851e-11
-4.6089275e-11
-4.7607134e-11
-4.6892847e-11
-4.5821416e-11
-4.5660704e-11
-4.5982131e-11
-4.6285704e-11
-4.5446417e-11
-4.6017849e-11
-4.4928561e-11
-4.6160711e-11
-4.7732127e-11
-4.739285e-11
-4.614285e-11
-4.6232136e-11
-4.7374993e-11
-4.644642e-11
-4.6071418e-11
-4.5696419e-11
-4.6392841e-11
-4.4946425e-11
-4.7160702e-11
-4.8624989e-11
-4.8428567e-11
-4.7517847e-11
-4.657142e-11
-4.4839278e-11
-4.6392851e-11
-4.5928563e-11
-4.5678565e-11
-4.6517849e-11
-4.5982135e-11
-4.5374995e-11
-4.6589274e-11
-4.5071422e-11
-4.6607135e-11
-4.6964276e-11
-4.3196422e-11
-4.6196422e-11
-4.6482134e-11
-4.6857129e-11
-4.6714275e-11
-4.5660701e-11
-4.5017851e-11
-4.5767848e-11
-4.6357137e-11
-4.4339279e-11
-4.5732137e-11
-4.676785e-11
-4.7124988e-11
-4.5035704e-11
-4.5999992e-11
-4.624999e-11
-4.7232135e-11
-4.6357133e-11
-4.6982127e-11
-4.5964278e-11
-4.5642854e-11
-4.5535704e-11
-4.6982137e-11
-4.5749994e-11
-4.4964272e-11
-4.7160702e-11
-4.5839277e-11
-4.8749987e-11
-4.6553556e-11
-4.5410706e-11
-4.603571e-11
-4.6321415e-11
-4.5071422e-11
-4.6553556e-11
-4.7857135e-11
-4.7303564e-11
-4.8303566e-11
-4.5249991e-11
-4.6642846e-11
-4.5553564e-11
-4.4392844e-11
-4.8392849e-11
-4.8035704e-11
-4.6571417e-11
-4.6857133e-11
-4.7464276e-11
-4.8089276e-11
-4.4874986e-11
-4.7821417e-11
-4.6321415e-11
-4.6821418e-11
-4.644642e-11
-4.5714276e-11
-4.5482139e-11
-4.5642847e-11
-4.635713e-11
-4.6785704e-11
-4.510713e-11
-4.5446421e-11
-4.6553567e-11
-4.5785702e-11
-4.489285e-11
-4.7303564e-11
-4.6464273e-11
-4.4821424e-11
-4.5374988e-11
-4.6196415e-11
-4.4678563e-11
-4.7446422e-11
-4.6124993e-11
-4.5482128e-11
-4.4285707e-11
-4.5696422e-11
-4.8196419e-11
-4.6928565e-11
-4.6785704e-11
-4.7517851e-11
-4.5053562e-11
-4.6285701e-11
-4.5071415e-11
-4.5303556e-11
-4.6089275e-11
-4.6214275e-11
-4.560714e-11
-4.5785709e-11
-4.5839277e-11
-4.5660711e-11
-4.6589274e-11
-4.7446418e-11
-4.4964272e-11
-4.7464272e-11
-4.6517845e-11
-4.633928e-11
-4.5696419e-11
-4.6785704e-11
-4.5285702e-11
-4.6999987e-11
-4.7339275e-11
-4.5982135e-11
-4.6053564e-11
-4.7642848e-11
-4.6499995e-11
-4.6107135e-11
-4.7232131e-11
-4.592856e-11
-4.7232138e-11
-4.4392847e-11
-4.8196419e-11
-4.614285e-11
-4.6749993e-11
-4.5089283e-11
-4.7214281e-11
-4.4624991e-11
-4.5285706e-11
-4.5732133e-11
-4.8160705e-11
-4.758928e-11
-4.6857136e-11
-4.7660705e-11
-4.6053564e-11
-4.4285704e-11
-4.7124988e-11
-4.5839277e-11
-4.6857136e-11
-4.7267846e-11
-4.5571418e-11
-4.6678567e-11
-4.6178561e-11
-4.6910711e-11
-4.4946418e-11
-4.6571417e-11
-4.6482134e-11
-4.7428565e-11
-4.7374993e-11
-4.7249992e-11
-4.8571418e-11
-4.5857127e-11
-4.4517851e-11
-4.6696418e-11
-4.4053563e-11
-4.6910701e-11
-4.6535709e-11
-4.6928562e-11
-4.5767848e-11
-4.7839274e-11
-4.5839277e-11
-4.5767851e-11
-4.6928558e-11
-4.458928e-11
-4.7374989e-11
-4.417856e-11
-4.687499e-11
-4.5232131e-11
-4.6499995e-11
-4.6196415e-11
-4.739285e-11
-4.7232135e-11
-4.5910702e-11
-4.6803561e-11
-4.5910706e-11
-4.624999e-11
-4.7607134e-11
-4.6839279e-11
-4.7428561e-11
-4.6874993e-11
-4.7499987e-11
-4.4035706e-11
-4.7267849e-11
-4.6999991e-11
-4.6285704e-11
-4.5749994e-11
-4.6857136e-11
-4.4857135e-11
-4.6053564e-11
-4.4660709e-11
-4.5339274e-11
-4.6589278e-11
-4.603571e-11
-4.3892851e-11
-4.4285704e-11
-4.5732133e-11
-4.6857136e-11
-4.4892846e-11
-4.5571418e-11
-4.5946413e-11
-4.5499993e-11
-4.5767848e-11
-4.6160704e-11
-4.4803564e-11
-4.4178564e-11
-4.5446421e-11
-4.4178564e-11
-4.7035702e-11
-4.5678565e-11
-4.696428e-11
-4.5714276e-11
-4.5232134e-11
-4.4839275e-11
-4.5785705e-11
-4.4517851e-11
-4.5607133e-11
-4.5785705e-11
-4.5696422e-11
-4.6482134e-11
-4.6178561e-11
-4.4999986e-11
-4.5714276e-11
-4.4839282e-11
-4.7160702e-11
-4.6410705e-11
-4.6303565e-11
-4.7071416e-11
-4.5107133e-11
-4.5892845e-11
-4.6107139e-11
-4.5107137e-11
-4.5428564e-11
-4.6839276e-11
-4.499999e-11
-4.541071e-11
-4.5589275e-11
-4.4874993e-11
-4.6214275e-11
-4.6839282e-11
-4.4499987e-11
-4.7160706e-11
-4.4749988e-11
-4.6535706e-11
-4.6267851e-11
-4.5928563e-11
-4.7767849e-11
-4.7499987e-11
-4.4428562e-11
-4.7160706e-11
-4.6214279e-11
-4.5267848e-11
-4.6285704e-11
-4.7678566e-11
-4.7107138e-11
-4.5428567e-11
-4.7053566e-11
-4.6339276e-11
-4.6017849e-11
-4.6446423e-11
-4.4982143e-11
-4.4946418e-11
-4.760713e-11
-4.6982137e-11
-4.6946422e-11
-4.5892852e-11
-4.6732136e-11
-4.6374991e-11
-4.5696422e-11
-4.7303557e-11
-4.3999995e-11
-4.6482134e-11
-4.7482133e-11
-4.6910704e-11
-4.5749991e-11
-4.5857134e-11
-4.4964279e-11
-4.5767848e-11
-4.4821421e-11
-4.5410706e-11
-4.5571418e-11
-4.6071421e-11
-4.7374986e-11
-4.5642847e-11
-4.5535704e-11
-4.5071419e-11
-4.5928567e-11
-4.61607e-11
-4.5660711e-11
-4.6749989e-11
-4.5124991e-11
-4.7357136e-11
-4.6678564e-11
-4.3732136e-11
-4.6446416e-11
-4.4517848e-11
-4.7124988e-11
-4.6232136e-11
-4.573213e-11
-4.7107131e-11
-4.4303564e-11
-4.6017842e-11
-4.6285708e-11
-4.5749991e-11
-4.49107e-11
-4.5232131e-11
-4.5714273e-11
-4.5696422e-11
-4.7785702e-11
-4.5499993e-11
-4.5928567e-11
-4.5982128e-11
-4.5017854e-11
-4.6874987e-11
-4.657142e-11
-4.532142e-11
-4.5517846e-11
-4.6142843e-11
-4.6553563e-11
-4.551785e-11
-4.6428559e-11
-4.5535704e-11
-4.5017851e-11
-4.5589279e-11
-4.5696422e-11
-4.5089283e-11
-4.5071422e-11
-4.6178561e-11
-4.489285e-11
-4.812499e-11
-4.4642852e-11
-4.7142849e-11
-4.5785705e-11
-4.5142848e-11
-4.6196422e-11
-4.5160705e-11
-4.6107135e-11
-4.6607135e-11
-4.366071e-11
-4.5464275e-11
-4.6214272e-11
-4.6160704e-11
-4.6482134e-11
-4.6589281e-11
-4.4714277e-11
-4.6732129e-11
-4.6392848e-11
-4.7196424e-11
-4.8071418e-11
-4.5267848e-11
-4.5892849e-11
-4.6660707e-11
-4.4892843e-11
-4.5785705e-11
-4.592856e-11
-4.6857129e-11
-4.6607135e-11
-4.5857131e-11
-4.719642e-11
-4.4803571e-11
-4.6160711e-11
-4.6339276e-11
-4.6428566e-11
-4.7267853e-11
-4.6767843e-11
-4.667856e-11
-4.7714277e-11
-4.6124989e-11
-4.5696419e-11
-4.5892849e-11
-4.6821422e-11
-4.6321426e-11
-4.5857134e-11
-4.769642e-11
-4.6357133e-11
-4.6017846e-11
-4.7089277e-11
-4.5071422e-11
-4.6089278e-11
-4.7821424e-11
-4.6374998e-11
-4.5964281e-11
-4.6428562e-11
-4.6124989e-11
-4.657142e-11
-4.7232135e-11
-4.6482134e-11
-4.7124988e-11
-4.6285708e-11
-4.5678558e-11
-4.6803564e-11
-4.5767851e-11
-4.571428e-11
-4.6124993e-11
-4.6999987e-11
-4.3357141e-11
-4.6178561e-11
-4.605356e-11
-4.5642847e-11
-4.6785704e-11
-4.5499989e-11
-4.499999e-11
-4.614285e-11
-4.644642e-11
-4.5946417e-11
-4.6857133e-11
-4.5857138e-11
-4.6839272e-11
-4.5178562e-11
-4.7267842e-11
-4.6089278e-11
-4.4839275e-11
-4.6089278e-11
-4.7089277e-11
-4.5928563e-11
-4.5339281e-11
-4.614285e-11
-4.5946424e-11
-4.7232131e-11
-4.6624985e-11
-4.7249996e-11
-4.644642e-11
-4.6499995e-11
-4.7499987e-11
-4.541071e-11
-4.7339271e-11
-4.5571422e-11
-4.7982132e-11
-4.8071418e-11
-4.5464278e-11
-4.6196422e-11
-4.6696418e-11
-4.5642851e-11
-4.6124986e-11
-4.4910707e-11
-4.655356e-11
-4.7392847e-11
-4.6964269e-11
-4.5428564e-11
-4.6017846e-11
-4.707142e-11
-4.5892849e-11
-4.6499991e-11
-4.6732129e-11
-4.573214e-11
-4.4749992e-11
-4.6178561e-11
-4.6964273e-11
-4.4410704e-11
-4.5892845e-11
-4.6821418e-11
-4.6696418e-11
-4.842856e-11
-4.6732136e-11
-4.6910704e-11
-4.66607e-11
-4.4964272e-11
-4.5446424e-11
-4.7624991e-11
-4.7214285e-11
-4.6785704e-11
-4.7053562e-11
-4.8357131e-11
-4.3928566e-11
-4.6071418e-11
-4.605356e-11
-4.7178556e-11
-4.7357136e-11
-4.5874988e-11
-4.5678558e-11
-4.7017848e-11
-4.7124991e-11
-4.4785706e-11
-4.5839277e-11
-4.4196424e-11
-4.5660701e-11
-4.6803561e-11
-4.7071416e-11
-4.6374994e-11
-4.6089275e-11
-4.5392842e-11
-4.4874993e-11
-4.7857135e-11
-4.6517852e-11
-4.7464272e-11
-4.6178561e-11
-4.6660707e-11
-4.6839279e-11
-4.6428559e-11
-4.508928e-11
-4.3982137e-11
-4.7553569e-11
-4.4035706e-11
-4.7410704e-11
-4.6428566e-11
-4.6107129e-11
-4.6124993e-11
-4.4857132e-11
-4.5964274e-11
-4.5374992e-11
-4.4267846e-11
-4.6964273e-11
-4.6267854e-11
-4.5053565e-11
-4.489285e-11
-4.5946424e-11
-4.7017848e-11
-4.6232136e-11
-4.635713e-11
-4.5178559e-11
-4.7410704e-11
-4.8071418e-11
-4.5732137e-11
-4.562499e-11
-4.7607134e-11
-4.4607127e-11
-4.7767845e-11
-4.478571e-11
-4.7053562e-11
-4.7107134e-11
-4.7571419e-11
-4.4999986e-11
-4.6535706e-11
-4.7678556e-11
-4.6517849e-11
-4.6642849e-11
-4.510713e-11
-4.5892849e-11
-4.7142852e-11
-4.5249991e-11
-4.6482134e-11
-4.5821416e-11
-4.6589274e-11
-4.7214274e-11
-4.5089283e-11
-4.7964271e-11
-4.6267851e-11
-4.4821424e-11
-4.7357132e-11
-4.7428568e-11
-4.6410705e-11
-4.54107e-11
-4.6071421e-11
-4.5767851e-11
-4.7410707e-11
-4.5999992e-11
-4.6553563e-11
-4.5017854e-11
-4.5749991e-11
-4.6267847e-11
-4.5517846e-11
-4.9535702e-11
-4.6767847e-11
-4.6892847e-11
-4.6374991e-11
-4.7874989e-11
-4.6374994e-11
-4.624999e-11
-4.7249992e-11
-4.4767846e-11
-4.6464277e-11
-4.7374989e-11
-4.5589275e-11
-4.687499e-11
-4.6339276e-11
-4.562499e-11
-4.614285e-11
-4.5607133e-11
-4.449999e-11
-4.6107132e-11
-4.6214272e-11
-4.5571418e-11
-4.508928e-11
-4.6803564e-11
-4.5660708e-11
-4.7249989e-11
-4.6249993e-11
-4.5857134e-11
-4.364285e-11
-4.5678562e-11
-4.6410705e-11
-4.5839277e-11
-4.5499989e-11
-4.5696422e-11
-4.6321419e-11
-4.5499993e-11
-4.6285704e-11
-4.6249993e-11
-4.7142845e-11
-4.4910714e-11
-4.6053564e-11
-4.6517845e-11
-4.5124994e-11
-4.780356e-11
-4.5035708e-11
-4.7642845e-11
-4.562499e-11
-4.6714278e-11
-4.624999e-11
-4.7428561e-11
-4.5499993e-11
-4.5910706e-11
-4.5839277e-11
-4.3571424e-11
-4.6214279e-11
-4.551785e-11
-4.5124991e-11
-4.655356e-11
-4.521428e-11
-4.6839279e-11
-4.6053564e-11
-4.6607135e-11
-4.633928e-11
-4.6410709e-11
-4.7035702e-11
-4.571428e-11
-4.614285e-11
-4.5857138e-11
-4.6607131e-11
-4.5267845e-11
-4.5767851e-11
-4.6446423e-11
-4.6660703e-11
-4.5160709e-11
-4.7374989e-11
-4.7642851e-11
-4.7321421e-11
-4.6178561e-11
-4.6035703e-11
-4.7214278e-11
-4.7339271e-11
-4.748214e-11
-4.3624996e-11
-4.6035706e-11
-4.7357136e-11
-4.4874993e-11
-4.7214281e-11
-4.7267846e-11
-4.7053562e-11
-4.6821422e-11
-4.5410706e-11
-4.7767845e-11
-4.814284e-11
-4.6107132e-11
-4.6892851e-11
-4.7160702e-11
-4.5178562e-11
-4.7428565e-11
-4.689284e-11
-4.7964278e-11
-4.696428e-11
-4.6946422e-11
-4.832142e-11
-4.5803562e-11
-4.5464278e-11
-4.6696418e-11
-4.7410704e-11
-4.5607136e-11
-4.6857129e-11
-4.7607134e-11
-4.7035705e-11
-4.6267847e-11
-4.6499991e-11
-4.6892847e-11
-4.6428566e-11
-4.7339278e-11
-4.7249996e-11
-4.7107134e-11
-4.6553556e-11
-4.8017847e-11
-4.5339271e-11
-4.739285e-11
-4.6589278e-11
-4.8428563e-11
-4.4999993e-11
-4.7232128e-11
-4.5428564e-11
-4.6928562e-11
-4.7053566e-11
-4.614285e-11
-4.5339274e-11
-4.5571422e-11
-4.7053566e-11
-4.635713e-11
-4.7624991e-11
-4.8267845e-11
-4.4499987e-11
-4.6464277e-11
-4.4946415e-11
-4.6410709e-11
-4.6321419e-11
-4.8946416e-11
-4.6392848e-11
-4.5660704e-11
-4.8071418e-11
-4.5107133e-11
-4.6660703e-11
-4.666071e-11
-4.635713e-11
-4.6392851e-11
-4.437499e-11
-4.594642e-11
-4.7446418e-11
-4.4071424e-11
-4.6607138e-11
-4.4124992e-11
-4.6803564e-11
-4.5678565e-11
-4.6178561e-11
-4.532142e-11
-4.5642847e-11
-4.6553556e-11
-4.6035706e-11
-4.5482135e-11
-4.7107134e-11
-4.7785706e-11
