3.8778411e-10
3.8866477e-10
3.8849432e-10
3.9116479e-10
3.8897729e-10
3.8539774e-10
3.8525566e-10
3.8940345e-10
3.8943185e-10
3.8906256e-10
3.8872158e-10
3.8758519e-10
3.8670461e-10
3.8991474e-10
3.8607953e-10
3.9204548e-10
3.8863635e-10
3.8852271e-10
3.8434658e-10
3.8894887e-10
3.8590905e-10
3.8838072e-10
3.8698864e-10
3.8866477e-10
3.8519882e-10
3.8630682e-10
3.9110792e-10
3.8874995e-10
3.8767051e-10
3.8735795e-10
3.886364e-10
3.8803979e-10
3.8928977e-10
3.8852271e-10
3.8928982e-10
3.8849429e-10
3.8715911e-10
3.8943179e-10
3.8724429e-10
3.8900569e-10
3.8823866e-10
3.8758519e-10
3.8769885e-10
3.8857956e-10
3.8701709e-10
3.8806824e-10
3.8934661e-10
3.8764209e-10
3.8559661e-10
3.8823861e-10
3.9090911e-10
3.9005679e-10
3.8946021e-10
3.8792611e-10
3.9019882e-10
3.8957382e-10
3.8795456e-10
3.8710232e-10
3.8923298e-10
3.8795456e-10
3.8889203e-10
3.8869319e-10
3.8727271e-10
3.8875e-10
3.8857956e-10
3.9161929e-10
3.8857956e-10
3.8741479e-10
3.8951697e-10
3.8894885e-10
3.8633521e-10
3.8928977e-10
3.878409e-10
3.8852271e-10
3.8792614e-10
3.8801132e-10
3.8781253e-10
3.8860798e-10
3.8659087e-10
3.8818185e-10
3.8920456e-10
3.8894885e-10
3.9133521e-10
3.9048301e-10
3.9065337e-10
3.9025566e-10
3.9025572e-10
3.8877843e-10
3.8866482e-10
3.8676129e-10
3.9232953e-10
3.8775563e-10
3.9173298e-10
3.8980119e-10
3.9167611e-10
3.8906248e-10
3.9230114e-10
3.8903414e-10
3.8994319e-10
3.8835227e-10
3.9255685e-10
3.8823861e-10
3.9028414e-10
3.896875e-10
3.8968748e-10
3.9022729e-10
3.8622161e-10
3.9005685e-10
3.9096593e-10
3.8730111e-10
3.8917614e-10
3.86392e-10
3.8994319e-10
3.8963066e-10
3.8846587e-10
3.8832387e-10
3.9053971e-10
3.8803982e-10
3.8704548e-10
3.890909e-10
3.8678982e-10
3.9039769e-10
3.9002843e-10
3.8678979e-10
3.8696024e-10
3.9034098e-10
3.8747155e-10
3.9059656e-10
3.9019882e-10
3.9099432e-10
3.9176132e-10
3.870739e-10
3.9011361e-10
3.917898e-10
3.889489e-10
3.9014203e-10
3.8823861e-10
3.878409e-10
3.890909e-10
3.8840905e-10
3.8940337e-10
3.8650566e-10
3.9039769e-10
3.8727271e-10
3.8803979e-10
3.9161929e-10
3.8806816e-10
3.8903411e-10
3.8661929e-10
3.8713069e-10
3.8903405e-10
3.9028408e-10
3.9133524e-10
3.8857956e-10
3.895739e-10
3.8522729e-10
3.8889203e-10
3.9005685e-10
3.8917614e-10
3.9051143e-10
3.9133524e-10
3.8818185e-10
3.9124998e-10
3.8792614e-10
3.906534e-10
3.8715908e-10
3.8900569e-10
3.8863635e-10
3.8880679e-10
3.8903411e-10
3.8835235e-10
3.9025566e-10
3.86875e-10
3.8829545e-10
3.9005679e-10
3.9039769e-10
3.8880685e-10
3.9090911e-10
3.8693182e-10
3.8943179e-10
3.901989e-10
3.8767042e-10
3.8954548e-10
3.8747164e-10
3.8803979e-10
3.9034093e-10
3.8917616e-10
3.9090908e-10
3.9079542e-10
3.8934658e-10
3.8784087e-10
3.9025566e-10
3.9056813e-10
3.8812498e-10
3.8914774e-10
3.9076706e-10
3.8863635e-10
3.8974432e-10
3.8960224e-10
3.9207385e-10
3.909659e-10
3.8991479e-10
3.8795456e-10
3.9062503e-10
3.8536932e-10
3.9082385e-10
3.8889203e-10
3.8897729e-10
3.8917614e-10
3.8622161e-10
3.8883521e-10
3.8795456e-10
3.8832385e-10
3.8849429e-10
3.8894885e-10
3.87017e-10
3.873579e-10
3.9068182e-10
3.8931816e-10
3.8997161e-10
3.9017045e-10
3.8801137e-10
3.8880679e-10
3.8778411e-10
3.8997161e-10
3.8528408e-10
3.8803979e-10
3.8838069e-10
3.8980116e-10
3.8874995e-10
3.9184658e-10
3.8923298e-10
3.8707385e-10
3.8838063e-10
3.8778405e-10
3.8789771e-10
3.8875e-10
3.8843748e-10
3.89375e-10
3.8812498e-10
3.8911932e-10
3.9167614e-10
3.9153408e-10
3.8954545e-10
3.8846595e-10
3.9167611e-10
3.914489e-10
3.9048301e-10
3.9085227e-10
3.8718745e-10
3.878409e-10
3.9096595e-10
3.8678974e-10
3.8948864e-10
3.8684664e-10
3.86875e-10
3.869034e-10
3.9002843e-10
3.8485792e-10
3.908239e-10
3.8789774e-10
3.8792614e-10
3.8988635e-10
3.9147727e-10
3.8880685e-10
3.901704e-10
3.8957382e-10
3.8823866e-10
3.8838069e-10
3.875284e-10
3.8772729e-10
3.8948864e-10
3.8838069e-10
3.8886361e-10
3.8880676e-10
3.8914774e-10
3.862784e-10
3.8923298e-10
3.870739e-10
3.9014203e-10
3.9011369e-10
3.8872153e-10
3.8625003e-10
3.8982959e-10
3.8892042e-10
3.9159093e-10
3.9181816e-10
3.8846587e-10
3.8832387e-10
3.8701709e-10
3.8866477e-10
3.8676132e-10
3.8656253e-10
3.9093748e-10
3.8977274e-10
3.8741474e-10
3.90767e-10
3.8835229e-10
3.917898e-10
3.9025572e-10
3.8909095e-10
3.9119313e-10
3.9252848e-10
3.8957387e-10
3.9051137e-10
3.9355114e-10
3.8732953e-10
3.8928977e-10
3.921875e-10
3.8772729e-10
3.9076706e-10
3.8877837e-10
3.8877843e-10
3.8633524e-10
3.9039777e-10
3.8588066e-10
3.8946027e-10
3.8926132e-10
3.8684655e-10
3.8741471e-10
3.9011364e-10
3.8843748e-10
3.8835227e-10
3.896875e-10
3.8886358e-10
3.8997161e-10
3.9042611e-10
3.8684655e-10
3.8883521e-10
3.8732953e-10
3.875284e-10
3.903125e-10
3.8713069e-10
3.9119313e-10
3.9036926e-10
3.9173295e-10
3.9235795e-10
3.9053979e-10
3.8923298e-10
3.9215903e-10
3.8781253e-10
3.8928977e-10
3.9008527e-10
3.8894885e-10
3.9045453e-10
3.8809664e-10
3.9028408e-10
3.8974432e-10
3.9068182e-10
3.8963072e-10
3.9068174e-10
3.9105111e-10
3.8786926e-10
3.931534e-10
3.9062498e-10
3.8838069e-10
3.8951697e-10
3.8877837e-10
3.8923301e-10
3.8571024e-10
3.9068174e-10
3.8954545e-10
3.9031248e-10
3.9008521e-10
3.9056819e-10
3.9167614e-10
3.9241474e-10
3.8696024e-10
3.9053971e-10
3.8920456e-10
3.8730111e-10
3.8963066e-10
3.9045453e-10
3.881534e-10
3.8786932e-10
3.8991479e-10
3.897159e-10
3.8701706e-10
3.9306816e-10
3.9213074e-10
3.8877837e-10
3.8948869e-10
3.9062495e-10
3.8775569e-10
3.9099435e-10
3.8889206e-10
3.8863635e-10
3.8917614e-10
3.9113635e-10
3.9082385e-10
3.8806816e-10
3.8892045e-10
3.8715911e-10
3.8937503e-10
3.9184658e-10
3.8849432e-10
3.8840905e-10
3.8914774e-10
3.8909095e-10
3.9e-10
3.892614e-10
3.9042616e-10
3.8792611e-10
3.892614e-10
3.8880679e-10
3.9062498e-10
3.8977274e-10
3.8997161e-10
3.8730111e-10
3.884659e-10
3.8798295e-10
3.8897727e-10
3.8761369e-10
3.9019887e-10
3.8684658e-10
3.8869316e-10
3.9022729e-10
3.8980116e-10
3.8568179e-10
3.8721587e-10
3.8772729e-10
3.8775572e-10
3.9039769e-10
3.8647724e-10
3.8818182e-10
3.8789774e-10
3.9056819e-10
3.8960232e-10
3.8886364e-10
3.9073864e-10
3.8818182e-10
3.8872167e-10
3.9312506e-10
3.9034093e-10
3.875e-10
3.88125e-10
3.8818176e-10
3.9019882e-10
3.9008521e-10
3.8772721e-10
3.8977277e-10
3.8937495e-10
3.870454e-10
3.9110795e-10
3.8852274e-10
3.9053977e-10
3.8818185e-10
3.8744316e-10
3.8593753e-10
3.8755685e-10
3.8758519e-10
3.8940343e-10
3.8741474e-10
3.89375e-10
3.8786932e-10
3.9227269e-10
3.9034093e-10
3.8676132e-10
3.8954548e-10
3.901989e-10
3.8982959e-10
3.8991485e-10
3.8624998e-10
3.8764203e-10
3.8957387e-10
3.8829551e-10
3.8926135e-10
3.895454e-10
3.9105111e-10
3.9201706e-10
3.9093748e-10
3.9099435e-10
3.8795453e-10
3.8866477e-10
3.8883521e-10
3.9045453e-10
3.8792614e-10
3.8786932e-10
3.8883527e-10
3.9008519e-10
3.9133521e-10
3.8684658e-10
3.8778403e-10
3.8556819e-10
3.9130682e-10
3.9019882e-10
3.8982953e-10
3.895739e-10
3.8829545e-10
3.8761361e-10
3.9167614e-10
3.9082385e-10
3.9181822e-10
3.8911938e-10
3.8872153e-10
3.8704542e-10
3.9102277e-10
3.8903405e-10
3.914489e-10
3.8821019e-10
3.8985795e-10
3.9198864e-10
3.9039769e-10
3.8903411e-10
3.9076706e-10
3.8900563e-10
3.8928974e-10
3.9159095e-10
3.9159087e-10
3.9048292e-10
3.8965908e-10
3.8968748e-10
3.9113637e-10
3.9196024e-10
3.946875e-10
3.9877834e-10
4.0073864e-10
4.0863635e-10
4.0826703e-10
4.1093751e-10
4.1454545e-10
4.1497158e-10
4.1687498e-10
4.1920456e-10
4.2096596e-10
4.2133524e-10
4.2110793e-10
4.2338069e-10
4.2264209e-10
4.230398e-10
4.2230114e-10
4.2477274e-10
4.227273e-10
4.2235795e-10
4.2426135e-10
4.2386364e-10
4.2389203e-10
4.2625004e-10
4.2230114e-10
4.2551138e-10
4.2377837e-10
4.2374995e-10
4.2230119e-10
4.2633522e-10
4.2548293e-10
4.244318e-10
4.2093751e-10
4.2681816e-10
4.2409082e-10
4.2323861e-10
4.2352272e-10
4.2386361e-10
4.2491477e-10
4.2338069e-10
4.2403414e-10
4.2392045e-10
4.254545e-10
4.2051138e-10
4.2241474e-10
4.2309659e-10
4.2244314e-10
4.2147724e-10
4.1937503e-10
4.2275572e-10
4.2122161e-10
4.2374995e-10
4.2096593e-10
4.1897721e-10
4.2392043e-10
4.2102274e-10
4.1985801e-10
4.1821027e-10
4.2335227e-10
4.2088069e-10
4.2150566e-10
4.20767e-10
4.1977269e-10
4.1829551e-10
4.1946022e-10
4.1931819e-10
4.21392e-10
4.1988635e-10
4.1642043e-10
4.1988632e-10
4.1670453e-10
4.1880679e-10
4.1644885e-10
4.1582385e-10
4.1789772e-10
4.159659e-10
4.149148e-10
4.2099427e-10
4.1693182e-10
4.1573867e-10
4.152273e-10
4.1670453e-10
4.1366482e-10
4.154545e-10
4.1548293e-10
4.1624998e-10
4.1528406e-10
4.1295453e-10
4.1659093e-10
4.1667614e-10
4.1528406e-10
4.1278411e-10
4.155398e-10
4.1576706e-10
4.192614e-10
4.1431816e-10
4.1446022e-10
4.1343745e-10
4.128409e-10
4.1235798e-10
4.1357956e-10
4.1375001e-10
4.1338069e-10
4.1380679e-10
4.1073867e-10
4.130114e-10
4.124148e-10
4.1301138e-10
4.1457388e-10
4.1417608e-10
4.1292614e-10
4.1159093e-10
4.1389203e-10
4.1173295e-10
4.1241474e-10
4.1355114e-10
4.1090906e-10
4.0960224e-10
4.0923293e-10
4.1369316e-10
4.097159e-10
4.1164772e-10
4.1079548e-10
4.0889206e-10
4.090909e-10
4.1028414e-10
4.0821019e-10
4.119034e-10
4.1014211e-10
4.0877843e-10
4.0778411e-10
4.0951703e-10
4.0806822e-10
4.105398e-10
4.0798295e-10
4.0965908e-10
4.0713069e-10
4.1005679e-10
4.0960224e-10
4.0806816e-10
4.0786932e-10
4.1036932e-10
4.0892045e-10
4.0710227e-10
4.1082382e-10
4.0744322e-10
4.0715903e-10
4.096023e-10
4.0630682e-10
4.1051135e-10
4.0880685e-10
4.0616477e-10
4.1002843e-10
4.0599432e-10
4.0602274e-10
4.0795456e-10
4.0673295e-10
4.0764209e-10
4.0588063e-10
4.0636364e-10
4.0903411e-10
4.0400572e-10
4.0866477e-10
4.0579548e-10
4.0539769e-10
4.0400569e-10
4.0321024e-10
4.056534e-10
4.0437501e-10
4.0471593e-10
4.0758524e-10
4.0696022e-10
4.0471593e-10
4.0480108e-10
4.0718751e-10
4.0494319e-10
4.0411938e-10
4.0423292e-10
4.0724435e-10
4.0792614e-10
4.0610795e-10
4.0468751e-10
4.0366482e-10
4.020739e-10
4.052273e-10
4.0624998e-10
4.0366474e-10
4.0556819e-10
4.0480116e-10
4.0281248e-10
4.0281248e-10
4.0505679e-10
4.0457387e-10
4.0295453e-10
4.0480111e-10
4.0383522e-10
4.030398e-10
4.0431816e-10
4.0357956e-10
4.0045453e-10
4.0542603e-10
4.0380685e-10
4.0448861e-10
4.0039774e-10
4.0292611e-10
4.0059656e-10
4.0053977e-10
4.0190343e-10
4.0457387e-10
4.0147732e-10
4.0011364e-10
4.0363632e-10
4.0323861e-10
4.0360798e-10
4.0056819e-10
4.0363635e-10
4.0411932e-10
4.0139206e-10
4.0318182e-10
4.0213069e-10
4.0428969e-10
4.0235798e-10
4.0082385e-10
4.0403411e-10
4.0028408e-10
4.0357956e-10
4.009659e-10
4.0204542e-10
4.0357956e-10
4.0281248e-10
4.0258524e-10
4.0065337e-10
4.0286932e-10
4.0002837e-10
4.0414772e-10
4.0215903e-10
4.0170448e-10
4.0107953e-10
4.0221593e-10
4.0281253e-10
4.0340911e-10
4.0309664e-10
4.00767e-10
4.030398e-10
4.0187501e-10
4.0119322e-10
4.0360801e-10
4.0031251e-10
4.0241474e-10
4.0053977e-10
4.0207385e-10
4.0363635e-10
4.0187501e-10
4.0076709e-10
4.0505685e-10
4.0264203e-10
4.0497161e-10
4.0207385e-10
4.0357956e-10
4.0227272e-10
4.0221587e-10
4.0264203e-10
4.0068179e-10
4.0198864e-10
4.0187498e-10
4.0338069e-10
4.0264203e-10
4.042045e-10
4.0295456e-10
4.0451706e-10
4.0193179e-10
4.0417614e-10
4.0156245e-10
4.0142048e-10
4.0275569e-10
4.0244322e-10
3.9977269e-10
4.0008521e-10
4.0264203e-10
4.0002843e-10
4.040909e-10
4.0139206e-10
4.0193179e-10
3.9985792e-10
4.0312501e-10
4.0068179e-10
4.005398e-10
4.0389203e-10
4.0059656e-10
3.9749998e-10
4.0085235e-10
3.9897727e-10
4.0093748e-10
3.9869316e-10
3.9988637e-10
4.012784e-10
4.0267045e-10
3.9971593e-10
4.0184656e-10
4.0380679e-10
4.0042616e-10
3.9951706e-10
3.9920456e-10
4.0107953e-10
4.0039777e-10
4.0062498e-10
3.9968748e-10
4.0113637e-10
4.0119313e-10
4.0039766e-10
4.0238637e-10
4.0193182e-10
3.9903411e-10
4.0005685e-10
4.0019887e-10
3.9971593e-10
3.9741474e-10
3.9980111e-10
3.9900569e-10
3.9923301e-10
3.9605116e-10
3.9994316e-10
4.0048292e-10
4.017898e-10
4.0133524e-10
3.9840903e-10
4.0366477e-10
3.9943185e-10
4.0184658e-10
4.0142042e-10
4.0198864e-10
3.9985792e-10
3.984659e-10
4.0127845e-10
4.0144882e-10
4.0019887e-10
3.9880679e-10
3.9968751e-10
4.0000001e-10
4.0053977e-10
3.996023e-10
4.0042616e-10
3.9957387e-10
3.9985795e-10
4.006534e-10
4.030398e-10
4.014489e-10
4.0099435e-10
4.0005679e-10
4.0031251e-10
3.9931816e-10
3.9707385e-10
3.9934661e-10
3.9821019e-10
4.0255677e-10
4.01392e-10
4.0332387e-10
3.9818182e-10
3.9937503e-10
4.0230114e-10
3.9860801e-10
4.0085227e-10
4.0122153e-10
4.013353e-10
3.9971584e-10
3.9838069e-10
4.0218751e-10
3.9982953e-10
4.0125003e-10
4.0227272e-10
4.0210232e-10
4.0142048e-10
3.996023e-10
4.0181816e-10
4.0090908e-10
4.0028408e-10
4.0085224e-10
4.0241474e-10
4.0053977e-10
3.9866477e-10
4.0068188e-10
3.9917616e-10
4.0025566e-10
3.9982959e-10
4.0045453e-10
3.9784098e-10
4.0093748e-10
3.9818182e-10
4.0113635e-10
4.0207382e-10
3.9957387e-10
4.012784e-10
3.9886364e-10
3.9866477e-10
3.9963063e-10
4.0224438e-10
4.0241474e-10
3.9724438e-10
3.9894887e-10
3.9624998e-10
4.0099435e-10
3.9997161e-10
3.9769885e-10
4.0261366e-10
3.9761361e-10
3.9965906e-10
3.9926135e-10
3.9849429e-10
4.0039777e-10
3.9724435e-10
3.9681822e-10
3.9860792e-10
3.973579e-10
3.9923292e-10
3.9749998e-10
3.9485801e-10
3.9815343e-10
4.0068182e-10
3.9718753e-10
3.9903411e-10
3.9823866e-10
3.9605119e-10
3.9707385e-10
3.9607953e-10
3.9849432e-10
4.0107959e-10
3.9923292e-10
3.977273e-10
4.0008527e-10
3.9926132e-10
3.9903411e-10
3.9610801e-10
4.0102277e-10
3.9755677e-10
3.9943179e-10
3.9923298e-10
3.9673295e-10
3.9642042e-10
3.9738637e-10
3.9454545e-10
3.9718751e-10
3.9693179e-10
4.0031242e-10
3.9855116e-10
3.9536927e-10
3.9829551e-10
3.9647732e-10
3.984659e-10
3.9926132e-10
4.0119319e-10
3.9715911e-10
3.9838069e-10
3.9849432e-10
3.9875001e-10
4.0235795e-10
3.9647727e-10
3.9698864e-10
3.9886364e-10
3.9732953e-10
3.9852274e-10
3.973579e-10
4.0000003e-10
3.9852274e-10
3.9997161e-10
4.0011361e-10
4.0000001e-10
3.9980111e-10
3.985228e-10
3.9948869e-10
3.9607953e-10
3.9806825e-10
3.9877837e-10
3.9872158e-10
4.0045459e-10
3.9684658e-10
3.9934658e-10
3.980114e-10
3.9639206e-10
3.9801137e-10
3.9965906e-10
3.9974432e-10
3.997159e-10
3.9670456e-10
3.9721593e-10
3.9795456e-10
3.9948864e-10
3.9798298e-10
3.9977277e-10
3.9781248e-10
4.0116477e-10
3.9707385e-10
3.9565345e-10
3.9718745e-10
3.9539769e-10
3.9767051e-10
3.9974427e-10
3.9923292e-10
3.9795453e-10
3.9715911e-10
3.9789771e-10
3.9659087e-10
3.9855114e-10
3.9818182e-10
3.9607959e-10
3.974148e-10
3.9338063e-10
3.969034e-10
3.9562503e-10
3.9664771e-10
3.9710224e-10
3.9767045e-10
3.9423298e-10
3.96392e-10
3.9767051e-10
3.9764203e-10
3.9556819e-10
3.9551137e-10
3.9829542e-10
3.9573866e-10
3.9647727e-10
3.9372161e-10
3.9633524e-10
3.9534093e-10
3.9352271e-10
3.9579542e-10
3.9647735e-10
3.9517045e-10
3.9613635e-10
3.9607953e-10
3.9491477e-10
3.9519887e-10
3.9184658e-10
3.9744316e-10
3.9491477e-10
3.9619322e-10
3.9431819e-10
3.9562498e-10
3.964489e-10
3.95e-10
3.9681822e-10
3.9508527e-10
3.9474432e-10
3.9721587e-10
3.9795456e-10
3.955398e-10
3.9494319e-10
3.9579542e-10
3.9755685e-10
3.9619319e-10
3.9528414e-10
3.9735795e-10
3.9517048e-10
3.970739e-10
3.9738637e-10
3.9568182e-10
3.9414771e-10
3.9690343e-10
3.9505679e-10
3.9786929e-10
3.9505685e-10
3.9431819e-10
3.953409e-10
3.9443179e-10
3.9667619e-10
3.9659093e-10
3.9673295e-10
3.9571021e-10
3.9383519e-10
3.9392045e-10
3.9392048e-10
3.9386361e-10
3.974148e-10
3.9440343e-10
3.9502843e-10
3.9465908e-10
3.953409e-10
3.953125e-10
3.9431816e-10
3.9497161e-10
3.9821024e-10
3.9747158e-10
3.9514203e-10
3.9593748e-10
3.9599435e-10
3.9579551e-10
3.9690343e-10
3.969034e-10
3.9298298e-10
3.9349432e-10
3.9539774e-10
3.9227271e-10
3.975284e-10
3.9485795e-10
3.9278406e-10
3.970739e-10
3.9394887e-10
3.9602274e-10
3.9411932e-10
3.953125e-10
3.9607953e-10
3.9485801e-10
3.9318185e-10
3.9409095e-10
3.9627837e-10
3.9343748e-10
3.9454548e-10
3.980398e-10
3.959659e-10
3.9701706e-10
3.9568182e-10
3.9724429e-10
3.9392042e-10
3.9332387e-10
3.935795e-10
3.9286932e-10
3.9443188e-10
3.980114e-10
3.9431819e-10
3.9443179e-10
3.9454548e-10
3.9261358e-10
3.9505685e-10
3.9343748e-10
3.9355116e-10
3.9451706e-10
3.9667614e-10
3.9383521e-10
3.9377843e-10
3.9321027e-10
3.9764203e-10
3.9088066e-10
3.9383521e-10
3.9244316e-10
3.9295453e-10
3.951989e-10
3.9724429e-10
3.9417608e-10
3.9372161e-10
3.917329e-10
3.9474432e-10
3.9343745e-10
3.9548295e-10
3.9298295e-10
3.9167611e-10
3.9431816e-10
3.9394887e-10
3.9275563e-10
3.9502843e-10
3.917898e-10
3.9326703e-10
3.9329542e-10
3.9150569e-10
3.9340911e-10
3.9460232e-10
3.9602277e-10
3.9485792e-10
3.942614e-10
3.9366477e-10
3.990909e-10
3.9193182e-10
3.9298298e-10
3.9551135e-10
3.9318182e-10
3.9906239e-10
3.939489e-10
3.9588066e-10
3.9411932e-10
3.9502843e-10
3.9599435e-10
3.962784e-10
3.9792611e-10
3.9633521e-10
3.9443177e-10
3.9681816e-10
3.9559661e-10
3.9420456e-10
3.9872158e-10
3.9656253e-10
3.95e-10
3.9326703e-10
3.9428982e-10
3.9644882e-10
3.9488635e-10
3.9528406e-10
3.9755682e-10
3.9622153e-10
3.9303974e-10
3.9625003e-10
3.9392045e-10
3.9286932e-10
3.951989e-10
3.9619313e-10
3.9414774e-10
3.9147727e-10
3.9511369e-10
3.9474427e-10
3.9508527e-10
3.9514206e-10
3.9485792e-10
3.9517048e-10
3.956534e-10
3.9545459e-10
3.9883521e-10
3.9519887e-10
3.9400569e-10
3.9269885e-10
3.9471584e-10
3.9545459e-10
3.9630682e-10
3.978409e-10
3.9590908e-10
3.9551137e-10
3.953125e-10
3.9454548e-10
3.9389206e-10
3.9610795e-10
3.9176137e-10
3.924148e-10
3.9585227e-10
3.9588069e-10
3.9161935e-10
3.9497158e-10
3.9366477e-10
3.959659e-10
3.9321024e-10
3.9309658e-10
3.9536932e-10
3.951989e-10
3.9562498e-10
3.9485795e-10
3.9423298e-10
3.9321024e-10
3.9355122e-10
3.9332387e-10
3.9355108e-10
3.967898e-10
3.925284e-10
3.9366474e-10
3.939773e-10
3.9360792e-10
3.9306822e-10
3.9110795e-10
3.96392e-10
3.9275563e-10
3.9423298e-10
3.947159e-10
3.9110795e-10
3.9161935e-10
3.9414771e-10
3.9349429e-10
3.952273e-10
3.9062503e-10
3.9568182e-10
3.9136358e-10
3.9255682e-10
3.9102269e-10
3.9204542e-10
3.9457382e-10
3.9005685e-10
3.9079542e-10
3.8985795e-10
3.9298301e-10
3.9343748e-10
3.9386364e-10
3.9264209e-10
3.9573864e-10
3.9605111e-10
3.9269885e-10
3.9306816e-10
3.9164771e-10
3.95e-10
3.928409e-10
3.923579e-10
3.9443185e-10
3.9434658e-10
3.9559656e-10
3.9414774e-10
3.9647732e-10
3.9434658e-10
3.939773e-10
3.9247158e-10
3.9443185e-10
3.9556819e-10
3.9497158e-10
3.9335227e-10
3.9704542e-10
3.9349438e-10
3.9414774e-10
3.9056819e-10
3.9264203e-10
3.9303982e-10
3.9261369e-10
3.9227271e-10
3.9457382e-10
3.9312498e-10
3.9454548e-10
3.8991479e-10
3.9227271e-10
3.9338069e-10
3.9590908e-10
3.9221593e-10
3.9255685e-10
3.934659e-10
3.9369324e-10
3.9136366e-10
3.9377843e-10
3.9488632e-10
3.9568182e-10
3.9383519e-10
3.9517054e-10
3.9355116e-10
3.9465914e-10
3.9315343e-10
3.9386361e-10
3.9019882e-10
3.930114e-10
3.921875e-10
3.9346595e-10
3.9210227e-10
3.9088066e-10
3.9406253e-10
3.9218745e-10
3.9463072e-10
3.9201706e-10
3.9670456e-10
3.934659e-10
3.9357956e-10
3.9502843e-10
3.9394887e-10
3.9477269e-10
3.9372161e-10
3.9051135e-10
3.9380685e-10
3.9204542e-10
3.9130679e-10
3.9338069e-10
3.9332385e-10
3.9181813e-10
3.9397721e-10
3.9559656e-10
3.9164771e-10
3.9071021e-10
3.9275569e-10
3.9349438e-10
3.9258524e-10
3.914489e-10
3.9363635e-10
3.9062495e-10
3.9176137e-10
3.9196024e-10
3.9272727e-10
3.9258519e-10
3.9423298e-10
3.9173295e-10
3.9252843e-10
3.9431816e-10
3.9213066e-10
3.9292611e-10
3.9025566e-10
3.9204548e-10
3.955398e-10
3.9392042e-10
3.9514203e-10
3.9326703e-10
3.9451706e-10
3.9684658e-10
3.9428974e-10
3.9454548e-10
3.9105116e-10
3.917898e-10
3.9667611e-10
3.9409095e-10
3.9639206e-10
3.9403411e-10
3.9477274e-10
3.940909e-10
3.9255676e-10
3.9525572e-10
3.9284095e-10
3.9375e-10
3.9161926e-10
3.9471598e-10
3.9556819e-10
3.9323866e-10
3.9292616e-10
3.9252843e-10
3.9369324e-10
3.9505679e-10
3.9346587e-10
3.9269885e-10
3.9394885e-10
3.936364e-10
3.9519887e-10
3.9318182e-10
3.9392045e-10
3.9249998e-10
3.9247164e-10
3.9147732e-10
3.9235795e-10
3.931534e-10
3.9090911e-10
3.9443185e-10
3.913353e-10
3.903125e-10
3.9400569e-10
3.8917614e-10
3.8880679e-10
3.9039777e-10
3.920739e-10
3.9335227e-10
3.93125e-10
3.9465906e-10
3.923864e-10
3.9485801e-10
3.9360806e-10
3.9471593e-10
3.9167614e-10
3.9232956e-10
3.9386364e-10
3.9284087e-10
3.9164777e-10
3.958239e-10
3.949148e-10
3.9372158e-10
3.9519887e-10
3.9588069e-10
3.9269893e-10
3.9460224e-10
3.9230114e-10
3.9673295e-10
3.9426135e-10
3.9349432e-10
3.9366477e-10
3.9230114e-10
3.920739e-10
3.9346587e-10
3.9451697e-10
3.9275563e-10
3.9599432e-10
3.9676137e-10
3.9593751e-10
3.9747164e-10
3.9482959e-10
3.935795e-10
3.9227263e-10
3.9505679e-10
3.9198864e-10
3.942045e-10
3.9468748e-10
3.9298295e-10
3.9247158e-10
3.9170456e-10
3.9511369e-10
3.9309658e-10
3.942614e-10
3.9420459e-10
3.9295453e-10
3.9514206e-10
3.9610795e-10
3.9545453e-10
3.9292611e-10
3.9210227e-10
3.934659e-10
3.9375e-10
3.9085235e-10
3.912784e-10
3.9443179e-10
3.930398e-10
3.953125e-10
3.9332387e-10
3.9338069e-10
3.9556819e-10
3.9224435e-10
3.9372161e-10
3.9383521e-10
3.9375003e-10
3.9548301e-10
3.9426135e-10
3.9272727e-10
3.9357956e-10
3.9318182e-10
3.9411924e-10
3.9431819e-10
3.9786929e-10
3.9693182e-10
3.9477277e-10
3.9451703e-10
3.9485795e-10
3.9477274e-10
3.9514206e-10
3.9423292e-10
3.9375e-10
3.9494316e-10
3.9406253e-10
3.9440343e-10
3.9278411e-10
3.9704548e-10
3.9573864e-10
3.9602269e-10
3.9468756e-10
3.9295453e-10
3.946023e-10
3.935795e-10
3.9400572e-10
3.9352266e-10
3.9306816e-10
3.9269885e-10
3.9403414e-10
3.9374995e-10
3.9536935e-10
3.9411932e-10
3.9386364e-10
3.9559664e-10
3.9650569e-10
3.9326703e-10
3.914489e-10
3.9284095e-10
3.9482953e-10
3.9457387e-10
3.9372158e-10
3.9386364e-10
3.912784e-10
3.9596593e-10
3.9110795e-10
3.9338069e-10
3.9474427e-10
3.9678974e-10
3.9366482e-10
3.9332379e-10
3.9267037e-10
3.9485801e-10
3.9247158e-10
3.93125e-10
3.9519887e-10
3.9127845e-10
3.9264209e-10
3.9073858e-10
3.9181816e-10
3.9292616e-10
3.9136358e-10
3.9352271e-10
3.9193182e-10
3.9352274e-10
3.9312498e-10
3.9122156e-10
3.9434661e-10
3.9110801e-10
3.9409095e-10
3.9232953e-10
3.9215917e-10
3.9289774e-10
3.9161929e-10
3.9193179e-10
3.8963066e-10
3.9269887e-10
3.9176137e-10
3.9389203e-10
3.9133524e-10
3.9355116e-10
3.95e-10
3.9275563e-10
3.9053977e-10
3.9414774e-10
3.9213069e-10
3.9383519e-10
3.9232953e-10
3.953125e-10
3.9443188e-10
3.925e-10
3.9122164e-10
3.9454545e-10
3.9286932e-10
3.9272727e-10
3.9272727e-10
3.9088069e-10
3.9235798e-10
3.9482959e-10
3.9130679e-10
3.946875e-10
3.9193182e-10
3.9286932e-10
3.9286929e-10
3.9539777e-10
3.9235795e-10
3.93125e-10
3.9414771e-10
3.9585227e-10
3.9227271e-10
3.9971584e-10
3.919034e-10
3.906534e-10
3.9463072e-10
3.9474432e-10
3.961648e-10
3.9374995e-10
3.9440343e-10
3.9502843e-10
3.9093753e-10
3.9406253e-10
3.9326703e-10
3.9625003e-10
3.9221593e-10
3.924148e-10
3.9323861e-10
3.9389206e-10
3.9349429e-10
3.9321024e-10
3.9258519e-10
3.9014206e-10
3.9434658e-10
3.95e-10
3.931534e-10
3.9301132e-10
3.9255685e-10
3.9227271e-10
3.948295e-10
3.9301137e-10
3.9392045e-10
3.9545453e-10
3.9556819e-10
3.9451703e-10
3.9377837e-10
3.9443185e-10
3.9471584e-10
3.9392054e-10
3.9079548e-10
3.9034093e-10
3.9071021e-10
3.9545453e-10
3.930114e-10
3.9056819e-10
3.9389203e-10
3.9201706e-10
3.9318176e-10
3.9295456e-10
3.9448864e-10
3.9193182e-10
3.9477269e-10
3.981534e-10
3.9284087e-10
3.933523e-10
3.9275563e-10
3.9349432e-10
3.933523e-10
3.947159e-10
3.9241482e-10
3.9198864e-10
3.9369319e-10
3.946875e-10
3.9159087e-10
3.9170456e-10
3.9301132e-10
3.9440343e-10
3.9227277e-10
3.8855114e-10
3.9053979e-10
3.8977274e-10
3.9122156e-10
3.9366477e-10
3.9071024e-10
3.9321024e-10
3.9022724e-10
3.903125e-10
3.9244324e-10
3.9071021e-10
3.9426135e-10
3.9289774e-10
3.9048295e-10
3.9267042e-10
3.9281248e-10
3.9153411e-10
3.9056819e-10
3.9298295e-10
3.9545459e-10
3.9272721e-10
3.925284e-10
3.9133521e-10
3.917898e-10
3.9176137e-10
3.9127837e-10
3.8994319e-10
3.948295e-10
3.9338069e-10
3.9110792e-10
3.9329545e-10
3.9071024e-10
3.9073858e-10
3.9542616e-10
3.9338069e-10
3.9321024e-10
3.9255682e-10
3.9267051e-10
3.9082385e-10
3.9244316e-10
3.9258527e-10
3.9360792e-10
3.9119319e-10
3.9414774e-10
3.9451711e-10
3.9414771e-10
3.9380679e-10
3.9224429e-10
3.9071024e-10
3.9457382e-10
3.9485795e-10
3.9255674e-10
3.9196024e-10
3.9235795e-10
3.9306822e-10
3.9161935e-10
3.917614e-10
3.9414766e-10
3.9261361e-10
3.9011355e-10
3.9392045e-10
3.9505688e-10
3.9204542e-10
3.9448861e-10
3.9238632e-10
3.917329e-10
3.9360792e-10
3.9559661e-10
3.9133521e-10
3.9184664e-10
3.9221595e-10
3.930114e-10
3.9210224e-10
3.931534e-10
3.9082385e-10
3.9272727e-10
3.936079e-10
3.9014206e-10
3.9403406e-10
3.9184658e-10
3.9323866e-10
3.9261366e-10
3.9227269e-10
3.9193185e-10
3.9494316e-10
3.9463072e-10
3.9531248e-10
3.9133521e-10
3.9065337e-10
3.9355105e-10
3.9346595e-10
3.9244322e-10
3.9360792e-10
3.9355114e-10
3.907954e-10
3.9048292e-10
3.9196024e-10
3.9275569e-10
3.8849429e-10
3.9147732e-10
3.9173298e-10
3.9403414e-10
3.9201706e-10
3.9102269e-10
3.9369316e-10
3.8761366e-10
3.9230122e-10
3.9167614e-10
3.9193182e-10
3.9201706e-10
3.9127837e-10
3.9326703e-10
3.9181816e-10
3.9150569e-10
3.9372161e-10
3.9170456e-10
3.931534e-10
3.9269879e-10
3.8974432e-10
3.9130688e-10
3.93125e-10
3.9267045e-10
3.9045453e-10
3.917329e-10
3.8937503e-10
3.9244316e-10
3.9161935e-10
3.909375e-10
3.8985792e-10
3.9133521e-10
3.917614e-10
3.9147724e-10
3.9318182e-10
3.9292611e-10
3.9213066e-10
3.915625e-10
3.9602274e-10
3.9119319e-10
3.9056819e-10
3.9173295e-10
3.9386364e-10
3.906534e-10
3.9116479e-10
3.9502845e-10
3.9181822e-10
3.9156245e-10
3.9221593e-10
3.9025566e-10
3.9244322e-10
3.9267045e-10
3.914204e-10
3.9127837e-10
3.917898e-10
3.921875e-10
3.9346587e-10
3.9477269e-10
3.9124998e-10
3.9542616e-10
3.9062498e-10
3.9215911e-10
3.9130688e-10
3.9340906e-10
3.935228e-10
3.9193185e-10
3.9227271e-10
3.9267042e-10
3.8960229e-10
3.9110795e-10
3.9153411e-10
3.9147724e-10
3.8894885e-10
3.9281248e-10
3.9110795e-10
3.8982959e-10
3.93125e-10
3.921875e-10
3.9036932e-10
3.9170456e-10
3.9269887e-10
3.8946027e-10
3.9139206e-10
3.92017e-10
3.9153408e-10
3.9323866e-10
3.9099432e-10
3.9153411e-10
3.9167619e-10
3.8917614e-10
3.9357959e-10
3.9099435e-10
3.8982959e-10
3.9406256e-10
3.9272727e-10
3.9031248e-10
3.9500003e-10
3.9053977e-10
3.9025566e-10
3.9292611e-10
3.9105116e-10
3.9474432e-10
3.9261366e-10
3.9383521e-10
3.9232953e-10
3.9375003e-10
3.8943179e-10
3.9269885e-10
3.9215908e-10
3.915625e-10
3.9383521e-10
3.9255676e-10
3.9431816e-10
3.9514211e-10
3.931534e-10
3.9443177e-10
3.9380685e-10
3.9210232e-10
3.9085227e-10
3.9420456e-10
3.912784e-10
3.9426135e-10
3.9329551e-10
3.9136364e-10
3.9124998e-10
3.923864e-10
3.9176137e-10
3.9235795e-10
3.9184656e-10
3.9193182e-10
3.9150566e-10
3.9147727e-10
3.921875e-10
3.917329e-10
3.9019887e-10
3.9426135e-10
3.9298298e-10
3.9386361e-10
3.8974435e-10
3.9309658e-10
3.9278411e-10
3.9332387e-10
3.9366474e-10
3.9159093e-10
3.909375e-10
3.9090908e-10
3.920739e-10
3.9090911e-10
3.9142048e-10
3.9142048e-10
3.9443185e-10
3.9221595e-10
3.9369311e-10
3.9380679e-10
3.9559661e-10
3.9380679e-10
3.8946021e-10
3.9292614e-10
3.9107959e-10
3.9022724e-10
3.9286932e-10
3.9204542e-10
3.9258524e-10
3.9213069e-10
3.9480116e-10
3.930398e-10
3.9431819e-10
3.9298295e-10
3.9161938e-10
3.9448864e-10
3.9480116e-10
3.9610795e-10
3.9278411e-10
3.9221595e-10
3.9372167e-10
3.9176137e-10
3.9221593e-10
3.9380679e-10
3.9437495e-10
3.934659e-10
3.9238632e-10
3.9258524e-10
3.9284087e-10
3.9329551e-10
3.9244313e-10
3.9119319e-10
3.917614e-10
3.9133524e-10
3.9122156e-10
3.9065345e-10
3.9142048e-10
3.9059661e-10
3.9332385e-10
3.9005685e-10
3.9377843e-10
3.9159093e-10
3.9247164e-10
3.9460224e-10
3.9187498e-10
3.9241474e-10
3.9201706e-10
3.9363635e-10
3.9519887e-10
3.9184656e-10
3.9309658e-10
3.9161935e-10
3.9110792e-10
3.9465908e-10
3.9267045e-10
3.9153417e-10
3.9372161e-10
3.9369316e-10
3.9349429e-10
3.921875e-10
3.9352274e-10
3.9440343e-10
3.9406248e-10
3.9161926e-10
3.9227271e-10
3.8928982e-10
3.9167611e-10
3.9147732e-10
3.9272721e-10
3.9306816e-10
3.8900572e-10
3.9079542e-10
3.9028408e-10
3.9008527e-10
3.9178971e-10
3.915625e-10
3.9207385e-10
3.9363632e-10
3.9329545e-10
3.9397721e-10
3.938353e-10
3.8971593e-10
3.942614e-10
3.9230114e-10
3.955398e-10
3.9338072e-10
3.9394885e-10
3.9210224e-10
3.923864e-10
3.9213074e-10
3.930398e-10
3.9238632e-10
3.9210227e-10
3.9335227e-10
3.9059653e-10
3.928409e-10
3.9071021e-10
3.9377843e-10
3.9346587e-10
3.9002837e-10
3.9303974e-10
3.9184658e-10
3.9278411e-10
3.9144885e-10
3.9301137e-10
3.909659e-10
3.9161935e-10
3.917898e-10
3.9232953e-10
3.9051135e-10
3.9420459e-10
3.919034e-10
3.9477274e-10
3.9349438e-10
3.9295453e-10
3.9238637e-10
3.912784e-10
3.9244316e-10
3.9059661e-10
3.9213069e-10
3.9207385e-10
3.9352271e-10
3.9136364e-10
3.9011364e-10
3.9417616e-10
3.9286929e-10
3.91875e-10
3.915625e-10
3.8869316e-10
3.9281248e-10
3.8849432e-10
3.9460224e-10
3.946023e-10
3.9255682e-10
3.9241474e-10
3.9440337e-10
3.9434658e-10
3.8994319e-10
3.9144885e-10
3.9394887e-10
3.9218745e-10
3.9119319e-10
3.9181816e-10
3.928409e-10
3.9286929e-10
3.9284095e-10
3.9232956e-10
3.9278403e-10
3.931534e-10
3.9244322e-10
3.9491474e-10
3.9355114e-10
3.934659e-10
3.9193185e-10
3.908239e-10
3.9136366e-10
3.8974432e-10
3.920739e-10
3.8923298e-10
3.9227269e-10
3.8840911e-10
3.9502843e-10
3.9232956e-10
3.9213074e-10
3.8926135e-10
3.961648e-10
3.9022724e-10
3.9286929e-10
3.9235795e-10
3.9184658e-10
3.9184656e-10
3.909659e-10
3.9116479e-10
3.9045453e-10
3.9409095e-10
3.9133524e-10
3.9292616e-10
3.9088066e-10
3.919034e-10
3.9215908e-10
3.9198864e-10
3.9286932e-10
3.9485795e-10
3.9150569e-10
3.8965908e-10
3.9042616e-10
3.9028408e-10
3.925e-10
3.9210227e-10
3.9227271e-10
3.9071021e-10
3.9357959e-10
3.9051135e-10
3.9193179e-10
3.8906253e-10
3.9068179e-10
3.9269887e-10
3.9281245e-10
3.9019879e-10
3.9275572e-10
3.9102277e-10
3.9235798e-10
3.9215908e-10
3.909375e-10
3.9312506e-10
3.9176137e-10
3.947159e-10
3.9136364e-10
3.9247164e-10
3.9110795e-10
3.9286932e-10
3.9005685e-10
3.9204548e-10
3.9099435e-10
3.9008521e-10
3.923579e-10
3.9193179e-10
3.892614e-10
3.915625e-10
3.9377837e-10
3.9150566e-10
3.9292616e-10
3.9e-10
3.9235795e-10
3.9224429e-10
3.9005679e-10
3.9193185e-10
3.8889203e-10
3.8894887e-10
3.9062503e-10
3.9073866e-10
3.9292614e-10
3.88125e-10
3.8994319e-10
3.9082385e-10
3.9221593e-10
3.90767e-10
3.9150569e-10
3.9403414e-10
3.9286929e-10
3.9107959e-10
3.9238637e-10
3.9372158e-10
3.9247156e-10
3.9170453e-10
3.9107953e-10
3.9085227e-10
3.9065345e-10
3.9264203e-10
3.9269885e-10
3.9133524e-10
3.9335227e-10
3.8951703e-10
3.89375e-10
3.8997161e-10
3.8903411e-10
3.89375e-10
3.9036935e-10
3.909375e-10
3.9238637e-10
3.9110795e-10
3.9269885e-10
3.9269885e-10
3.8866482e-10
3.9048295e-10
3.9116477e-10
3.890909e-10
3.906534e-10
3.9147724e-10
3.8940343e-10
3.9443179e-10
3.921875e-10
3.9204548e-10
3.9207385e-10
3.9144882e-10
3.8855114e-10
3.9309664e-10
3.9394885e-10
3.9181813e-10
3.8948864e-10
3.9011361e-10
3.9116471e-10
3.9545459e-10
3.9099435e-10
3.9389206e-10
3.9261366e-10
3.9261369e-10
3.9096593e-10
3.9062495e-10
3.9053977e-10
3.89375e-10
3.9170456e-10
3.8863643e-10
3.9178974e-10
3.8928974e-10
3.9045453e-10
3.9116477e-10
3.9190343e-10
3.8894885e-10
3.9375003e-10
3.8985792e-10
3.9164771e-10
3.9252843e-10
3.9551135e-10
3.9065337e-10
3.9048292e-10
3.9028414e-10
3.8923298e-10
3.9210227e-10
3.915625e-10
3.9278406e-10
3.9167611e-10
3.9397727e-10
3.8988637e-10
3.9187498e-10
3.9440343e-10
3.9210227e-10
3.9213066e-10
3.9082385e-10
3.9380679e-10
3.9232961e-10
3.9088066e-10
3.8954545e-10
3.9352271e-10
3.9224435e-10
3.9107959e-10
3.9258527e-10
3.9392045e-10
3.9502843e-10
3.9221593e-10
3.9130682e-10
3.930114e-10
3.8931819e-10
3.8943179e-10
3.9048295e-10
3.927273e-10
3.9014203e-10
3.9213066e-10
3.9110792e-10
3.904545e-10
3.914489e-10
3.9221593e-10
3.8926135e-10
3.9249998e-10
3.9332387e-10
3.9119319e-10
3.9068182e-10
3.9426135e-10
3.9153411e-10
3.9198864e-10
3.9019882e-10
3.9130679e-10
3.908239e-10
3.9042616e-10
3.8948861e-10
3.9099432e-10
3.9025563e-10
3.8809664e-10
3.9008521e-10
3.906534e-10
3.9034093e-10
3.8971598e-10
3.9082385e-10
3.889489e-10
3.9193182e-10
3.912784e-10
3.9468756e-10
3.9289771e-10
3.9457387e-10
3.9295453e-10
3.9213074e-10
3.9321024e-10
3.9198866e-10
3.923864e-10
3.9051143e-10
3.8917614e-10
3.8980116e-10
3.9193182e-10
3.9088069e-10
3.9125003e-10
3.9082385e-10
3.9088069e-10
3.9184664e-10
3.9142042e-10
3.9102274e-10
3.9184658e-10
3.9085224e-10
3.8988635e-10
3.8860798e-10
3.9258519e-10
3.9082385e-10
3.9025572e-10
3.9204548e-10
3.8758524e-10
3.9042616e-10
3.9014203e-10
3.9306816e-10
3.8798295e-10
3.8946027e-10
3.9204548e-10
3.9093753e-10
3.9144882e-10
3.9042611e-10
3.9164771e-10
3.9133521e-10
3.8869319e-10
3.9124998e-10
3.9059661e-10
3.9193179e-10
3.9076706e-10
3.908239e-10
3.9366477e-10
3.8781253e-10
3.9e-10
3.8849432e-10
3.9323861e-10
3.9338069e-10
3.8900569e-10
3.9045453e-10
3.8948864e-10
3.9181816e-10
3.9269885e-10
3.9025572e-10
3.8934661e-10
3.8894887e-10
3.9173298e-10
3.9178974e-10
3.9133524e-10
3.919034e-10
3.9198864e-10
3.9295453e-10
3.9133521e-10
3.9136366e-10
3.8974432e-10
3.9071021e-10
3.915625e-10
3.8991474e-10
3.9224429e-10
3.9056813e-10
3.9005685e-10
3.908239e-10
3.9542611e-10
3.9232956e-10
3.8968748e-10
3.9221593e-10
3.9286932e-10
3.9392045e-10
3.8897729e-10
3.9005679e-10
3.9130682e-10
3.9136366e-10
3.9093748e-10
3.9005679e-10
3.9306816e-10
3.9207385e-10
3.9116477e-10
3.9019887e-10
3.9011364e-10
3.9213069e-10
3.9238632e-10
3.9105111e-10
3.919034e-10
3.9369316e-10
3.8948869e-10
3.920739e-10
3.9386364e-10
3.9167614e-10
3.8951706e-10
3.8985801e-10
3.909375e-10
3.9002845e-10
3.9201709e-10
3.9153408e-10
3.9275563e-10
3.921875e-10
3.9230111e-10
3.9284084e-10
3.9295456e-10
3.93125e-10
3.9258527e-10
3.9221593e-10
3.9159087e-10
3.9312498e-10
3.9122164e-10
3.8954545e-10
3.897159e-10
3.9002837e-10
3.9071021e-10
3.9017045e-10
3.9176137e-10
3.9073866e-10
3.9022724e-10
3.8809664e-10
3.8994319e-10
3.892045e-10
3.8934658e-10
3.8965906e-10
3.9230119e-10
3.8860792e-10
3.9e-10
3.8954545e-10
3.9309658e-10
3.9221593e-10
3.9133524e-10
3.9008527e-10
3.9076706e-10
3.897159e-10
3.919034e-10
3.9400563e-10
3.9323866e-10
3.9306822e-10
3.9088066e-10
3.9105116e-10
3.9281253e-10
3.9125003e-10
3.9119319e-10
3.9204548e-10
3.9147732e-10
3.9082385e-10
3.8994319e-10
3.896875e-10
3.9139206e-10
3.9144885e-10
3.8997161e-10
3.903694e-10
3.9002843e-10
3.927273e-10
3.8894896e-10
3.8988635e-10
3.9170447e-10
3.9051143e-10
3.9048295e-10
3.9088069e-10
3.9210227e-10
3.8940343e-10
3.919034e-10
3.8980108e-10
3.9360792e-10
3.9292616e-10
3.9133521e-10
3.8909095e-10
3.8965908e-10
3.9343753e-10
3.8917616e-10
3.9204548e-10
3.9335227e-10
3.8809658e-10
3.9119322e-10
3.9235798e-10
3.8931819e-10
3.8920456e-10
3.9139206e-10
3.909375e-10
3.8843756e-10
3.9133521e-10
3.9235795e-10
3.9090908e-10
3.908239e-10
3.8801137e-10
3.909659e-10
3.9045459e-10
3.925284e-10
3.875284e-10
3.89375e-10
3.920454e-10
3.9053971e-10
3.8906253e-10
3.8667614e-10
3.8991477e-10
3.9088069e-10
3.9059656e-10
3.9136364e-10
3.9036932e-10
3.886364e-10
3.9147727e-10
3.897159e-10
3.9079548e-10
3.9159093e-10
3.8872161e-10
3.9164777e-10
3.9028406e-10
3.901704e-10
3.935795e-10
3.9053977e-10
3.903125e-10
3.9230114e-10
3.9036926e-10
3.9096593e-10
3.8897727e-10
3.9142042e-10
3.9159095e-10
3.9204548e-10
3.8951703e-10
3.9261361e-10
3.912784e-10
3.9071021e-10
3.9079542e-10
3.92642e-10
3.9377845e-10
3.9161929e-10
3.9124998e-10
3.8957387e-10
3.9096595e-10
3.8806816e-10
3.9124998e-10
3.951989e-10
3.8960224e-10
3.91392e-10
3.8960224e-10
3.914489e-10
3.9173295e-10
3.9201709e-10
3.919034e-10
3.9289774e-10
3.9042619e-10
3.9514206e-10
3.925284e-10
3.9465908e-10
3.8889203e-10
3.8977269e-10
3.9193182e-10
3.9045453e-10
3.8946027e-10
3.9215911e-10
3.9071021e-10
3.9386364e-10
3.9048295e-10
3.896875e-10
3.9187506e-10
3.897159e-10
3.9221593e-10
3.9235795e-10
3.8741479e-10
3.8718753e-10
3.9039769e-10
3.9215911e-10
3.8741479e-10
3.9025563e-10
3.8900569e-10
3.9178974e-10
3.9088066e-10
3.9096593e-10
3.9224438e-10
3.9068179e-10
3.9224435e-10
3.8957382e-10
3.89375e-10
3.903409e-10
3.9002837e-10
3.8747164e-10
3.894603e-10
3.9025572e-10
3.9349432e-10
3.8931824e-10
3.9014211e-10
3.9144882e-10
3.9113637e-10
3.8994316e-10
3.9221587e-10
3.8838063e-10
3.9022732e-10
3.9193182e-10
3.925284e-10
3.8917614e-10
3.9230114e-10
3.9085227e-10
3.9286929e-10
3.8849438e-10
3.9224429e-10
3.9139206e-10
3.9139206e-10
3.88892e-10
3.8755682e-10
3.8931816e-10
3.895454e-10
3.9133524e-10
3.9025566e-10
3.9099432e-10
3.8988635e-10
3.8803974e-10
3.9002843e-10
3.9062503e-10
3.8806822e-10
3.8977274e-10
3.8843753e-10
3.8948864e-10
3.8928974e-10
3.8991479e-10
3.9000006e-10
3.9062503e-10
3.9017053e-10
3.9059653e-10
3.9275563e-10
3.9005679e-10
3.9340906e-10
3.9051137e-10
3.9289771e-10
3.8946021e-10
3.9105108e-10
3.9184658e-10
3.917614e-10
3.8818182e-10
3.9261361e-10
3.9090908e-10
3.9318182e-10
3.9025563e-10
3.906534e-10
3.8798298e-10
3.91392e-10
3.8940343e-10
3.8946027e-10
3.8832387e-10
3.935228e-10
3.9036935e-10
3.9247158e-10
3.9082385e-10
3.8914774e-10
3.8886369e-10
3.9497158e-10
3.9068188e-10
3.9281248e-10
3.9196024e-10
3.91875e-10
3.8880679e-10
3.9059653e-10
3.9002845e-10
3.9048292e-10
3.9156253e-10
3.928409e-10
3.9071021e-10
3.9329554e-10
3.9130679e-10
3.9000006e-10
3.8846595e-10
3.9267045e-10
3.9267051e-10
3.9093748e-10
3.9258524e-10
3.9275569e-10
3.8957382e-10
3.9133524e-10
3.91392e-10
3.885795e-10
3.9215908e-10
3.875e-10
3.9017053e-10
3.9093748e-10
3.8883521e-10
3.8724435e-10
3.9286926e-10
3.9059656e-10
3.8818176e-10
3.8931819e-10
3.9105116e-10
3.9136364e-10
3.9125003e-10
3.9170453e-10
3.906534e-10
3.8880679e-10
3.9076697e-10
3.9207385e-10
3.8963072e-10
3.8852274e-10
3.9071021e-10
3.875e-10
3.9150566e-10
3.9088069e-10
3.9051135e-10
3.8988637e-10
3.9028414e-10
3.9085232e-10
3.9096595e-10
3.9102274e-10
3.9014203e-10
3.8991477e-10
3.9281253e-10
3.878409e-10
3.9127845e-10
3.8866468e-10
3.9059661e-10
3.892045e-10
3.9150569e-10
3.8917616e-10
3.9005685e-10
3.8963066e-10
3.8931824e-10
3.8960224e-10
3.9034093e-10
3.8886361e-10
3.9025572e-10
3.8906253e-10
3.8985792e-10
3.9142048e-10
3.8704551e-10
3.8803974e-10
3.9045453e-10
3.9099426e-10
3.8880679e-10
3.8872158e-10
3.8761369e-10
3.8968748e-10
3.8889206e-10
3.9051135e-10
3.8920464e-10
3.8963072e-10
3.8840911e-10
3.8778411e-10
3.9011364e-10
3.9053979e-10
3.8974432e-10
3.9167605e-10
3.9090908e-10
3.9099426e-10
3.901989e-10
3.8875e-10
3.9116477e-10
3.8903411e-10
3.9210227e-10
3.8886361e-10
3.912784e-10
3.8914771e-10
3.9088066e-10
3.8965914e-10
3.9005679e-10
3.9079542e-10
3.9167614e-10
3.9110792e-10
3.9045453e-10
3.934659e-10
3.9045453e-10
3.8792611e-10
3.8883519e-10
3.917898e-10
3.8982959e-10
3.8684658e-10
3.8857956e-10
3.8928977e-10
3.9136364e-10
3.8821024e-10
3.93125e-10
3.8900569e-10
3.878409e-10
3.8883519e-10
3.8974432e-10
3.9042616e-10
3.9193182e-10
3.9159087e-10
3.8968748e-10
3.9017045e-10
3.9065337e-10
3.8857956e-10
3.8889206e-10
3.9133524e-10
3.921875e-10
3.8982953e-10
3.8866477e-10
3.8789769e-10
3.9045459e-10
3.9136372e-10
3.8764203e-10
3.8730111e-10
3.8963066e-10
3.9167614e-10
3.9321024e-10
3.9071024e-10
3.9181816e-10
3.8917614e-10
3.9258519e-10
3.8999995e-10
3.9042611e-10
3.8997158e-10
3.8755682e-10
3.9332385e-10
3.8974432e-10
3.906534e-10
3.8866477e-10
3.8923298e-10
3.9173298e-10
3.8923298e-10
3.9122156e-10
3.921875e-10
3.9079548e-10
3.8948864e-10
3.9201706e-10
3.9198866e-10
3.9232956e-10
3.9122164e-10
3.9144885e-10
3.920739e-10
3.8869316e-10
3.9014206e-10
3.9187495e-10
3.8977269e-10
3.9343748e-10
3.9059656e-10
3.9025566e-10
3.8977274e-10
3.9161929e-10
3.886079e-10
3.9289771e-10
3.9071024e-10
3.903409e-10
3.9190343e-10
3.8948864e-10
3.9249998e-10
3.8786932e-10
3.9088069e-10
3.8730111e-10
3.9062498e-10
3.8951706e-10
3.8911932e-10
3.9085227e-10
3.8829545e-10
3.9267051e-10
3.9e-10
3.9102269e-10
3.9247156e-10
3.8994319e-10
3.9380685e-10
3.9056819e-10
3.9178974e-10
3.9181824e-10
3.9176132e-10
3.9133521e-10
3.9e-10
3.8906248e-10
3.9275569e-10
3.8974432e-10
3.9161929e-10
3.8957382e-10
3.9147732e-10
3.9173295e-10
3.9122156e-10
3.9142042e-10
3.8900569e-10
3.9056813e-10
3.8855108e-10
3.8823861e-10
3.9034084e-10
3.8937503e-10
3.8778411e-10
3.8968756e-10
3.9119322e-10
3.8627845e-10
3.8795453e-10
3.9056822e-10
3.8951706e-10
3.8934658e-10
3.8909087e-10
3.8571021e-10
3.8946021e-10
3.8696021e-10
3.9238637e-10
3.9073866e-10
3.9079542e-10
3.8832385e-10
3.8903414e-10
3.8889203e-10
3.9068188e-10
3.8801132e-10
3.925e-10
3.9161929e-10
3.8946021e-10
3.8749998e-10
3.8937503e-10
3.8914771e-10
3.9068179e-10
3.9286932e-10
3.8900572e-10
3.924148e-10
3.9039774e-10
3.9105111e-10
3.895454e-10
3.9096593e-10
3.8985795e-10
3.9244316e-10
3.9011364e-10
3.9099435e-10
3.9045453e-10
3.8738637e-10
3.8903411e-10
3.9051137e-10
3.9204542e-10
3.9139206e-10
3.8923298e-10
3.9116479e-10
3.9224429e-10
3.8991477e-10
3.8840914e-10
3.8980111e-10
3.8792616e-10
3.8931811e-10
3.8835229e-10
3.8911929e-10
3.8809658e-10
3.8673295e-10
3.9068182e-10
3.9071021e-10
3.9042616e-10
3.9042611e-10
3.8906253e-10
3.909375e-10
3.8917616e-10
3.9355122e-10
3.8954545e-10
3.912784e-10
3.9153403e-10
3.9230114e-10
3.8917616e-10
3.8988637e-10
3.9028406e-10
3.9215908e-10
3.89375e-10
3.9204548e-10
3.8838069e-10
3.9144893e-10
3.8892048e-10
3.8931816e-10
3.9130682e-10
3.9088069e-10
3.9093748e-10
3.9025572e-10
3.9017045e-10
3.8877843e-10
3.8576706e-10
3.9102269e-10
3.9079548e-10
3.8678974e-10
3.8923298e-10
3.9210227e-10
3.86392e-10
3.8678974e-10
3.9036935e-10
3.8974432e-10
3.9090911e-10
3.8963066e-10
3.8951706e-10
3.9150569e-10
3.9e-10
3.9176137e-10
3.9230111e-10
3.9011361e-10
3.9187498e-10
3.8934658e-10
3.8923292e-10
3.9056813e-10
3.8997158e-10
3.878409e-10
3.9042611e-10
3.9133524e-10
3.9014203e-10
3.9269885e-10
3.8977277e-10
3.8897729e-10
3.9002843e-10
3.8909087e-10
3.8991477e-10
3.8650569e-10
3.8946027e-10
3.8920459e-10
3.9204548e-10
3.8795459e-10
3.8886361e-10
3.8943185e-10
3.8897727e-10
3.9028406e-10
3.9090908e-10
3.8653408e-10
3.9071016e-10
3.8926135e-10
3.8880679e-10
3.8971584e-10
3.890909e-10
3.925284e-10
3.8931816e-10
3.8818185e-10
3.9048295e-10
3.8852271e-10
3.8980116e-10
3.8900572e-10
3.8775563e-10
3.9139209e-10
3.8934661e-10
3.8937495e-10
3.9000003e-10
3.9045453e-10
3.8798295e-10
3.9196024e-10
3.903409e-10
3.9065345e-10
3.8980116e-10
3.9099432e-10
3.9062503e-10
3.9062495e-10
3.8897721e-10
3.9002843e-10
3.9073872e-10
3.8784095e-10
3.8897729e-10
3.8798298e-10
3.9213069e-10
3.8931816e-10
3.8877843e-10
3.8613635e-10
3.9096584e-10
3.8767045e-10
3.9136364e-10
3.8928974e-10
3.8829545e-10
3.9051137e-10
3.9059661e-10
3.8960224e-10
3.8786929e-10
3.9051137e-10
3.9269885e-10
3.8798295e-10
3.8903411e-10
3.8823866e-10
3.8880685e-10
3.9130679e-10
3.8863635e-10
3.8997158e-10
3.9002843e-10
3.8923298e-10
3.8903405e-10
3.9181816e-10
3.9272727e-10
3.8784087e-10
3.9022724e-10
3.8886364e-10
3.9147727e-10
3.9028408e-10
3.8954545e-10
3.8872158e-10
3.8946027e-10
3.9275563e-10
3.8900563e-10
3.8892045e-10
3.8917614e-10
3.8792616e-10
3.8795453e-10
3.9062498e-10
3.8622164e-10
3.8917614e-10
3.9042616e-10
3.8951703e-10
3.8977274e-10
3.8997158e-10
3.8823866e-10
3.9011364e-10
3.8872158e-10
3.894603e-10
3.8784087e-10
3.8943185e-10
3.8852274e-10
3.8923292e-10
3.8968756e-10
3.8889203e-10
3.8798298e-10
3.9184664e-10
3.8701709e-10
3.8954545e-10
3.8934658e-10
3.8909095e-10
3.9187506e-10
3.8866482e-10
3.8801137e-10
3.8843748e-10
3.8843748e-10
3.8985801e-10
3.8786932e-10
3.8951703e-10
3.9227277e-10
3.8886361e-10
3.919034e-10
3.8732953e-10
3.9028408e-10
3.8886358e-10
3.8860801e-10
3.886364e-10
3.9085224e-10
3.9093748e-10
3.8948864e-10
3.8900569e-10
3.9e-10
3.9045459e-10
3.9164769e-10
3.9051143e-10
3.9181822e-10
3.8843748e-10
3.9110795e-10
3.8977274e-10
3.8948861e-10
3.9039774e-10
3.8894887e-10
3.8943185e-10
3.8977274e-10
3.8784087e-10
3.9133521e-10
3.8855114e-10
3.8946021e-10
3.9147727e-10
3.8903411e-10
3.9056822e-10
3.9375003e-10
3.9105116e-10
3.8977274e-10
3.9000003e-10
3.9261361e-10
3.8769887e-10
3.8784087e-10
3.8980111e-10
3.9008521e-10
3.8931819e-10
3.8991479e-10
3.8965906e-10
3.8866474e-10
3.8906248e-10
3.8676137e-10
3.8965906e-10
3.9181816e-10
3.9042616e-10
3.8920459e-10
3.8951703e-10
3.8889203e-10
3.8732956e-10
3.8883527e-10
3.8843745e-10
3.8897729e-10
3.8889206e-10
3.8764203e-10
3.9110801e-10
3.8775569e-10
3.8917616e-10
3.8792614e-10
3.8801132e-10
3.8869319e-10
3.8559655e-10
3.88125e-10
3.8713066e-10
3.9042616e-10
3.8957382e-10
3.8855116e-10
3.8715911e-10
3.8923292e-10
3.9201706e-10
3.9122164e-10
3.9193182e-10
3.8835227e-10
3.8823861e-10
3.90767e-10
3.8971593e-10
3.8735798e-10
3.9045459e-10
3.897159e-10
3.8874995e-10
3.9002843e-10
3.8806822e-10
3.8997161e-10
3.9136364e-10
3.8781248e-10
3.8860792e-10
3.9210227e-10
3.9119319e-10
3.8977269e-10
3.8940343e-10
3.9014206e-10
3.8997161e-10
3.8803979e-10
3.9190343e-10
3.8960229e-10
3.8880679e-10
3.8821024e-10
3.8946021e-10
3.909375e-10
3.8920456e-10
3.8840905e-10
3.8781253e-10
3.8928974e-10
3.8914774e-10
3.8946021e-10
3.9403411e-10
3.9e-10
3.9042611e-10
3.8985801e-10
3.8846587e-10
3.9125003e-10
3.9051137e-10
3.896875e-10
3.8903411e-10
3.8894887e-10
3.8974432e-10
3.8920447e-10
3.8940343e-10
3.9071016e-10
3.8832387e-10
3.9147727e-10
3.9221593e-10
3.8994319e-10
3.9056813e-10
3.8946021e-10
3.903409e-10
3.8806816e-10
3.8829545e-10
3.8903414e-10
3.8869319e-10
3.9028406e-10
3.8571024e-10
3.8616479e-10
3.9034093e-10
3.9096593e-10
3.8965906e-10
3.8988637e-10
3.8573864e-10
3.8980111e-10
3.8965908e-10
3.9017045e-10
3.8747158e-10
3.8965908e-10
3.8829545e-10
3.8928977e-10
3.9059661e-10
3.8880679e-10
3.8727271e-10
3.8951706e-10
3.8826703e-10
3.8818182e-10
3.8764203e-10
3.9073864e-10
3.8764203e-10
3.8863635e-10
3.8806816e-10
3.8988635e-10
3.8778411e-10
3.8840911e-10
3.8701706e-10
3.8843748e-10
3.9369316e-10
3.8931816e-10
3.8883519e-10
3.8892048e-10
3.9116479e-10
3.88892e-10
3.8914771e-10
3.8857956e-10
3.8724429e-10
3.8951703e-10
3.8795447e-10
3.8874995e-10
3.8721593e-10
3.8823866e-10
3.9062503e-10
3.8883521e-10
3.9156253e-10
3.8798295e-10
3.8869319e-10
3.895739e-10
3.8528414e-10
3.8747158e-10
3.9124998e-10
3.9261361e-10
3.9144885e-10
3.8911932e-10
3.9099432e-10
3.8957387e-10
3.8917614e-10
3.9076706e-10
3.881534e-10
3.8900572e-10
3.8826703e-10
3.9082385e-10
3.8943185e-10
3.909375e-10
3.9071021e-10
3.9261361e-10
3.8980116e-10
3.8579542e-10
3.9235795e-10
3.9196027e-10
3.8900569e-10
3.9238637e-10
3.9036932e-10
3.9005679e-10
3.9005676e-10
3.878409e-10
3.9204542e-10
3.9215911e-10
3.9176137e-10
3.9025572e-10
3.896875e-10
3.9150569e-10
3.9082385e-10
3.9218753e-10
3.9252843e-10
3.8747164e-10
3.9139206e-10
3.9085224e-10
3.9124998e-10
3.8869311e-10
3.8923292e-10
3.8843748e-10
3.94375e-10
3.9113643e-10
3.9176137e-10
3.8806816e-10
3.9147724e-10
3.903125e-10
3.9247156e-10
3.909375e-10
3.9088066e-10
3.9056822e-10
3.917898e-10
3.9022729e-10
3.9068188e-10
3.9130674e-10
3.9122156e-10
3.9062495e-10
3.9130679e-10
3.9107959e-10
3.9497158e-10
3.9159087e-10
3.9125006e-10
3.8801137e-10
3.9244308e-10
3.9187506e-10
3.903125e-10
3.9116479e-10
3.9173295e-10
3.8971584e-10
3.923864e-10
3.9443179e-10
3.8928977e-10
3.9159093e-10
3.8988637e-10
3.8948869e-10
3.8982959e-10
3.9420456e-10
3.9275561e-10
3.8965914e-10
3.939773e-10
3.8937503e-10
3.9071021e-10
3.9244316e-10
3.9085224e-10
3.9079548e-10
3.8943179e-10
3.9159087e-10
3.9204542e-10
3.9309658e-10
3.91392e-10
3.9122161e-10
3.9019887e-10
3.895454e-10
3.9355114e-10
3.8869316e-10
3.8994319e-10
3.930398e-10
3.9124998e-10
3.9187498e-10
3.921875e-10
3.8806824e-10
3.9085227e-10
3.9173298e-10
3.9178974e-10
3.9017048e-10
3.8965908e-10
3.9133524e-10
3.9071021e-10
3.9286932e-10
3.9196024e-10
3.8965908e-10
3.9065345e-10
3.8892048e-10
3.9124998e-10
3.9147724e-10
3.9036926e-10
3.8789774e-10
3.8940343e-10
3.9105111e-10
3.9048292e-10
3.9053977e-10
3.8943179e-10
3.9170453e-10
3.917898e-10
3.9161935e-10
3.9184658e-10
3.9340906e-10
3.8832393e-10
3.8988637e-10
3.9059661e-10
3.9184656e-10
3.9161929e-10
3.9147732e-10
3.909375e-10
3.9389203e-10
3.903125e-10
3.8849432e-10
3.8809658e-10
3.884659e-10
3.8985801e-10
3.8943179e-10
3.8667614e-10
3.9190337e-10
3.9340911e-10
3.8988635e-10
3.8980111e-10
3.912784e-10
3.9119322e-10
3.89375e-10
3.9051137e-10
3.8789774e-10
3.8923292e-10
3.9161929e-10
3.9042611e-10
3.8792614e-10
3.8781248e-10
3.8849429e-10
3.8997158e-10
3.8985795e-10
3.9011364e-10
3.8980111e-10
3.908239e-10
3.8991479e-10
3.8778405e-10
3.8713066e-10
3.8784095e-10
3.9210224e-10
3.8954548e-10
3.909375e-10
3.9153408e-10
3.8911932e-10
3.912784e-10
3.8738632e-10
3.940909e-10
3.9159087e-10
3.9153408e-10
3.8977274e-10
3.9170456e-10
3.9048303e-10
3.9071021e-10
3.9244322e-10
3.8948864e-10
3.9048292e-10
3.8982953e-10
3.9122161e-10
3.9085224e-10
3.9224435e-10
3.8997161e-10
3.8838069e-10
3.881534e-10
3.9150566e-10
3.8781248e-10
3.9173298e-10
3.8957387e-10
3.8954548e-10
3.8934661e-10
3.9144885e-10
3.9107959e-10
3.903125e-10
3.8909095e-10
3.8985792e-10
3.892614e-10
3.8974432e-10
3.9068174e-10
3.9071021e-10
3.8940343e-10
3.919034e-10
3.9130682e-10
3.8991479e-10
3.897159e-10
3.9014211e-10
3.9122164e-10
3.8823861e-10
3.933523e-10
3.9099426e-10
3.8872158e-10
3.9218753e-10
3.9045453e-10
3.8900572e-10
3.8749998e-10
3.8997158e-10
3.9031248e-10
3.9198866e-10
3.9e-10
3.9289771e-10
3.8931819e-10
3.9144885e-10
3.9116477e-10
3.92642e-10
3.9082385e-10
3.8821024e-10
3.8693182e-10
3.8911929e-10
3.8946027e-10
3.8724429e-10
3.8821024e-10
3.9017045e-10
3.9e-10
3.8880679e-10
3.9238637e-10
3.892045e-10
3.9278411e-10
3.889489e-10
3.8815343e-10
3.8903405e-10
3.8724435e-10
3.8812498e-10
3.8883521e-10
3.8980116e-10
3.9039774e-10
3.8934658e-10
3.8920456e-10
3.8926135e-10
3.8857956e-10
3.9068179e-10
3.8670456e-10
3.9053985e-10
3.9005685e-10
3.8818182e-10
3.8835227e-10
3.8931819e-10
3.8616477e-10
3.9028408e-10
3.8880688e-10
3.8886364e-10
3.8798295e-10
3.9156245e-10
3.9076706e-10
3.9088066e-10
3.8997161e-10
3.9198864e-10
3.8980111e-10
3.9005676e-10
3.8849429e-10
3.9136364e-10
3.9062503e-10
3.9221593e-10
3.8806816e-10
3.9156242e-10
3.9383519e-10
3.9156259e-10
3.9107953e-10
3.897159e-10
3.8857956e-10
3.9088069e-10
3.9173295e-10
3.909659e-10
3.9159087e-10
3.8883527e-10
3.9119319e-10
3.9210227e-10
3.8880688e-10
3.9051135e-10
3.924148e-10
3.903409e-10
3.8874995e-10
3.9187498e-10
3.930398e-10
3.8974432e-10
3.9355114e-10
3.8946019e-10
3.9147732e-10
3.9224435e-10
3.9028414e-10
3.925284e-10
3.8937495e-10
3.8732953e-10
3.9272721e-10
3.9284095e-10
3.9329545e-10
3.9082385e-10
3.9056822e-10
3.917898e-10
3.9113637e-10
3.9079548e-10
3.917329e-10
3.8928982e-10
3.9196024e-10
3.9127845e-10
3.9142051e-10
3.9238637e-10
3.8948864e-10
3.9193182e-10
3.912784e-10
3.9065345e-10
3.9082385e-10
3.9090908e-10
3.8809664e-10
3.9051137e-10
3.9201706e-10
3.8758519e-10
3.9161929e-10
3.9230111e-10
3.9048292e-10
3.933523e-10
3.9133521e-10
3.9102274e-10
3.915625e-10
3.9096593e-10
3.9144885e-10
3.8954548e-10
3.8900569e-10
3.92017e-10
3.8798298e-10
3.8960224e-10
3.8917614e-10
3.8795456e-10
3.9008527e-10
3.9198864e-10
3.9309656e-10
3.8843748e-10
3.8943179e-10
3.8997161e-10
3.8974432e-10
3.9272727e-10
3.9116479e-10
3.896875e-10
3.9150574e-10
3.9068182e-10
3.9178974e-10
3.9088074e-10
3.8931819e-10
3.8761361e-10
3.9372161e-10
3.9025572e-10
3.9056819e-10
3.9051135e-10
3.8957387e-10
3.9059661e-10
3.9136372e-10
3.9204542e-10
3.8755685e-10
3.8985792e-10
3.9071021e-10
3.8940343e-10
3.9017048e-10
3.8863635e-10
3.9008521e-10
3.8940343e-10
3.9329545e-10
3.8988632e-10
3.9289774e-10
3.9073858e-10
3.8821019e-10
3.9343748e-10
3.9085224e-10
3.909659e-10
3.9196024e-10
3.9045453e-10
3.9224429e-10
3.8994319e-10
3.9247164e-10
3.8897727e-10
3.9062498e-10
3.8948864e-10
3.9184658e-10
3.9164771e-10
3.9153411e-10
3.933523e-10
3.9107953e-10
3.8957387e-10
3.9411938e-10
3.914489e-10
3.9082382e-10
3.8937495e-10
3.890909e-10
3.8937495e-10
3.9196024e-10
3.8914766e-10
3.8906248e-10
3.9079542e-10
3.8542616e-10
3.921875e-10
3.8749998e-10
3.9036932e-10
3.9002843e-10
3.9198866e-10
3.903409e-10
3.8991474e-10
3.9039777e-10
3.9036932e-10
3.8761361e-10
3.9102274e-10
3.9332385e-10
3.8826703e-10
3.9122161e-10
3.9059661e-10
3.9102277e-10
3.892045e-10
3.9184664e-10
3.8965908e-10
3.8511361e-10
3.9085224e-10
3.9113643e-10
3.8721587e-10
3.9215908e-10
3.8892048e-10
3.8721593e-10
3.9008527e-10
3.8843748e-10
3.8974432e-10
3.8838069e-10
3.892614e-10
3.8812498e-10
3.8917616e-10
3.9110801e-10
3.9068182e-10
3.8917608e-10
3.9278411e-10
3.9002834e-10
3.900853e-10
3.8963066e-10
3.93125e-10
3.9164777e-10
3.9142042e-10
3.9073864e-10
3.9110795e-10
3.9002843e-10
3.8869316e-10
3.8835227e-10
3.8852271e-10
3.9017045e-10
3.8917616e-10
3.9022724e-10
3.8994322e-10
3.9079548e-10
3.8826709e-10
3.8869324e-10
3.9019882e-10
3.9352271e-10
3.9119319e-10
3.914489e-10
3.9079548e-10
3.9036932e-10
3.9184656e-10
3.8926135e-10
3.9002837e-10
3.9147724e-10
3.9255682e-10
3.8696024e-10
3.925284e-10
3.9258524e-10
3.9184658e-10
3.9122161e-10
3.8821024e-10
3.9244316e-10
3.8838063e-10
3.9215908e-10
3.9156253e-10
3.9207385e-10
3.9269885e-10
3.8988635e-10
3.8963074e-10
3.8869319e-10
3.9247156e-10
3.8940345e-10
3.9039774e-10
3.9193182e-10
3.8903414e-10
3.9022724e-10
3.8738637e-10
3.9025566e-10
3.9076706e-10
3.9025572e-10
3.9295453e-10
3.8883521e-10
3.8980111e-10
3.8877837e-10
3.9122161e-10
3.8900569e-10
3.8855114e-10
3.9088066e-10
3.9099426e-10
3.9059661e-10
3.9073858e-10
3.9011369e-10
3.8798295e-10
3.8926135e-10
3.8985792e-10
3.9022729e-10
3.9249998e-10
3.860795e-10
3.8721587e-10
3.8849438e-10
3.9019882e-10
3.8985795e-10
3.8982959e-10
3.9107959e-10
3.9056822e-10
3.9059661e-10
3.8892042e-10
3.8965908e-10
3.9156253e-10
3.9048295e-10
3.9153408e-10
3.9028408e-10
3.8909095e-10
3.9065345e-10
3.8835229e-10
3.8931819e-10
3.924148e-10
3.9125003e-10
3.8889211e-10
3.9136366e-10
3.9159093e-10
3.9119322e-10
3.8977269e-10
3.9045453e-10
3.8985801e-10
3.921875e-10
3.9295456e-10
3.8988632e-10
3.931534e-10
3.9124995e-10
3.9400569e-10
3.9130682e-10
3.9051135e-10
3.9107959e-10
3.8963072e-10
3.8965914e-10
3.9085232e-10
3.9085227e-10
3.8894885e-10
3.8880685e-10
3.9124998e-10
3.9176137e-10
3.8866474e-10
3.8931819e-10
3.903125e-10
3.9349432e-10
3.9133524e-10
3.9428977e-10
3.8917614e-10
3.9170447e-10
3.913069e-10
3.8863632e-10
3.8906253e-10
3.9127837e-10
3.9159087e-10
3.9224435e-10
3.9110795e-10
3.8965908e-10
3.9238632e-10
3.9340906e-10
3.9261366e-10
3.9133521e-10
3.9227271e-10
3.9292611e-10
3.9167611e-10
3.8897727e-10
3.9315343e-10
3.8920456e-10
3.8883519e-10
3.9218745e-10
3.8954556e-10
3.9573858e-10
3.9031248e-10
3.9261361e-10
3.9181813e-10
3.9136358e-10
3.9150569e-10
3.9267045e-10
3.8761366e-10
3.9176132e-10
3.9170456e-10
3.9099432e-10
3.895454e-10
3.8957387e-10
3.896875e-10
3.8985792e-10
3.9119313e-10
3.9130682e-10
3.9227271e-10
3.9071024e-10
3.8994319e-10
3.9119313e-10
3.8749998e-10
3.8917614e-10
3.8897727e-10
3.9261361e-10
3.9096593e-10
3.8829551e-10
3.8957379e-10
3.8894885e-10
3.9153408e-10
3.906534e-10
3.9042616e-10
3.9207385e-10
3.9102274e-10
3.909659e-10
3.8892045e-10
3.9076706e-10
3.8914771e-10
3.9343748e-10
3.9076706e-10
3.9184658e-10
3.8914774e-10
3.9144885e-10
3.9105116e-10
3.9136366e-10
3.8727269e-10
3.9122161e-10
3.8789771e-10
3.92017e-10
3.8943176e-10
3.8926135e-10
3.9147724e-10
3.8755682e-10
3.9099432e-10
3.9102274e-10
3.8818182e-10
3.8752843e-10
3.8806822e-10
3.9153408e-10
3.9048295e-10
3.8758524e-10
3.8974432e-10
3.8906256e-10
3.8963072e-10
3.8656253e-10
3.9090911e-10
3.8821019e-10
3.8832387e-10
3.9338072e-10
3.8877843e-10
3.892045e-10
3.8988632e-10
3.9088069e-10
3.8997161e-10
3.8693182e-10
3.8806822e-10
3.9130682e-10
3.8940343e-10
3.8906253e-10
3.88125e-10
3.865625e-10
3.9099435e-10
3.8974432e-10
3.9048295e-10
3.8869316e-10
3.886364e-10
3.9130682e-10
3.9002843e-10
3.9059656e-10
3.8715908e-10
3.9139206e-10
3.8880679e-10
3.9292616e-10
3.8849432e-10
3.9056822e-10
3.8928985e-10
3.8860792e-10
3.9076706e-10
3.8826703e-10
3.8855114e-10
3.9099432e-10
3.8985795e-10
3.8928982e-10
3.8889203e-10
3.9014211e-10
3.8647724e-10
3.8792614e-10
3.8980111e-10
3.9079548e-10
3.9071024e-10
3.8960229e-10
3.8704542e-10
3.8644885e-10
3.9301137e-10
3.9062498e-10
3.8724429e-10
3.8855116e-10
3.8755685e-10
3.8821024e-10
3.8602274e-10
3.9150569e-10
3.9161926e-10
3.8872153e-10
3.8951703e-10
3.9071024e-10
3.9005679e-10
3.9173298e-10
3.9204548e-10
3.9198866e-10
3.9105116e-10
3.909375e-10
3.8982959e-10
3.9042611e-10
3.9048292e-10
3.9099432e-10
3.9053979e-10
3.8937509e-10
3.8906253e-10
3.8894885e-10
3.8917614e-10
3.8732953e-10
3.8809655e-10
3.9181816e-10
3.9142048e-10
3.9019882e-10
3.9102274e-10
3.9071021e-10
3.8906253e-10
3.9173295e-10
3.9062498e-10
3.9107961e-10
3.9142048e-10
3.9204542e-10
3.8974432e-10
3.903125e-10
3.890909e-10
3.9190343e-10
3.9059661e-10
3.9164771e-10
3.892045e-10
3.9184664e-10
3.8957387e-10
3.9099432e-10
3.8943185e-10
3.9227269e-10
3.9289771e-10
3.9252843e-10
3.8985795e-10
3.9187498e-10
3.921875e-10
3.9332387e-10
3.8909087e-10
3.9207385e-10
3.9011361e-10
3.952273e-10
3.930114e-10
3.9261366e-10
3.93125e-10
3.9178974e-10
3.9036932e-10
3.9071021e-10
3.8960224e-10
3.9247158e-10
3.9500003e-10
3.9159087e-10
3.9133524e-10
3.953125e-10
3.9338069e-10
3.867614e-10
3.8982953e-10
3.9125003e-10
3.8985792e-10
3.9232956e-10
3.9159093e-10
3.9139209e-10
3.8965906e-10
3.8948861e-10
3.9142048e-10
3.9144885e-10
3.909375e-10
3.9039777e-10
3.9352271e-10
3.9372153e-10
3.9071024e-10
3.9068179e-10
3.8923292e-10
3.8880679e-10
3.9235798e-10
3.9156245e-10
3.8849429e-10
3.9034093e-10
3.890909e-10
3.8897721e-10
3.8667611e-10
3.914489e-10
3.8997161e-10
3.9042611e-10
3.9167614e-10
3.8940337e-10
3.890909e-10
3.8980111e-10
3.8977269e-10
3.8840911e-10
3.8840905e-10
3.9011364e-10
3.8917614e-10
3.8693179e-10
3.9130679e-10
3.9039774e-10
3.8758519e-10
3.9019887e-10
3.9085227e-10
3.8957387e-10
3.91875e-10
3.9068179e-10
3.8965906e-10
3.8954545e-10
3.8855114e-10
3.8636364e-10
3.9227271e-10
3.8758516e-10
3.8863635e-10
3.8906253e-10
3.8840911e-10
3.9051143e-10
3.9042616e-10
3.8701706e-10
3.9071021e-10
3.9093753e-10
3.892045e-10
3.892614e-10
3.8917614e-10
3.8846595e-10
3.8781253e-10
3.8832387e-10
3.8889203e-10
3.903409e-10
3.9088069e-10
3.9085227e-10
3.8863635e-10
3.8920459e-10
3.8894887e-10
3.8968748e-10
3.9167614e-10
3.9105116e-10
3.8738637e-10
3.9014211e-10
3.9025566e-10
3.8863635e-10
3.8849432e-10
3.9176132e-10
3.8997158e-10
3.8926135e-10
3.8784095e-10
3.9375003e-10
3.9335221e-10
3.8911924e-10
3.9088069e-10
3.9062498e-10
3.8946021e-10
3.8877843e-10
3.9122164e-10
3.9073864e-10
3.9238637e-10
3.8906248e-10
3.9059661e-10
3.9406253e-10
3.9005685e-10
3.936364e-10
3.8940337e-10
3.9267042e-10
3.9053977e-10
3.9085227e-10
3.9284095e-10
3.8906248e-10
3.91392e-10
3.8963066e-10
3.9011364e-10
3.9122161e-10
3.9275569e-10
3.9119319e-10
3.9227277e-10
3.9079542e-10
3.9068182e-10
3.8980111e-10
3.8994311e-10
3.9224438e-10
3.9340911e-10
3.8928977e-10
3.9130679e-10
3.9332387e-10
3.9286932e-10
3.9423298e-10
3.9116485e-10
3.9204548e-10
3.9159095e-10
3.9025572e-10
3.931534e-10
3.9181822e-10
3.8920456e-10
3.9167614e-10
3.9028408e-10
3.9113643e-10
3.9258519e-10
3.8965908e-10
3.9017048e-10
3.8642048e-10
3.9025572e-10
3.8920456e-10
3.9181816e-10
3.8806822e-10
3.907103e-10
3.8784095e-10
3.9193182e-10
3.9164769e-10
3.8997161e-10
3.9306816e-10
3.8843753e-10
3.8744316e-10
3.8872158e-10
3.8735798e-10
3.9130682e-10
3.8781253e-10
3.8980116e-10
3.8923298e-10
3.9062498e-10
3.897159e-10
3.915625e-10
3.8875e-10
3.9008521e-10
3.8963066e-10
3.8670456e-10
3.9207385e-10
3.9298295e-10
3.8551135e-10
3.9136366e-10
3.8883527e-10
3.8900572e-10
3.9085232e-10
3.9025566e-10
3.878409e-10
3.91875e-10
3.9215911e-10
3.9071024e-10
3.9099426e-10
3.924148e-10
3.8781253e-10
3.8968748e-10
3.9338069e-10
3.9278406e-10
3.9116471e-10
3.9326709e-10
3.8926132e-10
3.9221587e-10
3.8940343e-10
3.9167614e-10
3.8875e-10
3.9238632e-10
3.8994322e-10
3.8957387e-10
3.8821024e-10
3.9267045e-10
3.896875e-10
3.9153408e-10
3.8877845e-10
3.909659e-10
3.8869316e-10
3.8906248e-10
3.9227277e-10
3.9122161e-10
3.9022729e-10
3.9039769e-10
3.9147724e-10
3.9159093e-10
3.88125e-10
3.8869319e-10
3.8940345e-10
3.9053979e-10
3.8826709e-10
3.8931819e-10
3.906534e-10
3.9301137e-10
3.9039769e-10
3.9139206e-10
3.9028408e-10
3.9159087e-10
3.9036932e-10
3.9053971e-10
3.8855114e-10
3.9193182e-10
3.9025566e-10
3.9053977e-10
3.9088069e-10
3.8951697e-10
3.9153417e-10
3.9076706e-10
3.9377837e-10
3.8894885e-10
3.9116479e-10
3.8977269e-10
3.9088066e-10
3.8948864e-10
3.8985801e-10
3.897159e-10
3.9062498e-10
3.8792611e-10
3.8843748e-10
3.9178974e-10
3.8954548e-10
3.9144885e-10
3.8920456e-10
3.9102274e-10
3.9335221e-10
3.8872158e-10
3.8997164e-10
3.9088066e-10
3.9142048e-10
3.9031242e-10
3.8917622e-10
3.9187498e-10
3.8928982e-10
3.9377837e-10
3.9051137e-10
3.9017045e-10
3.8693185e-10
3.9099432e-10
3.9105119e-10
3.8786932e-10
3.8963066e-10
3.8985792e-10
3.9247156e-10
3.9022729e-10
3.9059656e-10
3.895454e-10
3.912784e-10
3.9e-10
3.8639206e-10
3.9082385e-10
3.88125e-10
3.8971593e-10
3.9196024e-10
3.8735795e-10
3.8832385e-10
3.869034e-10
3.8866477e-10
3.8892045e-10
3.8713069e-10
3.9051135e-10
3.9062498e-10
3.8880679e-10
3.8906248e-10
3.9008527e-10
3.9221593e-10
3.8880679e-10
3.8761366e-10
3.9028406e-10
3.898579e-10
3.8806822e-10
3.8843748e-10
3.8698866e-10
3.8914771e-10
3.8835221e-10
3.896875e-10
3.8761366e-10
3.8911938e-10
3.9136366e-10
3.9335227e-10
3.8971593e-10
3.8926135e-10
3.9062503e-10
3.8940337e-10
3.8826703e-10
3.8971593e-10
3.9113637e-10
3.9170456e-10
3.9267045e-10
3.9036935e-10
3.9045453e-10
3.9039777e-10
3.8877837e-10
3.88125e-10
3.9147724e-10
3.9071024e-10
3.9272727e-10
3.8818182e-10
3.9184658e-10
3.9039774e-10
3.9048295e-10
3.9113635e-10
3.8826703e-10
3.9309664e-10
3.9116477e-10
3.8889206e-10
3.9215908e-10
3.8667614e-10
3.9008527e-10
3.9178974e-10
3.9312506e-10
3.897159e-10
3.9068179e-10
3.8735798e-10
3.9110795e-10
3.8755685e-10
3.8892045e-10
3.9247164e-10
3.8943179e-10
3.8928977e-10
3.9065348e-10
3.9031256e-10
3.9113637e-10
3.8818182e-10
3.88267e-10
3.890909e-10
3.8988635e-10
3.8798301e-10
3.9090908e-10
3.8741479e-10
3.9147732e-10
3.891478e-10
3.9025566e-10
3.9065345e-10
3.8914771e-10
3.8610795e-10
3.8951706e-10
3.8803974e-10
3.91392e-10
3.9e-10
3.9249998e-10
3.8903414e-10
3.9068182e-10
3.9085232e-10
3.8920456e-10
3.8920456e-10
3.8886361e-10
3.9025572e-10
3.9215917e-10
3.8928977e-10
3.9159087e-10
3.885795e-10
3.8920456e-10
3.8840905e-10
3.9051137e-10
3.8832393e-10
3.9051137e-10
3.9073866e-10
3.8792614e-10
3.8875e-10
3.8974435e-10
3.886364e-10
3.9235795e-10
3.8772727e-10
3.8997158e-10
3.89375e-10
3.8991477e-10
3.8832387e-10
3.9130682e-10
3.8934658e-10
3.8982959e-10
3.9161929e-10
3.9150566e-10
3.9065348e-10
3.8886358e-10
3.8869311e-10
3.9048295e-10
3.9110801e-10
3.9053977e-10
3.9184664e-10
3.8977274e-10
3.8897729e-10
3.8721593e-10
3.900853e-10
3.8974432e-10
3.9036926e-10
3.8809658e-10
3.9008521e-10
3.8977269e-10
3.8818185e-10
3.8906248e-10
3.9133521e-10
3.8789774e-10
3.8849438e-10
3.8971593e-10
3.8704551e-10
3.9008519e-10
3.8980116e-10
3.8855114e-10
3.8926135e-10
3.8926132e-10
3.9053979e-10
3.9090908e-10
3.8911932e-10
3.8875003e-10
3.8946021e-10
3.8957387e-10
3.9167614e-10
3.9116479e-10
3.8860792e-10
3.8769885e-10
3.8730114e-10
3.895454e-10
3.8951703e-10
3.873579e-10
3.8869316e-10
3.9136364e-10
3.8835229e-10
3.8835229e-10
3.9051135e-10
3.9099432e-10
3.8883527e-10
3.8769885e-10
3.8957382e-10
3.884659e-10
3.9085224e-10
3.9110795e-10
3.8701706e-10
3.9096593e-10
3.8693182e-10
3.8951703e-10
3.8994322e-10
3.8923298e-10
3.9073864e-10
3.9068182e-10
3.904545e-10
3.8894885e-10
3.8926135e-10
3.8892042e-10
3.869034e-10
3.909659e-10
3.9107959e-10
3.869034e-10
3.8735798e-10
3.8741479e-10
3.8772729e-10
3.8997158e-10
3.897159e-10
3.8809658e-10
3.9196021e-10
3.9053977e-10
3.8982953e-10
3.9238637e-10
3.8613637e-10
3.8747158e-10
3.8963066e-10
3.8596593e-10
3.890909e-10
3.8786929e-10
3.8849429e-10
3.8960224e-10
3.8965908e-10
3.8860792e-10
3.8758524e-10
3.8801137e-10
3.8897729e-10
3.9079548e-10
3.8741474e-10
3.8880688e-10
3.9062498e-10
3.8994319e-10
3.9005685e-10
3.9071024e-10
3.8940343e-10
3.8960229e-10
3.9082385e-10
3.9215911e-10
3.8840905e-10
3.885795e-10
3.8926135e-10
3.9130682e-10
3.891478e-10
3.9036932e-10
3.9127845e-10
3.924148e-10
3.8991477e-10
3.8647727e-10
3.9136364e-10
3.9369319e-10
3.9017045e-10
3.9034093e-10
3.9079551e-10
3.9113637e-10
3.9230111e-10
3.9164771e-10
3.9127837e-10
3.9048292e-10
3.8946021e-10
3.8607958e-10
3.9150569e-10
3.896875e-10
3.9005685e-10
3.9184656e-10
3.886364e-10
3.9318185e-10
3.9034093e-10
3.940909e-10
3.9034093e-10
3.8863635e-10
3.9105108e-10
3.8943179e-10
3.9142042e-10
3.8897729e-10
3.8843753e-10
3.9142048e-10
3.9232956e-10
3.9298295e-10
3.89375e-10
3.8883519e-10
3.8971593e-10
3.9090911e-10
3.8991479e-10
3.9e-10
3.8914774e-10
3.87017e-10
3.886364e-10
3.91875e-10
3.8661935e-10
3.8809658e-10
3.8997158e-10
3.8914774e-10
3.8985795e-10
3.8786932e-10
3.8906245e-10
3.8840905e-10
3.914489e-10
3.88125e-10
3.886364e-10
3.8767037e-10
3.8710227e-10
3.875569e-10
3.8701706e-10
3.8894887e-10
3.853125e-10
3.9008521e-10
3.8948864e-10
3.8886361e-10
3.8877845e-10
3.8886361e-10
3.9269887e-10
3.8667614e-10
3.9264211e-10
3.8911929e-10
3.8994316e-10
3.8840911e-10
3.903125e-10
3.8991474e-10
3.9011364e-10
3.9159087e-10
3.9034084e-10
3.9159093e-10
3.9107953e-10
3.8974432e-10
3.8906248e-10
3.8963072e-10
3.9017045e-10
3.8951703e-10
3.9059661e-10
3.9005685e-10
3.9193179e-10
3.8894887e-10
3.9000006e-10
3.9207385e-10
3.908239e-10
3.9301137e-10
3.8559655e-10
3.8818182e-10
3.9053977e-10
3.8767051e-10
3.9002837e-10
3.906534e-10
3.8940345e-10
3.8889203e-10
3.8980108e-10
3.9053977e-10
3.8971584e-10
3.8968756e-10
3.9008527e-10
3.9099432e-10
3.8843745e-10
3.8809658e-10
3.8985801e-10
3.9113637e-10
3.8806822e-10
3.9210227e-10
3.8897727e-10
3.8860798e-10
3.8730119e-10
3.8948861e-10
3.9116477e-10
3.8911932e-10
3.9079548e-10
3.9014206e-10
3.9017048e-10
3.88125e-10
3.9008521e-10
3.8809655e-10
3.8852274e-10
3.8917614e-10
3.8982953e-10
3.8914771e-10
3.9161935e-10
3.8943179e-10
3.912784e-10
3.8997161e-10
3.8767045e-10
3.8772727e-10
3.8571024e-10
3.9008527e-10
3.8781256e-10
3.8755685e-10
3.8826709e-10
3.8749998e-10
3.9071021e-10
3.881534e-10
3.88267e-10
3.9227271e-10
3.878409e-10
3.8991477e-10
3.8701706e-10
3.8806816e-10
3.8855116e-10
3.895454e-10
3.8786932e-10
3.8735795e-10
3.8741482e-10
3.9e-10
3.8792614e-10
3.8917614e-10
3.8747158e-10
3.9056819e-10
3.886079e-10
3.9136366e-10
3.9014206e-10
3.8860798e-10
3.9079542e-10
3.870739e-10
3.9107953e-10
3.9076706e-10
3.8852271e-10
3.9079551e-10
3.9241474e-10
3.8880685e-10
3.9071024e-10
3.9136358e-10
3.9082382e-10
3.8832385e-10
3.8869316e-10
3.9090906e-10
3.9096593e-10
3.8764203e-10
3.9372153e-10
3.8943179e-10
3.9130682e-10
3.87017e-10
3.9247158e-10
3.921875e-10
3.9159087e-10
3.9079548e-10
3.8741479e-10
3.9133521e-10
3.8514203e-10
3.8951703e-10
3.8826711e-10
3.8951711e-10
3.8951703e-10
3.8840914e-10
3.903125e-10
3.8946027e-10
3.8991474e-10
3.8838072e-10
3.903125e-10
3.8678974e-10
3.9031248e-10
3.8713066e-10
3.8897732e-10
3.8994316e-10
3.8815343e-10
3.9090908e-10
3.8730114e-10
3.892614e-10
3.8985792e-10
3.8838072e-10
3.9107961e-10
3.8900569e-10
3.8678979e-10
3.9136364e-10
3.8892048e-10
3.9147724e-10
3.8599426e-10
3.8826703e-10
3.9176137e-10
3.9144885e-10
3.9096593e-10
3.9073864e-10
3.9110795e-10
3.9025566e-10
3.909659e-10
3.9088066e-10
3.8883519e-10
3.8892048e-10
3.8769879e-10
3.8977269e-10
3.875e-10
3.8897729e-10
3.9025566e-10
3.8786932e-10
3.9025566e-10
3.8928977e-10
3.8985792e-10
3.9130688e-10
3.8721593e-10
3.8701706e-10
3.8886361e-10
3.9014206e-10
3.89375e-10
3.8818185e-10
3.9014206e-10
3.896875e-10
3.8974432e-10
3.8630682e-10
3.8738637e-10
3.9002845e-10
3.9025566e-10
3.8894887e-10
3.9000003e-10
3.8872158e-10
3.8650569e-10
3.8903405e-10
3.9110795e-10
3.8926135e-10
3.8786929e-10
3.8840905e-10
3.9011364e-10
3.8781248e-10
3.8982953e-10
3.8928977e-10
3.8880679e-10
3.9142042e-10
3.9025572e-10
3.9144885e-10
3.9278411e-10
3.8664771e-10
3.906534e-10
3.8940337e-10
3.8792614e-10
3.8946019e-10
3.9008521e-10
3.8926143e-10
3.9122156e-10
3.8943179e-10
3.885795e-10
3.8917614e-10
3.8860798e-10
3.8946021e-10
3.9088066e-10
3.8877837e-10
3.8710227e-10
3.8809658e-10
3.8835221e-10
3.8656253e-10
3.8727277e-10
3.8730114e-10
3.8610792e-10
3.9056822e-10
3.8940343e-10
3.8784087e-10
3.8832385e-10
3.875284e-10
3.8880685e-10
3.8846587e-10
3.8846587e-10
3.8875e-10
3.878409e-10
3.8948864e-10
3.9005679e-10
3.8769885e-10
3.8869324e-10
3.8897729e-10
3.8846595e-10
3.8701706e-10
3.8889203e-10
3.8866477e-10
3.8900569e-10
3.8835227e-10
3.9051137e-10
3.8775569e-10
3.8877843e-10
3.8852271e-10
3.9153408e-10
3.8721587e-10
3.8892045e-10
3.8693182e-10
3.896875e-10
3.9136358e-10
3.8906248e-10
3.8897727e-10
3.9031248e-10
3.8994319e-10
3.903694e-10
3.9113637e-10
3.8954545e-10
3.8647727e-10
3.8866477e-10
3.8948861e-10
3.8965908e-10
3.8818176e-10
3.9139206e-10
3.8590908e-10
3.8894887e-10
3.8877843e-10
3.8747158e-10
3.8863635e-10
3.8892042e-10
3.8914774e-10
3.8590911e-10
3.8772727e-10
3.8735798e-10
3.9071024e-10
3.8775563e-10
3.8883527e-10
3.8786932e-10
3.8906248e-10
3.8849424e-10
3.8656245e-10
3.8926135e-10
3.8741474e-10
3.8965914e-10
3.8860798e-10
3.9150569e-10
3.8775569e-10
3.8946019e-10
3.897159e-10
3.8977274e-10
3.9110795e-10
3.8920456e-10
3.8744316e-10
3.8980116e-10
3.8948864e-10
3.9031248e-10
3.8855114e-10
3.8875e-10
3.88125e-10
3.8965908e-10
3.9193185e-10
3.8698864e-10
3.8755682e-10
3.8900563e-10
3.9034084e-10
3.9230114e-10
3.8903411e-10
3.88125e-10
3.9005679e-10
3.8846587e-10
3.8815348e-10
3.8974426e-10
3.897159e-10
3.9122161e-10
3.9281253e-10
3.9042611e-10
3.8795456e-10
3.9136364e-10
3.90284e-10
3.8889203e-10
3.8877837e-10
3.8869319e-10
3.9059661e-10
3.875284e-10
3.9017045e-10
3.8911938e-10
3.8906248e-10
3.8571024e-10
3.8852274e-10
3.8775563e-10
3.881534e-10
3.9090908e-10
3.8775563e-10
3.8926135e-10
3.88125e-10
3.8835229e-10
3.8755682e-10
3.8713066e-10
3.8948861e-10
3.8690343e-10
3.8721587e-10
3.8980116e-10
3.8627845e-10
3.8838069e-10
3.9014211e-10
3.8838069e-10
3.8982953e-10
3.9139209e-10
3.8985795e-10
3.8994319e-10
3.903409e-10
3.8963072e-10
3.8869311e-10
3.8619319e-10
3.9224435e-10
3.8786932e-10
3.8875003e-10
3.901704e-10
3.9048301e-10
3.9150569e-10
3.9258524e-10
3.869034e-10
3.8965908e-10
3.8892042e-10
