-9.3398428e-11
-9.0390619e-11
-9.1953119e-11
-9.2265619e-11
-8.8515625e-11
-8.9179684e-11
-9.1249987e-11
-9.1835928e-11
-8.9843744e-11
-9.0468757e-11
-8.9335928e-11
-8.9218744e-11
-8.8906243e-11
-8.9453119e-11
-8.7734368e-11
-9.0664053e-11
-9.0195303e-11
-8.9453119e-11
-9.238281e-11
-9.2109369e-11
-9.128906e-11
-9.3124994e-11
-9.1679678e-11
-9.1835935e-11
-9.1992185e-11
-9.0507803e-11
-9.1640619e-11
-8.8515618e-11
-9.1328119e-11
-9.1054678e-11
-9.050781e-11
-9.035156e-11
-9.2460928e-11
-9.0468737e-11
-9.3554671e-11
-9.1406244e-11
-9.1367178e-11
-9.0781244e-11
-9.1875001e-11
-9.1171876e-11
-9.0703119e-11
-8.7031243e-11
-9.4023435e-11
-9.0507803e-11
-8.9179678e-11
-8.9296869e-11
-8.8164052e-11
-9.3281237e-11
-9.0624994e-11
-9.0976567e-11
-8.9765619e-11
-8.9453112e-11
-8.8710927e-11
-9.2148435e-11
-9.0742178e-11
-9.113281e-11
-9.3046862e-11
-8.8593743e-11
-8.8554677e-11
-9.0273428e-11
-8.9414053e-11
-9.2343737e-11
-9.191406e-11
-9.019531e-11
-9.1210928e-11
-8.96875e-11
-9.144531e-11
-8.8867184e-11
-9.5546862e-11
-9.1757817e-11
-9.2187487e-11
-9.3789053e-11
-9.3124994e-11
-9.488281e-11
-9.3593737e-11
-8.9023434e-11
-9.3828119e-11
-9.0546876e-11
-9.097656e-11
-9.1054685e-11
-9.0546869e-11
-9.2812508e-11
-8.8828118e-11
-8.9999987e-11
-9.1249994e-11
-8.8476559e-11
-9.1796869e-11
-9.5390619e-11
-9.0585928e-11
-9.3203119e-11
-9.1796869e-11
-9.2968751e-11
-9.1093744e-11
-8.9492178e-11
-8.9101559e-11
-9.4453119e-11
-9.1992178e-11
-9.1054685e-11
-9.3281244e-11
-9.1835935e-11
-9.2773435e-11
-9.2929671e-11
-9.2851553e-11
-9.2539053e-11
-9.0937494e-11
-9.2539053e-11
-9.1562494e-11
-9.0781244e-11
-9.0234369e-11
-9.332031e-11
-9.4960942e-11
-9.1132803e-11
-8.9726553e-11
-9.1484369e-11
-9.0273428e-11
-8.6289059e-11
-9.2031237e-11
-9.0117185e-11
-9.0937494e-11
-9.0546862e-11
-9.0781237e-11
-9.2773435e-11
-9.4726553e-11
-8.8476559e-11
-8.9335928e-11
-9.4531244e-11
-9.2109362e-11
-9.1132803e-11
-9.0312494e-11
-9.2031244e-11
-9.1796869e-11
-9.0859362e-11
-8.988281e-11
-8.9960935e-11
-9.1367185e-11
-9.1367178e-11
-8.8398427e-11
-9.0078126e-11
-9.1171869e-11
-8.6953118e-11
-9.2578119e-11
-9.0585928e-11
-9.4101553e-11
-9.1328126e-11
-8.9999987e-11
-9.3085935e-11
-8.8710927e-11
-9.3554685e-11
-8.9414059e-11
-8.8632809e-11
-8.8984362e-11
-8.7499993e-11
-8.9999994e-11
-9.2226546e-11
-8.8359368e-11
-9.0273428e-11
-9.4531244e-11
-8.8007802e-11
-9.1562501e-11
-9.2343751e-11
-8.7773434e-11
-8.9179678e-11
-9.2734369e-11
-9.0937494e-11
-9.0273428e-11
-9.050781e-11
-9.4023428e-11
-9.4453112e-11
-9.1992185e-11
-9.1445303e-11
-9.2187494e-11
-9.1406244e-11
-8.9335928e-11
-8.6874993e-11
-9.0039053e-11
-9.3398421e-11
-9.2187501e-11
-9.0507803e-11
-9.1484362e-11
-8.972656e-11
-9.160156e-11
-9.2460928e-11
-8.9804678e-11
-8.8828125e-11
-9.0937487e-11
-9.0781244e-11
-8.8437493e-11
-9.0156237e-11
-8.9179684e-11
-8.8593743e-11
-9.1718744e-11
-9.0312487e-11
-9.0585928e-11
-9.1328119e-11
-9.0390626e-11
-9.066406e-11
-8.9335921e-11
-9.0429685e-11
-9.0234369e-11
-9.2148435e-11
-8.921875e-11
-9.1914053e-11
-8.8671862e-11
-8.7343743e-11
-9.4296869e-11
-8.7734361e-11
-9.1093744e-11
-9.285156e-11
-8.6132802e-11
-9.2734376e-11
-9.2421869e-11
-8.9609369e-11
-8.9492184e-11
-8.8632802e-11
-8.7734368e-11
-8.8671868e-11
-8.7734368e-11
-8.9570303e-11
-9.0546869e-11
-9.1171862e-11
-8.8281236e-11
-9.3124994e-11
-8.7539059e-11
-9.0781237e-11
-8.9023428e-11
-9.0859369e-11
-8.9609362e-11
-8.9101559e-11
-9.0468751e-11
-9.066406e-11
-8.8867178e-11
-8.8320302e-11
-9.0195303e-11
-9.0195303e-11
-9.0273435e-11
-8.8671862e-11
-9.296873e-11
-9.0898442e-11
-9.2109362e-11
-9.0781251e-11
-8.6914052e-11
-8.8867178e-11
-8.7539052e-11
-9.1406244e-11
-9.0585935e-11
-8.9648435e-11
-9.0117178e-11
-9.0429678e-11
-9.0078112e-11
-9.2695303e-11
-9.0820303e-11
-8.84375e-11
-8.8320316e-11
-8.9023428e-11
-8.7695302e-11
-8.9414059e-11
-9.1015612e-11
-9.6484362e-11
-8.671875e-11
-8.7851559e-11
-9.128906e-11
-8.9218737e-11
-9.0898428e-11
-9.2304678e-11
-8.9843744e-11
-9.0117185e-11
-8.9453119e-11
-9.0898428e-11
-9.1406244e-11
-9.0468737e-11
-8.8828125e-11
-9.175781e-11
-9.2148428e-11
-9.1640619e-11
-8.9375e-11
-8.7578118e-11
-9.2070303e-11
-9.2187487e-11
-9.1328126e-11
-8.9414053e-11
-9.1601553e-11
-9.2148428e-11
-9.0742178e-11
-9.0664053e-11
-9.2226553e-11
-8.7617184e-11
-9.3046862e-11
-9.1640619e-11
-9.0195303e-11
-8.9960928e-11
-9.4296869e-11
-9.3320303e-11
-9.2695303e-11
-9.1132803e-11
-9.1914046e-11
-9.2773428e-11
-9.3671869e-11
-9.3632803e-11
-9.3281244e-11
-9.1796869e-11
-9.1132803e-11
-9.3007803e-11
-9.0546869e-11
-9.3046862e-11
-9.6171869e-11
-9.3671876e-11
-9.5117185e-11
-9.1874994e-11
-9.3906244e-11
-9.1953119e-11
-9.4140619e-11
-9.1953119e-11
-9.1210935e-11
-9.0312494e-11
-9.3945303e-11
-9.2734369e-11
-9.0703112e-11
-9.238281e-11
-9.2695303e-11
-9.1054678e-11
-9.4296869e-11
-9.2148435e-11
-8.9921862e-11
-9.2617171e-11
-9.0507803e-11
-9.3359362e-11
-9.1210928e-11
-9.3281237e-11
-8.8359368e-11
-9.2109369e-11
-9.1015619e-11
-9.1171862e-11
-9.2656237e-11
-8.9765619e-11
-9.0742185e-11
-9.3789046e-11
-9.0273441e-11
-9.0390619e-11
-8.9765625e-11
-8.9687494e-11
-8.9648428e-11
-9.3515619e-11
-9.0039053e-11
-8.9375e-11
-8.8046861e-11
-9.035156e-11
-9.3046869e-11
-9.0429678e-11
-8.9804685e-11
-9.1445303e-11
-9.1132803e-11
-8.8632796e-11
-9.0624987e-11
-9.0390619e-11
-8.7539052e-11
-9.1562501e-11
-9.0585935e-11
-9.2226553e-11
-8.7890625e-11
-9.0546876e-11
-8.9257803e-11
-9.0624994e-11
-9.019531e-11
-9.1484369e-11
-9.453123e-11
-8.9101559e-11
-9.1953112e-11
-9.1875001e-11
-9.1601553e-11
-9.3710921e-11
-9.597656e-11
-9.410156e-11
-9.4687494e-11
-9.3124987e-11
-9.2656237e-11
-9.1874994e-11
-9.066406e-11
-8.9531244e-11
-9.1406244e-11
-9.2617185e-11
-9.5664053e-11
-9.4765619e-11
-9.1835935e-11
-9.066406e-11
-9.0624994e-11
-9.3554678e-11
-9.4999987e-11
-9.3281251e-11
-9.4453112e-11
-9.285156e-11
-9.4062487e-11
-9.3906237e-11
-9.1874994e-11
-9.3437494e-11
-9.1367185e-11
-9.2265619e-11
-9.0820303e-11
-9.3632803e-11
-9.5390612e-11
-9.2382803e-11
-9.4062494e-11
-9.3398428e-11
-9.316406e-11
-9.3906244e-11
-9.488281e-11
-9.2890612e-11
-9.2617185e-11
-9.4453112e-11
-9.5859369e-11
-9.1093744e-11
-9.3164053e-11
-9.5117178e-11
-9.253906e-11
-9.1367185e-11
-9.1640619e-11
-8.9804678e-11
-9.1171869e-11
-9.3476553e-11
-8.8359368e-11
-9.2460928e-11
-9.097656e-11
-9.1171876e-11
-9.3085928e-11
-9.1835935e-11
-9.0195303e-11
-8.9140618e-11
-8.9335934e-11
-8.8593743e-11
-8.9375e-11
-9.2226553e-11
-8.988281e-11
-9.160156e-11
-9.0703119e-11
-9.0468744e-11
-8.9257796e-11
-9.0078119e-11
-8.8945309e-11
-9.1445303e-11
-9.1210935e-11
-8.9882803e-11
-9.0703119e-11
-8.8242177e-11
-9.535156e-11
-9.1171869e-11
-8.8632809e-11
-8.9023434e-11
-8.9492178e-11
-8.8320302e-11
-9.082031e-11
-9.1171876e-11
-8.7265618e-11
-8.8671868e-11
-9.0390626e-11
-9.0937494e-11
-9.1210935e-11
-8.8867171e-11
-9.0468744e-11
-8.9999994e-11
-9.3242185e-11
-9.1718744e-11
-8.8164052e-11
-9.0585928e-11
-8.9531244e-11
-8.8828118e-11
-9.2578126e-11
-9.0312487e-11
-9.0976553e-11
-9.2187494e-11
-9.2539053e-11
-8.9101553e-11
-8.7656243e-11
-9.0781244e-11
-8.8515618e-11
-8.9296869e-11
-9.2695303e-11
-9.1640626e-11
-9.2226553e-11
-9.3945303e-11
-9.1406237e-11
-8.9921869e-11
-9.5195303e-11
-9.2109369e-11
-8.8164052e-11
-9.1679678e-11
-9.0468737e-11
-9.128906e-11
-9.2890619e-11
-8.7617184e-11
-9.4921876e-11
-9.1406244e-11
-9.2421869e-11
-9.3867185e-11
-9.0703119e-11
-9.113281e-11
-9.1132803e-11
-9.2812494e-11
-9.1250001e-11
-8.8476559e-11
-9.2499987e-11
-8.8828118e-11
-9.4726553e-11
-9.3671869e-11
-8.9648435e-11
-8.9531244e-11
-9.4101546e-11
-9.097656e-11
-8.9921869e-11
-9.1015612e-11
-8.8945296e-11
-9.1015619e-11
-9.0937494e-11
-9.3750001e-11
-1.0199219e-10
-1.161328e-10
-1.3242187e-10
-1.45625e-10
-1.583203e-10
-1.68125e-10
-1.7554685e-10
-1.8808591e-10
-1.9335937e-10
-1.9839844e-10
-2.0531249e-10
-2.0195311e-10
-2.0222655e-10
-2.0257809e-10
-1.9769529e-10
-1.93125e-10
-1.9191405e-10
-1.8824219e-10
-1.842578e-10
-1.8429688e-10
-1.8124999e-10
-1.7734376e-10
-1.7570313e-10
-1.70625e-10
-1.6726562e-10
-1.6187499e-10
-1.5691407e-10
-1.5648435e-10
-1.553125e-10
-1.51875e-10
-1.4656251e-10
-1.4796875e-10
-1.4222655e-10
-1.3796872e-10
-1.3855468e-10
-1.3386718e-10
-1.33125e-10
-1.3007811e-10
-1.3128905e-10
-1.2957031e-10
-1.2652343e-10
-1.2792968e-10
-1.2226561e-10
-1.1917968e-10
-1.2113281e-10
-1.1929686e-10
-1.1828125e-10
-1.2015625e-10
-1.1941405e-10
-1.1445312e-10
-1.1148437e-10
-1.1296875e-10
-1.1644531e-10
-1.1242186e-10
-1.1027344e-10
-1.0886719e-10
-1.0964843e-10
-1.0874999e-10
-1.0953125e-10
-1.0667969e-10
-1.0671873e-10
-1.0781249e-10
-1.0496093e-10
-1.0593748e-10
-1.0535156e-10
-1.0343749e-10
-1.0410155e-10
-1.0347655e-10
-1.0066406e-10
-1.0523437e-10
-1.0464843e-10
-1.0082031e-10
-1.0035155e-10
-9.8593744e-11
-1.0082031e-10
-9.9453112e-11
-9.8632803e-11
-1.0101561e-10
-1.0101561e-10
-1.0121094e-10
-1.0199218e-10
-9.8085921e-11
-9.6796862e-11
-9.9765612e-11
-9.8124987e-11
-1.0035156e-10
-9.5898442e-11
-9.7304678e-11
-9.9804678e-11
-9.6874987e-11
-9.7812494e-11
-9.5234369e-11
-9.910156e-11
-9.8437494e-11
-9.8320317e-11
-9.7656237e-11
-9.9179678e-11
-1.0117186e-10
-9.3085928e-11
-9.6523428e-11
-9.5429685e-11
-9.8164053e-11
-1.0023436e-10
-9.6718744e-11
-9.4609369e-11
-9.8320296e-11
-9.5664046e-11
-9.8945303e-11
-9.9335928e-11
-9.7968737e-11
-9.5273442e-11
-9.6992171e-11
-9.7187487e-11
-9.5585928e-11
-9.6718744e-11
-9.7968737e-11
-9.6523428e-11
-9.8281244e-11
-9.613281e-11
-9.5351553e-11
-9.4648428e-11
-9.9062487e-11
-9.675781e-11
-9.4453119e-11
-9.7031244e-11
-9.5898428e-11
-9.8593737e-11
-9.6406244e-11
-9.4296862e-11
-9.4804685e-11
-9.4804678e-11
-9.6523428e-11
-9.6132803e-11
-9.3437487e-11
-9.5742171e-11
-9.3749987e-11
-9.6914067e-11
-9.6835928e-11
-9.3828126e-11
-9.5507803e-11
-9.4453126e-11
-1.0027343e-10
-9.7460935e-11
-9.5624994e-11
-9.3710928e-11
-9.3085928e-11
-9.535156e-11
-9.6484376e-11
-9.4179678e-11
-9.8398428e-11
-9.5390626e-11
-9.4257803e-11
-9.4296869e-11
-9.6874987e-11
-9.628906e-11
-9.9531244e-11
-9.3281237e-11
-9.738281e-11
-9.597656e-11
-9.472656e-11
-9.5859362e-11
-9.5703112e-11
-9.4648435e-11
-9.6210921e-11
-9.7265612e-11
-9.8671862e-11
-9.6210935e-11
-9.3710928e-11
-9.488281e-11
-9.8046876e-11
-9.4765626e-11
-9.6601546e-11
-9.5742171e-11
-9.4648428e-11
-9.6523442e-11
-9.6523428e-11
-9.3554678e-11
-9.7343744e-11
-9.5390626e-11
-9.4804678e-11
-9.8593737e-11
-9.4648435e-11
-9.6289053e-11
-9.6250001e-11
-9.3867178e-11
-9.5937494e-11
-9.363281e-11
-9.5742185e-11
-9.7734362e-11
-9.3593744e-11
-9.6289053e-11
-9.4023435e-11
-9.2929685e-11
-9.5273421e-11
-9.8203112e-11
-9.4218737e-11
-9.3710928e-11
-9.4960928e-11
-9.1874987e-11
-9.2851553e-11
-9.1718744e-11
-9.6601553e-11
-9.5742185e-11
-9.5039053e-11
-9.8593744e-11
-9.6367178e-11
-9.3398428e-11
-9.4648435e-11
-9.7109376e-11
-9.4218737e-11
-9.3671869e-11
-9.6367178e-11
-9.3789053e-11
-9.4492178e-11
-9.5742178e-11
-9.2617185e-11
-9.3124987e-11
-9.4804671e-11
-9.5976553e-11
-9.4218737e-11
-9.7031244e-11
-9.4843737e-11
-9.4374994e-11
-9.7070303e-11
-9.2187494e-11
-9.4648428e-11
-9.535156e-11
-9.5351553e-11
-9.4765612e-11
-9.3867178e-11
-9.2421862e-11
-9.4531244e-11
-9.1171869e-11
-9.4062494e-11
-9.4062494e-11
-9.488281e-11
-9.191406e-11
-9.4648421e-11
-9.3710935e-11
-9.1679685e-11
-9.0546869e-11
-9.4648428e-11
-9.0468744e-11
-9.2539053e-11
-9.3867171e-11
-9.4492178e-11
-9.3671869e-11
-9.2890619e-11
-9.3828112e-11
-9.5078112e-11
-9.5390612e-11
-9.6953119e-11
-9.3320303e-11
-9.2734369e-11
-9.3906237e-11
-9.2812494e-11
-9.3671862e-11
-9.6835935e-11
-9.4453119e-11
-9.5624987e-11
-9.4062494e-11
-9.3007803e-11
-9.4882796e-11
-9.4687494e-11
-9.6367178e-11
-9.4374994e-11
-9.4296869e-11
-9.3671869e-11
-9.441406e-11
-9.2968744e-11
-9.2343737e-11
-9.3632803e-11
-9.3164046e-11
-9.4453112e-11
-9.3867178e-11
-9.5898421e-11
-9.1640619e-11
-9.4101553e-11
-8.9999994e-11
-9.4218744e-11
-9.3632803e-11
-9.2304685e-11
-8.3632802e-11
-7.5781242e-11
-8.1445309e-11
-8.5156236e-11
-8.4999986e-11
-8.9492184e-11
-9.285156e-11
-9.0039053e-11
-9.4296876e-11
-9.0624994e-11
-9.1874987e-11
-9.0429685e-11
-9.4062494e-11
-9.2656244e-11
-9.2851553e-11
-9.3398428e-11
-9.3671869e-11
-9.5273428e-11
-9.3789053e-11
-9.6210928e-11
-9.066406e-11
-9.3124987e-11
-9.5859376e-11
-9.0507803e-11
-9.4531244e-11
-9.3749994e-11
-9.2773428e-11
-9.2968737e-11
-9.3164053e-11
-9.1093744e-11
-9.1093744e-11
-9.0585935e-11
-8.8203111e-11
-9.0976553e-11
-9.2187501e-11
-9.3710928e-11
-9.003906e-11
-9.238281e-11
-9.035156e-11
-9.2343744e-11
-9.265623e-11
-9.4179685e-11
-9.0625001e-11
-9.3710935e-11
-8.9335928e-11
-9.4765626e-11
-9.503906e-11
-9.1015626e-11
-9.3085928e-11
-9.0937501e-11
-9.3828119e-11
-9.0468751e-11
-9.1406251e-11
-9.3867185e-11
-9.6914053e-11
-9.1718751e-11
-9.3515619e-11
-9.2109369e-11
-9.4374987e-11
-9.1367185e-11
-9.3828119e-11
-9.5234362e-11
-9.0976553e-11
-9.3789067e-11
-9.5312501e-11
-8.9687487e-11
-9.1367185e-11
-9.2499994e-11
-9.4179685e-11
-9.3828119e-11
-9.175781e-11
-9.4062487e-11
-9.3281244e-11
-9.2617185e-11
-9.1718744e-11
-9.5898428e-11
-9.2812487e-11
-9.2421869e-11
-9.3710935e-11
-9.2382817e-11
-9.2304685e-11
-9.0546869e-11
-9.2187494e-11
-9.4999994e-11
-9.5195303e-11
-9.2499987e-11
-9.4687494e-11
-9.4843751e-11
-8.9609375e-11
-9.1562494e-11
-9.082031e-11
-9.4218744e-11
-9.2460928e-11
-9.3945303e-11
-9.8437494e-11
-9.2070303e-11
-9.566406e-11
-9.5156237e-11
-9.4179678e-11
-9.4609369e-11
-9.5624987e-11
-9.2031237e-11
-9.4531244e-11
-9.4882803e-11
-9.3281244e-11
-9.4453119e-11
-9.3906237e-11
-9.3242178e-11
-9.2421869e-11
-9.4179685e-11
-9.2734369e-11
-9.347656e-11
-9.3593744e-11
-9.2304678e-11
-9.5078119e-11
-9.0781251e-11
-9.2734362e-11
-9.1640619e-11
-9.2421869e-11
-9.2421869e-11
-9.2578112e-11
-9.3476553e-11
-9.0468744e-11
-9.2499987e-11
-9.2265612e-11
-8.8437487e-11
-9.2226546e-11
-9.2226553e-11
-9.2148428e-11
-9.2421869e-11
-9.050781e-11
-9.1484362e-11
-9.3242185e-11
-9.0898435e-11
-9.1718751e-11
-9.1874994e-11
-9.2031251e-11
-9.1015619e-11
-9.2109376e-11
-9.019531e-11
-9.2382803e-11
-9.3710935e-11
-8.9257809e-11
-9.3085928e-11
-9.1523435e-11
-9.1484369e-11
-9.0273428e-11
-9.3515619e-11
-9.4843751e-11
-9.0937494e-11
-9.1445303e-11
-9.4414053e-11
-9.2109362e-11
-9.1718744e-11
-9.3124987e-11
-9.0273435e-11
-9.3593737e-11
-9.2734369e-11
-9.2578119e-11
-9.3281251e-11
-9.4414053e-11
-9.2148428e-11
-9.1679678e-11
-9.3710928e-11
-9.3046869e-11
-9.2773428e-11
-9.050781e-11
-9.3242178e-11
-9.285156e-11
-9.2773435e-11
-9.4257796e-11
-9.4882803e-11
-9.3476553e-11
-9.144531e-11
-9.2656244e-11
-9.6367185e-11
-9.5742178e-11
-9.4726546e-11
-9.4335935e-11
-9.3515619e-11
-9.4257803e-11
-9.1406237e-11
-9.1171869e-11
-9.3164053e-11
-9.4375001e-11
-9.5312487e-11
-9.6796869e-11
-9.4101553e-11
-9.5703126e-11
-9.4921855e-11
-9.425781e-11
-8.9218744e-11
-9.3632803e-11
-9.2851553e-11
-9.3007803e-11
-9.0195303e-11
-9.4531237e-11
-9.5273435e-11
-9.5664053e-11
-8.9492191e-11
-9.4414053e-11
-9.2031237e-11
-9.1562487e-11
-9.3515612e-11
-9.2148421e-11
-8.9296875e-11
-9.3046862e-11
-9.2031237e-11
-9.3320303e-11
-9.2734362e-11
-9.2421876e-11
-9.2812494e-11
-9.2460928e-11
-9.332031e-11
-9.1835921e-11
-9.3593744e-11
-9.3437494e-11
-8.8085927e-11
-9.3984376e-11
-8.9765612e-11
-8.9960928e-11
-9.3828112e-11
-9.359373e-11
-9.3281237e-11
-9.1914046e-11
-9.2343751e-11
-9.0234362e-11
-9.4140605e-11
-9.3984369e-11
-9.2031244e-11
-9.1796862e-11
-8.8007809e-11
-9.2343751e-11
-9.4218737e-11
-9.2890612e-11
-8.4921868e-11
-9.2890612e-11
-9.2304685e-11
-9.3359362e-11
-9.3476546e-11
-9.0937487e-11
-9.1445303e-11
-9.2109369e-11
-9.2929685e-11
-9.2109376e-11
-9.2031237e-11
-9.5468737e-11
-9.2773435e-11
-9.3867171e-11
-9.4179671e-11
-9.5468744e-11
-9.3906237e-11
-9.6171869e-11
-9.1679678e-11
-9.1328119e-11
-9.1132803e-11
-9.2578112e-11
-9.4687501e-11
-9.4687494e-11
-9.1874994e-11
-9.3242185e-11
-9.285156e-11
-9.1445303e-11
-9.3710928e-11
-9.410156e-11
-9.5351553e-11
-9.3554671e-11
-9.4843744e-11
-9.6718737e-11
-9.4570303e-11
-9.4453119e-11
-9.2265619e-11
-9.1640612e-11
-9.3867178e-11
-9.6601546e-11
-9.3671876e-11
-9.4804678e-11
-9.5312487e-11
-9.1679685e-11
-9.5781237e-11
-9.3203112e-11
-9.2539053e-11
-9.4140619e-11
-9.3554678e-11
-9.2656244e-11
-9.1953119e-11
-9.3281251e-11
-9.4101553e-11
-9.3710928e-11
-9.3750001e-11
-9.3437501e-11
-9.3203119e-11
-9.2187494e-11
-9.8749994e-11
-9.2421862e-11
-9.550781e-11
-9.519531e-11
-9.0390619e-11
-9.0429678e-11
-9.5078126e-11
-9.3789053e-11
-9.4960928e-11
-9.3359369e-11
-9.4999994e-11
-9.3867178e-11
-9.3710935e-11
-9.4335935e-11
-9.3007796e-11
-9.0624994e-11
-9.4062494e-11
-9.0507803e-11
-8.972656e-11
-9.5859369e-11
-9.5195303e-11
-9.4296876e-11
-9.2539053e-11
-9.5742171e-11
-9.2812494e-11
-9.4023428e-11
-9.082031e-11
-8.9648428e-11
-9.5781244e-11
-9.410156e-11
-9.0429671e-11
-9.207031e-11
-9.4492178e-11
-8.9765619e-11
-9.2343744e-11
-9.0976553e-11
-9.2226553e-11
-9.0468744e-11
-9.0703119e-11
-9.4374987e-11
-9.1874994e-11
-9.1953112e-11
-9.0234369e-11
-8.9648428e-11
-8.8984375e-11
-9.1367178e-11
-9.2890612e-11
-9.1562487e-11
-9.1367185e-11
-9.2265619e-11
-9.1093751e-11
-9.0781251e-11
-8.8242184e-11
-8.8867184e-11
-9.1914053e-11
-9.0156244e-11
-8.9921869e-11
-9.2812487e-11
-8.9804678e-11
-9.3749994e-11
-9.3906237e-11
-8.9960928e-11
-9.0742178e-11
-8.9414053e-11
-9.0429685e-11
-8.9531237e-11
-9.2890612e-11
-8.9570303e-11
-9.0273435e-11
-9.0273421e-11
-8.9960928e-11
-9.2968751e-11
-9.0117178e-11
-9.0820303e-11
-9.3945303e-11
-8.7695302e-11
-9.1093744e-11
-9.0585935e-11
-9.2031237e-11
-8.8867184e-11
-9.0703119e-11
-9.2695303e-11
-8.972656e-11
-9.1796876e-11
-9.2148421e-11
-9.0195303e-11
-9.1367178e-11
-8.8789052e-11
-9.3789053e-11
-9.0039053e-11
-9.0039046e-11
-9.1210928e-11
-9.2187487e-11
-8.9921869e-11
-9.269531e-11
-9.2734362e-11
-8.9062493e-11
-9.2460928e-11
-9.097656e-11
-8.4531243e-11
-9.2460935e-11
-9.097656e-11
-9.0976553e-11
-9.3906244e-11
-9.1523435e-11
-9.3710928e-11
-9.0273428e-11
-9.4999994e-11
-9.2617192e-11
-8.9062493e-11
-9.0156244e-11
-9.1874994e-11
-9.1601546e-11
-9.2031244e-11
-9.082031e-11
-9.1796876e-11
-9.0156251e-11
-9.2539046e-11
-9.2421876e-11
-9.3046869e-11
-9.1484369e-11
-9.2890605e-11
-9.0234369e-11
-9.2031251e-11
-9.1328112e-11
-9.3867171e-11
-9.0859369e-11
-8.9804685e-11
-8.8789052e-11
-9.2070303e-11
-9.0507803e-11
-9.2187487e-11
-9.160156e-11
-9.2890619e-11
-8.9609375e-11
-9.312498e-11
-9.0937501e-11
-9.003906e-11
-8.7695302e-11
-9.1093751e-11
-9.0546862e-11
-8.8164059e-11
-8.8398427e-11
-9.1015626e-11
-8.9335934e-11
-8.8984368e-11
-9.3124994e-11
-9.3281237e-11
-8.890625e-11
-8.6796861e-11
-8.8320309e-11
-9.3242185e-11
-9.3710935e-11
-9.0703112e-11
-8.8984362e-11
-9.0859369e-11
-9.2773421e-11
-9.0664053e-11
-9.3203119e-11
-9.0039053e-11
-8.8164052e-11
-8.7734361e-11
-8.8359368e-11
-9.1445317e-11
-9.1835928e-11
-8.9140618e-11
-9.128906e-11
-8.9023434e-11
-8.7851552e-11
-9.3203119e-11
-9.0156244e-11
-8.9375e-11
-8.7265618e-11
-9.1562487e-11
-8.9570303e-11
-9.3906244e-11
-8.9296875e-11
-8.7578125e-11
-9.0390619e-11
-8.7031257e-11
-8.9843744e-11
-9.050781e-11
-9.1249994e-11
-9.0156251e-11
-9.0664053e-11
-8.8710934e-11
-9.1679678e-11
-9.3359376e-11
-8.9257816e-11
-9.3750001e-11
-9.0820303e-11
-9.3320303e-11
-9.3085935e-11
-9.3242171e-11
-9.1250001e-11
-9.0742185e-11
-9.0039053e-11
-9.2148442e-11
-9.253906e-11
-9.1679685e-11
-9.0898428e-11
-9.0234369e-11
-9.332031e-11
-8.9531244e-11
-9.4062487e-11
-9.2343744e-11
-9.0937494e-11
-9.3320303e-11
-9.2929671e-11
-9.2265619e-11
-9.1796862e-11
-9.1875001e-11
-9.1562494e-11
-9.3085935e-11
-9.144531e-11
-9.2499994e-11
-9.2773428e-11
-8.8945309e-11
-9.0390626e-11
-9.1953119e-11
-9.0429678e-11
-9.5273428e-11
-9.1835928e-11
-9.1953119e-11
-9.3164046e-11
-9.222656e-11
-9.0546869e-11
-9.2460935e-11
-8.8828118e-11
-9.2578112e-11
-9.2812487e-11
-9.2265619e-11
-8.9804685e-11
-8.9414053e-11
-9.4296869e-11
-9.2187494e-11
-8.9296869e-11
-9.2617178e-11
-8.96875e-11
-8.9843744e-11
-9.0507803e-11
-9.0117185e-11
-9.0234362e-11
-9.4296862e-11
-8.8710934e-11
-8.9453112e-11
-9.3750001e-11
-8.9374987e-11
-9.316406e-11
-9.1874994e-11
-9.1328119e-11
-9.1484362e-11
-9.425781e-11
-8.796875e-11
-9.3125001e-11
-9.191406e-11
-9.0585935e-11
-8.7695316e-11
-9.0351553e-11
-8.921875e-11
-9.1679685e-11
-9.1992178e-11
-9.1601553e-11
-9.0664053e-11
-8.9374987e-11
-8.9960935e-11
-9.3242185e-11
-8.8828118e-11
-9.4179685e-11
-9.2421869e-11
-9.3906251e-11
-9.5390619e-11
-9.2812494e-11
-9.3593744e-11
-9.0273428e-11
-9.4218751e-11
-9.0664053e-11
-9.1132803e-11
-9.300781e-11
-8.7617184e-11
-9.113281e-11
-9.2929685e-11
-9.3398435e-11
-9.3046862e-11
-8.9414059e-11
-9.2890626e-11
-8.8710927e-11
-9.0625001e-11
-8.9999994e-11
-8.9492184e-11
-9.1484376e-11
-9.4960928e-11
-9.2304678e-11
-9.1406237e-11
-9.1679685e-11
-9.4453119e-11
-9.1757803e-11
-8.9296869e-11
-9.2968737e-11
-9.2304685e-11
-8.8281243e-11
-8.9765612e-11
-8.9921869e-11
-9.2617178e-11
-9.0781251e-11
-9.2499994e-11
-9.1367185e-11
-9.2109362e-11
-9.0312494e-11
-9.066406e-11
-8.8671868e-11
-9.1796876e-11
-8.7499993e-11
-9.3906237e-11
-9.1874987e-11
-9.2109369e-11
-9.1367178e-11
-9.0742178e-11
-9.1132803e-11
-9.050781e-11
-9.0781244e-11
-8.7617177e-11
-9.1210928e-11
-8.9335934e-11
-9.1679678e-11
-9.2929678e-11
-9.441406e-11
-8.7812486e-11
-9.2187501e-11
-9.2382803e-11
-9.1328112e-11
-9.0585935e-11
-9.0624994e-11
-8.9179678e-11
-9.0117185e-11
-9.1484362e-11
-8.9609369e-11
-8.9765612e-11
-8.8945309e-11
-8.7929677e-11
-8.9648428e-11
-9.2148428e-11
-8.6054684e-11
-9.1015612e-11
-9.0351553e-11
-9.3320303e-11
-9.1562494e-11
-8.9960935e-11
-9.1914053e-11
-9.097656e-11
-8.8554677e-11
-9.3046862e-11
-8.8789059e-11
-9.2499994e-11
-9.1367185e-11
-9.2499994e-11
-8.7929684e-11
-8.8828125e-11
-9.0976567e-11
-8.9882816e-11
-9.3554685e-11
-9.0390626e-11
-8.8359368e-11
-8.7265625e-11
-9.1093744e-11
-9.4609369e-11
-8.8203118e-11
-9.0937494e-11
-8.6210927e-11
-8.890625e-11
-8.7031243e-11
-9.0234369e-11
-8.8437493e-11
-9.2187494e-11
-9.0624994e-11
-8.9218737e-11
-8.8789052e-11
-9.0703119e-11
-9.0273435e-11
-8.8437487e-11
-9.019531e-11
-9.1718737e-11
-9.1054685e-11
-9.0742185e-11
-8.9257803e-11
-8.9843737e-11
-8.9062493e-11
-8.7109368e-11
-9.0156244e-11
-9.0703119e-11
-9.222656e-11
-9.1093744e-11
-9.1132803e-11
-9.1093751e-11
-9.3281244e-11
-8.9335934e-11
-9.0742171e-11
-9.2890612e-11
-9.0742185e-11
-9.2500001e-11
-9.3281244e-11
-9.0546869e-11
-8.8945316e-11
-9.1210928e-11
-8.9648421e-11
-9.3593751e-11
-9.2265612e-11
-9.1249994e-11
-9.1484362e-11
-9.2578119e-11
-8.9843744e-11
-8.9765619e-11
-8.9296869e-11
-9.0039046e-11
-8.8749993e-11
-9.1874994e-11
-9.1328126e-11
-9.2617178e-11
-8.9140618e-11
-8.8945309e-11
-9.0781244e-11
-8.9999994e-11
-9.269531e-11
-9.3007817e-11
-9.4140612e-11
-9.1289053e-11
-8.9960928e-11
-9.2343737e-11
-9.0507803e-11
-8.8515618e-11
-8.9999994e-11
-8.9570303e-11
-9.4843744e-11
-9.3749994e-11
-9.0390619e-11
-9.0429685e-11
-8.8710927e-11
-9.0351553e-11
-8.9453125e-11
-9.1992185e-11
-9.0429678e-11
-9.5078126e-11
-8.8554677e-11
-9.4101553e-11
-9.2539053e-11
-9.253906e-11
-9.0429685e-11
-8.9882796e-11
-9.2265626e-11
-9.2031251e-11
-9.1640619e-11
-9.2070303e-11
-9.0742178e-11
-9.0351567e-11
-8.9804678e-11
-9.3515619e-11
-9.1015612e-11
-8.7539059e-11
-9.390623e-11
-8.9843744e-11
-9.1132803e-11
-8.9492184e-11
-9.0429685e-11
-8.9218744e-11
-9.3203119e-11
-9.0117185e-11
-8.9609369e-11
-8.9648435e-11
-9.3320303e-11
-8.8906243e-11
-9.1210935e-11
-9.253906e-11
-9.0781251e-11
-8.9999994e-11
-8.8164052e-11
-9.207031e-11
-9.1054692e-11
-8.8242177e-11
-8.9765612e-11
-9.2343744e-11
-8.8906243e-11
-9.0312487e-11
-8.8749987e-11
-9.0117178e-11
-9.066406e-11
-9.0820303e-11
-9.2304678e-11
-9.1249987e-11
-8.7031243e-11
-9.2343744e-11
-8.7617177e-11
-8.8554677e-11
-9.1874987e-11
-8.8710927e-11
-9.2382803e-11
-9.0312494e-11
-8.8164059e-11
-8.9101553e-11
-8.7890625e-11
-8.9999994e-11
-9.5195303e-11
-8.8671868e-11
-9.0898428e-11
-9.1914053e-11
-9.128906e-11
-9.0937494e-11
-9.2187494e-11
-8.9999994e-11
-8.9140618e-11
-9.3320303e-11
-9.0585921e-11
-8.9609369e-11
-9.5507803e-11
-9.3164053e-11
-9.4609362e-11
-9.2734369e-11
-9.2460928e-11
-9.0898435e-11
-9.3359376e-11
-9.4296862e-11
-9.3242192e-11
-8.8789046e-11
-8.9570303e-11
-9.3359362e-11
-8.9531244e-11
-9.2617185e-11
-9.0624987e-11
-9.5117178e-11
-8.8320309e-11
-9.3046862e-11
-9.3984369e-11
-8.8476559e-11
-9.5234362e-11
-9.1406251e-11
-9.4804685e-11
-9.4062487e-11
-9.269531e-11
-8.9804678e-11
-9.1601553e-11
-9.3984376e-11
-9.2187494e-11
-9.2265619e-11
-9.2031244e-11
-9.1171869e-11
-9.3710935e-11
-9.2109362e-11
-8.8828112e-11
-9.3710921e-11
-9.1328112e-11
-8.9335928e-11
-9.3046869e-11
-9.1718751e-11
-9.4296862e-11
-9.550781e-11
-8.9140618e-11
-9.4843744e-11
-8.9062487e-11
-9.3515619e-11
-9.2890612e-11
-9.0546876e-11
-9.1093744e-11
-9.2968737e-11
-9.1406244e-11
-9.2265626e-11
-9.4218744e-11
-9.097656e-11
-9.2851553e-11
-9.0585928e-11
-9.4218744e-11
-9.0390626e-11
-9.3359369e-11
-9.1562494e-11
-9.128906e-11
-9.1171869e-11
-9.2343737e-11
-9.0624994e-11
-9.0234369e-11
-9.2851567e-11
-9.2499994e-11
-8.9804685e-11
-9.2148421e-11
-9.2968737e-11
-9.2031251e-11
-9.4101553e-11
-9.2031237e-11
-9.1914053e-11
-9.3085928e-11
-9.0390632e-11
-9.4140612e-11
-9.0742178e-11
-9.0624994e-11
-9.3906244e-11
-9.3085935e-11
-9.2734369e-11
-8.9101559e-11
-8.9492184e-11
-9.0703119e-11
-9.1914053e-11
-9.0312487e-11
-9.3242185e-11
-9.3320317e-11
-9.0156244e-11
-9.1914053e-11
-8.9335934e-11
-9.0546869e-11
-9.2968751e-11
-9.3476553e-11
-9.6953112e-11
-9.0234362e-11
-9.3359369e-11
-9.5195303e-11
-9.1914053e-11
-9.2617171e-11
-9.5312501e-11
-9.3398435e-11
-9.1562501e-11
-9.1484362e-11
-9.2734369e-11
-9.3984376e-11
-9.2851553e-11
-9.128906e-11
-9.2265619e-11
-9.4218744e-11
-9.3749994e-11
-9.332031e-11
-9.0781244e-11
-9.2929671e-11
-9.035156e-11
-9.3281244e-11
-9.097656e-11
-9.2226553e-11
-9.0820317e-11
-9.1445296e-11
-9.2187494e-11
-9.1835935e-11
-9.3124987e-11
-9.2382796e-11
-9.3242178e-11
-9.1523428e-11
-9.0546876e-11
-9.3671869e-11
-9.4765612e-11
-9.2539053e-11
-8.9687494e-11
-9.066406e-11
-9.128906e-11
-9.2734369e-11
-9.1640612e-11
-8.8242184e-11
-9.082031e-11
-9.4374994e-11
-9.2773428e-11
-9.300781e-11
-9.4804678e-11
-9.0195303e-11
-9.2539053e-11
-9.1796869e-11
-9.4296869e-11
-8.8671868e-11
-8.9960928e-11
-9.4648428e-11
-9.0859369e-11
-9.1210935e-11
-9.3515612e-11
-9.1132803e-11
-8.9804685e-11
-9.2031244e-11
-9.0664053e-11
-9.0820303e-11
-8.9921869e-11
-9.1718751e-11
-8.9414053e-11
-9.2734362e-11
-9.2539053e-11
-9.2109369e-11
-9.2265612e-11
-9.2851553e-11
-8.8046861e-11
-9.3476553e-11
-9.0624994e-11
-9.0429685e-11
-9.3515626e-11
-9.2148421e-11
-9.128906e-11
-9.2070303e-11
-8.7734368e-11
-9.2382803e-11
-8.9531237e-11
-9.269531e-11
-9.0781244e-11
-9.1874994e-11
-9.2578112e-11
-9.3164053e-11
-9.0624994e-11
-9.0234369e-11
-8.8164052e-11
-8.9453119e-11
-8.9687494e-11
-9.269531e-11
-9.1367178e-11
-9.1874994e-11
-8.8515612e-11
-9.2890619e-11
-8.9140618e-11
-9.1367192e-11
-9.1835928e-11
-8.9687494e-11
-9.3242185e-11
-9.1679678e-11
-8.875e-11
-9.2617185e-11
-9.1015619e-11
-9.0820303e-11
-9.2382803e-11
-8.796875e-11
-9.2226553e-11
-9.3203119e-11
-9.2343744e-11
-9.128906e-11
-9.3593744e-11
-9.1367185e-11
-8.9296875e-11
-9.2148428e-11
-9.3749987e-11
-9.0429685e-11
-9.0703112e-11
-9.1367178e-11
-8.9921869e-11
-9.2265619e-11
-8.9335928e-11
-9.2734376e-11
-9.1406237e-11
-9.0859369e-11
-9.253906e-11
-9.3281244e-11
-9.2031251e-11
-9.4804678e-11
-9.2578119e-11
-9.4296869e-11
-9.050781e-11
-9.0312494e-11
-9.4023428e-11
-9.2851553e-11
-8.7578111e-11
-9.4531244e-11
-8.9804685e-11
-8.9921876e-11
-9.3124987e-11
-8.9843744e-11
-9.1132803e-11
-9.1718737e-11
-9.3789067e-11
-9.3046876e-11
-8.9453119e-11
-9.4023435e-11
-9.0390626e-11
-9.0585928e-11
-9.5390633e-11
-9.1328119e-11
-9.1367192e-11
-9.2617178e-11
-9.2304685e-11
-9.2656244e-11
-9.0664067e-11
-8.8359375e-11
-9.1171869e-11
-9.2890619e-11
-8.9609369e-11
-9.0664053e-11
-8.9570296e-11
-8.9921876e-11
-9.1367178e-11
-8.8906243e-11
-9.1367178e-11
-9.2304685e-11
-9.2109362e-11
-9.1757803e-11
-9.2734376e-11
-9.6093744e-11
-9.0351553e-11
-9.191406e-11
-9.0117178e-11
-9.1484376e-11
-9.5703119e-11
-9.4609362e-11
-9.1249994e-11
-9.3906244e-11
-8.90625e-11
-9.1914053e-11
-9.0624987e-11
-9.1328119e-11
-9.0742178e-11
-9.2460928e-11
-9.1249994e-11
-9.0585935e-11
-9.0703119e-11
-9.2109369e-11
-9.2304685e-11
-9.1796862e-11
-9.2578112e-11
-9.2539067e-11
-9.1640612e-11
-9.3867178e-11
-9.5195303e-11
-9.4453119e-11
-9.2812494e-11
-9.4921862e-11
-9.2460942e-11
-9.2421876e-11
-9.4140612e-11
-9.3515612e-11
-9.5546862e-11
-9.2187494e-11
-9.0820303e-11
-9.4140619e-11
-9.4140612e-11
-9.3164053e-11
-8.8398441e-11
-9.2812494e-11
-9.1210921e-11
-9.2812494e-11
-9.2148435e-11
-9.2460921e-11
-9.3007803e-11
-8.9999994e-11
-9.3945303e-11
-9.3125008e-11
-9.0585935e-11
-9.1132803e-11
-9.3085928e-11
-8.9335928e-11
-9.2382803e-11
-8.9960935e-11
-9.2187487e-11
-9.1835935e-11
-8.8437493e-11
-9.1835935e-11
-9.2499994e-11
-9.1874987e-11
-9.0390619e-11
-9.0742185e-11
-9.253906e-11
-9.3476553e-11
-9.3281244e-11
-9.2578119e-11
-9.3398435e-11
-9.253906e-11
-9.2499987e-11
-8.8906243e-11
-8.9648435e-11
-9.2382803e-11
-9.3242178e-11
-9.4648428e-11
-9.3749994e-11
-9.2343751e-11
-9.4492171e-11
-9.4218737e-11
-9.4140619e-11
-9.2070303e-11
-9.1093751e-11
-9.1835928e-11
-8.8515618e-11
-9.3906244e-11
-8.8593743e-11
-9.1796869e-11
-9.2812487e-11
-9.0117178e-11
-8.8671868e-11
-9.0976553e-11
-9.1289053e-11
-9.0429678e-11
-9.3749987e-11
-9.2304685e-11
-9.2499994e-11
-9.4492178e-11
-9.3593751e-11
-9.2929685e-11
-9.3242185e-11
-9.1367185e-11
-9.1914067e-11
-9.1054685e-11
-9.0898428e-11
-9.2031237e-11
-9.2578112e-11
-9.2773442e-11
-9.1054685e-11
-9.1210928e-11
-8.9218737e-11
-9.4023428e-11
-9.1289053e-11
-9.1562501e-11
-9.0273428e-11
-8.6406243e-11
-8.8906243e-11
-9.1874987e-11
-8.8515612e-11
-8.8906243e-11
-9.1210935e-11
-8.9140618e-11
-9.1093744e-11
-9.4218751e-11
-9.3007803e-11
-9.1328119e-11
-8.988281e-11
-9.0039053e-11
-8.9374994e-11
-9.4414046e-11
-9.1953119e-11
-9.2617178e-11
-9.0742178e-11
-9.0312494e-11
-9.2851553e-11
-9.2265626e-11
-8.9296875e-11
-9.2109362e-11
-9.4218737e-11
-8.9218744e-11
-9.5156244e-11
-8.9765619e-11
-9.2499994e-11
-9.1992185e-11
-9.0156244e-11
-9.0078119e-11
-9.2265619e-11
-9.269531e-11
-9.3906244e-11
-8.9335934e-11
-9.2539053e-11
-9.003906e-11
-8.8671868e-11
-9.0273428e-11
-9.3671869e-11
-8.9335921e-11
-9.1015619e-11
-9.1914053e-11
-9.285156e-11
-9.1718744e-11
-8.9335928e-11
-8.9609369e-11
-9.3515619e-11
-9.113281e-11
-9.3320303e-11
-8.9374994e-11
-9.1953126e-11
-9.253906e-11
-8.8749993e-11
-8.9531244e-11
-9.1484362e-11
-9.1132803e-11
-8.9335928e-11
-8.7890625e-11
-9.2148435e-11
-9.1875001e-11
-9.3398435e-11
-8.9804678e-11
-9.2226553e-11
-9.2304685e-11
-9.0859362e-11
-9.3710935e-11
-8.6015625e-11
-9.1718751e-11
-9.1210928e-11
-8.9648435e-11
-8.8203118e-11
-9.2460935e-11
-9.1289053e-11
-9.0898435e-11
-9.3085928e-11
-9.2656251e-11
-9.1875001e-11
-9.3710928e-11
-9.3828119e-11
-9.1601567e-11
-9.1328119e-11
-8.9921869e-11
-9.2109362e-11
-9.2421869e-11
-9.3125001e-11
-9.4140612e-11
-9.3085928e-11
-9.0429685e-11
-9.1562494e-11
-9.4648435e-11
-9.3046869e-11
-9.2734362e-11
-9.2773428e-11
-9.1835935e-11
-9.2812487e-11
-9.4609369e-11
-9.3164053e-11
-9.4804678e-11
-9.0820303e-11
-8.8359361e-11
-9.5234362e-11
-9.7812508e-11
-9.2148435e-11
-9.2304685e-11
-9.1679678e-11
-9.1406237e-11
-9.4765612e-11
-9.2382803e-11
-9.4765619e-11
-9.2421869e-11
-9.2656237e-11
-9.1093744e-11
-9.3593737e-11
-9.1562494e-11
-9.1249994e-11
-9.3046869e-11
-9.3398428e-11
-9.1953119e-11
-9.3007803e-11
-9.3164053e-11
-9.3828119e-11
-9.2304685e-11
-9.472656e-11
-9.2148435e-11
-9.5781244e-11
-8.9687494e-11
-9.2968751e-11
-9.4179678e-11
-9.3398428e-11
-9.2812494e-11
-9.3749987e-11
-9.5195303e-11
-9.1054685e-11
-9.4023428e-11
-8.7968743e-11
-9.1953119e-11
-9.3046869e-11
-9.2968737e-11
-9.2812494e-11
-9.3476553e-11
-9.3554678e-11
-9.1054678e-11
-9.2031237e-11
-9.191406e-11
-9.3046869e-11
-9.0820303e-11
-9.1093758e-11
-9.3554685e-11
-9.0703119e-11
-9.2617171e-11
-9.1015626e-11
-8.9257803e-11
-9.0898428e-11
-8.9609362e-11
-8.8203118e-11
-9.1367178e-11
-9.2148435e-11
-9.0625001e-11
-9.1289046e-11
-9.1054678e-11
-9.2265619e-11
-9.0624994e-11
-9.050781e-11
-9.2343737e-11
-9.0546876e-11
-9.0390619e-11
-8.9726553e-11
-9.4023442e-11
-9.2031244e-11
-8.9648435e-11
-9.410156e-11
-9.0859376e-11
-9.082031e-11
-9.1874994e-11
-8.8867178e-11
-8.9804678e-11
-8.988281e-11
-9.1523428e-11
-9.1953119e-11
-9.171873e-11
-8.8085934e-11
-9.5156244e-11
-9.0312494e-11
-8.8007809e-11
-9.0820303e-11
-9.1874994e-11
-9.0468744e-11
-9.2890612e-11
-9.4999994e-11
-9.1914053e-11
-9.1328112e-11
-9.2578112e-11
-9.3671869e-11
-9.3671862e-11
-9.4687487e-11
-9.3124994e-11
-9.1953119e-11
-9.4492178e-11
-9.1015612e-11
-9.2499994e-11
-9.1367178e-11
-9.253906e-11
-9.3085928e-11
-8.9374994e-11
-9.1289053e-11
-9.3554685e-11
-9.3593744e-11
-9.2148428e-11
-9.0585935e-11
-9.1718737e-11
-9.1171869e-11
-9.425781e-11
-9.6406237e-11
-9.1171869e-11
-9.1718737e-11
-9.4023435e-11
-9.1249994e-11
-9.394531e-11
-9.3984362e-11
-8.9921869e-11
-9.1015612e-11
-9.2265612e-11
-9.175781e-11
-8.9648428e-11
-8.9726553e-11
-9.1367178e-11
-8.9140625e-11
-8.8046868e-11
-9.0585935e-11
-9.3242178e-11
-9.2460935e-11
-9.2578119e-11
-9.1523428e-11
-9.3203126e-11
-9.0078119e-11
-9.2148428e-11
-8.7929677e-11
-9.2070303e-11
-9.410156e-11
-9.0156251e-11
-8.9999987e-11
-9.2460928e-11
-8.9296875e-11
-9.2617178e-11
-9.2226553e-11
-9.1015626e-11
-8.7539052e-11
-9.2734369e-11
-8.8671868e-11
-9.3476553e-11
-9.0429678e-11
-8.8359368e-11
-9.0742185e-11
-9.0156244e-11
-9.1210928e-11
-9.0624994e-11
-8.5039052e-11
-9.1367185e-11
-8.8359368e-11
-9.1406237e-11
-9.1367171e-11
-9.3046869e-11
-9.3593737e-11
-8.8359368e-11
-9.222656e-11
-9.269531e-11
-9.3203112e-11
-9.285156e-11
-9.1640626e-11
-9.2226553e-11
-9.1328112e-11
-9.0624987e-11
-9.1835935e-11
-8.9257803e-11
-9.300781e-11
-8.8554684e-11
-8.9023434e-11
-9.1406237e-11
-9.3593744e-11
-8.9531244e-11
-8.9804678e-11
-9.0781244e-11
-8.8281236e-11
-9.4804678e-11
-8.9921869e-11
-9.066406e-11
-9.4179685e-11
-9.2695303e-11
-9.0546876e-11
-9.066406e-11
-8.8749987e-11
-9.2773421e-11
-9.1796869e-11
-9.2148435e-11
-9.0859362e-11
-9.0429692e-11
-9.035156e-11
-9.2539053e-11
-9.1757803e-11
-9.2499994e-11
-9.0859369e-11
-9.2890619e-11
-9.1289053e-11
-8.9296862e-11
-9.1992185e-11
-8.8203111e-11
-9.1054678e-11
-9.0859369e-11
-9.316406e-11
-9.0156251e-11
-9.1054671e-11
-9.1679678e-11
-9.2968744e-11
-9.1601553e-11
-9.0742178e-11
-9.1992178e-11
-9.1796862e-11
-9.0820303e-11
-9.2499994e-11
-8.9765612e-11
-9.1601553e-11
-8.9609362e-11
-9.2226553e-11
-9.1562501e-11
-9.1054678e-11
-9.160156e-11
-8.8046875e-11
-9.144531e-11
-9.5234369e-11
-9.1210928e-11
-9.550781e-11
-9.1757803e-11
-9.3437487e-11
-9.2382817e-11
-9.3359362e-11
-9.4804678e-11
-9.2187494e-11
-9.2265626e-11
-9.1796876e-11
-9.1757803e-11
-9.0273435e-11
-9.3359362e-11
-9.4179685e-11
-9.1406244e-11
-9.1210928e-11
-9.1289053e-11
-9.2343751e-11
-8.9960928e-11
-9.1640619e-11
-9.3085935e-11
-9.0937487e-11
-9.3476553e-11
-9.2617185e-11
-9.2148435e-11
-9.1406251e-11
-9.1757796e-11
-9.3437494e-11
-9.1015626e-11
-9.1054685e-11
-9.1367185e-11
-9.0429671e-11
-9.1054678e-11
-9.1093744e-11
-8.8906237e-11
-9.0156251e-11
-9.0898428e-11
-9.1367185e-11
-9.3125001e-11
-9.3828119e-11
-9.0976553e-11
-9.066406e-11
-9.0312487e-11
-8.9179684e-11
-8.9921876e-11
-9.0859376e-11
-9.144531e-11
-8.8398434e-11
-9.035156e-11
-8.8906243e-11
-9.1796876e-11
-9.238281e-11
-8.9375007e-11
-9.0195303e-11
-8.9374994e-11
-9.3867178e-11
-8.957031e-11
-9.0195303e-11
-9.3398428e-11
-9.3945303e-11
-9.1210928e-11
-9.0351553e-11
-9.082031e-11
-8.9843737e-11
-9.3593744e-11
-9.0390619e-11
-9.2421862e-11
-9.4140612e-11
-9.0898428e-11
-8.9218737e-11
-9.2499987e-11
-9.2343744e-11
-9.5039053e-11
-9.2109376e-11
-9.2031244e-11
-9.4453126e-11
-9.4101553e-11
-9.1015619e-11
-9.3710935e-11
-9.1757803e-11
-9.4218744e-11
-9.1796876e-11
-9.1640619e-11
-9.3398428e-11
-8.8867178e-11
-9.6406237e-11
-9.4882803e-11
-9.0781244e-11
-9.5312501e-11
-9.5390612e-11
-9.5039046e-11
-9.4218744e-11
-8.9765619e-11
-9.2421862e-11
-9.5546869e-11
-9.3710928e-11
-9.4648435e-11
-9.1367185e-11
-9.0898428e-11
-9.3242185e-11
-9.3749987e-11
-9.1171869e-11
-9.2773421e-11
-9.2617185e-11
-9.3828112e-11
-9.2226553e-11
-9.3554678e-11
-9.3710928e-11
-9.7382796e-11
-9.003906e-11
-8.9023428e-11
-9.1289053e-11
-9.1640619e-11
-9.3164053e-11
-9.515623e-11
-9.2812494e-11
-9.222656e-11
-9.2109362e-11
-9.4023421e-11
-9.4335935e-11
-9.1835928e-11
-8.9765619e-11
-9.019531e-11
-9.3554678e-11
-9.1171876e-11
-9.2265619e-11
-9.3554678e-11
-9.0468751e-11
-9.347656e-11
-9.3242185e-11
-9.3164046e-11
-9.3007817e-11
-9.003906e-11
-9.160156e-11
-9.2304685e-11
-9.2148428e-11
-9.1289053e-11
-9.2148435e-11
-9.0976553e-11
-9.2265619e-11
-9.0429678e-11
-9.4023428e-11
-8.9843744e-11
-9.0859369e-11
-9.0781237e-11
-9.2968744e-11
-9.3945303e-11
-9.1093744e-11
-9.1835935e-11
-9.3046862e-11
-9.1601553e-11
-9.1992192e-11
-9.3710928e-11
-9.3593737e-11
-9.1640626e-11
-9.0898435e-11
-9.2187494e-11
-8.8359368e-11
-8.9687494e-11
-8.9687494e-11
-9.0585935e-11
-8.9101553e-11
-9.175781e-11
-8.7382802e-11
-9.1796869e-11
-8.9492178e-11
-8.9882803e-11
-9.1757803e-11
-9.2343744e-11
-9.4882803e-11
-9.269531e-11
-9.1640619e-11
-9.3789053e-11
-9.5117185e-11
-9.2187494e-11
-9.3593744e-11
-9.113281e-11
-9.2929685e-11
-9.1249987e-11
-8.9960928e-11
-9.0585928e-11
-9.1835928e-11
-9.1835935e-11
-9.0312494e-11
-9.1679678e-11
-9.1328119e-11
-9.3320303e-11
-9.4492185e-11
-8.96875e-11
-9.1796869e-11
-9.2734369e-11
-9.3437494e-11
-9.2265619e-11
-9.2890612e-11
-9.1914053e-11
-9.0820303e-11
-9.4960928e-11
-9.2109362e-11
-9.1210935e-11
-9.378906e-11
-9.1445303e-11
-9.3046862e-11
-8.8906243e-11
-9.4023435e-11
-9.4687487e-11
-9.160156e-11
-9.2382796e-11
-9.0117191e-11
-9.1445303e-11
-9.2460935e-11
-9.1796869e-11
-9.2460928e-11
-9.2773428e-11
-9.1367178e-11
-9.0078126e-11
-9.2226553e-11
-9.2109369e-11
-8.9648435e-11
-9.316406e-11
-9.1874994e-11
-9.1171876e-11
-9.3593744e-11
-8.8828118e-11
-9.0624994e-11
-9.2734369e-11
-9.316406e-11
-9.332031e-11
-9.4453119e-11
-9.1367178e-11
-9.5546869e-11
-9.1093744e-11
-9.2031244e-11
-9.0507803e-11
-9.3437494e-11
-9.2304685e-11
-8.6367184e-11
-8.9882816e-11
-9.1640619e-11
-9.5585928e-11
-9.1835935e-11
-9.1484362e-11
-9.3242178e-11
-9.1484362e-11
-9.1171869e-11
-9.0312487e-11
-9.2382803e-11
-9.0390619e-11
-8.9179684e-11
-9.0546876e-11
-9.0781244e-11
-9.0585935e-11
-9.1406244e-11
-9.0429678e-11
-8.8164059e-11
-8.988281e-11
-9.2890619e-11
-9.1953119e-11
-9.1757803e-11
-8.9257803e-11
-9.1171869e-11
-8.9687494e-11
-8.7304677e-11
-9.0781244e-11
-9.0273435e-11
-9.1406237e-11
-9.0781244e-11
-9.2773435e-11
-8.703125e-11
-8.9726553e-11
-9.238281e-11
-8.9140612e-11
-9.1953126e-11
-9.3710928e-11
-8.7226552e-11
-9.1796869e-11
-9.1210928e-11
-9.0429685e-11
-9.2109369e-11
-9.0781244e-11
-8.8789059e-11
-8.9531244e-11
-9.3984362e-11
-9.2968744e-11
-9.2148428e-11
-9.4335928e-11
-9.3906237e-11
-9.0117178e-11
-9.5429678e-11
-9.1992185e-11
-9.3945296e-11
-9.1718744e-11
-9.2617178e-11
-9.1093737e-11
-9.1406237e-11
-9.2539053e-11
-9.3945303e-11
-9.2148435e-11
-9.0273435e-11
-9.3124994e-11
-9.1914053e-11
-9.3124994e-11
-9.3359362e-11
-9.4609369e-11
-9.2499994e-11
-9.2460928e-11
-9.2734369e-11
-9.0390619e-11
-9.050781e-11
-9.1328112e-11
-8.9414053e-11
-9.1992178e-11
-9.1874994e-11
-9.3203119e-11
-8.9765612e-11
-8.9687494e-11
-9.2812494e-11
-9.1249994e-11
-9.2226553e-11
-8.8085934e-11
-9.3398428e-11
-9.1054678e-11
-9.0585935e-11
-9.0859376e-11
-9.0937487e-11
-9.1249987e-11
-9.238281e-11
-9.4453112e-11
-9.0468744e-11
-9.0273428e-11
-9.2382803e-11
-9.2148435e-11
-9.2460935e-11
-9.0664053e-11
-9.0585935e-11
-9.191406e-11
-8.9218737e-11
-9.2226553e-11
-8.9335928e-11
-9.6015619e-11
-9.0390612e-11
-9.0078119e-11
-9.0664053e-11
-9.1445303e-11
-9.128906e-11
-8.7578111e-11
-9.0078119e-11
-9.0078119e-11
-9.0234369e-11
-9.019531e-11
-9.2929685e-11
-9.2226546e-11
-8.7929677e-11
-8.9999994e-11
-8.8945303e-11
-9.0742185e-11
-9.2109362e-11
-8.8867178e-11
-9.0156244e-11
-9.3085928e-11
-8.9999994e-11
-8.8984368e-11
-9.0312487e-11
-9.1757803e-11
-8.988281e-11
-9.0625001e-11
-8.9804678e-11
-8.8984362e-11
-8.9374994e-11
-8.7421868e-11
-8.6562493e-11
-8.9414053e-11
-9.269531e-11
-9.3359376e-11
-9.113281e-11
-9.1249994e-11
-9.3398435e-11
-9.128906e-11
-9.0664053e-11
-9.1953112e-11
-9.3984362e-11
-9.1640619e-11
-9.2890619e-11
-9.1289053e-11
-8.9257803e-11
-9.2578112e-11
-9.1328119e-11
-9.0664053e-11
-9.1445296e-11
-9.488281e-11
-8.9726553e-11
-9.3320303e-11
-9.0585928e-11
-9.1953112e-11
-8.5781243e-11
-9.1484369e-11
-9.5468737e-11
-9.1445303e-11
-9.2226553e-11
-9.5507803e-11
-9.2265619e-11
-9.1914053e-11
-9.4374994e-11
-9.3046862e-11
-9.1796862e-11
-9.1835935e-11
-9.0429678e-11
-9.2890626e-11
-9.0859362e-11
-9.3203126e-11
-9.5429678e-11
-9.1562494e-11
-9.5585928e-11
-9.347656e-11
-9.2656237e-11
-9.5468737e-11
-9.6796876e-11
-9.6796869e-11
-9.3554678e-11
-9.4492171e-11
-9.1249994e-11
-9.4804685e-11
-9.1914053e-11
-9.1835935e-11
-9.1835935e-11
-9.1484369e-11
-9.1992178e-11
-9.1093744e-11
-8.8476559e-11
-9.2499994e-11
-8.9414059e-11
-9.1796869e-11
-8.9882803e-11
-9.5117178e-11
-9.3828119e-11
-9.0117178e-11
-9.4374987e-11
-9.2968744e-11
-9.0117185e-11
-9.1718737e-11
-9.0546862e-11
-9.0820303e-11
-9.0195316e-11
-9.2070303e-11
-9.394531e-11
-9.2578119e-11
-8.7460934e-11
-9.1718737e-11
-9.6171876e-11
-9.1249994e-11
-9.4843737e-11
-9.316406e-11
-9.0273435e-11
-8.9570303e-11
-9.3359369e-11
-9.1757803e-11
-9.2304678e-11
-9.3671862e-11
-9.2578112e-11
-9.1093744e-11
-9.097656e-11
-9.1874994e-11
-9.1054678e-11
-9.2499994e-11
-9.4570303e-11
-9.8828119e-11
-9.3281237e-11
-9.2890619e-11
-9.1054678e-11
-9.2304685e-11
-9.1953119e-11
-9.3906237e-11
-9.3749994e-11
-9.3242185e-11
-9.4101553e-11
-9.0546869e-11
-9.5585928e-11
-8.9843744e-11
-9.5585928e-11
-9.328123e-11
-9.2148428e-11
-9.3789053e-11
-9.5703119e-11
-9.3085928e-11
-9.3828126e-11
-9.0468744e-11
-9.4179685e-11
-9.3242185e-11
-9.2695303e-11
-9.2734369e-11
-9.4726553e-11
-9.2695317e-11
-9.4921862e-11
-9.2734362e-11
-9.3945317e-11
-9.6484369e-11
-9.1835928e-11
-9.6523435e-11
-9.4999987e-11
-9.1093744e-11
-8.9765612e-11
-9.0781244e-11
-9.4609369e-11
-9.3789053e-11
-9.363281e-11
-9.0585928e-11
-9.1054685e-11
-9.1679678e-11
-9.4492178e-11
-9.2265619e-11
-9.2304685e-11
-9.3085942e-11
-9.2617178e-11
-9.2968744e-11
-9.5156237e-11
-9.0625001e-11
-9.5156237e-11
-9.1289053e-11
-9.1289053e-11
-9.3789046e-11
-9.4062487e-11
-9.0312494e-11
-9.191406e-11
-9.1874994e-11
-9.2421869e-11
-9.0859369e-11
-9.4609376e-11
-9.2578119e-11
-8.9414059e-11
-9.5468751e-11
-9.4335935e-11
-9.347656e-11
-9.0156244e-11
-9.3437487e-11
-9.3124994e-11
-9.0468744e-11
-9.5078112e-11
-9.2851553e-11
-9.3203119e-11
-8.9882803e-11
-9.1445303e-11
-9.1406237e-11
-9.3671862e-11
-9.359373e-11
-9.3242178e-11
-9.265623e-11
-9.3632803e-11
-9.1718737e-11
-9.7148442e-11
-9.1093737e-11
-9.0664067e-11
-9.0078126e-11
-9.3789053e-11
-9.0703112e-11
-9.0351553e-11
-9.2421869e-11
-9.128906e-11
-9.2890626e-11
-9.1796869e-11
-9.3789053e-11
-9.0117178e-11
-9.1367178e-11
-9.0937501e-11
-9.4999994e-11
-9.1484362e-11
-9.1328126e-11
-9.3007803e-11
-9.0820303e-11
-9.2656244e-11
-9.2460935e-11
-8.8710927e-11
-8.957031e-11
-9.4179671e-11
-9.0039053e-11
-9.1328119e-11
-9.4101546e-11
-9.2460928e-11
-9.3945296e-11
-9.2499994e-11
-9.1249994e-11
-8.9335934e-11
-9.4960921e-11
-9.2499994e-11
-8.9453119e-11
-8.8593743e-11
-8.8359361e-11
-9.1718737e-11
-9.2539053e-11
-9.1523435e-11
-9.2304678e-11
-9.1679685e-11
-8.9492191e-11
-9.1874987e-11
-9.1367185e-11
-9.238281e-11
-8.8945309e-11
-9.0429678e-11
-8.9179684e-11
-9.0742185e-11
-9.2617178e-11
-9.0781244e-11
-9.3671869e-11
-9.1718737e-11
-9.0546869e-11
-9.0664067e-11
-8.9765619e-11
-9.1835935e-11
-8.9843744e-11
-9.0390619e-11
-8.9492178e-11
-9.2656244e-11
-9.0742185e-11
-9.1132803e-11
-9.2187494e-11
-8.7382809e-11
-9.2734369e-11
-9.2578133e-11
-8.9687494e-11
-9.2109369e-11
-9.2695303e-11
-9.1445303e-11
-9.3515619e-11
-9.1953112e-11
-9.3515612e-11
-9.3242185e-11
-9.3554685e-11
-9.3085928e-11
-9.316406e-11
-9.1210935e-11
-9.2734376e-11
-9.1874987e-11
-9.3749987e-11
-9.3593744e-11
-9.0937501e-11
-8.8867178e-11
-9.1718744e-11
-9.0546869e-11
-9.2304685e-11
-9.0273435e-11
-9.2304678e-11
-9.2734369e-11
-9.1523435e-11
-8.7304677e-11
-9.0273435e-11
-8.9179678e-11
-9.1562494e-11
-9.3085935e-11
-9.1718744e-11
-9.2421869e-11
-9.222656e-11
-9.1210928e-11
-9.3515619e-11
-9.4453119e-11
-9.1171862e-11
-9.3515619e-11
-9.4218744e-11
-9.3164053e-11
-9.1171862e-11
-9.0507803e-11
-9.0546869e-11
-9.3164046e-11
-9.3710928e-11
-9.2695317e-11
-9.1171869e-11
-8.9765619e-11
-9.082031e-11
-9.2460935e-11
-9.2617178e-11
-8.9921869e-11
-8.9843744e-11
-9.3945317e-11
-9.2890619e-11
-9.2812494e-11
-9.2617178e-11
-9.3125001e-11
-8.8281236e-11
-9.1015619e-11
-9.2773435e-11
-8.9999994e-11
-9.2617178e-11
-9.1406237e-11
-8.9374994e-11
-9.2226553e-11
-9.0585928e-11
-8.9453119e-11
-8.8710934e-11
-9.3085921e-11
-9.4765626e-11
-9.0781244e-11
-9.253906e-11
-9.1445303e-11
-9.1562494e-11
-9.1874994e-11
-9.0234362e-11
-9.2421869e-11
-9.191406e-11
-9.175781e-11
-9.3398435e-11
-9.3124987e-11
-9.0585928e-11
-9.347656e-11
-9.4335928e-11
-9.019531e-11
-8.9999987e-11
-9.332031e-11
-9.0546869e-11
-9.1601553e-11
-9.3828119e-11
-9.019531e-11
-9.3046862e-11
-9.0312494e-11
-9.3281237e-11
-9.3828119e-11
-9.0859369e-11
-9.0351546e-11
-9.4062501e-11
-9.2226553e-11
-9.1445303e-11
-9.1718744e-11
-9.0468751e-11
-9.3085935e-11
-9.1953119e-11
-9.5546869e-11
-9.4960935e-11
-9.4804678e-11
-9.1679678e-11
-9.4843744e-11
-9.0507803e-11
-8.9140618e-11
-9.2304685e-11
-9.2382803e-11
-8.9648428e-11
-9.3203112e-11
-9.5898435e-11
-9.1562487e-11
-9.2929685e-11
-9.2695303e-11
-9.332031e-11
-9.050781e-11
-9.2734369e-11
-9.5117185e-11
-9.3398428e-11
-9.5820303e-11
-9.1328119e-11
-9.2499987e-11
-9.4257803e-11
-9.0937494e-11
-9.1289046e-11
-9.3203112e-11
-9.5507803e-11
-9.3320303e-11
-9.3085928e-11
-9.2578119e-11
-9.0312494e-11
-9.3203119e-11
-9.3281237e-11
-9.1054678e-11
-9.082031e-11
-9.3749994e-11
-9.6249994e-11
-9.1875001e-11
-9.3437487e-11
-9.3632803e-11
-9.2265619e-11
-9.5507796e-11
-9.1210928e-11
-9.5624994e-11
-9.3515619e-11
-9.5234376e-11
-9.5234369e-11
-9.2734369e-11
-9.6562494e-11
-9.1992185e-11
-9.3828112e-11
-9.3046869e-11
-9.5703119e-11
-8.7617184e-11
-9.421873e-11
-9.3437494e-11
-9.3749994e-11
-9.3984362e-11
-9.1523435e-11
-9.1249987e-11
-9.3906244e-11
-9.1328119e-11
-9.2968737e-11
-9.1953126e-11
-9.3867178e-11
-9.3632803e-11
-9.0624994e-11
-9.5898435e-11
-9.4023421e-11
-9.1054678e-11
-9.2148435e-11
-9.2304678e-11
-9.2421869e-11
-9.1562487e-11
-9.3906237e-11
-9.2578119e-11
-9.1718751e-11
-9.0546869e-11
-9.5234369e-11
-9.3984369e-11
-9.3242178e-11
-9.3945303e-11
-8.9218744e-11
-9.1796869e-11
-9.3046869e-11
-9.3476553e-11
-9.6445296e-11
-9.2499994e-11
-9.2070303e-11
-9.1289053e-11
-9.3242178e-11
-9.2617185e-11
-9.4374994e-11
-9.3906244e-11
-9.0703112e-11
-9.2773435e-11
-8.9374994e-11
-9.5781244e-11
-9.2812501e-11
-9.2382803e-11
-9.0312494e-11
-9.0429678e-11
-9.5234362e-11
-9.0976546e-11
-9.0546869e-11
-9.2187501e-11
-8.8046868e-11
-9.2500001e-11
-9.2968751e-11
-8.9414059e-11
-9.2773428e-11
-9.0664067e-11
-9.0039053e-11
-9.3515619e-11
-9.207031e-11
-9.2929678e-11
-9.3007803e-11
-9.5390626e-11
-9.1367185e-11
-9.0976553e-11
-9.0624994e-11
-9.128906e-11
-9.0859369e-11
-9.1132803e-11
-9.2890612e-11
-9.1015619e-11
-9.3242178e-11
-9.3945303e-11
-9.3671862e-11
-9.2656251e-11
-9.2656237e-11
-9.2890612e-11
-9.0234376e-11
-9.1992178e-11
-9.2421876e-11
-9.6171876e-11
-9.4375001e-11
-9.0078119e-11
-9.1679678e-11
-9.1562501e-11
-9.4921869e-11
-9.3281244e-11
-8.9609369e-11
-9.4218751e-11
-9.3320296e-11
-9.4453119e-11
-9.2695296e-11
-9.4335935e-11
-9.2617185e-11
-9.5195296e-11
-9.1249994e-11
-9.4960935e-11
-9.3867171e-11
-9.3320303e-11
-9.6250001e-11
-9.2734376e-11
-9.410156e-11
-9.2031244e-11
-9.2499994e-11
-9.3593737e-11
-9.4531237e-11
-9.503906e-11
-9.4335935e-11
-9.1992185e-11
-9.2031237e-11
-9.2109362e-11
-9.2148442e-11
-9.3828119e-11
-9.203123e-11
-9.535156e-11
-9.0859369e-11
-9.3750001e-11
-9.3124987e-11
-9.5703126e-11
-9.2226567e-11
-9.5078119e-11
-9.5781237e-11
-9.4374987e-11
-9.2070303e-11
-9.4023421e-11
-9.4453126e-11
-9.1874987e-11
-9.4570296e-11
-9.3906237e-11
-9.3437494e-11
-9.3320303e-11
-9.5078112e-11
-9.3828119e-11
-9.5039053e-11
-9.3945303e-11
-9.2109369e-11
-9.472656e-11
-9.4218744e-11
-9.3789053e-11
-9.3671876e-11
-9.5468737e-11
-9.1914053e-11
-9.5624987e-11
-9.144531e-11
-9.4726567e-11
-9.1953112e-11
-9.5039053e-11
-9.3203133e-11
-9.613281e-11
-9.3554685e-11
-9.1132796e-11
-9.5195303e-11
-9.2968744e-11
-9.7070303e-11
-9.2539053e-11
-8.9726553e-11
-9.5898421e-11
-9.5898428e-11
-9.3632796e-11
-9.4960935e-11
-9.1249987e-11
-9.4140612e-11
-9.2187494e-11
-8.988281e-11
-9.4648421e-11
-9.2070303e-11
-9.4296862e-11
-9.410156e-11
-9.2460921e-11
-9.1406244e-11
-9.2695296e-11
-9.4296869e-11
-9.4218737e-11
-9.2031244e-11
-9.4609369e-11
-9.4804678e-11
-9.2890612e-11
-9.2382803e-11
-9.2890612e-11
-9.4531237e-11
-9.5429678e-11
-9.4140619e-11
-9.4804685e-11
-9.2812494e-11
-9.3320296e-11
-9.4999987e-11
-9.3046862e-11
-9.3203119e-11
-9.3085935e-11
-9.4921862e-11
-9.2578119e-11
-9.5624987e-11
-9.4570303e-11
-9.2148428e-11
-9.4140619e-11
-9.2148428e-11
-9.3203126e-11
-9.4492171e-11
-9.3085935e-11
-9.3085935e-11
-9.1601553e-11
-9.2031237e-11
-9.4921869e-11
-9.4062487e-11
-9.2890612e-11
-9.2226567e-11
-9.6054685e-11
-9.3359376e-11
-9.3515612e-11
-9.2148435e-11
-9.4531237e-11
-9.5859369e-11
-9.3046869e-11
-9.2773428e-11
-9.5312501e-11
-9.2187494e-11
-9.4960928e-11
-9.3554678e-11
-9.2890612e-11
-9.5117178e-11
-9.4062494e-11
-9.4374987e-11
-9.6679678e-11
-9.4648428e-11
-9.1640619e-11
-9.0117185e-11
-9.4062494e-11
-9.2617185e-11
-9.1953119e-11
-9.410156e-11
-8.8945309e-11
-9.1484369e-11
-9.4296869e-11
-9.0078119e-11
-9.1562501e-11
-9.2148428e-11
-9.3007796e-11
-9.2890626e-11
-9.3281244e-11
-9.4062494e-11
-9.378906e-11
-9.2851553e-11
-9.2421869e-11
-9.2070303e-11
-9.457031e-11
-9.1679685e-11
-9.1210928e-11
-9.5078112e-11
-9.1249987e-11
-9.3437494e-11
-9.1015612e-11
-9.1054678e-11
-9.2382796e-11
-9.2734369e-11
-9.1914053e-11
-9.4687494e-11
-9.2734355e-11
-9.2304692e-11
-9.2343744e-11
-9.5937487e-11
-9.3749987e-11
-9.6328119e-11
-9.1367185e-11
-9.2890612e-11
-9.4374994e-11
-9.2109362e-11
-9.3398428e-11
-9.269531e-11
-9.4453126e-11
-9.1718737e-11
-9.4296855e-11
-9.4257803e-11
-9.238281e-11
-9.3749994e-11
-9.3749987e-11
-9.3203119e-11
-9.378906e-11
-9.1992185e-11
-9.3945303e-11
-9.3437494e-11
-9.2109369e-11
-9.5156244e-11
-9.316406e-11
-9.6328119e-11
-9.5703119e-11
-9.4609369e-11
-9.4687501e-11
-9.5273435e-11
-9.144531e-11
-9.2578119e-11
-9.3749994e-11
-9.3124987e-11
-9.519531e-11
-9.5742185e-11
-9.1679671e-11
-9.3242178e-11
-9.5585928e-11
-9.1796862e-11
-9.4492178e-11
-9.6640626e-11
-9.4648428e-11
-9.2265619e-11
-9.3554678e-11
-9.4609376e-11
-9.5585928e-11
-9.3749994e-11
-9.2265626e-11
-9.2382803e-11
-9.5156244e-11
-8.9765612e-11
-9.7226553e-11
-9.5429678e-11
-9.2734362e-11
-9.8398428e-11
-9.2812487e-11
-9.410156e-11
-9.4765619e-11
-9.3945303e-11
-9.2148428e-11
-9.4414053e-11
-9.4023428e-11
-9.1679678e-11
-9.6132803e-11
-9.2031237e-11
-9.3515619e-11
-9.3203126e-11
-9.4453112e-11
-9.5546869e-11
-9.4609362e-11
-9.3671869e-11
-9.1562494e-11
-9.222656e-11
-9.7031251e-11
-9.2148435e-11
-9.1992178e-11
-9.3046862e-11
-9.3085928e-11
-9.5507803e-11
-9.4570296e-11
-9.4609362e-11
-9.4140619e-11
-9.0468751e-11
-9.2499994e-11
-8.957031e-11
-9.1640619e-11
-9.3476553e-11
-9.3242178e-11
-9.1328112e-11
-9.0820303e-11
-9.1914053e-11
-9.1015612e-11
-9.0898435e-11
-9.3867171e-11
-9.2187487e-11
-9.2851553e-11
-9.4140619e-11
-8.9257803e-11
-9.1093751e-11
-9.2851553e-11
-9.175781e-11
-9.2070303e-11
-9.2773428e-11
-8.9804678e-11
-9.2265626e-11
-9.4843737e-11
-9.2617171e-11
-9.4609369e-11
-9.0898428e-11
-8.9414059e-11
-9.3242178e-11
-9.3046876e-11
-9.4062487e-11
-9.0078119e-11
-8.957031e-11
-8.8203118e-11
-9.2265619e-11
-9.2070303e-11
-9.269531e-11
-9.4218737e-11
-9.5078112e-11
-9.2578119e-11
-9.2851553e-11
-9.550781e-11
-9.0195303e-11
-9.066406e-11
-9.4374987e-11
-8.8359368e-11
-9.1406251e-11
-9.363281e-11
-9.1835935e-11
-9.3437487e-11
-9.4765619e-11
-9.0820303e-11
-9.3320303e-11
-9.1249994e-11
-9.3632796e-11
-9.5585928e-11
-9.2929678e-11
-9.4999987e-11
-9.3203119e-11
-9.4687487e-11
-9.3593737e-11
-9.144531e-11
-8.9648435e-11
-9.1601553e-11
-9.3710935e-11
-9.3632803e-11
-9.4765612e-11
-9.1679678e-11
-9.1054678e-11
-9.4335928e-11
-9.1328112e-11
-9.1601553e-11
-9.5390612e-11
-9.2187494e-11
-9.1367178e-11
-9.0859376e-11
-9.0546869e-11
-9.4218744e-11
-9.2343744e-11
-9.4179685e-11
-9.3945303e-11
-9.5156237e-11
-9.4492171e-11
-9.2539053e-11
-9.3945296e-11
-9.4218737e-11
-9.2656244e-11
-9.5117178e-11
-9.3320303e-11
-9.2109369e-11
-9.0468744e-11
-9.5312487e-11
-9.5156244e-11
-9.566406e-11
-9.1874994e-11
-9.5468744e-11
-9.113281e-11
-9.4101553e-11
-9.3281237e-11
-9.1445303e-11
-9.1484369e-11
-9.2031244e-11
-9.3945303e-11
-9.410156e-11
-9.4726553e-11
-9.175781e-11
-9.3984376e-11
-9.1757803e-11
-9.5703119e-11
-9.0859376e-11
-9.6874987e-11
-8.9804678e-11
-9.5078112e-11
-9.3867178e-11
-9.2656244e-11
-9.0351567e-11
-9.253906e-11
-9.4179685e-11
-9.4648428e-11
-9.4765612e-11
-9.472656e-11
-9.4023428e-11
-9.207031e-11
-9.0468737e-11
-9.5507803e-11
-9.3320303e-11
-9.2734369e-11
-9.5117178e-11
-9.5429685e-11
-9.4843737e-11
-9.2578126e-11
-9.2968744e-11
-9.457031e-11
-9.3359369e-11
-9.3046869e-11
-9.3984369e-11
-9.582031e-11
-9.3242185e-11
-9.2343751e-11
-9.4179671e-11
-9.2226553e-11
-9.2382803e-11
-9.3945303e-11
-9.6289053e-11
-9.2343744e-11
-9.7031244e-11
-9.128906e-11
-9.1835928e-11
-9.4140626e-11
-9.5429685e-11
-9.4960935e-11
-9.3242178e-11
-9.3828112e-11
-8.9570303e-11
-9.1992192e-11
-9.2773428e-11
-9.0546869e-11
-9.3281237e-11
-9.2343751e-11
-9.0664053e-11
-9.2343744e-11
-9.082031e-11
-9.1796869e-11
-9.0937494e-11
-9.2929678e-11
-9.2929678e-11
-9.3203119e-11
-9.1523428e-11
-9.1835928e-11
-9.2109362e-11
-9.222656e-11
-9.4843737e-11
-9.3789053e-11
-9.1484369e-11
-9.2265626e-11
-9.0585935e-11
-9.2343744e-11
-8.8906243e-11
-9.1367185e-11
-9.0273435e-11
-9.4296862e-11
-9.2148428e-11
-9.0820303e-11
-9.3359369e-11
-9.191406e-11
-9.1835928e-11
-9.1367185e-11
-9.1953112e-11
-9.4570303e-11
-9.1679685e-11
-9.3359362e-11
-9.2578105e-11
-9.1406237e-11
-9.5351546e-11
-9.3085928e-11
-9.0976553e-11
-9.2265619e-11
-9.0585935e-11
-9.3359376e-11
-9.1992178e-11
-9.2773435e-11
-9.1406237e-11
-9.4335928e-11
-9.0976553e-11
-9.4804678e-11
-9.1796869e-11
-9.1562494e-11
-9.3476546e-11
-9.5273428e-11
-9.2148428e-11
-9.5507803e-11
-8.8671862e-11
-8.9140612e-11
-9.7578119e-11
-9.2031244e-11
-9.1445296e-11
-9.3398435e-11
-9.1015619e-11
-9.1523421e-11
-9.6757803e-11
-9.0820303e-11
-9.0664053e-11
-9.4257803e-11
-9.2656244e-11
-9.1054685e-11
-9.1484369e-11
-9.2421869e-11
-9.4804685e-11
-9.2109369e-11
-9.2265619e-11
-9.5039046e-11
-9.5429678e-11
-9.3984362e-11
-9.6328119e-11
-9.1054685e-11
-8.8398427e-11
-9.3281244e-11
-9.2773428e-11
-9.3476553e-11
-9.6953119e-11
-9.0234376e-11
-9.6601553e-11
-9.2773435e-11
-9.3320303e-11
-9.1406237e-11
-9.0703119e-11
-9.3593737e-11
-9.2812487e-11
-9.5234369e-11
-9.5585942e-11
-9.4843737e-11
-9.3320303e-11
-9.3710942e-11
-9.0312494e-11
-9.0742185e-11
-9.4023442e-11
-9.5624987e-11
-9.4296869e-11
-9.363281e-11
-9.4296855e-11
-9.0624994e-11
-9.0742178e-11
-9.1835935e-11
-9.7226553e-11
-9.2343737e-11
-9.3789053e-11
-9.4257803e-11
-9.2734355e-11
-9.1054685e-11
-9.5078112e-11
-9.3046869e-11
-9.3437487e-11
-9.2109355e-11
-9.0859376e-11
-9.4023435e-11
-9.4687501e-11
-9.4960928e-11
-9.5429678e-11
-9.4726546e-11
-9.0742185e-11
-9.4374994e-11
-9.613281e-11
-9.3242185e-11
-9.394531e-11
-9.0742171e-11
-9.0820303e-11
-9.535156e-11
-9.2304692e-11
-9.0195296e-11
-9.1640619e-11
-9.0585942e-11
-9.3281244e-11
-9.0820296e-11
-9.3476553e-11
-9.222656e-11
-9.2968737e-11
-9.3828119e-11
-8.9999994e-11
-9.1249987e-11
-9.347656e-11
-8.9414066e-11
-9.3281251e-11
-9.3203112e-11
-9.1093744e-11
-9.2695303e-11
-9.1640619e-11
-8.9960941e-11
-9.1835928e-11
-9.3984369e-11
-9.3632803e-11
-9.3164053e-11
-8.9765619e-11
-9.3710935e-11
-9.1640619e-11
-8.8789059e-11
-9.3007803e-11
-8.7929677e-11
-9.1445303e-11
-9.0859362e-11
-9.3359362e-11
-9.2226553e-11
-9.2617185e-11
-9.5117185e-11
-9.2539053e-11
-9.2343744e-11
-9.300781e-11
-9.3749987e-11
-9.4101553e-11
-8.9492178e-11
-9.3359369e-11
-9.4453119e-11
-9.3867178e-11
-9.0859362e-11
-9.175781e-11
-9.1523421e-11
-9.3945296e-11
-9.3710928e-11
-9.3789053e-11
-9.3359369e-11
-9.3554678e-11
-9.5078112e-11
-9.3437487e-11
-9.2968737e-11
-9.3710928e-11
-9.4726553e-11
-9.4531237e-11
-9.1328119e-11
-9.2343737e-11
-9.4492178e-11
-9.3124994e-11
-9.1835935e-11
-9.3554678e-11
-9.5195303e-11
-9.6874987e-11
-9.2656244e-11
-9.2343737e-11
-9.4999987e-11
-9.3398428e-11
-9.2499987e-11
-9.5703105e-11
-9.097656e-11
-9.1171862e-11
-9.5351553e-11
-9.5507803e-11
-9.1679685e-11
-9.3437501e-11
-9.035156e-11
-9.2460935e-11
-9.2539053e-11
-9.3984362e-11
-9.0390619e-11
-9.1992185e-11
-9.3593744e-11
-9.249998e-11
-9.0312487e-11
-9.3359369e-11
-9.410156e-11
-9.2968737e-11
-9.4101546e-11
-9.457031e-11
-9.4062487e-11
-9.3945317e-11
-9.3984369e-11
-9.1210928e-11
-9.2851553e-11
-9.4257803e-11
-9.0117185e-11
-9.2539053e-11
-9.2890612e-11
-9.3046869e-11
-9.4804678e-11
-9.2890612e-11
-9.5195303e-11
-8.9804678e-11
-8.9179684e-11
-9.1835928e-11
-9.2499994e-11
-9.1054685e-11
-9.2343744e-11
-8.957031e-11
-9.1249987e-11
-9.1992185e-11
-9.1835935e-11
-9.0234362e-11
-9.2890612e-11
-9.0781244e-11
-9.4218737e-11
-9.0859376e-11
-8.9960928e-11
-9.0117185e-11
-9.1250001e-11
-9.1874994e-11
-9.1718744e-11
-9.0859362e-11
-9.1132803e-11
-8.6914066e-11
-9.2773428e-11
-8.8046868e-11
-8.9960935e-11
-9.6015619e-11
-9.1328126e-11
-8.6874993e-11
-8.9179678e-11
-9.2812501e-11
-9.1953119e-11
-9.0468744e-11
-9.3085921e-11
-9.1249987e-11
-9.0898442e-11
-9.2460928e-11
-9.1718744e-11
-9.1796869e-11
-9.1914053e-11
-9.4726553e-11
-9.0390612e-11
-9.0039066e-11
-9.0703126e-11
-9.2929685e-11
-9.2109362e-11
-9.1757803e-11
-9.097656e-11
-9.2578126e-11
-9.4453119e-11
-9.4843751e-11
-9.082031e-11
-9.441406e-11
-9.160156e-11
-9.2460921e-11
-9.3359369e-11
-9.2187487e-11
-9.4218744e-11
-9.4570303e-11
-9.3554678e-11
-8.9687494e-11
-9.0507796e-11
-9.1757796e-11
-9.3164046e-11
-9.0742185e-11
-8.9843744e-11
-9.4335935e-11
-9.0703126e-11
-9.0624994e-11
-9.3710928e-11
-9.425781e-11
-9.3906237e-11
-8.9414059e-11
-9.3242178e-11
-9.3203119e-11
-9.3749987e-11
-9.2890612e-11
-9.503906e-11
-9.1601553e-11
-9.3671862e-11
-9.2890612e-11
-9.2421862e-11
-9.2968737e-11
-9.082031e-11
-9.1874994e-11
-9.1406244e-11
-9.4531244e-11
-9.207031e-11
-8.9804678e-11
-9.3749987e-11
-9.1679678e-11
-8.9179671e-11
-9.1367178e-11
-9.4531237e-11
-9.1484362e-11
-9.1171876e-11
-9.4492185e-11
-8.9101553e-11
-9.2109376e-11
-9.1328119e-11
-9.1210935e-11
-8.9453132e-11
-9.3164053e-11
-9.2499987e-11
-9.2929685e-11
-9.1289046e-11
-9.5234362e-11
-9.3671876e-11
-9.1757803e-11
-8.9101553e-11
-9.2187494e-11
-9.2929671e-11
-9.3554678e-11
-9.0390619e-11
-9.0390619e-11
-9.0546869e-11
-9.0234376e-11
-8.9257809e-11
-9.1484369e-11
-9.0585928e-11
-9.1210935e-11
-9.1523428e-11
-8.8671868e-11
-9.2851546e-11
-8.9374994e-11
-9.1914053e-11
-9.3203119e-11
-9.1523442e-11
-9.1953119e-11
-9.0976553e-11
-9.3281237e-11
-9.5937501e-11
-9.1015619e-11
-9.0625001e-11
-9.2148428e-11
-8.9296862e-11
-9.3359362e-11
-9.1874987e-11
-8.8359368e-11
-9.2695296e-11
-9.7070303e-11
-9.2617178e-11
-8.9570303e-11
-9.1757803e-11
-9.1054685e-11
-9.2539053e-11
-8.9609362e-11
-9.347656e-11
-9.3593744e-11
-9.2226553e-11
-9.0468744e-11
-9.2578112e-11
-9.2773435e-11
-9.4492178e-11
-9.2656237e-11
-9.4335935e-11
-9.1328119e-11
-9.3671869e-11
-9.378906e-11
-9.3710928e-11
-9.4023428e-11
-9.175781e-11
-9.7617171e-11
-9.4960935e-11
-9.2070303e-11
-9.2968751e-11
-9.4335928e-11
-9.5742178e-11
-9.3242185e-11
-9.3828112e-11
-9.3867178e-11
-9.3281251e-11
-9.1757803e-11
-9.2070303e-11
-9.3828126e-11
-9.1914053e-11
-9.4882803e-11
-9.7148421e-11
-9.2265619e-11
-9.4687487e-11
-9.207031e-11
-9.3085921e-11
-9.5624994e-11
-9.4414046e-11
-9.5351553e-11
-9.3203119e-11
-9.4804671e-11
-9.3007803e-11
-9.6054678e-11
-9.253906e-11
-9.2382803e-11
-9.7578112e-11
-8.957031e-11
-9.6484369e-11
-9.2031237e-11
-9.3710928e-11
-9.3828126e-11
-9.4999987e-11
-9.3671869e-11
-9.2499994e-11
-9.2304678e-11
-9.5507817e-11
-8.9492178e-11
-9.1406244e-11
-8.703125e-11
-8.9882803e-11
-9.1874987e-11
-9.3320296e-11
-9.3085928e-11
-9.3007796e-11
-9.2460942e-11
-8.988281e-11
-8.9218744e-11
-9.2460921e-11
-8.9648421e-11
-9.425781e-11
-9.378906e-11
-9.1953119e-11
-9.1093737e-11
-9.4453119e-11
-9.1328119e-11
-9.2382803e-11
-9.4218744e-11
-9.2343744e-11
-8.7578118e-11
-9.3085928e-11
-9.1367185e-11
-9.2578112e-11
-9.4335928e-11
-9.2734369e-11
-9.253906e-11
-9.0273428e-11
-9.1914053e-11
-9.4999994e-11
-9.3320303e-11
-9.3554685e-11
-8.7343743e-11
-9.0624994e-11
-9.3320317e-11
-9.0117178e-11
-9.0507803e-11
-9.1874994e-11
-9.0703126e-11
-8.9101559e-11
-9.347656e-11
-9.1874987e-11
-9.2460928e-11
-9.3046869e-11
-9.1445303e-11
-9.2148421e-11
-9.207031e-11
-9.2773435e-11
-9.378906e-11
-9.1718737e-11
-8.9257803e-11
-9.2773428e-11
-9.4687494e-11
-9.0429678e-11
-8.9414053e-11
-9.0820296e-11
-8.9726553e-11
-9.3359362e-11
-8.8085927e-11
-9.2421869e-11
-9.2812487e-11
-8.8515618e-11
-9.4804685e-11
-9.2812487e-11
-9.3203119e-11
-9.1523428e-11
-9.0898428e-11
-9.347656e-11
-9.2460928e-11
-9.144531e-11
-9.2226553e-11
-9.2304678e-11
-8.9648428e-11
-9.1015619e-11
-9.5703126e-11
-9.2890619e-11
-9.1054671e-11
-9.4296869e-11
-9.2812487e-11
-9.4531244e-11
-9.0195303e-11
-8.9140612e-11
-9.4218744e-11
-9.2578119e-11
-9.285156e-11
-9.4023428e-11
-9.1718744e-11
-9.3359355e-11
-9.3359362e-11
-9.3203119e-11
-9.378906e-11
-9.1796869e-11
-9.222656e-11
-8.7578118e-11
-9.0390619e-11
-9.0390612e-11
-9.0859362e-11
-9.1367185e-11
-9.2421862e-11
-9.4335921e-11
-8.9999987e-11
-8.9609369e-11
-9.2031237e-11
-9.6250001e-11
-9.0976553e-11
-9.2929678e-11
-9.1718744e-11
-8.8789052e-11
-9.0468744e-11
-9.1054685e-11
-9.2812494e-11
-9.3320303e-11
-9.0664053e-11
-9.2617178e-11
-9.1367178e-11
-9.1132803e-11
-8.9921869e-11
-9.5781244e-11
-9.0117178e-11
-9.0468751e-11
-9.4648428e-11
-9.1796869e-11
-9.5039053e-11
-9.4609369e-11
-9.3632796e-11
-9.1054678e-11
-9.2109362e-11
-9.1679671e-11
-9.3203126e-11
-9.5859362e-11
-9.0742178e-11
-9.1328119e-11
-9.1249994e-11
-9.1484369e-11
-9.1914053e-11
-9.1835928e-11
-9.0585928e-11
-9.0703126e-11
-9.2578119e-11
-9.1640619e-11
-9.4062494e-11
-9.3359362e-11
-9.0624994e-11
-9.3515612e-11
-9.2656251e-11
-9.1328112e-11
-9.2890619e-11
-9.410156e-11
-9.316406e-11
-9.3593744e-11
-9.4531244e-11
-9.3476553e-11
-9.2734369e-11
-9.0429685e-11
-9.144531e-11
-9.2109362e-11
-9.3281244e-11
-9.2929678e-11
-9.0546862e-11
-9.3437501e-11
-9.3906237e-11
-9.6718744e-11
-9.4179685e-11
-9.4179685e-11
-9.4062494e-11
-9.3945303e-11
-9.2734362e-11
-9.3984362e-11
-9.1679678e-11
-9.2812501e-11
-9.4648421e-11
-9.0820296e-11
-9.4140619e-11
-9.6249994e-11
-9.2265619e-11
-9.2734369e-11
-9.2695303e-11
-9.1171876e-11
-9.5156244e-11
-9.4257803e-11
-9.2499987e-11
-9.582031e-11
-9.5468744e-11
-9.4570303e-11
-9.3515619e-11
-9.5742185e-11
-8.9882803e-11
-9.2890612e-11
-9.5898435e-11
-9.3242185e-11
-9.5312494e-11
-9.300781e-11
-9.7031244e-11
-9.4726546e-11
-9.2695303e-11
-8.9999987e-11
-9.3906237e-11
-9.253906e-11
-9.4687494e-11
-9.3632796e-11
-9.6718744e-11
-9.2070303e-11
-9.4453119e-11
-9.3632803e-11
-9.5156244e-11
-9.4843744e-11
-8.8164059e-11
-9.7304678e-11
-9.1874994e-11
-9.2968744e-11
-9.1874994e-11
-9.4140619e-11
-9.3710935e-11
-9.3437494e-11
-9.3085935e-11
-9.4257803e-11
-9.4999994e-11
-9.5703126e-11
-9.4570303e-11
-9.2773435e-11
-9.2929685e-11
-9.2851546e-11
-9.7031237e-11
-9.0585935e-11
-9.1796869e-11
-8.9453119e-11
-9.4140619e-11
-9.3124994e-11
-9.6015619e-11
-9.3906237e-11
-9.2265619e-11
-9.5468737e-11
-9.6367171e-11
-9.4140612e-11
-9.4531251e-11
-9.2031237e-11
-9.3046876e-11
-9.3281244e-11
-9.3632803e-11
-9.5156237e-11
-9.5976553e-11
-9.4492192e-11
-9.457031e-11
-9.3906244e-11
-9.4374994e-11
-9.5273435e-11
-9.6523435e-11
-9.3085928e-11
-9.3554678e-11
-9.253906e-11
-9.5585928e-11
-9.2304678e-11
-9.0937494e-11
-9.3632803e-11
-9.3085928e-11
-9.3085928e-11
-9.2226553e-11
-9.4179678e-11
-9.4648421e-11
-9.4843737e-11
-9.5585928e-11
-9.4179685e-11
-9.3671862e-11
-9.7382803e-11
-9.5195303e-11
-9.4218737e-11
-9.4531251e-11
-9.4570303e-11
-9.5273428e-11
-9.3593737e-11
-9.437498e-11
-9.3867178e-11
-9.3671862e-11
-9.4882803e-11
-9.6171876e-11
-9.3398428e-11
-9.394531e-11
-9.1835935e-11
-9.4218751e-11
-9.5507796e-11
-9.613281e-11
-9.4726553e-11
-9.4414053e-11
-9.6523435e-11
-9.5624987e-11
-9.4453119e-11
-9.4296869e-11
-9.457031e-11
-9.2343751e-11
-9.4921876e-11
-9.4687494e-11
-9.9374994e-11
-9.2656237e-11
-9.3671869e-11
-9.3085935e-11
-9.3398428e-11
-9.6210935e-11
-9.2421869e-11
-9.2382803e-11
-9.3828126e-11
-9.5312494e-11
-9.4531237e-11
-9.6367185e-11
-9.3046862e-11
-9.3359362e-11
-9.4062494e-11
-9.2460928e-11
-9.4335921e-11
-9.3515626e-11
-8.9335921e-11
-9.3437487e-11
-9.1562494e-11
-8.7343743e-11
-9.1953119e-11
-9.0664067e-11
-9.1796869e-11
-9.1718744e-11
-9.2773421e-11
-9.0546876e-11
-9.1914053e-11
-9.0898428e-11
-9.1562494e-11
-9.1953119e-11
-9.0781244e-11
-9.3515612e-11
-9.2929678e-11
-9.1796869e-11
-9.2773428e-11
-9.1249987e-11
-9.222656e-11
-9.1874987e-11
-8.9921869e-11
-9.2578112e-11
-9.4062494e-11
-9.2499994e-11
-9.0898435e-11
-9.1171869e-11
-9.1796869e-11
-9.0937487e-11
-9.2812494e-11
-9.4648428e-11
-9.1718737e-11
-9.3085928e-11
-9.1835928e-11
-9.6210935e-11
-9.4726553e-11
-9.2968737e-11
-9.2617178e-11
-9.4726546e-11
-9.2968744e-11
-9.2890619e-11
-9.4609376e-11
-9.3007803e-11
-8.9921869e-11
-9.3359369e-11
-9.1250001e-11
-9.5820303e-11
-9.0898428e-11
-9.3984362e-11
-9.4179671e-11
-9.3554678e-11
-9.1562494e-11
-9.3124987e-11
-9.1015612e-11
-9.4335935e-11
-9.2109369e-11
-9.2187501e-11
-9.2031244e-11
-9.2617178e-11
-9.1914053e-11
-9.2578112e-11
-9.7109362e-11
-9.5195303e-11
-9.4609369e-11
-9.3671869e-11
-9.394531e-11
-9.644531e-11
-9.128906e-11
-9.0742178e-11
-9.4492185e-11
-9.0664046e-11
-9.4804685e-11
-9.3085928e-11
-9.6367171e-11
-9.2929678e-11
-9.5742171e-11
-9.5351553e-11
-9.1367178e-11
-9.0781244e-11
-9.1757803e-11
-9.0624987e-11
-9.2265612e-11
-9.1328112e-11
-9.0273428e-11
-9.5273421e-11
-9.2851546e-11
-9.2578119e-11
-9.0429671e-11
-9.4687487e-11
-9.222656e-11
-9.5468744e-11
-9.2695303e-11
-9.1289053e-11
-9.2773435e-11
-9.2656244e-11
-9.093748e-11
-9.3046862e-11
-9.1210935e-11
-9.4960928e-11
-9.1796869e-11
-9.3281237e-11
-9.3398428e-11
-9.1523428e-11
-9.1484369e-11
-9.2343751e-11
-9.3085921e-11
-9.363281e-11
-9.285156e-11
-9.1679685e-11
-9.0898428e-11
-8.9023434e-11
-9.3398428e-11
-9.0859369e-11
-9.1328112e-11
-9.1640619e-11
-9.0507803e-11
-9.160156e-11
-9.1406244e-11
-9.066406e-11
-9.2734369e-11
-9.0078119e-11
-9.0390619e-11
-9.1093744e-11
-9.2773435e-11
-9.2656244e-11
-9.0859383e-11
-9.0703119e-11
-9.3203112e-11
-9.0546862e-11
-9.2578119e-11
-9.2539053e-11
-9.5156251e-11
-9.2695303e-11
-9.3671869e-11
-9.4609362e-11
-9.3203112e-11
-9.3124994e-11
-9.2890612e-11
-9.2812494e-11
-9.4335928e-11
-9.6562494e-11
-9.2265612e-11
-9.2968737e-11
-9.2890619e-11
-9.1835935e-11
-9.4609362e-11
-9.5195303e-11
-9.2421869e-11
-9.2656251e-11
-9.1953126e-11
-9.2499994e-11
-9.3515619e-11
-9.1992178e-11
-9.3320303e-11
-9.3046869e-11
-9.4257803e-11
-9.2656244e-11
-9.3828112e-11
-9.2343737e-11
-9.4726553e-11
-9.5078112e-11
-9.191406e-11
-9.3046862e-11
-9.5078126e-11
-9.2773421e-11
-9.488281e-11
-9.4882803e-11
-9.2187494e-11
-9.1523428e-11
-9.2734369e-11
-9.6093737e-11
-9.1562501e-11
-9.4374994e-11
-9.3515626e-11
-9.6445303e-11
-9.4218737e-11
-9.4804685e-11
-9.2773428e-11
-9.4140612e-11
-9.2109369e-11
-9.2617185e-11
-9.2734369e-11
-9.2343737e-11
-9.1992171e-11
-9.3359383e-11
-9.4218744e-11
-9.1914053e-11
-9.4335921e-11
-9.3789053e-11
-9.1328112e-11
-9.4648421e-11
-9.503906e-11
-9.2734369e-11
-9.5234369e-11
-9.5312487e-11
-8.9375e-11
-9.3007803e-11
-9.2187501e-11
-9.082031e-11
-9.0859369e-11
-9.0390619e-11
-9.2421869e-11
-9.4062501e-11
-9.4179685e-11
-9.160156e-11
-9.1992178e-11
-9.3242185e-11
-9.1406244e-11
-9.5585928e-11
-9.3593744e-11
-9.4648428e-11
-9.2187494e-11
-9.1992171e-11
-9.2851553e-11
-9.1249994e-11
-9.5273442e-11
-9.050781e-11
-9.4882803e-11
-9.410156e-11
-9.4179678e-11
-9.5898428e-11
-9.3828126e-11
-9.488281e-11
-9.0468744e-11
-9.4296855e-11
-9.144531e-11
-9.425781e-11
-9.6367185e-11
-9.5273428e-11
-9.3476567e-11
-9.3437494e-11
-9.6523428e-11
-9.7187494e-11
-9.3945303e-11
-9.5585935e-11
-9.8281237e-11
-9.707031e-11
-9.8749987e-11
-9.7304678e-11
-9.5781244e-11
-1.011328e-10
-9.8046876e-11
-9.5390619e-11
-9.7499994e-11
-9.8242171e-11
-9.8281251e-11
-9.8007803e-11
-9.6914053e-11
-9.4531237e-11
-9.8593744e-11
-9.7343744e-11
-9.8710928e-11
-9.550781e-11
-9.8320303e-11
-9.2421876e-11
-9.7968744e-11
-9.4648428e-11
-9.6015612e-11
-9.7734369e-11
-9.7656244e-11
-9.5390619e-11
-9.2929685e-11
-9.8203119e-11
-9.8476553e-11
-9.535156e-11
-9.7148435e-11
-9.3671862e-11
-9.8906237e-11
-9.7929678e-11
-9.5859369e-11
-9.4335921e-11
-9.8320303e-11
-9.4726546e-11
-9.8124987e-11
-9.3984355e-11
-9.7070303e-11
-9.5781244e-11
-9.6171862e-11
-9.3359362e-11
-9.5664053e-11
-9.5234369e-11
-9.7148428e-11
-9.7031251e-11
-9.2031251e-11
-9.6093737e-11
-9.4687494e-11
-9.6796869e-11
-9.3749994e-11
-9.6757803e-11
-9.644531e-11
-9.5507803e-11
-9.5937487e-11
-9.4843744e-11
-9.6406244e-11
-9.7070303e-11
-9.3749987e-11
-9.3710928e-11
-9.7656244e-11
-9.7304678e-11
-9.6640619e-11
-9.6757803e-11
-9.4296869e-11
-9.5937501e-11
-9.8750001e-11
-9.5312487e-11
-9.5624987e-11
-9.3203105e-11
-9.4374994e-11
-9.6406244e-11
-9.5273428e-11
-9.8515612e-11
-9.425781e-11
-9.5664053e-11
-9.1523428e-11
-9.691406e-11
-9.7187501e-11
-9.457031e-11
-9.9023428e-11
-9.8984369e-11
-9.472656e-11
-9.472656e-11
-9.4257803e-11
-9.6484369e-11
-9.6132796e-11
-9.1679678e-11
-9.6093744e-11
-9.4492185e-11
-9.3437494e-11
-9.3203119e-11
-9.5312494e-11
-9.2109369e-11
-9.3046869e-11
-9.5429685e-11
-9.6093744e-11
-9.5546869e-11
-9.1875001e-11
-9.4531237e-11
-9.3007803e-11
-9.1679671e-11
-9.6054685e-11
-9.3164053e-11
-9.4687494e-11
-9.4023435e-11
-9.5468744e-11
-9.406248e-11
-9.4101553e-11
-9.6757803e-11
-9.4335921e-11
-9.9726553e-11
-9.753906e-11
-9.5546869e-11
-9.5624987e-11
-9.5507796e-11
-9.3671876e-11
-9.6640619e-11
-9.4726553e-11
-9.722656e-11
-9.4609369e-11
-9.6249987e-11
-9.550781e-11
-9.207031e-11
-8.9843744e-11
-9.5976553e-11
-9.4843744e-11
-9.3476546e-11
-9.628906e-11
-9.4140619e-11
-9.4687487e-11
-9.7421869e-11
-9.4296862e-11
-9.5078112e-11
-9.2890619e-11
-9.3984369e-11
-9.3789053e-11
-9.1054678e-11
-9.4765619e-11
-9.2890612e-11
-9.0664053e-11
-9.5898435e-11
-9.4570296e-11
-9.1679678e-11
-9.3828119e-11
-9.2343737e-11
-9.5117178e-11
-9.3046869e-11
-9.035156e-11
-9.2070303e-11
-9.2695303e-11
-9.2499994e-11
-9.4765619e-11
-9.2812487e-11
-8.9023428e-11
-9.332031e-11
-9.003906e-11
-9.3984369e-11
-9.3984369e-11
-9.2499987e-11
-9.3281244e-11
-9.5898428e-11
-9.5390626e-11
-9.0742178e-11
-9.3671862e-11
-8.8476552e-11
-9.2148435e-11
-9.4570303e-11
-9.613281e-11
-9.4726546e-11
-9.2109369e-11
-9.2656237e-11
-8.9375e-11
-9.1601553e-11
-9.4609369e-11
-9.0742178e-11
-9.3828126e-11
-9.0468744e-11
-8.9687494e-11
-9.4492178e-11
-9.374998e-11
-9.3164053e-11
-9.2773421e-11
-9.3476553e-11
-9.2070303e-11
-9.4101553e-11
-9.5507796e-11
-9.457031e-11
-9.5078112e-11
-9.1640612e-11
-9.1757796e-11
-9.3632803e-11
-9.3046869e-11
-9.4726546e-11
-9.4492171e-11
-9.7656244e-11
-9.1640612e-11
-9.3749994e-11
-9.5468744e-11
-9.5468744e-11
-9.1953126e-11
-9.816406e-11
-9.3125001e-11
-9.5820303e-11
-9.457031e-11
-9.4882803e-11
-9.4179678e-11
-9.1132803e-11
-9.3554678e-11
-9.3125001e-11
-9.5078119e-11
-9.3242178e-11
-9.4296876e-11
-9.4531237e-11
-9.1015626e-11
-9.5117171e-11
-9.4999987e-11
-9.5117185e-11
-9.3749994e-11
-9.4257803e-11
-9.5468737e-11
-9.156248e-11
-9.4882803e-11
-9.4218751e-11
-9.222656e-11
-9.2500001e-11
-9.1367178e-11
-9.1406237e-11
-9.4882817e-11
-9.4179685e-11
-9.4296869e-11
-9.3281244e-11
-9.4062494e-11
-9.4140626e-11
-9.5507803e-11
-9.2460928e-11
-9.1640619e-11
-9.2656237e-11
-9.2578119e-11
-9.3515619e-11
-9.3281244e-11
-9.4765612e-11
-9.0937494e-11
-9.0937501e-11
-9.1601553e-11
-9.3945303e-11
-9.1914053e-11
-9.0585928e-11
-9.5234362e-11
-9.4804678e-11
-9.2851553e-11
-9.2539046e-11
-9.0117185e-11
-9.2382803e-11
-9.4492192e-11
-9.4023428e-11
-9.3867178e-11
-9.5585928e-11
-9.347656e-11
-9.4257796e-11
-9.1640619e-11
-9.578123e-11
-9.378906e-11
-9.4921862e-11
-9.394531e-11
-9.1406244e-11
-9.4687487e-11
-9.2109369e-11
-9.1640619e-11
-9.1249994e-11
-9.0312494e-11
-9.0742178e-11
-9.3242178e-11
-9.3398421e-11
-9.4374994e-11
-9.2617185e-11
-9.1015612e-11
-9.1132803e-11
-9.394531e-11
-9.5976567e-11
-9.4570296e-11
-9.2734369e-11
-9.3203112e-11
-9.1250001e-11
-9.394531e-11
-9.4843744e-11
-9.0156244e-11
-9.2031237e-11
-9.0781237e-11
-9.0585921e-11
-9.2617178e-11
-9.1484369e-11
-9.3124994e-11
-9.1210921e-11
-9.2968744e-11
-9.3007796e-11
-8.8710927e-11
-9.3749987e-11
-9.3945303e-11
-9.0742178e-11
-9.4531237e-11
-9.128906e-11
-9.2929685e-11
-9.1367178e-11
-9.1367178e-11
-9.082031e-11
-9.3515619e-11
-9.4609362e-11
-9.2265626e-11
-9.1796876e-11
-9.3281237e-11
-9.0273435e-11
-9.3749994e-11
-9.8242171e-11
-9.6054685e-11
-9.3437494e-11
-9.5976553e-11
-9.1679685e-11
-9.4492171e-11
-9.7656251e-11
-9.5742178e-11
-9.4335928e-11
-9.3789053e-11
-9.7187494e-11
-9.4374987e-11
-9.1992171e-11
-9.5625001e-11
-9.2890626e-11
-8.9140618e-11
-9.6835928e-11
-9.4804678e-11
-9.472656e-11
-9.5390612e-11
-9.6289053e-11
-9.394531e-11
-9.6328126e-11
-9.2851553e-11
-9.2578119e-11
-9.2500001e-11
-9.6679678e-11
-9.0664053e-11
-9.6874994e-11
-9.2617178e-11
-9.1015619e-11
-9.4921869e-11
-9.5898442e-11
-9.5742178e-11
-9.535156e-11
-9.3476546e-11
-9.472656e-11
-9.3046862e-11
-9.6210928e-11
-9.2656251e-11
-9.2539046e-11
-9.3476553e-11
-9.378906e-11
-9.0156244e-11
-9.0468744e-11
-9.2812487e-11
-9.4609362e-11
-9.316406e-11
-9.0664053e-11
-9.2734369e-11
-9.3515619e-11
-9.3203119e-11
-9.0703119e-11
-9.4687501e-11
-9.4921862e-11
-9.2617171e-11
-9.3515619e-11
-9.1015619e-11
-9.4296862e-11
-8.9765612e-11
-9.4023428e-11
-9.0937487e-11
-9.2304685e-11
-9.3710921e-11
-9.3398421e-11
-9.499998e-11
-9.6953112e-11
-9.2890612e-11
-9.2460928e-11
-9.644531e-11
-9.2968751e-11
-9.2421869e-11
-9.300781e-11
-9.253906e-11
-9.925781e-11
-9.1484362e-11
-9.5859369e-11
-9.0742178e-11
-9.1171869e-11
-9.5937494e-11
-9.3554671e-11
-9.4218744e-11
-9.5507796e-11
-9.3203112e-11
-9.7265619e-11
-9.4296862e-11
-9.2578112e-11
-9.3984362e-11
-9.2382803e-11
-9.3281244e-11
-9.4843744e-11
-9.6210928e-11
-9.3124994e-11
-9.6484369e-11
-9.3593737e-11
-9.4101553e-11
-9.1718737e-11
-9.6523435e-11
-9.332031e-11
-9.3671869e-11
-9.3281237e-11
-9.3046876e-11
-9.5468744e-11
-9.4179685e-11
-9.6796869e-11
-9.1484369e-11
-9.7070303e-11
-9.7187494e-11
-9.5195303e-11
-9.2695317e-11
-9.4843744e-11
-9.4218744e-11
-9.0859369e-11
-9.7968744e-11
-9.2148421e-11
-9.3515619e-11
