4.3943449e-10
4.3901788e-10
4.3943457e-10
4.3705353e-10
4.4208331e-10
4.3714291e-10
4.3735118e-10
4.4241069e-10
4.3651782e-10
4.4032736e-10
4.3898807e-10
4.3949402e-10
4.3452378e-10
4.4041668e-10
4.4068452e-10
4.3928572e-10
4.3714285e-10
4.4166668e-10
4.4235118e-10
4.356846e-10
4.4535714e-10
4.3735116e-10
4.3901785e-10
4.421131e-10
4.382143e-10
4.4354168e-10
4.4244045e-10
4.3636908e-10
4.4113094e-10
4.4455356e-10
4.3627971e-10
4.4497023e-10
4.3827381e-10
4.3732143e-10
4.449405e-10
4.4139883e-10
4.3797618e-10
4.4050591e-10
4.3857146e-10
4.3964291e-10
4.4175591e-10
4.3687504e-10
4.4482146e-10
4.3860121e-10
4.4038689e-10
4.4645837e-10
4.3717258e-10
4.368155e-10
4.3354167e-10
4.3699402e-10
4.3758935e-10
4.4428566e-10
4.3568452e-10
4.3333331e-10
4.3916668e-10
4.4110113e-10
4.4068452e-10
4.3571433e-10
4.3747025e-10
4.4041668e-10
4.3315476e-10
4.3883933e-10
4.4062498e-10
4.37619e-10
4.423214e-10
4.3925591e-10
4.3574402e-10
4.335714e-10
4.3952381e-10
4.3532733e-10
4.4178575e-10
4.4056547e-10
4.352976e-10
4.4550599e-10
4.3645837e-10
4.3821416e-10
4.3800594e-10
4.3815479e-10
4.3818446e-10
4.3752979e-10
4.3550591e-10
4.3663689e-10
4.4511908e-10
4.3428572e-10
4.4220239e-10
4.375893e-10
4.3872031e-10
4.3782741e-10
4.3732143e-10
4.4151785e-10
4.3622025e-10
4.4252979e-10
4.3476189e-10
4.4154766e-10
4.4008933e-10
4.373511e-10
4.4229162e-10
4.380952e-10
4.327084e-10
4.4369047e-10
4.3857143e-10
4.324405e-10
4.4089288e-10
4.3440473e-10
4.3767864e-10
4.4252971e-10
4.3744053e-10
4.3970233e-10
4.3985121e-10
4.4270834e-10
4.3782739e-10
4.4178566e-10
4.4342266e-10
4.3982137e-10
4.3586312e-10
4.3872017e-10
4.318452e-10
4.430952e-10
4.3773801e-10
4.4187498e-10
4.4434531e-10
4.368155e-10
4.3770837e-10
4.4175597e-10
4.4220239e-10
4.3443457e-10
4.3693452e-10
4.4226189e-10
4.3464285e-10
4.3523812e-10
4.477976e-10
4.3744044e-10
4.3815479e-10
4.3726195e-10
4.4080353e-10
4.3872025e-10
4.3738096e-10
4.3502979e-10
4.3422621e-10
4.3967269e-10
4.4065476e-10
4.3827383e-10
4.3851192e-10
4.4288692e-10
4.3532741e-10
4.4389883e-10
4.4002976e-10
4.2922621e-10
4.4312498e-10
4.3720241e-10
4.3869047e-10
4.4038695e-10
4.3312504e-10
4.3803572e-10
4.3848214e-10
4.4184528e-10
4.3616069e-10
4.4068457e-10
4.3491069e-10
4.393155e-10
4.3764886e-10
4.3607148e-10
4.3949402e-10
4.3785711e-10
4.393155e-10
4.389881e-10
4.3967263e-10
4.3172615e-10
4.3699405e-10
4.3892856e-10
4.3824405e-10
4.352381e-10
4.396726e-10
4.3446433e-10
4.355655e-10
4.397322e-10
4.352381e-10
4.4053569e-10
4.3999998e-10
4.3741069e-10
4.4318454e-10
4.2994047e-10
4.4455356e-10
4.334226e-10
4.3717266e-10
4.3800591e-10
4.3651788e-10
4.385417e-10
4.3925596e-10
4.3223217e-10
4.4056556e-10
4.3333331e-10
4.3898807e-10
4.3690473e-10
4.3842263e-10
4.3726192e-10
4.4089296e-10
4.3318449e-10
4.3717263e-10
4.3863102e-10
4.4020837e-10
4.3803577e-10
4.3300596e-10
4.3922621e-10
4.3752979e-10
4.4011905e-10
4.4008927e-10
4.3502973e-10
4.3598217e-10
4.4330356e-10
4.4014886e-10
4.318452e-10
4.4190476e-10
4.3770829e-10
4.3318457e-10
4.4672621e-10
4.3446427e-10
4.407143e-10
4.4080353e-10
4.355655e-10
4.4684528e-10
4.3425594e-10
4.4077381e-10
4.3687501e-10
4.3720236e-10
4.3830353e-10
4.3955359e-10
4.4038687e-10
4.3872025e-10
4.3377973e-10
4.43244e-10
4.3726187e-10
4.3687501e-10
4.4002973e-10
4.3895837e-10
4.3479167e-10
4.4235121e-10
4.3428575e-10
4.3642853e-10
4.3639881e-10
4.4029758e-10
4.3538689e-10
4.3428575e-10
4.3809528e-10
4.3580362e-10
4.3133935e-10
4.4005949e-10
4.4125001e-10
4.3535714e-10
4.4119042e-10
4.3520837e-10
4.396726e-10
4.3601189e-10
4.365476e-10
4.3869047e-10
4.3458334e-10
4.3601187e-10
4.3258924e-10
4.4324405e-10
4.3413684e-10
4.4142862e-10
4.3517859e-10
4.3642853e-10
4.4398804e-10
4.3249995e-10
4.3907736e-10
4.3842263e-10
4.3586304e-10
4.360714e-10
4.4252979e-10
4.3654763e-10
4.3761914e-10
4.361905e-10
4.3904766e-10
4.4089288e-10
4.3416665e-10
4.4738097e-10
4.3642859e-10
4.3976184e-10
4.3872023e-10
4.3279758e-10
4.4553566e-10
4.41994e-10
4.3684528e-10
4.3741069e-10
4.3708331e-10
4.4431547e-10
4.3375001e-10
4.3232148e-10
4.396131e-10
4.4119045e-10
4.4285717e-10
4.4148812e-10
4.346131e-10
4.4056547e-10
4.3806545e-10
4.3687495e-10
4.3999995e-10
4.3901788e-10
4.4184517e-10
4.4122017e-10
4.4032739e-10
4.4020837e-10
4.3684523e-10
4.4613091e-10
4.3952381e-10
4.4437498e-10
4.3901785e-10
4.3782733e-10
4.4693452e-10
4.3196435e-10
4.3907739e-10
4.4083331e-10
4.3839285e-10
4.4145829e-10
4.3797621e-10
4.3863096e-10
4.3866072e-10
4.31994e-10
4.3979165e-10
4.3678566e-10
4.3511902e-10
4.3499998e-10
4.4127976e-10
4.3699402e-10
4.4008927e-10
4.361905e-10
4.3693454e-10
4.4133927e-10
4.3282736e-10
4.4116066e-10
4.3955353e-10
4.363393e-10
4.3630957e-10
4.4178566e-10
4.3517859e-10
4.3967263e-10
4.3979165e-10
4.4163689e-10
4.3550594e-10
4.3877982e-10
4.3937501e-10
4.3812495e-10
4.3568452e-10
4.4139886e-10
4.3633927e-10
4.3913689e-10
4.3714285e-10
4.3639872e-10
4.4074402e-10
4.3824405e-10
4.3964285e-10
4.379167e-10
4.3607148e-10
4.4217258e-10
4.4172618e-10
4.3035717e-10
4.4252979e-10
4.370834e-10
4.3839282e-10
4.4464293e-10
4.3574402e-10
4.4035714e-10
4.3681553e-10
4.40119e-10
4.3413684e-10
4.3752976e-10
4.3764878e-10
4.4169637e-10
4.3684528e-10
4.4184525e-10
4.4122023e-10
4.3732146e-10
4.3791668e-10
4.4050591e-10
4.4038689e-10
4.3038695e-10
4.4300594e-10
4.3898815e-10
4.3464285e-10
4.3752979e-10
4.413096e-10
4.3776782e-10
4.3872017e-10
4.4580356e-10
4.3782739e-10
4.421131e-10
4.3562495e-10
4.3553572e-10
4.4077381e-10
4.354167e-10
4.3720241e-10
4.3982146e-10
4.3684531e-10
4.3851187e-10
4.3657741e-10
4.4151788e-10
4.3806545e-10
4.3714285e-10
4.3797613e-10
4.3672616e-10
4.3636908e-10
4.434822e-10
4.3883927e-10
4.3925591e-10
4.3860121e-10
4.3895829e-10
4.3410714e-10
4.3517859e-10
4.4788684e-10
4.3723214e-10
4.3767856e-10
4.382143e-10
4.4145834e-10
4.3607146e-10
4.3672621e-10
4.3690473e-10
4.3586315e-10
4.4190476e-10
4.3967255e-10
4.3639881e-10
4.3848214e-10
4.3934523e-10
4.3788689e-10
4.3952381e-10
4.4151785e-10
4.3586307e-10
4.4092263e-10
4.3818452e-10
4.3711312e-10
4.3639886e-10
4.433631e-10
4.366964e-10
4.3863094e-10
4.4184525e-10
4.3788692e-10
4.425893e-10
4.38869e-10
4.4026785e-10
4.4133927e-10
4.3729165e-10
4.3747025e-10
4.3571427e-10
4.355655e-10
4.4214288e-10
4.3211307e-10
4.4029758e-10
4.4074408e-10
4.3386902e-10
4.4818446e-10
4.3479167e-10
4.3821433e-10
4.3663689e-10
4.3961312e-10
4.4005949e-10
4.3672616e-10
4.3833334e-10
4.3836307e-10
4.4053577e-10
4.2761905e-10
4.4366072e-10
4.352381e-10
4.3526782e-10
4.3946424e-10
4.3931547e-10
4.3529763e-10
4.4267862e-10
4.408631e-10
4.332143e-10
4.4133924e-10
4.3550591e-10
4.3988096e-10
4.3488096e-10
4.3729165e-10
4.3794648e-10
4.3479167e-10
4.383334e-10
4.4098214e-10
4.3383924e-10
4.4136905e-10
4.3208331e-10
4.3613096e-10
4.3645831e-10
4.3136911e-10
4.4000004e-10
4.3869045e-10
4.3812501e-10
4.3875006e-10
4.380952e-10
4.4151785e-10
4.3869045e-10
4.4086312e-10
4.4148812e-10
4.3627976e-10
4.3967263e-10
4.3401782e-10
4.430952e-10
4.3955359e-10
4.3363096e-10
4.3470239e-10
4.3779752e-10
4.3895834e-10
4.4226189e-10
4.3285717e-10
4.4029758e-10
4.3940473e-10
4.3276793e-10
4.4318454e-10
4.390476e-10
4.3952381e-10
4.3595247e-10
4.4738097e-10
4.6380949e-10
4.6999998e-10
4.8681548e-10
4.8648802e-10
4.9247018e-10
5.100298e-10
5.0937504e-10
5.1717258e-10
5.1857141e-10
5.2827381e-10
5.3011895e-10
5.4252985e-10
5.4598209e-10
5.4863092e-10
5.5008931e-10
5.6270832e-10
5.6172622e-10
5.6934524e-10
5.6830363e-10
5.7241073e-10
5.7925592e-10
5.7997024e-10
5.7919636e-10
5.8199401e-10
5.7366067e-10
5.8086308e-10
5.7874999e-10
5.7922611e-10
5.8639876e-10
5.8488092e-10
5.7821425e-10
5.7437499e-10
5.8589295e-10
5.8458333e-10
5.8377975e-10
5.8556554e-10
5.8068444e-10
5.8038691e-10
5.8133931e-10
5.8205363e-10
5.7744043e-10
5.7952382e-10
5.7952382e-10
5.7764882e-10
5.8401789e-10
5.784821e-10
5.7690475e-10
5.7943456e-10
5.7538696e-10
5.769345e-10
5.7476196e-10
5.750595e-10
5.7526783e-10
5.8089289e-10
5.753571e-10
5.6994054e-10
5.7511895e-10
5.7297622e-10
5.7041671e-10
5.7375005e-10
5.6952387e-10
5.7422622e-10
5.7101196e-10
5.7023813e-10
5.6999999e-10
5.6476185e-10
5.6613103e-10
5.6604166e-10
5.6434529e-10
5.6342264e-10
5.6285715e-10
5.6425592e-10
5.6291671e-10
5.6190474e-10
5.6232141e-10
5.5821431e-10
5.6505955e-10
5.5916666e-10
5.6202382e-10
5.6333327e-10
5.4919641e-10
5.5913685e-10
5.528869e-10
5.6279764e-10
5.5401783e-10
5.581845e-10
5.5776794e-10
5.5202382e-10
5.5568455e-10
5.5848215e-10
5.5738092e-10
5.5101196e-10
5.6166671e-10
5.4684524e-10
5.5749999e-10
5.5202376e-10
5.5050592e-10
5.5482141e-10
5.5214289e-10
5.5116073e-10
5.5252974e-10
5.5633936e-10
5.5247029e-10
5.513392e-10
5.5074406e-10
5.441369e-10
5.4806554e-10
5.4717264e-10
5.5232141e-10
5.4383925e-10
5.5184524e-10
5.4020838e-10
5.4425592e-10
5.4047622e-10
5.466666e-10
5.4392857e-10
5.4068444e-10
5.4705357e-10
5.3973215e-10
5.4092258e-10
5.4312499e-10
5.4279753e-10
5.3991067e-10
5.3580357e-10
5.4354166e-10
5.3645832e-10
5.3556548e-10
5.36994e-10
5.38244e-10
5.3830357e-10
5.4193455e-10
5.3407739e-10
5.369345e-10
5.3151783e-10
5.3586308e-10
5.3383925e-10
5.3880944e-10
5.3583332e-10
5.3276789e-10
5.3220239e-10
5.3285704e-10
5.3452381e-10
5.2747018e-10
5.2999999e-10
5.3321425e-10
5.2809523e-10
5.3693455e-10
5.309822e-10
5.2958332e-10
5.3327387e-10
5.3151789e-10
5.3187504e-10
5.3026783e-10
5.3157745e-10
5.3145832e-10
5.3113092e-10
5.2877974e-10
5.2869042e-10
5.3175597e-10
5.2633925e-10
5.2946425e-10
5.2931554e-10
5.3050592e-10
5.2946431e-10
5.272619e-10
5.2812499e-10
5.2803573e-10
5.2583332e-10
5.2809523e-10
5.3044641e-10
5.2005955e-10
5.2877969e-10
5.2395827e-10
5.2538696e-10
5.2479165e-10
5.2330357e-10
5.2648808e-10
5.250595e-10
5.2238097e-10
5.2651788e-10
5.2294646e-10
5.3032734e-10
5.1622023e-10
5.2833338e-10
5.150893e-10
5.2080357e-10
5.2345234e-10
5.231845e-10
5.125298e-10
5.256845e-10
5.1345234e-10
5.2348215e-10
5.2044641e-10
5.2086302e-10
5.1735122e-10
5.163095e-10
5.1869042e-10
5.1651794e-10
5.2148802e-10
5.2238092e-10
5.1839288e-10
5.1452381e-10
5.2291671e-10
5.1791665e-10
5.1690469e-10
5.2377969e-10
5.1684523e-10
5.1541665e-10
5.1717264e-10
5.1830351e-10
5.14494e-10
5.187798e-10
5.1229154e-10
5.1776777e-10
5.1687504e-10
5.1330357e-10
5.1973215e-10
5.1553578e-10
5.1901788e-10
5.1247023e-10
5.1833338e-10
5.1711307e-10
5.1788684e-10
5.1556548e-10
5.1241072e-10
5.1327376e-10
5.0812499e-10
5.1372029e-10
5.1330357e-10
5.2053573e-10
5.0973215e-10
5.1172616e-10
5.172916e-10
5.1369053e-10
5.1291671e-10
5.163095e-10
5.1687499e-10
5.1220239e-10
5.1613086e-10
5.0985122e-10
5.1419641e-10
5.0901783e-10
5.1520838e-10
5.1050592e-10
5.0922622e-10
5.1425597e-10
5.0592264e-10
5.1110122e-10
5.1425597e-10
5.0366078e-10
5.1270838e-10
5.0952387e-10
5.0511906e-10
5.1363092e-10
5.0258925e-10
5.0577381e-10
5.1336313e-10
5.0782739e-10
5.0690474e-10
5.1449406e-10
5.0863092e-10
5.1532739e-10
5.0744048e-10
5.08244e-10
5.0991072e-10
5.07619e-10
5.1041671e-10
5.0586313e-10
5.0845239e-10
5.0401788e-10
5.0419635e-10
5.144048e-10
5.0517857e-10
5.0434523e-10
5.0892862e-10
5.0425591e-10
5.0863092e-10
4.9991078e-10
5.0684518e-10
5.0145832e-10
5.0693449e-10
5.0330362e-10
4.997916e-10
5.0883925e-10
5.0767862e-10
4.993751e-10
5.0297616e-10
5.000893e-10
5.0217264e-10
5.0476195e-10
5.0148813e-10
5.0419641e-10
4.9732141e-10
4.9872018e-10
4.9970239e-10
5.0348214e-10
5.0187504e-10
4.9833337e-10
5.037798e-10
4.9491078e-10
5.0738092e-10
4.9818449e-10
4.9741072e-10
5.019346e-10
5.0357141e-10
4.956846e-10
5.0017857e-10
4.9931548e-10
5.0419641e-10
4.9705351e-10
4.9764887e-10
4.988393e-10
4.9720239e-10
4.9752974e-10
5.0095234e-10
4.9217258e-10
5.0232146e-10
4.9857141e-10
4.9476195e-10
5.0142851e-10
4.9797616e-10
5.0729171e-10
5.0401788e-10
4.9547622e-10
4.9892857e-10
4.9523807e-10
4.9276788e-10
5.0232146e-10
4.9101184e-10
4.950893e-10
4.972916e-10
5.0044641e-10
4.9613086e-10
4.9497023e-10
4.9425591e-10
4.9642856e-10
4.9526794e-10
4.9425591e-10
4.9616072e-10
4.9696425e-10
4.9357141e-10
4.9845239e-10
4.9651788e-10
4.9523818e-10
4.9592258e-10
4.9136906e-10
4.8961307e-10
5.0535709e-10
4.9773802e-10
4.935416e-10
4.9877974e-10
4.9553572e-10
4.9729165e-10
4.9038695e-10
5.0178572e-10
4.8705356e-10
4.9880949e-10
5.0047622e-10
4.947619e-10
4.9208337e-10
4.9410714e-10
4.9613097e-10
4.9639881e-10
4.9788684e-10
4.9479165e-10
4.9648807e-10
4.9452381e-10
4.9116078e-10
4.9607135e-10
5.0306548e-10
4.9300597e-10
4.9720233e-10
4.9187499e-10
4.8565474e-10
5.0255955e-10
4.8690479e-10
4.9113091e-10
4.9166671e-10
4.9068455e-10
4.9741067e-10
4.8937504e-10
4.9458337e-10
4.9342258e-10
4.9026788e-10
4.8845239e-10
4.9339288e-10
4.8711307e-10
4.9324406e-10
4.9044646e-10
4.9249999e-10
4.878869e-10
4.9312499e-10
4.9455356e-10
4.928869e-10
4.9095233e-10
4.9458337e-10
4.9282739e-10
4.875893e-10
4.9437499e-10
4.9160714e-10
4.8693449e-10
4.9267851e-10
4.9413695e-10
4.9342258e-10
4.8169635e-10
4.9729165e-10
4.9005949e-10
4.8764875e-10
4.9303567e-10
4.9241067e-10
4.8925591e-10
4.9175591e-10
4.9505949e-10
4.8749998e-10
4.9098209e-10
4.8857141e-10
4.8955356e-10
4.8860116e-10
4.9422622e-10
4.8669646e-10
4.8922622e-10
4.9392856e-10
4.8529758e-10
4.8815474e-10
4.8839283e-10
4.8422616e-10
4.8967258e-10
4.8732141e-10
4.8860127e-10
4.8940479e-10
4.8642851e-10
4.8806548e-10
4.9083337e-10
4.9395832e-10
4.8809523e-10
4.8401788e-10
4.8958332e-10
4.8437493e-10
4.8526788e-10
4.9252979e-10
4.8651788e-10
4.9318449e-10
4.9330356e-10
4.8199406e-10
4.9372023e-10
4.8258925e-10
4.9336307e-10
4.8678567e-10
4.841072e-10
4.9773813e-10
4.7592258e-10
4.9261911e-10
4.8690474e-10
4.8613086e-10
4.9095239e-10
4.8619048e-10
4.9092258e-10
4.8672621e-10
4.9029752e-10
4.8252979e-10
4.9002979e-10
4.8779758e-10
4.8761906e-10
4.8598209e-10
4.9080362e-10
4.8464288e-10
4.8675597e-10
4.8556548e-10
4.8255955e-10
4.8660709e-10
4.8863091e-10
4.8392862e-10
4.8732146e-10
4.8562498e-10
4.8821425e-10
4.8565474e-10
4.85744e-10
4.9255955e-10
4.8491072e-10
4.8812498e-10
4.8919646e-10
4.900893e-10
4.8520837e-10
4.8369053e-10
4.8565474e-10
4.8059523e-10
4.8747023e-10
4.8592269e-10
4.8339288e-10
4.8821425e-10
4.8604171e-10
4.828869e-10
4.8443455e-10
4.8895832e-10
4.8214283e-10
4.8285714e-10
4.8455356e-10
4.7860116e-10
4.8452387e-10
4.7684523e-10
4.8258925e-10
4.8782733e-10
4.8107146e-10
4.8035714e-10
4.8744042e-10
4.7940468e-10
4.8422621e-10
4.8508919e-10
4.8577381e-10
4.828869e-10
4.8294641e-10
4.8372018e-10
4.8440474e-10
4.8181542e-10
4.8124998e-10
4.7764881e-10
4.8892845e-10
4.7318455e-10
4.9017851e-10
4.7931548e-10
4.8386906e-10
4.8624998e-10
4.8056548e-10
4.8541671e-10
4.8241072e-10
4.82619e-10
4.8482146e-10
4.8648818e-10
4.7821436e-10
4.9083332e-10
4.8056553e-10
4.8866078e-10
4.8485121e-10
4.8157733e-10
4.8318449e-10
4.8282744e-10
4.8330351e-10
4.8595239e-10
4.8657739e-10
4.8023813e-10
4.8511906e-10
4.8693449e-10
4.8312498e-10
4.8630955e-10
4.7833332e-10
4.8803572e-10
4.8160714e-10
4.8181548e-10
4.8181548e-10
4.8098209e-10
4.8190479e-10
4.8473214e-10
4.7806548e-10
4.8538695e-10
4.8580351e-10
4.8494042e-10
4.7833332e-10
4.7788684e-10
4.8613102e-10
4.8282739e-10
4.7869048e-10
4.8178572e-10
4.8080356e-10
4.8181553e-10
4.7886906e-10
4.8047621e-10
4.7657739e-10
4.8529764e-10
4.7690474e-10
4.8199406e-10
4.7949406e-10
4.7961302e-10
4.7934523e-10
4.8095244e-10
4.7875004e-10
4.8336313e-10
4.800893e-10
4.7642862e-10
4.8309517e-10
4.8354165e-10
4.8086307e-10
4.7741072e-10
4.8401788e-10
4.8035714e-10
4.750893e-10
4.8309523e-10
4.7604171e-10
4.8095244e-10
4.8160714e-10
4.8619048e-10
4.7470244e-10
4.8065474e-10
4.7806548e-10
4.7488097e-10
4.7363102e-10
4.8020832e-10
4.8410714e-10
4.7485116e-10
4.7598214e-10
4.8080356e-10
4.7622023e-10
4.788393e-10
4.7711313e-10
4.7809529e-10
4.747619e-10
4.8205362e-10
4.6988097e-10
4.8389875e-10
4.7955356e-10
4.7836302e-10
4.8047621e-10
4.7624993e-10
4.7845239e-10
4.8324411e-10
4.7800597e-10
4.7702386e-10
4.8267856e-10
4.7339288e-10
4.7622023e-10
4.803572e-10
4.7291665e-10
4.7372029e-10
4.8559529e-10
4.6770832e-10
4.8404764e-10
4.773214e-10
4.7613097e-10
4.8235116e-10
4.7833332e-10
4.7497023e-10
4.8160709e-10
4.7229171e-10
4.7812504e-10
4.766369e-10
4.7547621e-10
4.7964288e-10
4.7202386e-10
4.7800591e-10
4.7952375e-10
4.738393e-10
4.7577381e-10
4.7907744e-10
4.7928567e-10
4.7318449e-10
4.7895832e-10
4.7660709e-10
4.778869e-10
4.7166671e-10
4.7467263e-10
4.7723214e-10
4.7910714e-10
4.7931542e-10
4.7404763e-10
4.7895832e-10
4.7818449e-10
4.7119048e-10
4.8520832e-10
4.7752979e-10
4.7443449e-10
4.7815468e-10
4.7705362e-10
4.7500004e-10
4.79494e-10
4.7622023e-10
4.7354165e-10
4.7702381e-10
4.832143e-10
4.7157739e-10
4.7437498e-10
4.7907733e-10
4.7613097e-10
4.7794646e-10
4.6886911e-10
4.8336313e-10
4.7747023e-10
4.6904763e-10
4.8520832e-10
4.7425597e-10
4.7532744e-10
4.7934523e-10
4.7321425e-10
4.7833337e-10
4.7723209e-10
4.7776794e-10
4.7991078e-10
4.7318455e-10
4.7934523e-10
4.7395826e-10
4.6601184e-10
4.7949406e-10
4.7154763e-10
4.7678572e-10
4.7705356e-10
4.6842263e-10
4.8160714e-10
4.6526788e-10
4.7107146e-10
4.7943455e-10
4.7526783e-10
4.71369e-10
4.8017862e-10
4.7139881e-10
4.7238097e-10
4.816964e-10
4.8104171e-10
4.7663695e-10
4.7901783e-10
4.7812504e-10
4.7845233e-10
4.7077375e-10
4.7389881e-10
4.7839283e-10
4.7044635e-10
4.8098214e-10
4.8089288e-10
4.7175591e-10
4.8193449e-10
4.7392862e-10
4.7797616e-10
4.7348214e-10
4.791369e-10
4.7291665e-10
4.7702375e-10
4.6910714e-10
4.7752974e-10
4.7047621e-10
4.803869e-10
4.7830351e-10
4.7116067e-10
4.7872029e-10
4.719346e-10
4.7374998e-10
4.7625004e-10
4.7023807e-10
4.7892862e-10
4.7041665e-10
4.7747023e-10
4.7383925e-10
4.7502979e-10
4.7434529e-10
4.7633925e-10
4.7273807e-10
4.7002979e-10
4.7517862e-10
4.7217258e-10
4.7389886e-10
4.7812498e-10
4.68244e-10
4.6985121e-10
4.7857146e-10
4.728869e-10
4.7958337e-10
4.6595233e-10
4.7166671e-10
4.7178572e-10
4.7119048e-10
4.7116061e-10
4.7654758e-10
4.6863091e-10
4.6848214e-10
4.825893e-10
4.6776788e-10
4.7264875e-10
4.7583332e-10
4.7017851e-10
4.7383925e-10
4.7431548e-10
4.6764875e-10
4.7434529e-10
4.7357135e-10
4.7142851e-10
4.7339277e-10
4.7458332e-10
4.7077381e-10
4.7574406e-10
4.7547616e-10
4.707143e-10
4.7077381e-10
4.735714e-10
4.7169635e-10
4.7574406e-10
4.7202375e-10
4.7657744e-10
4.7467263e-10
4.6598214e-10
4.7232135e-10
4.8250004e-10
4.6994042e-10
4.7398807e-10
4.7985121e-10
4.6791665e-10
4.7523807e-10
4.8062493e-10
4.7696425e-10
4.639881e-10
4.7565474e-10
4.7473214e-10
4.6958337e-10
4.6943455e-10
4.70744e-10
4.6967263e-10
4.7744048e-10
4.7026782e-10
4.7002979e-10
4.7372017e-10
4.7148813e-10
4.6839288e-10
4.794643e-10
4.7276788e-10
4.7068455e-10
4.7520826e-10
4.6622023e-10
4.7104159e-10
4.8273807e-10
4.6592269e-10
4.7735127e-10
4.7467258e-10
4.7136905e-10
4.748214e-10
4.6928567e-10
4.7401788e-10
4.7354165e-10
4.6330356e-10
4.797619e-10
4.6749998e-10
4.7633925e-10
4.7300591e-10
4.6708326e-10
4.7196436e-10
4.7211313e-10
4.694643e-10
4.7145832e-10
4.7053572e-10
4.7229165e-10
4.6747023e-10
4.6964288e-10
4.7157733e-10
4.6999998e-10
4.7535709e-10
4.7398807e-10
4.6497023e-10
4.7657744e-10
4.698214e-10
4.7053572e-10
4.7220233e-10
4.7255955e-10
4.7166671e-10
4.6860127e-10
4.6761911e-10
4.66994e-10
4.7160709e-10
4.698214e-10
4.7544646e-10
4.6446424e-10
4.7300597e-10
4.7264875e-10
4.6428575e-10
4.7220233e-10
4.7833337e-10
4.6401785e-10
4.7190479e-10
4.6291659e-10
4.7434529e-10
4.7175591e-10
4.6815479e-10
4.7446425e-10
4.642858e-10
4.686011e-10
4.7199405e-10
4.6752974e-10
4.6779763e-10
4.6991072e-10
4.7190474e-10
4.6913695e-10
4.7491067e-10
4.6604165e-10
4.7107146e-10
4.6931548e-10
4.6833337e-10
4.704464e-10
4.6479162e-10
4.6678567e-10
4.7083332e-10
4.7241067e-10
4.6755955e-10
4.7017856e-10
4.6952381e-10
4.6431547e-10
4.7586307e-10
4.7136911e-10
4.652381e-10
4.7080356e-10
4.7550597e-10
4.6892856e-10
4.6404763e-10
4.7428578e-10
4.633928e-10
4.722619e-10
4.7154758e-10
4.7104159e-10
4.6973214e-10
4.6583332e-10
4.6657744e-10
4.7315479e-10
4.6952386e-10
4.7002974e-10
4.7068449e-10
4.6997034e-10
4.7017856e-10
4.6782739e-10
4.7011905e-10
4.7342263e-10
4.6800591e-10
4.7342263e-10
4.6940474e-10
4.7502979e-10
4.6684517e-10
4.6999998e-10
4.6431545e-10
4.7339282e-10
4.6970239e-10
4.7339282e-10
4.6860116e-10
4.6916665e-10
4.700893e-10
4.6330359e-10
4.7145826e-10
4.707143e-10
4.7098209e-10
4.7318455e-10
4.6747023e-10
4.710714e-10
4.6419638e-10
4.6708337e-10
4.7464283e-10
4.6776788e-10
4.6901782e-10
4.6937493e-10
4.6428567e-10
4.6681548e-10
4.6958332e-10
4.688393e-10
4.6755949e-10
4.7806548e-10
4.6532739e-10
4.6294643e-10
4.7184529e-10
4.6711307e-10
4.6458334e-10
4.6866067e-10
4.7065474e-10
4.6690479e-10
4.6639875e-10
4.7127974e-10
4.650893e-10
4.660714e-10
4.7369048e-10
4.6485119e-10
4.6675597e-10
4.663393e-10
4.6797616e-10
4.6583332e-10
4.647322e-10
4.6794646e-10
4.697619e-10
4.7172621e-10
4.6830356e-10
4.6485113e-10
4.7172621e-10
4.7217258e-10
4.6514875e-10
4.6979171e-10
4.6148807e-10
4.7184517e-10
4.6958337e-10
4.6773813e-10
4.7285714e-10
4.6476195e-10
4.6729165e-10
4.7157739e-10
4.6532742e-10
4.7211313e-10
4.6830351e-10
4.6005955e-10
4.7306542e-10
4.6630955e-10
4.722619e-10
4.6666671e-10
4.700893e-10
4.6467266e-10
4.7065479e-10
4.6401791e-10
4.6836307e-10
4.6797627e-10
4.663393e-10
4.6904758e-10
4.6264881e-10
4.7083337e-10
4.6681548e-10
4.6532742e-10
4.7220239e-10
4.615773e-10
4.6541665e-10
4.6642856e-10
4.6663695e-10
4.6452378e-10
4.68244e-10
4.6720239e-10
4.7160709e-10
4.6523813e-10
4.6577381e-10
4.6872028e-10
4.6235121e-10
4.6684523e-10
4.6098214e-10
4.6738097e-10
4.6625004e-10
4.5883927e-10
4.647619e-10
4.6437504e-10
4.6773807e-10
4.6630955e-10
4.6181539e-10
4.6440474e-10
4.6083332e-10
4.6431553e-10
4.6604165e-10
4.6767856e-10
4.6166659e-10
4.685714e-10
4.6586318e-10
4.6619053e-10
4.678869e-10
4.6607151e-10
4.6309517e-10
4.6622023e-10
4.6077381e-10
4.6657739e-10
4.6330356e-10
4.6452378e-10
4.6363097e-10
4.6059526e-10
4.6327381e-10
4.6374998e-10
4.603273e-10
4.748214e-10
4.6157739e-10
4.6324405e-10
4.675596e-10
4.5901788e-10
4.6681548e-10
4.632143e-10
4.6648813e-10
4.6708337e-10
4.6151788e-10
4.6502985e-10
4.5892851e-10
4.6943449e-10
4.6211307e-10
4.6306547e-10
4.6654758e-10
4.6443449e-10
4.6098211e-10
4.6559523e-10
4.6627979e-10
4.6535714e-10
4.6273807e-10
4.6619042e-10
4.6122026e-10
4.6232143e-10
4.619643e-10
4.5976195e-10
4.6074408e-10
4.6806548e-10
4.5732138e-10
4.6437498e-10
4.6678572e-10
4.643749e-10
4.6958332e-10
4.6458337e-10
4.6595239e-10
4.6151785e-10
4.6428575e-10
4.6559523e-10
4.610417e-10
4.6306547e-10
4.6196427e-10
4.6839288e-10
4.579464e-10
4.6842263e-10
4.6413695e-10
4.6125001e-10
4.6943449e-10
4.6104162e-10
4.6217258e-10
4.6348217e-10
4.6532739e-10
4.7074405e-10
4.5559531e-10
4.6151793e-10
4.5836307e-10
4.6163687e-10
4.6645837e-10
4.6526788e-10
4.6184526e-10
4.6285714e-10
4.6330351e-10
4.6431539e-10
4.6479168e-10
4.6127974e-10
4.6514875e-10
4.6720239e-10
4.66369e-10
4.6410711e-10
4.5755949e-10
4.6812498e-10
4.6190476e-10
4.691369e-10
4.6273807e-10
4.5788692e-10
4.7327381e-10
4.6130952e-10
4.5702375e-10
4.6836313e-10
4.6113091e-10
4.6232143e-10
4.5964282e-10
4.6651782e-10
4.6178575e-10
4.5502979e-10
4.638393e-10
4.6580351e-10
4.623214e-10
4.6241078e-10
4.6395834e-10
4.6247023e-10
4.68869e-10
4.605655e-10
4.6333332e-10
4.6366069e-10
4.5714282e-10
4.6315476e-10
4.60744e-10
4.6369047e-10
4.6672621e-10
4.6389875e-10
4.5761905e-10
4.711011e-10
4.6041665e-10
4.5970242e-10
4.6532742e-10
4.6407742e-10
4.5994047e-10
4.675893e-10
4.5898815e-10
4.6830351e-10
4.5645837e-10
4.5708334e-10
4.6452375e-10
4.553572e-10
4.6550594e-10
4.5437498e-10
4.669643e-10
4.5964277e-10
4.578869e-10
4.6252979e-10
4.6005949e-10
4.5994047e-10
4.5937498e-10
4.6529763e-10
4.5931547e-10
4.6434523e-10
4.5693452e-10
4.604464e-10
4.6452378e-10
4.5258924e-10
4.5895834e-10
4.5675594e-10
4.6339288e-10
4.5830356e-10
4.6446427e-10
4.5720233e-10
4.6398813e-10
4.6401785e-10
4.6160709e-10
4.6363091e-10
4.6559517e-10
4.5502974e-10
4.660119e-10
4.6241072e-10
4.6110121e-10
4.5869045e-10
4.6288687e-10
4.5797621e-10
4.6348209e-10
4.5464288e-10
4.7026782e-10
4.6925597e-10
4.5648813e-10
4.6639881e-10
4.6241072e-10
4.5619047e-10
4.6437498e-10
4.6306545e-10
4.6517859e-10
4.6023813e-10
4.6425594e-10
4.6101198e-10
4.5702384e-10
4.6208332e-10
4.622322e-10
4.5613091e-10
4.6053569e-10
4.5991072e-10
4.6247028e-10
4.5994047e-10
4.6110121e-10
4.6330351e-10
4.6235121e-10
4.6648813e-10
4.6125001e-10
4.5764881e-10
4.6130955e-10
4.5717258e-10
4.6113091e-10
4.6139878e-10
4.5648813e-10
4.6157744e-10
4.6005955e-10
4.578869e-10
4.6178575e-10
4.6428572e-10
4.5758927e-10
4.5999998e-10
4.6648807e-10
4.5776782e-10
4.6130955e-10
4.5991072e-10
4.610417e-10
4.6315476e-10
4.5374998e-10
4.6306553e-10
4.5538692e-10
4.5994045e-10
4.6386908e-10
4.6136911e-10
4.6136905e-10
4.6434526e-10
4.6372023e-10
4.60744e-10
4.6000004e-10
4.635714e-10
4.6062501e-10
4.6681548e-10
4.5684523e-10
4.6148807e-10
4.5744053e-10
4.5526788e-10
4.6508922e-10
4.6279763e-10
4.6232143e-10
4.6062498e-10
4.5586307e-10
4.6205365e-10
4.5782739e-10
4.6354168e-10
4.6904763e-10
4.6580356e-10
4.5627976e-10
4.6241078e-10
4.6404755e-10
4.6288692e-10
4.6354171e-10
4.5666662e-10
4.6122026e-10
4.6440476e-10
4.6083332e-10
4.6020834e-10
4.582143e-10
4.6568449e-10
4.6202378e-10
4.6217261e-10
4.6464285e-10
4.5773807e-10
4.6077389e-10
4.616369e-10
4.6175591e-10
4.5687501e-10
4.6437498e-10
4.6589282e-10
4.59494e-10
4.5991075e-10
4.5428575e-10
4.6592269e-10
4.6098211e-10
4.625893e-10
4.6363091e-10
4.574702e-10
4.616964e-10
4.5747028e-10
4.6437498e-10
4.5970236e-10
4.6229168e-10
4.5732143e-10
4.6056547e-10
4.5997023e-10
4.6154758e-10
4.6321427e-10
4.5693452e-10
4.6193455e-10
4.6803572e-10
4.6607146e-10
4.6622023e-10
4.6053569e-10
4.5910717e-10
4.6095239e-10
4.6497023e-10
4.6261903e-10
4.6035717e-10
4.5693452e-10
4.6232143e-10
4.6782733e-10
4.5985121e-10
4.6047618e-10
4.6622028e-10
4.5904766e-10
4.6133927e-10
4.608631e-10
4.5550594e-10
4.6065479e-10
4.6428572e-10
4.5711307e-10
4.6023813e-10
4.6199405e-10
4.5675594e-10
4.6008933e-10
4.5779766e-10
4.6470236e-10
4.636905e-10
4.5761905e-10
4.6202381e-10
4.591964e-10
4.549702e-10
4.6303569e-10
4.5497023e-10
4.582143e-10
4.5747026e-10
4.5556553e-10
4.5991067e-10
4.5800591e-10
4.610119e-10
4.5568452e-10
4.5818452e-10
4.578869e-10
4.5895834e-10
4.5437504e-10
4.5907736e-10
4.5723217e-10
4.5952381e-10
4.6297624e-10
4.6080353e-10
4.5639881e-10
4.5208332e-10
4.586013e-10
4.5526788e-10
4.5741075e-10
4.5895829e-10
4.5747026e-10
4.6178569e-10
4.5607149e-10
4.5880955e-10
4.5729168e-10
4.5395832e-10
4.5089291e-10
4.6282742e-10
4.5982138e-10
4.5654763e-10
4.6163695e-10
4.5312504e-10
4.5726195e-10
4.6636905e-10
4.5711315e-10
4.6160714e-10
4.5949411e-10
4.5702384e-10
4.5928572e-10
4.622619e-10
4.5827384e-10
4.597917e-10
4.5747026e-10
4.535714e-10
4.6136903e-10
4.5782741e-10
4.5616069e-10
4.6020829e-10
4.5663692e-10
4.6175591e-10
4.5529761e-10
4.5497023e-10
4.604464e-10
4.5479168e-10
4.5895834e-10
4.5345244e-10
4.558928e-10
4.6032739e-10
4.555655e-10
4.5074403e-10
4.5624998e-10
4.5752971e-10
4.5705353e-10
4.5913687e-10
4.5508924e-10
4.570834e-10
4.600596e-10
4.5613091e-10
4.5666662e-10
4.5705356e-10
4.60119e-10
4.5407733e-10
4.5654763e-10
4.5437495e-10
4.6267862e-10
4.5342261e-10
4.538096e-10
4.6372023e-10
4.5345239e-10
4.5491072e-10
4.5723214e-10
4.5851192e-10
4.5729159e-10
4.5419646e-10
4.5607146e-10
4.5595244e-10
4.5574405e-10
4.5797621e-10
4.5714285e-10
4.5812495e-10
4.5607138e-10
4.5770832e-10
4.5732143e-10
4.554167e-10
4.5782739e-10
4.5755949e-10
4.5964285e-10
4.5842258e-10
4.5744047e-10
4.5952375e-10
4.5187493e-10
4.666072e-10
4.58869e-10
4.5342261e-10
4.6250004e-10
4.5601187e-10
4.580655e-10
4.5818452e-10
4.6122023e-10
4.5422616e-10
4.5842258e-10
4.5741069e-10
4.6074403e-10
4.5187498e-10
4.5955359e-10
4.6122026e-10
4.561905e-10
4.5595239e-10
4.5797621e-10
4.5538689e-10
4.552381e-10
4.5672621e-10
4.5303569e-10
4.579167e-10
4.5999998e-10
4.5315479e-10
4.6318455e-10
4.5470239e-10
4.6467252e-10
4.497322e-10
4.5708332e-10
4.5407741e-10
4.5598209e-10
4.5622026e-10
4.5967261e-10
4.5866072e-10
4.5645832e-10
4.582143e-10
4.5663692e-10
4.5422621e-10
4.6002976e-10
4.5622026e-10
4.5169646e-10
4.6291665e-10
4.4922618e-10
4.6267856e-10
4.6017851e-10
4.5872026e-10
4.5422621e-10
4.5130952e-10
4.6050599e-10
4.5717263e-10
4.6419643e-10
4.5166668e-10
4.5845241e-10
4.6089288e-10
4.563393e-10
4.5782741e-10
4.5877968e-10
4.5678572e-10
4.5669643e-10
4.6389875e-10
4.5166668e-10
4.5440476e-10
4.554464e-10
4.5702384e-10
4.6297624e-10
4.5080359e-10
4.5482146e-10
4.5880955e-10
4.5782733e-10
4.5723214e-10
4.5741069e-10
4.5642853e-10
4.5824403e-10
4.5860121e-10
4.5636908e-10
4.5928564e-10
4.5196422e-10
4.5738094e-10
4.5901785e-10
4.5360118e-10
4.594643e-10
4.5437498e-10
4.597917e-10
4.5133924e-10
4.566964e-10
4.5925591e-10
4.5205356e-10
4.5827375e-10
4.6080359e-10
4.5232135e-10
4.5943443e-10
4.5485121e-10
4.5508924e-10
4.5458334e-10
4.5642859e-10
4.5803572e-10
4.5654755e-10
4.5285706e-10
4.5693452e-10
4.5651791e-10
4.5235113e-10
4.5377974e-10
4.6181547e-10
4.4916668e-10
4.5755949e-10
4.579167e-10
4.5139883e-10
4.6235113e-10
4.5077378e-10
4.5056542e-10
4.6041665e-10
4.5258922e-10
4.5431547e-10
4.5455359e-10
4.5431539e-10
4.535417e-10
4.6059526e-10
4.468155e-10
4.5940479e-10
4.5616069e-10
4.5255955e-10
4.564881e-10
4.5297624e-10
4.5250001e-10
4.538393e-10
4.5803572e-10
4.5824405e-10
4.5363091e-10
4.5651782e-10
4.5285717e-10
4.64494e-10
4.546131e-10
4.4714282e-10
4.6029763e-10
4.4687504e-10
4.580655e-10
4.5107143e-10
4.5068449e-10
4.580655e-10
4.5178575e-10
4.5482146e-10
4.533631e-10
4.6035717e-10
4.5163701e-10
4.5794643e-10
4.519643e-10
4.5193449e-10
4.5711313e-10
4.4720233e-10
4.5345233e-10
4.5288692e-10
4.511905e-10
4.5220239e-10
4.5107143e-10
4.5130955e-10
4.5708334e-10
4.5842263e-10
4.5086312e-10
4.539881e-10
4.5175588e-10
4.5205364e-10
4.5565476e-10
4.5610118e-10
4.474702e-10
4.5714285e-10
4.5303569e-10
4.5375001e-10
4.5244045e-10
4.5553575e-10
4.4994053e-10
4.5053578e-10
4.5333332e-10
4.5764886e-10
4.5339288e-10
4.4999998e-10
4.5895829e-10
4.4985121e-10
4.5276782e-10
4.5714282e-10
4.4949408e-10
4.5642853e-10
4.490476e-10
4.5386908e-10
4.5190479e-10
4.5184534e-10
4.5443449e-10
4.5110124e-10
4.608631e-10
4.4994047e-10
4.5958334e-10
4.5083337e-10
4.4988094e-10
4.5562495e-10
4.5377979e-10
4.4636903e-10
4.5559526e-10
4.5910717e-10
4.5133933e-10
4.53244e-10
4.5684523e-10
4.4610124e-10
4.536905e-10
4.5761908e-10
4.4809523e-10
4.6220239e-10
4.593155e-10
4.4702389e-10
4.5651791e-10
4.5136905e-10
4.5633936e-10
4.5279758e-10
4.4818452e-10
4.485417e-10
4.5860116e-10
4.5187498e-10
4.4913687e-10
4.5038687e-10
4.5729168e-10
4.504464e-10
4.5511903e-10
4.5505952e-10
4.4693446e-10
4.5877976e-10
4.5452386e-10
4.479167e-10
4.5056542e-10
4.4988102e-10
4.6282736e-10
4.4934523e-10
4.5145837e-10
4.5586313e-10
4.515773e-10
4.5627971e-10
4.5101192e-10
4.5351198e-10
4.5485118e-10
4.5511903e-10
4.546131e-10
4.5461307e-10
4.5491069e-10
4.5425588e-10
4.4797618e-10
4.5627979e-10
4.5202378e-10
4.5366069e-10
4.5491069e-10
4.5273815e-10
4.6008933e-10
4.5125004e-10
4.5651788e-10
4.5547624e-10
4.5553572e-10
4.5553572e-10
4.546131e-10
4.5366078e-10
4.5431547e-10
4.5312498e-10
4.6008924e-10
4.4613091e-10
4.5452378e-10
4.521726e-10
4.5491072e-10
4.5529763e-10
4.5074403e-10
4.6139878e-10
4.4764878e-10
4.5544649e-10
4.496131e-10
4.5288687e-10
4.491964e-10
4.6065479e-10
4.4738094e-10
4.53244e-10
4.5684523e-10
4.5500001e-10
4.5360113e-10
4.477381e-10
4.5577384e-10
4.5526782e-10
4.5357146e-10
4.504464e-10
4.4907739e-10
4.5589288e-10
4.4744053e-10
4.5479162e-10
4.5023812e-10
4.5842263e-10
4.5151788e-10
4.5452384e-10
4.5473211e-10
4.494643e-10
4.5651788e-10
4.5235127e-10
4.5654761e-10
4.5035717e-10
4.5342261e-10
4.5526788e-10
4.5375001e-10
4.5050597e-10
4.5648813e-10
4.5470239e-10
4.5238094e-10
4.5705353e-10
4.5032739e-10
4.4988097e-10
4.5976192e-10
4.5142862e-10
4.552381e-10
4.5116072e-10
4.5821424e-10
4.4791662e-10
4.5541665e-10
4.577381e-10
4.4720241e-10
4.5767856e-10
4.4934523e-10
4.5038689e-10
4.5386903e-10
4.5377979e-10
4.5145829e-10
4.5752976e-10
4.4916668e-10
4.4904766e-10
4.5508922e-10
4.5559526e-10
4.5038689e-10
4.4738094e-10
4.5723214e-10
4.5110121e-10
4.5577378e-10
4.5297624e-10
4.4657739e-10
4.5369047e-10
4.5294643e-10
4.5422616e-10
4.4622026e-10
4.5630952e-10
4.5491069e-10
4.5672616e-10
4.5101189e-10
4.5839291e-10
4.4880955e-10
4.4830353e-10
4.5916662e-10
4.4630957e-10
4.5806542e-10
4.5044637e-10
4.5065476e-10
4.5101192e-10
4.4958334e-10
4.6276782e-10
4.5002974e-10
4.5202378e-10
4.5333332e-10
4.4738102e-10
4.6062501e-10
4.5053575e-10
4.5544643e-10
4.5038687e-10
4.5181542e-10
4.5023807e-10
4.5294646e-10
4.4845241e-10
4.5553564e-10
4.4880955e-10
4.5270832e-10
4.4922613e-10
4.4913689e-10
4.5797621e-10
4.4729165e-10
4.4544649e-10
4.5401782e-10
4.5008927e-10
4.5529761e-10
4.5229162e-10
4.5360118e-10
4.5133933e-10
4.5735116e-10
4.527084e-10
4.5247023e-10
4.5410711e-10
4.480952e-10
4.521726e-10
4.521726e-10
4.552381e-10
4.5229162e-10
4.496131e-10
4.5291668e-10
4.5684523e-10
4.4708334e-10
4.5559526e-10
4.5455351e-10
4.5026785e-10
4.5428566e-10
4.539881e-10
4.5419643e-10
4.4726192e-10
4.5747026e-10
4.5366078e-10
4.5562501e-10
4.4806545e-10
4.554167e-10
4.5026785e-10
4.5247023e-10
4.5300594e-10
4.5514875e-10
4.5065476e-10
4.5395832e-10
4.5535714e-10
4.5351195e-10
4.4866072e-10
4.5285714e-10
4.5270832e-10
4.538393e-10
4.5532741e-10
4.4812501e-10
4.4839285e-10
4.5431547e-10
4.5526788e-10
4.4556545e-10
4.5139883e-10
4.5354168e-10
4.5035714e-10
4.5014883e-10
4.5095233e-10
4.4854165e-10
4.5455356e-10
4.4880949e-10
4.5089288e-10
4.4937498e-10
4.5077386e-10
4.5511908e-10
4.4863097e-10
4.4898807e-10
4.5044646e-10
4.5300594e-10
4.5443457e-10
4.4994047e-10
4.5488097e-10
4.5235118e-10
4.4880955e-10
4.5327381e-10
4.5604165e-10
4.5089288e-10
4.5494056e-10
4.5413692e-10
4.5309526e-10
4.446726e-10
4.5377974e-10
4.4961304e-10
4.5074403e-10
4.5330359e-10
4.5315476e-10
4.5258933e-10
4.4952381e-10
4.5363097e-10
4.5309526e-10
4.4848214e-10
4.5595236e-10
4.5190479e-10
4.4979165e-10
4.5258924e-10
4.5485113e-10
4.4693452e-10
4.4684528e-10
4.5372023e-10
4.5077381e-10
4.4738097e-10
4.4952381e-10
4.4744045e-10
4.5330356e-10
4.5217266e-10
4.5306547e-10
4.5827381e-10
4.4654763e-10
4.519643e-10
4.5145829e-10
4.5032736e-10
4.4949408e-10
4.5026788e-10
4.5333332e-10
4.53869e-10
4.4895837e-10
4.4854165e-10
4.5002974e-10
4.5035717e-10
4.4860121e-10
4.5636903e-10
4.5217258e-10
4.5104165e-10
4.5226189e-10
4.4970236e-10
4.4627971e-10
4.5544643e-10
4.5386908e-10
4.5190471e-10
4.5023807e-10
4.5380949e-10
4.5071427e-10
4.5125004e-10
4.4898807e-10
4.5660714e-10
4.505655e-10
4.5642853e-10
4.4773807e-10
4.533928e-10
4.5297624e-10
4.4901788e-10
4.5476195e-10
4.516964e-10
4.5125004e-10
4.5443449e-10
4.5080359e-10
4.5315476e-10
4.491964e-10
4.5395832e-10
4.5392859e-10
4.5288687e-10
4.4952381e-10
4.4764881e-10
4.5449405e-10
4.5267862e-10
4.5360118e-10
4.5386903e-10
4.5357146e-10
4.521131e-10
4.5464285e-10
4.5514881e-10
4.4669643e-10
4.5443455e-10
4.5214282e-10
4.521726e-10
4.5142856e-10
4.5288687e-10
4.5133927e-10
4.5008927e-10
4.5217266e-10
4.5077381e-10
4.5116066e-10
4.4735118e-10
4.5318449e-10
4.4571427e-10
4.4994053e-10
4.5327378e-10
4.4178566e-10
4.5458334e-10
4.5130946e-10
4.481846e-10
4.5133924e-10
4.4863094e-10
4.4708331e-10
4.5636908e-10
4.4895834e-10
4.5095239e-10
4.5270834e-10
4.4925597e-10
4.4910711e-10
4.4654763e-10
4.5074408e-10
4.5017862e-10
4.4982137e-10
4.4389883e-10
4.4791668e-10
4.4752976e-10
4.5157739e-10
4.5214282e-10
4.4860116e-10
4.5330359e-10
4.4773815e-10
4.487499e-10
4.5142853e-10
4.5419646e-10
4.5214282e-10
4.497917e-10
4.5693452e-10
4.4485121e-10
4.533631e-10
4.5425602e-10
4.4708334e-10
4.5065479e-10
4.508631e-10
4.5738094e-10
4.4943452e-10
4.5264884e-10
4.5241072e-10
4.5151785e-10
4.4625001e-10
4.5654761e-10
4.5148804e-10
4.4883927e-10
4.5110121e-10
4.4895834e-10
4.4970236e-10
4.5223211e-10
4.5026785e-10
4.5023815e-10
4.504464e-10
4.5130946e-10
4.465476e-10
4.5639881e-10
4.4616069e-10
4.4997023e-10
4.5053575e-10
4.4324408e-10
4.5011905e-10
4.4794643e-10
4.5226184e-10
4.4788689e-10
4.5077378e-10
4.4770829e-10
4.5000004e-10
4.4785708e-10
4.5172618e-10
4.4940479e-10
4.5199405e-10
4.4889878e-10
4.4514881e-10
4.4830356e-10
4.4991075e-10
4.5336307e-10
4.4901788e-10
4.4595236e-10
4.5669643e-10
4.4880955e-10
4.4776788e-10
4.5446427e-10
4.4687501e-10
4.4749998e-10
4.5125001e-10
4.4413692e-10
4.5238091e-10
4.4940471e-10
4.5035714e-10
4.4571435e-10
4.4741069e-10
4.4791668e-10
4.4973211e-10
4.511905e-10
4.4499998e-10
4.5520837e-10
4.4654763e-10
4.5705348e-10
4.4583334e-10
4.5086312e-10
4.5238099e-10
4.4476195e-10
4.4211307e-10
4.5523812e-10
4.4553566e-10
4.4610118e-10
4.5178566e-10
4.4872026e-10
4.4580353e-10
4.5511903e-10
4.5116072e-10
4.5285709e-10
4.4982137e-10
4.4413695e-10
4.5020829e-10
4.5199408e-10
4.4380957e-10
4.5625007e-10
4.4529763e-10
4.4818455e-10
4.552381e-10
4.5157736e-10
4.4755954e-10
4.5327378e-10
4.4955353e-10
4.419643e-10
4.5157739e-10
4.550893e-10
4.5568446e-10
4.5026785e-10
4.496726e-10
4.4642859e-10
4.5017862e-10
4.4752979e-10
4.4869045e-10
4.4752976e-10
4.5235121e-10
4.5068452e-10
4.5327381e-10
4.5154766e-10
4.5029763e-10
4.5080353e-10
4.4785711e-10
4.5482149e-10
4.4133927e-10
4.5708332e-10
4.5002982e-10
4.4979165e-10
4.5232143e-10
4.499108e-10
4.5580356e-10
4.4401777e-10
4.5187504e-10
4.5434523e-10
4.5249995e-10
4.480952e-10
4.5562504e-10
4.5339288e-10
4.5122017e-10
4.5095233e-10
4.5127974e-10
4.4678578e-10
4.5886905e-10
4.5038689e-10
4.4699405e-10
4.522322e-10
4.4717266e-10
4.5130946e-10
4.5342261e-10
4.4800599e-10
4.4470239e-10
4.4991075e-10
4.4717263e-10
4.5050599e-10
4.3997017e-10
4.4735116e-10
4.5071427e-10
4.4812504e-10
4.5023812e-10
4.4854165e-10
4.4663689e-10
4.5023807e-10
4.4806545e-10
4.5306553e-10
4.4848214e-10
4.4464285e-10
4.5702381e-10
4.5300597e-10
4.4660706e-10
4.5312504e-10
4.4380957e-10
4.5151785e-10
4.5035722e-10
4.4589285e-10
4.5770837e-10
4.5041665e-10
4.4300594e-10
4.5005949e-10
4.4880949e-10
4.48869e-10
4.5303575e-10
4.4836307e-10
4.4818455e-10
4.5139883e-10
4.4880949e-10
4.4773807e-10
4.5095247e-10
4.4895834e-10
4.4869053e-10
4.4663692e-10
4.5443455e-10
4.5086312e-10
4.4330356e-10
4.497917e-10
4.4705356e-10
4.5154763e-10
4.5288684e-10
4.4110113e-10
4.5002974e-10
4.539881e-10
4.421131e-10
4.4800599e-10
4.4815479e-10
4.4982143e-10
4.4437495e-10
4.5556559e-10
4.4970236e-10
4.4553572e-10
4.5282741e-10
4.5113094e-10
4.4541662e-10
4.5321427e-10
4.4782747e-10
4.4741075e-10
4.5080353e-10
4.4747026e-10
4.4892856e-10
4.5226189e-10
4.4175597e-10
4.4857143e-10
4.5130952e-10
4.4934523e-10
4.521131e-10
4.4973211e-10
4.5008924e-10
4.4922618e-10
4.466072e-10
4.5193457e-10
4.448214e-10
4.5053575e-10
4.5005955e-10
4.5252979e-10
4.5610116e-10
4.539881e-10
4.4508935e-10
4.5107149e-10
4.4836312e-10
4.5666665e-10
4.5276785e-10
4.4705356e-10
4.5431547e-10
4.4898807e-10
4.4788689e-10
4.4925591e-10
4.4976192e-10
4.4940471e-10
4.4892856e-10
4.4687501e-10
4.5285714e-10
4.4937501e-10
4.4708334e-10
4.4747026e-10
4.4535714e-10
4.5255943e-10
4.505655e-10
4.5041665e-10
4.433631e-10
4.5086304e-10
4.4285708e-10
4.5473217e-10
4.4794643e-10
4.4500006e-10
4.4967263e-10
4.4770837e-10
4.4267853e-10
4.5008927e-10
4.4976195e-10
4.5270834e-10
4.496131e-10
4.4684528e-10
4.4645831e-10
4.4708331e-10
4.521131e-10
4.4651782e-10
4.5145834e-10
4.5000004e-10
4.4886905e-10
4.5517859e-10
4.4107143e-10
4.4883924e-10
4.5428572e-10
4.3994047e-10
4.5267862e-10
4.4913689e-10
4.533631e-10
4.483334e-10
4.4619047e-10
4.5413692e-10
4.4654763e-10
4.5083332e-10
4.5297624e-10
4.4735118e-10
4.4500001e-10
4.5023812e-10
4.5276785e-10
4.4833331e-10
4.5369047e-10
4.4232148e-10
4.4860116e-10
4.4857137e-10
4.4910717e-10
4.4702383e-10
4.50119e-10
4.4511908e-10
4.4928569e-10
4.5041665e-10
4.5229168e-10
4.4616066e-10
4.4883927e-10
4.4699405e-10
4.4958332e-10
4.4988097e-10
4.4857143e-10
4.4514881e-10
4.497917e-10
4.4869047e-10
4.4788689e-10
4.5315479e-10
4.4538689e-10
4.469643e-10
4.5238091e-10
4.4684523e-10
4.5056547e-10
4.5047616e-10
4.4604168e-10
4.4687501e-10
4.5276785e-10
4.5127976e-10
4.4770831e-10
4.4470244e-10
4.4943452e-10
4.454167e-10
4.4565482e-10
4.5559531e-10
4.4372028e-10
4.4473211e-10
4.4586307e-10
4.519643e-10
4.4464288e-10
4.4586315e-10
4.4836312e-10
4.4458334e-10
4.4083331e-10
4.5065479e-10
4.5214282e-10
4.4455359e-10
4.4660714e-10
4.5568452e-10
4.3937501e-10
4.5398818e-10
4.5077381e-10
4.4601187e-10
4.4857143e-10
4.4729173e-10
4.4735124e-10
4.5235121e-10
4.441667e-10
4.4666665e-10
4.4494047e-10
4.4812501e-10
4.5279763e-10
4.4372028e-10
4.4616075e-10
4.4955359e-10
4.4363099e-10
4.4241072e-10
4.5282741e-10
4.4517853e-10
4.5080353e-10
4.4764881e-10
4.4217266e-10
4.5398804e-10
4.4345239e-10
4.4738097e-10
4.4818452e-10
4.4949411e-10
4.4360118e-10
4.4952381e-10
4.460714e-10
4.4690482e-10
4.4755957e-10
4.5291668e-10
4.4318457e-10
4.5401785e-10
4.4428575e-10
4.5074408e-10
4.5104165e-10
4.4812504e-10
4.4651779e-10
4.4520831e-10
4.4636903e-10
4.4812501e-10
4.4821424e-10
4.4639881e-10
4.4586307e-10
4.4690479e-10
4.4845241e-10
4.4898807e-10
4.407143e-10
4.447322e-10
4.4681545e-10
4.5226189e-10
4.4294646e-10
4.5098214e-10
4.4770831e-10
4.4547616e-10
4.5065479e-10
4.4505952e-10
4.4357146e-10
4.5422616e-10
4.4163687e-10
4.522322e-10
4.4553566e-10
4.463393e-10
4.4836312e-10
4.5139878e-10
4.4375001e-10
4.4883927e-10
4.5208332e-10
4.4574405e-10
4.4526788e-10
4.5354168e-10
4.4648812e-10
4.4982143e-10
4.4624998e-10
4.4889886e-10
4.5229168e-10
4.4485118e-10
4.4401782e-10
4.4937498e-10
4.4889878e-10
4.4794649e-10
4.4985113e-10
4.4574405e-10
4.5065471e-10
4.5184526e-10
4.4866075e-10
4.4988097e-10
4.4270831e-10
4.5160714e-10
4.5252974e-10
4.4553572e-10
4.4761908e-10
4.5047616e-10
4.4321427e-10
4.5360118e-10
4.4895837e-10
4.4458334e-10
4.4770829e-10
4.5270832e-10
4.4657733e-10
4.4369047e-10
4.4723214e-10
4.4866075e-10
4.4657741e-10
4.4300594e-10
4.5011897e-10
4.4770837e-10
4.5327381e-10
4.4616075e-10
4.4836307e-10
4.5288687e-10
4.4315476e-10
4.5127976e-10
4.4684523e-10
4.4979165e-10
4.4547621e-10
4.490476e-10
4.4428572e-10
4.4982146e-10
4.4446427e-10
4.4770831e-10
4.4812504e-10
4.4583334e-10
4.4565474e-10
4.5309526e-10
4.4354168e-10
4.4383924e-10
4.4919646e-10
4.4538692e-10
4.4866075e-10
4.4520826e-10
4.4874998e-10
4.4586307e-10
4.466964e-10
4.4535714e-10
4.4175597e-10
4.4732137e-10
4.4964285e-10
4.4258933e-10
4.4895829e-10
4.4711312e-10
4.4994053e-10
4.4247031e-10
4.4363097e-10
4.5458337e-10
4.4119045e-10
4.5217266e-10
4.4446427e-10
4.4348211e-10
4.5053566e-10
4.4803572e-10
4.463393e-10
4.4684523e-10
4.5122023e-10
4.4473211e-10
4.424405e-10
4.4851192e-10
4.4711307e-10
4.448214e-10
4.4922618e-10
4.4529763e-10
4.5154766e-10
4.4440476e-10
4.4967263e-10
4.4830356e-10
4.4610118e-10
4.477976e-10
4.4624998e-10
4.450893e-10
4.441667e-10
4.5008927e-10
4.4913689e-10
4.4267856e-10
4.5029763e-10
4.4604168e-10
4.4839285e-10
4.4815479e-10
4.4547621e-10
4.479464e-10
4.4785717e-10
4.4642853e-10
4.4943457e-10
4.5178569e-10
4.5062501e-10
4.4764881e-10
4.4351195e-10
4.5306553e-10
4.4916668e-10
4.4619047e-10
4.4681542e-10
4.4958334e-10
4.4252979e-10
4.4985116e-10
4.4866066e-10
4.4494047e-10
4.497322e-10
4.5074403e-10
4.4574411e-10
4.4669643e-10
4.4101192e-10
4.4755949e-10
4.5318449e-10
4.4485121e-10
4.4770831e-10
4.5000004e-10
4.4422629e-10
4.5288692e-10
4.4538689e-10
4.5395834e-10
4.4348217e-10
4.4651788e-10
4.4261905e-10
4.4711307e-10
4.4476189e-10
4.4583337e-10
4.5077381e-10
4.4351189e-10
4.4514886e-10
4.491072e-10
4.4455356e-10
4.4988094e-10
4.4324405e-10
4.48869e-10
4.4386908e-10
4.4148807e-10
4.5163687e-10
4.3851192e-10
4.4803572e-10
4.4788684e-10
4.4258924e-10
4.4351189e-10
4.469643e-10
4.3553566e-10
4.5247023e-10
4.380655e-10
4.4645831e-10
4.4937498e-10
4.3901785e-10
4.5169651e-10
4.4446433e-10
4.4886905e-10
4.4925591e-10
4.4470236e-10
4.5098211e-10
4.5002976e-10
4.4375006e-10
4.4708331e-10
4.4693452e-10
4.4526788e-10
4.4065471e-10
4.5285714e-10
4.4264881e-10
4.4398812e-10
4.5255955e-10
4.3752976e-10
4.5452378e-10
4.419643e-10
4.4473211e-10
4.4764881e-10
4.3681544e-10
4.475893e-10
4.5526788e-10
4.450893e-10
4.4565476e-10
4.4866072e-10
4.433631e-10
4.5193455e-10
4.4351195e-10
4.4416662e-10
4.4446424e-10
4.4062501e-10
4.4946424e-10
4.469643e-10
4.4142853e-10
4.5377974e-10
4.3940473e-10
4.4976192e-10
4.4702383e-10
4.4104165e-10
4.4788692e-10
4.4999998e-10
4.4413687e-10
4.4535714e-10
4.4729165e-10
4.3976192e-10
4.4922618e-10
4.4181547e-10
4.4369047e-10
4.4818466e-10
4.4699405e-10
4.4738094e-10
4.4297616e-10
4.491964e-10
4.4806542e-10
4.468155e-10
4.4068452e-10
4.4196427e-10
4.5113091e-10
4.4467252e-10
4.4532739e-10
4.5127976e-10
4.4077381e-10
4.4714282e-10
4.454167e-10
4.4663689e-10
4.4949408e-10
4.4235118e-10
4.4869047e-10
4.5083337e-10
4.4122023e-10
4.4526791e-10
4.484822e-10
4.4255952e-10
4.4964285e-10
4.4687504e-10
4.3991072e-10
4.4616069e-10
4.5017856e-10
4.4217266e-10
4.4419643e-10
4.5250004e-10
4.4401785e-10
4.4488091e-10
4.4464285e-10
4.4788689e-10
4.4125004e-10
4.4764886e-10
4.4931547e-10
4.4330351e-10
4.5068452e-10
4.4666665e-10
4.4122025e-10
4.4660711e-10
4.4285717e-10
4.484822e-10
4.477976e-10
4.4440474e-10
4.4833326e-10
4.4645837e-10
4.4973214e-10
4.4437504e-10
4.5032736e-10
4.4830353e-10
4.4824405e-10
4.450893e-10
4.4160714e-10
4.4934523e-10
4.4598217e-10
4.4473211e-10
4.4571427e-10
4.3943452e-10
4.4309525e-10
4.468155e-10
4.4589285e-10
4.5190476e-10
4.4288692e-10
4.4601187e-10
4.4437504e-10
4.4651791e-10
4.4562501e-10
4.4110124e-10
4.4089291e-10
4.4619047e-10
4.4586312e-10
4.4880955e-10
4.4723217e-10
4.466667e-10
4.4877982e-10
4.452084e-10
4.4574405e-10
4.4892856e-10
4.4514875e-10
4.4193449e-10
4.4327378e-10
4.4907739e-10
4.4461307e-10
4.4705356e-10
4.4651788e-10
4.464881e-10
4.4083331e-10
4.4523804e-10
4.4497028e-10
4.4431547e-10
4.4449405e-10
4.4604165e-10
4.4770837e-10
4.4824403e-10
4.4690479e-10
4.4654755e-10
4.4488091e-10
4.439881e-10
4.4726192e-10
4.4741075e-10
4.4744053e-10
4.449405e-10
4.4699403e-10
4.454464e-10
4.4238091e-10
4.4845241e-10
4.4931547e-10
4.4336307e-10
4.452976e-10
4.480655e-10
4.4559523e-10
4.4470236e-10
4.4083331e-10
4.4747026e-10
4.3976187e-10
4.4949403e-10
4.5089282e-10
4.3693446e-10
4.4654769e-10
4.4815474e-10
4.4547616e-10
4.4553572e-10
4.4336307e-10
4.4824405e-10
4.4580356e-10
4.463393e-10
4.4279763e-10
4.4833331e-10
4.4601189e-10
4.4738094e-10
4.4583334e-10
4.4080359e-10
4.525893e-10
4.4214282e-10
4.4663689e-10
4.5181542e-10
4.4729159e-10
4.480655e-10
4.446726e-10
4.5053569e-10
4.4404763e-10
4.5723217e-10
4.4642853e-10
4.4514881e-10
4.4264881e-10
4.4803569e-10
4.493452e-10
4.4401785e-10
4.4818443e-10
4.4166665e-10
4.5238099e-10
4.4470244e-10
4.4431545e-10
4.4803572e-10
4.4267853e-10
4.4363097e-10
4.4997023e-10
4.4446427e-10
4.4633927e-10
4.4943452e-10
4.4636903e-10
4.4589285e-10
4.4235118e-10
4.4842263e-10
4.4520831e-10
4.4312495e-10
4.4157736e-10
4.4377971e-10
4.4407736e-10
4.3943452e-10
4.4625001e-10
4.454167e-10
4.4410714e-10
4.4148815e-10
4.4532741e-10
4.4122025e-10
4.4625001e-10
4.4122023e-10
4.4080359e-10
4.4934523e-10
4.4580356e-10
4.4083329e-10
4.4291673e-10
4.4907739e-10
4.4116066e-10
4.4601195e-10
4.4241072e-10
4.4607146e-10
4.4413692e-10
4.4354162e-10
4.4053569e-10
4.477678e-10
4.4273804e-10
4.4553575e-10
4.4848214e-10
4.4247028e-10
4.4839285e-10
4.4708334e-10
4.4467258e-10
4.4604173e-10
4.4279758e-10
4.4523812e-10
4.461905e-10
4.4440474e-10
4.479464e-10
4.48869e-10
4.3943457e-10
4.4389881e-10
4.4854165e-10
4.4639881e-10
4.4529755e-10
4.4360118e-10
4.485417e-10
4.4321427e-10
4.4672621e-10
4.4505952e-10
4.4458337e-10
4.4348211e-10
4.4511908e-10
4.4520831e-10
4.3386908e-10
4.496131e-10
4.441667e-10
4.4032736e-10
4.3988096e-10
4.4389881e-10
4.4389881e-10
4.4351189e-10
4.4699403e-10
4.421131e-10
4.4785717e-10
4.3949408e-10
4.4714285e-10
4.4613097e-10
4.4428575e-10
4.4208331e-10
4.5092263e-10
4.4398812e-10
4.3928569e-10
4.4720241e-10
4.4309528e-10
4.4074402e-10
4.5205364e-10
4.4089291e-10
4.446131e-10
4.4776791e-10
4.3401785e-10
4.4866072e-10
4.375893e-10
4.4428572e-10
4.496726e-10
4.3541665e-10
4.4434523e-10
4.4282741e-10
4.4002982e-10
4.5014883e-10
4.4199405e-10
4.4339282e-10
4.4452383e-10
4.4410714e-10
4.4520837e-10
4.4041665e-10
4.4178577e-10
4.4282741e-10
4.4979165e-10
4.4190479e-10
4.4633935e-10
4.4717266e-10
4.4455351e-10
4.4416665e-10
4.4214288e-10
4.4574405e-10
4.4285714e-10
4.4877974e-10
4.4342266e-10
4.4065471e-10
4.4702381e-10
4.4586307e-10
4.4041665e-10
4.4812493e-10
4.4270834e-10
4.4300597e-10
4.4821433e-10
4.4782739e-10
4.3973214e-10
4.4517853e-10
4.479464e-10
4.4369047e-10
4.5229162e-10
4.4244045e-10
4.4589285e-10
4.4101189e-10
4.4267856e-10
4.4550599e-10
4.3940479e-10
4.4508924e-10
4.4747026e-10
4.3613091e-10
4.4880949e-10
4.4761908e-10
4.446726e-10
4.4547621e-10
4.4330359e-10
4.4544643e-10
4.4633927e-10
4.3970236e-10
4.447322e-10
4.4285717e-10
4.4744047e-10
4.4163689e-10
4.4505943e-10
4.4532739e-10
4.4562504e-10
4.4702383e-10
4.4199405e-10
4.5095239e-10
4.4333331e-10
4.4294651e-10
4.4339282e-10
4.4592263e-10
4.4377982e-10
4.4065476e-10
4.4294646e-10
4.4434531e-10
4.4389881e-10
4.390476e-10
4.4145834e-10
4.474702e-10
4.3874998e-10
4.4267856e-10
4.4586304e-10
4.4089288e-10
4.3886905e-10
4.475893e-10
4.3842258e-10
4.4598208e-10
4.3973211e-10
4.4255946e-10
4.4976192e-10
4.4178569e-10
4.4306545e-10
4.4431547e-10
4.3613096e-10
4.4761905e-10
4.4401785e-10
4.3473211e-10
4.4833334e-10
4.3773807e-10
4.453572e-10
4.4273807e-10
4.3883927e-10
4.4327386e-10
4.3964285e-10
4.34494e-10
4.4136911e-10
4.4955359e-10
4.4044646e-10
4.4124995e-10
4.4407736e-10
4.390476e-10
4.5095239e-10
4.333631e-10
4.4199408e-10
4.4863102e-10
4.4068452e-10
4.4922621e-10
4.3770837e-10
4.4244045e-10
4.4214288e-10
4.4133927e-10
4.4401791e-10
4.4130952e-10
4.4532739e-10
4.3925599e-10
4.4869045e-10
4.4369056e-10
4.3985121e-10
4.4812501e-10
4.4181547e-10
4.4440476e-10
4.4086312e-10
4.4538689e-10
4.4056547e-10
4.4122025e-10
4.4505957e-10
4.4205359e-10
4.4125001e-10
4.4235121e-10
4.4720236e-10
4.434822e-10
4.4264883e-10
4.4422621e-10
4.4071435e-10
4.4886905e-10
4.4291668e-10
4.430952e-10
4.4821424e-10
4.4226189e-10
4.4267853e-10
4.4092263e-10
4.4562501e-10
4.4047618e-10
4.4601189e-10
4.3889878e-10
4.3714282e-10
4.4178569e-10
4.4627971e-10
4.4389875e-10
4.4258924e-10
4.4053575e-10
4.4196427e-10
4.4812501e-10
4.4127973e-10
4.508631e-10
4.3779766e-10
4.4485118e-10
4.4264881e-10
4.4535711e-10
4.4422616e-10
4.489881e-10
4.4491064e-10
4.4041668e-10
4.4750004e-10
4.4598214e-10
4.3461307e-10
4.4752976e-10
4.4217266e-10
4.4889883e-10
4.4041665e-10
4.4196422e-10
4.4985121e-10
4.3452386e-10
4.438393e-10
4.4395831e-10
4.3500006e-10
4.4874995e-10
4.405952e-10
4.3925596e-10
4.4360118e-10
4.4395831e-10
4.4889883e-10
4.3991075e-10
4.4330356e-10
4.4235121e-10
4.4470239e-10
4.4732143e-10
4.4508935e-10
4.4383933e-10
4.4952375e-10
4.4372023e-10
4.432143e-10
4.4220233e-10
4.4812501e-10
4.4041673e-10
4.4309517e-10
4.4726192e-10
4.4619042e-10
4.416964e-10
4.4389875e-10
4.38869e-10
4.4398812e-10
4.4074402e-10
4.4580362e-10
4.4744047e-10
4.4630952e-10
4.4333329e-10
4.4586312e-10
4.4562495e-10
4.3702375e-10
4.4800591e-10
4.3776788e-10
4.4627971e-10
4.4413687e-10
4.4348217e-10
4.4226189e-10
4.4127976e-10
4.4836304e-10
4.3907736e-10
4.4190479e-10
4.449405e-10
4.3946424e-10
4.4580362e-10
4.4672621e-10
4.4101189e-10
4.4842263e-10
4.4437506e-10
4.422917e-10
4.4550591e-10
4.4238094e-10
4.3827381e-10
4.4791668e-10
4.4020834e-10
4.3892856e-10
4.4886908e-10
4.3937501e-10
4.4247023e-10
4.4720241e-10
4.4175597e-10
4.4360113e-10
4.477976e-10
4.3785719e-10
4.4145829e-10
4.4476187e-10
4.4187498e-10
4.3886908e-10
4.4749998e-10
4.3416665e-10
4.4428566e-10
4.4223217e-10
4.3386902e-10
4.4068452e-10
4.461905e-10
4.4130952e-10
4.4101192e-10
4.4160714e-10
4.4491069e-10
4.4104165e-10
4.4681542e-10
4.4187504e-10
4.4276791e-10
4.3994045e-10
4.4163687e-10
4.4333331e-10
4.4300602e-10
4.4458334e-10
4.4068452e-10
4.4285717e-10
4.3988094e-10
4.4005949e-10
4.4083331e-10
4.4288692e-10
4.4395831e-10
4.4366069e-10
4.4110116e-10
4.3809528e-10
4.4229168e-10
4.3907739e-10
4.3836312e-10
4.4279763e-10
4.3964285e-10
4.4297616e-10
4.4458337e-10
4.4752979e-10
4.377976e-10
4.4163687e-10
4.4327381e-10
4.3794643e-10
4.4136902e-10
4.4857143e-10
4.4386908e-10
4.3860121e-10
4.4806542e-10
4.3434525e-10
4.4636903e-10
4.4345244e-10
4.389881e-10
4.5175591e-10
4.4002976e-10
4.3943452e-10
4.4922613e-10
4.4181547e-10
4.4315476e-10
4.4601189e-10
4.3654763e-10
4.4511911e-10
4.4252979e-10
4.385417e-10
4.4687501e-10
4.3928569e-10
4.405655e-10
4.4300594e-10
4.3967263e-10
4.4425597e-10
4.4038695e-10
4.4497023e-10
4.4333329e-10
4.38869e-10
4.422917e-10
4.4577378e-10
4.4482146e-10
4.4571427e-10
4.4032739e-10
4.4205359e-10
4.434822e-10
4.4505949e-10
4.397917e-10
4.4339288e-10
4.3797613e-10
4.4559523e-10
4.3931547e-10
4.4330356e-10
4.3934523e-10
4.4833334e-10
4.3470236e-10
4.5205359e-10
4.3863088e-10
4.4020834e-10
4.4473217e-10
4.4574405e-10
4.4419643e-10
4.4205359e-10
4.380952e-10
4.4380952e-10
4.4919649e-10
4.3904766e-10
4.4833326e-10
4.4229162e-10
4.4145829e-10
4.3913689e-10
4.4511902e-10
4.4339288e-10
4.4595244e-10
4.4235121e-10
4.470834e-10
4.4526782e-10
4.3592266e-10
4.4214282e-10
4.4666676e-10
4.3958334e-10
4.4211315e-10
4.4455359e-10
4.4345239e-10
4.4553572e-10
4.4119045e-10
4.4074408e-10
4.5312498e-10
4.4157739e-10
4.3806542e-10
4.4898815e-10
4.405952e-10
4.4130954e-10
4.4925591e-10
4.3633927e-10
4.4538692e-10
4.4080359e-10
4.4494042e-10
4.4687495e-10
4.3812495e-10
4.5104165e-10
4.4416665e-10
4.4020837e-10
4.4038689e-10
4.4913689e-10
4.3502973e-10
4.4997026e-10
4.366667e-10
4.4815479e-10
4.4672616e-10
4.4044637e-10
4.4598217e-10
4.4190476e-10
4.4380949e-10
4.4410714e-10
4.4020837e-10
4.5059526e-10
4.4074408e-10
4.4366072e-10
4.4193454e-10
4.4300597e-10
4.4785711e-10
4.3776788e-10
4.4366072e-10
4.4407736e-10
4.436905e-10
4.3714282e-10
4.5020829e-10
4.468155e-10
4.419643e-10
4.4315479e-10
4.4276785e-10
4.4110121e-10
4.4726187e-10
4.4267856e-10
4.434822e-10
4.4035714e-10
4.4437495e-10
4.4752979e-10
4.4026788e-10
4.4497023e-10
4.4470239e-10
4.3705362e-10
4.5035714e-10
4.3928572e-10
4.4514886e-10
4.5074408e-10
4.390476e-10
4.490476e-10
4.4285714e-10
4.4330356e-10
4.4505952e-10
4.4428572e-10
4.411905e-10
4.4491072e-10
4.4797613e-10
4.4485121e-10
4.4255952e-10
4.479464e-10
4.4327381e-10
4.4461301e-10
4.4348211e-10
4.4532739e-10
4.4282741e-10
4.4845236e-10
4.3922621e-10
4.4571424e-10
4.4434531e-10
4.394643e-10
4.4404763e-10
4.4889886e-10
4.3943457e-10
4.4547616e-10
4.4178569e-10
4.3931547e-10
4.5017856e-10
4.3669643e-10
4.4125001e-10
4.4446427e-10
4.3657739e-10
4.4363091e-10
4.4056542e-10
4.4297618e-10
4.4377974e-10
4.3892859e-10
4.3886905e-10
4.4517862e-10
4.4401785e-10
4.4610118e-10
4.4330359e-10
4.4351189e-10
4.377084e-10
4.4782739e-10
4.4062493e-10
4.4312506e-10
4.4449405e-10
4.4178569e-10
4.4651782e-10
4.4589285e-10
4.4264883e-10
4.4761905e-10
4.4288692e-10
4.3955359e-10
4.4964277e-10
4.4080359e-10
4.4806545e-10
4.4360113e-10
4.4580353e-10
4.4151779e-10
4.4428572e-10
4.4839285e-10
4.4333331e-10
4.4160714e-10
4.5104165e-10
4.461905e-10
4.4812495e-10
4.4449405e-10
4.4151779e-10
4.4505952e-10
4.4550599e-10
4.4723217e-10
4.4425594e-10
4.4264881e-10
4.433631e-10
4.4413692e-10
4.4497023e-10
4.4181556e-10
4.4282741e-10
4.4434526e-10
4.452976e-10
4.4958334e-10
4.4869047e-10
4.4053569e-10
4.452381e-10
4.4264875e-10
4.4562501e-10
4.4071427e-10
4.4297616e-10
4.4413687e-10
4.4300597e-10
4.4229168e-10
4.4476187e-10
4.4080359e-10
4.3830356e-10
4.4949408e-10
4.396131e-10
4.4196427e-10
4.4303566e-10
4.4193449e-10
4.4952381e-10
4.3574405e-10
4.4095241e-10
4.4619042e-10
4.4023807e-10
4.4300594e-10
4.4925599e-10
4.4193454e-10
4.4565476e-10
4.4526788e-10
4.4366069e-10
4.4196427e-10
4.4672616e-10
4.4321427e-10
4.4005954e-10
4.5205356e-10
4.3666665e-10
4.4205359e-10
4.4577378e-10
4.421131e-10
4.4907739e-10
4.4050597e-10
4.4074402e-10
4.452976e-10
4.4244053e-10
4.4967263e-10
4.4377979e-10
4.4449405e-10
4.4232143e-10
4.4285708e-10
4.4833331e-10
4.4565476e-10
4.3943457e-10
4.4702383e-10
4.470834e-10
4.4157736e-10
4.4116072e-10
4.4142853e-10
4.4752976e-10
4.4214288e-10
4.4803572e-10
4.3708334e-10
4.4032739e-10
4.4550591e-10
4.4020826e-10
4.4559523e-10
4.43244e-10
4.365476e-10
4.4854159e-10
4.4023807e-10
4.4321427e-10
4.4782739e-10
4.4583337e-10
4.4836312e-10
4.3752976e-10
4.4541665e-10
4.3654763e-10
4.4425594e-10
4.4249995e-10
4.4193454e-10
4.4455351e-10
4.453572e-10
4.3785711e-10
4.4282741e-10
4.4851187e-10
4.4431545e-10
4.4303566e-10
4.36369e-10
4.4056542e-10
4.4577392e-10
4.4514872e-10
4.3857143e-10
4.450893e-10
4.3785719e-10
4.4279763e-10
4.4595239e-10
4.4610118e-10
4.4690479e-10
4.455655e-10
4.3943452e-10
4.4175602e-10
4.4848208e-10
4.4023801e-10
4.4616075e-10
4.4273812e-10
4.4437495e-10
4.4485118e-10
4.4023812e-10
4.4568452e-10
4.4273804e-10
4.3937501e-10
4.4333331e-10
4.4157744e-10
4.4375001e-10
4.4488097e-10
4.3571433e-10
4.491964e-10
4.3711315e-10
4.4422621e-10
4.4172618e-10
4.4279763e-10
4.4434526e-10
4.3788689e-10
4.4726195e-10
4.439881e-10
4.4190476e-10
4.3976195e-10
4.4568452e-10
4.4684517e-10
4.3991072e-10
4.4491072e-10
4.3788689e-10
4.464584e-10
4.4660711e-10
4.4464285e-10
4.3642853e-10
4.4494047e-10
4.4095233e-10
4.4738097e-10
4.4127982e-10
4.4288692e-10
4.4723217e-10
4.421131e-10
4.4494047e-10
4.4857146e-10
4.4303575e-10
4.4577383e-10
4.4098214e-10
4.4711307e-10
4.4145829e-10
4.4392859e-10
4.4687501e-10
4.3970236e-10
4.4687504e-10
4.4098211e-10
4.4559531e-10
4.4339293e-10
4.3970236e-10
4.3705356e-10
4.4880955e-10
4.4226189e-10
4.4065471e-10
4.4678572e-10
4.3842258e-10
4.3976187e-10
4.4627971e-10
4.4383933e-10
4.4485118e-10
4.4538692e-10
4.4023807e-10
4.4797618e-10
4.4122025e-10
4.44494e-10
4.465476e-10
4.3744047e-10
4.4193454e-10
4.480655e-10
4.4187498e-10
4.4127976e-10
4.4330359e-10
4.3970236e-10
4.5050588e-10
4.393452e-10
4.4113099e-10
4.4547621e-10
4.4136902e-10
4.4080353e-10
4.4330356e-10
4.3702383e-10
4.4910711e-10
4.3785711e-10
4.4336307e-10
4.3937506e-10
4.4235121e-10
4.4949403e-10
4.407143e-10
4.4544649e-10
4.3651788e-10
4.3949402e-10
4.4199405e-10
4.3883927e-10
4.418452e-10
4.4133924e-10
4.4464288e-10
4.3895834e-10
4.453572e-10
4.3842269e-10
4.4285717e-10
4.3863088e-10
4.4657741e-10
4.3866072e-10
4.4169637e-10
4.4491077e-10
4.3994045e-10
4.3964282e-10
4.3982143e-10
4.3544643e-10
4.4791668e-10
4.4175591e-10
4.3916668e-10
4.4654755e-10
4.3872025e-10
4.4175597e-10
4.4437495e-10
4.430952e-10
4.3979165e-10
4.3744047e-10
4.4636903e-10
4.4104165e-10
4.4529763e-10
4.4309525e-10
4.4461301e-10
4.4229162e-10
4.4208331e-10
4.3226184e-10
4.4446427e-10
4.4363097e-10
4.3925596e-10
4.4476195e-10
4.4125001e-10
4.3910703e-10
4.4440476e-10
4.4306547e-10
4.437202e-10
4.4241072e-10
4.404464e-10
4.4598222e-10
4.3863094e-10
4.4660711e-10
4.4348211e-10
4.4389875e-10
4.4279758e-10
4.4684523e-10
4.479464e-10
4.3883933e-10
4.452381e-10
4.4339282e-10
4.4255954e-10
4.3958331e-10
4.4717263e-10
4.4074402e-10
4.4440476e-10
4.4312495e-10
4.4282736e-10
4.433631e-10
4.4711312e-10
4.3851192e-10
4.490476e-10
4.4624998e-10
4.3684517e-10
4.495834e-10
4.4238099e-10
4.430952e-10
4.4505957e-10
4.3964291e-10
4.4190476e-10
4.4586315e-10
4.3663692e-10
4.408631e-10
4.4443449e-10
4.4139878e-10
4.4187498e-10
4.4491072e-10
4.4023812e-10
4.4297618e-10
4.4184525e-10
4.4235121e-10
4.4074408e-10
4.4187498e-10
4.4294646e-10
4.3952381e-10
4.4678572e-10
4.403273e-10
4.4354168e-10
4.4619042e-10
4.389881e-10
4.4113094e-10
4.4178575e-10
4.4261905e-10
4.3669643e-10
4.4842263e-10
4.3550591e-10
4.4592263e-10
4.4374993e-10
4.4428572e-10
4.4345233e-10
4.4741075e-10
4.3961312e-10
4.4767864e-10
4.394643e-10
4.4482146e-10
4.4687495e-10
4.4032739e-10
4.4160717e-10
4.4404755e-10
4.4336307e-10
4.4624998e-10
4.3735116e-10
4.4755957e-10
4.4517853e-10
4.3729168e-10
4.4869045e-10
4.4491069e-10
4.4130952e-10
4.5193449e-10
4.3660714e-10
4.4419637e-10
4.4151785e-10
4.4175597e-10
4.4187504e-10
4.3514886e-10
4.4226192e-10
4.4785717e-10
4.3627971e-10
4.4690479e-10
4.3907739e-10
4.3994039e-10
4.4148812e-10
4.4169646e-10
4.3866072e-10
4.4526788e-10
4.3723214e-10
4.4553572e-10
4.4395826e-10
4.44494e-10
4.4261902e-10
4.3857146e-10
4.466964e-10
4.3857146e-10
4.4008933e-10
4.4151793e-10
4.4119045e-10
4.4333329e-10
4.4264881e-10
4.4220239e-10
4.4053575e-10
4.3922618e-10
4.41994e-10
4.4351195e-10
4.4193449e-10
4.4544649e-10
4.4074402e-10
4.4357135e-10
4.504464e-10
4.4050597e-10
4.4223211e-10
4.4348208e-10
4.4157736e-10
4.4032736e-10
4.4348208e-10
4.4374993e-10
4.3994047e-10
4.396131e-10
4.5000004e-10
4.4282733e-10
4.4330359e-10
4.4889878e-10
4.3125001e-10
4.5252979e-10
4.4175591e-10
4.3919648e-10
4.4449405e-10
4.3749998e-10
4.4776788e-10
4.4312495e-10
4.3955359e-10
4.4830353e-10
4.4422621e-10
4.4473203e-10
4.4497023e-10
4.4077381e-10
4.4553572e-10
4.3726192e-10
4.4026788e-10
4.4020829e-10
4.4136905e-10
4.4997023e-10
4.3744047e-10
4.4348217e-10
4.4776788e-10
4.374702e-10
4.4119045e-10
4.4434526e-10
4.4372023e-10
4.4642859e-10
4.3238099e-10
4.4874998e-10
4.4187504e-10
4.4446424e-10
4.4282736e-10
4.4842258e-10
4.3979165e-10
4.44494e-10
4.4205356e-10
4.4440476e-10
4.4247023e-10
4.455655e-10
4.4461307e-10
4.4502974e-10
4.4011905e-10
4.4345239e-10
4.40744e-10
4.4800594e-10
4.4574405e-10
4.3714291e-10
4.4095241e-10
4.4556542e-10
4.4044646e-10
4.4056547e-10
4.4610124e-10
4.3860116e-10
4.4455359e-10
4.4053575e-10
4.3690473e-10
4.4952381e-10
4.3886905e-10
4.4229168e-10
4.4294643e-10
4.438393e-10
4.3833331e-10
4.4202381e-10
4.411905e-10
4.4422616e-10
4.4250001e-10
4.4154758e-10
4.4080353e-10
4.4229168e-10
4.4342266e-10
4.3663689e-10
4.4610124e-10
4.4494047e-10
4.3318454e-10
4.4714282e-10
4.4053575e-10
4.3863088e-10
4.4744053e-10
4.3994047e-10
4.4226189e-10
4.4580362e-10
4.4056542e-10
4.421131e-10
4.3877982e-10
4.4645829e-10
4.4139878e-10
4.4300597e-10
4.3874998e-10
4.3955362e-10
4.4642853e-10
4.3636902e-10
4.3910711e-10
4.436905e-10
4.4041668e-10
4.363393e-10
4.4702383e-10
4.389285e-10
4.4910717e-10
4.3380952e-10
4.3675591e-10
4.4788689e-10
4.4306556e-10
4.4163695e-10
4.4410711e-10
4.397917e-10
4.4252974e-10
4.4235118e-10
4.438393e-10
4.3901785e-10
4.4470239e-10
4.3889878e-10
4.3907736e-10
4.4285714e-10
4.439881e-10
4.5020834e-10
4.3428572e-10
4.4872026e-10
4.4211315e-10
4.4574403e-10
4.4732143e-10
4.3970241e-10
4.4116072e-10
4.4538692e-10
4.4053569e-10
4.4711315e-10
4.3803572e-10
4.4360113e-10
4.4758922e-10
4.4339282e-10
4.4154763e-10
4.4154763e-10
4.394643e-10
4.4595244e-10
4.4839293e-10
4.310417e-10
4.482143e-10
4.4238099e-10
4.4116066e-10
4.3940473e-10
4.4023807e-10
4.421131e-10
4.4636908e-10
4.3770831e-10
4.466964e-10
4.4041665e-10
4.4452378e-10
4.3863094e-10
4.3940473e-10
4.4666662e-10
4.3577383e-10
4.332143e-10
4.4526788e-10
4.3824402e-10
4.3601189e-10
4.410714e-10
4.3556544e-10
4.3931547e-10
4.348214e-10
4.3985116e-10
4.4214282e-10
4.385417e-10
4.3720244e-10
4.4327381e-10
4.4041665e-10
4.4202381e-10
4.4431545e-10
4.3988094e-10
4.3818452e-10
4.4035717e-10
4.3842258e-10
4.4648804e-10
4.3250001e-10
4.4502971e-10
4.4330356e-10
4.3678572e-10
4.4380949e-10
4.3830362e-10
4.3723214e-10
4.3970236e-10
4.4523812e-10
4.4116072e-10
4.3934523e-10
4.4645831e-10
4.3913687e-10
4.3723217e-10
4.4175602e-10
4.4122023e-10
4.4002973e-10
4.3925596e-10
4.4532741e-10
4.401785e-10
4.4122023e-10
4.4261905e-10
4.3616069e-10
4.446726e-10
4.4044646e-10
4.3776782e-10
4.484822e-10
4.4017856e-10
4.3901785e-10
4.4306547e-10
4.4232143e-10
4.4139883e-10
4.4374993e-10
4.40744e-10
4.4136905e-10
4.4699405e-10
4.4252979e-10
4.4008927e-10
4.3651788e-10
4.4241077e-10
4.3666665e-10
4.4199408e-10
4.4535714e-10
4.4261905e-10
4.3773807e-10
4.4419637e-10
4.3482148e-10
4.4613091e-10
4.4193449e-10
4.3699405e-10
4.4348217e-10
4.4255952e-10
4.3839285e-10
4.4732143e-10
4.3854173e-10
4.4964285e-10
4.3741075e-10
4.3925596e-10
4.4258924e-10
4.380952e-10
4.3663689e-10
4.4720236e-10
4.3744047e-10
4.4699405e-10
4.3907736e-10
4.3913695e-10
4.4869045e-10
4.3520837e-10
4.4401785e-10
4.4235121e-10
4.3610118e-10
4.4538692e-10
4.4002973e-10
4.4428575e-10
4.4062501e-10
4.4791662e-10
4.321131e-10
4.4366072e-10
4.4499998e-10
4.434226e-10
4.4327381e-10
4.3895829e-10
4.4389875e-10
4.3931556e-10
4.5285717e-10
4.4136902e-10
4.4333329e-10
4.4062501e-10
4.400596e-10
4.4470239e-10
4.3898807e-10
4.4321427e-10
4.4080359e-10
4.4473208e-10
4.4142853e-10
4.4238099e-10
4.4434523e-10
4.4377979e-10
4.3657747e-10
4.4836307e-10
4.3973211e-10
4.4830356e-10
4.4017856e-10
4.4657739e-10
4.3705362e-10
4.4827381e-10
4.411905e-10
4.4285717e-10
4.3803572e-10
4.4395826e-10
4.4991075e-10
4.4306547e-10
4.4208331e-10
4.4500001e-10
4.3898807e-10
4.4502979e-10
4.404464e-10
4.4559526e-10
4.4395831e-10
4.4684523e-10
4.4735118e-10
4.4303577e-10
4.4113094e-10
4.4824405e-10
4.4151785e-10
4.4377974e-10
4.5000004e-10
4.4077386e-10
4.4550599e-10
4.4083331e-10
4.4482146e-10
4.464584e-10
4.4288692e-10
4.4398804e-10
4.3988096e-10
4.4568454e-10
4.4440474e-10
4.4270834e-10
4.4663689e-10
4.3964285e-10
4.4410714e-10
4.4133933e-10
4.4363097e-10
4.4693446e-10
4.4229159e-10
4.4639881e-10
4.4375006e-10
4.4502979e-10
4.4547616e-10
4.3949408e-10
4.4839282e-10
4.460714e-10
4.4217258e-10
4.4997017e-10
4.4107143e-10
4.3928569e-10
4.4502979e-10
4.4270831e-10
4.4529763e-10
4.362202e-10
4.4434526e-10
4.4252974e-10
4.4172616e-10
4.4110116e-10
4.4354168e-10
4.4568446e-10
4.4017856e-10
4.3755949e-10
4.4735118e-10
4.3672613e-10
4.4711312e-10
4.3910717e-10
4.4104165e-10
4.4437498e-10
4.364881e-10
4.4500001e-10
4.4571427e-10
4.4122025e-10
4.449702e-10
4.3541665e-10
4.4482149e-10
4.4684523e-10
4.296726e-10
4.4321427e-10
4.4151788e-10
4.4122025e-10
4.4699403e-10
4.3928569e-10
4.3866072e-10
4.4428575e-10
4.4059528e-10
4.4244045e-10
4.3994045e-10
4.3848214e-10
4.4202386e-10
4.4074408e-10
4.3735116e-10
4.3925596e-10
4.4315476e-10
4.4074402e-10
4.4270831e-10
4.4133924e-10
4.4098214e-10
4.3988102e-10
4.4202378e-10
4.4360121e-10
4.4252974e-10
4.3776788e-10
4.4229168e-10
4.3943457e-10
4.4877976e-10
4.4056547e-10
4.3797618e-10
4.5238091e-10
4.375893e-10
4.3934528e-10
4.4047618e-10
4.4130954e-10
4.4476195e-10
4.4080359e-10
4.396726e-10
4.4657739e-10
4.4059525e-10
4.3738096e-10
4.4080353e-10
4.407143e-10
4.433631e-10
4.4095241e-10
4.4083337e-10
4.3580356e-10
4.3520826e-10
4.4565468e-10
4.4288692e-10
4.4041668e-10
4.4327381e-10
4.3711312e-10
4.4568454e-10
4.311905e-10
4.4669649e-10
4.4217258e-10
4.352976e-10
4.4711312e-10
4.3752976e-10
4.4035717e-10
4.4592263e-10
4.3354167e-10
4.4416662e-10
4.4330351e-10
4.3931542e-10
4.4217266e-10
4.4151785e-10
4.4500001e-10
4.4014883e-10
4.3327381e-10
4.4625001e-10
4.3687501e-10
4.418452e-10
4.4318457e-10
4.3672616e-10
4.4678572e-10
4.421131e-10
4.3443449e-10
4.3669643e-10
4.4523812e-10
4.4008935e-10
4.4163689e-10
4.4065476e-10
4.4050599e-10
4.4247023e-10
4.346726e-10
4.4291665e-10
4.3973214e-10
4.3761905e-10
4.4083329e-10
4.3913695e-10
4.3994053e-10
4.4163687e-10
4.3684523e-10
4.3648804e-10
4.450893e-10
4.3467258e-10
4.3818452e-10
4.4178575e-10
4.3863102e-10
4.4062506e-10
4.3922627e-10
4.4517853e-10
4.4148807e-10
4.3345244e-10
4.4116066e-10
4.4550594e-10
4.3330356e-10
4.4642851e-10
4.3839282e-10
4.4264881e-10
4.4053569e-10
4.3464279e-10
4.4735116e-10
4.3761905e-10
4.3952381e-10
4.4217266e-10
4.3788698e-10
4.3997017e-10
4.4422616e-10
4.3705356e-10
4.3732143e-10
4.4217266e-10
4.3663684e-10
4.3595239e-10
4.3702381e-10
4.3913695e-10
4.3702381e-10
4.3886905e-10
4.4020829e-10
4.3892859e-10
4.3755949e-10
4.3982137e-10
4.3723214e-10
4.4339288e-10
4.3586312e-10
4.334226e-10
4.4434523e-10
4.3764878e-10
4.3961304e-10
4.4136905e-10
4.3669643e-10
4.396131e-10
4.4407741e-10
4.3235118e-10
4.4119045e-10
4.4226192e-10
4.3345244e-10
4.4526782e-10
4.4127982e-10
4.3574405e-10
4.3961304e-10
4.4178569e-10
4.4363099e-10
4.3142856e-10
4.448214e-10
4.364285e-10
4.440476e-10
4.3937506e-10
4.3476189e-10
4.4086312e-10
4.4809528e-10
4.3705353e-10
4.408631e-10
4.3744047e-10
4.3821424e-10
4.4095239e-10
4.3416665e-10
4.423214e-10
4.4684523e-10
4.3577378e-10
4.3497023e-10
4.4553566e-10
4.3511908e-10
4.4125001e-10
4.3976187e-10
4.422917e-10
4.3866072e-10
4.4562495e-10
4.4145834e-10
4.3788692e-10
4.4032736e-10
4.4413695e-10
4.423214e-10
4.3610116e-10
4.3940479e-10
4.4500001e-10
4.3916662e-10
4.4226189e-10
4.4401785e-10
4.3979173e-10
4.4360118e-10
4.4276785e-10
4.3785711e-10
4.3880954e-10
4.4979165e-10
4.4068449e-10
4.396131e-10
4.3732146e-10
4.4017856e-10
4.4309525e-10
4.4089288e-10
4.3812495e-10
4.396131e-10
4.4080359e-10
4.4535714e-10
4.3869047e-10
4.4193457e-10
4.3613096e-10
4.4312498e-10
4.4181542e-10
4.4190476e-10
4.3726195e-10
4.3892856e-10
4.4023807e-10
4.4508924e-10
4.3735118e-10
4.404464e-10
4.4127976e-10
4.3672616e-10
4.4056547e-10
4.3895837e-10
4.3386902e-10
4.3970236e-10
4.4050597e-10
4.3666665e-10
4.4303569e-10
4.4154758e-10
4.3848219e-10
4.4214282e-10
4.3910717e-10
4.3535714e-10
4.4288692e-10
4.3425594e-10
4.4651788e-10
4.3532739e-10
4.4145837e-10
4.4604159e-10
4.3651782e-10
4.4488097e-10
4.394643e-10
4.393155e-10
4.448214e-10
4.4125001e-10
4.3291665e-10
4.448214e-10
4.4148812e-10
4.3919646e-10
4.4133933e-10
4.433631e-10
4.3395834e-10
4.4675599e-10
4.340476e-10
4.4389881e-10
4.4693452e-10
4.3818452e-10
4.4315471e-10
4.3630957e-10
4.4041673e-10
4.4288692e-10
4.3470236e-10
4.4699403e-10
4.3848214e-10
4.4032744e-10
4.4386908e-10
4.3589285e-10
4.4502979e-10
4.3827383e-10
4.4235118e-10
4.3866072e-10
4.4261897e-10
4.3824405e-10
4.4443454e-10
4.4089291e-10
4.3812501e-10
4.4422621e-10
4.4270834e-10
4.336905e-10
4.4160717e-10
4.4196427e-10
4.3434523e-10
4.4363099e-10
4.4241069e-10
4.3559525e-10
4.4000004e-10
4.3967263e-10
4.4002976e-10
4.3461307e-10
4.4428575e-10
4.3764881e-10
4.4026785e-10
4.4196427e-10
4.4014883e-10
4.3880954e-10
4.4130954e-10
4.3940473e-10
4.3619042e-10
4.3690473e-10
4.405655e-10
4.3913689e-10
4.396131e-10
4.3499998e-10
4.4267853e-10
4.4008933e-10
4.4485118e-10
4.3857137e-10
4.3836307e-10
4.4267856e-10
4.3851187e-10
4.3595239e-10
4.4363097e-10
4.3339282e-10
4.4526788e-10
4.3907736e-10
4.4199405e-10
4.3705356e-10
4.4282736e-10
4.4014883e-10
4.3717258e-10
4.4455356e-10
4.3473211e-10
4.4455359e-10
4.3440476e-10
4.4482137e-10
4.369643e-10
4.3851187e-10
4.391072e-10
4.4032736e-10
4.4324408e-10
4.4125001e-10
4.3592266e-10
