-4.9804688e-11
-4.9882813e-11
-5.0937501e-11
-5.1132813e-11
-5.2578126e-11
-4.9921876e-11
-5.1523438e-11
-4.9609376e-11
-4.9843751e-11
-4.9960938e-11
-5.0625001e-11
-5.1640626e-11
-5.1328126e-11
-5.2109376e-11
-4.9960938e-11
-5.0117188e-11
-5.1953126e-11
-5.1015626e-11
-5.1250001e-11
-5.1250001e-11
-5.0820313e-11
-5.2187501e-11
-4.9960938e-11
-5.0078126e-11
-5.0390626e-11
-5.0898438e-11
-5.1757813e-11
-5.0625001e-11
-5.0937501e-11
-5.1835938e-11
-5.1562501e-11
-5.0781251e-11
-5.1054688e-11
-5.3476563e-11
-4.9843751e-11
-5.1875001e-11
-5.1054688e-11
-5.0546876e-11
-4.9960938e-11
-5.1054688e-11
-5.0273438e-11
-5.1210938e-11
-5.1015626e-11
-5.0820313e-11
-5.0117188e-11
-4.9257813e-11
-5.0468751e-11
-4.8593751e-11
-5.1015626e-11
-5.0898438e-11
-5.0117188e-11
-5.0390626e-11
-5.1835938e-11
-4.9843751e-11
-5.1289063e-11
-5.0703126e-11
-5.0039063e-11
-4.9804688e-11
-5.0546876e-11
-5.1015626e-11
-5.0546876e-11
-5.1679688e-11
-5.1953126e-11
-5.1250001e-11
-5.3242188e-11
-5.1171876e-11
-5.2421876e-11
-5.0507813e-11
-5.0859376e-11
-5.0703126e-11
-5.1289063e-11
-5.0937501e-11
-4.9257813e-11
-4.9218751e-11
-5.0781251e-11
-5.2265626e-11
-5.1210938e-11
-5.0429688e-11
-5.1015626e-11
-5.0625001e-11
-5.0195313e-11
-5.1718751e-11
-5.1445313e-11
-5.0195313e-11
-5.0937501e-11
-5.1875001e-11
-4.9882813e-11
-4.9687501e-11
-4.9218751e-11
-5.1328126e-11
-5.0898438e-11
-4.9335938e-11
-5.1367188e-11
-5.1601563e-11
-5.1328126e-11
-5.1953126e-11
-5.1875001e-11
-5.1601563e-11
-5.1953126e-11
-5.2265626e-11
-5.0585938e-11
-5.2890626e-11
-4.9921876e-11
-5.0546876e-11
-5.2031251e-11
-5.1835938e-11
-4.9648438e-11
-5.2421876e-11
-5.0937501e-11
-5.1953126e-11
-5.1679688e-11
-5.0390626e-11
-5.1523438e-11
-5.0859376e-11
-4.9804688e-11
-5.1914063e-11
-5.2421876e-11
-4.9687501e-11
-5.1484376e-11
-5.1367188e-11
-5.0156251e-11
-4.9570313e-11
-5.0195313e-11
-5.1250001e-11
-5.1015626e-11
-5.0195313e-11
-5.0976563e-11
-5.0937501e-11
-5.0000001e-11
-5.0468751e-11
-5.1601563e-11
-5.1171876e-11
-5.0390626e-11
-5.0000001e-11
-4.9804688e-11
-4.9140626e-11
-5.0039063e-11
-5.0703126e-11
-4.9101563e-11
-5.0937501e-11
-5.0820313e-11
-4.9726563e-11
-5.0703126e-11
-5.0312501e-11
-5.0742188e-11
-4.9609376e-11
-4.9843751e-11
-5.1992188e-11
-5.0312501e-11
-5.0390626e-11
-5.0937501e-11
-4.9609376e-11
-5.0039063e-11
-5.0390626e-11
-5.0859376e-11
-5.0507813e-11
-5.1718751e-11
-5.0039063e-11
-5.1132813e-11
-4.9335938e-11
-5.1835938e-11
-4.9765626e-11
-5.0703126e-11
-4.9843751e-11
-4.9609376e-11
-5.0078126e-11
-4.9453126e-11
-5.0429688e-11
-5.1406251e-11
-5.1093751e-11
-4.7929688e-11
-5.0976563e-11
-4.9531251e-11
-5.0507813e-11
-5.1796876e-11
-5.0000001e-11
-5.1289063e-11
-4.9687501e-11
-5.0234376e-11
-5.1523438e-11
-5.0859376e-11
-5.0273438e-11
-5.0546876e-11
-5.0234376e-11
-4.8515626e-11
-5.1562501e-11
-4.9453126e-11
-5.1171876e-11
-5.1171876e-11
-5.0703126e-11
-4.9687501e-11
-4.9882813e-11
-5.1367188e-11
-4.9804688e-11
-5.0898438e-11
-4.9960938e-11
-5.0273438e-11
-5.0585938e-11
-5.1171876e-11
-5.1171876e-11
-5.0820313e-11
-5.1601563e-11
-4.9960938e-11
-5.1289063e-11
-4.9375001e-11
-5.0039063e-11
-5.0078126e-11
-5.2070313e-11
-5.1796876e-11
-5.1015626e-11
-5.0976563e-11
-5.0234376e-11
-4.9804688e-11
-4.9648438e-11
-5.0898438e-11
-4.9062501e-11
-5.0429688e-11
-5.0937501e-11
-5.1289063e-11
-5.0546876e-11
-4.8984376e-11
-4.9960938e-11
-5.0312501e-11
-5.0117188e-11
-5.0546876e-11
-5.1445313e-11
-5.3281251e-11
-5.1562501e-11
-5.0625001e-11
-5.1289063e-11
-5.0703126e-11
-4.9218751e-11
-5.2148438e-11
-5.0039063e-11
-5.2343751e-11
-5.0546876e-11
-5.2890626e-11
-5.0195313e-11
-4.9687501e-11
-5.2539063e-11
-4.7773438e-11
-5.0000001e-11
-4.9062501e-11
-4.9765626e-11
-5.0156251e-11
-5.1406251e-11
-5.1679688e-11
-5.1210938e-11
-5.0195313e-11
-5.0429688e-11
-5.1562501e-11
-5.0312501e-11
-5.1210938e-11
-5.0273438e-11
-4.9882813e-11
-5.0625001e-11
-5.0898438e-11
-5.0273438e-11
-5.0351563e-11
-5.0820313e-11
-4.9531251e-11
-5.0156251e-11
-5.0117188e-11
-5.0625001e-11
-5.1328126e-11
-5.0195313e-11
-5.1640626e-11
-5.1484376e-11
-5.1328126e-11
-5.0976563e-11
-4.9804688e-11
-5.0742188e-11
-5.0468751e-11
-5.0117188e-11
-5.1445313e-11
-5.0156251e-11
-5.0078126e-11
-5.0000001e-11
-5.1132813e-11
-5.0234376e-11
-4.9960938e-11
-5.1250001e-11
-5.0390626e-11
-5.0351563e-11
-5.1601563e-11
-5.0351563e-11
-5.1054688e-11
-4.9570313e-11
-5.1054688e-11
-4.9492188e-11
-5.1601563e-11
-5.0664063e-11
-5.2148438e-11
-5.0312501e-11
-5.0781251e-11
-5.0429688e-11
-5.0664063e-11
-5.0976563e-11
-4.9843751e-11
-5.1914063e-11
-4.9882813e-11
-4.9414063e-11
-5.1406251e-11
-5.0468751e-11
-5.1015626e-11
-5.1523438e-11
-5.1601563e-11
-4.9726563e-11
-5.0234376e-11
-5.1562501e-11
-5.0585938e-11
-4.9843751e-11
-5.0156251e-11
-5.0234376e-11
-4.9570313e-11
-5.0820313e-11
-5.1210938e-11
-4.8671876e-11
-5.1484376e-11
-4.8945313e-11
-4.9609376e-11
-5.0429688e-11
-5.0937501e-11
-5.1132813e-11
-4.8906251e-11
-5.0625001e-11
-4.9921876e-11
-4.9531251e-11
-5.0507813e-11
-4.9531251e-11
-5.0664063e-11
-4.9570313e-11
-4.8710938e-11
-5.1835938e-11
-5.1289063e-11
-5.0195313e-11
-4.9414063e-11
-4.9335938e-11
-5.0195313e-11
-5.0781251e-11
-5.0312501e-11
-5.0312501e-11
-5.0000001e-11
-5.1796876e-11
-5.0390626e-11
-4.9804688e-11
-4.9062501e-11
-4.8710938e-11
-5.1054688e-11
-4.8007813e-11
-4.9726563e-11
-5.0234376e-11
-5.1054688e-11
-5.1640626e-11
-4.9570313e-11
-5.1015626e-11
-5.1718751e-11
-4.9179688e-11
-5.0507813e-11
-4.9765626e-11
-5.0156251e-11
-4.9296876e-11
-4.9765626e-11
-5.0976563e-11
-5.0898438e-11
-5.0000001e-11
-5.0000001e-11
-5.0898438e-11
-5.1289063e-11
-4.9375001e-11
-4.9023438e-11
-5.0781251e-11
-4.9140626e-11
-5.0273438e-11
-5.0585938e-11
-5.0937501e-11
-4.9335938e-11
-5.0234376e-11
-5.0937501e-11
-5.3125001e-11
-5.0351563e-11
-5.0429688e-11
-4.9960938e-11
-5.0312501e-11
-4.8398438e-11
-5.0468751e-11
-5.0039063e-11
-5.0859376e-11
-5.1835938e-11
-4.9921876e-11
-5.2812501e-11
-5.1015626e-11
-5.1445313e-11
-5.0585938e-11
-5.0976563e-11
-5.1210938e-11
-5.0976563e-11
-5.2226563e-11
-5.2226563e-11
-5.0898438e-11
-5.0625001e-11
-5.0078126e-11
-5.0625001e-11
-5.0585938e-11
-5.2500001e-11
-4.8476563e-11
-4.9843751e-11
-5.0390626e-11
-5.0546876e-11
-5.0546876e-11
-5.0507813e-11
-5.0585938e-11
-5.0273438e-11
-5.0429688e-11
-5.0820313e-11
-5.1210938e-11
-5.0937501e-11
-4.9101563e-11
-5.1015626e-11
-5.0039063e-11
-5.0117188e-11
-5.0390626e-11
-4.9804688e-11
-5.0742188e-11
-5.1015626e-11
-5.1406251e-11
-5.0898438e-11
-4.9648438e-11
-5.1875001e-11
-5.1250001e-11
-5.0546876e-11
-4.9804688e-11
-5.0468751e-11
-4.8515626e-11
-5.0820313e-11
-5.1171876e-11
-5.0117188e-11
-5.1445313e-11
-4.9453126e-11
-5.2382813e-11
-4.9765626e-11
-5.0117188e-11
-5.1718751e-11
-5.0039063e-11
-5.2500001e-11
-4.9179688e-11
-4.9804688e-11
-5.0859376e-11
-5.0976563e-11
-5.0937501e-11
-5.1484376e-11
-4.9062501e-11
-4.8906251e-11
-5.2812501e-11
-5.1367188e-11
-4.9453126e-11
-4.7617188e-11
-4.9882813e-11
-5.0546876e-11
-5.0976563e-11
-4.9296876e-11
-5.0429688e-11
-4.8710938e-11
-4.9453126e-11
-5.0078126e-11
-5.0820313e-11
-5.1718751e-11
-5.0703126e-11
-4.9960938e-11
-4.9687501e-11
-4.9335938e-11
-4.9882813e-11
-5.0976563e-11
-5.0234376e-11
-5.0429688e-11
-5.0039063e-11
-5.0546876e-11
-4.9375001e-11
-5.0273438e-11
-5.0000001e-11
-4.8828126e-11
-4.9453126e-11
-4.9726563e-11
-5.0000001e-11
-5.0273438e-11
-4.9296876e-11
-5.1718751e-11
-5.0703126e-11
-5.1523438e-11
-5.0820313e-11
-4.9179688e-11
-5.1679688e-11
-5.1015626e-11
-5.1250001e-11
-4.9453126e-11
-5.1835938e-11
-5.1640626e-11
-5.1171876e-11
-5.1562501e-11
-5.0429688e-11
-4.9609376e-11
-5.1640626e-11
-5.0312501e-11
-5.1718751e-11
-4.9648438e-11
-5.1445313e-11
-5.1523438e-11
-5.1328126e-11
-5.0976563e-11
-5.0234376e-11
-5.2304688e-11
-5.2148438e-11
-5.3906251e-11
-5.6796876e-11
-5.9062498e-11
-5.9531248e-11
-6.1328123e-11
-6.2734373e-11
-6.3476564e-11
-6.4687498e-11
-6.5234373e-11
-6.5390623e-11
-6.3164064e-11
-6.5937499e-11
-6.4726557e-11
-6.4062498e-11
-6.2578123e-11
-6.3085939e-11
-6.2304689e-11
-6.3007814e-11
-6.1679689e-11
-6.0156248e-11
-6.0507814e-11
-5.7070314e-11
-5.9414064e-11
-5.7500001e-11
-5.8203126e-11
-5.8320314e-11
-5.8476564e-11
-5.7500001e-11
-5.8007814e-11
-5.7070314e-11
-5.5312501e-11
-5.4726564e-11
-5.6718751e-11
-5.5937501e-11
-5.6562501e-11
-5.5898439e-11
-5.6406251e-11
-5.5742189e-11
-5.6250001e-11
-5.5039064e-11
-5.4257814e-11
-5.5976564e-11
-5.5000001e-11
-5.4531251e-11
-5.2304688e-11
-5.4257814e-11
-5.5117189e-11
-5.4023439e-11
-5.2148438e-11
-5.3320313e-11
-5.3164063e-11
-5.3710938e-11
-5.4687501e-11
-5.3671876e-11
-5.4492189e-11
-5.4414064e-11
-5.0859376e-11
-5.3085938e-11
-5.2890626e-11
-5.3359376e-11
-5.3671876e-11
-5.1679688e-11
-5.2460938e-11
-5.3398438e-11
-5.3085938e-11
-5.2734376e-11
-5.4179689e-11
-5.2929688e-11
-5.1796876e-11
-5.2187501e-11
-5.3945313e-11
-5.1484376e-11
-5.2890626e-11
-5.2734376e-11
-5.3125001e-11
-5.1835938e-11
-5.1757813e-11
-5.3359376e-11
-5.2773438e-11
-5.4257814e-11
-5.1992188e-11
-5.1601563e-11
-4.9960938e-11
-5.3554688e-11
-5.2382813e-11
-5.2929688e-11
-5.2890626e-11
-5.2187501e-11
-5.1992188e-11
-5.3671876e-11
-5.1328126e-11
-5.3085938e-11
-5.0742188e-11
-5.1953126e-11
-5.1718751e-11
-5.2734376e-11
-5.2578126e-11
-5.3046876e-11
-5.2187501e-11
-5.2812501e-11
-5.3750001e-11
-5.2695313e-11
-5.0000001e-11
-5.2851563e-11
-5.1523438e-11
-5.1757813e-11
-5.2109376e-11
-5.0976563e-11
-5.1562501e-11
-5.2265626e-11
-5.2734376e-11
-5.2617188e-11
-5.2031251e-11
-5.4101564e-11
-5.1757813e-11
-5.3007813e-11
-5.0898438e-11
-5.2304688e-11
-5.1796876e-11
-5.1015626e-11
-5.2304688e-11
-5.1679688e-11
-5.3359376e-11
-5.2617188e-11
-5.0976563e-11
-5.3242188e-11
-5.2656251e-11
-5.1210938e-11
-5.1640626e-11
-5.2265626e-11
-5.3203126e-11
-5.3359376e-11
-5.1953126e-11
-5.3242188e-11
-5.1367188e-11
-5.1835938e-11
-5.1601563e-11
-5.1445313e-11
-5.0351563e-11
-5.2773438e-11
-5.1679688e-11
-5.2617188e-11
-5.1328126e-11
-5.2421876e-11
-5.1835938e-11
-5.2031251e-11
-5.2070313e-11
-5.1132813e-11
-5.0351563e-11
-5.2226563e-11
-5.2539063e-11
-5.1015626e-11
-5.0429688e-11
-5.0585938e-11
-5.1640626e-11
-5.0976563e-11
-5.1835938e-11
-5.2539063e-11
-5.1679688e-11
-5.2109376e-11
-5.1445313e-11
-5.1523438e-11
-5.2617188e-11
-5.0468751e-11
-5.0468751e-11
-5.2812501e-11
-5.2382813e-11
-5.1914063e-11
-5.3203126e-11
-5.2070313e-11
-5.2070313e-11
-5.1015626e-11
-5.1210938e-11
-4.9531251e-11
-5.1875001e-11
-5.0507813e-11
-4.9960938e-11
-5.1210938e-11
-5.2109376e-11
-5.0351563e-11
-5.3398438e-11
-5.2500001e-11
-5.0156251e-11
-5.1367188e-11
-5.1757813e-11
-5.2109376e-11
-5.1406251e-11
-5.2343751e-11
-4.8593751e-11
-5.2148438e-11
-5.1796876e-11
-5.1953126e-11
-5.1640626e-11
-5.2070313e-11
-5.2265626e-11
-5.1757813e-11
-5.1484376e-11
-5.1562501e-11
-5.0703126e-11
-5.1757813e-11
-5.2851563e-11
-5.1445313e-11
-5.2382813e-11
-5.1093751e-11
-5.2617188e-11
-5.1406251e-11
-5.0546876e-11
-5.0468751e-11
-5.1328126e-11
-5.0507813e-11
-4.9375001e-11
-5.2343751e-11
-5.3164063e-11
-5.2460938e-11
-5.1523438e-11
-5.0781251e-11
-5.1445313e-11
-5.1367188e-11
-5.2070313e-11
-5.1484376e-11
-5.1562501e-11
-4.9726563e-11
-5.1171876e-11
-4.9921876e-11
-5.1093751e-11
-5.0781251e-11
-5.2421876e-11
-5.1992188e-11
-5.1992188e-11
-5.2617188e-11
-5.2734376e-11
-5.1835938e-11
-5.3320313e-11
-5.0664063e-11
-5.1054688e-11
-5.1601563e-11
-5.1523438e-11
-5.1640626e-11
-5.0195313e-11
-4.9296876e-11
-5.2187501e-11
-5.1718751e-11
-5.1953126e-11
-5.1328126e-11
-5.2539063e-11
-5.1015626e-11
-5.0664063e-11
-5.2109376e-11
-5.0742188e-11
-5.1054688e-11
-5.2382813e-11
-5.0234376e-11
-5.3164063e-11
-5.0585938e-11
-5.0937501e-11
-5.0429688e-11
-5.1367188e-11
-5.1484376e-11
-5.0976563e-11
-5.0820313e-11
-4.8984376e-11
-5.1562501e-11
-5.2031251e-11
-5.0976563e-11
-5.0820313e-11
-5.1054688e-11
-5.0585938e-11
-5.3046876e-11
-5.0195313e-11
-5.1015626e-11
-5.2109376e-11
-5.1289063e-11
-5.0312501e-11
-5.2539063e-11
-5.2968751e-11
-5.0781251e-11
-5.1679688e-11
-5.0195313e-11
-5.0117188e-11
-5.1054688e-11
-5.1875001e-11
-5.1132813e-11
-5.0976563e-11
-5.2421876e-11
-5.0859376e-11
-5.0976563e-11
-5.0390626e-11
-5.1445313e-11
-5.2343751e-11
-5.2929688e-11
-5.0898438e-11
-5.0078126e-11
-5.1093751e-11
-5.1640626e-11
-4.9960938e-11
-5.2031251e-11
-5.2539063e-11
-5.2304688e-11
-5.3437501e-11
-4.9648438e-11
-5.1445313e-11
-5.1562501e-11
-5.4140626e-11
-5.1289063e-11
-5.2304688e-11
-5.0195313e-11
-5.1445313e-11
-5.1054688e-11
-5.1250001e-11
-5.2656251e-11
-4.9726563e-11
-5.3242188e-11
-5.2265626e-11
-5.2265626e-11
-5.1093751e-11
-5.1601563e-11
-5.3046876e-11
-5.0859376e-11
-5.1914063e-11
-5.1640626e-11
-4.9414063e-11
-4.9257813e-11
-5.2773438e-11
-5.2109376e-11
-4.8632813e-11
-5.3007813e-11
-5.1054688e-11
-5.2265626e-11
-5.1562501e-11
-5.1718751e-11
-5.2382813e-11
-5.1875001e-11
-5.1132813e-11
-5.2109376e-11
-5.0703126e-11
-5.0664063e-11
-5.0078126e-11
-5.1328126e-11
-5.0429688e-11
-5.2031251e-11
-5.0781251e-11
-5.0351563e-11
-4.9492188e-11
-5.2031251e-11
-4.9296876e-11
-5.0937501e-11
-5.0976563e-11
-5.2109376e-11
-5.0585938e-11
-5.0664063e-11
-5.1914063e-11
-5.1289063e-11
-5.1484376e-11
-5.1601563e-11
-5.1914063e-11
-5.2187501e-11
-5.1171876e-11
-5.2070313e-11
-5.1562501e-11
-5.2109376e-11
-5.0546876e-11
-5.2343751e-11
-5.2578126e-11
-5.1835938e-11
-5.1914063e-11
-5.2656251e-11
-5.1601563e-11
-5.2539063e-11
-5.0234376e-11
-5.0937501e-11
-4.9804688e-11
-5.1289063e-11
-5.3710938e-11
-5.1718751e-11
-4.9453126e-11
-5.1406251e-11
-5.1406251e-11
-5.0859376e-11
-4.9375001e-11
-4.8945313e-11
-5.0117188e-11
-5.2812501e-11
-5.1328126e-11
-5.2226563e-11
-5.0742188e-11
-5.0859376e-11
-5.1210938e-11
-5.0781251e-11
-5.2304688e-11
-5.1796876e-11
-5.1054688e-11
-5.1093751e-11
-5.1796876e-11
-5.3046876e-11
-5.0742188e-11
-5.2070313e-11
-5.2187501e-11
-5.1992188e-11
-5.2109376e-11
-5.0585938e-11
-5.1171876e-11
-5.0429688e-11
-5.0546876e-11
-5.1796876e-11
-5.1484376e-11
-5.0429688e-11
-5.1679688e-11
-5.0898438e-11
-5.2148438e-11
-5.1367188e-11
-5.1250001e-11
-5.0976563e-11
-5.1953126e-11
-5.2226563e-11
-5.1640626e-11
-5.0976563e-11
-5.1054688e-11
-5.0195313e-11
-5.1835938e-11
-5.0898438e-11
-4.8828126e-11
-5.3398438e-11
-5.2695313e-11
-5.0781251e-11
-4.8632813e-11
-5.1953126e-11
-5.1210938e-11
-4.9531251e-11
-5.0078126e-11
-4.9843751e-11
-5.1835938e-11
-4.9453126e-11
-5.2226563e-11
-5.0156251e-11
-5.1210938e-11
-5.1875001e-11
-5.0976563e-11
-5.2070313e-11
-5.2343751e-11
-5.2421876e-11
-5.1523438e-11
-4.9804688e-11
-5.0468751e-11
-5.1640626e-11
-5.1289063e-11
-5.1640626e-11
-5.1210938e-11
-5.1523438e-11
-5.0429688e-11
-5.0898438e-11
-4.9687501e-11
-5.1796876e-11
-5.0546876e-11
-5.0195313e-11
-5.0390626e-11
-5.0000001e-11
-5.0703126e-11
-5.1171876e-11
-5.1406251e-11
-5.1679688e-11
-5.1132813e-11
-4.8710938e-11
-5.1523438e-11
-5.0937501e-11
-5.1250001e-11
-5.0742188e-11
-5.0703126e-11
-5.0234376e-11
-5.1523438e-11
-5.2265626e-11
-5.2109376e-11
-5.0507813e-11
-5.2382813e-11
-5.0820313e-11
-5.0859376e-11
-5.1406251e-11
-5.1132813e-11
-5.1406251e-11
-5.0390626e-11
-5.1054688e-11
-5.0000001e-11
-5.1484376e-11
-5.0859376e-11
-5.0585938e-11
-4.8671876e-11
-5.0000001e-11
-5.1210938e-11
-5.0976563e-11
-5.1523438e-11
-5.0859376e-11
-5.0000001e-11
-5.0742188e-11
-5.0234376e-11
-5.0820313e-11
-5.1406251e-11
-5.0820313e-11
-5.1210938e-11
-5.2460938e-11
-4.9804688e-11
-5.0546876e-11
-5.1835938e-11
-5.1132813e-11
-5.0742188e-11
-5.1210938e-11
-5.0820313e-11
-5.2031251e-11
-5.2617188e-11
-5.1601563e-11
-5.0664063e-11
-5.2382813e-11
-5.1250001e-11
-5.1835938e-11
-5.1875001e-11
-5.2460938e-11
-5.1132813e-11
-5.1171876e-11
-4.9453126e-11
-5.2500001e-11
-5.1718751e-11
-5.1953126e-11
-4.9218751e-11
-4.9765626e-11
-5.0976563e-11
-5.0859376e-11
-5.0664063e-11
-4.9921876e-11
-5.0117188e-11
-5.3007813e-11
-5.0468751e-11
-5.2343751e-11
-5.1953126e-11
-5.1640626e-11
-5.2500001e-11
-4.9609376e-11
-5.2929688e-11
-5.1171876e-11
-5.2539063e-11
-5.1093751e-11
-5.1328126e-11
-5.0664063e-11
-5.0976563e-11
-4.9257813e-11
-5.0507813e-11
-5.2187501e-11
-4.8906251e-11
-5.0351563e-11
-5.0742188e-11
-5.0390626e-11
-4.9687501e-11
-5.0664063e-11
-5.2421876e-11
-5.0546876e-11
-5.0664063e-11
-5.3515626e-11
-5.0039063e-11
-5.1875001e-11
-5.1796876e-11
-5.1132813e-11
-5.0546876e-11
-5.1679688e-11
-5.0976563e-11
-4.9062501e-11
-5.0859376e-11
-5.1132813e-11
-5.0976563e-11
-5.1484376e-11
-4.9609376e-11
-5.1328126e-11
-5.0703126e-11
-5.1289063e-11
-5.2500001e-11
-5.1289063e-11
-5.0234376e-11
-4.9921876e-11
-5.0898438e-11
-5.1210938e-11
-5.1523438e-11
-5.0820313e-11
-5.0898438e-11
-5.1328126e-11
-5.2109376e-11
-4.9453126e-11
-5.2148438e-11
-5.0664063e-11
-5.3398438e-11
-5.2226563e-11
-5.2109376e-11
-5.1562501e-11
-5.1679688e-11
-5.1640626e-11
-4.9375001e-11
-5.2929688e-11
-5.1093751e-11
-5.0390626e-11
-5.1953126e-11
-5.1445313e-11
-5.1953126e-11
-5.1445313e-11
-5.1406251e-11
-5.1835938e-11
-5.2421876e-11
-5.2851563e-11
-5.0937501e-11
-5.1562501e-11
-5.1718751e-11
-5.1796876e-11
-4.8867188e-11
-5.0156251e-11
-5.0781251e-11
-5.2890626e-11
-5.2500001e-11
-5.1523438e-11
-5.0859376e-11
-5.2382813e-11
-5.0273438e-11
-5.1328126e-11
-5.1953126e-11
-5.0156251e-11
-5.2656251e-11
-5.1875001e-11
-5.1445313e-11
-5.1367188e-11
-4.9960938e-11
-5.2265626e-11
-5.1250001e-11
-5.1992188e-11
-5.0390626e-11
-5.0859376e-11
-5.2031251e-11
-5.1679688e-11
-5.1914063e-11
-5.2109376e-11
-5.0195313e-11
-5.1406251e-11
-5.0117188e-11
-5.1406251e-11
-5.0117188e-11
-5.0664063e-11
-5.0507813e-11
-5.1250001e-11
-5.0273438e-11
-5.0976563e-11
-5.1093751e-11
-4.9414063e-11
-5.0742188e-11
-5.1328126e-11
-5.0429688e-11
-4.9843751e-11
-4.9726563e-11
-5.0234376e-11
-5.1171876e-11
-5.0429688e-11
-5.0273438e-11
-5.1093751e-11
-5.0429688e-11
-5.1210938e-11
-5.0507813e-11
-5.1640626e-11
-5.1992188e-11
-5.1523438e-11
-5.2031251e-11
-5.1679688e-11
-5.0820313e-11
-5.0820313e-11
-4.8789063e-11
-4.9843751e-11
-5.1757813e-11
-5.0664063e-11
-5.1835938e-11
-5.0351563e-11
-5.1679688e-11
-5.1367188e-11
-5.2382813e-11
-5.0664063e-11
-5.1914063e-11
-5.2070313e-11
-5.1992188e-11
-5.1289063e-11
-4.9140626e-11
-5.0820313e-11
-4.9257813e-11
-5.1562501e-11
-5.1445313e-11
-4.9765626e-11
-5.0859376e-11
-5.0507813e-11
-5.2617188e-11
-4.9765626e-11
-5.1367188e-11
-5.0664063e-11
-4.9570313e-11
-5.0703126e-11
-5.1953126e-11
-5.0078126e-11
-4.9804688e-11
-5.3359376e-11
-5.1015626e-11
-5.0625001e-11
-5.1406251e-11
-5.1406251e-11
-5.0546876e-11
-5.0195313e-11
-5.2773438e-11
-5.0820313e-11
-5.2109376e-11
-5.0937501e-11
-5.0898438e-11
-4.9140626e-11
-5.0859376e-11
-5.1640626e-11
-5.2421876e-11
-4.9531251e-11
-5.0039063e-11
-5.1015626e-11
-5.1015626e-11
-5.1406251e-11
-5.3007813e-11
-5.1484376e-11
-5.0781251e-11
-5.1250001e-11
-5.1640626e-11
-5.0859376e-11
-5.0898438e-11
-5.1992188e-11
-5.1406251e-11
-5.1328126e-11
-5.1328126e-11
-5.2226563e-11
-5.2109376e-11
-5.0312501e-11
-5.0625001e-11
-5.1054688e-11
-5.0390626e-11
-5.1718751e-11
-5.0312501e-11
-5.1015626e-11
-4.9453126e-11
-5.1875001e-11
-5.2070313e-11
-5.0468751e-11
-5.1679688e-11
-5.0351563e-11
-5.0664063e-11
-5.1914063e-11
-5.1875001e-11
-5.1015626e-11
-5.1601563e-11
-5.0507813e-11
-5.2734376e-11
-5.1367188e-11
-4.9804688e-11
-5.1562501e-11
-4.9765626e-11
-5.2343751e-11
-5.1484376e-11
-5.1210938e-11
-5.1523438e-11
-4.9492188e-11
-5.1640626e-11
-5.0546876e-11
-5.1171876e-11
-5.2031251e-11
-5.1562501e-11
-5.0546876e-11
-5.0703126e-11
-5.1640626e-11
-5.0273438e-11
-5.0195313e-11
-5.2265626e-11
-5.1679688e-11
-5.2304688e-11
-5.0937501e-11
-5.0585938e-11
-5.0039063e-11
-5.2734376e-11
-4.8945313e-11
-5.0234376e-11
-5.1015626e-11
-5.0390626e-11
-5.0429688e-11
-5.0468751e-11
-5.0195313e-11
-5.1875001e-11
-5.0625001e-11
-5.1679688e-11
-5.0820313e-11
-5.2773438e-11
-5.0273438e-11
-5.1210938e-11
-5.0546876e-11
-5.0390626e-11
-5.1718751e-11
-5.2109376e-11
-5.2031251e-11
-4.9140626e-11
-5.0976563e-11
-5.1367188e-11
-5.1132813e-11
-5.0390626e-11
-5.1640626e-11
-5.1054688e-11
-5.0781251e-11
-5.2226563e-11
-5.0468751e-11
-5.0000001e-11
-5.2226563e-11
-4.9960938e-11
-5.2656251e-11
-4.9726563e-11
-5.0351563e-11
-5.0429688e-11
-5.2070313e-11
-5.0546876e-11
-4.9765626e-11
-5.1210938e-11
-5.0664063e-11
-5.0898438e-11
-5.1445313e-11
-5.3515626e-11
-5.0507813e-11
-5.0351563e-11
-5.0781251e-11
-5.1445313e-11
-5.0312501e-11
-4.8164063e-11
-5.0703126e-11
-4.9687501e-11
-5.1562501e-11
-5.3164063e-11
-5.0546876e-11
-5.2734376e-11
-5.1796876e-11
-5.0195313e-11
-5.1328126e-11
-5.1953126e-11
-5.2109376e-11
-5.0156251e-11
-5.0195313e-11
-5.0351563e-11
-5.0976563e-11
-4.9882813e-11
-5.1679688e-11
-5.1093751e-11
-5.0937501e-11
-5.2187501e-11
-5.1875001e-11
-4.9648438e-11
-5.2304688e-11
-5.1132813e-11
-5.1835938e-11
-5.1289063e-11
-5.1132813e-11
-5.0781251e-11
-4.8515626e-11
-5.3164063e-11
-5.1679688e-11
-5.1562501e-11
-5.2109376e-11
-5.2382813e-11
-5.1328126e-11
-5.1328126e-11
-5.1757813e-11
-5.1484376e-11
-5.0625001e-11
-5.1171876e-11
-5.2148438e-11
-5.0273438e-11
-5.0625001e-11
-4.9765626e-11
-5.0390626e-11
-5.1406251e-11
-5.0078126e-11
-5.1835938e-11
-5.1875001e-11
-5.1484376e-11
-5.2304688e-11
-5.0468751e-11
-5.1015626e-11
-5.1171876e-11
-5.0507813e-11
-5.0468751e-11
-5.1328126e-11
-5.1835938e-11
-4.9492188e-11
-5.0585938e-11
-5.0390626e-11
-5.1054688e-11
-5.1289063e-11
-5.2187501e-11
-5.1367188e-11
-5.1992188e-11
-5.2187501e-11
-5.1484376e-11
-5.1718751e-11
-5.1445313e-11
-5.0742188e-11
-5.0703126e-11
-4.9375001e-11
-5.0273438e-11
-5.0976563e-11
-4.8593751e-11
-5.1210938e-11
-5.0664063e-11
-5.0625001e-11
-4.8593751e-11
-5.1445313e-11
-5.0820313e-11
-5.1015626e-11
-5.0468751e-11
-5.1015626e-11
-5.0625001e-11
-4.8945313e-11
-5.1875001e-11
-5.1992188e-11
-5.1796876e-11
-5.1523438e-11
-5.1523438e-11
-5.1367188e-11
-5.0507813e-11
-5.1679688e-11
-5.2304688e-11
-5.1875001e-11
-5.1015626e-11
-5.0664063e-11
-5.1914063e-11
-5.1757813e-11
-5.0429688e-11
-5.0468751e-11
-5.1679688e-11
-4.9648438e-11
-5.1132813e-11
-5.1757813e-11
-5.3164063e-11
-5.1679688e-11
-5.0703126e-11
-4.9648438e-11
-5.0898438e-11
-4.9648438e-11
-5.0117188e-11
-5.0664063e-11
-5.0937501e-11
-5.1835938e-11
-5.0781251e-11
-5.0468751e-11
-5.2812501e-11
-5.1562501e-11
-5.1640626e-11
-5.1328126e-11
-5.0664063e-11
-5.1250001e-11
-5.2304688e-11
-5.1796876e-11
-5.3554688e-11
-5.1250001e-11
-5.0664063e-11
-5.0742188e-11
-5.0156251e-11
-5.0781251e-11
-5.1484376e-11
-5.1015626e-11
-5.0234376e-11
-5.1601563e-11
-5.3007813e-11
-5.0156251e-11
-5.1718751e-11
-5.0625001e-11
-4.9726563e-11
-5.2109376e-11
-5.1210938e-11
-5.0859376e-11
-5.1132813e-11
-5.1328126e-11
-5.0195313e-11
-5.1250001e-11
-5.1093751e-11
-5.1601563e-11
-5.0976563e-11
-5.1132813e-11
-5.0273438e-11
-5.0156251e-11
-5.0546876e-11
-5.0781251e-11
-5.1250001e-11
-5.0742188e-11
-4.9531251e-11
-5.1054688e-11
-5.1796876e-11
-5.1992188e-11
-5.0507813e-11
-5.0195313e-11
-5.0273438e-11
-5.0039063e-11
-5.1796876e-11
-5.0546876e-11
-5.1523438e-11
-4.9765626e-11
-5.0351563e-11
-5.0546876e-11
-5.0000001e-11
-5.0351563e-11
-5.1835938e-11
-5.2382813e-11
-5.0859376e-11
-5.2187501e-11
-5.1757813e-11
-4.8984376e-11
-5.1289063e-11
-5.0000001e-11
-5.2734376e-11
-5.1484376e-11
-5.2382813e-11
-5.1679688e-11
-5.1835938e-11
-5.2070313e-11
-5.0390626e-11
-5.0859376e-11
-5.0117188e-11
-5.1992188e-11
-5.1210938e-11
-5.1445313e-11
-4.9531251e-11
-5.1250001e-11
-5.2617188e-11
-5.0429688e-11
-5.1367188e-11
-5.1914063e-11
-5.1015626e-11
-5.0976563e-11
-5.0468751e-11
-5.1875001e-11
-4.9687501e-11
-5.2656251e-11
-5.0039063e-11
-5.0195313e-11
-5.1289063e-11
-5.0781251e-11
-5.1835938e-11
-5.1718751e-11
-5.1679688e-11
-5.2304688e-11
-5.2656251e-11
-5.1406251e-11
-5.0898438e-11
-5.0468751e-11
-5.1484376e-11
-5.1054688e-11
-5.2695313e-11
-4.9726563e-11
-5.1835938e-11
-5.1757813e-11
-5.1210938e-11
-5.0664063e-11
-5.1718751e-11
-5.1835938e-11
-5.0039063e-11
-5.1093751e-11
-4.9609376e-11
-5.1796876e-11
-4.9726563e-11
-5.2148438e-11
-5.0664063e-11
-4.9179688e-11
-5.1289063e-11
-4.9375001e-11
-5.1835938e-11
-5.1289063e-11
-5.0429688e-11
-5.0781251e-11
-5.1640626e-11
-5.0976563e-11
-5.1523438e-11
-5.0273438e-11
-5.1289063e-11
-5.1640626e-11
-5.1835938e-11
-5.1093751e-11
-4.9687501e-11
-5.0703126e-11
-4.7109375e-11
-5.0664063e-11
-5.1210938e-11
-4.8085938e-11
-5.0000001e-11
-5.1718751e-11
-5.0273438e-11
-5.2421876e-11
-5.0156251e-11
-5.1093751e-11
-5.0000001e-11
-5.0507813e-11
-5.0781251e-11
-5.0468751e-11
-5.1406251e-11
-4.9570313e-11
-5.1796876e-11
-4.9062501e-11
-4.9726563e-11
-4.9843751e-11
-5.0507813e-11
-5.0039063e-11
-5.0351563e-11
-5.1914063e-11
-5.0546876e-11
-5.0820313e-11
-5.0273438e-11
-5.1640626e-11
-5.0820313e-11
-5.1250001e-11
-5.0312501e-11
-5.0742188e-11
-5.0625001e-11
-4.9062501e-11
-5.0078126e-11
-4.9218751e-11
-5.2265626e-11
-5.1445313e-11
-5.0273438e-11
-5.0585938e-11
-5.0703126e-11
-5.2070313e-11
-5.3203126e-11
-5.0273438e-11
-5.1718751e-11
-5.0585938e-11
-5.0664063e-11
-4.8125001e-11
-5.0976563e-11
-5.0664063e-11
-5.3398438e-11
-5.0976563e-11
-5.1093751e-11
-4.9960938e-11
-5.1289063e-11
-4.8789063e-11
-5.0429688e-11
-5.1484376e-11
-5.0859376e-11
-5.1875001e-11
-4.9257813e-11
-5.1757813e-11
-5.0390626e-11
-5.1367188e-11
-5.2773438e-11
-5.0273438e-11
-5.0937501e-11
-5.2578126e-11
-5.0625001e-11
-5.1679688e-11
-5.0625001e-11
-4.9765626e-11
-5.0351563e-11
-5.1015626e-11
-5.0859376e-11
-5.0000001e-11
-5.0976563e-11
-5.1992188e-11
-5.0898438e-11
-5.0429688e-11
-5.0937501e-11
-4.9609376e-11
-4.9765626e-11
-5.0312501e-11
-5.1445313e-11
-5.0312501e-11
-5.3125001e-11
-5.1875001e-11
-5.0273438e-11
-5.0312501e-11
-5.1015626e-11
-5.1210938e-11
-5.2070313e-11
-5.1328126e-11
-4.9804688e-11
-5.0000001e-11
-4.9531251e-11
-4.9062501e-11
-4.9687501e-11
-5.1562501e-11
-5.0781251e-11
-5.1523438e-11
-4.9257813e-11
-5.2148438e-11
-5.0976563e-11
-4.9648438e-11
-5.1015626e-11
-5.1015626e-11
-5.0234376e-11
-5.0234376e-11
-5.0585938e-11
-5.1914063e-11
-5.2617188e-11
-4.8671876e-11
-5.0781251e-11
-5.1093751e-11
-5.0976563e-11
-5.0234376e-11
-5.0820313e-11
-5.0859376e-11
-4.9218751e-11
-5.0937501e-11
-4.9882813e-11
-5.0468751e-11
-4.8085938e-11
-5.2656251e-11
-5.1015626e-11
-5.1171876e-11
-4.9062501e-11
-5.1289063e-11
-5.1835938e-11
-5.0507813e-11
-5.0039063e-11
-5.0234376e-11
-5.0351563e-11
-4.9687501e-11
-4.9882813e-11
-5.0781251e-11
-5.1328126e-11
-5.0039063e-11
-5.1484376e-11
-5.2187501e-11
-4.9335938e-11
-5.1523438e-11
-5.0117188e-11
-4.8906251e-11
-5.2031251e-11
-5.0234376e-11
-5.0742188e-11
-5.0273438e-11
-5.0664063e-11
-5.1171876e-11
-5.0898438e-11
-4.8984376e-11
-5.0859376e-11
-5.1289063e-11
-5.0429688e-11
-5.0781251e-11
-4.9804688e-11
-4.9765626e-11
-5.1445313e-11
-5.2382813e-11
-5.2656251e-11
-5.0234376e-11
-5.1796876e-11
-5.0898438e-11
-5.0351563e-11
-5.1640626e-11
-4.8007813e-11
-5.2187501e-11
-5.0976563e-11
-4.9765626e-11
-5.1562501e-11
-5.1210938e-11
-5.0625001e-11
-5.0000001e-11
-5.0820313e-11
-5.2421876e-11
-4.9570313e-11
-5.0429688e-11
-5.0117188e-11
-5.3164063e-11
-5.0312501e-11
-5.2500001e-11
-5.0703126e-11
-4.9765626e-11
-4.9804688e-11
-5.1640626e-11
-5.0859376e-11
-5.1445313e-11
-5.1875001e-11
-5.1367188e-11
-4.9492188e-11
-5.0117188e-11
-5.1484376e-11
-5.1210938e-11
-5.0273438e-11
-5.0781251e-11
-5.1289063e-11
-5.1562501e-11
-5.0078126e-11
-5.1835938e-11
-5.0859376e-11
-5.0039063e-11
-5.1914063e-11
-5.0820313e-11
-5.0937501e-11
-5.0937501e-11
-5.0937501e-11
-5.0390626e-11
-5.1757813e-11
-4.9453126e-11
-4.9101563e-11
-4.9414063e-11
-5.0273438e-11
-4.9843751e-11
-5.0468751e-11
-5.0039063e-11
-5.1093751e-11
-5.1523438e-11
-5.1406251e-11
-5.2382813e-11
-5.0937501e-11
-5.1289063e-11
-5.0781251e-11
-5.1171876e-11
-5.0781251e-11
-5.1367188e-11
-5.1328126e-11
-5.0039063e-11
-5.2070313e-11
-5.0546876e-11
-5.2031251e-11
-5.0820313e-11
-5.2265626e-11
-5.1601563e-11
-5.3203126e-11
-5.2929688e-11
-5.0546876e-11
-5.1523438e-11
-5.0195313e-11
-5.0976563e-11
-5.1367188e-11
-5.1601563e-11
-5.1132813e-11
-5.0820313e-11
-5.1601563e-11
-5.0390626e-11
-5.2382813e-11
-5.1054688e-11
-5.1210938e-11
-5.3359376e-11
-5.0390626e-11
-5.2460938e-11
-5.1484376e-11
-5.1875001e-11
-5.0078126e-11
-5.1093751e-11
-5.1796876e-11
-5.1796876e-11
-5.1523438e-11
-4.9765626e-11
-5.0429688e-11
-5.0507813e-11
-5.0546876e-11
-4.9570313e-11
-5.1953126e-11
-5.1562501e-11
-5.1523438e-11
-5.1406251e-11
-5.0742188e-11
-5.2304688e-11
-5.0703126e-11
-5.2929688e-11
-5.0664063e-11
-5.1015626e-11
-5.0156251e-11
-5.1328126e-11
-5.0234376e-11
-5.0625001e-11
-4.9921876e-11
-5.2617188e-11
-5.0585938e-11
-5.0507813e-11
-5.0429688e-11
-5.0195313e-11
-5.1210938e-11
-5.0156251e-11
-4.9882813e-11
-5.0937501e-11
-5.0976563e-11
-5.1562501e-11
-4.9140626e-11
-5.1679688e-11
-5.1914063e-11
-5.1523438e-11
-5.1757813e-11
-5.1875001e-11
-5.1484376e-11
-4.9921876e-11
-5.1718751e-11
-5.1875001e-11
-5.1523438e-11
-5.0429688e-11
-4.9687501e-11
-5.1289063e-11
-4.8632813e-11
-5.0781251e-11
-5.0390626e-11
-4.9921876e-11
-5.0156251e-11
-5.1289063e-11
-5.0156251e-11
-5.0039063e-11
-5.0820313e-11
-4.9921876e-11
-5.0312501e-11
-5.1757813e-11
-5.1054688e-11
-4.8320313e-11
-5.0585938e-11
-5.1406251e-11
-4.9453126e-11
-4.9804688e-11
-4.9335938e-11
-4.9882813e-11
-5.1640626e-11
-5.1875001e-11
-5.1796876e-11
-5.2656251e-11
-4.9140626e-11
-5.1015626e-11
-5.0039063e-11
-5.1835938e-11
-5.3203126e-11
-5.1328126e-11
-5.0585938e-11
-4.9960938e-11
-5.2031251e-11
-5.1406251e-11
-5.0625001e-11
-5.1914063e-11
-5.1757813e-11
-5.1484376e-11
-5.1796876e-11
-4.9960938e-11
-5.3203126e-11
-4.9843751e-11
-5.0429688e-11
-5.0742188e-11
-5.0351563e-11
-5.1601563e-11
-5.2070313e-11
-5.0664063e-11
-5.0742188e-11
-5.1601563e-11
-5.1875001e-11
-5.0546876e-11
-5.0468751e-11
-5.3476563e-11
-5.0390626e-11
-5.0468751e-11
-5.0781251e-11
-5.2617188e-11
-5.1328126e-11
-5.0546876e-11
-5.1054688e-11
-5.1367188e-11
-4.8828126e-11
-4.9687501e-11
-5.1953126e-11
-5.0273438e-11
-5.0976563e-11
-5.0703126e-11
-5.1328126e-11
-5.1835938e-11
-5.1445313e-11
-5.1445313e-11
-5.1289063e-11
-5.1992188e-11
-5.1406251e-11
-5.0976563e-11
-5.0820313e-11
-4.9843751e-11
-5.0820313e-11
-4.9609376e-11
-5.1367188e-11
-5.0078126e-11
-5.0976563e-11
-5.1406251e-11
-5.1289063e-11
-5.2734376e-11
-5.0898438e-11
-4.9335938e-11
-5.0429688e-11
-5.2343751e-11
-4.9414063e-11
-5.1015626e-11
-4.8867188e-11
-5.2031251e-11
-5.0039063e-11
-5.3437501e-11
-5.0390626e-11
-5.2109376e-11
-5.0976563e-11
-4.9609376e-11
-5.0390626e-11
-5.1523438e-11
-5.1132813e-11
-5.1757813e-11
-4.9335938e-11
-5.0117188e-11
-5.1992188e-11
-5.1835938e-11
-5.1718751e-11
-5.0898438e-11
-5.0625001e-11
-4.9531251e-11
-5.1523438e-11
-4.9648438e-11
-5.1210938e-11
-5.2187501e-11
-5.3554688e-11
-5.2187501e-11
-5.1757813e-11
-5.2382813e-11
-5.1835938e-11
-4.9140626e-11
-5.1250001e-11
-5.2226563e-11
-5.0546876e-11
-5.0625001e-11
-5.1171876e-11
-5.1250001e-11
-4.9375001e-11
-5.0664063e-11
-5.2148438e-11
-5.0000001e-11
-5.0859376e-11
-5.1796876e-11
-5.1132813e-11
-5.0156251e-11
-4.9726563e-11
-5.2421876e-11
-5.1210938e-11
-5.1562501e-11
-5.1328126e-11
-5.2343751e-11
-4.9570313e-11
-5.1523438e-11
-5.2812501e-11
-5.1093751e-11
-5.0195313e-11
-5.0703126e-11
-5.0078126e-11
-5.2695313e-11
-5.1835938e-11
-4.9687501e-11
-5.1328126e-11
-5.1562501e-11
-4.9882813e-11
-5.0820313e-11
-5.0507813e-11
-4.9375001e-11
-5.1875001e-11
-5.0546876e-11
-5.0390626e-11
-5.1601563e-11
-5.0312501e-11
-5.2226563e-11
-5.1406251e-11
-5.0234376e-11
-5.0390626e-11
-5.0898438e-11
-5.0507813e-11
-5.1757813e-11
-5.1210938e-11
-5.0781251e-11
-5.0507813e-11
-5.1328126e-11
-5.1367188e-11
-5.0703126e-11
-5.1796876e-11
-5.1445313e-11
-5.3007813e-11
-5.1093751e-11
-5.1406251e-11
-5.1640626e-11
-5.0625001e-11
-5.0312501e-11
-4.9726563e-11
-5.2343751e-11
-5.1093751e-11
-5.1250001e-11
-4.9726563e-11
-5.0664063e-11
-5.1367188e-11
-4.9882813e-11
-5.0898438e-11
-5.0039063e-11
-5.1523438e-11
-4.9882813e-11
-5.2187501e-11
-5.1718751e-11
-4.9453126e-11
-4.9648438e-11
-4.9335938e-11
-5.0976563e-11
-4.9218751e-11
-5.1054688e-11
-5.1640626e-11
-5.1875001e-11
-4.9804688e-11
-5.1406251e-11
-5.1601563e-11
-4.8789063e-11
-5.1679688e-11
-5.0468751e-11
-5.1289063e-11
-4.9531251e-11
-4.9296876e-11
-4.9843751e-11
-5.0625001e-11
-5.0781251e-11
-5.1328126e-11
-5.1289063e-11
-5.1562501e-11
-5.0390626e-11
-4.9218751e-11
-5.1289063e-11
-5.1367188e-11
-5.1640626e-11
-5.0820313e-11
-5.0507813e-11
-5.2109376e-11
-5.2656251e-11
-5.2187501e-11
-5.1835938e-11
-5.0117188e-11
-5.1835938e-11
-5.1914063e-11
-5.0703126e-11
-5.1093751e-11
-5.0820313e-11
-5.1523438e-11
-5.1992188e-11
-5.1406251e-11
-5.0976563e-11
-5.1875001e-11
-5.0468751e-11
-4.9765626e-11
-5.0390626e-11
-5.0000001e-11
-5.0351563e-11
-5.1601563e-11
-5.0351563e-11
-5.1406251e-11
-5.2031251e-11
-5.0742188e-11
-5.0859376e-11
-5.0390626e-11
-5.1640626e-11
-5.0195313e-11
-5.0937501e-11
-5.0703126e-11
-5.1875001e-11
-5.1328126e-11
-4.9570313e-11
-5.1132813e-11
-5.1054688e-11
-5.2265626e-11
-5.1250001e-11
-5.1406251e-11
-5.0898438e-11
-5.0078126e-11
-5.3437501e-11
-5.1718751e-11
-5.0390626e-11
-4.9843751e-11
-5.0195313e-11
-5.0898438e-11
-5.2109376e-11
-5.0664063e-11
-4.9960938e-11
-4.9062501e-11
-5.0273438e-11
-5.1992188e-11
-5.2500001e-11
-5.0742188e-11
-5.1289063e-11
-5.1914063e-11
-5.2265626e-11
-5.1367188e-11
-5.1992188e-11
-4.9570313e-11
-5.2343751e-11
-5.0507813e-11
-5.0000001e-11
-4.9765626e-11
-5.0312501e-11
-5.1679688e-11
-5.1210938e-11
-4.9882813e-11
-5.0820313e-11
-4.9843751e-11
-5.1289063e-11
-5.1523438e-11
-5.1679688e-11
-4.9882813e-11
-5.1250001e-11
-5.1054688e-11
-5.0585938e-11
-5.1210938e-11
-4.9453126e-11
-5.1289063e-11
-5.0078126e-11
-5.0976563e-11
-4.8906251e-11
-5.0507813e-11
-5.0625001e-11
-5.2500001e-11
-4.9140626e-11
-5.1562501e-11
-5.1171876e-11
-5.0585938e-11
-5.0468751e-11
-4.9453126e-11
-5.2734376e-11
-4.8828126e-11
-5.1015626e-11
-5.1835938e-11
-5.0781251e-11
-5.0078126e-11
-5.0156251e-11
-4.9414063e-11
-5.1640626e-11
-5.1015626e-11
-5.1054688e-11
-5.0312501e-11
-5.0507813e-11
-5.3632813e-11
-5.0468751e-11
-5.2460938e-11
-5.0351563e-11
-5.1679688e-11
-5.1093751e-11
-4.9804688e-11
-5.0312501e-11
-5.1484376e-11
-5.2265626e-11
-4.9960938e-11
-5.2656251e-11
-5.1640626e-11
-5.0312501e-11
-5.1015626e-11
-5.0429688e-11
-5.0976563e-11
-4.9843751e-11
-5.2382813e-11
-5.0976563e-11
-5.0273438e-11
-5.0546876e-11
-5.0507813e-11
-5.1054688e-11
-5.0078126e-11
-5.2460938e-11
-5.0390626e-11
-4.9609376e-11
-5.0703126e-11
-5.0937501e-11
-5.1679688e-11
-5.1015626e-11
-5.1132813e-11
-5.1601563e-11
-5.1445313e-11
-5.0429688e-11
-5.0117188e-11
-5.0234376e-11
-5.0390626e-11
-5.1210938e-11
-5.0507813e-11
-4.9843751e-11
-5.1328126e-11
-4.9882813e-11
-4.9570313e-11
-5.1523438e-11
-5.1679688e-11
-5.1132813e-11
-5.0898438e-11
-5.0625001e-11
-5.1367188e-11
-5.0546876e-11
-4.9804688e-11
-5.0039063e-11
-5.1484376e-11
-4.9726563e-11
-5.0976563e-11
-5.1250001e-11
-5.2890626e-11
-5.0976563e-11
-5.2890626e-11
-5.0898438e-11
-4.9570313e-11
-5.1328126e-11
-5.0859376e-11
-5.0312501e-11
-5.1171876e-11
-5.0703126e-11
-5.0195313e-11
-5.1679688e-11
-5.2226563e-11
-5.0000001e-11
-5.0781251e-11
-5.1640626e-11
-5.1328126e-11
-5.1250001e-11
-5.0859376e-11
-4.9843751e-11
-4.9765626e-11
-5.1484376e-11
-4.8984376e-11
-4.9726563e-11
-5.0507813e-11
-5.1484376e-11
-4.9023438e-11
-5.1562501e-11
-5.2578126e-11
-5.2265626e-11
-5.0351563e-11
-5.2656251e-11
-5.0625001e-11
-4.9804688e-11
-4.9765626e-11
-5.1953126e-11
-5.1679688e-11
-5.1171876e-11
-5.3007813e-11
-5.0781251e-11
-5.2656251e-11
-5.1015626e-11
-5.2031251e-11
-5.1992188e-11
-5.1562501e-11
-5.1914063e-11
-5.0898438e-11
-5.0390626e-11
-5.1562501e-11
-4.9531251e-11
-4.9375001e-11
-5.0937501e-11
-5.1367188e-11
-5.0429688e-11
-5.1796876e-11
-5.1679688e-11
-5.0156251e-11
-5.2851563e-11
-4.9257813e-11
-5.1484376e-11
-5.2812501e-11
-5.1210938e-11
-5.2617188e-11
-4.9179688e-11
-5.1601563e-11
-5.1132813e-11
-5.1679688e-11
-5.2187501e-11
-5.1445313e-11
-5.1132813e-11
-5.1367188e-11
-5.1679688e-11
-5.2734376e-11
-5.1015626e-11
-5.0000001e-11
-5.1015626e-11
-5.0859376e-11
-5.0781251e-11
-5.0937501e-11
-4.8828126e-11
-5.0742188e-11
-5.0898438e-11
-4.9570313e-11
-5.0273438e-11
-4.9804688e-11
-5.0000001e-11
-5.1484376e-11
-5.0000001e-11
-5.0117188e-11
-5.0351563e-11
-4.9921876e-11
-5.0859376e-11
-5.0507813e-11
-4.9804688e-11
-5.0390626e-11
-5.1679688e-11
-5.0351563e-11
-5.1796876e-11
-5.0937501e-11
-5.1210938e-11
-5.2382813e-11
-4.9140626e-11
-4.8984376e-11
-4.9882813e-11
-5.1523438e-11
-5.1210938e-11
-5.0078126e-11
-5.1289063e-11
-4.9023438e-11
-5.0429688e-11
-4.9921876e-11
-5.2031251e-11
-5.0390626e-11
-5.0429688e-11
-5.1953126e-11
-5.0429688e-11
-5.1679688e-11
-5.1132813e-11
-5.0976563e-11
-4.8398438e-11
-4.9765626e-11
-5.0625001e-11
-5.0234376e-11
-5.1132813e-11
-5.3320313e-11
-5.1093751e-11
-5.0976563e-11
-5.1210938e-11
-5.2734376e-11
-5.1679688e-11
-5.1171876e-11
-5.1523438e-11
-5.0507813e-11
-4.9570313e-11
-5.1523438e-11
-5.0703126e-11
-5.0234376e-11
-5.3281251e-11
-5.2031251e-11
-5.0859376e-11
-5.0937501e-11
-5.0742188e-11
-5.0117188e-11
-5.0976563e-11
-4.9843751e-11
-4.9609376e-11
-5.0742188e-11
-4.9296876e-11
-5.0781251e-11
-4.9687501e-11
-5.0937501e-11
-4.9804688e-11
-5.0625001e-11
-5.2343751e-11
-5.1992188e-11
-5.1054688e-11
-4.9882813e-11
-5.0585938e-11
-5.1289063e-11
-4.9453126e-11
-4.9765626e-11
-5.1601563e-11
-5.0507813e-11
-5.1484376e-11
-5.0976563e-11
-5.0039063e-11
-5.0390626e-11
-5.0507813e-11
-5.0664063e-11
-4.9921876e-11
-4.9257813e-11
-5.1757813e-11
-5.3437501e-11
-5.0859376e-11
-5.0195313e-11
-5.1875001e-11
-5.1523438e-11
-4.9296876e-11
-5.0820313e-11
-5.0742188e-11
-5.0781251e-11
-4.9531251e-11
-5.0078126e-11
-5.0429688e-11
-5.1484376e-11
-4.9257813e-11
-5.0039063e-11
-5.0507813e-11
-5.0273438e-11
-5.1640626e-11
-4.9257813e-11
-5.0859376e-11
-5.0429688e-11
-5.0117188e-11
-4.8632813e-11
-4.9648438e-11
-5.0859376e-11
-5.0234376e-11
-5.2695313e-11
-5.2109376e-11
-5.0546876e-11
-5.0820313e-11
-5.1835938e-11
-4.9609376e-11
-4.9570313e-11
-5.0195313e-11
-5.1835938e-11
-5.1562501e-11
-5.0898438e-11
-5.0585938e-11
-5.0859376e-11
-4.8476563e-11
-5.0000001e-11
-5.1289063e-11
-4.9531251e-11
-5.0625001e-11
-5.0039063e-11
-5.1484376e-11
-5.1132813e-11
-5.1289063e-11
-5.0351563e-11
-5.0351563e-11
-4.9335938e-11
-5.2226563e-11
-5.0507813e-11
-5.2148438e-11
-5.1562501e-11
-5.0351563e-11
-5.1875001e-11
-4.9687501e-11
-5.0859376e-11
-5.1757813e-11
-5.1250001e-11
-5.0468751e-11
-5.1015626e-11
-5.0039063e-11
-5.0820313e-11
-4.9296876e-11
-5.0585938e-11
-4.9921876e-11
-5.0234376e-11
-5.0781251e-11
-5.1875001e-11
-5.0625001e-11
-5.0664063e-11
-5.2109376e-11
-5.2890626e-11
-5.0625001e-11
-5.1367188e-11
-4.9921876e-11
-4.9140626e-11
-4.9765626e-11
-4.8750001e-11
-5.2109376e-11
-5.2148438e-11
-5.1054688e-11
-5.2187501e-11
-5.2656251e-11
-5.3085938e-11
-4.9960938e-11
-5.0234376e-11
-4.9062501e-11
-5.1445313e-11
-5.0234376e-11
-4.9531251e-11
-5.0117188e-11
-5.1328126e-11
-5.0703126e-11
-5.0468751e-11
-5.0585938e-11
-5.2031251e-11
-5.1445313e-11
-5.2187501e-11
-5.1757813e-11
-5.0742188e-11
-5.2656251e-11
-5.0703126e-11
-4.9726563e-11
-5.1210938e-11
-5.3437501e-11
-5.1796876e-11
-5.1679688e-11
-5.1640626e-11
-5.0976563e-11
-5.2187501e-11
-5.0625001e-11
-5.1953126e-11
-5.2500001e-11
-5.2382813e-11
-5.3398438e-11
-5.0351563e-11
-5.3007813e-11
-5.0351563e-11
-5.0937501e-11
-4.9570313e-11
-5.1718751e-11
-5.1250001e-11
-5.0742188e-11
-5.2929688e-11
-5.1171876e-11
-5.0156251e-11
-5.2343751e-11
-5.0390626e-11
-5.1679688e-11
-4.9765626e-11
-5.1210938e-11
-5.1250001e-11
-5.1562501e-11
-5.0195313e-11
-5.2304688e-11
-4.8906251e-11
-5.0507813e-11
-4.9648438e-11
-5.1796876e-11
-5.1718751e-11
-4.9414063e-11
-5.1796876e-11
-5.1406251e-11
-4.9179688e-11
-4.9648438e-11
-5.1289063e-11
-4.8828126e-11
-5.0664063e-11
-4.9804688e-11
-5.1289063e-11
-5.1406251e-11
-5.2851563e-11
-5.0468751e-11
-5.1132813e-11
-5.0781251e-11
-5.1601563e-11
-5.1367188e-11
-5.0703126e-11
-5.1289063e-11
-4.9726563e-11
-5.2304688e-11
-5.0781251e-11
-5.0195313e-11
-5.0273438e-11
-5.2304688e-11
-5.0546876e-11
-5.0507813e-11
-5.2226563e-11
-5.2421876e-11
-4.9960938e-11
-5.0273438e-11
-5.0585938e-11
-5.0546876e-11
-5.1835938e-11
-5.0507813e-11
-4.9843751e-11
-5.0312501e-11
-5.0820313e-11
-5.0898438e-11
-5.2109376e-11
-5.1210938e-11
-5.0937501e-11
-5.0507813e-11
-5.0742188e-11
-4.8984376e-11
-5.1015626e-11
-5.0898438e-11
-5.1523438e-11
-5.3359376e-11
-5.2109376e-11
-5.0976563e-11
-4.9726563e-11
-5.0976563e-11
-5.1210938e-11
-5.0507813e-11
-5.0625001e-11
-5.0898438e-11
-4.9921876e-11
-4.9218751e-11
-5.2031251e-11
-5.1601563e-11
-5.1953126e-11
-5.1835938e-11
-4.9375001e-11
-5.1562501e-11
-5.2187501e-11
-5.0781251e-11
-4.8554688e-11
-5.0937501e-11
-5.2500001e-11
-4.9023438e-11
-5.0976563e-11
-4.9765626e-11
-5.1835938e-11
-5.1367188e-11
-5.0078126e-11
-5.3320313e-11
-5.1718751e-11
-5.1562501e-11
-5.2187501e-11
-4.9492188e-11
-5.1796876e-11
-5.0742188e-11
-5.0234376e-11
-5.0898438e-11
-5.2070313e-11
-5.0039063e-11
-5.0898438e-11
-4.9843751e-11
-4.8671876e-11
-5.2031251e-11
-5.0585938e-11
-5.1796876e-11
-5.1093751e-11
-5.2617188e-11
-5.2187501e-11
-4.9648438e-11
-5.1523438e-11
-5.0507813e-11
-5.2617188e-11
-5.1171876e-11
-5.0507813e-11
-5.0117188e-11
-5.1875001e-11
-5.0117188e-11
-5.1093751e-11
-5.1406251e-11
-5.1015626e-11
-5.0820313e-11
-5.1562501e-11
-5.0664063e-11
-5.1015626e-11
-4.9648438e-11
-5.2265626e-11
-5.2304688e-11
-5.2460938e-11
-5.1289063e-11
-5.1562501e-11
-5.2656251e-11
-5.0039063e-11
-4.9453126e-11
-5.1445313e-11
-5.2968751e-11
-5.0078126e-11
-4.9101563e-11
-5.0117188e-11
-5.0351563e-11
-5.1328126e-11
-5.1679688e-11
-5.0703126e-11
-4.9843751e-11
-5.2109376e-11
-5.1093751e-11
-5.0703126e-11
-5.1601563e-11
-5.1953126e-11
-5.0664063e-11
-5.0585938e-11
-5.0664063e-11
-5.2304688e-11
-4.9843751e-11
-5.0468751e-11
-5.1679688e-11
-4.9140626e-11
-5.1679688e-11
-5.1796876e-11
-5.0078126e-11
-5.1015626e-11
-5.1406251e-11
-5.0468751e-11
-5.2421876e-11
-5.0312501e-11
-4.9375001e-11
-5.0976563e-11
-5.0742188e-11
-4.9843751e-11
-5.0273438e-11
-5.0625001e-11
-5.1953126e-11
-5.1054688e-11
-5.2148438e-11
-5.2382813e-11
-5.0664063e-11
-5.1757813e-11
-5.2617188e-11
-5.1289063e-11
-5.0507813e-11
-5.1210938e-11
-5.1445313e-11
-5.2148438e-11
-5.3789063e-11
-5.0664063e-11
-5.1289063e-11
-5.2148438e-11
-5.1562501e-11
-5.1484376e-11
-5.1289063e-11
-5.1562501e-11
-5.1367188e-11
-5.0976563e-11
-5.0351563e-11
-5.0820313e-11
-4.9062501e-11
-5.2421876e-11
-5.1640626e-11
-5.0820313e-11
-5.1015626e-11
-4.9960938e-11
-5.1562501e-11
-5.0117188e-11
-5.1250001e-11
-4.8828126e-11
-5.2539063e-11
-5.0546876e-11
-5.0156251e-11
-4.9804688e-11
-5.1210938e-11
-4.9609376e-11
-5.1171876e-11
-5.1210938e-11
-5.0742188e-11
-4.9960938e-11
-5.0507813e-11
-5.0820313e-11
-5.1406251e-11
-5.1679688e-11
-5.0859376e-11
-5.0664063e-11
-5.1328126e-11
-5.2304688e-11
-4.9179688e-11
-5.1328126e-11
-5.0976563e-11
-4.9960938e-11
-4.9570313e-11
-4.9648438e-11
-5.0000001e-11
-5.2539063e-11
-5.0976563e-11
-5.0390626e-11
-5.0546876e-11
-5.2109376e-11
-5.1445313e-11
-4.9218751e-11
-5.0546876e-11
-5.2734376e-11
-4.8945313e-11
-5.1523438e-11
-5.0078126e-11
-5.0429688e-11
-5.1875001e-11
-5.1210938e-11
-5.1132813e-11
-4.8906251e-11
-5.1992188e-11
-5.1875001e-11
-5.2734376e-11
-5.0585938e-11
-4.9882813e-11
-5.1171876e-11
-5.1210938e-11
-4.9335938e-11
-5.0625001e-11
-5.1132813e-11
-5.1523438e-11
-5.1328126e-11
-4.8789063e-11
-4.9101563e-11
-4.9453126e-11
-4.9609376e-11
-5.2812501e-11
-5.2734376e-11
-5.0507813e-11
-5.2031251e-11
-5.1132813e-11
-5.0898438e-11
-5.0781251e-11
-5.1601563e-11
-5.2460938e-11
-5.1171876e-11
-5.1875001e-11
-4.9375001e-11
-4.9843751e-11
-5.0156251e-11
-5.0507813e-11
-5.1562501e-11
-5.1484376e-11
-5.2460938e-11
-4.9960938e-11
-5.0703126e-11
-5.0351563e-11
-5.1328126e-11
-5.0507813e-11
-5.1289063e-11
-5.0820313e-11
-4.9257813e-11
-5.1484376e-11
-5.1132813e-11
-5.1640626e-11
-5.1328126e-11
-5.1250001e-11
-5.1367188e-11
-5.0625001e-11
-4.9492188e-11
-5.1210938e-11
-5.0390626e-11
-5.1640626e-11
-5.0117188e-11
-4.9921876e-11
-5.1015626e-11
-5.1289063e-11
-4.9179688e-11
-5.1406251e-11
-5.2695313e-11
-4.9843751e-11
-5.1445313e-11
-5.1171876e-11
-4.9335938e-11
-5.0039063e-11
-4.9687501e-11
-5.1562501e-11
-5.1835938e-11
-5.1328126e-11
-4.9453126e-11
-4.9531251e-11
-4.9726563e-11
-4.9804688e-11
-5.0976563e-11
-5.1132813e-11
-5.1757813e-11
-4.9687501e-11
-4.9960938e-11
-5.1796876e-11
-5.1093751e-11
-4.9062501e-11
-5.2539063e-11
-5.0703126e-11
-4.9609376e-11
-4.9960938e-11
-5.1445313e-11
-5.0390626e-11
-5.0234376e-11
-5.1132813e-11
-5.0742188e-11
-5.0546876e-11
-5.1367188e-11
-4.9960938e-11
-5.0859376e-11
-5.0078126e-11
-5.1914063e-11
-5.0781251e-11
-5.1171876e-11
-4.9335938e-11
-4.9570313e-11
-4.9453126e-11
-4.9843751e-11
-5.0117188e-11
-5.1015626e-11
-5.1796876e-11
-5.0703126e-11
-5.2031251e-11
-4.9570313e-11
-5.1406251e-11
-5.0273438e-11
-5.0507813e-11
-5.0468751e-11
-5.1523438e-11
-5.1562501e-11
-5.0703126e-11
-5.1757813e-11
-4.9257813e-11
-5.0820313e-11
-5.0351563e-11
-5.1289063e-11
-5.0625001e-11
-5.0000001e-11
-5.1054688e-11
-5.0976563e-11
-4.9101563e-11
-4.7734375e-11
-5.2148438e-11
-5.1796876e-11
-4.9726563e-11
-5.3242188e-11
-5.0703126e-11
-5.1250001e-11
-4.9843751e-11
-5.0156251e-11
-5.0351563e-11
-5.1250001e-11
-5.2109376e-11
-5.0625001e-11
-5.0039063e-11
-5.1757813e-11
-5.0703126e-11
-5.2070313e-11
-5.0820313e-11
-5.1835938e-11
-5.0664063e-11
-5.1054688e-11
-5.0742188e-11
-5.0468751e-11
-5.1093751e-11
-5.1132813e-11
-5.0117188e-11
-5.2187501e-11
-4.9726563e-11
-5.1367188e-11
-5.0859376e-11
-5.1601563e-11
-5.1992188e-11
-4.9960938e-11
-5.0859376e-11
-4.9140626e-11
-4.9140626e-11
-5.1367188e-11
-5.0781251e-11
-5.1562501e-11
-5.1328126e-11
-5.0234376e-11
-5.0703126e-11
-4.9648438e-11
-5.0156251e-11
-5.0273438e-11
-4.9882813e-11
-5.0546876e-11
-4.9687501e-11
-5.1640626e-11
-5.0585938e-11
-5.0781251e-11
-5.0859376e-11
-5.1796876e-11
-5.0781251e-11
-5.1171876e-11
-4.9492188e-11
-5.0625001e-11
-4.9921876e-11
-5.0546876e-11
-5.0664063e-11
-5.0078126e-11
-5.0156251e-11
-4.9453126e-11
-5.2031251e-11
-5.1562501e-11
-5.0195313e-11
-4.9179688e-11
-5.2656251e-11
-5.1171876e-11
-4.8906251e-11
-4.9023438e-11
-5.0585938e-11
-4.9960938e-11
-5.0312501e-11
-5.0820313e-11
-5.1835938e-11
-5.1875001e-11
-5.2187501e-11
-5.2265626e-11
-4.8906251e-11
-5.0742188e-11
-5.0664063e-11
-5.1289063e-11
-4.9453126e-11
-4.9218751e-11
-5.0820313e-11
-5.0273438e-11
-4.9570313e-11
-4.9765626e-11
-4.9257813e-11
-5.0781251e-11
-5.0039063e-11
-4.9218751e-11
-5.1601563e-11
-4.9257813e-11
-5.1054688e-11
-5.1640626e-11
-5.0859376e-11
-5.0039063e-11
-5.1601563e-11
-5.1250001e-11
-5.0429688e-11
-5.1132813e-11
-5.1640626e-11
-5.0195313e-11
-4.9960938e-11
-5.0273438e-11
-5.1406251e-11
-5.0351563e-11
-5.0390626e-11
-5.0976563e-11
-5.3007813e-11
-4.9609376e-11
-5.1367188e-11
-4.9804688e-11
-5.1054688e-11
-4.9609376e-11
-4.9726563e-11
-5.1289063e-11
-4.9648438e-11
-5.1132813e-11
-5.0820313e-11
-5.0937501e-11
-5.0390626e-11
-4.9843751e-11
-5.0859376e-11
-5.0273438e-11
-5.1054688e-11
-5.0429688e-11
-4.9960938e-11
-4.9023438e-11
-4.9140626e-11
-5.0781251e-11
-5.1250001e-11
-5.1953126e-11
-5.0429688e-11
-5.2851563e-11
-5.0742188e-11
-5.0937501e-11
-4.9453126e-11
-4.9765626e-11
-4.9804688e-11
-5.0546876e-11
-5.0468751e-11
-5.1093751e-11
-5.3125001e-11
-5.1914063e-11
-5.0312501e-11
-5.0351563e-11
-4.9492188e-11
-4.8867188e-11
-5.2109376e-11
-4.9531251e-11
-5.0976563e-11
-5.1796876e-11
-4.9843751e-11
-5.1171876e-11
-5.1054688e-11
-5.0000001e-11
-5.1796876e-11
-5.2070313e-11
-5.0546876e-11
-5.2578126e-11
-5.0312501e-11
-5.0976563e-11
-5.0781251e-11
-5.0273438e-11
-4.9335938e-11
-5.3476563e-11
-5.0468751e-11
-5.0703126e-11
-5.2304688e-11
-5.1757813e-11
-5.0937501e-11
-5.2656251e-11
-5.0625001e-11
-5.1289063e-11
-4.8398438e-11
-5.0781251e-11
-5.0000001e-11
-4.9570313e-11
-5.0742188e-11
-5.2226563e-11
-5.2695313e-11
-4.9492188e-11
-5.1171876e-11
-4.9179688e-11
-5.0742188e-11
-4.9492188e-11
-4.9609376e-11
-5.1210938e-11
-5.0546876e-11
-5.2109376e-11
-4.9453126e-11
-5.1601563e-11
-5.0195313e-11
-4.9023438e-11
-5.1601563e-11
-5.1328126e-11
-5.1601563e-11
-4.8867188e-11
-5.2343751e-11
-5.1406251e-11
-5.1289063e-11
-5.0156251e-11
-5.1250001e-11
-4.9882813e-11
-5.1796876e-11
-5.0976563e-11
-4.9921876e-11
-5.1367188e-11
-5.0625001e-11
-5.3398438e-11
-4.9570313e-11
-5.0585938e-11
-5.1132813e-11
-5.1093751e-11
-4.9492188e-11
-4.9218751e-11
-4.9882813e-11
-5.2382813e-11
-5.2187501e-11
-5.1718751e-11
-5.1406251e-11
-5.0976563e-11
-4.9960938e-11
-5.0820313e-11
-5.1953126e-11
-5.1679688e-11
-5.0000001e-11
-4.9492188e-11
-5.0195313e-11
-5.1367188e-11
-5.1367188e-11
-5.1015626e-11
-5.0507813e-11
-5.1718751e-11
-5.1289063e-11
-5.2187501e-11
-4.9648438e-11
-4.9843751e-11
-5.1210938e-11
-4.9882813e-11
-4.9960938e-11
-4.9648438e-11
-5.0781251e-11
-5.2539063e-11
-5.2343751e-11
-5.1601563e-11
-5.0898438e-11
-5.0429688e-11
-5.1640626e-11
-5.0742188e-11
-5.2539063e-11
-5.0703126e-11
-5.2539063e-11
-5.1054688e-11
-5.1679688e-11
-5.0000001e-11
-4.9687501e-11
-5.1953126e-11
-5.0781251e-11
-5.1562501e-11
-5.1796876e-11
-5.2773438e-11
-5.1835938e-11
-5.2343751e-11
-5.1171876e-11
-5.1562501e-11
-5.1875001e-11
-5.0468751e-11
-5.2109376e-11
-5.0507813e-11
-5.1562501e-11
-4.9570313e-11
-5.0468751e-11
-5.2343751e-11
-5.0468751e-11
-5.2265626e-11
-5.0000001e-11
-5.2109376e-11
-5.3164063e-11
-5.1328126e-11
-5.1718751e-11
-5.1796876e-11
-5.1171876e-11
-5.1484376e-11
-5.2382813e-11
-5.2500001e-11
-5.1054688e-11
-5.2148438e-11
-5.1523438e-11
-5.0429688e-11
-5.2265626e-11
-5.1757813e-11
-5.4726564e-11
-5.0390626e-11
-4.9062501e-11
-5.0585938e-11
-5.2148438e-11
-5.0820313e-11
-5.1250001e-11
-4.9531251e-11
-5.1757813e-11
-5.0625001e-11
-5.1484376e-11
-5.2421876e-11
-5.0468751e-11
-4.9570313e-11
-5.3046876e-11
-5.0898438e-11
-5.2343751e-11
-5.1210938e-11
-5.1367188e-11
-5.0195313e-11
-5.0742188e-11
-5.1484376e-11
-5.2695313e-11
-5.1562501e-11
-5.1835938e-11
-5.1484376e-11
-5.0312501e-11
-5.2382813e-11
-5.1757813e-11
-5.1601563e-11
-4.9921876e-11
-5.1171876e-11
-5.2851563e-11
-5.0117188e-11
-5.1054688e-11
-5.2500001e-11
-5.0507813e-11
-5.1562501e-11
-5.1679688e-11
-5.1445313e-11
-5.2695313e-11
-5.3320313e-11
-5.1796876e-11
-5.2148438e-11
-5.0820313e-11
-5.1328126e-11
-5.1054688e-11
-5.0039063e-11
-4.9335938e-11
-5.1132813e-11
-5.0546876e-11
-5.1054688e-11
-5.1757813e-11
-4.9453126e-11
-5.0390626e-11
-5.1171876e-11
-5.1132813e-11
-5.1054688e-11
-5.1523438e-11
-5.1484376e-11
-5.2851563e-11
-5.2695313e-11
-5.0820313e-11
-5.1289063e-11
-5.0078126e-11
-5.1328126e-11
-5.1953126e-11
-5.1171876e-11
-5.0937501e-11
-5.1328126e-11
-4.9843751e-11
-5.0742188e-11
-5.1640626e-11
-5.1328126e-11
-5.2265626e-11
-5.0273438e-11
-5.0273438e-11
-5.0937501e-11
-5.3125001e-11
-5.1484376e-11
-5.0117188e-11
-5.1523438e-11
-5.1093751e-11
-5.0742188e-11
-5.1015626e-11
-5.0781251e-11
-5.0156251e-11
-4.9960938e-11
-5.1757813e-11
-4.9492188e-11
-5.1875001e-11
-5.1445313e-11
-5.1523438e-11
-5.3085938e-11
-5.0781251e-11
-5.2031251e-11
-5.1367188e-11
-5.0703126e-11
-5.1523438e-11
-5.0351563e-11
-5.1523438e-11
-5.1406251e-11
-5.0664063e-11
-5.1601563e-11
-5.2656251e-11
-5.0898438e-11
-5.0000001e-11
-5.1093751e-11
-5.0781251e-11
-5.1210938e-11
-5.1484376e-11
-5.1289063e-11
-5.3398438e-11
-5.2578126e-11
-5.1250001e-11
-5.0625001e-11
-5.1406251e-11
-5.0820313e-11
-5.1132813e-11
-5.3203126e-11
-5.2578126e-11
-5.3515626e-11
-5.1640626e-11
-5.2109376e-11
-5.0898438e-11
-5.1523438e-11
-5.0937501e-11
-5.2109376e-11
-5.1992188e-11
-5.1562501e-11
-5.2539063e-11
-5.1484376e-11
-5.1289063e-11
-5.0546876e-11
-5.1445313e-11
-5.3398438e-11
-5.2070313e-11
-5.1835938e-11
-5.2460938e-11
-5.0859376e-11
-5.1640626e-11
-5.1328126e-11
-5.2343751e-11
-5.0234376e-11
-5.0390626e-11
-5.1796876e-11
-5.0820313e-11
-5.3632813e-11
-5.2656251e-11
-5.1171876e-11
-5.1328126e-11
-5.1367188e-11
-5.0703126e-11
-5.0546876e-11
-4.9492188e-11
-5.0898438e-11
-5.1992188e-11
-5.1718751e-11
-5.0390626e-11
-4.9648438e-11
-5.0273438e-11
-5.0585938e-11
-5.0781251e-11
-5.1796876e-11
-5.4101564e-11
-5.1601563e-11
-5.2187501e-11
-5.0234376e-11
-5.1054688e-11
-5.0390626e-11
-5.2343751e-11
-5.1093751e-11
-5.0703126e-11
-4.9609376e-11
-5.2031251e-11
-5.1914063e-11
-5.1367188e-11
-5.2226563e-11
-5.2226563e-11
-5.4492189e-11
-5.3281251e-11
-5.2773438e-11
-5.2460938e-11
-5.1562501e-11
-5.0312501e-11
-5.3437501e-11
-5.2421876e-11
-5.0742188e-11
-5.1601563e-11
-5.1718751e-11
-5.3125001e-11
-5.1992188e-11
-5.2812501e-11
-5.1875001e-11
-5.1093751e-11
-5.0898438e-11
-5.1796876e-11
-5.0742188e-11
-5.2500001e-11
-5.1757813e-11
-5.3671876e-11
-5.1484376e-11
-5.0507813e-11
-5.1406251e-11
-5.1015626e-11
-5.3750001e-11
-5.1445313e-11
-5.2109376e-11
-5.0937501e-11
-5.2265626e-11
-5.0820313e-11
-5.3398438e-11
-5.1640626e-11
-5.0820313e-11
-5.2968751e-11
-5.0000001e-11
-5.2773438e-11
-5.3945313e-11
-5.2421876e-11
-5.0507813e-11
-5.2109376e-11
-5.2890626e-11
-5.2148438e-11
-4.8867188e-11
-5.2070313e-11
-5.1953126e-11
-5.1445313e-11
-5.2812501e-11
-5.1406251e-11
-5.2187501e-11
-5.2148438e-11
-5.1601563e-11
-5.2421876e-11
-5.2031251e-11
-5.2109376e-11
-5.0429688e-11
-5.0507813e-11
-5.1328126e-11
-5.1601563e-11
-5.0859376e-11
-5.1718751e-11
-5.2226563e-11
-5.2617188e-11
-5.1562501e-11
-5.0273438e-11
-5.2656251e-11
-5.2187501e-11
-5.1601563e-11
-5.1015626e-11
-5.2226563e-11
-5.1445313e-11
-5.0546876e-11
-5.2734376e-11
-5.0898438e-11
-5.0390626e-11
-5.0976563e-11
-5.2343751e-11
-5.3007813e-11
-5.1992188e-11
-5.1523438e-11
-5.2578126e-11
-5.2031251e-11
-5.1484376e-11
-5.1718751e-11
-5.2148438e-11
-4.9218751e-11
-4.9726563e-11
-5.2343751e-11
-5.1328126e-11
-5.2617188e-11
-5.2343751e-11
-5.1093751e-11
-5.3398438e-11
-5.2031251e-11
-5.1523438e-11
-5.1835938e-11
-5.3085938e-11
-5.1171876e-11
-5.2265626e-11
-5.0312501e-11
-5.1289063e-11
-5.1835938e-11
-5.2812501e-11
-5.1718751e-11
-5.0664063e-11
-5.0156251e-11
-5.3867188e-11
-5.1367188e-11
-5.1445313e-11
-5.1953126e-11
-5.1992188e-11
-5.1132813e-11
-5.1328126e-11
-5.3125001e-11
-4.9609376e-11
-5.2265626e-11
-5.0351563e-11
-5.1875001e-11
-4.9687501e-11
-5.3789063e-11
-5.0351563e-11
-5.2617188e-11
-5.3593751e-11
-5.3046876e-11
-5.2578126e-11
-5.0468751e-11
-4.8710938e-11
-5.0429688e-11
-5.1562501e-11
-4.9687501e-11
-5.1406251e-11
-5.1601563e-11
-5.4179689e-11
-5.2304688e-11
-5.1054688e-11
-5.1210938e-11
-5.1093751e-11
-5.0664063e-11
-5.0820313e-11
-5.1328126e-11
-5.0117188e-11
-4.9960938e-11
-5.3203126e-11
-5.2968751e-11
-5.0742188e-11
-5.1796876e-11
-5.0742188e-11
-5.2304688e-11
-5.0000001e-11
-4.9570313e-11
-5.1875001e-11
-5.2656251e-11
-5.1914063e-11
-5.2500001e-11
-5.2773438e-11
-5.1953126e-11
-5.0976563e-11
-5.1250001e-11
-5.2695313e-11
-5.1250001e-11
-5.1367188e-11
-5.1054688e-11
-5.2070313e-11
-5.2226563e-11
-4.9218751e-11
-5.0429688e-11
-5.2109376e-11
-5.2578126e-11
-5.1289063e-11
-5.1367188e-11
-5.1250001e-11
-5.2500001e-11
-5.2656251e-11
-5.1250001e-11
-5.3046876e-11
-5.1601563e-11
-5.2343751e-11
-5.0664063e-11
-5.1992188e-11
-5.0664063e-11
-5.0390626e-11
-5.2304688e-11
-5.1953126e-11
-5.1054688e-11
-5.2187501e-11
-5.1601563e-11
-5.1445313e-11
-5.2734376e-11
-5.1914063e-11
-5.0742188e-11
-5.3867188e-11
-5.0585938e-11
-5.1406251e-11
-5.1953126e-11
-5.1210938e-11
-5.3203126e-11
-4.9375001e-11
-5.2226563e-11
-5.1250001e-11
-5.0898438e-11
-5.2265626e-11
-5.1718751e-11
-5.1718751e-11
-5.0625001e-11
-5.1718751e-11
-5.2265626e-11
-5.0156251e-11
-5.1093751e-11
-5.1835938e-11
-5.0390626e-11
-5.1796876e-11
-5.2539063e-11
-5.1796876e-11
-5.0625001e-11
-5.1835938e-11
-5.1250001e-11
-5.1992188e-11
-5.1015626e-11
-5.0585938e-11
-5.1953126e-11
-5.2265626e-11
-5.2578126e-11
-5.1171876e-11
-5.2265626e-11
-5.0390626e-11
-5.1250001e-11
-4.9843751e-11
-5.1875001e-11
-5.2304688e-11
-5.0195313e-11
-5.0039063e-11
-5.1914063e-11
-5.2148438e-11
-5.0937501e-11
-5.0468751e-11
-5.3203126e-11
-5.2890626e-11
-5.1835938e-11
-5.2695313e-11
-5.2617188e-11
-5.2968751e-11
-5.2304688e-11
-5.1679688e-11
-5.3359376e-11
-5.4335939e-11
-5.2617188e-11
-5.1757813e-11
-5.3203126e-11
-5.1718751e-11
-5.2382813e-11
-5.2148438e-11
-5.0820313e-11
-5.1093751e-11
-5.2070313e-11
-5.1328126e-11
-5.2851563e-11
-5.1992188e-11
-5.1289063e-11
-5.2617188e-11
-5.2539063e-11
-5.2617188e-11
-5.2148438e-11
-5.1171876e-11
-5.1914063e-11
-5.3125001e-11
-5.0937501e-11
-5.2773438e-11
-5.1562501e-11
-4.9765626e-11
-5.1718751e-11
-5.0000001e-11
-5.1093751e-11
-5.2382813e-11
-5.2578126e-11
-5.0156251e-11
-5.1328126e-11
-5.1484376e-11
-5.1640626e-11
-5.0742188e-11
-5.1757813e-11
-5.2343751e-11
-5.0898438e-11
-5.2695313e-11
-5.2539063e-11
-5.0507813e-11
-5.0664063e-11
-5.2187501e-11
-5.2656251e-11
-4.9023438e-11
-5.0859376e-11
-5.1250001e-11
-5.0781251e-11
-5.0156251e-11
-5.0859376e-11
-5.1679688e-11
-5.1757813e-11
-5.0390626e-11
-4.8515626e-11
-5.1914063e-11
-4.9960938e-11
-5.0976563e-11
-5.1406251e-11
-5.1523438e-11
-5.0078126e-11
-5.0898438e-11
-5.2695313e-11
-5.0546876e-11
-5.1445313e-11
-5.1210938e-11
-5.1601563e-11
-5.0117188e-11
-4.9609376e-11
-5.0937501e-11
-5.1289063e-11
-5.1679688e-11
-5.3007813e-11
-5.1718751e-11
-5.2265626e-11
-5.2617188e-11
-5.1328126e-11
-4.9843751e-11
-5.1679688e-11
-5.2031251e-11
-5.0976563e-11
-5.0000001e-11
-5.2304688e-11
-5.2656251e-11
-5.1718751e-11
-5.1210938e-11
-5.1562501e-11
-5.0976563e-11
-5.1445313e-11
-4.9804688e-11
-5.0156251e-11
-5.1992188e-11
-5.0585938e-11
-5.0820313e-11
-4.9804688e-11
-5.2929688e-11
-5.2851563e-11
-5.0507813e-11
-4.9921876e-11
-5.1015626e-11
-5.1601563e-11
-5.1679688e-11
-5.1093751e-11
-5.0546876e-11
-5.0820313e-11
-5.2070313e-11
-5.1875001e-11
-5.2460938e-11
-5.1484376e-11
-5.0351563e-11
-4.9648438e-11
-5.0585938e-11
-5.2460938e-11
-4.9492188e-11
-5.0664063e-11
-5.0859376e-11
-4.8632813e-11
-5.1523438e-11
-5.1562501e-11
-5.1445313e-11
-5.0937501e-11
-5.2304688e-11
-5.0000001e-11
-5.2148438e-11
-5.1093751e-11
-5.1679688e-11
-5.2578126e-11
-5.2929688e-11
-5.0351563e-11
-5.1093751e-11
-5.2343751e-11
-5.2617188e-11
-5.0156251e-11
-5.0976563e-11
-5.0000001e-11
-5.0781251e-11
-5.0976563e-11
-5.0742188e-11
-5.2070313e-11
-5.1367188e-11
-5.2773438e-11
-5.1484376e-11
-5.2226563e-11
-5.1640626e-11
-5.0976563e-11
-5.1210938e-11
-5.0468751e-11
-5.0429688e-11
-4.8984376e-11
-4.9843751e-11
-5.1796876e-11
-5.1328126e-11
-5.1484376e-11
-5.0781251e-11
-5.2773438e-11
-4.9843751e-11
-5.1015626e-11
-5.0156251e-11
-5.2851563e-11
-5.0585938e-11
-5.0898438e-11
-5.1679688e-11
-5.0820313e-11
-5.0273438e-11
-5.1328126e-11
-5.0078126e-11
-5.2109376e-11
-5.0976563e-11
-5.1015626e-11
-5.1250001e-11
-5.1210938e-11
-5.0664063e-11
-5.2304688e-11
-5.2500001e-11
-5.1210938e-11
-5.2187501e-11
-5.2929688e-11
-5.2421876e-11
-5.1406251e-11
-5.2695313e-11
-5.1054688e-11
-5.0234376e-11
-5.1875001e-11
-5.2070313e-11
-5.1210938e-11
-5.0859376e-11
-5.1289063e-11
-5.2500001e-11
-5.2734376e-11
-5.2500001e-11
-5.3476563e-11
-5.1992188e-11
-5.1757813e-11
-5.2578126e-11
-5.0625001e-11
-5.2070313e-11
-5.0664063e-11
-5.3203126e-11
-5.2187501e-11
-5.2812501e-11
-5.1406251e-11
-5.1835938e-11
-5.0468751e-11
-5.0390626e-11
-5.2265626e-11
-5.0546876e-11
-5.3125001e-11
-5.1328126e-11
-5.1093751e-11
-5.1093751e-11
-5.1054688e-11
-4.9882813e-11
-5.3125001e-11
-5.1679688e-11
-5.1406251e-11
-5.2734376e-11
-5.0976563e-11
-5.0781251e-11
-5.0078126e-11
-5.0585938e-11
-5.1171876e-11
-5.0312501e-11
-5.1171876e-11
-5.2539063e-11
-5.0976563e-11
-5.0742188e-11
-5.2343751e-11
-5.1484376e-11
-5.1992188e-11
-5.0625001e-11
-5.0781251e-11
-4.8945313e-11
-5.0937501e-11
-5.2460938e-11
-5.1562501e-11
-5.0625001e-11
-5.1445313e-11
-5.0390626e-11
-5.2695313e-11
-5.1210938e-11
-4.8828126e-11
-5.1484376e-11
-5.0273438e-11
-5.2539063e-11
-5.1835938e-11
-5.0312501e-11
-5.1445313e-11
-5.2617188e-11
-5.0507813e-11
-5.1953126e-11
-5.0742188e-11
-5.2304688e-11
-4.8281251e-11
-4.9726563e-11
-5.0312501e-11
-5.3281251e-11
-5.1015626e-11
-5.0039063e-11
-5.0898438e-11
-5.1093751e-11
-5.1835938e-11
-5.0000001e-11
-5.0625001e-11
-5.0859376e-11
-4.9648438e-11
-5.0156251e-11
-5.1054688e-11
-5.0429688e-11
-5.1796876e-11
-5.0585938e-11
-5.2812501e-11
-5.0273438e-11
-5.1406251e-11
-5.0234376e-11
-4.8632813e-11
-5.2773438e-11
-4.8359376e-11
-4.9960938e-11
-5.1406251e-11
-4.9765626e-11
-4.9921876e-11
-4.9687501e-11
-5.0937501e-11
-5.0859376e-11
-5.1835938e-11
-5.1992188e-11
-5.1757813e-11
-5.0781251e-11
-5.0976563e-11
-5.0234376e-11
-5.1250001e-11
-5.0195313e-11
-5.0312501e-11
-5.1992188e-11
-5.2031251e-11
-5.0976563e-11
-4.9804688e-11
-5.2421876e-11
-5.0234376e-11
-5.1289063e-11
-5.2109376e-11
-4.9921876e-11
-5.1289063e-11
-5.2773438e-11
-5.0859376e-11
-5.1484376e-11
-4.9921876e-11
-5.3046876e-11
-4.9921876e-11
-5.0937501e-11
-4.9218751e-11
-4.8164063e-11
-5.0312501e-11
-4.9296876e-11
-5.0351563e-11
-5.0664063e-11
-5.0351563e-11
-5.1250001e-11
-4.9023438e-11
-5.2773438e-11
-5.1210938e-11
-5.3125001e-11
-5.0312501e-11
-5.0390626e-11
-5.0507813e-11
-5.1953126e-11
-4.9179688e-11
-5.1250001e-11
-5.0468751e-11
-5.0742188e-11
-4.9843751e-11
-5.0898438e-11
-4.9687501e-11
-5.0156251e-11
-5.2539063e-11
-5.1093751e-11
-5.2109376e-11
-4.9648438e-11
-5.0156251e-11
-5.0742188e-11
-5.1054688e-11
-5.1250001e-11
-5.1484376e-11
-5.2500001e-11
-5.0820313e-11
-5.1132813e-11
-5.0937501e-11
-5.1132813e-11
-5.0468751e-11
-5.2148438e-11
-5.0937501e-11
-5.0664063e-11
-5.0898438e-11
-5.1289063e-11
-5.1796876e-11
-5.1835938e-11
-5.1835938e-11
-5.0742188e-11
-5.1757813e-11
-5.0781251e-11
-5.0703126e-11
-5.0898438e-11
-4.9062501e-11
-5.0117188e-11
-5.1015626e-11
-5.0351563e-11
-4.8984376e-11
-5.1250001e-11
-4.9882813e-11
-4.9492188e-11
-4.9414063e-11
-4.9960938e-11
-5.1093751e-11
-5.1679688e-11
-4.8945313e-11
-5.0078126e-11
-5.2773438e-11
-5.0781251e-11
-5.1328126e-11
-5.0390626e-11
-5.0585938e-11
-5.0976563e-11
-5.0742188e-11
-5.1328126e-11
-5.1718751e-11
-5.2304688e-11
-5.0195313e-11
-5.0351563e-11
-5.0195313e-11
-4.9531251e-11
-5.1289063e-11
-5.1367188e-11
-5.1171876e-11
-5.1093751e-11
-5.0078126e-11
-5.1250001e-11
-5.0937501e-11
-5.0000001e-11
-5.0664063e-11
-4.9531251e-11
-5.2812501e-11
-5.1210938e-11
-5.0664063e-11
-5.2734376e-11
-5.1015626e-11
-5.1562501e-11
-5.0664063e-11
-5.1015626e-11
-5.1367188e-11
-5.1914063e-11
-5.1562501e-11
-4.8906251e-11
-5.0625001e-11
-5.0468751e-11
-5.1250001e-11
-5.1640626e-11
-5.1718751e-11
-5.0390626e-11
-5.1718751e-11
-5.1875001e-11
-5.1992188e-11
-4.9882813e-11
-5.1289063e-11
-5.0468751e-11
-5.0078126e-11
-5.0546876e-11
-5.1015626e-11
-5.0273438e-11
-5.2265626e-11
-5.1132813e-11
-5.0781251e-11
-5.0898438e-11
-4.9453126e-11
-5.1875001e-11
-5.0117188e-11
-5.1171876e-11
-5.1054688e-11
-5.0156251e-11
-5.2500001e-11
-5.3125001e-11
-4.9765626e-11
-5.1171876e-11
-5.0664063e-11
-5.1523438e-11
-5.0312501e-11
-5.0195313e-11
-5.1289063e-11
-5.1210938e-11
-5.0585938e-11
-5.1210938e-11
-5.1171876e-11
-4.9218751e-11
-5.1406251e-11
-5.1367188e-11
-5.1210938e-11
-5.0664063e-11
-5.2187501e-11
-4.9843751e-11
-5.1875001e-11
-5.2460938e-11
-5.0468751e-11
-5.1445313e-11
-5.1601563e-11
-5.1718751e-11
-5.1640626e-11
-5.1250001e-11
-5.1601563e-11
-5.0664063e-11
-5.0625001e-11
-5.1250001e-11
-5.1328126e-11
-5.2343751e-11
-5.1210938e-11
-5.0976563e-11
-5.2148438e-11
-5.1015626e-11
-5.1445313e-11
-5.0625001e-11
-5.1679688e-11
-5.1015626e-11
-5.1328126e-11
-5.2109376e-11
-5.0195313e-11
-5.1132813e-11
-5.0273438e-11
-5.0507813e-11
-5.0468751e-11
-5.2695313e-11
-5.2187501e-11
-5.2031251e-11
-5.0859376e-11
-4.9531251e-11
-5.0781251e-11
-5.2460938e-11
-5.1445313e-11
-4.9687501e-11
-4.9687501e-11
-5.0937501e-11
-5.0937501e-11
-4.9960938e-11
-5.0273438e-11
-4.9882813e-11
-5.2382813e-11
-5.2304688e-11
-5.1992188e-11
-5.2773438e-11
-5.1445313e-11
-5.1562501e-11
-5.0664063e-11
-5.0390626e-11
-5.0976563e-11
-5.1679688e-11
-4.9921876e-11
-5.1015626e-11
-5.0976563e-11
-5.1289063e-11
-5.1132813e-11
-5.1523438e-11
-5.0781251e-11
-5.0703126e-11
-5.0156251e-11
-5.2734376e-11
-5.0546876e-11
-5.1015626e-11
-5.0351563e-11
-5.1835938e-11
-5.0468751e-11
-4.9648438e-11
-5.1562501e-11
-5.0546876e-11
-4.9296876e-11
-5.1914063e-11
-5.0234376e-11
-5.0429688e-11
-4.9726563e-11
-4.9492188e-11
-5.2031251e-11
-5.0546876e-11
-4.9257813e-11
-5.0117188e-11
-5.0390626e-11
-4.9765626e-11
-5.2109376e-11
-5.0937501e-11
-5.0390626e-11
-5.0312501e-11
-4.9335938e-11
-5.1367188e-11
-5.0468751e-11
-4.9609376e-11
-5.0390626e-11
-4.9492188e-11
-5.1132813e-11
-4.9414063e-11
-5.0390626e-11
-5.1093751e-11
-5.0468751e-11
-4.9921876e-11
-5.0117188e-11
-5.0234376e-11
-4.9648438e-11
-5.1367188e-11
-4.9570313e-11
-5.1054688e-11
-5.2343751e-11
-4.8632813e-11
-5.1328126e-11
-5.1015626e-11
-4.9179688e-11
-4.9687501e-11
-5.0742188e-11
-5.0703126e-11
-5.1406251e-11
-5.1640626e-11
-4.9804688e-11
-4.9960938e-11
-5.1132813e-11
-5.2265626e-11
-5.0937501e-11
-4.9687501e-11
-5.1718751e-11
-5.1210938e-11
-5.0664063e-11
-5.0703126e-11
-5.0546876e-11
-5.1250001e-11
-5.1601563e-11
-5.0390626e-11
-5.1875001e-11
-5.1640626e-11
-5.0546876e-11
-5.1992188e-11
-4.9843751e-11
-5.1640626e-11
-5.0625001e-11
-5.1406251e-11
-5.0351563e-11
-5.0976563e-11
-5.1406251e-11
-5.0117188e-11
-4.9492188e-11
-5.1132813e-11
-5.0742188e-11
-5.0429688e-11
-5.1445313e-11
-5.1132813e-11
-5.2265626e-11
-5.0273438e-11
-5.2265626e-11
-5.0703126e-11
-5.0976563e-11
-5.1484376e-11
-5.1250001e-11
-4.9414063e-11
-5.0937501e-11
-5.1132813e-11
-4.9140626e-11
-4.9960938e-11
-5.1679688e-11
-5.0937501e-11
-5.1718751e-11
-5.1210938e-11
-5.1562501e-11
-5.0976563e-11
-5.0742188e-11
-5.0429688e-11
-5.1757813e-11
-5.2109376e-11
-4.8867188e-11
-5.1875001e-11
-4.9960938e-11
-5.0390626e-11
-5.1640626e-11
-5.0859376e-11
-5.2890626e-11
-5.2617188e-11
-5.2226563e-11
-5.2968751e-11
-4.8632813e-11
-5.2617188e-11
-5.2187501e-11
-5.2148438e-11
-5.1250001e-11
-5.1562501e-11
-5.0468751e-11
-5.1796876e-11
-5.3359376e-11
-5.0273438e-11
-5.1054688e-11
-5.1171876e-11
-5.1679688e-11
-5.0546876e-11
-4.9375001e-11
-4.9843751e-11
-4.7773438e-11
-5.0351563e-11
-5.1484376e-11
-5.2226563e-11
-5.2187501e-11
-5.1250001e-11
-5.0195313e-11
-5.1132813e-11
-5.1953126e-11
-4.9726563e-11
-5.0898438e-11
-4.9921876e-11
-5.1992188e-11
-5.1250001e-11
-4.9921876e-11
-5.1054688e-11
-5.0429688e-11
-5.2460938e-11
-5.1796876e-11
-5.0859376e-11
-5.0312501e-11
-4.9960938e-11
-5.1640626e-11
-5.0351563e-11
-5.0351563e-11
-5.1132813e-11
-5.1171876e-11
-5.0312501e-11
-5.1093751e-11
-5.1210938e-11
-5.0117188e-11
-4.9335938e-11
-5.2148438e-11
-5.1289063e-11
-4.9023438e-11
-5.0468751e-11
-5.1054688e-11
-5.3046876e-11
-5.2382813e-11
-5.1914063e-11
-5.1250001e-11
-5.0937501e-11
-5.0234376e-11
-5.0976563e-11
-5.0898438e-11
-5.0273438e-11
-5.1484376e-11
-4.9609376e-11
-5.1757813e-11
-4.9726563e-11
-5.1445313e-11
-5.2421876e-11
-5.0781251e-11
-5.0468751e-11
-5.0937501e-11
-5.2187501e-11
-4.9609376e-11
-5.1718751e-11
-4.9804688e-11
-4.9218751e-11
-5.1289063e-11
-5.0468751e-11
-5.1679688e-11
-5.1289063e-11
-5.1210938e-11
-5.1250001e-11
-5.0781251e-11
-5.0742188e-11
-5.0078126e-11
-4.9921876e-11
-4.9414063e-11
-5.1523438e-11
-5.1640626e-11
-5.1953126e-11
-5.0195313e-11
-5.0625001e-11
-5.0000001e-11
-5.1406251e-11
-5.1523438e-11
-5.1054688e-11
-5.2343751e-11
-4.9960938e-11
-5.0585938e-11
-4.9921876e-11
-5.1679688e-11
-5.0898438e-11
-5.0742188e-11
-5.3398438e-11
-4.9804688e-11
-5.1757813e-11
-4.9843751e-11
-5.0312501e-11
-5.0039063e-11
-5.0898438e-11
-5.0585938e-11
-5.2070313e-11
-5.2421876e-11
-5.1523438e-11
-5.1250001e-11
-5.1328126e-11
-4.9453126e-11
-5.1093751e-11
-5.1601563e-11
-5.0546876e-11
-5.0664063e-11
-4.7539063e-11
-5.1210938e-11
-5.1523438e-11
-5.2812501e-11
-5.2578126e-11
-5.0976563e-11
-5.1757813e-11
-5.0585938e-11
-4.9687501e-11
-5.1093751e-11
-5.2656251e-11
-5.0078126e-11
-5.0664063e-11
-4.9414063e-11
-5.2226563e-11
-5.1484376e-11
-5.0859376e-11
-5.2617188e-11
-5.1562501e-11
-5.1875001e-11
-4.9023438e-11
-5.2617188e-11
-5.0468751e-11
-5.0078126e-11
-5.1835938e-11
-5.0117188e-11
-5.0429688e-11
-5.3085938e-11
-5.2382813e-11
-5.1484376e-11
-5.2187501e-11
-5.1250001e-11
-5.0625001e-11
-5.0859376e-11
-5.0117188e-11
-5.0156251e-11
-5.1250001e-11
-5.3242188e-11
-5.1367188e-11
-5.0234376e-11
-5.1406251e-11
-5.1757813e-11
-5.2304688e-11
-4.9375001e-11
-5.1601563e-11
-5.3320313e-11
-5.1523438e-11
-5.2187501e-11
-5.1406251e-11
-5.1757813e-11
-5.1640626e-11
-5.0859376e-11
-5.1015626e-11
-4.9882813e-11
-5.0195313e-11
-5.1757813e-11
-5.2109376e-11
-5.1992188e-11
-5.1289063e-11
-5.1953126e-11
-5.2460938e-11
-5.0781251e-11
-5.1445313e-11
-5.1484376e-11
-5.1445313e-11
-5.1210938e-11
-4.9531251e-11
-5.0898438e-11
-5.0390626e-11
-5.0703126e-11
-5.2812501e-11
-5.0859376e-11
-5.1601563e-11
-4.9375001e-11
-4.9921876e-11
-5.0117188e-11
-5.1601563e-11
-5.2539063e-11
-4.9414063e-11
-5.1093751e-11
-5.1679688e-11
-4.765625e-11
-5.1640626e-11
-5.1601563e-11
-5.1328126e-11
-5.2382813e-11
-5.1835938e-11
-5.1718751e-11
-4.9023438e-11
-5.0820313e-11
-5.1171876e-11
-5.0898438e-11
-5.1328126e-11
-5.1679688e-11
-5.0703126e-11
-5.1210938e-11
-5.1210938e-11
-5.1054688e-11
-5.1875001e-11
-5.1054688e-11
-5.0585938e-11
-5.0351563e-11
-5.0898438e-11
-5.0976563e-11
-4.9335938e-11
-5.0000001e-11
-5.0156251e-11
-4.9960938e-11
-4.8359376e-11
-4.9609376e-11
-4.9296876e-11
-5.1328126e-11
-5.0546876e-11
-5.0625001e-11
-5.1171876e-11
-5.1640626e-11
-5.0312501e-11
-5.1132813e-11
-5.0351563e-11
-5.1796876e-11
-4.9570313e-11
-5.0546876e-11
-5.1093751e-11
-5.1093751e-11
-4.9296876e-11
-5.1875001e-11
-5.0742188e-11
-5.0234376e-11
-5.2226563e-11
-4.9257813e-11
-5.3203126e-11
-5.3085938e-11
-5.2343751e-11
-5.1835938e-11
-5.1328126e-11
-5.1953126e-11
-5.0312501e-11
-5.0429688e-11
-5.0585938e-11
-5.1367188e-11
-5.0859376e-11
-5.0625001e-11
-5.0820313e-11
-5.2695313e-11
-5.1054688e-11
-5.1171876e-11
-5.1796876e-11
-4.9765626e-11
-5.1484376e-11
-5.2539063e-11
-5.0195313e-11
-5.1093751e-11
-5.2382813e-11
-5.1796876e-11
-5.0039063e-11
-4.9531251e-11
-5.0468751e-11
-5.1054688e-11
-5.1054688e-11
-5.0312501e-11
-5.2109376e-11
-5.0703126e-11
-4.9609376e-11
-5.1484376e-11
-4.8906251e-11
-5.1093751e-11
-5.1289063e-11
-5.1835938e-11
-5.1640626e-11
-5.1562501e-11
-5.1718751e-11
-5.1875001e-11
-5.0976563e-11
-5.0039063e-11
-4.9023438e-11
-5.2031251e-11
-5.1992188e-11
-5.2695313e-11
-5.1328126e-11
-5.1523438e-11
-5.3867188e-11
-5.0703126e-11
-5.0585938e-11
-5.1992188e-11
-5.1640626e-11
-5.0742188e-11
-4.8984376e-11
-5.2421876e-11
-5.1132813e-11
-5.1250001e-11
-5.1679688e-11
-5.0703126e-11
-5.0585938e-11
-5.1328126e-11
-5.0156251e-11
-5.2070313e-11
-5.1132813e-11
-5.0898438e-11
-5.1796876e-11
-5.1914063e-11
-5.2343751e-11
-5.0781251e-11
-5.2031251e-11
-5.0039063e-11
-5.1757813e-11
-4.9609376e-11
-5.1132813e-11
-5.1132813e-11
-5.1367188e-11
-4.8906251e-11
-5.2070313e-11
-5.0937501e-11
-5.0000001e-11
-4.9492188e-11
-5.0546876e-11
-5.0273438e-11
-5.0664063e-11
-5.2460938e-11
-5.1328126e-11
-4.8750001e-11
-5.1757813e-11
-5.1289063e-11
-5.0625001e-11
-5.1289063e-11
-5.1523438e-11
-5.2656251e-11
-5.1523438e-11
-5.1562501e-11
-4.9140626e-11
-5.2617188e-11
-5.2343751e-11
-5.0625001e-11
-4.9570313e-11
-5.2539063e-11
-5.0390626e-11
-5.0429688e-11
-5.3203126e-11
-5.0156251e-11
-5.1523438e-11
-5.2656251e-11
-5.2148438e-11
-5.2109376e-11
-5.1210938e-11
-4.9882813e-11
-4.9023438e-11
-5.0859376e-11
-5.2500001e-11
-4.9804688e-11
-5.1367188e-11
-5.2851563e-11
-5.0898438e-11
-4.9921876e-11
-5.1523438e-11
-5.2539063e-11
-4.9765626e-11
-4.9335938e-11
-5.0585938e-11
-4.9257813e-11
-5.3281251e-11
-5.0703126e-11
-5.0000001e-11
-5.1210938e-11
-5.1875001e-11
-4.9531251e-11
-5.0820313e-11
-5.1445313e-11
-4.9140626e-11
-4.9453126e-11
-5.1640626e-11
-5.0781251e-11
-5.2109376e-11
-5.1796876e-11
-5.2773438e-11
-4.9453126e-11
-5.2578126e-11
-5.3164063e-11
-4.9023438e-11
-5.1054688e-11
-5.1796876e-11
-5.0546876e-11
-5.1992188e-11
-5.2500001e-11
-5.2460938e-11
-5.1289063e-11
-5.0468751e-11
-5.1914063e-11
-5.0507813e-11
-5.0859376e-11
-5.2226563e-11
-5.1679688e-11
-5.1796876e-11
-5.0429688e-11
-5.1054688e-11
-5.2460938e-11
-5.0820313e-11
-5.1523438e-11
-5.3437501e-11
-5.1132813e-11
-5.1054688e-11
-5.1914063e-11
-5.0312501e-11
-5.0781251e-11
-5.1210938e-11
-5.2148438e-11
-5.2421876e-11
-5.1250001e-11
-4.9960938e-11
-5.2382813e-11
-5.1640626e-11
-5.1093751e-11
-5.1289063e-11
-5.0781251e-11
-5.0156251e-11
-4.9882813e-11
-5.1445313e-11
-5.1445313e-11
-5.0664063e-11
-5.2500001e-11
-4.9179688e-11
-5.0546876e-11
-5.0703126e-11
-5.2343751e-11
-5.1562501e-11
-5.0468751e-11
-4.9843751e-11
-4.8945313e-11
-5.0742188e-11
-5.0859376e-11
-5.1523438e-11
-5.1992188e-11
-5.0273438e-11
-5.0664063e-11
-5.0429688e-11
-5.1250001e-11
-4.9062501e-11
-5.0156251e-11
-5.1367188e-11
-5.0585938e-11
-4.9453126e-11
-5.0781251e-11
-5.1289063e-11
-5.0859376e-11
-5.0468751e-11
-4.9648438e-11
-4.9726563e-11
-5.1523438e-11
-5.0781251e-11
-4.9570313e-11
-4.9882813e-11
-5.0898438e-11
-5.0273438e-11
-4.9843751e-11
-5.1875001e-11
-5.1054688e-11
-5.1289063e-11
-5.1757813e-11
-5.2695313e-11
-5.0429688e-11
-5.1679688e-11
-5.2187501e-11
-5.2265626e-11
-5.0781251e-11
-5.0351563e-11
-5.3437501e-11
-5.2929688e-11
-5.1484376e-11
-5.2734376e-11
-5.0234376e-11
-5.0781251e-11
-5.2070313e-11
-5.2539063e-11
-5.1015626e-11
-5.1132813e-11
-5.0429688e-11
-5.1015626e-11
-5.2460938e-11
-5.1953126e-11
-5.1835938e-11
-5.2148438e-11
-5.1796876e-11
-5.1523438e-11
-5.1132813e-11
-4.9062501e-11
-5.0078126e-11
-5.0820313e-11
-5.1835938e-11
-5.0976563e-11
-5.1484376e-11
-4.9257813e-11
-5.3515626e-11
-5.2226563e-11
-5.0468751e-11
-5.1992188e-11
-5.0546876e-11
-5.0664063e-11
-5.0703126e-11
-5.1289063e-11
-5.2187501e-11
-5.0351563e-11
-5.1015626e-11
-4.9257813e-11
-5.1601563e-11
-5.1484376e-11
-5.1796876e-11
-5.1875001e-11
-5.0781251e-11
-5.1640626e-11
-5.1875001e-11
-5.2304688e-11
-5.1054688e-11
-5.1132813e-11
-5.1171876e-11
-4.8632813e-11
-5.2773438e-11
-5.1171876e-11
-5.1679688e-11
-5.1562501e-11
-5.1601563e-11
-5.0976563e-11
-5.0664063e-11
-5.1093751e-11
-5.1484376e-11
-5.0312501e-11
-5.0937501e-11
-5.0820313e-11
-5.1328126e-11
-5.1992188e-11
-5.0390626e-11
-5.0351563e-11
-5.2539063e-11
-5.1914063e-11
-5.0039063e-11
-5.0429688e-11
-5.2304688e-11
-5.2070313e-11
-5.1835938e-11
-5.1562501e-11
-5.0117188e-11
-5.1054688e-11
-5.0000001e-11
-5.1250001e-11
-5.2070313e-11
-5.1601563e-11
-5.1914063e-11
-5.0859376e-11
-5.2578126e-11
-5.1640626e-11
-5.2812501e-11
-5.0937501e-11
-4.9453126e-11
-5.0898438e-11
-5.1562501e-11
-5.2421876e-11
-4.8281251e-11
-5.1562501e-11
-5.2695313e-11
-5.3320313e-11
-5.1171876e-11
-4.9921876e-11
-4.9375001e-11
-5.1210938e-11
-4.9843751e-11
-5.2187501e-11
-5.0585938e-11
-5.0273438e-11
-5.0781251e-11
-5.0585938e-11
-4.9726563e-11
-5.2500001e-11
-4.8710938e-11
-5.1601563e-11
-5.2265626e-11
-4.9492188e-11
-5.0468751e-11
-5.1367188e-11
-5.1757813e-11
-5.2734376e-11
-5.0429688e-11
-5.1601563e-11
-4.9960938e-11
-5.3046876e-11
-5.0703126e-11
-5.2148438e-11
-5.0273438e-11
-5.1054688e-11
-5.2343751e-11
-5.1484376e-11
-5.1328126e-11
-4.9960938e-11
-5.1250001e-11
-5.0273438e-11
-4.9882813e-11
-5.1054688e-11
-5.1093751e-11
-5.2812501e-11
-5.0468751e-11
-5.1718751e-11
-5.1132813e-11
-5.1992188e-11
-4.9882813e-11
-5.0625001e-11
-5.0859376e-11
-5.1562501e-11
-5.1132813e-11
-4.9335938e-11
-5.3320313e-11
-4.9609376e-11
-5.0390626e-11
-4.9960938e-11
-5.0507813e-11
-5.2148438e-11
-5.2070313e-11
-5.0390626e-11
-5.1796876e-11
-5.2421876e-11
-5.1406251e-11
-4.9414063e-11
-5.0742188e-11
-5.0546876e-11
-5.0859376e-11
-5.1875001e-11
-4.9882813e-11
-4.9453126e-11
-4.9062501e-11
-5.1445313e-11
-5.0273438e-11
-4.9609376e-11
-5.2421876e-11
-5.0976563e-11
-5.1093751e-11
-5.1367188e-11
-5.1875001e-11
-4.9570313e-11
-5.0781251e-11
-5.2539063e-11
-5.0898438e-11
-5.0976563e-11
-5.2031251e-11
-5.0781251e-11
-5.0429688e-11
-5.1718751e-11
-5.2890626e-11
-5.1132813e-11
-5.0703126e-11
-5.1679688e-11
-5.1250001e-11
-5.0859376e-11
-5.2109376e-11
-5.1445313e-11
-5.0898438e-11
-5.0664063e-11
-5.0625001e-11
-5.0898438e-11
-5.0976563e-11
-5.2031251e-11
-5.0625001e-11
-5.1953126e-11
-5.1523438e-11
-5.1210938e-11
-5.1523438e-11
-5.1562501e-11
