4.5092263e-10
4.5053569e-10
4.509226e-10
4.5080359e-10
4.4970236e-10
4.5148812e-10
4.4999998e-10
4.5205356e-10
4.5068449e-10
4.5089291e-10
4.5104165e-10
4.4904758e-10
4.5026793e-10
4.4991075e-10
4.4907739e-10
4.4937501e-10
4.4898807e-10
4.4830356e-10
4.4910711e-10
4.5014886e-10
4.508631e-10
4.5023812e-10
4.4967255e-10
4.5095239e-10
4.5110116e-10
4.5101192e-10
4.4979173e-10
4.4991075e-10
4.5077381e-10
4.5226198e-10
4.496131e-10
4.4976187e-10
4.496726e-10
4.5151785e-10
4.5068449e-10
4.5026785e-10
4.500596e-10
4.4999995e-10
4.4946424e-10
4.5029758e-10
4.5008933e-10
4.4970241e-10
4.4761905e-10
4.5279763e-10
4.5154763e-10
4.4982143e-10
4.5154763e-10
4.5059526e-10
4.5247023e-10
4.5297618e-10
4.5178575e-10
4.5226189e-10
4.5142862e-10
4.5238091e-10
4.5267856e-10
4.5211307e-10
4.5068449e-10
4.5247023e-10
4.5044637e-10
4.5193455e-10
4.524702e-10
4.5059526e-10
4.5145837e-10
4.5193455e-10
4.5151785e-10
4.5148807e-10
4.5136911e-10
4.511905e-10
4.5166668e-10
4.5101192e-10
4.507143e-10
4.5288687e-10
4.5002976e-10
4.5154763e-10
4.5059526e-10
4.5101189e-10
4.5080359e-10
4.5068452e-10
4.5130955e-10
4.5089288e-10
4.5116066e-10
4.5130952e-10
4.5306547e-10
4.5062493e-10
4.5255952e-10
4.5107143e-10
4.5211301e-10
4.5172624e-10
4.4976192e-10
4.5318455e-10
4.5116066e-10
4.5142862e-10
4.5202381e-10
4.5077381e-10
4.5068452e-10
4.5107151e-10
4.4976187e-10
4.493452e-10
4.5011905e-10
4.5166665e-10
4.5110121e-10
4.5047624e-10
4.4830356e-10
4.5163687e-10
4.5205356e-10
4.5050597e-10
4.5172618e-10
4.5163689e-10
4.5080359e-10
4.5324405e-10
4.521131e-10
4.5065476e-10
4.510714e-10
4.5163687e-10
4.5184526e-10
4.5020834e-10
4.5205356e-10
4.5181547e-10
4.5035714e-10
4.5125004e-10
4.5077381e-10
4.5062501e-10
4.5190476e-10
4.5348217e-10
4.5122023e-10
4.521726e-10
4.5041668e-10
4.5011905e-10
4.4991072e-10
4.5151785e-10
4.518452e-10
4.5101192e-10
4.5095233e-10
4.5139883e-10
4.5160714e-10
4.5098211e-10
4.508631e-10
4.5166665e-10
4.5130952e-10
4.5252974e-10
4.5172618e-10
4.5026785e-10
4.508631e-10
4.4970241e-10
4.5130952e-10
4.5092269e-10
4.5208329e-10
4.5104173e-10
4.5285714e-10
4.5095241e-10
4.5303569e-10
4.5241069e-10
4.536905e-10
4.5235121e-10
4.5279763e-10
4.510417e-10
4.5190476e-10
4.5324408e-10
4.5098214e-10
4.5157739e-10
4.518452e-10
4.5026785e-10
4.5080359e-10
4.507143e-10
4.5190479e-10
4.5163689e-10
4.5133927e-10
4.5151785e-10
4.5196435e-10
4.5151793e-10
4.5020834e-10
4.5002976e-10
4.5193457e-10
4.511905e-10
4.5032744e-10
4.5110113e-10
4.4991075e-10
4.5050591e-10
4.5002976e-10
4.5062498e-10
4.5089282e-10
4.4833331e-10
4.5101184e-10
4.4934523e-10
4.5133924e-10
4.5008927e-10
4.490476e-10
4.4970236e-10
4.5136911e-10
4.5041665e-10
4.4946433e-10
4.4919637e-10
4.4895829e-10
4.4943449e-10
4.5175591e-10
4.5077372e-10
4.510417e-10
4.496131e-10
4.5130952e-10
4.5053578e-10
4.511905e-10
4.4949403e-10
4.5193449e-10
4.5023812e-10
4.5029758e-10
4.516964e-10
4.4967263e-10
4.5053569e-10
4.5050597e-10
4.5145834e-10
4.5261903e-10
4.5080353e-10
4.497917e-10
4.5169646e-10
4.5145837e-10
4.5047618e-10
4.5074408e-10
4.4985121e-10
4.5101189e-10
4.510714e-10
4.5104165e-10
4.5151785e-10
4.5101184e-10
4.4854165e-10
4.5187507e-10
4.5023815e-10
4.5154763e-10
4.4967252e-10
4.4994047e-10
4.4964285e-10
4.5110113e-10
4.5095233e-10
4.515178e-10
4.5178569e-10
4.5184526e-10
4.5095239e-10
4.5047618e-10
4.5124995e-10
4.5261905e-10
4.5330356e-10
4.5065476e-10
4.5282736e-10
4.5184528e-10
4.5038687e-10
4.519643e-10
4.515178e-10
4.5136905e-10
4.5014878e-10
4.4925591e-10
4.5092263e-10
4.5098214e-10
4.5032739e-10
4.4985116e-10
4.5139883e-10
4.5098214e-10
4.5011905e-10
4.5116075e-10
4.5104165e-10
4.5151793e-10
4.5011905e-10
4.5130955e-10
4.5136905e-10
4.521726e-10
4.5151785e-10
4.5187498e-10
4.5127974e-10
4.4985124e-10
4.5062493e-10
4.5139878e-10
4.5208337e-10
4.4970236e-10
4.4880949e-10
4.5202381e-10
4.5175591e-10
4.5187504e-10
4.5026788e-10
4.5047624e-10
4.5098211e-10
4.5145837e-10
4.5172618e-10
4.5202378e-10
4.4994047e-10
4.5208337e-10
4.5154763e-10
4.5122026e-10
4.5154763e-10
4.5142856e-10
4.521726e-10
4.5154766e-10
4.508631e-10
4.5294646e-10
4.5127982e-10
4.4952383e-10
4.5193457e-10
4.5110113e-10
4.5077381e-10
4.5247023e-10
4.5169637e-10
4.5181542e-10
4.5142853e-10
4.5053575e-10
4.5154763e-10
4.5145829e-10
4.5116066e-10
4.5178575e-10
4.5068452e-10
4.5163689e-10
4.5151785e-10
4.5199408e-10
4.5184526e-10
4.5098211e-10
4.5220233e-10
4.5095239e-10
4.5154763e-10
4.5175591e-10
4.5086312e-10
4.5241072e-10
4.5044646e-10
4.5005955e-10
4.508928e-10
4.5068452e-10
4.4940479e-10
4.5020843e-10
4.5133933e-10
4.5142862e-10
4.5196427e-10
4.508631e-10
4.5279763e-10
4.5116072e-10
4.5035708e-10
4.511905e-10
4.5151785e-10
4.5178578e-10
4.5068452e-10
4.5080359e-10
4.5044637e-10
4.5038689e-10
4.5047618e-10
4.5160722e-10
4.5136905e-10
4.5101189e-10
4.5127974e-10
4.5074408e-10
4.5023807e-10
4.515178e-10
4.5101189e-10
4.5077381e-10
4.4991075e-10
4.5062501e-10
4.4991072e-10
4.5127974e-10
4.4830353e-10
4.5181553e-10
4.4833331e-10
4.5002976e-10
4.5142856e-10
4.5065476e-10
4.5202378e-10
4.5038695e-10
4.5083337e-10
4.4958334e-10
4.5038695e-10
4.4869045e-10
4.510714e-10
4.511905e-10
4.5220239e-10
4.519643e-10
4.5026785e-10
4.5244053e-10
4.5110116e-10
4.5139883e-10
4.5077386e-10
4.5068452e-10
4.5035717e-10
4.5023815e-10
4.5139878e-10
4.5151793e-10
4.5083332e-10
4.5208332e-10
4.5211307e-10
4.5107143e-10
4.5032744e-10
4.5080362e-10
4.5157739e-10
4.5014875e-10
4.5247031e-10
4.524405e-10
4.5133927e-10
4.4999998e-10
4.4985121e-10
4.521726e-10
4.5026785e-10
4.5020834e-10
4.5142853e-10
4.4991066e-10
4.5232135e-10
4.5163687e-10
4.5261905e-10
4.5035717e-10
4.5032739e-10
4.5250001e-10
4.5187504e-10
4.5110116e-10
4.5172624e-10
4.5264881e-10
4.5166665e-10
4.5157739e-10
4.5175597e-10
4.500596e-10
4.5110113e-10
4.5000004e-10
4.5062501e-10
4.5232143e-10
4.5139878e-10
4.5089288e-10
4.5020829e-10
4.5151785e-10
4.5148807e-10
4.5232143e-10
4.516964e-10
4.5011911e-10
4.5005955e-10
4.4999995e-10
4.5163687e-10
4.5101192e-10
4.510714e-10
4.5279763e-10
4.510714e-10
4.4973214e-10
4.5157739e-10
4.5020837e-10
4.5014878e-10
4.5011905e-10
4.5125001e-10
4.505952e-10
4.5122031e-10
4.5011905e-10
4.5095233e-10
4.4982143e-10
4.5104162e-10
4.4961312e-10
4.4976187e-10
4.4979162e-10
4.480655e-10
4.5062498e-10
4.5151785e-10
4.5163689e-10
4.5068449e-10
4.4895829e-10
4.5020829e-10
4.4907739e-10
4.5041668e-10
4.5122023e-10
4.5136903e-10
4.5273812e-10
4.5178569e-10
4.5205356e-10
4.521726e-10
4.5211315e-10
4.5235121e-10
4.5080359e-10
4.5011905e-10
4.5035714e-10
4.5282736e-10
4.5125004e-10
4.5101192e-10
4.5071427e-10
4.5247028e-10
4.5113094e-10
4.518452e-10
4.4916668e-10
4.5011905e-10
4.5172624e-10
4.5184528e-10
4.5062498e-10
4.5199414e-10
4.5139883e-10
4.516964e-10
4.5044646e-10
4.5077386e-10
4.5133933e-10
4.5053575e-10
4.5187493e-10
4.5062501e-10
4.4979165e-10
4.4973214e-10
4.5190479e-10
4.5252974e-10
4.5145829e-10
4.4863097e-10
4.5113094e-10
4.5187498e-10
4.5110121e-10
4.509822e-10
4.5104162e-10
4.4934523e-10
4.5095233e-10
4.5226192e-10
4.5190476e-10
4.5062507e-10
4.5163695e-10
4.5172616e-10
4.5241072e-10
4.5035717e-10
4.5050597e-10
4.5166665e-10
4.5232149e-10
4.510417e-10
4.5020829e-10
4.4866072e-10
4.5133933e-10
4.5104162e-10
4.5181542e-10
4.5270834e-10
4.5464285e-10
4.5413692e-10
4.5735118e-10
4.5916668e-10
4.6318449e-10
4.6782744e-10
4.7470244e-10
4.782143e-10
4.8312498e-10
4.8794641e-10
4.9235122e-10
4.9741072e-10
4.9928572e-10
5.037798e-10
5.0556548e-10
5.0842264e-10
5.1178567e-10
5.1369053e-10
5.1553578e-10
5.1997018e-10
5.2175586e-10
5.2276783e-10
5.2607135e-10
5.2764876e-10
5.2669646e-10
5.3059518e-10
5.3104166e-10
5.306548e-10
5.3089283e-10
5.3187499e-10
5.3157734e-10
5.3327376e-10
5.3398808e-10
5.341369e-10
5.3520827e-10
5.3684523e-10
5.3660715e-10
5.364284e-10
5.3895838e-10
5.3800597e-10
5.4011901e-10
5.4127974e-10
5.4044647e-10
5.397916e-10
5.3910709e-10
5.3988092e-10
5.4086308e-10
5.4089278e-10
5.3988092e-10
5.3958332e-10
5.4032739e-10
5.410119e-10
5.4145832e-10
5.4017857e-10
5.4035709e-10
5.381548e-10
5.3889881e-10
5.3619048e-10
5.372619e-10
5.3842264e-10
5.3830351e-10
5.3669647e-10
5.3925592e-10
5.3898808e-10
5.3803573e-10
5.3601196e-10
5.3687493e-10
5.366369e-10
5.3526777e-10
5.3547616e-10
5.3666671e-10
5.341369e-10
5.3383925e-10
5.3532739e-10
5.3389881e-10
5.3327376e-10
5.3389876e-10
5.3300592e-10
5.328869e-10
5.2955351e-10
5.303869e-10
5.3104171e-10
5.3107135e-10
5.303572e-10
5.3008931e-10
5.2985116e-10
5.2845239e-10
5.2830357e-10
5.2964289e-10
5.2803573e-10
5.2812499e-10
5.2723204e-10
5.2782739e-10
5.294048e-10
5.2749993e-10
5.2836308e-10
5.2523808e-10
5.2458332e-10
5.2645827e-10
5.2586313e-10
5.2559523e-10
5.2639881e-10
5.2517851e-10
5.2544635e-10
5.2407734e-10
5.2196425e-10
5.2372023e-10
5.2348215e-10
5.2479165e-10
5.2315474e-10
5.2282739e-10
5.2095234e-10
5.2139881e-10
5.2017857e-10
5.2101184e-10
5.1946436e-10
5.194048e-10
5.1776788e-10
5.191369e-10
5.1866073e-10
5.1717264e-10
5.1660715e-10
5.1675597e-10
5.157143e-10
5.1663696e-10
5.1708332e-10
5.1672611e-10
5.141369e-10
5.1172616e-10
5.1502969e-10
5.1366073e-10
5.1434523e-10
5.1366067e-10
5.144048e-10
5.1452381e-10
5.1366067e-10
5.1398807e-10
5.1395838e-10
5.1401788e-10
5.1282739e-10
5.1297622e-10
5.1139876e-10
5.1116067e-10
5.1032739e-10
5.1032734e-10
5.1068449e-10
5.0880949e-10
5.1050592e-10
5.0967264e-10
5.0854165e-10
5.0895832e-10
5.0800592e-10
5.0937504e-10
5.0889881e-10
5.0755944e-10
5.0773813e-10
5.0788684e-10
5.0827387e-10
5.0702381e-10
5.0761911e-10
5.0532739e-10
5.053869e-10
5.0517857e-10
5.0499999e-10
5.0488091e-10
5.0559518e-10
5.0517857e-10
5.0404769e-10
5.041369e-10
5.0342258e-10
5.0375004e-10
5.0276788e-10
5.0217258e-10
5.0330362e-10
5.0336313e-10
5.025298e-10
5.035119e-10
5.0175591e-10
5.0196425e-10
5.0157739e-10
5.0369048e-10
5.0386906e-10
5.0229165e-10
5.029166e-10
5.0333326e-10
5.0327376e-10
5.0309523e-10
5.0342264e-10
5.016666e-10
5.0214288e-10
5.0175597e-10
5.0178567e-10
5.0193444e-10
5.0148802e-10
5.000893e-10
5.0232141e-10
5.0122029e-10
5.0133925e-10
5.0029764e-10
4.9988091e-10
4.987798e-10
5.0101195e-10
4.9845239e-10
5.0023807e-10
4.9994042e-10
4.9952381e-10
4.9955362e-10
4.9827381e-10
4.9970234e-10
4.9678572e-10
4.9940474e-10
4.9764887e-10
5.0029753e-10
4.9806548e-10
4.9732141e-10
4.9806548e-10
4.9708337e-10
4.9901783e-10
4.9675597e-10
4.9675591e-10
4.9630955e-10
4.9693455e-10
4.9666665e-10
4.9586307e-10
4.9705351e-10
4.969048e-10
4.9497029e-10
4.9630944e-10
4.9729165e-10
4.9619053e-10
4.947619e-10
4.9583332e-10
4.9586307e-10
4.947619e-10
4.9482152e-10
4.9514881e-10
4.9476195e-10
4.9508925e-10
4.9443449e-10
4.9383919e-10
4.9339288e-10
4.9348214e-10
4.9559523e-10
4.926487e-10
4.938393e-10
4.9491067e-10
4.9247023e-10
4.9190485e-10
4.9092258e-10
4.9255949e-10
4.9127979e-10
4.9336307e-10
4.916072e-10
4.9172622e-10
4.9077375e-10
4.9244048e-10
4.9303572e-10
4.9175591e-10
4.9095233e-10
4.9065474e-10
4.9199406e-10
4.9154764e-10
4.9065474e-10
4.9119048e-10
4.8982135e-10
4.916369e-10
4.9184523e-10
4.9119048e-10
4.9166665e-10
4.9172622e-10
4.9092258e-10
4.9187504e-10
4.9157739e-10
4.9124999e-10
4.9005949e-10
4.9095239e-10
4.8922622e-10
4.9095239e-10
4.8952375e-10
4.8985116e-10
4.8741072e-10
4.8901788e-10
4.8949406e-10
4.9035703e-10
4.8988097e-10
4.894643e-10
4.8880955e-10
4.8901783e-10
4.8925597e-10
4.8904758e-10
4.8934518e-10
4.8904764e-10
4.9047622e-10
4.8934518e-10
4.9071425e-10
4.8839288e-10
4.8803572e-10
4.8827381e-10
4.8877979e-10
4.8839283e-10
4.8839288e-10
4.8916665e-10
4.8949406e-10
4.8764892e-10
4.8982146e-10
4.8809523e-10
4.8767862e-10
4.8720239e-10
4.8678561e-10
4.8711302e-10
4.8875004e-10
4.8687504e-10
4.8880955e-10
4.8851184e-10
4.8872018e-10
4.8866072e-10
4.863096e-10
4.8622023e-10
4.8874998e-10
4.8693455e-10
4.8654764e-10
4.8622023e-10
4.8470233e-10
4.8622023e-10
4.8729165e-10
4.860119e-10
4.8675597e-10
4.8616072e-10
4.8622023e-10
4.872322e-10
4.86369e-10
4.8529758e-10
4.853869e-10
4.8639881e-10
4.8657733e-10
4.8619048e-10
4.8651783e-10
4.8535714e-10
4.8657739e-10
4.8714288e-10
4.8556542e-10
4.8586307e-10
4.8583332e-10
4.8502974e-10
4.8580362e-10
4.8654764e-10
4.8461313e-10
4.8642856e-10
4.8479171e-10
4.8488091e-10
4.8607146e-10
4.8505955e-10
4.8505944e-10
4.8482141e-10
4.8464283e-10
4.8505949e-10
4.8461313e-10
4.8461313e-10
4.8449394e-10
4.841369e-10
4.8294641e-10
4.85119e-10
4.8464283e-10
4.8455362e-10
4.8279752e-10
4.8398807e-10
4.8321425e-10
4.8303572e-10
4.8339283e-10
4.8377985e-10
4.8482141e-10
4.8473214e-10
4.8342264e-10
4.8520837e-10
4.8419646e-10
4.8580356e-10
4.8386906e-10
4.8321425e-10
4.8395837e-10
4.8413695e-10
4.8497023e-10
4.8482141e-10
4.8467264e-10
4.8410714e-10
4.8407733e-10
4.8374998e-10
4.8297621e-10
4.8410714e-10
4.8538684e-10
4.8363097e-10
4.8345244e-10
4.8464283e-10
4.8529764e-10
4.8386906e-10
4.8404758e-10
4.8229171e-10
4.8446425e-10
4.8500004e-10
4.8413684e-10
4.8392856e-10
4.8488102e-10
4.8431548e-10
4.8571419e-10
4.8407739e-10
4.8398807e-10
4.8473214e-10
4.8264887e-10
4.8422627e-10
4.8241072e-10
4.8425591e-10
4.8380949e-10
4.8235116e-10
4.8452381e-10
4.8369048e-10
4.828869e-10
4.8604171e-10
4.8413695e-10
4.8357146e-10
4.8428567e-10
4.8431553e-10
4.8285709e-10
4.8199411e-10
4.8214294e-10
4.8095239e-10
4.8443455e-10
4.832143e-10
4.8330356e-10
4.8220244e-10
4.8258925e-10
4.8377968e-10
4.8342269e-10
4.8187498e-10
4.8377968e-10
4.8440474e-10
4.8461313e-10
4.8354165e-10
4.8276788e-10
4.8300591e-10
4.8505955e-10
4.8336313e-10
4.8291665e-10
4.8110116e-10
4.8276788e-10
4.8160714e-10
4.8342264e-10
4.8178572e-10
4.8205362e-10
4.8270837e-10
4.810714e-10
4.8080356e-10
4.8169646e-10
4.8175591e-10
4.819346e-10
4.8160714e-10
4.8148813e-10
4.8005955e-10
4.8178572e-10
4.79494e-10
4.8169646e-10
4.8068455e-10
4.8092258e-10
4.7970239e-10
4.8124998e-10
4.819346e-10
4.81369e-10
4.8154764e-10
4.8116072e-10
4.8101195e-10
4.8249998e-10
4.8205356e-10
4.8157739e-10
4.8205362e-10
4.8080356e-10
4.8148802e-10
4.7934523e-10
4.8127979e-10
4.8017856e-10
4.810714e-10
4.797619e-10
4.8023807e-10
4.8139881e-10
4.822619e-10
4.8000004e-10
4.8116078e-10
4.8175597e-10
4.8002979e-10
4.8020832e-10
4.8056548e-10
4.80119e-10
4.8249998e-10
4.8142856e-10
4.7874998e-10
4.8107146e-10
4.7991072e-10
4.8279764e-10
4.8083332e-10
4.7973214e-10
4.8017851e-10
4.810416e-10
4.816072e-10
4.785119e-10
4.8014881e-10
4.7937498e-10
4.7973225e-10
4.7922627e-10
4.7898807e-10
4.8029769e-10
4.8050597e-10
4.8080356e-10
4.8077387e-10
4.8062498e-10
4.7994042e-10
4.8017867e-10
4.7863091e-10
4.7845239e-10
4.7916665e-10
4.7910714e-10
4.7857146e-10
4.7752974e-10
4.7755949e-10
4.7806548e-10
4.7744048e-10
4.791369e-10
4.7735121e-10
4.7818449e-10
4.778869e-10
4.769643e-10
4.778869e-10
4.7839288e-10
4.7857146e-10
4.7901783e-10
4.7952387e-10
4.7744048e-10
4.7812498e-10
4.8023807e-10
4.7657733e-10
4.7815474e-10
4.775893e-10
4.7827386e-10
4.7788695e-10
4.7672621e-10
4.7824406e-10
4.7803578e-10
4.7630944e-10
4.7776788e-10
4.7761911e-10
4.785119e-10
4.76994e-10
4.7836307e-10
4.7556548e-10
4.759822e-10
4.7604165e-10
4.7717263e-10
4.7619053e-10
4.7592258e-10
4.7687504e-10
4.7699411e-10
4.7705356e-10
4.7729165e-10
4.7627974e-10
4.7675597e-10
4.7553572e-10
4.7616072e-10
4.760714e-10
4.7574406e-10
4.7651783e-10
4.7514881e-10
4.750893e-10
4.7622023e-10
4.7407733e-10
4.7550597e-10
4.766369e-10
4.7532744e-10
4.766964e-10
4.7684523e-10
4.7747023e-10
4.7550597e-10
4.7473214e-10
4.7488097e-10
4.7583332e-10
4.7434529e-10
4.7586307e-10
4.7568455e-10
4.7473214e-10
4.7550597e-10
4.7589283e-10
4.7407739e-10
4.7616078e-10
4.7502974e-10
4.7505949e-10
4.7491067e-10
4.7687498e-10
4.7529752e-10
4.748214e-10
4.7556548e-10
4.7425591e-10
4.7562498e-10
4.7639875e-10
4.767261e-10
4.769643e-10
4.7604171e-10
4.7520826e-10
4.7627985e-10
4.7577381e-10
4.7470239e-10
4.7630944e-10
4.7619048e-10
4.7541659e-10
4.7744048e-10
4.7610121e-10
4.7583332e-10
4.7505955e-10
4.7479165e-10
4.7782733e-10
4.7574406e-10
4.7514881e-10
4.7461313e-10
4.7544646e-10
4.766369e-10
4.7625004e-10
4.7690479e-10
4.7678567e-10
4.7613102e-10
4.7625004e-10
4.7708337e-10
4.7422621e-10
4.7610121e-10
4.741072e-10
4.7434529e-10
4.7514875e-10
4.7541665e-10
4.7479165e-10
4.7467263e-10
4.7398807e-10
4.7395837e-10
4.7526788e-10
4.7505955e-10
4.7464283e-10
4.7339282e-10
4.7348209e-10
4.7410714e-10
4.7380955e-10
4.7425591e-10
4.7306542e-10
4.7416665e-10
4.7178578e-10
4.7241078e-10
4.7395837e-10
4.7348214e-10
4.7404758e-10
4.7360116e-10
4.7386906e-10
4.7532739e-10
4.7324406e-10
4.7526783e-10
4.7443455e-10
4.7488091e-10
4.7565474e-10
4.7553567e-10
4.7440479e-10
4.7508925e-10
4.7473214e-10
4.7488097e-10
4.7491067e-10
4.7517856e-10
4.7476184e-10
4.753869e-10
4.741964e-10
4.7345239e-10
4.7517856e-10
4.7309517e-10
4.7431542e-10
4.7586318e-10
4.7467263e-10
4.7366067e-10
4.7485116e-10
4.7479165e-10
4.7273807e-10
4.7520837e-10
4.7386906e-10
4.7321425e-10
4.7345228e-10
4.7270832e-10
4.7255949e-10
4.7276782e-10
4.7437493e-10
4.7383925e-10
4.7401782e-10
4.7404763e-10
4.7354171e-10
4.7529763e-10
4.7196425e-10
4.7470239e-10
4.7401788e-10
4.7315474e-10
4.719643e-10
4.7002974e-10
4.7336313e-10
4.7175597e-10
4.7229165e-10
4.7119053e-10
4.7303572e-10
4.7392856e-10
4.7110121e-10
4.7080356e-10
4.7068455e-10
4.7309523e-10
4.7342263e-10
4.7380955e-10
4.7398807e-10
4.7377979e-10
4.7092263e-10
4.7235121e-10
4.7113097e-10
4.7211307e-10
4.7154763e-10
4.7312504e-10
4.7148807e-10
4.7092258e-10
4.7214282e-10
4.7196425e-10
4.7223214e-10
4.7154763e-10
4.7190474e-10
4.7050597e-10
4.7205356e-10
4.7154763e-10
4.6931553e-10
4.6994048e-10
4.7098214e-10
4.729464e-10
4.7059523e-10
4.7184523e-10
4.7178572e-10
4.7166665e-10
4.716369e-10
4.7002979e-10
4.7119053e-10
4.7127979e-10
4.7178572e-10
4.7157744e-10
4.7178572e-10
4.7291671e-10
4.710119e-10
4.7214288e-10
4.71994e-10
4.7252974e-10
4.7261906e-10
4.7095233e-10
4.7270837e-10
4.7300591e-10
4.7122023e-10
4.7023813e-10
4.716369e-10
4.7119048e-10
4.720237e-10
4.703869e-10
4.6997017e-10
4.7196425e-10
4.7175586e-10
4.7208326e-10
4.7148818e-10
4.7047621e-10
4.7139881e-10
4.7425591e-10
4.7160714e-10
4.7095244e-10
4.7157744e-10
4.7020832e-10
4.7145832e-10
4.7101195e-10
4.6991072e-10
4.7083337e-10
4.7119048e-10
4.7050597e-10
4.697619e-10
4.7220239e-10
4.7023807e-10
4.7089288e-10
4.7241072e-10
4.7059523e-10
4.6964288e-10
4.7086313e-10
4.6901782e-10
4.6979165e-10
4.6988097e-10
4.7029763e-10
4.7002979e-10
4.7002979e-10
4.7205356e-10
4.688393e-10
4.6988091e-10
4.6943455e-10
4.6946419e-10
4.7175602e-10
4.707143e-10
4.70119e-10
4.6994048e-10
4.7124998e-10
4.7050591e-10
4.7095233e-10
4.7071425e-10
4.7238097e-10
4.7062498e-10
4.7178572e-10
4.7139881e-10
4.7026782e-10
4.7005949e-10
4.7026782e-10
4.7092263e-10
4.6961307e-10
4.6997023e-10
4.7160714e-10
4.6979165e-10
4.7113097e-10
4.7139881e-10
4.713393e-10
4.6907733e-10
4.7095244e-10
4.6940479e-10
4.7020832e-10
4.6999998e-10
4.7074411e-10
4.6901782e-10
4.6869048e-10
4.6940468e-10
4.6943449e-10
4.6755955e-10
4.7116072e-10
4.7041665e-10
4.6964282e-10
4.6999998e-10
4.6946425e-10
4.6836313e-10
4.7095244e-10
4.7050597e-10
4.6970239e-10
4.7166665e-10
4.7017862e-10
4.6979165e-10
4.6937498e-10
4.6848214e-10
4.7059523e-10
4.7133925e-10
4.700596e-10
4.700893e-10
4.6967258e-10
4.694643e-10
4.7020832e-10
4.7127979e-10
4.7005955e-10
4.6949405e-10
4.7050591e-10
4.6895832e-10
4.703869e-10
4.6880955e-10
4.6949405e-10
4.7074405e-10
4.6991072e-10
4.700893e-10
4.7053572e-10
4.6842269e-10
4.7047627e-10
4.700893e-10
4.6860127e-10
4.7127979e-10
4.6922616e-10
4.6922616e-10
4.6934528e-10
4.7059528e-10
4.6877979e-10
4.6919635e-10
4.6848214e-10
4.7026782e-10
4.6955356e-10
4.7038695e-10
4.6892856e-10
4.7002979e-10
4.6815485e-10
4.6770843e-10
4.6836313e-10
4.6925602e-10
4.6958337e-10
4.6949405e-10
4.6904763e-10
4.6675597e-10
4.6815479e-10
4.6937498e-10
4.6809523e-10
4.685714e-10
4.6779763e-10
4.6919646e-10
4.6806548e-10
4.6866072e-10
4.6839288e-10
4.6779763e-10
4.6970239e-10
4.6827381e-10
4.6869048e-10
4.7020832e-10
4.6866072e-10
4.6735116e-10
4.6732146e-10
4.6687498e-10
4.6949405e-10
4.6863097e-10
4.6741072e-10
4.6779763e-10
4.6791665e-10
4.6916671e-10
4.6833332e-10
4.6735121e-10
4.6764875e-10
4.6794646e-10
4.6794646e-10
4.6714288e-10
4.6818449e-10
4.6744048e-10
4.6815468e-10
4.6901788e-10
4.6684528e-10
4.6732146e-10
4.6943455e-10
4.6836302e-10
4.6833337e-10
4.6705356e-10
4.6604171e-10
4.6723209e-10
4.682143e-10
4.6770826e-10
4.7062504e-10
4.6863091e-10
4.6720239e-10
4.7035714e-10
4.6877979e-10
4.6738091e-10
4.6806548e-10
4.6839288e-10
4.6898813e-10
4.6723214e-10
4.6904763e-10
4.6869042e-10
4.6869053e-10
4.6818449e-10
4.6892862e-10
4.6869053e-10
4.7002979e-10
4.6782744e-10
4.6812498e-10
4.6988097e-10
4.6931553e-10
4.6955356e-10
4.6943455e-10
4.6895837e-10
4.6812493e-10
4.6833337e-10
4.6928572e-10
4.691369e-10
4.6827381e-10
4.6806548e-10
4.6910709e-10
4.7002979e-10
4.6767862e-10
4.6779763e-10
4.6806548e-10
4.6949411e-10
4.6863091e-10
4.704464e-10
4.6866072e-10
4.6973209e-10
4.6976195e-10
4.6767856e-10
4.68869e-10
4.6657744e-10
4.6907739e-10
4.6776777e-10
4.6830351e-10
4.673214e-10
4.6714288e-10
4.6705356e-10
4.6583332e-10
4.6720239e-10
4.6610121e-10
4.6636905e-10
4.6500001e-10
4.6764875e-10
4.6598214e-10
4.6505952e-10
4.6696436e-10
4.6726195e-10
4.6613097e-10
4.6562501e-10
4.6738097e-10
4.6681548e-10
4.6675597e-10
4.6562501e-10
4.6681548e-10
4.6672627e-10
4.657143e-10
4.6681548e-10
4.6595233e-10
4.6711301e-10
4.6604159e-10
4.659822e-10
4.6738097e-10
4.6720244e-10
4.6738091e-10
4.6627974e-10
4.6758925e-10
4.6505952e-10
4.6973209e-10
4.6601184e-10
4.685119e-10
4.6749998e-10
4.6744042e-10
4.6854165e-10
4.6770837e-10
4.6741072e-10
4.6580362e-10
4.6800597e-10
4.6622023e-10
4.6494048e-10
4.6735121e-10
4.6663695e-10
4.6735121e-10
4.6845239e-10
4.6749993e-10
4.6803572e-10
4.6824405e-10
4.6782739e-10
4.6806548e-10
4.6642856e-10
4.6741072e-10
4.6886905e-10
4.6848214e-10
4.6848214e-10
4.6675597e-10
4.6699405e-10
4.6690479e-10
4.6901782e-10
4.6738091e-10
4.672619e-10
4.6720239e-10
4.6693449e-10
4.6702375e-10
4.6696425e-10
4.6714282e-10
4.6845239e-10
4.675893e-10
4.6714288e-10
4.6764875e-10
4.6494048e-10
4.660119e-10
4.6809523e-10
4.6726195e-10
4.6657744e-10
4.6744048e-10
4.6622017e-10
4.6616067e-10
4.6645832e-10
4.6517859e-10
4.6604165e-10
4.6592263e-10
4.6675597e-10
4.6681548e-10
4.6654758e-10
4.6553572e-10
4.672619e-10
4.652381e-10
4.6380952e-10
4.6672621e-10
4.6589288e-10
4.6619042e-10
4.6651788e-10
4.6601195e-10
4.6666659e-10
4.654464e-10
4.6538692e-10
4.6625004e-10
4.6416665e-10
4.6556542e-10
4.6377974e-10
4.6568449e-10
4.6559526e-10
4.6678578e-10
4.6645832e-10
4.6839288e-10
4.6613097e-10
4.6752974e-10
4.6529763e-10
4.6616072e-10
4.675893e-10
4.6553572e-10
4.6613091e-10
4.686011e-10
4.6619053e-10
4.6779758e-10
4.6708337e-10
4.6669646e-10
4.6741072e-10
4.660714e-10
4.6535714e-10
4.6738102e-10
4.6547621e-10
4.6535711e-10
4.6690479e-10
4.6520832e-10
4.6464285e-10
4.6511908e-10
4.6598209e-10
4.6547621e-10
4.6610121e-10
4.6639881e-10
4.6303575e-10
4.6345239e-10
4.6452378e-10
4.6377974e-10
4.63869e-10
4.6497023e-10
4.6485119e-10
4.6407742e-10
4.6327381e-10
4.6339288e-10
4.6428575e-10
4.6485119e-10
4.6500001e-10
4.6520837e-10
4.6559517e-10
4.6732146e-10
4.6502971e-10
4.6657744e-10
4.653869e-10
4.6410714e-10
4.6639875e-10
4.6666671e-10
4.6654758e-10
4.6398813e-10
4.6440476e-10
4.6619048e-10
4.6547624e-10
4.6547621e-10
4.6580356e-10
4.6264881e-10
4.6541665e-10
4.6479162e-10
4.6494048e-10
4.6619053e-10
4.6508924e-10
4.6586307e-10
4.649405e-10
4.6565482e-10
4.6479168e-10
4.6401791e-10
4.6431547e-10
4.6547616e-10
4.6529763e-10
4.6568455e-10
4.6348217e-10
4.6383922e-10
4.6431539e-10
4.6345244e-10
4.6520837e-10
4.6330356e-10
4.621131e-10
4.6282742e-10
4.6526791e-10
4.6249996e-10
4.6315476e-10
4.6276785e-10
4.6416665e-10
4.6401785e-10
4.6208329e-10
4.6306545e-10
4.6324408e-10
4.6291668e-10
4.6360119e-10
4.6377974e-10
4.6327381e-10
4.639881e-10
4.6321427e-10
4.610417e-10
4.6312498e-10
4.630952e-10
4.6270834e-10
4.6431545e-10
4.6380957e-10
4.638393e-10
4.6303567e-10
4.627084e-10
4.6288687e-10
4.6339282e-10
4.6270832e-10
4.6282733e-10
4.6276782e-10
4.616964e-10
4.6285714e-10
4.6199405e-10
4.6318457e-10
4.6482138e-10
4.6110124e-10
4.625893e-10
4.6321427e-10
4.6342258e-10
4.6497023e-10
4.6470239e-10
4.6553572e-10
4.6327372e-10
4.6252979e-10
4.6273815e-10
4.6318449e-10
4.6270832e-10
4.6279763e-10
4.6252982e-10
4.6261903e-10
4.6401785e-10
4.6291665e-10
4.616369e-10
4.6241069e-10
4.6318455e-10
4.6276785e-10
4.6187498e-10
4.6345233e-10
4.6288692e-10
4.6443446e-10
4.653869e-10
4.6336315e-10
4.6360121e-10
4.6193455e-10
4.6470236e-10
4.6363097e-10
4.6458334e-10
4.6321427e-10
4.6488091e-10
4.6398813e-10
4.6562496e-10
4.6342266e-10
4.647619e-10
4.639584e-10
4.6553572e-10
4.6321427e-10
4.6488097e-10
4.6288687e-10
4.6309526e-10
4.6395832e-10
4.6380952e-10
4.6467261e-10
4.653572e-10
4.6416671e-10
4.6392853e-10
4.6300594e-10
4.6374998e-10
4.6208332e-10
4.625893e-10
4.6202381e-10
4.6416671e-10
4.6360119e-10
4.6324405e-10
4.6458334e-10
4.6261897e-10
4.6315476e-10
4.6413695e-10
4.6255952e-10
4.6297619e-10
4.6205356e-10
4.6360113e-10
4.6306553e-10
4.6345239e-10
4.6467258e-10
4.6252979e-10
4.6455356e-10
4.633631e-10
4.6273813e-10
4.6324405e-10
4.6372023e-10
4.6211315e-10
4.6202372e-10
4.6473211e-10
4.6270834e-10
4.6324408e-10
4.6303575e-10
4.6366069e-10
4.6282736e-10
4.6285714e-10
4.6291668e-10
4.6229162e-10
4.621131e-10
4.6282742e-10
4.635714e-10
4.6279758e-10
4.6092261e-10
4.6270834e-10
4.6261905e-10
4.6309526e-10
4.6166665e-10
4.6166665e-10
4.6288692e-10
4.618452e-10
4.6267862e-10
4.6232143e-10
4.6270832e-10
4.6303569e-10
4.6425594e-10
4.621131e-10
4.6104165e-10
4.6267856e-10
4.6282744e-10
4.6342261e-10
4.5976187e-10
4.6395826e-10
4.6229168e-10
4.6291665e-10
4.6178575e-10
4.6252982e-10
4.6327372e-10
4.6223211e-10
4.604464e-10
4.6276791e-10
4.6059528e-10
4.6330356e-10
4.622619e-10
4.6333337e-10
4.6175602e-10
4.6098206e-10
4.6250001e-10
4.615178e-10
4.6285714e-10
4.6336315e-10
4.6276785e-10
4.616964e-10
4.6199405e-10
4.6312507e-10
4.6107143e-10
4.6318449e-10
4.6434526e-10
4.6386908e-10
4.6315476e-10
4.6377979e-10
4.6360119e-10
4.6258924e-10
4.6327381e-10
4.635714e-10
4.6431547e-10
4.6377979e-10
4.6285714e-10
4.6291665e-10
4.621131e-10
4.646131e-10
4.6437498e-10
4.6398813e-10
4.6282742e-10
4.6363097e-10
4.6285709e-10
4.6267853e-10
4.6270834e-10
4.6333332e-10
4.6327372e-10
4.6229162e-10
4.6154758e-10
4.6282736e-10
4.6294646e-10
4.6229168e-10
4.6315476e-10
4.6190471e-10
4.6083329e-10
4.6345239e-10
4.6282736e-10
4.5940474e-10
4.6139878e-10
4.6297619e-10
4.622619e-10
4.6062493e-10
4.6241078e-10
4.6181542e-10
4.6020834e-10
4.6223211e-10
4.6071427e-10
4.6297624e-10
4.6113094e-10
4.6172619e-10
4.6288687e-10
4.6273807e-10
4.611905e-10
4.5991067e-10
4.6059526e-10
4.610417e-10
4.615178e-10
4.6068452e-10
4.6193455e-10
4.6306547e-10
4.6050599e-10
4.6142856e-10
4.6125001e-10
4.6154758e-10
4.5949408e-10
4.6110116e-10
4.6145837e-10
4.6122023e-10
4.6122026e-10
4.6226184e-10
4.630952e-10
4.611905e-10
4.6101192e-10
4.6315485e-10
4.6035709e-10
4.6205356e-10
4.6229168e-10
4.6321436e-10
4.6145834e-10
4.5943449e-10
4.6235121e-10
4.6247028e-10
4.6139886e-10
4.6160722e-10
4.6154766e-10
4.6285717e-10
4.6041668e-10
4.6220233e-10
4.6107143e-10
4.6241072e-10
4.6175597e-10
4.6163681e-10
4.6029763e-10
4.6300597e-10
4.6041668e-10
4.6264881e-10
4.6211315e-10
4.616369e-10
4.6261903e-10
4.6136903e-10
4.6187498e-10
4.6110121e-10
4.6145834e-10
4.6160714e-10
4.6139878e-10
4.6107143e-10
4.6059526e-10
4.6151793e-10
4.6184526e-10
4.5973214e-10
4.6098211e-10
4.60119e-10
4.5937498e-10
4.596131e-10
4.5973214e-10
4.5994047e-10
4.5961313e-10
4.5785711e-10
4.61994e-10
4.6023807e-10
4.5964282e-10
4.6125001e-10
4.5973211e-10
4.6074408e-10
4.6041668e-10
4.6095239e-10
4.6154763e-10
4.6148813e-10
4.6071436e-10
4.6029766e-10
4.6139878e-10
4.6113099e-10
4.6083332e-10
4.6110116e-10
4.6062501e-10
4.616964e-10
4.6190479e-10
4.608631e-10
4.6187498e-10
4.611905e-10
4.6154766e-10
4.6098211e-10
4.6074403e-10
4.6077381e-10
4.6092261e-10
4.5958334e-10
4.5943457e-10
4.6247028e-10
4.6113099e-10
4.6053569e-10
4.6130952e-10
4.624405e-10
4.6035717e-10
4.6095233e-10
4.5997026e-10
4.6041665e-10
4.596131e-10
4.6163695e-10
4.6098214e-10
4.6005955e-10
4.6151785e-10
4.6169646e-10
4.6193449e-10
4.6041665e-10
4.6139884e-10
4.5985121e-10
4.6196436e-10
4.5955359e-10
4.6104162e-10
4.6133927e-10
4.6080362e-10
4.6065479e-10
4.5925597e-10
4.603869e-10
4.6139884e-10
4.6110121e-10
4.6065476e-10
4.6050597e-10
4.6163687e-10
4.6125001e-10
4.622917e-10
4.6136911e-10
4.6116075e-10
4.6116072e-10
4.608631e-10
4.6107149e-10
4.6220239e-10
4.6148807e-10
4.6071422e-10
4.6122017e-10
4.6187504e-10
4.6104173e-10
4.5991075e-10
4.6005949e-10
4.6125001e-10
4.5955362e-10
4.6116067e-10
4.5991072e-10
4.6116075e-10
4.6029766e-10
4.6077381e-10
4.5999998e-10
4.5886908e-10
4.6023807e-10
4.5994047e-10
4.5982138e-10
4.5955359e-10
4.6139878e-10
4.6238091e-10
4.6107143e-10
4.6214288e-10
4.5866072e-10
4.6127974e-10
4.6160709e-10
4.6065476e-10
4.6157736e-10
4.5910717e-10
4.6148813e-10
4.6208332e-10
4.6062498e-10
4.6062501e-10
4.6252974e-10
4.6217269e-10
4.6190476e-10
4.607143e-10
4.617261e-10
4.6059526e-10
4.6187493e-10
4.6202378e-10
4.6083332e-10
4.6113102e-10
4.6136903e-10
4.6235121e-10
4.6113094e-10
4.616964e-10
4.6214282e-10
4.6122031e-10
4.6124995e-10
4.6053575e-10
4.605952e-10
4.610417e-10
4.6014878e-10
4.6211315e-10
4.6157736e-10
4.6020829e-10
4.6193455e-10
4.622619e-10
4.6017862e-10
4.5985124e-10
4.6145834e-10
4.6130952e-10
4.6014884e-10
4.5997031e-10
4.6014884e-10
4.6127974e-10
4.5946424e-10
4.6083332e-10
4.6101192e-10
4.6044646e-10
4.6008936e-10
4.5904761e-10
4.6184526e-10
4.6029763e-10
4.6020837e-10
4.5895834e-10
4.5973211e-10
4.6005955e-10
4.5794643e-10
4.6074408e-10
4.5839282e-10
4.6154763e-10
4.6133927e-10
4.5952384e-10
4.6068457e-10
4.591369e-10
4.5883933e-10
4.6017856e-10
4.591369e-10
4.6002976e-10
4.5904761e-10
4.6104165e-10
4.6041665e-10
4.610714e-10
4.5931542e-10
4.5970236e-10
4.5934523e-10
4.5866072e-10
4.6047618e-10
4.6074403e-10
4.5782739e-10
4.5970242e-10
4.617261e-10
4.5934523e-10
4.6116067e-10
4.6151788e-10
4.597917e-10
4.6032739e-10
4.6110121e-10
4.593155e-10
4.6083332e-10
4.6065479e-10
4.5955359e-10
4.6214288e-10
4.5866067e-10
4.6130955e-10
4.5958326e-10
4.6053569e-10
4.6095247e-10
4.6294638e-10
4.6122031e-10
4.6116075e-10
4.6116072e-10
4.6181539e-10
4.616964e-10
4.5991064e-10
4.6136897e-10
4.6184528e-10
4.6041665e-10
4.6053569e-10
4.6068452e-10
4.6029766e-10
4.5946424e-10
4.6142856e-10
4.6122026e-10
4.5928569e-10
4.6139884e-10
4.6136911e-10
4.6032736e-10
4.6101192e-10
4.60744e-10
4.6083332e-10
4.6050597e-10
4.6029763e-10
4.5937493e-10
4.5857143e-10
4.6077381e-10
4.6130952e-10
4.6044646e-10
4.6080353e-10
4.6074408e-10
4.6041668e-10
4.6011897e-10
4.5991064e-10
4.5988097e-10
4.5898807e-10
4.5869047e-10
4.582143e-10
4.5839282e-10
4.5988097e-10
4.585417e-10
4.5925591e-10
4.6074403e-10
4.5860116e-10
4.5985121e-10
4.5982143e-10
4.5946422e-10
4.5970233e-10
4.6127982e-10
4.5985121e-10
4.5833334e-10
4.5982138e-10
4.6005949e-10
4.5892856e-10
4.6062501e-10
4.6050597e-10
4.6002974e-10
4.5952381e-10
4.596131e-10
4.605655e-10
4.568155e-10
4.5827381e-10
4.6017862e-10
4.586011e-10
4.5860121e-10
4.5866067e-10
4.5904761e-10
4.596131e-10
4.5919646e-10
4.5922618e-10
4.5883927e-10
4.6050597e-10
4.5904758e-10
4.5958334e-10
4.608631e-10
4.5833334e-10
4.5866072e-10
4.5916662e-10
4.5877976e-10
4.5982143e-10
4.6101192e-10
4.5955362e-10
4.5946424e-10
4.5999998e-10
4.5973214e-10
4.6160714e-10
4.5872026e-10
4.5916668e-10
4.5961304e-10
4.5985116e-10
4.6041668e-10
4.5967261e-10
4.5839285e-10
4.5937501e-10
4.5761908e-10
4.6083332e-10
4.5988094e-10
4.5973214e-10
4.5979165e-10
4.5806553e-10
4.5934531e-10
4.5875004e-10
4.5940479e-10
4.5922613e-10
4.5815474e-10
4.5973214e-10
4.5860121e-10
4.5901788e-10
4.5940474e-10
4.5821424e-10
4.5999998e-10
4.5937507e-10
4.5955362e-10
4.5976187e-10
4.5976192e-10
4.5854165e-10
4.611905e-10
4.5833334e-10
4.5916668e-10
4.5874998e-10
4.5848214e-10
4.5997023e-10
4.5872023e-10
4.589881e-10
4.5940474e-10
4.603869e-10
4.5994045e-10
4.5901785e-10
4.5943452e-10
4.5863102e-10
4.5797618e-10
4.6110116e-10
4.5907736e-10
4.5818452e-10
4.591369e-10
4.6080359e-10
4.5898818e-10
4.581846e-10
4.5735116e-10
4.616964e-10
4.5872031e-10
4.5999998e-10
4.5889878e-10
4.5827384e-10
4.5976192e-10
4.5750004e-10
4.5922618e-10
4.5999998e-10
4.6074403e-10
4.5863094e-10
4.584822e-10
4.5863097e-10
4.5883933e-10
4.5845241e-10
4.5782739e-10
4.6026785e-10
4.5970236e-10
4.5690474e-10
4.6053569e-10
4.5845236e-10
4.5919646e-10
4.5779769e-10
4.5898801e-10
4.6017856e-10
4.5875004e-10
4.5991064e-10
4.582143e-10
4.591369e-10
4.5836313e-10
4.5750004e-10
4.5782739e-10
4.5848214e-10
4.5883927e-10
4.5928578e-10
4.585417e-10
4.5904761e-10
4.5723214e-10
4.5696424e-10
4.5752976e-10
4.5678572e-10
4.5970236e-10
4.5738102e-10
4.5761908e-10
4.5449405e-10
4.5800594e-10
4.5741075e-10
4.5907736e-10
4.5812495e-10
4.5824397e-10
4.5752976e-10
4.5720241e-10
4.5794649e-10
4.5851192e-10
4.589881e-10
4.5809523e-10
4.5880957e-10
4.5925597e-10
4.5806542e-10
4.5892859e-10
4.5598217e-10
4.586011e-10
4.5755955e-10
4.5851192e-10
4.573511e-10
4.5889878e-10
4.591964e-10
4.5723214e-10
4.5818452e-10
4.575893e-10
4.5752976e-10
4.5791659e-10
4.5919646e-10
4.5895843e-10
4.5839285e-10
4.5717266e-10
4.591369e-10
4.5803572e-10
4.5761908e-10
4.578869e-10
4.5708332e-10
4.5755955e-10
4.5669643e-10
4.5744047e-10
4.5928569e-10
4.5776782e-10
4.5776782e-10
4.5767859e-10
4.5776782e-10
4.5999998e-10
4.5761905e-10
4.5967261e-10
4.580655e-10
4.575893e-10
4.5952384e-10
4.5797613e-10
4.5857151e-10
4.5886905e-10
4.5827384e-10
4.5836307e-10
4.579464e-10
4.5732151e-10
4.5755955e-10
4.5877976e-10
4.5758922e-10
4.5818455e-10
4.5880949e-10
4.5767859e-10
4.5687501e-10
4.5767859e-10
4.5797621e-10
4.5827375e-10
4.5705356e-10
4.5848214e-10
4.5726187e-10
4.5776782e-10
4.580655e-10
4.5809523e-10
4.5919646e-10
4.5735116e-10
4.5770837e-10
4.5773807e-10
4.5869056e-10
4.5785717e-10
4.5738102e-10
4.5836313e-10
4.5726192e-10
4.5663684e-10
4.6005949e-10
4.5910717e-10
4.5874998e-10
4.5836313e-10
4.5776791e-10
4.5717263e-10
4.5752979e-10
4.5880955e-10
4.5693446e-10
4.5699403e-10
4.569643e-10
4.5446436e-10
4.5690479e-10
4.5562495e-10
4.5613097e-10
4.5502971e-10
4.5687501e-10
4.5550594e-10
4.5630952e-10
4.5580356e-10
4.5565476e-10
4.5699397e-10
4.5529761e-10
4.5538692e-10
4.563393e-10
4.5636903e-10
4.5452384e-10
4.5565474e-10
4.5544643e-10
4.5639878e-10
4.5544643e-10
4.5502974e-10
4.548214e-10
4.5592263e-10
4.5431545e-10
4.5482146e-10
4.5550594e-10
4.5586307e-10
4.5702384e-10
4.5726192e-10
4.5592263e-10
4.5491072e-10
4.5568452e-10
4.5553572e-10
4.5663692e-10
4.5592258e-10
4.5782739e-10
4.582143e-10
4.5547621e-10
4.5690479e-10
4.5675594e-10
4.5684523e-10
4.5729165e-10
4.5645837e-10
4.5568446e-10
4.5568452e-10
4.5800591e-10
4.5619047e-10
4.5687509e-10
4.5779766e-10
4.563393e-10
4.569643e-10
4.5702381e-10
4.5735116e-10
4.5589288e-10
4.5565476e-10
4.5657741e-10
4.5619047e-10
4.5690468e-10
4.5708332e-10
4.5535711e-10
4.5681545e-10
4.5642853e-10
4.5648813e-10
4.5622026e-10
4.5764881e-10
4.5764878e-10
4.5717258e-10
4.5895837e-10
4.5517859e-10
4.5565476e-10
4.5571427e-10
4.5651791e-10
4.5642853e-10
4.5901788e-10
4.5797618e-10
4.5592263e-10
4.5607146e-10
4.5574405e-10
4.5693446e-10
4.580952e-10
4.5627979e-10
4.5907739e-10
4.5803578e-10
4.5726195e-10
4.5672613e-10
4.6005955e-10
4.5785717e-10
4.5702381e-10
4.5598217e-10
4.5690479e-10
4.5595236e-10
4.5654761e-10
4.5595244e-10
4.5901793e-10
4.5744047e-10
4.5699397e-10
4.5702384e-10
4.5595236e-10
4.5761905e-10
4.5690479e-10
4.5720244e-10
4.5654761e-10
4.5708332e-10
4.5619047e-10
4.5812509e-10
4.5693443e-10
4.5770837e-10
4.5636908e-10
4.5708334e-10
4.5797618e-10
4.5770837e-10
4.5845233e-10
4.5800594e-10
4.5943452e-10
4.5714282e-10
4.5815479e-10
4.5711307e-10
4.5839285e-10
4.5755955e-10
4.5752979e-10
4.5964285e-10
4.5925591e-10
4.5830356e-10
4.5806545e-10
4.5883933e-10
4.5705353e-10
4.5702384e-10
4.5818452e-10
4.5907739e-10
4.5872026e-10
4.5690468e-10
4.5889878e-10
4.5723217e-10
4.5877974e-10
4.584822e-10
4.5755949e-10
4.5863088e-10
4.5729168e-10
4.5747026e-10
4.5791662e-10
4.5735116e-10
4.5732143e-10
4.5598214e-10
4.5514881e-10
4.5633927e-10
4.5714285e-10
4.5723217e-10
4.5633927e-10
4.5619039e-10
4.5586307e-10
4.5633927e-10
4.5491072e-10
4.5645837e-10
4.5678566e-10
4.5568452e-10
4.5729165e-10
4.5607146e-10
4.555655e-10
4.563393e-10
4.5779758e-10
4.5592258e-10
4.5544643e-10
4.5568455e-10
4.5449405e-10
4.5502974e-10
4.5544643e-10
4.566964e-10
4.5800594e-10
4.5675594e-10
4.5672621e-10
4.5678572e-10
4.5651782e-10
4.5755955e-10
4.5839285e-10
4.564881e-10
4.5577378e-10
4.5717258e-10
4.5449405e-10
4.5827381e-10
4.5752976e-10
4.5604165e-10
4.5741069e-10
4.5714285e-10
4.5758922e-10
4.5761908e-10
4.5672616e-10
4.5925597e-10
4.5648813e-10
4.5875004e-10
4.5598217e-10
4.5800591e-10
4.5592263e-10
4.5580356e-10
4.5711304e-10
4.5648813e-10
4.5529761e-10
4.5675599e-10
4.5809528e-10
4.5690474e-10
4.5717263e-10
4.5761905e-10
4.5726192e-10
4.5633927e-10
4.5660711e-10
4.5645837e-10
4.5791676e-10
4.5735118e-10
4.5880949e-10
4.5607138e-10
4.583334e-10
4.5622026e-10
4.5690474e-10
4.5842269e-10
4.5705356e-10
4.5696433e-10
4.5633927e-10
4.5678572e-10
4.579464e-10
4.5565482e-10
4.5699405e-10
4.5535714e-10
4.555655e-10
4.5732138e-10
4.5550594e-10
4.5684517e-10
4.5809528e-10
4.5788692e-10
4.5657733e-10
4.5556545e-10
4.5601195e-10
4.5553566e-10
4.5559523e-10
4.5654769e-10
4.5476189e-10
4.5642859e-10
4.5580356e-10
4.5589288e-10
4.5610116e-10
4.5595239e-10
4.5601195e-10
4.5571427e-10
4.5568455e-10
4.560714e-10
4.562202e-10
4.5797618e-10
4.5633922e-10
4.5675594e-10
4.5741066e-10
4.5764878e-10
4.5607146e-10
4.5592263e-10
4.5589288e-10
4.5547621e-10
4.5699405e-10
4.556846e-10
4.5645837e-10
4.5550594e-10
4.5592255e-10
4.549702e-10
4.5726192e-10
4.5553575e-10
4.5654763e-10
4.5499998e-10
4.5494047e-10
4.554167e-10
4.5395834e-10
4.548214e-10
4.5532733e-10
4.5642859e-10
4.554167e-10
4.5675594e-10
4.563393e-10
4.5693446e-10
4.5544649e-10
4.5514881e-10
4.5651782e-10
4.5562501e-10
4.5497023e-10
4.5595239e-10
4.5559523e-10
4.5654763e-10
4.5440476e-10
4.5491064e-10
4.5645829e-10
4.5348211e-10
4.5684517e-10
4.550893e-10
4.5541665e-10
4.5550591e-10
4.5529761e-10
4.5499993e-10
4.5351198e-10
4.5514881e-10
4.5452384e-10
4.5556553e-10
4.554167e-10
4.552381e-10
4.5663689e-10
4.5389884e-10
4.5476189e-10
4.541667e-10
4.5720241e-10
4.5562501e-10
4.5592266e-10
4.5446427e-10
4.5553572e-10
4.553572e-10
4.5666676e-10
4.5499998e-10
4.5708332e-10
4.5648813e-10
4.5657733e-10
4.5532741e-10
4.574702e-10
4.5702384e-10
4.5622028e-10
4.5550594e-10
4.5491072e-10
4.5586307e-10
4.5642859e-10
4.5589288e-10
4.5782739e-10
4.5678578e-10
4.5770832e-10
4.5705356e-10
4.5755949e-10
4.5699405e-10
4.5562501e-10
4.5726187e-10
4.5857143e-10
4.5726192e-10
4.5595236e-10
4.5636903e-10
4.5717266e-10
4.5583329e-10
4.5616069e-10
4.5690479e-10
4.569643e-10
4.574702e-10
4.5627976e-10
4.560714e-10
4.5693446e-10
4.5693452e-10
4.5708332e-10
4.5520837e-10
4.5779766e-10
4.5544643e-10
4.5613091e-10
4.5636908e-10
4.5511903e-10
4.5586307e-10
4.5645837e-10
4.5627979e-10
4.5690482e-10
4.548214e-10
4.5755946e-10
4.5678572e-10
4.5574411e-10
4.5669643e-10
4.5559526e-10
4.548214e-10
4.568155e-10
4.5613091e-10
4.5485113e-10
4.547023e-10
4.5461307e-10
4.5499998e-10
4.5616069e-10
4.5476198e-10
4.5556542e-10
4.5571424e-10
4.5559523e-10
4.5419646e-10
4.5500007e-10
4.5583334e-10
4.5508922e-10
4.5613091e-10
4.5407741e-10
4.5497028e-10
4.5702381e-10
4.548214e-10
4.5464285e-10
4.5565476e-10
4.5705362e-10
4.5526788e-10
4.5672613e-10
4.566667e-10
4.5633927e-10
4.5663689e-10
4.5437498e-10
4.5452384e-10
4.5553572e-10
4.5645832e-10
4.5705356e-10
4.5476195e-10
4.5758922e-10
4.546131e-10
4.580655e-10
4.5613099e-10
4.5508924e-10
4.5407741e-10
4.5559517e-10
4.5523804e-10
4.5645832e-10
4.5690474e-10
4.5571424e-10
4.562202e-10
4.5369047e-10
4.5696424e-10
4.552381e-10
4.5514875e-10
4.5529769e-10
4.547023e-10
4.5627976e-10
4.5654761e-10
4.5592258e-10
4.552381e-10
4.5613091e-10
4.5541662e-10
4.5532733e-10
4.5550591e-10
4.558928e-10
4.5437504e-10
4.5627976e-10
4.5541662e-10
4.5583334e-10
4.5624998e-10
4.560714e-10
4.5488097e-10
4.5455351e-10
4.5541665e-10
4.5467258e-10
4.5392862e-10
4.5470239e-10
4.5437495e-10
4.5565482e-10
4.5375007e-10
4.5690474e-10
4.5458334e-10
4.5479168e-10
4.5547621e-10
4.5553572e-10
4.546428e-10
4.5499998e-10
4.5598217e-10
4.5473217e-10
4.5678578e-10
4.5624993e-10
4.5538689e-10
4.538393e-10
4.5514881e-10
4.563393e-10
4.5586313e-10
4.5550599e-10
4.5627976e-10
4.5455356e-10
4.5357135e-10
4.5636908e-10
4.5577378e-10
4.5717258e-10
4.5476195e-10
4.5610116e-10
4.5511908e-10
4.54494e-10
4.5306547e-10
4.5529755e-10
4.5526791e-10
4.5514881e-10
4.5565476e-10
4.5553572e-10
4.5544643e-10
4.5220241e-10
4.5529761e-10
4.5413692e-10
4.5499993e-10
4.5547613e-10
4.5595239e-10
4.5485118e-10
4.5392859e-10
4.5532739e-10
4.5645832e-10
4.5538678e-10
4.5526791e-10
4.5511903e-10
4.5589285e-10
4.5544643e-10
4.5389881e-10
4.5422616e-10
4.5508936e-10
4.57619e-10
4.5732146e-10
4.5577384e-10
4.5497028e-10
4.5392853e-10
4.5464288e-10
4.5434526e-10
4.5532739e-10
4.5708334e-10
4.555655e-10
4.5595236e-10
4.5711307e-10
4.5645832e-10
4.5532739e-10
4.554167e-10
4.5559517e-10
4.5553572e-10
4.5657739e-10
4.549405e-10
4.550893e-10
4.5413687e-10
4.5389889e-10
4.5458329e-10
4.5511903e-10
4.5455364e-10
4.530952e-10
4.5610118e-10
4.5461315e-10
4.5520832e-10
4.5645837e-10
4.5401785e-10
4.552381e-10
4.5446427e-10
4.5363091e-10
4.5598222e-10
4.5333337e-10
4.5601189e-10
4.5360121e-10
4.5565474e-10
4.5419646e-10
4.5443455e-10
4.5526791e-10
4.5291668e-10
4.5565482e-10
4.5726192e-10
4.5336315e-10
4.5517859e-10
4.5502974e-10
4.5419643e-10
4.5497023e-10
4.5636908e-10
4.5577378e-10
4.5580364e-10
4.5455356e-10
4.5529763e-10
4.5717263e-10
4.556846e-10
4.5544643e-10
4.5455356e-10
4.5523804e-10
4.5389884e-10
4.5467261e-10
4.533928e-10
4.5374998e-10
4.5458329e-10
4.5532739e-10
4.5327378e-10
4.5562504e-10
4.5339282e-10
4.5446427e-10
4.5610124e-10
4.5511903e-10
4.5592258e-10
4.5660714e-10
4.5535714e-10
4.5508924e-10
4.5458334e-10
4.5613097e-10
4.5363097e-10
4.5601189e-10
4.5407736e-10
4.5300597e-10
4.5476189e-10
4.5306545e-10
4.5324405e-10
4.5508922e-10
4.549405e-10
4.5285717e-10
4.5422624e-10
4.538393e-10
4.5294643e-10
4.5351184e-10
4.5369047e-10
4.5386903e-10
4.5303569e-10
4.5449408e-10
4.5494047e-10
4.533631e-10
4.5565476e-10
4.5500001e-10
4.5425597e-10
4.539881e-10
4.5404763e-10
4.5500001e-10
4.5568452e-10
4.534822e-10
4.5351189e-10
4.530952e-10
4.5416665e-10
4.5357146e-10
4.5392859e-10
4.5479168e-10
4.5392859e-10
4.5410711e-10
4.5410711e-10
4.5476189e-10
4.5419637e-10
4.5529763e-10
4.5592263e-10
4.5455364e-10
4.5443449e-10
4.5470239e-10
4.5410714e-10
4.5598217e-10
4.5511908e-10
4.5565476e-10
4.5485121e-10
4.5639886e-10
4.5580353e-10
4.5482138e-10
4.5693452e-10
4.5386908e-10
4.5499998e-10
4.5505949e-10
4.5449408e-10
4.562202e-10
4.5407736e-10
4.5526788e-10
4.5377974e-10
4.5407736e-10
4.5342266e-10
4.539881e-10
4.5372028e-10
4.5529763e-10
4.5404761e-10
4.5494042e-10
4.5491069e-10
4.5595236e-10
4.5372031e-10
4.5568455e-10
4.5389889e-10
4.5470236e-10
4.5553572e-10
4.5589288e-10
4.5535711e-10
4.5624998e-10
4.5357146e-10
4.5565474e-10
4.5434517e-10
4.5473211e-10
4.5494047e-10
4.5747026e-10
4.5666662e-10
4.5752971e-10
4.5654761e-10
4.5508924e-10
4.5502979e-10
4.5517862e-10
4.539881e-10
4.5610118e-10
4.549702e-10
4.5622026e-10
4.5535711e-10
4.5485121e-10
4.5741075e-10
4.5723217e-10
4.5675599e-10
4.5619039e-10
4.5580356e-10
4.5630952e-10
4.5589285e-10
4.5479176e-10
4.5666665e-10
4.5645832e-10
4.5449414e-10
4.5535714e-10
4.5678578e-10
4.5752976e-10
4.5535714e-10
4.5589285e-10
4.5595236e-10
4.5568452e-10
4.5544643e-10
4.5607146e-10
4.577678e-10
4.5604165e-10
4.5514881e-10
4.5687501e-10
4.5550594e-10
4.5470236e-10
4.5595236e-10
4.5630949e-10
4.5657739e-10
4.5505952e-10
4.5738097e-10
4.565178e-10
4.5803572e-10
4.5538689e-10
4.5532733e-10
4.5499998e-10
4.5500001e-10
4.5565476e-10
4.5633927e-10
4.5690468e-10
4.5741075e-10
4.5476195e-10
4.5678572e-10
4.5464285e-10
4.5491072e-10
4.5482149e-10
4.5485118e-10
4.5443455e-10
4.5508936e-10
4.5538692e-10
4.5505952e-10
4.5470239e-10
4.5455359e-10
4.5494047e-10
4.5437495e-10
4.5583334e-10
4.5636911e-10
4.5550594e-10
4.5488097e-10
4.5592258e-10
4.549702e-10
4.5467266e-10
4.5544649e-10
4.5729173e-10
4.563393e-10
4.5663689e-10
4.5434526e-10
4.5586313e-10
4.5663684e-10
4.5494047e-10
4.547322e-10
4.5583334e-10
4.5723214e-10
4.5601195e-10
4.5645837e-10
4.5500007e-10
4.5514875e-10
4.5535714e-10
4.5627979e-10
4.5562495e-10
4.5604159e-10
4.5514875e-10
4.5529761e-10
4.5398804e-10
4.5479162e-10
4.5610118e-10
4.5500001e-10
4.5428575e-10
4.5476189e-10
4.5482138e-10
4.5604165e-10
4.5610118e-10
4.5491069e-10
4.5708332e-10
4.5678572e-10
4.5571427e-10
4.566964e-10
4.5669643e-10
4.5690474e-10
4.5604168e-10
4.5494047e-10
4.5565476e-10
4.5380949e-10
4.5604165e-10
4.5479162e-10
4.5592272e-10
4.5538692e-10
4.5589285e-10
4.5723214e-10
4.575893e-10
4.5592263e-10
4.569643e-10
4.5627976e-10
4.5735116e-10
4.5624993e-10
4.5562501e-10
4.5553575e-10
4.5610124e-10
4.5431547e-10
4.563393e-10
4.5485121e-10
4.5544649e-10
4.5654761e-10
4.5595239e-10
4.5654769e-10
4.5363091e-10
4.5497023e-10
4.5511903e-10
4.560714e-10
4.5529763e-10
4.5571433e-10
4.548214e-10
4.5413687e-10
4.564881e-10
4.5595239e-10
4.5502979e-10
4.563393e-10
4.5327381e-10
4.5464288e-10
4.5374998e-10
4.5497028e-10
4.5467266e-10
4.5592263e-10
4.5565476e-10
4.5538692e-10
4.562202e-10
4.5604168e-10
4.5613097e-10
4.5511903e-10
4.561905e-10
4.5642859e-10
4.5574411e-10
4.5681553e-10
4.5779761e-10
4.554167e-10
4.5431547e-10
4.5684517e-10
4.5782741e-10
4.5494047e-10
4.5470239e-10
4.5684528e-10
4.5482149e-10
4.5476195e-10
4.5574411e-10
4.5726187e-10
4.5511903e-10
4.5553572e-10
4.5538689e-10
4.5488099e-10
4.568155e-10
4.5565482e-10
4.5619047e-10
4.5610124e-10
4.5413687e-10
4.5383924e-10
4.547917e-10
4.566667e-10
4.550893e-10
4.5574405e-10
4.5547621e-10
4.5431547e-10
4.54494e-10
4.5532741e-10
4.5383933e-10
4.5380952e-10
4.5586313e-10
4.5437507e-10
4.5520826e-10
4.5505952e-10
4.5467258e-10
4.5550599e-10
4.538393e-10
4.5440476e-10
4.5392859e-10
4.536905e-10
4.5366078e-10
4.5416665e-10
4.5291668e-10
4.5446433e-10
4.5407736e-10
4.5282733e-10
4.5428572e-10
4.5437495e-10
4.5303569e-10
4.5348211e-10
4.5282733e-10
4.53244e-10
4.5336301e-10
4.5389875e-10
4.5419643e-10
4.5529761e-10
4.5348211e-10
4.5250001e-10
4.5473211e-10
4.5449408e-10
4.5383924e-10
4.5345244e-10
4.5550602e-10
4.5142862e-10
4.5577384e-10
4.5416673e-10
4.5446427e-10
4.5413692e-10
4.5443449e-10
4.5520837e-10
4.5431547e-10
4.5497023e-10
4.5657739e-10
4.5422624e-10
4.5404763e-10
4.5488091e-10
4.5502985e-10
4.5422616e-10
4.5580356e-10
4.5601189e-10
4.5586307e-10
4.5455356e-10
4.5622026e-10
4.5580356e-10
4.5574397e-10
4.5467261e-10
4.5422621e-10
4.5601195e-10
4.563393e-10
4.5398812e-10
4.5616075e-10
4.5389881e-10
4.5541665e-10
4.5449405e-10
4.5538689e-10
4.5431553e-10
4.5455359e-10
4.5526782e-10
4.5625007e-10
4.560714e-10
4.5485121e-10
4.5523812e-10
4.55119e-10
4.5544643e-10
4.5660714e-10
4.5559523e-10
4.554464e-10
4.538393e-10
4.5464285e-10
4.5642853e-10
4.5446427e-10
4.5357146e-10
4.5410714e-10
4.5508924e-10
4.5559517e-10
4.5342261e-10
4.5366072e-10
4.5440482e-10
4.5434526e-10
4.5431553e-10
4.5529761e-10
4.5288692e-10
4.5502979e-10
4.5571433e-10
4.5413687e-10
4.5434526e-10
4.5440482e-10
4.555655e-10
4.5500001e-10
4.5202381e-10
4.521726e-10
4.5250001e-10
4.5249995e-10
4.5386903e-10
4.5461315e-10
4.5205356e-10
4.5306547e-10
4.5303575e-10
4.5464288e-10
4.5270832e-10
4.5446433e-10
4.5139883e-10
4.5404761e-10
4.5330359e-10
4.5187498e-10
4.5511908e-10
4.5699405e-10
4.5232151e-10
4.5386908e-10
4.5300597e-10
4.5351195e-10
4.5529761e-10
4.5232143e-10
4.5497023e-10
4.54494e-10
4.5470239e-10
4.5431553e-10
4.5476189e-10
4.5464285e-10
4.533631e-10
4.5324408e-10
4.5559531e-10
4.5372023e-10
4.5476189e-10
4.5550599e-10
4.5306547e-10
4.5431547e-10
4.5571427e-10
4.5252974e-10
4.536905e-10
4.5285717e-10
4.5339282e-10
4.51994e-10
4.5366072e-10
4.5425602e-10
4.5250001e-10
4.5440474e-10
4.5491078e-10
4.5464288e-10
4.5464285e-10
4.5363091e-10
4.5440476e-10
4.5464285e-10
4.5627979e-10
4.5339282e-10
4.5339288e-10
4.5455356e-10
4.5294643e-10
4.5517859e-10
4.5443449e-10
4.5351195e-10
4.5550594e-10
4.5250004e-10
4.5380952e-10
4.5360118e-10
4.5416665e-10
4.541072e-10
4.527084e-10
4.5315471e-10
4.5494047e-10
4.5223211e-10
4.5583334e-10
4.534822e-10
4.5479162e-10
4.5345239e-10
4.5497014e-10
4.5514881e-10
4.5589288e-10
4.5401785e-10
4.5461307e-10
4.538393e-10
4.5425597e-10
4.554167e-10
4.5452386e-10
4.5333332e-10
4.5476189e-10
4.5514881e-10
4.5410714e-10
4.5261905e-10
4.5410711e-10
4.5565476e-10
4.5315471e-10
4.5440476e-10
4.5303578e-10
4.5327378e-10
4.5374993e-10
4.5360121e-10
4.5372023e-10
4.524405e-10
4.5258933e-10
4.5351195e-10
4.5404769e-10
4.5324405e-10
4.5366069e-10
4.5559531e-10
4.5300602e-10
4.5389884e-10
4.5499998e-10
4.5351195e-10
4.5336307e-10
4.5196435e-10
4.5327386e-10
4.5187504e-10
4.5470236e-10
4.5351189e-10
4.5410714e-10
4.534822e-10
4.5339288e-10
4.5449408e-10
4.5410711e-10
4.5360121e-10
4.5375001e-10
4.5354168e-10
4.525893e-10
4.5312495e-10
4.5217266e-10
4.5428575e-10
4.5446433e-10
4.5613091e-10
4.5315476e-10
4.5395834e-10
4.5333332e-10
4.5300597e-10
4.5508924e-10
4.5491069e-10
4.5324405e-10
4.5485118e-10
4.5238094e-10
4.5425597e-10
4.5464288e-10
4.538393e-10
4.5312495e-10
4.5508924e-10
4.5392853e-10
4.553572e-10
4.5404763e-10
4.5360121e-10
4.5342269e-10
4.5395832e-10
4.5464288e-10
4.5345239e-10
4.5559523e-10
4.5238094e-10
4.5303569e-10
4.5252979e-10
4.539881e-10
4.5517859e-10
4.5235127e-10
4.5273812e-10
4.538393e-10
4.5401782e-10
4.5339288e-10
4.5264881e-10
4.5473211e-10
4.5351195e-10
4.5318449e-10
4.5395832e-10
4.5366078e-10
4.5330356e-10
4.5178569e-10
4.5383924e-10
4.5413695e-10
4.5190471e-10
4.5404763e-10
4.5318455e-10
4.5264881e-10
4.5178569e-10
4.5309526e-10
4.5395834e-10
4.5398804e-10
4.5303569e-10
4.5404761e-10
4.5342266e-10
4.5306547e-10
4.5488091e-10
4.5211307e-10
4.5425594e-10
4.5321435e-10
4.5470239e-10
4.5345239e-10
4.5375001e-10
4.5291659e-10
4.5348211e-10
4.5377974e-10
4.5273812e-10
4.5187498e-10
4.5157736e-10
4.5282741e-10
4.5443455e-10
4.5360118e-10
4.5285709e-10
4.5273812e-10
4.5357135e-10
4.5303575e-10
4.5294646e-10
4.5318455e-10
4.5309526e-10
4.538393e-10
4.5342266e-10
4.5297616e-10
4.5258938e-10
4.5315471e-10
4.5348211e-10
4.5303575e-10
4.5404761e-10
4.5190479e-10
4.5309526e-10
4.5282744e-10
4.5181553e-10
4.5464288e-10
4.5312498e-10
4.5229168e-10
4.5327381e-10
4.5160714e-10
4.5455356e-10
4.5255955e-10
4.5360113e-10
4.5205356e-10
4.5372023e-10
4.524405e-10
4.5255952e-10
4.5428575e-10
4.5330356e-10
4.5488091e-10
4.5360127e-10
4.5220241e-10
4.5389884e-10
4.5568452e-10
4.5455351e-10
4.5383933e-10
4.5264881e-10
4.5383933e-10
4.5327386e-10
4.5428572e-10
4.5339288e-10
4.5357149e-10
4.5476189e-10
4.5499998e-10
4.5252974e-10
4.5252979e-10
4.5386903e-10
4.5351184e-10
4.5383924e-10
4.5386903e-10
4.5342266e-10
4.5497023e-10
4.5413687e-10
4.5532739e-10
4.532143e-10
4.5220233e-10
4.5363091e-10
4.5273812e-10
4.5324408e-10
4.5297618e-10
4.5327381e-10
4.5214288e-10
4.5294643e-10
4.5348211e-10
4.5238091e-10
4.5157736e-10
4.5258933e-10
4.5372023e-10
4.5241078e-10
4.5386903e-10
4.5199405e-10
4.5339288e-10
4.5238091e-10
4.5199408e-10
4.5098214e-10
4.5267853e-10
4.5235118e-10
4.5247031e-10
4.524405e-10
4.5386908e-10
4.533631e-10
4.5440474e-10
4.5500007e-10
4.5312498e-10
4.5351195e-10
4.5318457e-10
4.5485118e-10
4.5208332e-10
4.5372023e-10
4.5208332e-10
4.5464288e-10
4.5342258e-10
4.5458326e-10
4.5258933e-10
4.5479162e-10
4.5458334e-10
4.5321427e-10
4.5169646e-10
4.5217266e-10
4.5327378e-10
4.533631e-10
4.5148807e-10
4.5249995e-10
4.5244045e-10
4.5148807e-10
4.5279766e-10
4.5315476e-10
4.5261905e-10
4.5333329e-10
4.5398812e-10
4.5250001e-10
4.5473211e-10
4.5339288e-10
4.5273812e-10
4.5351184e-10
4.5404761e-10
4.5342261e-10
4.5288692e-10
4.5422616e-10
4.5333337e-10
4.5279755e-10
4.5214282e-10
4.5297624e-10
4.5380952e-10
4.5178566e-10
4.5434523e-10
4.5428572e-10
4.5363091e-10
4.5184526e-10
4.5452384e-10
4.552381e-10
4.5333332e-10
4.5354162e-10
4.5142856e-10
4.5261905e-10
4.5226192e-10
4.5327378e-10
4.5330356e-10
4.5303575e-10
4.5264881e-10
4.5514875e-10
4.530952e-10
4.5306545e-10
4.5291668e-10
4.5461307e-10
4.5336307e-10
4.5139878e-10
4.5315476e-10
4.5258924e-10
4.5285717e-10
4.5306547e-10
4.5255952e-10
4.5458334e-10
4.5360121e-10
4.5369042e-10
4.5303569e-10
4.5187504e-10
4.522917e-10
4.5193455e-10
4.5130946e-10
4.5267856e-10
4.5175591e-10
4.5229162e-10
4.5309526e-10
4.524405e-10
4.5184517e-10
4.5241069e-10
4.5306553e-10
4.5407736e-10
4.5404763e-10
4.5279766e-10
4.518452e-10
4.5250004e-10
4.532143e-10
4.504464e-10
4.5342261e-10
4.5187498e-10
4.5211307e-10
4.5345233e-10
4.5133933e-10
4.5196427e-10
4.5160717e-10
4.5172616e-10
4.5193443e-10
4.5264881e-10
4.5261905e-10
4.5315471e-10
4.5223211e-10
4.534822e-10
4.525893e-10
4.5107149e-10
4.5077378e-10
4.5324405e-10
4.5354168e-10
4.5357149e-10
4.5261903e-10
4.529761e-10
4.5315476e-10
4.5101189e-10
4.5232143e-10
4.5122023e-10
4.5244045e-10
4.5142856e-10
4.535417e-10
4.5151785e-10
4.5062498e-10
4.5303578e-10
4.5241072e-10
4.5226189e-10
4.5139878e-10
4.5288695e-10
4.5172616e-10
4.5410711e-10
4.5002974e-10
4.5250004e-10
4.5125001e-10
4.5291668e-10
4.5122023e-10
4.5306547e-10
4.5339282e-10
4.5330359e-10
4.5154763e-10
4.5223217e-10
4.5184517e-10
4.5086312e-10
4.5163687e-10
4.5220241e-10
4.5175597e-10
4.5303566e-10
4.5157744e-10
4.5226189e-10
4.5267856e-10
4.5300597e-10
4.5184526e-10
4.524702e-10
4.5172618e-10
4.5127968e-10
4.521726e-10
4.5276782e-10
4.5214291e-10
4.5366072e-10
4.5291665e-10
4.5166665e-10
4.5267853e-10
4.5116072e-10
4.5312498e-10
4.5148812e-10
4.530952e-10
4.5136905e-10
4.5327378e-10
4.5386903e-10
4.509822e-10
4.5309526e-10
4.5279763e-10
4.5232143e-10
4.5241069e-10
4.5300602e-10
4.5208332e-10
4.5032739e-10
4.5047618e-10
4.5202378e-10
4.5080353e-10
4.5235118e-10
4.5133927e-10
4.525893e-10
4.5092263e-10
4.5193455e-10
4.5226184e-10
4.5321427e-10
4.5312504e-10
4.5083337e-10
4.5366072e-10
4.5315485e-10
4.5273812e-10
4.5392853e-10
4.5324405e-10
4.5517859e-10
4.5407736e-10
4.5380952e-10
4.5107143e-10
4.5261903e-10
4.5154758e-10
4.5300597e-10
4.5309528e-10
4.525893e-10
4.5309526e-10
4.5279763e-10
4.5214288e-10
4.5184526e-10
4.534822e-10
4.5154758e-10
4.5202378e-10
4.5130955e-10
4.5133927e-10
4.5041673e-10
4.5190479e-10
4.5247028e-10
4.5217269e-10
4.5169646e-10
4.5071427e-10
4.5110124e-10
4.521726e-10
4.5139875e-10
4.5223211e-10
4.5172616e-10
4.5202372e-10
4.5300597e-10
4.5119045e-10
4.5282736e-10
4.5107143e-10
4.5250004e-10
4.5294646e-10
4.5133933e-10
4.5395826e-10
4.5250001e-10
4.5273812e-10
4.5175597e-10
4.5125004e-10
4.5247023e-10
4.5142856e-10
4.5247028e-10
4.5282741e-10
4.5241072e-10
4.5380952e-10
4.5300597e-10
4.5407741e-10
4.5151785e-10
4.5366072e-10
4.5342266e-10
4.5261903e-10
4.537202e-10
4.5395832e-10
4.5297616e-10
4.5181556e-10
4.5372028e-10
4.5476187e-10
4.521131e-10
4.5327381e-10
4.5321427e-10
4.5205359e-10
4.5267862e-10
4.5282736e-10
4.5354168e-10
4.5505949e-10
4.5345239e-10
4.5321427e-10
4.5226192e-10
4.5267862e-10
4.53244e-10
4.5443449e-10
4.5404763e-10
4.5270826e-10
4.5279763e-10
4.5238099e-10
4.5523812e-10
4.5476195e-10
4.5241072e-10
4.5110121e-10
4.5190485e-10
4.5315471e-10
4.5166668e-10
4.5145829e-10
4.5389881e-10
4.5181553e-10
4.5437498e-10
4.5145834e-10
4.5294643e-10
4.5122026e-10
4.5199408e-10
4.5279763e-10
4.5282741e-10
4.4988094e-10
4.5303575e-10
4.5226192e-10
4.5175597e-10
4.5255955e-10
4.5202381e-10
4.5154758e-10
4.5119045e-10
4.5336307e-10
4.5178566e-10
4.5116072e-10
4.5252979e-10
4.5372023e-10
4.5098211e-10
4.535714e-10
4.5190476e-10
4.5241078e-10
4.5235118e-10
4.5217266e-10
4.5199405e-10
4.5336315e-10
4.5297624e-10
4.5345244e-10
4.5092263e-10
4.5122023e-10
4.50119e-10
4.5196427e-10
4.5023807e-10
4.5101189e-10
4.5235121e-10
4.5047624e-10
4.5324408e-10
4.5125001e-10
4.5193455e-10
4.5178575e-10
4.5205356e-10
4.5232143e-10
4.5306545e-10
4.4931542e-10
4.5122026e-10
4.5151785e-10
4.5223217e-10
4.5202378e-10
4.5288692e-10
4.5363097e-10
4.5169646e-10
4.5101192e-10
4.5107143e-10
4.522917e-10
4.5181542e-10
4.5187504e-10
4.4973214e-10
4.5312504e-10
4.5038695e-10
4.5303569e-10
4.5026788e-10
4.5080353e-10
4.5250001e-10
4.5205356e-10
4.5244045e-10
4.5297618e-10
4.5151785e-10
4.523214e-10
4.5214282e-10
4.5255955e-10
4.5104162e-10
4.5249995e-10
4.518452e-10
4.5184517e-10
4.5160717e-10
4.5181547e-10
4.5267856e-10
4.5083332e-10
4.5172618e-10
4.5303566e-10
4.5220233e-10
4.5252979e-10
4.5374998e-10
4.5196435e-10
4.5175591e-10
4.5119045e-10
4.5130946e-10
4.5193455e-10
4.5169646e-10
4.5124995e-10
4.5193443e-10
4.5127976e-10
4.5261905e-10
4.5062498e-10
4.4916662e-10
4.5139883e-10
4.5077381e-10
4.5086304e-10
4.5154763e-10
4.5089288e-10
4.5226192e-10
4.4937501e-10
4.5101192e-10
4.5101192e-10
4.5193455e-10
4.5026788e-10
4.5110116e-10
4.5193455e-10
4.5199405e-10
4.5294646e-10
4.5139883e-10
4.5279766e-10
4.5464285e-10
4.5252974e-10
4.533631e-10
4.5127976e-10
4.4982146e-10
4.5151788e-10
4.5241072e-10
4.5035722e-10
4.510714e-10
4.5172624e-10
4.50119e-10
4.5250001e-10
4.5062498e-10
4.5187504e-10
4.5136903e-10
4.5101192e-10
4.5229168e-10
4.5202381e-10
4.5062498e-10
4.5178569e-10
4.5029763e-10
4.5095239e-10
4.5139886e-10
4.5139878e-10
4.5217266e-10
4.509822e-10
4.5220239e-10
4.5187498e-10
4.5264875e-10
4.5154763e-10
4.521131e-10
4.5226189e-10
4.5226189e-10
4.5279763e-10
4.523214e-10
4.5172618e-10
4.5235118e-10
4.5342261e-10
4.5220239e-10
4.5363091e-10
4.5184528e-10
4.5315471e-10
4.5443455e-10
4.5208337e-10
4.5276785e-10
4.5208332e-10
4.55119e-10
4.5380949e-10
4.4958332e-10
4.530952e-10
4.5184526e-10
4.5148815e-10
4.5267856e-10
4.5190476e-10
4.5196427e-10
4.5386903e-10
4.5107143e-10
4.5291668e-10
4.5187498e-10
4.5050591e-10
4.5294646e-10
4.5122017e-10
4.5291668e-10
4.5288692e-10
4.5017856e-10
4.5125004e-10
4.5342266e-10
4.5142862e-10
4.5163689e-10
4.5261897e-10
4.5116072e-10
4.5122031e-10
4.5193455e-10
4.5255955e-10
4.525893e-10
4.5252979e-10
4.5238091e-10
4.5101192e-10
4.5050597e-10
4.5166668e-10
4.5133933e-10
4.5300597e-10
4.5071422e-10
4.524405e-10
4.5318446e-10
4.5077386e-10
4.5136905e-10
4.525893e-10
4.5062498e-10
4.5053575e-10
4.4964285e-10
4.5014875e-10
4.5077381e-10
4.5178569e-10
4.5255955e-10
4.5056547e-10
4.5032739e-10
4.524405e-10
4.5261903e-10
4.5250004e-10
4.5175591e-10
4.5133927e-10
4.5270834e-10
4.5196427e-10
4.5235118e-10
4.5092263e-10
4.5276791e-10
4.5169637e-10
4.4919646e-10
4.5104165e-10
4.5095239e-10
4.5139878e-10
4.5053575e-10
4.5068457e-10
4.507143e-10
4.5083329e-10
4.5235118e-10
4.5145834e-10
4.4922618e-10
4.4931547e-10
4.5074408e-10
4.5029758e-10
4.508631e-10
4.5122023e-10
4.5041665e-10
4.507143e-10
4.5062501e-10
4.5080359e-10
4.5133933e-10
4.510417e-10
4.5145834e-10
4.5181547e-10
4.4997026e-10
4.5175591e-10
4.4955359e-10
4.5226189e-10
4.5139878e-10
4.5166659e-10
4.5101192e-10
4.5095239e-10
4.5062498e-10
4.5047616e-10
4.5107149e-10
4.5166659e-10
4.4999998e-10
4.4892864e-10
4.5166665e-10
4.5154763e-10
4.5181542e-10
4.5172616e-10
4.5035714e-10
4.5083329e-10
4.5047618e-10
4.5250001e-10
4.5160709e-10
4.5026785e-10
4.5095239e-10
4.5208332e-10
4.4958334e-10
4.5205356e-10
4.5333337e-10
4.5178569e-10
4.5407741e-10
4.521131e-10
4.5193443e-10
4.5154758e-10
4.5092255e-10
4.5252979e-10
4.5080362e-10
4.5208332e-10
4.5214288e-10
4.5145834e-10
4.516964e-10
4.5199408e-10
4.5151788e-10
4.510417e-10
4.5250001e-10
4.5080353e-10
4.5244045e-10
4.5226192e-10
4.5029766e-10
4.5214288e-10
4.5122026e-10
4.5184526e-10
4.5214282e-10
4.4999995e-10
4.5279766e-10
4.5297618e-10
4.5404761e-10
4.5267853e-10
4.5133927e-10
4.5285714e-10
4.5193449e-10
4.5068457e-10
4.508631e-10
4.5050597e-10
4.5324405e-10
4.4985121e-10
4.5261905e-10
4.5345239e-10
4.5273804e-10
4.5279758e-10
4.5133924e-10
4.5166668e-10
4.5226189e-10
4.521131e-10
4.5235118e-10
4.5059526e-10
4.5205364e-10
4.5142856e-10
4.5226192e-10
4.5080359e-10
4.5184526e-10
4.5223217e-10
4.50119e-10
4.5151788e-10
4.5062501e-10
4.5196427e-10
4.5321435e-10
4.5133924e-10
4.5184526e-10
4.5193449e-10
4.5214282e-10
4.5127976e-10
4.5154763e-10
4.482143e-10
4.5303569e-10
4.5119045e-10
4.5208337e-10
4.5324405e-10
4.5148812e-10
4.5047624e-10
4.527084e-10
4.5160714e-10
4.5110121e-10
4.5065471e-10
4.5074411e-10
4.521131e-10
4.5083332e-10
4.4991075e-10
4.5154766e-10
4.5095233e-10
4.5122026e-10
4.5148815e-10
4.5172616e-10
4.5145834e-10
4.508334e-10
4.5205359e-10
4.4976187e-10
4.5148812e-10
4.5092263e-10
4.5229168e-10
4.5154758e-10
4.5244042e-10
4.5193463e-10
4.5285714e-10
4.5267856e-10
4.5163687e-10
4.5217269e-10
4.5113091e-10
4.5315476e-10
4.5151777e-10
4.5062501e-10
4.5163687e-10
4.5324405e-10
4.5214282e-10
4.5318449e-10
4.5247023e-10
4.522917e-10
4.5116072e-10
4.5220233e-10
4.5122023e-10
4.5062501e-10
4.5154763e-10
4.518452e-10
4.5062498e-10
4.5029766e-10
4.5252979e-10
4.5133933e-10
4.5044649e-10
4.5321427e-10
4.5285717e-10
4.5184517e-10
4.5175591e-10
4.5071427e-10
4.5214288e-10
4.5020834e-10
4.5148812e-10
4.5130955e-10
4.5074408e-10
4.5252979e-10
4.5056547e-10
4.5080353e-10
4.5044649e-10
4.516964e-10
4.5172616e-10
4.5244045e-10
4.5080359e-10
4.5110121e-10
4.5297616e-10
4.5098214e-10
4.5151788e-10
4.5035714e-10
4.5252974e-10
4.5187493e-10
4.518452e-10
4.5291665e-10
4.523214e-10
4.5241069e-10
4.5252979e-10
4.4999998e-10
4.5297624e-10
4.5148807e-10
4.5312504e-10
4.523214e-10
4.5172624e-10
4.5327386e-10
4.5249995e-10
4.5363097e-10
4.5205359e-10
4.5187493e-10
4.523214e-10
4.5193455e-10
4.5321435e-10
4.5357146e-10
4.530952e-10
4.509822e-10
4.5142856e-10
4.5303575e-10
4.519643e-10
4.5127974e-10
4.5389881e-10
4.5282741e-10
4.5205356e-10
4.5139878e-10
4.5166668e-10
4.5360121e-10
4.4961312e-10
4.5002976e-10
4.5190479e-10
4.5193455e-10
4.508631e-10
4.5089291e-10
4.524702e-10
4.5333337e-10
4.5041673e-10
4.508631e-10
4.50119e-10
4.5166665e-10
4.5032736e-10
4.5166665e-10
4.5166665e-10
4.5113094e-10
4.533631e-10
4.5315479e-10
4.5130946e-10
4.5238091e-10
4.5202381e-10
4.5122023e-10
4.5187498e-10
4.5044646e-10
4.5264875e-10
4.4991072e-10
4.5160714e-10
4.4999998e-10
4.5038689e-10
4.5270843e-10
4.5095239e-10
4.5327381e-10
4.5312504e-10
4.5163687e-10
4.521726e-10
4.5178566e-10
4.5250001e-10
4.5255952e-10
4.5363099e-10
4.5071435e-10
4.5113094e-10
4.541072e-10
4.5232149e-10
4.5386911e-10
4.5303569e-10
4.5193457e-10
4.5190479e-10
4.5166668e-10
4.5184526e-10
4.5288692e-10
4.5160717e-10
4.519643e-10
4.5247028e-10
4.5360118e-10
4.5133924e-10
4.5342266e-10
4.5169637e-10
4.510714e-10
4.5169646e-10
4.5255952e-10
4.5017856e-10
4.523214e-10
4.509226e-10
4.4937493e-10
4.5089288e-10
4.5184526e-10
4.5196435e-10
4.518452e-10
4.5080359e-10
4.5178575e-10
4.5113099e-10
4.5122023e-10
4.505655e-10
4.5288692e-10
4.5178569e-10
4.5080353e-10
4.5148812e-10
4.5020834e-10
4.4988094e-10
4.5053575e-10
4.5154763e-10
4.5113094e-10
4.5190471e-10
4.5080353e-10
4.5142856e-10
4.5175597e-10
4.4943452e-10
4.5074403e-10
4.5041659e-10
4.5145826e-10
4.5172624e-10
4.5351189e-10
4.5163695e-10
4.524405e-10
4.5139875e-10
4.5101189e-10
4.5169646e-10
4.5035717e-10
4.5214288e-10
4.5005946e-10
4.5139878e-10
4.5226192e-10
4.5205359e-10
4.5074408e-10
4.524405e-10
4.5223217e-10
4.5252979e-10
4.5309528e-10
4.5247023e-10
4.515773e-10
4.5125001e-10
4.5151788e-10
4.5214288e-10
4.5107149e-10
4.5297618e-10
4.5261903e-10
4.5318455e-10
4.5190476e-10
4.5279763e-10
4.5226192e-10
4.5184528e-10
4.5172618e-10
4.5273812e-10
4.5142862e-10
4.5157739e-10
4.5116066e-10
4.5232149e-10
4.5101192e-10
4.5157736e-10
4.5252974e-10
4.5244053e-10
4.5139883e-10
4.5389875e-10
4.5163687e-10
4.5258924e-10
4.524405e-10
4.5163689e-10
4.5345239e-10
4.5285714e-10
4.5392853e-10
4.5345239e-10
4.5327381e-10
4.5360121e-10
4.5273807e-10
4.5303575e-10
4.5250001e-10
4.5285714e-10
4.5285717e-10
4.5279763e-10
4.5407736e-10
4.5202378e-10
4.5116072e-10
4.5315471e-10
4.5187498e-10
4.5473211e-10
4.5241078e-10
4.5217266e-10
4.5250001e-10
4.5142864e-10
4.5297616e-10
4.530952e-10
4.5303569e-10
4.5053578e-10
4.5306547e-10
4.5110121e-10
4.5467258e-10
4.5229176e-10
4.5261903e-10
4.510417e-10
4.5300597e-10
4.5068452e-10
4.5291668e-10
4.5336315e-10
4.5220247e-10
4.5160714e-10
4.5282733e-10
4.5312498e-10
4.5190485e-10
4.5187504e-10
4.5107143e-10
4.5125009e-10
4.5291673e-10
4.5175591e-10
4.5190476e-10
4.5220233e-10
4.5291659e-10
4.5113099e-10
4.5232149e-10
4.5232143e-10
4.5318449e-10
4.5336301e-10
4.5107143e-10
4.5157736e-10
4.5276785e-10
4.511905e-10
4.5473217e-10
4.5247028e-10
4.5133927e-10
4.5214282e-10
4.5101189e-10
4.5190479e-10
4.5261905e-10
4.5315476e-10
4.5139883e-10
4.5229168e-10
4.5214291e-10
4.5238094e-10
4.5214288e-10
4.5199405e-10
4.5148812e-10
4.5133927e-10
4.5178575e-10
4.5065476e-10
4.5005949e-10
4.5223209e-10
4.5258924e-10
4.5074403e-10
4.5145837e-10
4.5175597e-10
4.5202378e-10
4.5071427e-10
4.50119e-10
4.5116072e-10
4.5095239e-10
4.5127976e-10
4.5276791e-10
4.5116072e-10
4.5229168e-10
4.50744e-10
4.5122023e-10
4.5187507e-10
4.508631e-10
4.5130955e-10
4.5098214e-10
4.5071422e-10
4.5208337e-10
4.5184526e-10
4.4943449e-10
4.509226e-10
4.507143e-10
4.4973214e-10
4.5080359e-10
4.5110116e-10
4.4982143e-10
4.5142862e-10
4.5062501e-10
4.4991072e-10
4.5062498e-10
4.5252974e-10
4.5273812e-10
4.5098214e-10
4.5133935e-10
4.5068449e-10
4.5187498e-10
4.5205356e-10
4.5113094e-10
4.5250001e-10
4.5151785e-10
4.518452e-10
4.5288687e-10
4.5074408e-10
4.521131e-10
4.516964e-10
4.5178569e-10
4.5032739e-10
4.5276785e-10
4.5297624e-10
4.5220239e-10
4.5092263e-10
4.5223211e-10
4.5038695e-10
4.507143e-10
4.5160709e-10
4.5068452e-10
4.518452e-10
4.5163689e-10
4.5160714e-10
4.5065471e-10
4.5122026e-10
4.5002976e-10
4.5038687e-10
4.5136905e-10
4.5062498e-10
4.5261905e-10
4.5139878e-10
4.507143e-10
4.5125001e-10
4.5026785e-10
4.5110121e-10
4.5047618e-10
4.518452e-10
4.5011905e-10
4.5110116e-10
4.5241078e-10
4.5151785e-10
4.5035714e-10
4.5122023e-10
4.5029766e-10
4.4973206e-10
4.5062498e-10
4.5032744e-10
4.5101189e-10
4.5125001e-10
4.5014883e-10
4.5065479e-10
4.4967263e-10
4.5181547e-10
4.5235118e-10
4.5202381e-10
4.524702e-10
4.5095241e-10
4.5145834e-10
4.521131e-10
4.5172618e-10
4.5223217e-10
4.5098214e-10
4.5107149e-10
4.5181542e-10
4.505952e-10
4.5226192e-10
4.508631e-10
4.5139878e-10
4.5223211e-10
4.519643e-10
4.5127976e-10
4.5089288e-10
4.524405e-10
4.5059526e-10
4.5095233e-10
4.5238094e-10
4.511905e-10
4.515178e-10
4.5127974e-10
4.5255952e-10
4.5008927e-10
4.5255952e-10
4.5217269e-10
4.5190476e-10
4.5264875e-10
4.504464e-10
4.508631e-10
4.5425594e-10
4.5249995e-10
4.5089288e-10
4.5151785e-10
4.5077381e-10
4.5330356e-10
4.527084e-10
4.509226e-10
4.5145834e-10
4.5163695e-10
4.5297618e-10
4.519643e-10
4.5107149e-10
4.516964e-10
4.5080359e-10
4.5098214e-10
4.5008927e-10
4.5223211e-10
4.5035717e-10
4.5169637e-10
4.5151788e-10
4.5110116e-10
4.51994e-10
4.5110113e-10
4.5297618e-10
4.5017856e-10
4.4958332e-10
4.5312504e-10
4.5008933e-10
4.5008927e-10
4.5065479e-10
4.5119045e-10
4.4970236e-10
4.5208337e-10
4.509226e-10
4.5235121e-10
4.5119053e-10
4.5273812e-10
4.509226e-10
4.5249995e-10
4.516964e-10
4.4901788e-10
4.5130952e-10
4.5178575e-10
4.5348211e-10
4.5116072e-10
4.5136905e-10
4.5095239e-10
4.5139883e-10
4.4869045e-10
4.5113099e-10
4.5226192e-10
4.508631e-10
4.5095233e-10
4.5122023e-10
4.5101189e-10
4.5113094e-10
4.5145834e-10
4.5276785e-10
4.5196422e-10
4.5157739e-10
4.5297618e-10
4.515773e-10
4.5229168e-10
4.5258924e-10
4.5130955e-10
4.5223217e-10
4.5175597e-10
4.507143e-10
4.5175588e-10
4.521131e-10
4.5244045e-10
4.5107143e-10
4.5199405e-10
4.5193449e-10
4.5354162e-10
4.5220239e-10
4.5083332e-10
4.5312498e-10
4.5261905e-10
4.5247028e-10
4.521131e-10
4.5181553e-10
4.523214e-10
4.5133933e-10
4.541667e-10
4.5247028e-10
4.5232143e-10
4.5136903e-10
4.5416665e-10
4.5241072e-10
4.5250001e-10
4.5270832e-10
4.5348217e-10
4.5291668e-10
4.5172618e-10
4.5285714e-10
4.525893e-10
4.533631e-10
4.5309526e-10
4.515178e-10
4.5232143e-10
4.5226189e-10
4.5241072e-10
4.511905e-10
4.5145834e-10
4.525893e-10
4.5148812e-10
4.5125004e-10
4.521131e-10
4.5223211e-10
4.5235121e-10
4.5220239e-10
4.509226e-10
4.524702e-10
4.5023812e-10
4.5178566e-10
4.5318449e-10
4.5008933e-10
4.5184526e-10
4.5163687e-10
4.5053569e-10
4.5056547e-10
4.5151788e-10
4.5062498e-10
4.510714e-10
4.5125004e-10
4.5101189e-10
4.4999998e-10
4.5133933e-10
4.5136905e-10
4.5151785e-10
4.5232143e-10
4.5047618e-10
4.5142862e-10
4.5151788e-10
4.5026785e-10
4.5041665e-10
4.4994053e-10
4.5089282e-10
4.5077386e-10
4.5125009e-10
4.5020834e-10
4.5059528e-10
4.5002982e-10
4.5026793e-10
4.5014886e-10
4.5059526e-10
4.5244042e-10
4.5116072e-10
4.5196422e-10
4.5065476e-10
4.5098211e-10
4.5181547e-10
4.5122026e-10
4.5163695e-10
4.5178561e-10
4.494643e-10
4.5226189e-10
4.5044646e-10
4.5056547e-10
4.5211307e-10
4.5014883e-10
4.516964e-10
4.50744e-10
4.5035722e-10
4.5065476e-10
4.5014878e-10
4.5023812e-10
4.5047624e-10
4.5002976e-10
4.497917e-10
4.5119045e-10
4.5023801e-10
4.4913689e-10
4.5011905e-10
4.4937506e-10
4.5083337e-10
4.491964e-10
4.5142862e-10
4.4997026e-10
4.508631e-10
4.5089282e-10
4.4940479e-10
4.5139883e-10
4.5139878e-10
4.5116072e-10
4.5184526e-10
4.5038689e-10
4.5032739e-10
4.5065476e-10
4.5026785e-10
4.5050591e-10
4.4916662e-10
4.5205356e-10
4.507143e-10
4.508631e-10
4.5020829e-10
4.5095241e-10
4.5062501e-10
4.5172618e-10
4.494643e-10
4.4961312e-10
4.5029763e-10
4.510417e-10
4.5113094e-10
4.5113094e-10
4.5050597e-10
4.5172616e-10
4.5032739e-10
4.4991072e-10
4.5122023e-10
4.5038689e-10
4.5083332e-10
4.5235118e-10
4.4955351e-10
4.5133924e-10
4.5193455e-10
4.5285717e-10
4.509226e-10
4.5250001e-10
4.5035708e-10
4.5119053e-10
4.5130946e-10
4.5074403e-10
4.5199405e-10
4.510417e-10
4.5157744e-10
4.5250001e-10
4.5226192e-10
4.5151785e-10
4.5029766e-10
4.5074403e-10
4.5002974e-10
4.5282736e-10
4.5119045e-10
4.4943452e-10
4.5276791e-10
4.5226184e-10
4.5309517e-10
4.5029763e-10
4.5163695e-10
4.521726e-10
4.5056539e-10
4.5175591e-10
4.5151785e-10
4.5089288e-10
4.5190479e-10
4.5199414e-10
4.5232149e-10
4.5122023e-10
4.5160717e-10
4.5163687e-10
4.5154763e-10
4.5291659e-10
4.519643e-10
4.5220239e-10
4.5166665e-10
4.5223211e-10
4.5187504e-10
4.5092263e-10
4.5154763e-10
