-9.0476189e-11
-9.0238095e-11
-9.1994044e-11
-9.1815465e-11
-8.9970233e-11
-9.2291653e-11
-9.0565472e-11
-9.1279755e-11
-9.1636899e-11
-9.217261e-11
-9.1636899e-11
-9.1636906e-11
-9.0773798e-11
-9.0535718e-11
-9.122024e-11
-9.0446421e-11
-9.2827378e-11
-9.1696428e-11
-8.9910704e-11
-9.2678566e-11
-9.0654755e-11
-9.0714283e-11
-9.2232139e-11
-9.0952378e-11
-9.1636899e-11
-9.1785711e-11
-9.0684509e-11
-9.2619044e-11
-9.0624987e-11
-9.2232139e-11
-9.0982132e-11
-9.041666e-11
-9.0892849e-11
-8.9315465e-11
-8.9136899e-11
-9.0535718e-11
-9.175595e-11
-9.0119037e-11
-9.238095e-11
-9.2559516e-11
-9.1339283e-11
-9.2499987e-11
-9.1607132e-11
-9.22619e-11
-9.1488088e-11
-9.2321421e-11
-9.1934516e-11
-9.0624987e-11
-9.22619e-11
-9.1607132e-11
-9.3660711e-11
-9.0744044e-11
-9.2142856e-11
-9.2321421e-11
-9.2619044e-11
-9.1428566e-11
-9.3482132e-11
-9.2767849e-11
-9.2410711e-11
-9.3571428e-11
-9.4553573e-11
-9.1547603e-11
-9.2351182e-11
-9.1994044e-11
-9.1636899e-11
-9.2767856e-11
-9.1488088e-11
-9.2023805e-11
-9.0892849e-11
-9.2351175e-11
-9.2470233e-11
-9.2589283e-11
-9.238095e-11
-9.1964276e-11
-9.0476189e-11
-9.2261893e-11
-9.2767856e-11
-9.291666e-11
-9.1934516e-11
-9.175595e-11
-9.238095e-11
-9.1666653e-11
-9.2470233e-11
-9.3869038e-11
-9.3541661e-11
-9.1428566e-11
-9.238095e-11
-9.3779755e-11
-9.1101189e-11
-9.4523799e-11
-9.3988074e-11
-9.2529762e-11
-9.279761e-11
-9.2410704e-11
-9.3869038e-11
-9.4196415e-11
-9.2946421e-11
-9.3809509e-11
-9.0922617e-11
-9.3392849e-11
-9.3452371e-11
-9.1994044e-11
-9.2410711e-11
-9.2499987e-11
-9.3988074e-11
-9.3839284e-11
-9.2291667e-11
-9.1279768e-11
-9.2351182e-11
-9.3124987e-11
-9.2113102e-11
-9.1874994e-11
-9.2410704e-11
-9.3154755e-11
-9.3422617e-11
-9.2946414e-11
-9.3005943e-11
-9.3095226e-11
-9.3422617e-11
-9.3154755e-11
-9.3184516e-11
-9.217261e-11
-9.3601182e-11
-9.372024e-11
-9.2321421e-11
-9.3690465e-11
-9.2857139e-11
-9.3065458e-11
-9.2559516e-11
-9.2738081e-11
-9.333332e-11
-9.2321421e-11
-9.1428566e-11
-9.122024e-11
-9.2351182e-11
-9.2232139e-11
-9.3065472e-11
-9.0505943e-11
-9.2202371e-11
-9.0863095e-11
-9.3184516e-11
-9.2023805e-11
-9.2946421e-11
-9.3363095e-11
-9.4315465e-11
-9.333332e-11
-9.3690472e-11
-9.1488095e-11
-9.1815465e-11
-9.1279755e-11
-9.1904748e-11
-9.2321428e-11
-9.4226182e-11
-9.3630957e-11
-9.2291653e-11
-9.3184516e-11
-9.166666e-11
-9.2976189e-11
-9.2678566e-11
-9.2291667e-11
-9.3660711e-11
-9.3779755e-11
-9.0892863e-11
-9.1845233e-11
-9.2619044e-11
-9.3660711e-11
-9.2767856e-11
-9.1547617e-11
-9.1726182e-11
-9.0803566e-11
-8.9791653e-11
-9.300595e-11
-9.2499987e-11
-9.1964276e-11
-9.3541661e-11
-9.2827378e-11
-9.0327384e-11
-9.2053559e-11
-9.1726182e-11
-9.2708327e-11
-9.0595233e-11
-9.041666e-11
-9.2291667e-11
-9.2976189e-11
-9.2113088e-11
-9.258927e-11
-9.2619044e-11
-9.0625001e-11
-9.1577371e-11
-9.1339276e-11
-9.0535704e-11
-9.2946421e-11
-9.1577378e-11
-9.3630943e-11
-9.1874994e-11
-9.1904748e-11
-9.3095233e-11
-9.0654755e-11
-9.3839277e-11
-9.1934522e-11
-9.175595e-11
-9.0505943e-11
-9.2559529e-11
-8.9494044e-11
-9.2142856e-11
-9.1369051e-11
-9.2470219e-11
-9.2291667e-11
-9.2708327e-11
-9.0952378e-11
-9.2113088e-11
-9.2053573e-11
-9.2529748e-11
-9.2113088e-11
-9.2172617e-11
-9.2142856e-11
-9.3601189e-11
-9.1130943e-11
-9.1726182e-11
-9.1517842e-11
-9.3244037e-11
-9.3184516e-11
-9.2648798e-11
-9.1785711e-11
-9.1934516e-11
-9.35119e-11
-9.3630943e-11
-9.1547617e-11
-9.1904762e-11
-9.2886906e-11
-9.3482146e-11
-9.3154755e-11
-9.3065472e-11
-9.2678566e-11
-9.3154762e-11
-9.166666e-11
-9.2410704e-11
-9.1101189e-11
-9.1815465e-11
-9.2619037e-11
-9.0476189e-11
-9.0863095e-11
-9.3988088e-11
-9.2946421e-11
-9.1071428e-11
-9.2083327e-11
-9.3898805e-11
-9.050595e-11
-9.3333327e-11
-9.35119e-11
-9.1934522e-11
-9.4970233e-11
-9.2886893e-11
-9.3035704e-11
-9.4047617e-11
-9.2529748e-11
-9.2321428e-11
-9.3839284e-11
-9.3065472e-11
-9.3184516e-11
-9.35119e-11
-9.2261893e-11
-9.3958334e-11
-9.2886893e-11
-9.3690465e-11
-9.2291653e-11
-9.2142856e-11
-9.1874994e-11
-9.4464277e-11
-9.291666e-11
-9.3303566e-11
-9.1636899e-11
-9.2321421e-11
-9.1636899e-11
-9.2232139e-11
-9.1577371e-11
-9.2529748e-11
-9.4017849e-11
-9.3779755e-11
-9.1874994e-11
-9.2708327e-11
-9.3244037e-11
-9.3988088e-11
-9.3690472e-11
-9.1547617e-11
-9.3779755e-11
-9.2470233e-11
-9.3392849e-11
-9.0744044e-11
-9.2976189e-11
-9.2678566e-11
-9.2053559e-11
-8.9940465e-11
-9.3184509e-11
-9.2380936e-11
-9.4017849e-11
-9.2589283e-11
-9.3422617e-11
-9.395832e-11
-9.3392863e-11
-9.4523805e-11
-9.1964276e-11
-9.2113088e-11
-9.3571415e-11
-9.217261e-11
-9.4047603e-11
-9.3184509e-11
-9.2678566e-11
-9.3452378e-11
-9.5238081e-11
-9.2827378e-11
-9.4434516e-11
-9.4702385e-11
-9.5059516e-11
-9.4553559e-11
-9.4583327e-11
-9.3244037e-11
-9.425595e-11
-9.3273798e-11
-9.4166661e-11
-9.3958334e-11
-9.3482146e-11
-9.5386907e-11
-9.5059502e-11
-9.425595e-11
-9.4613088e-11
-9.3303566e-11
-9.4494045e-11
-9.22619e-11
-9.3779755e-11
-9.3720226e-11
-9.2648798e-11
-9.3095226e-11
-9.3422617e-11
-9.3035704e-11
-9.3363095e-11
-9.4047603e-11
-9.238095e-11
-9.3035704e-11
-9.291666e-11
-9.3303566e-11
-9.3749994e-11
-9.3065472e-11
-9.467261e-11
-9.2172617e-11
-9.3452371e-11
-9.3214284e-11
-9.0565472e-11
-9.520832e-11
-9.3184516e-11
-9.3898805e-11
-9.2827364e-11
-9.2470233e-11
-9.2291667e-11
-9.1636899e-11
-9.1249994e-11
-9.3363081e-11
-9.3154755e-11
-9.4732139e-11
-9.2589283e-11
-9.41369e-11
-9.2321421e-11
-9.300595e-11
-9.3630943e-11
-9.2023798e-11
-9.3035704e-11
-9.2767856e-11
-9.4404762e-11
-9.2291653e-11
-9.47619e-11
-9.3303566e-11
-9.3839284e-11
-9.2857132e-11
-9.3690465e-11
-9.1458334e-11
-9.3690472e-11
-9.3333327e-11
-9.4642863e-11
-9.3660711e-11
-9.2857139e-11
-9.5386893e-11
-9.3601189e-11
-9.3452378e-11
-9.1577371e-11
-9.4523805e-11
-9.3541661e-11
-9.3541661e-11
-9.1964276e-11
-9.2559516e-11
-9.2232139e-11
-9.3749994e-11
-9.1994051e-11
-9.1875008e-11
-9.2023805e-11
-9.1488088e-11
-9.3690472e-11
-9.0892849e-11
-9.2767856e-11
-9.22619e-11
-9.2738081e-11
-8.9940465e-11
-9.2351196e-11
-9.1160711e-11
-8.9910711e-11
-9.2499994e-11
-9.1011886e-11
-9.1160711e-11
-9.1607132e-11
-9.1934516e-11
-9.2886906e-11
-9.1517849e-11
-9.1577371e-11
-9.1488088e-11
-9.2529748e-11
-9.1874987e-11
-9.2440465e-11
-9.2023805e-11
-9.2678566e-11
-9.0327378e-11
-9.2708327e-11
-9.0744037e-11
-9.1160711e-11
-9.2232139e-11
-9.2767849e-11
-9.0982132e-11
-9.291666e-11
-9.22619e-11
-9.1279755e-11
-9.2321421e-11
-9.3244044e-11
-9.2232139e-11
-8.9642842e-11
-9.1339283e-11
-9.0565472e-11
-9.1874994e-11
-9.196429e-11
-9.3124987e-11
-9.3154755e-11
-9.122024e-11
-9.1607132e-11
-9.2202385e-11
-9.1309522e-11
-9.1101182e-11
-9.247024e-11
-9.3452371e-11
-9.0505943e-11
-9.321427e-11
-9.2767849e-11
-9.0892849e-11
-9.3065458e-11
-9.3035704e-11
-9.1369037e-11
-9.1339276e-11
-9.0803566e-11
-9.2619044e-11
-9.3660711e-11
-9.2678566e-11
-9.3273798e-11
-9.1696414e-11
-9.291666e-11
-9.1339283e-11
-9.1011899e-11
-9.3601189e-11
-9.3303566e-11
-9.2440465e-11
-9.3214284e-11
-9.2291653e-11
-9.1934516e-11
-9.2113088e-11
-9.3601182e-11
-9.2321421e-11
-9.1577371e-11
-9.1160711e-11
-9.1279755e-11
-9.3988088e-11
-9.3303566e-11
-9.2053559e-11
-9.0624987e-11
-9.3482132e-11
-9.2946421e-11
-9.1220226e-11
-9.3095233e-11
-9.1964276e-11
-9.3601189e-11
-9.2619044e-11
-9.4077371e-11
-9.3214284e-11
-9.1874994e-11
-9.3482132e-11
-9.1964276e-11
-9.2619044e-11
-9.2261893e-11
-9.1874994e-11
-9.2797624e-11
-9.3124987e-11
-9.4404762e-11
-9.2499994e-11
-9.2499987e-11
-9.2470233e-11
-9.291666e-11
-9.2261893e-11
-9.3154755e-11
-9.372024e-11
-9.3333327e-11
-9.4077371e-11
-9.3571428e-11
-9.5625001e-11
-9.1488088e-11
-9.4523805e-11
-9.3154755e-11
-9.1517842e-11
-9.3452378e-11
-9.2976189e-11
-9.2738095e-11
-1.0011904e-10
-1.2383927e-10
-1.5523809e-10
-1.8836308e-10
-2.2773808e-10
-2.6559524e-10
-2.9511901e-10
-3.1172617e-10
-3.2800593e-10
-3.4285713e-10
-3.5630957e-10
-3.7092263e-10
-3.813691e-10
-3.8651787e-10
-3.9559525e-10
-4.0157738e-10
-4.1363105e-10
-4.241667e-10
-4.2877976e-10
-4.3214288e-10
-4.2999998e-10
-4.2949408e-10
-4.221726e-10
-4.1547621e-10
-4.0991074e-10
-4.011905e-10
-3.9205358e-10
-3.8354167e-10
-3.7223219e-10
-3.6336306e-10
-3.5157738e-10
-3.4464284e-10
-3.361309e-10
-3.2434519e-10
-3.1497027e-10
-3.0699401e-10
-2.9946431e-10
-2.9169642e-10
-2.8235117e-10
-2.7380953e-10
-2.6723215e-10
-2.6029762e-10
-2.520536e-10
-2.4741068e-10
-2.4202379e-10
-2.3449404e-10
-2.3175592e-10
-2.2517857e-10
-2.1892856e-10
-2.1342261e-10
-2.080357e-10
-2.0583332e-10
-2.010119e-10
-1.9770835e-10
-1.9297618e-10
-1.8901784e-10
-1.8523807e-10
-1.8226189e-10
-1.7758926e-10
-1.7553571e-10
-1.7425596e-10
-1.7113096e-10
-1.6955357e-10
-1.6428572e-10
-1.6339283e-10
-1.6133929e-10
-1.5824402e-10
-1.5625e-10
-1.5285713e-10
-1.5071427e-10
-1.5169642e-10
-1.5002975e-10
-1.4741069e-10
-1.4797619e-10
-1.4654759e-10
-1.4142858e-10
-1.4169643e-10
-1.4125001e-10
-1.407738e-10
-1.3732142e-10
-1.3770832e-10
-1.3708333e-10
-1.3568452e-10
-1.3467263e-10
-1.3249998e-10
-1.3047619e-10
-1.3160714e-10
-1.2857142e-10
-1.3023808e-10
-1.3005952e-10
-1.2767856e-10
-1.2779761e-10
-1.2622023e-10
-1.2654761e-10
-1.2529762e-10
-1.2404761e-10
-1.2369047e-10
-1.2494047e-10
-1.2229166e-10
-1.2264878e-10
-1.2208332e-10
-1.2291665e-10
-1.2223214e-10
-1.2119047e-10
-1.200595e-10
-1.2098213e-10
-1.1883927e-10
-1.1806547e-10
-1.1892858e-10
-1.2095239e-10
-1.1690474e-10
-1.1738092e-10
-1.1752976e-10
-1.169345e-10
-1.1696429e-10
-1.1651784e-10
-1.1616071e-10
-1.1738092e-10
-1.1809523e-10
-1.1630951e-10
-1.1627976e-10
-1.1732142e-10
-1.1630951e-10
-1.1571429e-10
-1.1431548e-10
-1.1666665e-10
-1.1333333e-10
-1.1541666e-10
-1.1467262e-10
-1.1303572e-10
-1.1318451e-10
-1.127976e-10
-1.1288691e-10
-1.1410713e-10
-1.1270833e-10
-1.1252975e-10
-1.134226e-10
-1.1366071e-10
-1.111607e-10
-1.1095237e-10
-1.1130951e-10
-1.1273808e-10
-1.1279761e-10
-1.1038691e-10
-1.1095238e-10
-1.095238e-10
-1.1107142e-10
-1.0949405e-10
-1.1038689e-10
-1.111607e-10
-1.116369e-10
-1.0949405e-10
-1.1035715e-10
-1.1130952e-10
-1.0857143e-10
-1.0925595e-10
-1.091369e-10
-1.0767857e-10
-1.0824404e-10
-1.0872023e-10
-1.0916665e-10
-1.086607e-10
-1.0979167e-10
-1.0842262e-10
-1.0946429e-10
-1.0877976e-10
-1.1068452e-10
-1.0901785e-10
-1.0997023e-10
-1.0729165e-10
-1.0898809e-10
-1.0773808e-10
-1.0779761e-10
-1.0758927e-10
-1.0791665e-10
-1.0738093e-10
-1.0678573e-10
-1.0839285e-10
-1.0839284e-10
-1.0797619e-10
-1.0764879e-10
-1.0773808e-10
-1.0729165e-10
-1.0886904e-10
-1.0800595e-10
-1.0827381e-10
-1.1026785e-10
-1.0907737e-10
-1.0767857e-10
-1.0782737e-10
-1.0502975e-10
-1.0764881e-10
-1.0729165e-10
-1.0642856e-10
-1.0556548e-10
-1.0553572e-10
-1.0482141e-10
-1.0556547e-10
-1.0782739e-10
-1.0595238e-10
-1.0318452e-10
-1.0565474e-10
-1.0538691e-10
-1.0407738e-10
-1.0526784e-10
-1.0354166e-10
-1.042262e-10
-1.0580357e-10
-1.052976e-10
-1.0526785e-10
-1.0502976e-10
-1.0708333e-10
-1.0321428e-10
-1.0497022e-10
-1.0395832e-10
-1.0604168e-10
-1.0720239e-10
-1.0520832e-10
-1.0479165e-10
-1.0666665e-10
-1.0407737e-10
-1.0410713e-10
-1.0550595e-10
-1.0383928e-10
-1.052381e-10
-1.0467261e-10
-1.0449403e-10
-1.0267857e-10
-1.0220239e-10
-1.0511905e-10
-1.0145833e-10
-1.0360119e-10
-1.0392857e-10
-1.0348215e-10
-1.0339285e-10
-1.0443452e-10
-1.0252975e-10
-1.022619e-10
-1.0217261e-10
-1.0267855e-10
-1.0360119e-10
-1.0223213e-10
-1.0357142e-10
-1.0211309e-10
-1.0157737e-10
-1.0050595e-10
-1.0354166e-10
-1.0133928e-10
-1.0220236e-10
-1.0020833e-10
-1.0244048e-10
-1.0104166e-10
-1.0068451e-10
-1.005357e-10
-1.0232141e-10
-1.0041666e-10
-1.0005952e-10
-1.0145833e-10
-1.0026786e-10
-1.0098213e-10
-1.0053572e-10
-1.001488e-10
-1.0166665e-10
-1.0178571e-10
-1.0038691e-10
-1.0116071e-10
-1.0124999e-10
-1.008631e-10
-9.9821422e-11
-1.0071428e-10
-1.016369e-10
-1.0116071e-10
-1.0035713e-10
-1.0038689e-10
-1.016369e-10
-1.0196427e-10
-1.0044642e-10
-1.005357e-10
-1.0187499e-10
-1.0196428e-10
-1.0098215e-10
-1.0169643e-10
-1.0038691e-10
-1.0095238e-10
-9.9583328e-11
-1.0008927e-10
-1.0017857e-10
-9.9672617e-11
-1.0163689e-10
-1.0151785e-10
-1.0232141e-10
-1.0175594e-10
-1.007738e-10
-1.0211309e-10
-1.0255952e-10
-1.0005952e-10
-1.0142857e-10
-9.9523799e-11
-1.0130952e-10
-1.0223213e-10
-1.0050594e-10
-1.0157736e-10
-1.0008927e-10
-1.0113094e-10
-9.8958335e-11
-1.0127976e-10
-1.0178571e-10
-1.0148809e-10
-1.0107143e-10
-9.967261e-11
-1.0122024e-10
-1.0247023e-10
-1.015476e-10
-9.9732139e-11
-1.0160713e-10
-1.0145833e-10
-1.0297618e-10
-1.0270833e-10
-1.0011904e-10
-1.0250001e-10
-1.0193452e-10
-1.0122023e-10
-1.0047619e-10
-1.002381e-10
-9.9880951e-11
-9.9999994e-11
-1.0172618e-10
-1.0157738e-10
-1.0113094e-10
-9.9374994e-11
-9.9732139e-11
-1.016369e-10
-1.0202381e-10
-9.9107125e-11
-1.0199405e-10
-9.9464291e-11
-9.9404762e-11
-9.9077378e-11
-1.0047618e-10
-1.0092262e-10
-9.9375008e-11
-9.9404748e-11
-1.0047619e-10
-9.9642843e-11
-1.0059523e-10
-9.9404762e-11
-1.0104166e-10
-9.934524e-11
-9.9285712e-11
-1.0083333e-10
-9.872024e-11
-1.0107142e-10
-9.9285705e-11
-1.0035714e-10
-1.0050595e-10
-1.0238095e-10
-1.0181547e-10
-9.955356e-11
-1.0124999e-10
-1.0187499e-10
-1.0139881e-10
-1.0068451e-10
-1.0306547e-10
-1.0127975e-10
-1.0107143e-10
-1.007738e-10
-9.9523806e-11
-1.0029761e-10
-1.0124999e-10
-1.0130952e-10
-9.8541661e-11
-1.0035713e-10
-9.6964277e-11
-9.8898806e-11
-1.0035714e-10
-1.0029761e-10
-9.8988089e-11
-9.9077371e-11
-9.85119e-11
-9.9940466e-11
-1.0044642e-10
-1.0056547e-10
-9.8898806e-11
-1.0002975e-10
-1.0110118e-10
-9.9910712e-11
-9.7797624e-11
-1.0038691e-10
-1.0380951e-10
-9.9434516e-11
-9.9851197e-11
-1.017857e-10
-9.9494031e-11
-1.007738e-10
-9.9523806e-11
-9.9226169e-11
-1.0142856e-10
-9.9434516e-11
-1.0092262e-10
-9.8333321e-11
-9.9821422e-11
-1.015476e-10
-9.8898806e-11
-9.9047603e-11
-9.9613082e-11
-9.872024e-11
-9.9999994e-11
-1.0011904e-10
-9.7946436e-11
-9.9583328e-11
-9.9970233e-11
-1.0044642e-10
-9.9255951e-11
-9.8630944e-11
-9.7529748e-11
-9.7648813e-11
-9.717261e-11
-9.8214284e-11
-9.9583335e-11
-9.8630944e-11
-1.0056547e-10
-1.0098213e-10
-9.9940466e-11
-9.8124987e-11
-9.9791654e-11
-9.892856e-11
-9.955356e-11
-9.85119e-11
-9.9494045e-11
-9.9434516e-11
-9.8601183e-11
-9.8869038e-11
-9.9077371e-11
-9.97619e-11
-9.9702371e-11
-9.7678567e-11
-9.9434516e-11
-9.9434523e-11
-9.9077371e-11
-9.860119e-11
-9.9374994e-11
-9.9374987e-11
-9.9374994e-11
-9.9494052e-11
-1.0041666e-10
-9.8035705e-11
-9.9285705e-11
-1.0044642e-10
-1.0107142e-10
-9.9136907e-11
-1.0059523e-10
-9.9791654e-11
-9.7797624e-11
-9.8809523e-11
-9.8482132e-11
-9.892856e-11
-9.9315466e-11
-9.9821429e-11
-9.8988089e-11
-9.9613089e-11
-9.9880937e-11
-9.9523806e-11
-1.0017857e-10
-9.8244038e-11
-1.0071427e-10
-9.8452371e-11
-9.9851183e-11
-1.0038689e-10
-9.7976176e-11
-9.6994045e-11
-9.9345233e-11
-9.6964277e-11
-9.8958335e-11
-9.758927e-11
-9.7559516e-11
-9.9285705e-11
-9.7738095e-11
-9.9166661e-11
-9.8779755e-11
-9.9315466e-11
-9.7619045e-11
-9.967261e-11
-9.9047617e-11
-9.7142842e-11
-9.9315466e-11
-9.8720226e-11
-9.8869052e-11
-9.9464277e-11
-9.7827378e-11
-9.8988095e-11
-9.9047603e-11
-9.8660698e-11
-9.8660712e-11
-9.821427e-11
-9.8333328e-11
-9.7708328e-11
-9.9047617e-11
-9.872024e-11
-9.9107132e-11
-9.8363082e-11
-1.0050594e-10
-9.9107125e-11
-9.8749994e-11
-9.7589284e-11
-9.8482146e-11
-9.797619e-11
-9.9077371e-11
-9.8392849e-11
-9.717261e-11
-9.8779755e-11
-9.7767856e-11
-1.0002975e-10
-9.8214284e-11
-9.8690466e-11
-9.779761e-11
-9.85119e-11
-9.6041661e-11
-9.9851176e-11
-9.8809509e-11
-9.8630958e-11
-9.8392849e-11
-9.9226183e-11
-9.779761e-11
-9.755953e-11
-9.8839277e-11
-9.7648813e-11
-9.9999987e-11
-9.9047603e-11
-9.6994045e-11
-1.0005952e-10
-9.8958321e-11
-9.860119e-11
-9.7857132e-11
-9.6994045e-11
-9.6726183e-11
-9.9464277e-11
-9.8660698e-11
-9.8392849e-11
-9.7351197e-11
-9.8750001e-11
-9.7500008e-11
-9.6636886e-11
-9.5595226e-11
-9.797619e-11
-9.72619e-11
-9.7023806e-11
-9.7410711e-11
-9.7916668e-11
-9.7976176e-11
-9.779761e-11
-9.8541661e-11
-9.8809523e-11
-9.6488088e-11
-9.6964277e-11
-9.6666661e-11
-9.8333321e-11
-9.5595226e-11
-9.6398806e-11
-9.797619e-11
-9.7946422e-11
-9.7886907e-11
-9.5982132e-11
-9.7380951e-11
-9.4910711e-11
-9.6011907e-11
-9.5744045e-11
-9.6190472e-11
-9.6874994e-11
-9.7678567e-11
-9.7321422e-11
-9.7589284e-11
-9.5119045e-11
-9.642856e-11
-9.622024e-11
-9.6726183e-11
-9.6964277e-11
-9.5386893e-11
-9.6726183e-11
-9.6666661e-11
-9.8095233e-11
-9.5357139e-11
-9.7857132e-11
-9.7767849e-11
-9.7321429e-11
-9.7827378e-11
-9.5357139e-11
-9.6398806e-11
-9.6041661e-11
-9.6071415e-11
-9.6309523e-11
-9.5416661e-11
-9.5595233e-11
-9.7619045e-11
-9.7946422e-11
-9.7648799e-11
-9.9226183e-11
-9.72619e-11
-9.7559516e-11
-9.7529762e-11
-9.6785704e-11
-9.5178566e-11
-9.6934516e-11
-9.7351197e-11
-9.7113088e-11
-9.6339277e-11
-9.66369e-11
-9.7351183e-11
-9.8303567e-11
-9.8244038e-11
-9.6994052e-11
-9.7619038e-11
-9.8154755e-11
-9.7053574e-11
-9.8392863e-11
-9.9732139e-11
-9.7053574e-11
-9.9255937e-11
-9.7559516e-11
-9.6994045e-11
-9.8452392e-11
-9.7470233e-11
-9.66369e-11
-9.8184509e-11
-9.5833327e-11
-9.6964277e-11
-9.6607132e-11
-9.6726196e-11
-9.6904762e-11
-9.6160711e-11
-9.6785711e-11
-9.6130943e-11
-9.8690472e-11
-9.6279755e-11
-9.6696415e-11
-9.5178573e-11
-9.6547603e-11
-9.6934516e-11
-9.6130943e-11
-9.5892849e-11
-9.5267849e-11
-9.6726183e-11
-9.6904748e-11
-9.7499994e-11
-9.6607132e-11
-9.675595e-11
-9.7172617e-11
-9.5684516e-11
-9.8749994e-11
-9.6874994e-11
-9.5625001e-11
-9.66369e-11
-9.8690472e-11
-9.6726183e-11
-9.8184516e-11
-9.7113088e-11
-9.7142856e-11
-9.4553573e-11
-9.7529762e-11
-9.5744045e-11
-9.6666661e-11
-9.6339277e-11
-9.7738095e-11
-9.7470233e-11
-9.7232139e-11
-9.7321422e-11
-9.7857132e-11
-9.6934516e-11
-9.6339277e-11
-9.6607132e-11
-9.467261e-11
-9.60119e-11
-9.8244038e-11
-9.8749994e-11
-9.8422617e-11
-9.8779755e-11
-9.6874994e-11
-9.7053574e-11
-9.7113088e-11
-9.7053574e-11
-9.5535718e-11
-9.7023806e-11
-9.6845233e-11
-9.6309509e-11
-9.6309523e-11
-9.6488095e-11
-9.5922617e-11
-9.6666654e-11
-9.6994031e-11
-9.529761e-11
-9.7827385e-11
-9.5446422e-11
-9.6726196e-11
-9.5625001e-11
-9.7767849e-11
-9.6398806e-11
-9.5892835e-11
-9.5863095e-11
-9.7678574e-11
-9.6190465e-11
-9.6071429e-11
-9.7708321e-11
-9.8452371e-11
-9.8065472e-11
-9.6785711e-11
-9.7440465e-11
-9.5773792e-11
-9.72619e-11
-9.5238095e-11
-9.645832e-11
-9.6517849e-11
-9.8452371e-11
-9.6101183e-11
-9.5178566e-11
-9.6339277e-11
-9.7380937e-11
-9.7113081e-11
-9.6488088e-11
-9.6577371e-11
-9.7083327e-11
-9.7916661e-11
-9.6458334e-11
-9.5595233e-11
-9.5535704e-11
-9.4017849e-11
-9.6190472e-11
-9.6517849e-11
-9.5505943e-11
-9.5386893e-11
-9.488095e-11
-9.5714284e-11
-9.5654755e-11
-9.6369038e-11
-9.6130943e-11
-9.6607132e-11
-9.5952371e-11
-9.6666661e-11
-9.6696415e-11
-9.550595e-11
-9.747024e-11
-9.7023806e-11
-9.6577371e-11
-9.6309509e-11
-9.5892849e-11
-9.35119e-11
-9.4851182e-11
-9.488095e-11
-9.4404762e-11
-9.642856e-11
-9.7291668e-11
-9.5565472e-11
-9.6547603e-11
-9.5982132e-11
-9.642858e-11
-9.6785711e-11
-9.4642842e-11
-9.6339284e-11
-9.5119045e-11
-9.5148812e-11
-9.5714284e-11
-9.529761e-11
-9.425595e-11
-9.7261893e-11
-9.6369038e-11
-9.6815479e-11
-9.6726183e-11
-9.6369038e-11
-9.7410705e-11
-9.6785711e-11
-9.6904762e-11
-9.7916661e-11
-9.6339284e-11
-9.7232139e-11
-9.6934523e-11
-9.8035718e-11
-9.8333321e-11
-9.5595233e-11
-9.6874994e-11
-9.7619038e-11
-9.6696415e-11
-9.6369052e-11
-9.6160711e-11
-9.6369038e-11
-9.6964277e-11
-9.7470233e-11
-9.6904748e-11
-9.5624987e-11
-9.5565472e-11
-9.5029748e-11
-9.7589284e-11
-9.6071429e-11
-9.6369052e-11
-9.5208327e-11
-9.5476189e-11
-9.5357139e-11
-9.6339277e-11
-9.7351183e-11
-9.6904748e-11
-9.7023799e-11
-9.6845233e-11
-9.705356e-11
-9.6428567e-11
-9.72619e-11
-9.7023806e-11
-9.5148812e-11
-9.675595e-11
-9.6130957e-11
-9.6011907e-11
-9.3898805e-11
-9.6041661e-11
-9.5952378e-11
-9.6369031e-11
-9.5714284e-11
-9.6666661e-11
-9.72619e-11
-9.7083327e-11
-9.5208341e-11
-9.47619e-11
-9.5744045e-11
-9.4107132e-11
-9.7380937e-11
-9.6369038e-11
-9.7559516e-11
-9.7321422e-11
-9.7916668e-11
-9.8333328e-11
-9.675595e-11
-9.9107146e-11
-9.5922617e-11
-9.7321422e-11
-9.6934516e-11
-9.8095226e-11
-9.7202371e-11
-9.6279755e-11
-9.717261e-11
-9.7440465e-11
-9.6250001e-11
-9.488095e-11
-9.7083327e-11
-9.7291668e-11
-9.6339284e-11
-9.5952378e-11
-9.6041654e-11
-9.622024e-11
-9.5535704e-11
-9.6190472e-11
-9.4523819e-11
-9.7678567e-11
-9.6339277e-11
-9.5714284e-11
-9.5505943e-11
-9.610119e-11
-9.7529748e-11
-9.5654762e-11
-9.5952378e-11
-9.7083327e-11
-9.5952371e-11
-9.6577378e-11
-9.6160697e-11
-9.6994045e-11
-9.8363082e-11
-9.5476176e-11
-9.8244045e-11
-9.5744038e-11
-9.622024e-11
-9.66369e-11
-9.6220226e-11
-9.5654762e-11
-9.6011907e-11
-9.7619045e-11
-9.6994045e-11
-9.5505943e-11
-9.7648813e-11
-9.5744038e-11
-9.5148799e-11
-9.5059516e-11
-9.5386907e-11
-9.8482146e-11
-9.6904762e-11
-9.5892849e-11
-9.6577371e-11
-9.5952371e-11
-9.6011907e-11
-9.6398792e-11
-9.6726183e-11
-9.5357139e-11
-9.4404748e-11
-9.66369e-11
-9.6071415e-11
-9.5029748e-11
-9.7113088e-11
-9.8898806e-11
-9.5773799e-11
-9.7291654e-11
-9.4434516e-11
-9.6339277e-11
-9.5773812e-11
-9.5029748e-11
-9.6815479e-11
-9.6845233e-11
-9.684524e-11
-9.6309509e-11
-9.6815479e-11
-9.7648799e-11
-9.5684516e-11
-9.7083327e-11
-9.6874994e-11
-9.7291654e-11
-9.5625001e-11
-9.4583334e-11
-9.7708328e-11
-9.7738095e-11
-9.60119e-11
-9.7023806e-11
-9.66369e-11
-9.7708341e-11
-9.5803553e-11
-9.6041675e-11
-9.7619045e-11
-9.6815479e-11
-9.6904762e-11
-9.705356e-11
-9.5327364e-11
-9.6964291e-11
-9.6874994e-11
-9.7589284e-11
-9.6934516e-11
-9.7976176e-11
-9.5714284e-11
-9.5297624e-11
-9.5803566e-11
-9.5327378e-11
-9.7142856e-11
-9.550595e-11
-9.7886907e-11
-9.6726183e-11
-9.4702385e-11
-9.5238095e-11
-9.4999987e-11
-9.6696429e-11
-9.66369e-11
-9.5178573e-11
-9.7142856e-11
-9.5625001e-11
-9.66369e-11
-9.6488088e-11
-9.488095e-11
-9.4642856e-11
-9.5416661e-11
-9.571427e-11
-9.6547617e-11
-9.60119e-11
-9.4494045e-11
-9.6636886e-11
-9.6309509e-11
-9.5416647e-11
-9.5922603e-11
-9.4464277e-11
-9.6041661e-11
-9.4732139e-11
-9.642856e-11
-9.7529748e-11
-9.5982146e-11
-9.5178566e-11
-9.3869038e-11
-9.6577371e-11
-9.5535704e-11
-9.3660711e-11
-9.6488088e-11
-9.7351183e-11
-9.7351197e-11
-9.5357132e-11
-9.372024e-11
-9.645832e-11
-9.6934516e-11
-9.5029748e-11
-9.4880936e-11
-9.60119e-11
-9.6369038e-11
-9.4583327e-11
-9.6666654e-11
-9.6488095e-11
-9.4910711e-11
-9.7321422e-11
-9.529761e-11
-9.6071415e-11
-9.5833327e-11
-9.7023799e-11
-9.5952378e-11
-9.529761e-11
-9.4999987e-11
-9.7142842e-11
-9.6755937e-11
-9.6934516e-11
-9.6249994e-11
-9.3244037e-11
-9.5684516e-11
-9.488095e-11
-9.6398806e-11
-9.4285711e-11
-9.6309523e-11
-9.5327378e-11
-9.5029748e-11
-9.4791654e-11
-9.5059516e-11
-9.6934523e-11
-9.60119e-11
-9.583332e-11
-9.4613088e-11
-9.5119045e-11
-9.5684516e-11
-9.7321422e-11
-9.4047617e-11
-9.6190472e-11
-9.4553559e-11
-9.5178566e-11
-9.4613081e-11
-9.5684509e-11
-9.5476189e-11
-9.5744038e-11
-9.7232139e-11
-9.3720226e-11
-9.4523799e-11
-9.3452371e-11
-9.5357139e-11
-9.5476176e-11
-9.529761e-11
-9.3124987e-11
-9.467261e-11
-9.3690465e-11
-9.4970233e-11
-9.467261e-11
-9.4107132e-11
-9.5476176e-11
-9.6220226e-11
-9.488095e-11
-9.6994031e-11
-9.5833327e-11
-9.4910704e-11
-9.4464277e-11
-9.6130957e-11
-9.5059502e-11
-9.642856e-11
-9.7023799e-11
-9.4910704e-11
-9.4017849e-11
-9.4345233e-11
-9.4434516e-11
-9.5892849e-11
-9.529761e-11
-9.3988088e-11
-9.3244037e-11
-9.4404748e-11
-9.4434516e-11
-9.4910711e-11
-9.529761e-11
-9.5625001e-11
-9.4523805e-11
-9.4226182e-11
-9.2916647e-11
-9.1845233e-11
-9.5386893e-11
-9.4553559e-11
-9.2678566e-11
-9.4791654e-11
-9.4642856e-11
-9.5089284e-11
-9.3214284e-11
-9.47619e-11
-9.4315479e-11
-9.3839277e-11
-9.3869051e-11
-9.5922617e-11
-9.4851182e-11
-9.4732139e-11
-9.4910704e-11
-9.4553559e-11
-9.3809509e-11
-9.4791654e-11
-9.3273798e-11
-9.3720226e-11
-9.5446422e-11
-9.3958334e-11
-9.425595e-11
-9.4226182e-11
-9.4999994e-11
-9.5119038e-11
-9.3035704e-11
-9.488095e-11
-9.2529762e-11
-9.3541674e-11
-9.6607125e-11
-9.4494031e-11
-9.7619038e-11
-9.3630943e-11
-9.6934516e-11
-9.488095e-11
-9.7559516e-11
-9.5773799e-11
-9.4702371e-11
-9.5922617e-11
-9.4642856e-11
-9.5505943e-11
-9.4494045e-11
-9.5803566e-11
-9.4523799e-11
-9.4374994e-11
-9.4821422e-11
-9.5803566e-11
-9.5535704e-11
-9.4613081e-11
-9.4107132e-11
-9.4702385e-11
-9.5267856e-11
-9.3839277e-11
-9.5654755e-11
-9.4970233e-11
-9.3928566e-11
-9.5684516e-11
-9.4166661e-11
-9.4851182e-11
-9.5238095e-11
-9.5386907e-11
-9.5357139e-11
-9.3422617e-11
-9.4077371e-11
-9.610119e-11
-9.4851182e-11
-9.5119045e-11
-9.395832e-11
-9.5119045e-11
-9.4940479e-11
-9.3630957e-11
-9.4940465e-11
-9.5208341e-11
-9.3303552e-11
-9.3928566e-11
-9.4999994e-11
-9.5327378e-11
-9.529761e-11
-9.4970233e-11
-9.3660711e-11
-9.4494051e-11
-9.4226182e-11
-9.3095233e-11
-9.779761e-11
-9.6398806e-11
-9.4970233e-11
-9.3660711e-11
-9.583332e-11
-9.5684516e-11
-9.5654755e-11
-9.5773799e-11
-9.3720226e-11
-9.5595233e-11
-9.5238095e-11
-9.6428567e-11
-9.4970219e-11
-9.7321422e-11
-9.5386907e-11
-9.4732125e-11
-9.6369052e-11
-9.4345233e-11
-9.4791668e-11
-9.6279769e-11
-9.4047624e-11
-9.4315465e-11
-9.6428567e-11
-9.6369038e-11
-9.467261e-11
-9.8124987e-11
-9.4107132e-11
-9.6517849e-11
-9.5119038e-11
-9.5892849e-11
-9.6458334e-11
-9.5208327e-11
-9.5595233e-11
-9.5446415e-11
-9.4583327e-11
-9.4196415e-11
-9.5744045e-11
-9.5238095e-11
-9.4107132e-11
-9.5624987e-11
-9.4642856e-11
-9.3749994e-11
-9.4345233e-11
-9.3452371e-11
-9.5714284e-11
-9.4732125e-11
-9.5238095e-11
-9.372024e-11
-9.4910711e-11
-9.2976189e-11
-9.3749994e-11
-9.508927e-11
-9.4910704e-11
-9.5714284e-11
-9.4583327e-11
-9.4613081e-11
-9.6488088e-11
-9.5744038e-11
-9.3363095e-11
-9.717261e-11
-9.6130943e-11
-9.6934516e-11
-9.4166661e-11
-9.8035705e-11
-9.4851182e-11
-9.8005944e-11
-9.645832e-11
-9.4999994e-11
-9.6964277e-11
-9.5059516e-11
-9.3988095e-11
-9.4940465e-11
-9.5565472e-11
-9.6845233e-11
-9.4999987e-11
-9.6279755e-11
-9.5238095e-11
-9.5863081e-11
-9.6428567e-11
-9.4672617e-11
-9.5684509e-11
-9.60119e-11
-9.6339284e-11
-9.7351176e-11
-9.6607132e-11
-9.6071429e-11
-9.488095e-11
-9.717261e-11
-9.3571415e-11
-9.4166661e-11
-9.5595226e-11
-9.6726183e-11
-9.6726183e-11
-9.6874994e-11
-9.5327378e-11
-9.66369e-11
-9.6369052e-11
-9.6220226e-11
-9.4999987e-11
-9.4702385e-11
-9.4732139e-11
-9.6160711e-11
-9.5654762e-11
-9.4970233e-11
-9.3392849e-11
-9.5535704e-11
-9.4196415e-11
-9.5178566e-11
-9.4107132e-11
-9.5178566e-11
-9.4315465e-11
-9.4702371e-11
-9.6249994e-11
-9.4613088e-11
-9.4166654e-11
-9.4970233e-11
-9.4047617e-11
-9.4434523e-11
-9.4613081e-11
-9.5089284e-11
-9.3333327e-11
-9.3154762e-11
-9.2440465e-11
-9.3898792e-11
-9.3779755e-11
-9.4791668e-11
-9.3184516e-11
-9.4345233e-11
-9.3839284e-11
-9.5059516e-11
-9.2232139e-11
-9.5416661e-11
-9.4702371e-11
-9.2291653e-11
-9.3601182e-11
-9.520832e-11
-9.4583327e-11
-9.3095233e-11
-9.3630943e-11
-9.3660711e-11
-9.4285711e-11
-9.3184516e-11
-9.47619e-11
-9.5267856e-11
-9.4583327e-11
-9.6309523e-11
-9.5624987e-11
-9.4226182e-11
-9.529761e-11
-9.5267849e-11
-9.5773799e-11
-9.3928566e-11
-9.6428567e-11
-9.3809509e-11
-9.5863081e-11
-9.4196428e-11
-9.5952378e-11
-9.4434523e-11
-9.3839277e-11
-9.6577378e-11
-9.4702371e-11
-9.372024e-11
-9.6339284e-11
-9.5624987e-11
-9.3035704e-11
-9.5982132e-11
-9.3601189e-11
-9.4821422e-11
-9.6130943e-11
-9.5059516e-11
-9.4285711e-11
-9.6696415e-11
-9.1994044e-11
-9.4732139e-11
-9.5595226e-11
-9.3571428e-11
-9.291666e-11
-9.5208327e-11
-9.3303566e-11
-9.5178566e-11
-9.3809509e-11
-9.5327378e-11
-9.3869051e-11
-9.4999994e-11
-9.4196428e-11
-9.3690472e-11
-9.395832e-11
-9.5059516e-11
-9.4940479e-11
-9.66369e-11
-9.4940465e-11
-9.41369e-11
-9.47619e-11
-9.5119045e-11
-9.4940465e-11
-9.4136907e-11
-9.5148812e-11
-9.6815465e-11
-9.5208327e-11
-9.5892863e-11
-9.5773799e-11
-9.5803566e-11
-9.5059516e-11
-9.4315465e-11
-9.4851182e-11
-9.5773799e-11
-9.5773799e-11
-9.4107132e-11
-9.5535704e-11
-9.5625001e-11
-9.3303566e-11
-9.4880936e-11
-9.5238081e-11
-9.2946421e-11
-9.4404748e-11
-9.5208327e-11
-9.4702385e-11
-9.3630957e-11
-9.4672617e-11
-9.3809523e-11
-9.5446422e-11
-9.2440465e-11
-9.5595233e-11
-9.3333327e-11
-9.372024e-11
-9.3750001e-11
-9.3273798e-11
-9.3095233e-11
-9.4226182e-11
-9.300595e-11
-9.41369e-11
-9.4196415e-11
-9.488095e-11
-9.41369e-11
-9.3541661e-11
-9.5595233e-11
-9.5446415e-11
-9.6309523e-11
-9.5327378e-11
-9.5357132e-11
-9.4583327e-11
-9.3541654e-11
-9.5119038e-11
-9.3095233e-11
-9.425595e-11
-9.3928566e-11
-9.2678566e-11
-9.4434523e-11
-9.1577378e-11
-9.5357139e-11
-9.3869038e-11
-9.5267856e-11
-9.425595e-11
-9.5684516e-11
-9.3601189e-11
-9.3124987e-11
-9.550595e-11
-9.5267856e-11
-9.5535704e-11
-9.5446422e-11
-9.3809523e-11
-9.5922603e-11
-9.2946421e-11
-9.4791654e-11
-9.6190472e-11
-9.5089291e-11
-9.5565458e-11
-9.4077371e-11
-9.6874994e-11
-9.4999987e-11
-9.4910704e-11
-9.60119e-11
-9.529761e-11
-9.5357139e-11
-9.4791654e-11
-9.4404762e-11
-9.467261e-11
-9.3095233e-11
-9.395832e-11
-9.3571415e-11
-9.5476189e-11
-9.3749994e-11
-9.5922617e-11
-9.4613088e-11
-9.4613088e-11
-9.5773799e-11
-9.5059516e-11
-9.6726183e-11
-9.6041661e-11
-9.4672617e-11
-9.5625001e-11
-9.622024e-11
-9.6369038e-11
-9.6488088e-11
-9.4642856e-11
-9.4821422e-11
-9.41369e-11
-9.5148812e-11
-9.3869038e-11
-9.5952371e-11
-9.5565472e-11
-9.3779755e-11
-9.5327378e-11
-9.488095e-11
-9.4047617e-11
-9.3779748e-11
-9.4851176e-11
-9.3809523e-11
-9.3095233e-11
-9.4255957e-11
-9.3482146e-11
-9.3392849e-11
-9.217261e-11
-9.2857139e-11
-9.2827378e-11
-9.3660718e-11
-9.3333327e-11
-9.3184516e-11
-9.3005943e-11
-9.22619e-11
-9.4047617e-11
-9.5416661e-11
-9.3392849e-11
-9.3184509e-11
-9.217261e-11
-9.4494045e-11
-9.2529762e-11
-9.3363081e-11
-9.2142856e-11
-9.3035704e-11
-9.3988088e-11
-9.4047617e-11
-9.184524e-11
-9.4583327e-11
-9.2738095e-11
-9.1964276e-11
-9.3928566e-11
-9.2529762e-11
-9.3511907e-11
-9.4732146e-11
-9.2648812e-11
-9.3601182e-11
-9.2351182e-11
-9.4494045e-11
-9.3839284e-11
-9.2589283e-11
-9.3482146e-11
-9.395832e-11
-9.3839284e-11
-9.4672617e-11
-9.3809509e-11
-9.4672617e-11
-9.3898792e-11
-9.2261893e-11
-9.5148812e-11
-9.3630957e-11
-9.3363081e-11
-9.258927e-11
-9.467261e-11
-9.2440465e-11
-9.1339283e-11
-9.2410704e-11
-9.2499987e-11
-9.5178573e-11
-9.2648798e-11
-9.196429e-11
-9.1845233e-11
-9.1101182e-11
-9.217261e-11
-9.2232139e-11
-9.2053559e-11
-9.3571428e-11
-9.2440479e-11
-9.4494045e-11
-9.3720226e-11
-9.3244044e-11
-9.1904748e-11
-9.2023805e-11
-9.2857139e-11
-9.4613081e-11
-9.3541654e-11
-9.1815465e-11
-9.2142842e-11
-9.1875008e-11
-9.3690472e-11
-9.0892849e-11
-9.4642856e-11
-9.3690472e-11
-9.3720226e-11
-9.4821422e-11
-9.258927e-11
-9.1190472e-11
-9.4791668e-11
-9.467261e-11
-9.3541661e-11
-9.4166661e-11
-9.2321421e-11
-9.3333327e-11
-9.3630943e-11
-9.2351182e-11
-9.4077371e-11
-9.3184516e-11
-9.3124987e-11
-9.2291653e-11
-9.3095226e-11
-9.3630943e-11
-9.3601189e-11
-9.0267856e-11
-8.8630943e-11
-9.0267849e-11
-9.2648812e-11
-9.3928566e-11
-9.1517849e-11
-9.3541661e-11
-9.2678573e-11
-9.3244037e-11
-9.1458334e-11
-9.3124987e-11
-9.2351182e-11
-9.4464277e-11
-9.4107146e-11
-9.3214284e-11
-9.3452378e-11
-9.434524e-11
-9.3988088e-11
-9.3035704e-11
-9.2886906e-11
-9.3214284e-11
-9.550595e-11
-9.4077371e-11
-9.2023805e-11
-9.4374987e-11
-9.2291667e-11
-9.3273798e-11
-9.2589283e-11
-9.4017849e-11
-9.4970233e-11
-9.2202371e-11
-9.4583334e-11
-9.3571428e-11
-9.2470233e-11
-9.4732139e-11
-9.4970219e-11
-9.4494045e-11
-9.2291667e-11
-9.4851176e-11
-9.4434516e-11
-9.4226196e-11
-9.3690465e-11
-9.3869051e-11
-9.4404762e-11
-9.5892849e-11
-9.3065472e-11
-9.4880936e-11
-9.5059516e-11
-9.4702371e-11
-9.3988088e-11
-9.4642856e-11
-9.7083327e-11
-9.3839284e-11
-9.5238081e-11
-9.4732139e-11
-9.5982132e-11
-9.5386893e-11
-9.4434516e-11
-9.5238081e-11
-9.758927e-11
-9.5208327e-11
-9.6279769e-11
-9.4553573e-11
-9.5833327e-11
-9.4404748e-11
-9.7351183e-11
-9.3809509e-11
-9.6785704e-11
-9.4464291e-11
-9.4494045e-11
-9.4494045e-11
-9.434524e-11
-9.5148799e-11
-9.4970219e-11
-9.2946435e-11
-9.3303566e-11
-9.2648798e-11
-9.3630943e-11
-9.3363081e-11
-9.5119045e-11
-9.3601182e-11
-9.35119e-11
-9.5833327e-11
-9.4434523e-11
-9.5476176e-11
-9.6071429e-11
-9.5744038e-11
-9.4880936e-11
-9.3244037e-11
-9.3928566e-11
-9.4999994e-11
-9.4940465e-11
-9.5624987e-11
-9.4136907e-11
-8.1577377e-11
-8.7380943e-11
-8.7529754e-11
-9.1636899e-11
-9.4196428e-11
-9.4732139e-11
-9.5654755e-11
-9.4970233e-11
-9.3244037e-11
-9.5238095e-11
-9.2976189e-11
-9.35119e-11
-9.3184516e-11
-9.5922617e-11
-9.4910711e-11
-9.6041661e-11
-9.4702364e-11
-9.5446422e-11
-9.7321422e-11
-9.4910711e-11
-9.6071429e-11
-9.779761e-11
-9.4077371e-11
-9.5654755e-11
-9.8214284e-11
-9.6309523e-11
-9.5654762e-11
-9.4761893e-11
-9.5535718e-11
-9.5059516e-11
-9.1249994e-11
-9.6279755e-11
-9.4970233e-11
-9.5416661e-11
-9.47619e-11
-9.425595e-11
-9.5029762e-11
-9.4821422e-11
-9.4315465e-11
-9.5297624e-11
-9.2946421e-11
-9.4732139e-11
-9.372024e-11
-9.434524e-11
-9.4553573e-11
-9.3392849e-11
-9.4464277e-11
-9.4702371e-11
-9.425595e-11
-9.1964276e-11
-9.3779748e-11
-9.3511907e-11
-9.2410704e-11
-9.2738081e-11
-9.2976189e-11
-9.41369e-11
-9.217261e-11
-9.5029762e-11
-9.5297624e-11
-9.4107132e-11
-9.4285704e-11
-9.425595e-11
-9.3869038e-11
-9.2499994e-11
-9.4017849e-11
-9.3244037e-11
-9.0863081e-11
-9.4702371e-11
-9.3363081e-11
-9.3928559e-11
-9.2767849e-11
-9.3184516e-11
-9.2589283e-11
-9.4999994e-11
-9.425595e-11
-9.4732125e-11
-9.3095233e-11
-9.3660711e-11
-9.5386893e-11
-9.1101182e-11
-9.2023805e-11
-9.1964276e-11
-9.1845219e-11
-9.2559516e-11
-9.333332e-11
-9.2113088e-11
-9.2351182e-11
-9.2351182e-11
-9.2321421e-11
-9.279761e-11
-9.1785711e-11
-9.1130943e-11
-9.3809523e-11
-9.2172617e-11
-9.2857139e-11
-9.3422617e-11
-9.3333327e-11
-9.2946414e-11
-9.0595233e-11
-9.2321421e-11
-9.1815465e-11
-9.3005943e-11
-9.3571428e-11
-9.2202371e-11
-9.3184516e-11
-9.1636899e-11
-9.0833327e-11
-9.1994044e-11
-9.1785711e-11
-9.2619044e-11
-9.3690472e-11
-9.1547617e-11
-9.4047617e-11
-9.1190472e-11
-9.279761e-11
-9.2589283e-11
-9.3035704e-11
-9.1130943e-11
-9.2113088e-11
-9.238095e-11
-9.083332e-11
-9.2559516e-11
-9.2648798e-11
-9.3392849e-11
-9.2410704e-11
-9.2738095e-11
-9.1517849e-11
-9.2499994e-11
-9.3095233e-11
-9.4613088e-11
-9.4702371e-11
-9.4285711e-11
-9.35119e-11
-9.4077378e-11
-9.3869038e-11
-9.1904762e-11
-9.1607132e-11
-9.505953e-11
-9.2499994e-11
-9.3869051e-11
-9.3988088e-11
-9.2589283e-11
-9.3214284e-11
-9.1726182e-11
-9.467261e-11
-9.3869038e-11
-9.4196428e-11
-9.2767856e-11
-9.3630943e-11
-9.3779755e-11
-9.2857139e-11
-9.3690472e-11
-9.3333327e-11
-9.35119e-11
-9.4315479e-11
-9.104166e-11
-9.3749994e-11
-9.4404762e-11
-9.3273798e-11
-9.3928566e-11
-9.4226182e-11
-9.4583334e-11
-9.2410704e-11
-9.5119038e-11
-9.550595e-11
-9.4642856e-11
-9.3095226e-11
-9.4077371e-11
-9.3303566e-11
-9.3363095e-11
-9.279761e-11
-9.5416661e-11
-9.2946414e-11
-9.4970233e-11
-9.3988088e-11
-9.3392849e-11
-9.3125001e-11
-9.5714284e-11
-9.3869038e-11
-9.3690472e-11
-9.3690465e-11
-9.5386893e-11
-9.3720226e-11
-9.5089284e-11
-9.3839277e-11
-9.3184516e-11
-9.4107132e-11
-9.3363095e-11
-9.3571415e-11
-9.2053559e-11
-9.2886893e-11
-9.3452378e-11
-9.5654755e-11
-9.3392835e-11
-9.2321421e-11
-9.4047603e-11
-9.3482132e-11
-9.3958334e-11
-9.1904762e-11
-9.1011899e-11
-9.2827364e-11
-9.1547603e-11
-9.1309522e-11
-9.2232139e-11
-9.2499994e-11
-9.4017849e-11
-9.2767856e-11
-9.3422617e-11
-9.4434523e-11
-9.4791654e-11
-9.3749994e-11
-9.1577371e-11
-9.1636899e-11
-9.2976175e-11
-9.4315479e-11
-9.3363081e-11
-9.3184516e-11
-9.3303566e-11
-9.1726182e-11
-9.6101183e-11
-9.3630943e-11
-9.4047617e-11
-9.22619e-11
-9.2470233e-11
-9.291666e-11
-9.35119e-11
-9.3035704e-11
-9.3541661e-11
-9.2559516e-11
-9.3065472e-11
-9.3422617e-11
-9.3214284e-11
-9.3422603e-11
-9.3124987e-11
-9.2767849e-11
-9.35119e-11
-9.166666e-11
-9.550595e-11
-9.4613088e-11
-9.4791668e-11
-9.2440465e-11
-9.4910704e-11
-9.3809523e-11
-9.1398805e-11
-9.3244044e-11
-9.4107125e-11
-9.1636899e-11
-9.3125001e-11
-9.3779755e-11
-9.217261e-11
-9.2678566e-11
-9.2559516e-11
-9.4226169e-11
-9.3303552e-11
-9.3214284e-11
-9.3690465e-11
-9.1964276e-11
-9.3839277e-11
-9.2321421e-11
-9.321427e-11
-9.3303566e-11
-9.0178566e-11
-9.4017849e-11
-9.3601182e-11
-9.238095e-11
-9.1279755e-11
-9.4047617e-11
-9.2976175e-11
-9.0892849e-11
-9.2291653e-11
-9.3273798e-11
-8.9940479e-11
-9.2767849e-11
-9.0446421e-11
-9.1785711e-11
-9.1130943e-11
-9.1190465e-11
-9.3095226e-11
-9.35119e-11
-9.3095226e-11
-9.2976189e-11
-9.3035704e-11
-9.3749994e-11
-9.0863081e-11
-9.2589283e-11
-9.1190465e-11
-9.0892863e-11
-9.2708327e-11
-9.2232139e-11
-9.3541661e-11
-9.2529748e-11
-9.3363095e-11
-9.3303566e-11
-9.145832e-11
-9.300595e-11
-9.2827364e-11
-9.2351182e-11
-9.3273798e-11
-9.372024e-11
-9.2767849e-11
-9.3690465e-11
-9.2321421e-11
-9.2440465e-11
-9.258929e-11
-9.3988095e-11
-9.1577371e-11
-9.4107132e-11
-9.3363081e-11
-9.4285711e-11
-9.1547603e-11
-9.2708327e-11
-9.1309522e-11
-9.4583327e-11
-9.2827378e-11
-9.4464277e-11
-9.2648812e-11
-9.3273798e-11
-9.2321428e-11
-9.4583334e-11
-9.2589283e-11
-9.3928566e-11
-9.3898805e-11
-9.5892835e-11
-9.3035718e-11
-9.4464277e-11
-9.3244037e-11
-9.7559516e-11
-9.425595e-11
-9.4434516e-11
-9.291666e-11
-9.395832e-11
-9.4374994e-11
-9.5059516e-11
-9.35119e-11
-9.4345233e-11
-9.3422617e-11
-9.2946414e-11
-9.1190472e-11
-9.2261893e-11
-9.4464277e-11
-9.1071428e-11
-9.2976189e-11
-9.3690465e-11
-9.3601182e-11
-9.3988088e-11
-9.3779755e-11
-9.1785711e-11
-9.4285704e-11
-9.5178566e-11
-9.4910704e-11
-9.41369e-11
-9.3601189e-11
-9.47619e-11
-9.3363095e-11
-9.3065472e-11
-9.4315465e-11
-9.3690472e-11
-9.3422617e-11
-9.2083327e-11
-9.3749994e-11
-9.4523799e-11
-9.2559516e-11
-9.3065472e-11
-9.4910704e-11
-9.2648798e-11
-9.395832e-11
-9.2976175e-11
-9.4702371e-11
-9.2827378e-11
-9.35119e-11
-9.2291653e-11
-9.2321421e-11
-9.3244037e-11
-9.3779748e-11
-9.2827378e-11
-9.3154755e-11
-9.3065472e-11
-9.4821422e-11
-9.3244037e-11
-9.3035704e-11
-9.2619044e-11
-9.2499994e-11
-9.4523805e-11
-9.2291667e-11
-9.3779755e-11
-9.3452378e-11
-9.4345233e-11
-9.5416661e-11
-9.279761e-11
-9.3392849e-11
-9.291666e-11
-9.5565472e-11
-9.4136886e-11
-9.3482146e-11
-9.434524e-11
-9.5744038e-11
-9.279761e-11
-9.3095226e-11
-9.2410704e-11
-9.2648798e-11
-9.3482132e-11
-9.6488074e-11
-9.3333327e-11
-9.4404762e-11
-9.3869031e-11
-9.2351182e-11
-9.3869038e-11
-9.5029748e-11
-9.6130943e-11
-9.5595233e-11
-9.3095233e-11
-9.4494045e-11
-9.3422617e-11
-9.2440465e-11
-9.3244044e-11
-9.1428566e-11
-9.41369e-11
-9.4494045e-11
-9.41369e-11
-9.3541661e-11
-9.5625001e-11
-9.3660711e-11
-9.4255957e-11
-9.2559516e-11
-9.47619e-11
-9.4672617e-11
-9.3928566e-11
-9.3601189e-11
-9.4404762e-11
-9.4821422e-11
-9.3809523e-11
-9.279761e-11
-9.4613088e-11
-9.291666e-11
-9.4523799e-11
-9.3303566e-11
-9.4970233e-11
-9.4821428e-11
-9.3124987e-11
-9.3333327e-11
-9.3452371e-11
-9.4910711e-11
-9.4107132e-11
-9.3005943e-11
-9.4107132e-11
-9.3214284e-11
-9.1874987e-11
-9.3065472e-11
-9.3601182e-11
-9.47619e-11
-9.3869038e-11
-9.3898805e-11
-9.5208327e-11
-9.4732139e-11
-9.3690472e-11
-9.3779748e-11
-9.4702371e-11
-9.3869038e-11
-9.3541661e-11
-9.5535704e-11
-9.2023805e-11
-9.1726182e-11
-9.434524e-11
-9.1934516e-11
-9.3839277e-11
-9.175595e-11
-9.3779755e-11
-9.467261e-11
-9.291666e-11
-9.3690465e-11
-9.3125001e-11
-9.4583327e-11
-9.3184509e-11
-9.4166661e-11
-9.2053559e-11
-9.2113088e-11
-9.3005943e-11
-9.1190465e-11
-9.4017849e-11
-9.4434523e-11
-9.1636899e-11
-9.3749994e-11
-9.1577371e-11
-9.1339283e-11
-9.3035704e-11
-9.3124987e-11
-9.3363095e-11
-9.4642856e-11
-9.2351175e-11
-9.3601182e-11
-9.3809509e-11
-9.3660711e-11
-9.3601182e-11
-9.2351182e-11
-9.3273798e-11
-9.2083327e-11
-9.1607132e-11
-9.4226182e-11
-9.2797624e-11
-9.2232139e-11
-9.3184516e-11
-9.3035704e-11
-9.4821422e-11
-9.1636899e-11
-9.3898805e-11
-9.2648812e-11
-9.279761e-11
-9.2648812e-11
-9.2499994e-11
-9.2708327e-11
-9.2827378e-11
-9.3035704e-11
-9.2351182e-11
-9.1398805e-11
-9.1934522e-11
-9.4077378e-11
-9.3839277e-11
-9.35119e-11
-9.3452378e-11
-9.4672617e-11
-9.3601189e-11
-9.4404748e-11
-9.4434523e-11
-9.5416661e-11
-9.4494045e-11
-9.3363081e-11
-9.4732139e-11
-9.5684509e-11
-9.3630943e-11
-9.4791668e-11
-9.434524e-11
-9.3125001e-11
-9.3660697e-11
-9.2886906e-11
-9.4791668e-11
-9.3422617e-11
-9.2708327e-11
-9.4315465e-11
-9.1696428e-11
-9.4107132e-11
-9.2619037e-11
-9.196429e-11
-9.3779755e-11
-9.2976189e-11
-9.1934522e-11
-9.4047617e-11
-9.3214284e-11
-9.3244044e-11
-9.1369037e-11
-9.3898805e-11
-9.2857139e-11
-9.238095e-11
-9.3869051e-11
-9.3244037e-11
-9.5267856e-11
-9.2886906e-11
-9.1309509e-11
-9.321427e-11
-9.372024e-11
-9.3630943e-11
-9.2767849e-11
-9.4166654e-11
-9.279761e-11
-9.3749994e-11
-9.41369e-11
-9.1904748e-11
-9.35119e-11
-9.2648812e-11
-9.4017849e-11
-9.3749994e-11
-9.2797624e-11
-9.3065479e-11
-9.4583327e-11
-9.5476189e-11
-9.3214284e-11
-9.3273812e-11
-9.3809523e-11
-9.3244044e-11
-9.2797624e-11
-9.2499987e-11
-9.3124987e-11
-9.3898805e-11
-9.1874994e-11
-9.4166654e-11
-9.3422617e-11
-9.4017849e-11
-9.1726182e-11
-9.2559529e-11
-9.2232139e-11
-9.3720226e-11
-9.279761e-11
-9.5446415e-11
-9.4017863e-11
-9.4851182e-11
-9.4226182e-11
-9.6071429e-11
-9.2738081e-11
-9.2708327e-11
-9.2678566e-11
-9.2767849e-11
-9.3184516e-11
-9.291666e-11
-9.1011899e-11
-9.2886906e-11
-9.5148812e-11
-9.3630943e-11
-9.2202371e-11
-9.4285711e-11
-9.3065472e-11
-9.2678566e-11
-9.3928559e-11
-9.4434516e-11
-9.3779755e-11
-9.1815465e-11
-9.0892849e-11
-9.4553573e-11
-8.9999994e-11
-9.2827378e-11
-9.3720226e-11
-9.2827378e-11
-9.2559516e-11
-9.0773812e-11
-9.1220226e-11
-9.2648798e-11
-9.2351182e-11
-9.1160711e-11
-9.279761e-11
-9.2708327e-11
-9.3154755e-11
-9.3839277e-11
-9.2470233e-11
-9.2410704e-11
-9.5446422e-11
-9.2083327e-11
-9.4464291e-11
-9.4285711e-11
-9.3452378e-11
-9.1815465e-11
-9.4702371e-11
-9.2886893e-11
-9.4345233e-11
-9.4583327e-11
-9.529761e-11
-9.2767856e-11
-9.4404762e-11
-9.2708327e-11
-9.3005943e-11
-9.4285711e-11
-9.4285704e-11
-9.4732139e-11
-9.2142856e-11
-9.3303566e-11
-9.4702371e-11
-9.3571428e-11
-9.3303566e-11
-9.4047603e-11
-9.3690472e-11
-9.1994044e-11
-9.291666e-11
-9.3184509e-11
-9.4404762e-11
-9.1934516e-11
-9.4523799e-11
-9.2351182e-11
-9.0952378e-11
-9.2857139e-11
-9.2440465e-11
-9.3482146e-11
-9.2946414e-11
-9.2767849e-11
-9.4523799e-11
-9.2589283e-11
-9.2976189e-11
-9.1934516e-11
-9.4285711e-11
-9.3630943e-11
-9.2619037e-11
-9.2083327e-11
-8.9970233e-11
-9.2440465e-11
-9.4464291e-11
-9.2142856e-11
-9.2767849e-11
-9.2976189e-11
-9.1577371e-11
-9.0744037e-11
-9.238095e-11
-9.217261e-11
-9.2440465e-11
-9.0982145e-11
-9.4196415e-11
-9.3005943e-11
-9.2738095e-11
-9.2499994e-11
-9.2857132e-11
-9.4494045e-11
-9.1428566e-11
-9.3869051e-11
-9.2559516e-11
-9.3482146e-11
-9.3184509e-11
-9.2529762e-11
-9.3482132e-11
-9.2440465e-11
-9.1785711e-11
-9.3154755e-11
-9.0952371e-11
-9.2857139e-11
-9.3244044e-11
-9.1696414e-11
-9.3303566e-11
-9.175595e-11
-9.2648812e-11
-9.3065472e-11
-9.2529748e-11
-9.1904762e-11
-9.300595e-11
-9.3005943e-11
-9.2351182e-11
-9.2946421e-11
-9.279761e-11
-9.1577371e-11
-9.1726182e-11
-9.145832e-11
-9.22619e-11
-9.279761e-11
-9.3690472e-11
-9.1220226e-11
-9.2083327e-11
-9.2470233e-11
-9.3392849e-11
-9.2708327e-11
-9.2619044e-11
-9.321427e-11
-9.3154755e-11
-9.2678566e-11
-9.1994044e-11
-9.41369e-11
-9.1964276e-11
-9.2440465e-11
-9.2499987e-11
-9.291666e-11
-9.3154762e-11
-9.3422617e-11
-9.1934516e-11
-9.3482146e-11
-9.2410704e-11
-9.3749994e-11
-9.3452378e-11
-9.3154755e-11
-9.3273798e-11
-9.2678573e-11
-9.3095233e-11
-9.2023805e-11
-9.1845219e-11
-9.3244037e-11
-9.321427e-11
-9.3601182e-11
-9.4077378e-11
-9.3898805e-11
-9.2678566e-11
-9.3898805e-11
-9.4345233e-11
-9.291666e-11
-9.3452378e-11
-9.2321421e-11
-9.4583334e-11
-9.1785711e-11
-9.3809509e-11
-9.291666e-11
-9.5178566e-11
-9.3809523e-11
-9.279761e-11
-9.2559516e-11
-9.5505943e-11
-9.3422617e-11
-9.4821428e-11
-9.1964276e-11
-9.3749994e-11
-9.3214284e-11
-9.4434523e-11
-9.3839284e-11
-9.291666e-11
-9.1994044e-11
-9.4196415e-11
-9.3690472e-11
-9.3779755e-11
-9.2142856e-11
-9.2946421e-11
-9.5833327e-11
-9.2113088e-11
-9.3333327e-11
-9.5178566e-11
-9.3601189e-11
-9.4196415e-11
-9.4374994e-11
-9.4017849e-11
-9.4434516e-11
-9.4107132e-11
-9.5059516e-11
-9.2767849e-11
-9.505953e-11
-9.4434523e-11
-9.2232139e-11
-9.3630957e-11
-9.22619e-11
-9.3630943e-11
-9.3630943e-11
-9.4077371e-11
-9.5208327e-11
-9.3095226e-11
-9.291666e-11
-9.3482146e-11
-9.1904762e-11
-9.2053573e-11
-9.1458334e-11
-9.2113088e-11
-9.2946421e-11
-9.2440465e-11
-9.279761e-11
-9.4226182e-11
-9.217261e-11
-9.4315465e-11
-9.2113088e-11
-9.3779755e-11
-9.4345219e-11
-9.3422617e-11
-9.3184516e-11
-9.3065472e-11
-9.238095e-11
-9.3988088e-11
-9.3125001e-11
-9.4107146e-11
-9.2380936e-11
-9.4196428e-11
-9.4434516e-11
-9.2351182e-11
-9.1726182e-11
-9.333332e-11
-9.3214284e-11
-9.372024e-11
-9.6369038e-11
-9.3244037e-11
-9.35119e-11
-9.2440465e-11
-9.1428559e-11
-9.4077371e-11
-9.3779755e-11
-9.3065472e-11
-9.3958334e-11
-9.300595e-11
-9.0744037e-11
-9.3749994e-11
-9.2142842e-11
-9.395832e-11
-9.3839284e-11
-9.2410711e-11
-9.3988088e-11
-9.4017849e-11
-9.2827364e-11
-9.2499994e-11
-9.300595e-11
-9.4374994e-11
-9.3630943e-11
-9.5208327e-11
-9.2291667e-11
-9.2886893e-11
-9.3660711e-11
-9.4910711e-11
-9.2410711e-11
-9.1160711e-11
-9.1517849e-11
-9.5446435e-11
-9.2857139e-11
-9.3571415e-11
-9.2767849e-11
-9.4077371e-11
-9.1517849e-11
-9.4315479e-11
-9.3392863e-11
-9.4791654e-11
-9.4523799e-11
-9.1607145e-11
-9.333332e-11
-9.4077371e-11
-9.300595e-11
-9.2976175e-11
-9.3095226e-11
-9.3392863e-11
-9.35119e-11
-9.425595e-11
-9.2946421e-11
-9.4077378e-11
-9.2172617e-11
-9.425595e-11
-9.3809523e-11
-9.3095226e-11
-9.5119038e-11
-9.2291653e-11
-9.5178566e-11
-9.3690465e-11
-9.5029748e-11
-9.47619e-11
-9.5089291e-11
-9.3690472e-11
-9.4434516e-11
-9.4732125e-11
-9.5357139e-11
-9.5714284e-11
-9.6904762e-11
-9.5446415e-11
-9.7410705e-11
-9.6547617e-11
-9.7083327e-11
-9.7678567e-11
-9.7142856e-11
-9.7321422e-11
-9.7113081e-11
-9.6339284e-11
-9.624998e-11
-9.6994045e-11
-9.5178566e-11
-9.6607132e-11
-9.5297624e-11
-9.5476176e-11
-9.5773799e-11
-9.7142856e-11
-9.4464291e-11
-9.6845233e-11
-9.5386893e-11
-9.5208327e-11
-9.4880936e-11
-9.5267849e-11
-9.4880936e-11
-9.4732139e-11
-9.3601189e-11
-9.3601182e-11
-9.2232139e-11
-9.5714284e-11
-9.529761e-11
-9.3422624e-11
-9.3244044e-11
-9.41369e-11
-9.2976189e-11
-9.2499994e-11
-9.4166654e-11
-9.4107132e-11
-9.3452378e-11
-9.4553573e-11
-9.0505943e-11
-9.3571428e-11
-9.4047603e-11
-9.4791668e-11
-9.1160711e-11
-9.4017849e-11
-9.5119045e-11
-9.3452378e-11
-9.2470233e-11
-9.5029748e-11
-9.4583327e-11
-9.3303566e-11
-9.3125001e-11
-9.2291653e-11
-9.488095e-11
-9.3898805e-11
-9.4107132e-11
-9.41369e-11
-9.3749994e-11
-9.4226182e-11
-9.3452371e-11
-9.2767849e-11
-9.1994044e-11
-9.3303552e-11
-9.2648798e-11
-9.5535704e-11
-9.2589283e-11
-9.279761e-11
-9.3541661e-11
-9.3452371e-11
-9.2827378e-11
-9.4702385e-11
-9.3214284e-11
-9.4047603e-11
-9.3541661e-11
-9.3809509e-11
-9.4285704e-11
-9.4434523e-11
-9.1547603e-11
-9.1517849e-11
-9.3184516e-11
-9.4404762e-11
-9.3839277e-11
-9.1904748e-11
-9.2976189e-11
-9.4196415e-11
-9.4642842e-11
-9.1964276e-11
-9.3898805e-11
-9.3720226e-11
-9.3809509e-11
-9.4315479e-11
-9.238095e-11
-9.3482132e-11
-9.2648812e-11
-9.3988088e-11
-9.2499987e-11
-9.2886906e-11
-9.2291667e-11
-9.4553559e-11
-9.2678573e-11
-9.3660711e-11
-9.1994044e-11
-9.2202385e-11
-9.2559529e-11
-9.2648812e-11
-9.4285704e-11
-9.3005943e-11
-9.3124987e-11
-9.3482132e-11
-9.3035704e-11
-9.2886906e-11
-9.3839284e-11
-9.3422617e-11
-9.3869038e-11
-9.2083327e-11
-9.3720226e-11
-9.488095e-11
-9.3839277e-11
-9.3541661e-11
-9.3482146e-11
-9.3988088e-11
-9.2142856e-11
-9.3184516e-11
-9.2291653e-11
-9.2916667e-11
-9.2232139e-11
-9.488095e-11
-9.2410704e-11
-9.4434523e-11
-9.3749994e-11
-9.3333327e-11
-9.1845233e-11
-9.3363095e-11
-9.3720226e-11
-9.5773812e-11
-9.4821422e-11
-9.5208341e-11
-9.2708327e-11
-9.2261893e-11
-9.4702385e-11
-9.3154755e-11
-9.2857139e-11
-9.4672617e-11
-9.3630943e-11
-9.1785711e-11
-9.175595e-11
-9.3779755e-11
-9.4642856e-11
-9.2976175e-11
-9.5476189e-11
-9.3749994e-11
-9.2946421e-11
-9.4077378e-11
-9.4166661e-11
-9.4732139e-11
-9.4017849e-11
-9.1994044e-11
-9.3154755e-11
-9.3988095e-11
-9.4285704e-11
-9.3303566e-11
-9.4226182e-11
-9.2053559e-11
-9.4464277e-11
-9.35119e-11
-9.5297624e-11
-9.2559516e-11
-9.4166661e-11
-9.6041661e-11
-9.3214284e-11
-9.3928566e-11
-9.3422617e-11
-9.2976189e-11
-9.4434516e-11
-9.3869038e-11
-9.2529748e-11
-9.5357139e-11
-9.4196428e-11
-9.2619037e-11
-9.41369e-11
-9.583332e-11
-9.3333327e-11
-9.5952371e-11
-9.5505943e-11
-9.5863081e-11
-9.6815479e-11
-9.5625001e-11
-9.5178566e-11
-9.4345233e-11
-9.488095e-11
-9.3720226e-11
-9.5595233e-11
-9.47619e-11
-9.5744045e-11
-9.5476176e-11
-9.3869038e-11
-9.6190465e-11
-9.5148799e-11
-9.4702371e-11
-9.5238081e-11
-9.4226182e-11
-9.4404748e-11
-9.508927e-11
-9.4226182e-11
-9.550595e-11
-9.4196428e-11
-9.47619e-11
-9.3988088e-11
-9.488095e-11
-9.4107132e-11
-9.5535704e-11
-9.5714284e-11
-9.4434523e-11
-9.4196415e-11
-9.5446415e-11
-9.645832e-11
-9.4791654e-11
-9.5029762e-11
-9.3541661e-11
-9.4047617e-11
-9.5535704e-11
-9.5565472e-11
-9.3541661e-11
-9.4583327e-11
-9.3452378e-11
-9.5654755e-11
-9.5505943e-11
-9.5208327e-11
-9.425595e-11
-9.4434516e-11
-9.5624987e-11
-9.4970233e-11
-9.4434523e-11
-9.4077371e-11
-9.5624987e-11
-9.5267849e-11
-9.583332e-11
-9.5803566e-11
-9.4196415e-11
-9.3630943e-11
-9.4910704e-11
-9.6845233e-11
-9.5803566e-11
-9.3363081e-11
-9.4315479e-11
-9.4047603e-11
-9.4434516e-11
-9.5238095e-11
-9.300595e-11
-9.467261e-11
-9.4047603e-11
-9.291666e-11
-9.4464277e-11
-9.5476176e-11
-9.4821422e-11
-9.3660711e-11
-9.2321421e-11
-9.4047617e-11
-9.4464291e-11
-9.4583327e-11
-9.520832e-11
-9.3214284e-11
-9.488095e-11
-9.3630943e-11
-9.4732125e-11
-9.3511907e-11
-9.3779755e-11
-9.4702371e-11
-9.3601182e-11
-9.4166661e-11
-9.4374994e-11
-9.505953e-11
-9.3363081e-11
-9.5595233e-11
-9.3958334e-11
-9.5119045e-11
-9.4702371e-11
-9.4613081e-11
-9.7619045e-11
-9.5773812e-11
-9.3065479e-11
-9.425595e-11
-9.4523805e-11
-9.3928559e-11
-9.3809523e-11
-9.3928559e-11
-9.4523799e-11
-9.5059516e-11
-9.3154755e-11
-9.467261e-11
-9.3660711e-11
-9.5178566e-11
-9.1369037e-11
-9.3750001e-11
-9.4821422e-11
-9.5624987e-11
-9.4791668e-11
-9.4434516e-11
-9.3988088e-11
-9.6071429e-11
-9.3392849e-11
-9.3422617e-11
-9.5059516e-11
-9.3779755e-11
-9.3839277e-11
-9.3898805e-11
-9.4970233e-11
-9.3869038e-11
-9.4553573e-11
-9.2767849e-11
-9.4107132e-11
-9.2678566e-11
-9.4940465e-11
-9.1934516e-11
-9.2886906e-11
-9.2589283e-11
-9.3184516e-11
-9.4404762e-11
-9.1785711e-11
-9.41369e-11
-9.2589283e-11
-9.4196428e-11
-9.3035697e-11
-9.1904762e-11
-9.3809523e-11
-9.4345233e-11
-9.3244037e-11
-9.3244044e-11
-9.258927e-11
-9.4077371e-11
-9.3244044e-11
-9.2619044e-11
-9.4434516e-11
-9.2410711e-11
-9.3065472e-11
-9.5119045e-11
-9.166666e-11
-9.4047617e-11
-9.5148812e-11
-9.3541654e-11
-9.2946421e-11
-9.2738095e-11
-9.3184509e-11
-9.4166654e-11
-9.4226182e-11
-9.2886893e-11
-9.1874994e-11
-9.4255936e-11
-9.3095233e-11
-9.425595e-11
-9.4077371e-11
-9.4761893e-11
-9.4821422e-11
-9.3422624e-11
-9.3035704e-11
-9.4017849e-11
-9.4374994e-11
-9.2886906e-11
-9.3422617e-11
-9.3988095e-11
-9.2291653e-11
-9.1696414e-11
-9.3779755e-11
-9.3571428e-11
-9.3422617e-11
-9.3839277e-11
-9.3660711e-11
-9.3869038e-11
-9.4464277e-11
-9.3452371e-11
-9.2619044e-11
-9.4315479e-11
-9.4434523e-11
-9.5416661e-11
-9.3333327e-11
-9.3839284e-11
-9.1726182e-11
-9.2232139e-11
-9.3988088e-11
-9.3363081e-11
-9.4672617e-11
-9.4464291e-11
-9.4583327e-11
-9.3541661e-11
-9.3005943e-11
-9.72619e-11
-9.6726183e-11
-9.4226182e-11
-9.4702371e-11
-9.3214284e-11
-9.2946421e-11
-9.2946421e-11
-9.3988088e-11
-9.4999994e-11
-9.4970219e-11
-9.4434523e-11
-9.3273812e-11
-9.4374987e-11
-9.5833327e-11
-9.4374994e-11
-9.3571428e-11
-9.4404769e-11
-9.4910711e-11
-9.5714284e-11
-9.2976175e-11
-9.6190465e-11
-9.3839284e-11
-9.4553559e-11
-9.4851176e-11
-9.3690465e-11
-9.5059516e-11
-9.3928566e-11
-9.3809523e-11
-9.2916667e-11
-9.4702371e-11
-9.291666e-11
-9.2738081e-11
-9.6726183e-11
-9.4732125e-11
-9.4642856e-11
-9.4017849e-11
-9.3125001e-11
-9.372024e-11
-9.41369e-11
-9.3809509e-11
-9.5922617e-11
-9.5625001e-11
-9.3541661e-11
-9.610119e-11
-9.5535704e-11
-9.5714284e-11
-9.5744038e-11
-9.5386893e-11
-9.3988088e-11
-9.6041661e-11
-9.4374994e-11
-9.3660711e-11
-9.3482146e-11
-9.3154755e-11
-9.4821422e-11
-9.3839284e-11
-9.3928566e-11
-9.5922617e-11
-9.3839277e-11
-9.5089291e-11
-9.4702385e-11
-9.5803566e-11
-9.5238095e-11
-9.4315479e-11
-9.4702371e-11
-9.5357132e-11
-9.4732139e-11
-9.4315465e-11
-9.4315479e-11
-9.5535704e-11
-9.4642856e-11
-9.4999994e-11
-9.6130957e-11
-9.4315479e-11
-9.4642856e-11
-9.3869038e-11
-9.4761893e-11
-9.4464277e-11
-9.2619044e-11
-9.3392849e-11
-9.3809509e-11
-9.5892849e-11
-9.3898805e-11
-9.6160711e-11
-9.2232139e-11
-9.2440465e-11
-9.6577378e-11
-9.3124987e-11
-9.4553559e-11
-9.6041661e-11
-9.3809509e-11
-9.3065458e-11
-9.4940479e-11
-9.434524e-11
-9.5684516e-11
-9.2261893e-11
-9.395832e-11
-9.4107146e-11
-9.3482132e-11
-9.4732139e-11
-9.4374994e-11
-9.3422617e-11
-9.4285711e-11
-9.4375008e-11
-9.41369e-11
-9.3422617e-11
-9.3690472e-11
-9.2767856e-11
-9.321427e-11
-9.3452378e-11
-9.3184516e-11
-9.22619e-11
-9.3125001e-11
-9.4999994e-11
-9.3125001e-11
-9.1607132e-11
-9.3541661e-11
-9.4613088e-11
-9.3630943e-11
-9.1874994e-11
-9.3988088e-11
-9.1636899e-11
-9.2886906e-11
-9.3422617e-11
-9.2470233e-11
-9.2291667e-11
-9.3452378e-11
-9.2827364e-11
-9.2827378e-11
-9.3035704e-11
-9.2499994e-11
-9.22619e-11
-9.1964276e-11
-9.1517849e-11
-9.1636899e-11
-9.2142856e-11
-9.279761e-11
-9.1250001e-11
-9.3184516e-11
-9.3154755e-11
-9.3214284e-11
-9.2767849e-11
-9.2619044e-11
-9.35119e-11
-9.2083327e-11
-9.2142856e-11
-9.2440465e-11
-9.3124987e-11
-9.2648798e-11
-9.3005943e-11
-9.3005943e-11
-9.3422617e-11
-9.3720226e-11
-9.2202385e-11
-9.3571428e-11
-9.4404762e-11
-9.4642856e-11
-9.434524e-11
-9.3749994e-11
-9.238095e-11
-9.3898805e-11
-9.3928566e-11
-9.550595e-11
-9.4851182e-11
-9.2232139e-11
-9.321427e-11
-9.3392849e-11
-9.425595e-11
-9.4077371e-11
-9.2023805e-11
-9.4315465e-11
-9.4642856e-11
-9.2946421e-11
-9.5029762e-11
-9.4821422e-11
-9.2321428e-11
-9.4107132e-11
-9.4494045e-11
-9.4464277e-11
-9.3482132e-11
-9.3898805e-11
-9.4613088e-11
-9.5535718e-11
-9.4285704e-11
-9.4940465e-11
-9.3630943e-11
-9.4285704e-11
-9.2886893e-11
-9.4196428e-11
-9.4226182e-11
-9.3095233e-11
-9.488095e-11
-9.6101183e-11
-9.4404748e-11
-9.5416668e-11
-9.279761e-11
-9.5357139e-11
-9.3898805e-11
-9.1964276e-11
-9.3541661e-11
-9.3809523e-11
-9.2261893e-11
-9.1904762e-11
-9.3422617e-11
-9.2619037e-11
-9.2886906e-11
-9.3839284e-11
-9.3958334e-11
-9.4523805e-11
-9.2738095e-11
-9.3898805e-11
-9.5178566e-11
-9.6785711e-11
-9.5803566e-11
-9.333332e-11
-9.467261e-11
-9.4910704e-11
-9.4077371e-11
-9.4226182e-11
-9.5386907e-11
-9.3660711e-11
-9.372024e-11
-9.5922617e-11
-9.3363095e-11
-9.5565458e-11
-9.4523805e-11
-9.3898792e-11
-9.2946421e-11
-9.5267856e-11
-9.4940465e-11
-9.4404762e-11
-9.425595e-11
-9.2529748e-11
-9.5267849e-11
-9.3273798e-11
-9.4315479e-11
-9.2351182e-11
-9.3154755e-11
-9.3988088e-11
-9.2916667e-11
-9.3749994e-11
-9.3690472e-11
-9.3363095e-11
-9.4642856e-11
-9.3898812e-11
-9.4047617e-11
-9.4196415e-11
-9.3660711e-11
-9.3125001e-11
-9.4315465e-11
-9.488095e-11
-9.5535718e-11
-9.3035704e-11
-9.5267849e-11
-9.3452371e-11
-9.3749994e-11
-9.1607132e-11
-9.2827378e-11
-9.47619e-11
-9.2529748e-11
-9.6815479e-11
-9.4642842e-11
-9.4107132e-11
-9.4910704e-11
-9.4999994e-11
-9.5684516e-11
-9.4553559e-11
-9.2886893e-11
-9.5535704e-11
-9.4642842e-11
-9.4791668e-11
-9.5148812e-11
-9.3839277e-11
-9.5357139e-11
-9.1309522e-11
-9.4345233e-11
-9.4166661e-11
-9.3898805e-11
-9.4821422e-11
-9.4523819e-11
-9.4940465e-11
-9.5238095e-11
-9.3571428e-11
-9.3273798e-11
-9.4523805e-11
-9.291666e-11
-9.3898812e-11
-9.4910711e-11
-9.4255957e-11
-9.3809523e-11
-9.3035718e-11
-9.3988095e-11
-9.5029748e-11
-9.3214284e-11
-9.3749994e-11
-9.2916667e-11
-9.2678573e-11
-9.4821422e-11
-9.425595e-11
-9.3749994e-11
-9.4970233e-11
-9.2321421e-11
-9.488095e-11
-9.5238081e-11
-9.1160711e-11
-9.3095226e-11
-9.3244037e-11
-9.3898805e-11
-9.3333327e-11
-9.4494045e-11
-9.4583327e-11
-9.3839277e-11
-9.3214284e-11
-9.4107132e-11
-9.4523805e-11
-9.4613081e-11
-9.3660711e-11
-9.3482132e-11
-9.3809523e-11
-9.4732125e-11
-9.4880936e-11
-9.5684516e-11
-9.7142856e-11
-9.5654755e-11
-9.3809523e-11
-9.4047617e-11
-9.3809523e-11
-9.6339277e-11
-9.47619e-11
-9.5059516e-11
-9.41369e-11
-9.2946421e-11
-9.4136907e-11
-9.3779755e-11
-9.4434523e-11
-9.4553559e-11
-9.5535704e-11
-9.5565472e-11
-9.5714284e-11
-9.5595233e-11
-9.5357139e-11
-9.4315479e-11
-9.4791668e-11
-9.4077371e-11
-9.425595e-11
-9.425595e-11
-9.4374994e-11
-9.4285711e-11
-9.6607132e-11
-9.5803573e-11
-9.3303566e-11
-9.5565472e-11
-9.3660711e-11
-9.5357132e-11
-9.3541661e-11
-9.5357139e-11
-9.2678573e-11
-9.41369e-11
-9.6428567e-11
-9.3541661e-11
-9.6964277e-11
-9.4196415e-11
-9.2976189e-11
-9.2470233e-11
-9.7351183e-11
-9.2529748e-11
-9.4404748e-11
-9.6815465e-11
-9.5029762e-11
-9.3779755e-11
-9.5029762e-11
-9.3541654e-11
-9.7023799e-11
-9.4583327e-11
-9.6279755e-11
-9.3869038e-11
-9.4583327e-11
-9.4613088e-11
-9.5089284e-11
-9.5595233e-11
-9.4553573e-11
-9.4642856e-11
-9.6994045e-11
-9.4255936e-11
-9.3898805e-11
-9.4642856e-11
-9.4732125e-11
-9.6934516e-11
-9.4583327e-11
-9.6428567e-11
-9.3273798e-11
-9.4940465e-11
-9.5535704e-11
-9.3898805e-11
-9.6071436e-11
-9.5386907e-11
-9.6071429e-11
-9.6071415e-11
-9.4613081e-11
-9.5416661e-11
-9.7142842e-11
-9.6369038e-11
-9.4821422e-11
-9.60119e-11
-9.4315479e-11
-9.4999994e-11
-9.6577371e-11
-9.5386893e-11
-9.5119038e-11
-9.4494045e-11
-9.4374994e-11
-9.5714284e-11
-9.5476189e-11
-9.5089284e-11
-9.4047617e-11
-9.5952371e-11
-9.6071429e-11
-9.675595e-11
-9.3690465e-11
-9.4226182e-11
-9.434524e-11
-9.5744038e-11
-9.4821422e-11
-9.6369052e-11
-9.622024e-11
-9.434524e-11
-9.5892849e-11
-9.4285711e-11
-9.6041654e-11
-9.4940479e-11
-9.7023806e-11
-9.4464277e-11
-9.5505943e-11
-9.6994045e-11
-9.6607132e-11
-9.6339277e-11
-9.4791668e-11
-9.5803566e-11
-9.7559516e-11
-9.4791668e-11
-9.4642842e-11
-9.4315479e-11
-9.6964277e-11
-9.5892849e-11
-9.6071415e-11
-9.642856e-11
-9.7738095e-11
-9.4642856e-11
-9.4553559e-11
-9.4821422e-11
-9.5982146e-11
-9.5535718e-11
-9.5982146e-11
-9.4047617e-11
-9.5476189e-11
-9.5238095e-11
-9.467261e-11
-9.6488088e-11
-9.3898805e-11
-9.4791654e-11
-9.4285711e-11
-9.4166654e-11
-9.3898805e-11
-9.6666654e-11
-9.4345233e-11
-9.5446422e-11
-9.610119e-11
-9.3690472e-11
-9.5803553e-11
-9.4464277e-11
-9.3839284e-11
-9.4702385e-11
-9.6101183e-11
-9.4583327e-11
-9.5148799e-11
-9.4047617e-11
-9.5714284e-11
-9.3363081e-11
-9.6964277e-11
-9.4077371e-11
-9.4583327e-11
-9.6994045e-11
-9.66369e-11
-9.425595e-11
-9.4434516e-11
-9.4404762e-11
-9.3809523e-11
-9.5059516e-11
-9.3809523e-11
-9.2529748e-11
-9.321427e-11
-9.4077371e-11
-9.2738095e-11
-9.3809509e-11
-9.3928559e-11
-9.4434516e-11
-9.3660711e-11
-9.47619e-11
-9.5119038e-11
-9.3988088e-11
-9.6339277e-11
-9.47619e-11
-9.5357132e-11
-9.4553573e-11
-9.4732139e-11
-9.5744038e-11
-9.4583334e-11
-9.4107146e-11
-9.4910711e-11
-9.4345233e-11
-9.2648812e-11
-9.4315465e-11
-9.3541661e-11
-9.22619e-11
-9.4285704e-11
-9.5476176e-11
-9.4970219e-11
-9.4583327e-11
-9.4523799e-11
-9.4642842e-11
-9.4285711e-11
-9.497024e-11
-9.3958334e-11
-9.4434516e-11
-9.3601182e-11
-9.3601182e-11
-9.4642842e-11
-9.5357139e-11
-9.35119e-11
-9.3065472e-11
-9.3958334e-11
-9.3898805e-11
-9.2202371e-11
-9.3839284e-11
-9.4642856e-11
-9.3601182e-11
-9.5565472e-11
-9.3333327e-11
-9.3898792e-11
-9.4613081e-11
-9.321427e-11
-9.3124987e-11
-9.3869031e-11
-9.2678566e-11
-9.4910704e-11
-9.5029762e-11
-9.22619e-11
-9.5238095e-11
-9.3452378e-11
-9.3303566e-11
-9.5119045e-11
-9.4285711e-11
-9.5357153e-11
-9.4107146e-11
-9.3244044e-11
-9.4702371e-11
-9.5357153e-11
-9.47619e-11
-9.2678566e-11
-9.4970233e-11
-9.35119e-11
-9.3422617e-11
-9.4315479e-11
-9.2351182e-11
-9.3869051e-11
-9.6607132e-11
-9.4523805e-11
-9.583332e-11
-9.7083334e-11
-9.4226182e-11
-9.4851182e-11
-9.5119038e-11
-9.5714284e-11
-9.3690472e-11
-9.4523799e-11
-9.3035704e-11
-9.5535718e-11
-9.1130943e-11
-9.2113088e-11
-9.4583327e-11
-9.3452371e-11
-9.5446422e-11
-9.5505943e-11
-9.3660711e-11
-9.4077371e-11
-9.41369e-11
-9.4702385e-11
-9.4285704e-11
-9.4642856e-11
-9.4940465e-11
-9.3303552e-11
-9.5208327e-11
-9.3482132e-11
-9.4285704e-11
-9.4047617e-11
-9.2559516e-11
-9.3422617e-11
-9.3184516e-11
-9.5505943e-11
-9.3124987e-11
-9.5684516e-11
-9.5178566e-11
-9.3928559e-11
-9.5714284e-11
-9.4494045e-11
-9.5476189e-11
-9.4434523e-11
-9.5386907e-11
-9.3988088e-11
-9.4285711e-11
-9.5089284e-11
-9.6428567e-11
-9.4404762e-11
-9.4613081e-11
-9.529761e-11
-9.5208327e-11
-9.6190472e-11
-9.7083327e-11
-9.5119045e-11
-9.4315479e-11
-9.3363081e-11
-9.3690472e-11
-9.4791668e-11
-9.4375008e-11
-9.4434523e-11
-9.4345233e-11
-9.4553559e-11
-9.372024e-11
-9.4017849e-11
-9.3303552e-11
-9.5446422e-11
-9.2351182e-11
-9.395832e-11
-9.4910711e-11
-9.3630943e-11
-9.4732139e-11
-9.4970233e-11
-9.3065472e-11
-9.5684516e-11
-9.3660711e-11
-9.3154755e-11
-9.3095226e-11
-9.279761e-11
-9.4821422e-11
-9.4910711e-11
-9.3898805e-11
-9.4077378e-11
-9.4226182e-11
-9.3035704e-11
-9.5357132e-11
-9.5238081e-11
-9.3988088e-11
-9.4345233e-11
-9.300595e-11
-9.6607132e-11
-9.6130957e-11
-9.5267849e-11
-9.4166654e-11
-9.4761893e-11
-9.4553573e-11
-9.675595e-11
-9.4404762e-11
-9.3779755e-11
-9.5565472e-11
-9.5119045e-11
-9.2886906e-11
-9.6071429e-11
-9.7410705e-11
-9.47619e-11
-9.6964277e-11
-9.5386907e-11
-9.3422617e-11
-9.4821422e-11
-9.5029762e-11
-9.6458334e-11
-9.4017849e-11
-9.3571428e-11
-9.3898805e-11
-9.4077378e-11
-9.4285704e-11
-9.4583327e-11
-9.2827364e-11
-9.5119045e-11
-9.5803566e-11
-9.4374994e-11
-9.5744038e-11
-9.5863095e-11
-9.4017849e-11
-9.4345233e-11
-9.5297603e-11
-9.4583327e-11
-9.2470233e-11
-9.3809523e-11
-9.4345233e-11
-9.4107132e-11
-9.4523805e-11
-9.4107132e-11
-9.5654755e-11
-9.3988088e-11
-9.4910704e-11
-9.610119e-11
-9.5863095e-11
-9.5654755e-11
-9.425595e-11
-9.395832e-11
-9.41369e-11
-9.467261e-11
-9.6815465e-11
-9.6398792e-11
-9.4523799e-11
-9.3749994e-11
-9.2529762e-11
-9.4017849e-11
-9.2738081e-11
-9.3720226e-11
-9.5416661e-11
-9.4732146e-11
-9.4851182e-11
-9.5386893e-11
-9.3660711e-11
-9.4345233e-11
-9.6369052e-11
-9.4434516e-11
-9.3303566e-11
-9.3660711e-11
-9.3363095e-11
-9.4672617e-11
-9.5238081e-11
-9.4940479e-11
-9.3690472e-11
-9.4285711e-11
-9.4226182e-11
-9.3809523e-11
-9.4791668e-11
-9.5565458e-11
-9.47619e-11
-9.3392863e-11
-9.4345219e-11
-9.4047617e-11
-9.3363081e-11
-9.6517842e-11
-9.5744038e-11
-9.5505943e-11
-9.4642856e-11
-9.3452378e-11
-9.4255936e-11
-9.2827378e-11
-9.529761e-11
-9.5803566e-11
-9.4642856e-11
-9.5505943e-11
-9.4315479e-11
-9.4017849e-11
-9.529761e-11
-9.6071415e-11
-9.3482146e-11
-9.4940465e-11
-9.372024e-11
-9.4553559e-11
-9.5327378e-11
-9.7023799e-11
-9.610119e-11
-9.3392849e-11
-9.4196415e-11
-9.4077371e-11
-9.4732139e-11
-9.4851176e-11
-9.4166661e-11
-9.6041661e-11
-9.4821408e-11
-9.3154755e-11
-9.4642856e-11
-9.6160697e-11
-9.3750001e-11
-9.1190472e-11
-9.4345233e-11
-9.4761893e-11
-9.5446415e-11
-9.3154755e-11
-9.4613088e-11
-9.4970233e-11
-9.610119e-11
-9.4494045e-11
-9.5446435e-11
-9.488095e-11
-9.3720226e-11
-9.4672617e-11
-9.5297624e-11
-9.4791668e-11
-9.5684516e-11
-9.5386893e-11
-9.4672617e-11
-9.6577371e-11
-9.7023806e-11
-9.5863095e-11
-9.5803566e-11
-9.610119e-11
-9.5178566e-11
-9.5624987e-11
-9.5624987e-11
-9.7708328e-11
-9.5595233e-11
-9.6517842e-11
-9.4077378e-11
-9.4821428e-11
-9.4999994e-11
-9.550595e-11
-9.7470233e-11
-9.7410705e-11
-9.6547603e-11
-9.5446415e-11
-9.5505943e-11
-9.6339284e-11
-9.4434523e-11
-9.6041675e-11
-9.3988088e-11
-9.35119e-11
-9.5446422e-11
-9.6607132e-11
-9.4523805e-11
-9.6190472e-11
-9.7202371e-11
-9.4315465e-11
-9.3363095e-11
-9.3124987e-11
-9.5595226e-11
-9.3749994e-11
-9.5535704e-11
-9.5386907e-11
-9.5267856e-11
-9.6398792e-11
-9.5178566e-11
-9.4642856e-11
-9.4255957e-11
-9.2976175e-11
-9.5922624e-11
-9.5565472e-11
-9.4970233e-11
-9.4494051e-11
-9.300595e-11
-9.4285711e-11
-9.6130943e-11
-9.6101183e-11
-9.4017849e-11
-9.4345233e-11
-9.5178566e-11
-9.3898805e-11
-9.372024e-11
-9.5148799e-11
-9.47619e-11
-9.6101183e-11
-9.2648798e-11
-9.4523805e-11
-9.5892849e-11
-9.1547617e-11
-9.4642842e-11
-9.4553559e-11
-9.3928566e-11
-9.4196408e-11
-9.3869038e-11
-9.4196428e-11
-9.5505943e-11
-9.5952378e-11
-9.434524e-11
-9.4047603e-11
-9.2738081e-11
-9.3630943e-11
-9.6428567e-11
-9.35119e-11
-9.166666e-11
-9.3184516e-11
-9.4791654e-11
-9.4999987e-11
-9.3095233e-11
-9.4196415e-11
-9.4613102e-11
-9.3303566e-11
-9.2291667e-11
-9.4821422e-11
-9.3988088e-11
-9.5535718e-11
-9.3333327e-11
-9.6101183e-11
-9.4642856e-11
-9.3184516e-11
-9.3452371e-11
-9.3898805e-11
-9.3571415e-11
-9.5476189e-11
-9.5148812e-11
-9.3452371e-11
-9.3422617e-11
-9.5029748e-11
-9.434524e-11
-9.5773799e-11
-9.529761e-11
-9.4970233e-11
-9.3750001e-11
-9.4583327e-11
-9.4107146e-11
-9.3601182e-11
-9.4732139e-11
-9.4434516e-11
-9.4553559e-11
-9.4196415e-11
-9.5029748e-11
-9.395832e-11
-9.4434516e-11
-9.6041661e-11
-9.4732139e-11
-9.6339277e-11
-9.4523805e-11
-9.4404748e-11
-9.3422617e-11
-9.4791668e-11
-9.5565479e-11
-9.4732139e-11
-9.2738095e-11
-9.5982132e-11
-9.3065472e-11
-9.3928566e-11
-9.3898805e-11
-9.6249994e-11
-9.5535718e-11
-9.5089284e-11
-9.5327385e-11
-9.6279755e-11
-9.5029748e-11
-9.425595e-11
-9.4583327e-11
-9.4732139e-11
-9.5892849e-11
-9.5982146e-11
-9.2470233e-11
-9.3958334e-11
-9.3333327e-11
-9.2142856e-11
-9.3571415e-11
-9.6160711e-11
-9.4553573e-11
-9.4642856e-11
-9.4910711e-11
-9.3988095e-11
-9.4226182e-11
-9.6666661e-11
-9.4821422e-11
-9.4821428e-11
-9.2946421e-11
-9.5029748e-11
-9.3809523e-11
-9.5119045e-11
-9.3839277e-11
-9.5089284e-11
-9.4523805e-11
-9.5029762e-11
-9.4791668e-11
-9.5476189e-11
-9.5476189e-11
-9.3869038e-11
-9.3125001e-11
-9.4404762e-11
-9.6547617e-11
-9.6577378e-11
-9.4940465e-11
-9.5654755e-11
-9.4166654e-11
-9.5625001e-11
-9.4464277e-11
-9.5952378e-11
-9.3720226e-11
-9.2976189e-11
-9.550595e-11
-9.434524e-11
-9.4642856e-11
-9.291666e-11
-9.3333327e-11
-9.5357132e-11
-9.4851182e-11
-9.4315465e-11
-9.4523799e-11
-9.3869038e-11
-9.5416661e-11
-9.5803566e-11
-9.2738081e-11
-9.5238081e-11
-9.4791668e-11
-9.47619e-11
-9.3749994e-11
-9.5238095e-11
-9.4613088e-11
-9.2351182e-11
-9.4791668e-11
-9.3601182e-11
-9.3779755e-11
-9.4196428e-11
-9.2976175e-11
-9.2648812e-11
-9.4315479e-11
-9.5535704e-11
-9.3452371e-11
-9.4464277e-11
-9.3809509e-11
-9.4345233e-11
-9.3928566e-11
-9.3392849e-11
-9.3273798e-11
-9.4196415e-11
-9.5416661e-11
-9.550595e-11
-9.3422603e-11
-9.5059516e-11
-9.5208327e-11
-9.3988088e-11
-9.5208327e-11
-9.5595233e-11
-9.5684516e-11
-9.5059516e-11
-9.4583334e-11
-9.5982146e-11
-9.4851182e-11
-9.4374994e-11
-9.4226182e-11
-9.5922617e-11
-9.5416668e-11
-9.4761893e-11
-9.4494045e-11
-9.5565479e-11
-9.5625001e-11
-9.5148812e-11
-9.66369e-11
-9.6815465e-11
-9.6309523e-11
-9.8005951e-11
-9.7410705e-11
-9.72619e-11
-9.6666654e-11
-9.6755937e-11
-9.6249994e-11
-9.5624987e-11
-9.7916661e-11
-9.8005944e-11
-9.4732139e-11
-9.5952378e-11
-9.5744045e-11
-9.6130957e-11
-9.5327364e-11
-9.6488095e-11
-9.5863081e-11
-9.5267856e-11
-9.5267849e-11
-9.5892849e-11
-9.6607132e-11
-9.4791654e-11
-9.5089284e-11
-9.4285704e-11
-9.47619e-11
-9.4732139e-11
-9.6726183e-11
-9.5416668e-11
-9.4732139e-11
-9.5833327e-11
-9.3869038e-11
-9.684524e-11
-9.5624987e-11
-9.4702371e-11
-9.5833327e-11
-9.6547617e-11
-9.5952378e-11
-9.6190465e-11
-9.5208327e-11
-9.6934523e-11
-9.8214284e-11
-9.6994045e-11
-9.8303567e-11
-9.5863081e-11
-9.6547603e-11
-9.4434516e-11
-9.583332e-11
-9.7410711e-11
-9.5476176e-11
-9.4791668e-11
-9.6726183e-11
-9.7738082e-11
-9.6190472e-11
-9.8482132e-11
-9.5119038e-11
-9.5714284e-11
-9.8095226e-11
-9.4523819e-11
-9.66369e-11
-9.5178566e-11
-9.3779755e-11
-9.6279755e-11
-9.5863095e-11
-9.550595e-11
-9.291666e-11
-9.529761e-11
-9.5773799e-11
-9.5476189e-11
-9.5684509e-11
-9.6041661e-11
-9.4940465e-11
-9.5178573e-11
-9.6220226e-11
-9.4464277e-11
-9.6160718e-11
-9.7142856e-11
-9.4345233e-11
-9.4464277e-11
-9.5625001e-11
-9.5952378e-11
-9.4761893e-11
-9.5952378e-11
-9.5595233e-11
-9.4851196e-11
-9.5238095e-11
-9.7380951e-11
-9.5357139e-11
-9.5476189e-11
-9.5654755e-11
-9.550595e-11
-9.7648813e-11
-9.5863095e-11
-9.3928566e-11
-9.6607132e-11
-9.5089284e-11
-9.6250001e-11
-9.6904748e-11
-9.3988095e-11
-9.5952371e-11
-9.5595226e-11
-9.6607132e-11
-9.5982146e-11
-9.5952378e-11
-9.7499994e-11
-9.4880936e-11
-9.5267849e-11
-9.7202371e-11
-9.6190465e-11
-9.5565458e-11
-9.5238081e-11
-9.4851176e-11
-9.7678567e-11
-9.7440465e-11
-9.5178566e-11
-9.5744038e-11
-9.5446435e-11
-9.5357132e-11
-9.6577371e-11
-9.4940479e-11
-9.3601182e-11
-9.5922617e-11
-9.60119e-11
-9.4196415e-11
-9.5922617e-11
-9.4166661e-11
-9.6309523e-11
-9.5327378e-11
-9.5922617e-11
-9.5773799e-11
-9.6220226e-11
-9.4672617e-11
-9.4791654e-11
-9.5446422e-11
-9.8422617e-11
-9.6309523e-11
-9.5238081e-11
-9.41369e-11
-9.6279755e-11
-9.4732139e-11
-9.5684516e-11
-9.5148812e-11
-9.5357132e-11
-9.675595e-11
-9.3005943e-11
-9.5952378e-11
-9.4166654e-11
-9.5148812e-11
-9.5863081e-11
-9.4970233e-11
-9.6101183e-11
-9.6041661e-11
-9.5357139e-11
-9.675595e-11
-9.467261e-11
-9.3988088e-11
-9.6130943e-11
-9.5863081e-11
-9.6071415e-11
-9.4196415e-11
-9.5863081e-11
-9.6696429e-11
-9.7232139e-11
-9.6101183e-11
-9.6309509e-11
-9.6607132e-11
-9.5029762e-11
-9.7142842e-11
-9.6130943e-11
-9.3601189e-11
-9.5446415e-11
-9.7142856e-11
-9.7499987e-11
-9.5178566e-11
-9.6369038e-11
-9.7083327e-11
-9.779761e-11
-9.5773799e-11
-9.7559516e-11
-9.4732139e-11
-9.7738102e-11
-9.6815479e-11
-9.6339277e-11
-9.6071429e-11
-9.5803566e-11
-9.8035705e-11
-9.7499994e-11
-9.675595e-11
-9.4613088e-11
-9.5297624e-11
-9.5535704e-11
-9.4732139e-11
-9.5029762e-11
-9.4910711e-11
-9.5624987e-11
-9.4821428e-11
-9.6815479e-11
-9.520832e-11
-9.5952378e-11
-9.4999994e-11
-9.395832e-11
-9.5952378e-11
-9.5982132e-11
-9.4374994e-11
-9.425595e-11
-9.3273812e-11
-9.488095e-11
-9.5446422e-11
-9.571427e-11
-9.5535697e-11
-9.4970233e-11
-9.7113081e-11
-9.7113088e-11
-9.5565472e-11
-9.5744038e-11
-9.6220226e-11
-9.5119045e-11
-9.5505943e-11
-9.5952371e-11
-9.4791668e-11
-9.5565472e-11
-9.5208327e-11
-9.4613088e-11
-9.5089284e-11
-9.4107132e-11
-9.5178566e-11
-9.4226182e-11
-9.4464291e-11
-9.4583327e-11
-9.4345233e-11
-9.4642856e-11
-9.5505943e-11
-9.5833327e-11
-9.4136886e-11
-9.5119038e-11
-9.5684509e-11
-9.5059502e-11
-9.4434523e-11
-9.550595e-11
-9.5476189e-11
-9.6101183e-11
-9.5029748e-11
-9.5476189e-11
-9.5625001e-11
-9.5267849e-11
-9.6577392e-11
-9.2767849e-11
-9.5178566e-11
-9.4315479e-11
-9.4107132e-11
-9.5654755e-11
-9.5535718e-11
-9.5208327e-11
-9.4910711e-11
-9.41369e-11
-9.4613088e-11
-9.5386893e-11
-9.2499994e-11
-9.5267849e-11
-9.5416661e-11
-9.4107146e-11
-9.2053559e-11
-9.4374994e-11
-9.4523805e-11
-9.5625001e-11
-9.3869038e-11
-9.4166654e-11
-9.3303552e-11
-9.4851176e-11
-9.6488095e-11
-9.4404762e-11
-9.3988088e-11
-9.3720226e-11
-9.467261e-11
-9.4315465e-11
-9.529761e-11
-9.3273798e-11
-9.467261e-11
-9.622024e-11
-9.5089284e-11
-9.5059516e-11
-9.3065472e-11
-9.3630943e-11
-9.5654755e-11
-9.5654755e-11
-9.3244037e-11
-9.4077371e-11
-9.60119e-11
-9.35119e-11
-9.5714284e-11
-9.6071429e-11
-9.488095e-11
-9.333332e-11
-9.4374994e-11
-9.4285704e-11
-9.5148799e-11
-9.5119045e-11
-9.5238095e-11
-9.4315479e-11
-9.3898805e-11
-9.550595e-11
-9.5803566e-11
-9.5059516e-11
-9.5238095e-11
-9.3749994e-11
-9.4523805e-11
-9.5119038e-11
-9.5863095e-11
-9.5208327e-11
-9.47619e-11
-9.3660711e-11
-9.4404762e-11
-9.4999987e-11
-9.3839277e-11
-9.5535704e-11
-9.5416661e-11
-9.5922617e-11
-9.6488088e-11
-9.4910704e-11
-9.6250001e-11
-9.5654762e-11
-9.2946421e-11
-9.5773799e-11
-9.5803566e-11
-9.6577378e-11
-9.5059516e-11
-9.4583334e-11
-9.3839277e-11
-9.6339277e-11
-9.4910711e-11
-9.5029762e-11
-9.66369e-11
-9.684524e-11
-9.5476189e-11
-9.3571428e-11
-9.4494031e-11
-9.3839284e-11
-9.5684516e-11
-9.5357139e-11
-9.550595e-11
-9.4404748e-11
-9.5059516e-11
-9.4672617e-11
-9.5535704e-11
-9.5029762e-11
-9.4940465e-11
-9.5654741e-11
-9.4553573e-11
-9.3898805e-11
-9.4255936e-11
-9.4047617e-11
-9.6071429e-11
-9.4285711e-11
-9.5744038e-11
-9.7202371e-11
-9.7440465e-11
-9.4851182e-11
-9.5892835e-11
-9.6934516e-11
-9.4315479e-11
-9.6130943e-11
-9.5744045e-11
-9.4196428e-11
-9.6071429e-11
-9.4583327e-11
-9.6696415e-11
-9.568453e-11
-9.2559516e-11
-9.5892849e-11
-9.3482132e-11
-9.4226182e-11
-9.4464277e-11
-9.5446422e-11
-9.5089284e-11
-9.4791654e-11
-9.4761893e-11
-9.4851182e-11
-9.35119e-11
-9.5714284e-11
-9.4136886e-11
-9.4464291e-11
-9.3898812e-11
-9.6309523e-11
-9.4672617e-11
-9.3392849e-11
-9.5803553e-11
-9.3988088e-11
-9.2529762e-11
-9.4672617e-11
-9.3720226e-11
-9.3630943e-11
-9.5476189e-11
-9.6160718e-11
-9.4107132e-11
-9.5119045e-11
-9.4999987e-11
-9.4107132e-11
-9.5386907e-11
-9.4851182e-11
-9.4464277e-11
-9.3630943e-11
-9.5744045e-11
-9.4999994e-11
-9.3869051e-11
-9.3898805e-11
-9.5714291e-11
-9.2886893e-11
-9.5178566e-11
-9.3839277e-11
-9.1696414e-11
-9.5327378e-11
-9.3184516e-11
-9.3154755e-11
-9.3988088e-11
-9.4077371e-11
-9.4166661e-11
-9.3869038e-11
-9.3809509e-11
-9.2946421e-11
-9.333332e-11
-9.2410704e-11
-9.3214284e-11
-9.5952378e-11
-9.4166661e-11
-9.5952378e-11
-9.5684516e-11
-9.8035705e-11
-9.1428566e-11
-9.497024e-11
-9.5446422e-11
-9.5684516e-11
-9.4583327e-11
-9.4970233e-11
-9.3928566e-11
-9.6071415e-11
-9.717261e-11
-9.6517863e-11
-9.4910704e-11
-9.5476176e-11
-9.4613102e-11
-9.3303566e-11
-9.5952378e-11
-9.5565472e-11
-9.4196415e-11
-9.4434523e-11
-9.47619e-11
-9.3839277e-11
-9.5059516e-11
-9.4285704e-11
-9.3749994e-11
-9.5357139e-11
-9.488095e-11
-9.3065472e-11
-9.4970233e-11
-9.3898805e-11
-9.4821422e-11
-9.5505943e-11
-9.6220226e-11
-9.4553559e-11
-9.3244044e-11
-9.5238095e-11
-9.2648798e-11
-9.425595e-11
-9.5267849e-11
-9.1607132e-11
-9.3482146e-11
-9.3660711e-11
-9.3988088e-11
-9.610119e-11
-9.5386907e-11
-9.4642856e-11
-9.392858e-11
-9.3779755e-11
-9.41369e-11
-9.4077378e-11
-9.3244037e-11
-9.4732139e-11
-9.4821422e-11
-9.5892835e-11
-9.6160711e-11
-9.5267856e-11
-9.4672617e-11
-9.5714284e-11
-9.520832e-11
-9.4464277e-11
-9.5982132e-11
-9.3601189e-11
-9.4107132e-11
-9.4553559e-11
-9.4434523e-11
-9.3571428e-11
-9.529761e-11
-9.434524e-11
-9.4494045e-11
-9.4107132e-11
-9.4077371e-11
-9.5119045e-11
-9.505953e-11
-9.6547624e-11
-9.6815479e-11
-9.4940465e-11
-9.4523805e-11
-9.4613088e-11
-9.5357139e-11
-9.5208327e-11
-9.7083334e-11
-9.5208327e-11
-9.6041661e-11
-9.6785704e-11
-9.5178566e-11
-9.4196428e-11
-9.5238095e-11
-9.5654755e-11
-9.5982146e-11
-9.3363081e-11
-9.5208327e-11
