-1.67e-10
-1.6834374e-10
-1.7318749e-10
-1.6893749e-10
-1.7221877e-10
-1.6768749e-10
-1.720625e-10
-1.6990623e-10
-1.6715623e-10
-1.6912499e-10
-1.6871873e-10
-1.7140625e-10
-1.7059373e-10
-1.6240624e-10
-1.7290623e-10
-1.6975001e-10
-1.7018749e-10
-1.696875e-10
-1.6559375e-10
-1.6724999e-10
-1.6665623e-10
-1.6659374e-10
-1.7243749e-10
-1.6693749e-10
-1.6724999e-10
-1.6503124e-10
-1.7340625e-10
-1.6409372e-10
-1.7034375e-10
-1.7049998e-10
-1.6756249e-10
-1.7087501e-10
-1.6803124e-10
-1.7396876e-10
-1.6821873e-10
-1.6796872e-10
-1.705e-10
-1.6943749e-10
-1.6806251e-10
-1.68875e-10
-1.7078124e-10
-1.6815624e-10
-1.6996875e-10
-1.6481248e-10
-1.6815625e-10
-1.6990626e-10
-1.6696874e-10
-1.7031249e-10
-1.6984374e-10
-1.6743749e-10
-1.74875e-10
-1.6543748e-10
-1.7084374e-10
-1.7178126e-10
-1.70125e-10
-1.7087499e-10
-1.6453125e-10
-1.7190625e-10
-1.6396871e-10
-1.7421872e-10
-1.7021874e-10
-1.6703125e-10
-1.7206249e-10
-1.6834376e-10
-1.7150001e-10
-1.6375e-10
-1.7281251e-10
-1.6946874e-10
-1.6859375e-10
-1.7278126e-10
-1.7178123e-10
-1.6578124e-10
-1.7346875e-10
-1.6431249e-10
-1.6771876e-10
-1.754375e-10
-1.6587499e-10
-1.6706249e-10
-1.75e-10
-1.6499999e-10
-1.7471875e-10
-1.7034375e-10
-1.7149998e-10
-1.6715623e-10
-1.6990624e-10
-1.7131248e-10
-1.6953125e-10
-1.6184373e-10
-1.7671874e-10
-1.6600001e-10
-1.6996873e-10
-1.6743749e-10
-1.7009374e-10
-1.690625e-10
-1.6796875e-10
-1.6603122e-10
-1.7168748e-10
-1.7171874e-10
-1.6468749e-10
-1.7159374e-10
-1.6737497e-10
-1.654375e-10
-1.7196877e-10
-1.6662499e-10
-1.7065624e-10
-1.6962499e-10
-1.6778122e-10
-1.6718751e-10
-1.6928124e-10
-1.7153123e-10
-1.6549999e-10
-1.6881249e-10
-1.6821874e-10
-1.6881249e-10
-1.6987499e-10
-1.7115624e-10
-1.7071874e-10
-1.77e-10
-1.6524999e-10
-1.7365623e-10
-1.6934373e-10
-1.7024998e-10
-1.6928123e-10
-1.7028125e-10
-1.7043751e-10
-1.7181248e-10
-1.6975001e-10
-1.6940624e-10
-1.6931248e-10
-1.7199997e-10
-1.7237498e-10
-1.6409374e-10
-1.7499999e-10
-1.6821873e-10
-1.71875e-10
-1.7112498e-10
-1.6471874e-10
-1.6859374e-10
-1.6568749e-10
-1.7271876e-10
-1.7071874e-10
-1.7040626e-10
-1.7128123e-10
-1.7215622e-10
-1.6774999e-10
-1.6843747e-10
-1.7025001e-10
-1.6590626e-10
-1.6837498e-10
-1.6906249e-10
-1.695e-10
-1.7303124e-10
-1.6628125e-10
-1.6903123e-10
-1.7637501e-10
-1.6896871e-10
-1.6653126e-10
-1.7103123e-10
-1.6856251e-10
-1.7018749e-10
-1.7024999e-10
-1.6709373e-10
-1.6806249e-10
-1.7184375e-10
-1.7003124e-10
-1.7090625e-10
-1.6974996e-10
-1.7403123e-10
-1.6593751e-10
-1.6881249e-10
-1.7049999e-10
-1.6384374e-10
-1.7506249e-10
-1.6787498e-10
-1.6765622e-10
-1.6728123e-10
-1.7603123e-10
-1.6178123e-10
-1.6878123e-10
-1.6815624e-10
-1.6678124e-10
-1.7299999e-10
-1.749375e-10
-1.6615626e-10
-1.683125e-10
-1.6771873e-10
-1.6971874e-10
-1.7037498e-10
-1.6890624e-10
-1.7243749e-10
-1.651875e-10
-1.7162501e-10
-1.67e-10
-1.6534377e-10
-1.7499999e-10
-1.6740624e-10
-1.7334376e-10
-1.6271874e-10
-1.6953125e-10
-1.7031249e-10
-1.6415626e-10
-1.7168753e-10
-1.7087499e-10
-1.6959374e-10
-1.6787498e-10
-1.7178123e-10
-1.6656251e-10
-1.6728123e-10
-1.698125e-10
-1.7184376e-10
-1.6712499e-10
-1.7090625e-10
-1.6509374e-10
-1.6584373e-10
-1.6840623e-10
-1.7578124e-10
-1.6740624e-10
-1.6803123e-10
-1.6799999e-10
-1.6518749e-10
-1.7468751e-10
-1.6787499e-10
-1.6953124e-10
-1.6765625e-10
-1.7149999e-10
-1.7196874e-10
-1.6646873e-10
-1.7e-10
-1.7206246e-10
-1.6737497e-10
-1.6924998e-10
-1.684375e-10
-1.7484376e-10
-1.645625e-10
-1.745625e-10
-1.6659372e-10
-1.69875e-10
-1.7253125e-10
-1.6396876e-10
-1.7225001e-10
-1.6915627e-10
-1.7559373e-10
-1.6946874e-10
-1.6871873e-10
-1.7181249e-10
-1.6653125e-10
-1.7059373e-10
-1.7384374e-10
-1.6815624e-10
-1.7140625e-10
-1.6893749e-10
-1.7937497e-10
-1.7124999e-10
-1.6575e-10
-1.6825e-10
-1.758125e-10
-1.6762498e-10
-1.6909375e-10
-1.7224999e-10
-1.7256249e-10
-1.6915626e-10
-1.659375e-10
-1.6999999e-10
-1.6412498e-10
-1.6881249e-10
-1.7078124e-10
-1.6621873e-10
-1.684375e-10
-1.6896876e-10
-1.6734375e-10
-1.660625e-10
-1.6931248e-10
-1.689375e-10
-1.6756249e-10
-1.6724998e-10
-1.6984375e-10
-1.6665623e-10
-1.7271876e-10
-1.6868748e-10
-1.6784374e-10
-1.6750001e-10
-1.7003125e-10
-1.6974999e-10
-1.7040624e-10
-1.6787499e-10
-1.7509375e-10
-1.6424997e-10
-1.6809373e-10
-1.733125e-10
-1.6659372e-10
-1.7040624e-10
-1.7071874e-10
-1.6853123e-10
-1.6853126e-10
-1.6709374e-10
-1.6653123e-10
-1.7574998e-10
-1.6243748e-10
-1.6925e-10
-1.7424999e-10
-1.6909375e-10
-1.6765624e-10
-1.6712501e-10
-1.7103123e-10
-1.7359374e-10
-1.6650001e-10
-1.6996873e-10
-1.6809373e-10
-1.6643749e-10
-1.6534374e-10
-1.7443749e-10
-1.6749999e-10
-1.6968751e-10
-1.70125e-10
-1.6512501e-10
-1.6740623e-10
-1.6953124e-10
-1.6209373e-10
-1.6668747e-10
-1.723125e-10
-1.6584373e-10
-1.6471875e-10
-1.7434375e-10
-1.6796875e-10
-1.7253125e-10
-1.6490627e-10
-1.7140625e-10
-1.7168748e-10
-1.67e-10
-1.6331249e-10
-1.7234375e-10
-1.6381249e-10
-1.71375e-10
-1.695e-10
-1.6799998e-10
-1.71375e-10
-1.6534374e-10
-1.6643749e-10
-1.6590623e-10
-1.7118748e-10
-1.68875e-10
-1.6118748e-10
-1.6990623e-10
-1.7087499e-10
-1.6453125e-10
-1.7143749e-10
-1.7124999e-10
-1.6609374e-10
-1.6649999e-10
-1.6993748e-10
-1.629375e-10
-1.7006249e-10
-1.6478127e-10
-1.7128123e-10
-1.6368748e-10
-1.7243748e-10
-1.6734375e-10
-1.7071874e-10
-1.6753124e-10
-1.7243748e-10
-1.63875e-10
-1.7090625e-10
-1.7368749e-10
-1.5874999e-10
-1.6940624e-10
-1.7181251e-10
-1.5971874e-10
-1.710625e-10
-1.6606247e-10
-1.7028123e-10
-1.6749999e-10
-1.6778123e-10
-1.6953125e-10
-1.6359374e-10
-1.6818749e-10
-1.6684375e-10
-1.6853124e-10
-1.7234374e-10
-1.6693749e-10
-1.691875e-10
-1.6700001e-10
-1.7334374e-10
-1.6699998e-10
-1.6334376e-10
-1.6934373e-10
-1.6749999e-10
-1.6974998e-10
-1.7159374e-10
-1.6528122e-10
-1.7143749e-10
-1.6962499e-10
-1.7156249e-10
-1.6728123e-10
-1.7009374e-10
-1.6706249e-10
-1.6643747e-10
-1.720625e-10
-1.6934373e-10
-1.7034375e-10
-1.7059373e-10
-1.6784374e-10
-1.6843749e-10
-1.6812499e-10
-1.7271876e-10
-1.6740623e-10
-1.6599999e-10
-1.7174998e-10
-1.6999999e-10
-1.7374999e-10
-1.6674997e-10
-1.705e-10
-1.7368748e-10
-1.6403126e-10
-1.78125e-10
-1.6768748e-10
-1.6821873e-10
-1.7003124e-10
-1.6378125e-10
-1.7184375e-10
-1.6890624e-10
-1.6824998e-10
-1.6690624e-10
-1.6921875e-10
-1.6812499e-10
-1.6881251e-10
-1.6815624e-10
-1.6696874e-10
-1.72e-10
-1.609375e-10
-1.7443749e-10
-1.7143749e-10
-1.6615624e-10
-1.6828125e-10
-1.6793751e-10
-1.6987499e-10
-1.698125e-10
-1.7071874e-10
-1.6999999e-10
-1.7034373e-10
-1.7259374e-10
-1.6568751e-10
-1.6953125e-10
-1.6881249e-10
-1.6796874e-10
-1.7703125e-10
-1.6978127e-10
-1.6843749e-10
-1.7284374e-10
-1.6721875e-10
-1.7165624e-10
-1.6709374e-10
-1.6953125e-10
-1.6828125e-10
-1.6890625e-10
-1.7371875e-10
-1.6568749e-10
-1.6734376e-10
-1.6837499e-10
-1.7234375e-10
-1.7162499e-10
-1.6999999e-10
-1.7118748e-10
-1.7171874e-10
-1.7162501e-10
-1.6825e-10
-1.7234375e-10
-1.7024999e-10
-1.7349999e-10
-1.7103124e-10
-1.66875e-10
-1.7362498e-10
-1.6787499e-10
-1.6593749e-10
-1.7184373e-10
-1.6943749e-10
-1.6831249e-10
-1.6946873e-10
-1.7174999e-10
-1.7112498e-10
-1.7100001e-10
-1.6371873e-10
-1.7006249e-10
-1.6412499e-10
-1.6796874e-10
-1.7315624e-10
-1.6953125e-10
-1.7003124e-10
-1.6353126e-10
-1.67e-10
-1.6981251e-10
-1.6921875e-10
-1.70125e-10
-1.7109372e-10
-1.7034375e-10
-1.714375e-10
-1.6540626e-10
-1.701875e-10
-1.6778126e-10
-1.6712501e-10
-1.6981248e-10
-1.6624999e-10
-1.6834374e-10
-1.6743748e-10
-1.7209376e-10
-1.7153123e-10
-1.6624999e-10
-1.6384374e-10
-1.6774999e-10
-1.6709376e-10
-1.7318749e-10
-1.6509373e-10
-1.7046872e-10
-1.6512498e-10
-1.67625e-10
-1.7537499e-10
-1.9418749e-10
-2.5375002e-10
-3.5481254e-10
-4.9353127e-10
-6.3178118e-10
-7.480625e-10
-8.6506252e-10
-9.5578134e-10
-1.0490625e-09
-1.1250002e-09
-1.1923752e-09
-1.2492187e-09
-1.2927186e-09
-1.3245626e-09
-1.3472812e-09
-1.3580939e-09
-1.3735313e-09
-1.3642812e-09
-1.3636874e-09
-1.3454688e-09
-1.3352499e-09
-1.3225937e-09
-1.3038127e-09
-1.2846251e-09
-1.2604688e-09
-1.2387187e-09
-1.2125937e-09
-1.1873437e-09
-1.161875e-09
-1.1409375e-09
-1.1118125e-09
-1.0866876e-09
-1.0585937e-09
-1.0326875e-09
-1.0069688e-09
-9.8475006e-10
-9.5828123e-10
-9.3190622e-10
-9.0231245e-10
-8.8284374e-10
-8.6300006e-10
-8.3993756e-10
-8.0943741e-10
-7.9409379e-10
-7.6999995e-10
-7.5287498e-10
-7.2981243e-10
-7.174687e-10
-6.9309369e-10
-6.7375e-10
-6.5968753e-10
-6.4893746e-10
-6.2506245e-10
-6.1468752e-10
-5.9959371e-10
-5.7843746e-10
-5.6906257e-10
-5.5524996e-10
-5.3937504e-10
-5.3037508e-10
-5.1475002e-10
-5.0571869e-10
-4.9356252e-10
-4.7765625e-10
-4.7928128e-10
-4.5696877e-10
-4.5265622e-10
-4.4478118e-10
-4.3393747e-10
-4.2337497e-10
-4.1843751e-10
-4.1162504e-10
-4.0321874e-10
-3.9696876e-10
-3.8868753e-10
-3.8428127e-10
-3.7278128e-10
-3.7390629e-10
-3.6709374e-10
-3.5550002e-10
-3.5921879e-10
-3.4450001e-10
-3.4581246e-10
-3.4096875e-10
-3.3228126e-10
-3.3212499e-10
-3.2793751e-10
-3.2056252e-10
-3.2474998e-10
-3.1237499e-10
-3.1009376e-10
-3.0962499e-10
-3.0749997e-10
-3.0159372e-10
-3.0256248e-10
-2.9521877e-10
-2.9609373e-10
-2.9293751e-10
-2.8884375e-10
-2.878125e-10
-2.8612501e-10
-2.8759373e-10
-2.8012498e-10
-2.7637498e-10
-2.7800004e-10
-2.7434371e-10
-2.7234376e-10
-2.6893751e-10
-2.6684371e-10
-2.6981253e-10
-2.573125e-10
-2.6465624e-10
-2.5843752e-10
-2.579375e-10
-2.6065622e-10
-2.5378127e-10
-2.5478122e-10
-2.5518751e-10
-2.5596875e-10
-2.5243746e-10
-2.4909377e-10
-2.5306252e-10
-2.4340624e-10
-2.4531249e-10
-2.460937e-10
-2.4218752e-10
-2.4165622e-10
-2.4428123e-10
-2.4103122e-10
-2.3681251e-10
-2.3640626e-10
-2.3993746e-10
-2.3493749e-10
-2.3262499e-10
-2.429375e-10
-2.2624999e-10
-2.3549998e-10
-2.3384375e-10
-2.2628124e-10
-2.3315622e-10
-2.3225e-10
-2.2590622e-10
-2.2853124e-10
-2.2290622e-10
-2.3365623e-10
-2.2678123e-10
-2.2687499e-10
-2.2218749e-10
-2.2653127e-10
-2.23875e-10
-2.2287498e-10
-2.2981247e-10
-2.2128124e-10
-2.2146876e-10
-2.2762496e-10
-2.22e-10
-2.245e-10
-2.2384372e-10
-2.1875002e-10
-2.2037498e-10
-2.2218752e-10
-2.1887499e-10
-2.1909377e-10
-2.1906248e-10
-2.1459372e-10
-2.2274997e-10
-2.1618747e-10
-2.1724997e-10
-2.1712498e-10
-2.1628124e-10
-2.2028124e-10
-2.1209375e-10
-2.2118747e-10
-2.1718749e-10
-2.1446873e-10
-2.1828121e-10
-2.1446875e-10
-2.1690624e-10
-2.135625e-10
-2.1234373e-10
-2.1456248e-10
-2.1165625e-10
-2.12e-10
-2.1728123e-10
-2.0878126e-10
-2.1465622e-10
-2.1271876e-10
-2.1650001e-10
-2.0928123e-10
-2.1103122e-10
-2.1881252e-10
-2.1162501e-10
-2.0821873e-10
-2.1396873e-10
-2.1031248e-10
-2.1390625e-10
-2.1143751e-10
-2.0953124e-10
-2.1103123e-10
-2.0787498e-10
-2.1499999e-10
-2.0975e-10
-2.0918749e-10
-2.1353123e-10
-2.1028126e-10
-2.1021873e-10
-2.1221876e-10
-2.0825e-10
-2.1271873e-10
-2.0393751e-10
-2.1246874e-10
-2.0803126e-10
-2.0784374e-10
-2.1628124e-10
-2.0340625e-10
-2.0846877e-10
-2.1028121e-10
-2.0615624e-10
-2.0975e-10
-2.07e-10
-2.0721876e-10
-2.0606253e-10
-2.0803126e-10
-2.0753124e-10
-2.0575001e-10
-2.0499999e-10
-2.0496875e-10
-2.0659374e-10
-2.0696873e-10
-2.0171875e-10
-2.0434374e-10
-2.0128121e-10
-2.0915622e-10
-1.9934374e-10
-2.0212498e-10
-2.0549999e-10
-2.0721876e-10
-2.0315624e-10
-2.0499998e-10
-2.0121874e-10
-2.0018749e-10
-2.0906248e-10
-1.9918749e-10
-2.0481247e-10
-2.0109377e-10
-2.0540622e-10
-2.0462501e-10
-2.0921875e-10
-2.0996875e-10
-2.0743748e-10
-2.0993748e-10
-2.0790625e-10
-2.0346873e-10
-2.0590626e-10
-2.0575e-10
-2.0159374e-10
-2.0834375e-10
-2.0531248e-10
-2.0559374e-10
-2.0546875e-10
-2.0131249e-10
-2.0671875e-10
-2.0643749e-10
-2.0237498e-10
-2.1075e-10
-2.01375e-10
-2.0453124e-10
-2.093125e-10
-1.9703124e-10
-2.0609373e-10
-2.0712501e-10
-1.9637499e-10
-2.0587498e-10
-2.0371875e-10
-1.9931248e-10
-1.99e-10
-1.9903124e-10
-2.0143751e-10
-2.0421878e-10
-1.9637499e-10
-2.0453124e-10
-2.0249999e-10
-2.003125e-10
-1.9634375e-10
-2.0393746e-10
-2.0090625e-10
-2.0121875e-10
-1.9609374e-10
-2.0428126e-10
-1.9984374e-10
-2.0218749e-10
-1.9499999e-10
-2.0465625e-10
-2.0334374e-10
-1.9828121e-10
-2.0209376e-10
-2.0543749e-10
-1.9987498e-10
-2.0624998e-10
-1.9799999e-10
-2.0809374e-10
-1.9215625e-10
-2.0553126e-10
-2.0368751e-10
-1.995e-10
-2.0037498e-10
-2.0240623e-10
-1.9624999e-10
-2.0099999e-10
-2.0456251e-10
-1.9543749e-10
-2.0171875e-10
-2.0015622e-10
-1.9809372e-10
-2.0437499e-10
-1.9831251e-10
-2.0071875e-10
-1.9628124e-10
-2.0612501e-10
-1.9756249e-10
-2.0431248e-10
-1.9778124e-10
-2.0031252e-10
-2.0231253e-10
-1.9878126e-10
-2.0256248e-10
-2.04e-10
-1.9884375e-10
-2.0134375e-10
-1.9349999e-10
-2.0521873e-10
-1.9553123e-10
-2.0546875e-10
-1.9700001e-10
-2.0221876e-10
-2.0253124e-10
-1.9971876e-10
-2.0021876e-10
-1.9809374e-10
-1.9834372e-10
-2.0015622e-10
-1.9471876e-10
-2.0128124e-10
-2.0021873e-10
-1.9584374e-10
-2.0212501e-10
-2.0374999e-10
-2.02625e-10
-1.9703125e-10
-1.9884375e-10
-2.0390623e-10
-1.9818749e-10
-2.0390625e-10
-2.0337498e-10
-1.9234374e-10
-2.0278124e-10
-1.9668749e-10
-2.0159374e-10
-1.9659374e-10
-1.9859374e-10
-1.9693751e-10
-2.0162501e-10
-1.9740624e-10
-2.0253124e-10
-1.9696877e-10
-2.0303123e-10
-2.0153126e-10
-1.9978126e-10
-2.0212501e-10
-1.9631248e-10
-2.0768749e-10
-1.9015625e-10
-2.0053126e-10
-2.0043749e-10
-1.9849999e-10
-2.0390623e-10
-1.9756249e-10
-1.9831248e-10
-2.0143751e-10
-2.005625e-10
-1.9934376e-10
-2.0424998e-10
-1.9999999e-10
-2.0553122e-10
-2.0381248e-10
-2.0009375e-10
-1.99375e-10
-1.9943749e-10
-2.0140625e-10
-2.0174998e-10
-1.9671875e-10
-1.9890625e-10
-2.0071875e-10
-2.04e-10
-1.9696875e-10
-1.9931248e-10
-2.0146873e-10
-1.935625e-10
-1.9875002e-10
-2.0234374e-10
-2.0362501e-10
-1.9937499e-10
-1.926875e-10
-1.9781247e-10
-2.005625e-10
-1.9674999e-10
-2.0284377e-10
-1.9881248e-10
-1.9574997e-10
-1.9562499e-10
-1.9821873e-10
-1.9768749e-10
-1.9568749e-10
-1.9753124e-10
-1.9596873e-10
-1.9621875e-10
-1.9590625e-10
-1.9662501e-10
-1.9634375e-10
-1.9459372e-10
-1.9843752e-10
-1.9862498e-10
-1.9628124e-10
-1.9956251e-10
-1.9590625e-10
-1.973125e-10
-1.9790622e-10
-2.0174998e-10
-1.9762499e-10
-2.0762499e-10
-2.0153124e-10
-1.9924999e-10
-2.0012499e-10
-1.9718752e-10
-2.0434372e-10
-1.9668747e-10
-1.9937499e-10
-2.0396873e-10
-2.0362501e-10
-1.9993751e-10
-1.9862501e-10
-2.0359374e-10
-1.9646876e-10
-1.9790625e-10
-2.0231247e-10
-2.04e-10
-2.0224999e-10
-1.9893751e-10
-2.0325001e-10
-1.9915625e-10
-2.065e-10
-1.9984374e-10
-1.9784377e-10
-1.9981247e-10
-2.0025001e-10
-2.015625e-10
-2.0162501e-10
-1.9993748e-10
-2.0153124e-10
-1.9962498e-10
-1.9909374e-10
-1.9896873e-10
-1.9859374e-10
-2.0253121e-10
-1.9834374e-10
-2.0025e-10
-1.993125e-10
-2.0118751e-10
-1.9631249e-10
-2.0081251e-10
-2.0146876e-10
-1.9956248e-10
-1.9881249e-10
-1.9837498e-10
-1.9981247e-10
-1.9568749e-10
-2.0165622e-10
-1.9787498e-10
-1.9724999e-10
-1.9871874e-10
-1.9487498e-10
-1.965e-10
-2.018125e-10
-1.9712498e-10
-1.9578124e-10
-1.9893751e-10
-1.9590625e-10
-1.9424999e-10
-1.9481247e-10
-1.9696875e-10
-1.9396873e-10
-1.9534374e-10
-1.990625e-10
-1.9574997e-10
-1.9468746e-10
-2.0012499e-10
-1.978125e-10
-1.9771876e-10
-1.9893751e-10
-1.9243747e-10
-1.9874997e-10
-1.9756249e-10
-2.0009375e-10
-1.9224997e-10
-2.0224997e-10
-1.9821873e-10
-1.9140625e-10
-1.9865623e-10
-2.0099999e-10
-1.93625e-10
-2.0278124e-10
-1.9328124e-10
-1.9262499e-10
-1.9803123e-10
-1.9665627e-10
-1.9284374e-10
-1.9799999e-10
-1.9625002e-10
-1.9515625e-10
-1.9728122e-10
-1.93875e-10
-2.0299999e-10
-1.9293749e-10
-1.9284374e-10
-1.9890625e-10
-1.9459372e-10
-1.9118747e-10
-2.0306248e-10
-1.890625e-10
-1.990625e-10
-1.9368747e-10
-1.8762498e-10
-2.028125e-10
-1.9771876e-10
-1.9959374e-10
-1.8943749e-10
-1.9868751e-10
-1.9528124e-10
-1.9878126e-10
-1.9499999e-10
-1.9374999e-10
-1.9624997e-10
-1.960625e-10
-1.8959374e-10
-1.9265625e-10
-1.9631249e-10
-1.8971873e-10
-1.9431248e-10
-1.9684374e-10
-1.9734374e-10
-1.9234377e-10
-1.9978123e-10
-1.9224999e-10
-1.9118751e-10
-1.9259376e-10
-1.9459374e-10
-1.9459374e-10
-1.9478123e-10
-1.9109374e-10
-1.9437503e-10
-1.9621875e-10
-1.9187499e-10
-2.0156248e-10
-1.9156247e-10
-1.9390625e-10
-1.9509375e-10
-1.9099997e-10
-1.9396876e-10
-1.9362498e-10
-1.9862498e-10
-1.8825e-10
-1.9468746e-10
-1.9437499e-10
-1.9384376e-10
-1.89375e-10
-1.9218749e-10
-1.9359374e-10
-1.9496875e-10
-1.9318747e-10
-1.9265625e-10
-1.9837498e-10
-1.9528124e-10
-1.939687e-10
-1.9049999e-10
-1.8812499e-10
-1.93625e-10
-1.9381248e-10
-1.9265625e-10
-1.8740624e-10
-1.9221873e-10
-1.9706251e-10
-1.8940624e-10
-1.9293749e-10
-1.915625e-10
-1.9325001e-10
-1.92625e-10
-1.9931248e-10
-1.9262499e-10
-1.9165625e-10
-1.8874999e-10
-1.9284371e-10
-1.9600002e-10
-1.9118748e-10
-1.8787498e-10
-1.9312499e-10
-1.9490623e-10
-1.9253124e-10
-1.8984377e-10
-1.9231247e-10
-1.8865627e-10
-1.9549999e-10
-1.9315623e-10
-1.9065624e-10
-1.9521873e-10
-1.9275e-10
-1.92375e-10
-1.9456248e-10
-1.9215625e-10
-1.9628124e-10
-1.9424999e-10
-1.8953125e-10
-1.8853123e-10
-1.9315623e-10
-1.9012499e-10
-1.9593749e-10
-1.9153126e-10
-1.9440623e-10
-1.9343749e-10
-1.9325e-10
-1.9134375e-10
-1.9381249e-10
-1.9103123e-10
-1.9359374e-10
-1.9093752e-10
-1.8987498e-10
-1.9553126e-10
-1.8409374e-10
-1.9924999e-10
-1.9309374e-10
-1.8749999e-10
-1.9528126e-10
-1.8978123e-10
-1.895625e-10
-1.928125e-10
-1.9543749e-10
-1.8978126e-10
-1.9765622e-10
-1.9040622e-10
-1.9243748e-10
-1.9365623e-10
-1.8775e-10
-1.9771876e-10
-1.9025e-10
-1.9718749e-10
-1.8996874e-10
-1.9559374e-10
-1.9315624e-10
-1.9537498e-10
-1.9550002e-10
-1.8912501e-10
-1.9062499e-10
-1.9390622e-10
-1.8665622e-10
-1.9796872e-10
-1.8718749e-10
-1.9321875e-10
-1.9137499e-10
-1.9146873e-10
-1.953125e-10
-1.8990623e-10
-1.8493747e-10
-1.9359372e-10
-1.8999999e-10
-1.8874999e-10
-1.9040625e-10
-1.9087501e-10
-1.9078124e-10
-1.9031247e-10
-1.9306248e-10
-1.8928126e-10
-1.8987498e-10
-1.9453124e-10
-1.9299999e-10
-1.9174999e-10
-1.9574997e-10
-1.92375e-10
-1.9343749e-10
-1.9593752e-10
-1.9228123e-10
-1.9640625e-10
-1.9109374e-10
-1.9753126e-10
-1.9190624e-10
-1.9440623e-10
-1.9365623e-10
-1.95625e-10
-1.9496875e-10
-1.8843752e-10
-1.9075e-10
-1.9028124e-10
-1.9384375e-10
-1.9084374e-10
-1.9565624e-10
-1.8506249e-10
-1.8893749e-10
-1.9440624e-10
-1.8521874e-10
-1.9353126e-10
-1.8915622e-10
-1.8624999e-10
-1.9440624e-10
-1.8874999e-10
-1.926875e-10
-1.930625e-10
-1.8465623e-10
-1.9893749e-10
-1.8299999e-10
-1.9224999e-10
-1.9215626e-10
-1.8668748e-10
-1.9081248e-10
-1.9103126e-10
-1.8921875e-10
-1.8709374e-10
-1.9190624e-10
-1.93625e-10
-1.9184374e-10
-1.9271873e-10
-1.9421872e-10
-1.9299999e-10
-1.8762498e-10
-1.9462498e-10
-1.9378125e-10
-1.8809376e-10
-1.9359372e-10
-1.9615624e-10
-1.8690623e-10
-1.9153124e-10
-1.9003124e-10
-1.905625e-10
-1.8756249e-10
-1.9418749e-10
-1.8843749e-10
-1.8918749e-10
-1.935625e-10
-1.895e-10
-1.9268749e-10
-1.9528126e-10
-1.9406252e-10
-1.8596875e-10
-1.9831248e-10
-1.839375e-10
-1.96375e-10
-1.8846875e-10
-1.9456248e-10
-1.9193751e-10
-1.960625e-10
-1.8793751e-10
-1.9275e-10
-1.9099999e-10
-1.8940623e-10
-1.91375e-10
-1.9115624e-10
-1.9434374e-10
-1.9065623e-10
-1.8846873e-10
-1.9631249e-10
-1.895e-10
-1.8796875e-10
-1.9496875e-10
-1.940625e-10
-1.9487501e-10
-1.9096875e-10
-1.9184374e-10
-1.8753124e-10
-1.9546872e-10
-1.889375e-10
-1.8834374e-10
-1.9384375e-10
-1.9881248e-10
-1.89875e-10
-1.9712498e-10
-1.9081248e-10
-1.9346873e-10
-1.8928123e-10
-1.9356247e-10
-1.9115624e-10
-1.9281247e-10
-1.9453124e-10
-1.9859377e-10
-1.90625e-10
-1.9437499e-10
-1.9190623e-10
-1.9615624e-10
-1.8787498e-10
-1.9171872e-10
-1.9349999e-10
-1.9584376e-10
-1.9096875e-10
-1.9378124e-10
-1.8821875e-10
-1.9449997e-10
-1.9712496e-10
-1.8825e-10
-1.8724997e-10
-1.8928126e-10
-1.9249999e-10
-1.8996875e-10
-1.8918749e-10
-1.8331249e-10
-1.9499999e-10
-1.8462497e-10
-1.8999997e-10
-1.8909374e-10
-1.8765627e-10
-1.895625e-10
-1.8787501e-10
-1.9140625e-10
-1.8734374e-10
-1.8862498e-10
-1.9184376e-10
-1.9046875e-10
-1.9337498e-10
-1.8937499e-10
-1.9378125e-10
-1.8740624e-10
-1.9537498e-10
-1.9493748e-10
-1.9681248e-10
-1.9093752e-10
-1.9296875e-10
-1.9249999e-10
-1.8762498e-10
-1.9278126e-10
-1.93875e-10
-1.8840625e-10
-1.9500002e-10
-1.8790625e-10
-1.9615623e-10
-1.9384375e-10
-1.9346875e-10
-1.9137499e-10
-1.9715626e-10
-1.9193751e-10
-1.960625e-10
-1.9087498e-10
-1.9337502e-10
-1.9400001e-10
-1.8803123e-10
-1.928125e-10
-1.9250002e-10
-1.9374999e-10
-1.8834376e-10
-1.9465626e-10
-1.873125e-10
-1.9184374e-10
-1.8806248e-10
-1.9037501e-10
-1.9293751e-10
-1.8846873e-10
-1.901875e-10
-1.92625e-10
-1.9193749e-10
-1.9034374e-10
-1.8724997e-10
-1.9178123e-10
-1.9243748e-10
-1.9099999e-10
-1.9153124e-10
-1.9624999e-10
-1.9156247e-10
-1.8859374e-10
-2.0050002e-10
-1.9093752e-10
-1.9246874e-10
-1.933125e-10
-1.9093752e-10
-1.8796872e-10
-1.9599999e-10
-1.9109374e-10
-1.9609377e-10
-1.9465622e-10
-1.9384372e-10
-1.9596873e-10
-1.9393749e-10
-1.9506252e-10
-1.8934374e-10
-1.90625e-10
-1.8990623e-10
-1.9896873e-10
-1.8709374e-10
-1.9665625e-10
-1.8937499e-10
-1.9181248e-10
-1.9171872e-10
-1.9159377e-10
-1.9037498e-10
-1.9153124e-10
-1.945625e-10
-1.8546875e-10
-1.9424999e-10
-1.8515625e-10
-1.9296875e-10
-1.8796875e-10
-1.9134375e-10
-1.8624999e-10
-1.9424999e-10
-1.8478125e-10
-1.8668748e-10
-1.9068749e-10
-1.833125e-10
-1.8796875e-10
-1.9109372e-10
-1.885625e-10
-1.8775e-10
-1.8593749e-10
-1.8968749e-10
-1.8899997e-10
-1.8918749e-10
-1.8775e-10
-1.8978123e-10
-1.8918751e-10
-1.8903126e-10
-1.8825e-10
-1.8868747e-10
-1.8937499e-10
-1.8531249e-10
-1.8709374e-10
-1.8787498e-10
-1.8862498e-10
-1.8990624e-10
-1.8793749e-10
-1.9253124e-10
-1.8381252e-10
-1.8621875e-10
-1.8709374e-10
-1.8609375e-10
-1.865625e-10
-1.8625e-10
-1.9049999e-10
-1.8637498e-10
-1.85125e-10
-1.870625e-10
-1.9503126e-10
-1.8590625e-10
-1.8621873e-10
-1.9118748e-10
-1.88125e-10
-1.89375e-10
-1.8946875e-10
-1.8718749e-10
-1.9528126e-10
-1.9193749e-10
-1.9009375e-10
-1.8621875e-10
-1.920625e-10
-1.8662501e-10
-1.8471874e-10
-1.905625e-10
-1.8896876e-10
-1.898125e-10
-1.8871875e-10
-1.9159374e-10
-1.9153124e-10
-1.8549998e-10
-1.8787501e-10
-1.9321875e-10
-1.8943751e-10
-1.8999999e-10
-1.92625e-10
-1.898125e-10
-1.815625e-10
-1.8796875e-10
-1.9049999e-10
-1.8596874e-10
-1.8506247e-10
-1.8799999e-10
-1.8665625e-10
-1.8690624e-10
-1.8953125e-10
-1.8690623e-10
-1.8578122e-10
-1.8578125e-10
-1.8765627e-10
-1.8728123e-10
-1.8396876e-10
-1.9124997e-10
-1.8490624e-10
-1.8306248e-10
-1.8162501e-10
-1.8990624e-10
-1.83e-10
-1.8712498e-10
-1.8746873e-10
-1.8171874e-10
-1.8678126e-10
-1.8634375e-10
-1.8515625e-10
-1.8437499e-10
-1.8709374e-10
-1.8653126e-10
-1.8496873e-10
-1.8312497e-10
-1.8406249e-10
-1.85e-10
-1.8693751e-10
-1.8006248e-10
-1.8674998e-10
-1.8887499e-10
-1.846875e-10
-1.8815624e-10
-1.8546872e-10
-1.80125e-10
-1.8424999e-10
-1.8643749e-10
-1.8312499e-10
-1.8465623e-10
-1.7962498e-10
-1.9156247e-10
-1.8034375e-10
-1.8456249e-10
-1.9168749e-10
-1.8253125e-10
-1.8453125e-10
-1.8381249e-10
-1.8803126e-10
-1.8534377e-10
-1.8796872e-10
-1.8971873e-10
-1.8678123e-10
-1.8740624e-10
-1.9037498e-10
-1.8487499e-10
-1.90125e-10
-1.859375e-10
-1.8537499e-10
-1.8946875e-10
-1.8753124e-10
-1.8884372e-10
-1.8778126e-10
-1.8837498e-10
-1.8643749e-10
-1.8765622e-10
-1.8374999e-10
-1.873125e-10
-1.8537498e-10
-1.8743748e-10
-1.8978123e-10
-1.814375e-10
-1.8715625e-10
-1.8009375e-10
-1.8284373e-10
-1.8640622e-10
-1.8578125e-10
-1.8193749e-10
-1.8678126e-10
-1.876875e-10
-1.7953125e-10
-1.8740624e-10
-1.8365626e-10
-1.8337498e-10
-1.8378124e-10
-1.8756249e-10
-1.8046872e-10
-1.8971875e-10
-1.8531252e-10
-1.8484372e-10
-1.8424998e-10
-1.8381251e-10
-1.8521874e-10
-1.8390622e-10
-1.8259376e-10
-1.8771876e-10
-1.8115623e-10
-1.8609375e-10
-1.845625e-10
-1.8484374e-10
-1.8590623e-10
-1.8231248e-10
-1.8415625e-10
-1.8325e-10
-1.8828125e-10
-1.8340623e-10
-1.8481248e-10
-1.8274998e-10
-1.853125e-10
-1.8462498e-10
-1.8412498e-10
-1.829375e-10
-1.8290625e-10
-1.820625e-10
-1.8628124e-10
-1.8303123e-10
-1.7815624e-10
-1.8862498e-10
-1.8096874e-10
-1.8134375e-10
-1.8796872e-10
-1.8590623e-10
-1.8387498e-10
-1.8287499e-10
-1.8587501e-10
-1.8159374e-10
-1.8843749e-10
-1.8037501e-10
-1.8225002e-10
-1.889375e-10
-1.8315624e-10
-1.8403125e-10
-1.7984375e-10
-1.8503124e-10
-1.851875e-10
-1.8353123e-10
-1.8184373e-10
-1.870625e-10
-1.8503124e-10
-1.7859372e-10
-1.7834371e-10
-1.8562497e-10
-1.8403125e-10
-1.7796874e-10
-1.801875e-10
-1.8159374e-10
-1.8165623e-10
-1.8271876e-10
-1.8840625e-10
-1.7693749e-10
-1.8403126e-10
-1.8634375e-10
-1.8112499e-10
-1.8475001e-10
-1.8234372e-10
-1.82125e-10
-1.8331249e-10
-1.8534375e-10
-1.8971873e-10
-1.8443749e-10
-1.8381249e-10
-1.8575001e-10
-1.83e-10
-1.8371873e-10
-1.8471877e-10
-1.8378125e-10
-1.8037498e-10
-1.8990627e-10
-1.8196875e-10
-1.790625e-10
-1.851875e-10
-1.843125e-10
-1.8400001e-10
-1.8318749e-10
-1.8793749e-10
-1.816875e-10
-1.8706248e-10
-1.8290625e-10
-1.8843749e-10
-1.7834376e-10
-1.8640622e-10
-1.7840626e-10
-1.8412499e-10
-1.82375e-10
-1.7934376e-10
-1.8668748e-10
-1.8481248e-10
-1.8753124e-10
-1.8568749e-10
-1.8603126e-10
-1.8534374e-10
-1.8084374e-10
-1.78875e-10
-1.8396873e-10
-1.8203124e-10
-1.7843749e-10
-1.8575e-10
-1.8384375e-10
-1.8437499e-10
-1.8159377e-10
-1.8534375e-10
-1.8374999e-10
-1.7959376e-10
-1.8793749e-10
-1.8315623e-10
-1.8196875e-10
-1.8328125e-10
-1.8693749e-10
-1.8215625e-10
-1.8440624e-10
-1.8003124e-10
-1.8221875e-10
-1.7999997e-10
-1.8312499e-10
-1.8462501e-10
-1.8003125e-10
-1.790625e-10
-1.7815624e-10
-1.8209372e-10
-1.8056248e-10
-1.8596874e-10
-1.79e-10
-1.8403123e-10
-1.8203125e-10
-1.7834376e-10
-1.8106248e-10
-1.8484375e-10
-1.7715623e-10
-1.8215623e-10
-1.8090626e-10
-1.828125e-10
-1.8390627e-10
-1.8459373e-10
-1.8162499e-10
-1.7825e-10
-1.8181248e-10
-1.84625e-10
-1.8265624e-10
-1.8118748e-10
-1.7699998e-10
-1.7912501e-10
-1.8499999e-10
-1.7809375e-10
-1.8325e-10
-1.8315623e-10
-1.830625e-10
-1.7874999e-10
-1.8231247e-10
-1.801875e-10
-1.768125e-10
-1.8390624e-10
-1.8149998e-10
-1.8168748e-10
-1.8518752e-10
-1.808125e-10
-1.8409375e-10
-1.8468749e-10
-1.7443749e-10
-1.8606248e-10
-1.8290626e-10
-1.8646876e-10
-1.7728123e-10
-1.8490623e-10
-1.7837498e-10
-1.8218749e-10
-1.8300002e-10
-1.82125e-10
-1.7987499e-10
-1.8884372e-10
-1.8362498e-10
-1.7828122e-10
-1.8762498e-10
-1.8178126e-10
-1.8412499e-10
-1.8803123e-10
-1.8590625e-10
-1.7843751e-10
-1.8759375e-10
-1.8190624e-10
-1.8196875e-10
-1.880625e-10
-1.8093749e-10
-1.8537498e-10
-1.7912499e-10
-1.8312497e-10
-1.8303123e-10
-1.8403123e-10
-1.840625e-10
-1.8034374e-10
-1.8862498e-10
-1.8278126e-10
-1.8678126e-10
-1.815625e-10
-1.8662501e-10
-1.8374999e-10
-1.7909375e-10
-1.8234374e-10
-1.8109374e-10
-1.77125e-10
-1.8053123e-10
-1.7818749e-10
-1.81375e-10
-1.7978123e-10
-1.7709374e-10
-1.814375e-10
-1.7896874e-10
-1.8256249e-10
-1.8424999e-10
-1.8040623e-10
-1.77e-10
-1.814375e-10
-1.8146876e-10
-1.8296875e-10
-1.8365626e-10
-1.7625e-10
-1.8187499e-10
-1.7718749e-10
-1.755625e-10
-1.7771873e-10
-1.8031249e-10
-1.8325e-10
-1.7906249e-10
-1.8103125e-10
-1.7590623e-10
-1.8203125e-10
-1.8234378e-10
-1.7903125e-10
-1.8331249e-10
-1.7749997e-10
-1.8025001e-10
-1.8034373e-10
-1.7831249e-10
-1.8174999e-10
-1.8196873e-10
-1.786875e-10
-1.7940624e-10
-1.8162499e-10
-1.8315623e-10
-1.7940623e-10
-1.8206249e-10
-1.8034377e-10
-1.8034374e-10
-1.780625e-10
-1.8912498e-10
-1.7590625e-10
-1.7928123e-10
-1.816875e-10
-1.805e-10
-1.80125e-10
-1.84625e-10
-1.82375e-10
-1.8509375e-10
-1.7971874e-10
-1.7665625e-10
-1.8912501e-10
-1.7615624e-10
-1.8215625e-10
-1.8043748e-10
-1.7884373e-10
-1.7840623e-10
-1.8187499e-10
-1.8306248e-10
-1.8028126e-10
-1.7693749e-10
-1.7653125e-10
-1.7809373e-10
-1.8546872e-10
-1.7746872e-10
-1.8321875e-10
-1.8199998e-10
-1.75125e-10
-1.8037498e-10
-1.8293747e-10
-1.8378124e-10
-1.8184375e-10
-1.7753124e-10
-1.8459377e-10
-1.8453122e-10
-1.7831252e-10
-1.7649998e-10
-1.8143748e-10
-1.8621875e-10
-1.8175e-10
-1.8190625e-10
-1.8678123e-10
-1.7209373e-10
-1.8246873e-10
-1.8209376e-10
-1.8028123e-10
-1.840625e-10
-1.8062499e-10
-1.8424998e-10
-1.7843749e-10
-1.8471874e-10
-1.8381249e-10
-1.7806254e-10
-1.7903125e-10
-1.8259375e-10
-1.7440624e-10
-1.8106247e-10
-1.8249999e-10
-1.7568748e-10
-1.7437499e-10
-1.8734374e-10
-1.7912499e-10
-1.80875e-10
-1.7718749e-10
-1.8146873e-10
-1.758125e-10
-1.7646874e-10
-1.7874999e-10
-1.7568749e-10
-1.8009373e-10
-1.7675e-10
-1.7721874e-10
-1.7937499e-10
-1.855e-10
-1.7778125e-10
-1.7428124e-10
-1.8059373e-10
-1.7665625e-10
-1.7346874e-10
-1.7896876e-10
-1.7621873e-10
-1.7559373e-10
-1.805e-10
-1.7984372e-10
-1.81375e-10
-1.779375e-10
-1.745e-10
-1.8162501e-10
-1.7806248e-10
-1.8190624e-10
-1.7753125e-10
-1.8234374e-10
-1.8453125e-10
-1.7803124e-10
-1.8503124e-10
-1.8356247e-10
-1.7774998e-10
-1.8437499e-10
-1.7443749e-10
-1.7871875e-10
-1.861875e-10
-1.7865624e-10
-1.8284374e-10
-1.7965625e-10
-1.7784374e-10
-1.8068751e-10
-1.7871875e-10
-1.7371875e-10
-1.8075e-10
-1.8171875e-10
-1.7628124e-10
-1.8565625e-10
-1.7634373e-10
-1.8062499e-10
-1.8034374e-10
-1.834375e-10
-1.7609374e-10
-1.7759373e-10
-1.8374999e-10
-1.7590623e-10
-1.7987499e-10
-1.8165622e-10
-1.7965622e-10
-1.8249999e-10
-1.814375e-10
-1.8309375e-10
-1.7721875e-10
-1.82125e-10
-1.8662498e-10
-1.7409374e-10
-1.8356248e-10
-1.7909374e-10
-1.8096873e-10
-1.8334374e-10
-1.7968749e-10
-1.8078124e-10
-1.8081249e-10
-1.7953124e-10
-1.793125e-10
-1.820625e-10
-1.7312499e-10
-1.8406247e-10
-1.7846875e-10
-1.7328125e-10
-1.8528125e-10
-1.7943749e-10
-1.7562499e-10
-1.761875e-10
-1.7540625e-10
-1.7912501e-10
-1.7581248e-10
-1.7803123e-10
-1.8075e-10
-1.8031249e-10
-1.7231248e-10
-1.8118748e-10
-1.7753121e-10
-1.791875e-10
-1.7425e-10
-1.8121873e-10
-1.8015624e-10
-1.7315624e-10
-1.7975001e-10
-1.8178123e-10
-1.735625e-10
-1.8071875e-10
-1.7134374e-10
-1.7299999e-10
-1.8187499e-10
-1.7593749e-10
-1.7871875e-10
-1.76375e-10
-1.7631249e-10
-1.7631249e-10
-1.8006249e-10
-1.7446875e-10
-1.7921875e-10
-1.7696875e-10
-1.8346874e-10
-1.7515624e-10
-1.8156249e-10
-1.7924999e-10
-1.7559373e-10
-1.7971877e-10
-1.7584374e-10
-1.7890625e-10
-1.7690625e-10
-1.7503124e-10
-1.8068749e-10
-1.7662499e-10
-1.7837498e-10
-1.7565625e-10
-1.7575e-10
-1.7984376e-10
-1.7931248e-10
-1.7609374e-10
-1.7756249e-10
-1.7403126e-10
-1.8078125e-10
-1.7209374e-10
-1.8049999e-10
-1.7593749e-10
-1.7321874e-10
-1.7559375e-10
-1.809375e-10
-1.7584374e-10
-1.7531247e-10
-1.7440625e-10
-1.79875e-10
-1.7609374e-10
-1.785625e-10
-1.73875e-10
-1.7968749e-10
-1.7825e-10
-1.7312499e-10
-1.765e-10
-1.7903123e-10
-1.7481247e-10
-1.8112502e-10
-1.7468747e-10
-1.7865623e-10
-1.6959376e-10
-1.7703122e-10
-1.75125e-10
-1.7465626e-10
-1.779375e-10
-1.7653125e-10
-1.7465625e-10
-1.799375e-10
-1.8093749e-10
-1.7421875e-10
-1.7787499e-10
-1.7303124e-10
-1.82e-10
-1.78e-10
-1.7253124e-10
-1.7746875e-10
-1.8249999e-10
-1.7318749e-10
-1.7975002e-10
-1.7134373e-10
-1.8134375e-10
-1.7437501e-10
-1.7575e-10
-1.726875e-10
-1.7915626e-10
-1.8021876e-10
-1.8006251e-10
-1.7409375e-10
-1.798125e-10
-1.8218752e-10
-1.7724996e-10
-1.8043747e-10
-1.74875e-10
-1.7374997e-10
-1.7653123e-10
-1.7881248e-10
-1.799375e-10
-1.7515625e-10
-1.7781249e-10
-1.80875e-10
-1.7668748e-10
-1.7475001e-10
-1.8121875e-10
-1.7684373e-10
-1.805e-10
-1.7575e-10
-1.8212498e-10
-1.7590623e-10
-1.7503123e-10
-1.789375e-10
-1.7931248e-10
-1.7628124e-10
-1.7953125e-10
-1.7275001e-10
-1.768125e-10
-1.7356248e-10
-1.7875001e-10
-1.8334374e-10
-1.7021876e-10
-1.7978125e-10
-1.7059373e-10
-1.7612498e-10
-1.7534375e-10
-1.6990623e-10
-1.7659377e-10
-1.7496875e-10
-1.7068749e-10
-1.7449998e-10
-1.74875e-10
-1.7453122e-10
-1.7693749e-10
-1.7365623e-10
-1.818125e-10
-1.7474999e-10
-1.7181248e-10
-1.758125e-10
-1.765e-10
-1.7559373e-10
-1.7559373e-10
-1.7990623e-10
-1.7578125e-10
-1.7821875e-10
-1.741875e-10
-1.8318751e-10
-1.7303123e-10
-1.785625e-10
-1.7309375e-10
-1.8171878e-10
-1.7721874e-10
-1.7415626e-10
-1.7565623e-10
-1.7993747e-10
-1.7809375e-10
-1.75e-10
-1.7631248e-10
-1.7553123e-10
-1.7634375e-10
-1.7453125e-10
-1.8065624e-10
-1.7318749e-10
-1.7796875e-10
-1.7528126e-10
-1.7365627e-10
-1.771875e-10
-1.818125e-10
-1.7325e-10
-1.7743751e-10
-1.760625e-10
-1.790625e-10
-1.758125e-10
-1.7575e-10
-1.7968749e-10
-1.7221875e-10
-1.7634375e-10
-1.8012497e-10
-1.7634375e-10
-1.7362502e-10
-1.7709376e-10
-1.7584373e-10
-1.751875e-10
-1.7693749e-10
-1.7481248e-10
-1.7621875e-10
-1.7487499e-10
-1.7790623e-10
-1.7537496e-10
-1.7850001e-10
-1.7603126e-10
-1.7371875e-10
-1.8099998e-10
-1.7943748e-10
-1.7484374e-10
-1.7749997e-10
-1.7725001e-10
-1.7840622e-10
-1.7890622e-10
-1.7337497e-10
-1.8240624e-10
-1.7665625e-10
-1.7312499e-10
-1.7915622e-10
-1.78e-10
-1.7328125e-10
-1.7846874e-10
-1.771875e-10
-1.7756249e-10
-1.7859372e-10
-1.73875e-10
-1.7790626e-10
-1.7471874e-10
-1.7753124e-10
-1.6990623e-10
-1.7756249e-10
-1.7659375e-10
-1.7749999e-10
-1.6915623e-10
-1.7434375e-10
-1.7465625e-10
-1.7259374e-10
-1.7749999e-10
-1.745e-10
-1.78125e-10
-1.6931249e-10
-1.7396874e-10
-1.7518749e-10
-1.7149998e-10
-1.7818749e-10
-1.7678123e-10
-1.7678123e-10
-1.8071873e-10
-1.7493748e-10
-1.7299999e-10
-1.77625e-10
-1.8412498e-10
-1.7212498e-10
-1.7621875e-10
-1.7503124e-10
-1.7484375e-10
-1.79e-10
-1.7362499e-10
-1.7549999e-10
-1.7134376e-10
-1.799375e-10
-1.676875e-10
-1.7756249e-10
-1.75125e-10
-1.7918751e-10
-1.7631249e-10
-1.7406247e-10
-1.746875e-10
-1.8131249e-10
-1.7212499e-10
-1.751875e-10
-1.7821875e-10
-1.7049999e-10
-1.7237499e-10
-1.7934375e-10
-1.6662501e-10
-1.7903125e-10
-1.7574998e-10
-1.7862499e-10
-1.7415623e-10
-1.6878124e-10
-1.7534375e-10
-1.7474999e-10
-1.764375e-10
-1.7162499e-10
-1.7771874e-10
-1.7628125e-10
-1.7409374e-10
-1.7625e-10
-1.7671874e-10
-1.7184373e-10
-1.7946875e-10
-1.7128124e-10
-1.7640625e-10
-1.7921872e-10
-1.7378125e-10
-1.7237498e-10
-1.8190624e-10
-1.6965626e-10
-1.824375e-10
-1.698125e-10
-1.7265625e-10
-1.8021874e-10
-1.7615623e-10
-1.7878124e-10
-1.7578125e-10
-1.7499999e-10
-1.7884375e-10
-1.7406249e-10
-1.7321874e-10
-1.7584376e-10
-1.7178123e-10
-1.7515625e-10
-1.7859374e-10
-1.7215625e-10
-1.7606248e-10
-1.7403125e-10
-1.733125e-10
-1.7853123e-10
-1.7387498e-10
-1.7721873e-10
-1.714375e-10
-1.7443749e-10
-1.7546875e-10
-1.7765625e-10
-1.7349999e-10
-1.765625e-10
-1.7509376e-10
-1.7378124e-10
-1.7121876e-10
-1.7671874e-10
-1.7090626e-10
-1.7549999e-10
-1.6890624e-10
-1.7256249e-10
-1.7665623e-10
-1.6753124e-10
-1.7415623e-10
-1.7537499e-10
-1.7203124e-10
-1.7649997e-10
-1.74625e-10
-1.6953125e-10
-1.7959373e-10
-1.7103123e-10
-1.791875e-10
-1.7340625e-10
-1.7065624e-10
-1.7146876e-10
-1.7774997e-10
-1.716875e-10
-1.7284377e-10
-1.753125e-10
-1.7124999e-10
-1.72625e-10
-1.78875e-10
-1.7118751e-10
-1.7756249e-10
-1.7209374e-10
-1.7600001e-10
-1.7174998e-10
-1.8046875e-10
-1.7359374e-10
-1.6899998e-10
-1.7753124e-10
-1.7421874e-10
-1.7403123e-10
-1.7378124e-10
-1.7368749e-10
-1.7312499e-10
-1.7337501e-10
-1.6937499e-10
-1.7728123e-10
-1.7915626e-10
-1.7678126e-10
-1.7065624e-10
-1.8143752e-10
-1.6696874e-10
-1.7693751e-10
-1.7818748e-10
-1.7900001e-10
-1.7365623e-10
-1.7743748e-10
-1.7584373e-10
-1.7559375e-10
-1.7403126e-10
-1.7500001e-10
-1.8231248e-10
-1.7306248e-10
-1.753125e-10
-1.7765624e-10
-1.7615624e-10
-1.760625e-10
-1.7846871e-10
-1.7874999e-10
-1.793125e-10
-1.7628124e-10
-1.7437499e-10
-1.7790626e-10
-1.801875e-10
-1.7184373e-10
-1.8156249e-10
-1.7387497e-10
-1.7409374e-10
-1.8165623e-10
-1.7412501e-10
-1.7715622e-10
-1.7978126e-10
-1.7187499e-10
-1.8150001e-10
-1.7203125e-10
-1.809375e-10
-1.7328125e-10
-1.7225001e-10
-1.7403125e-10
-1.7865624e-10
-1.7434373e-10
-1.7268749e-10
-1.7815624e-10
-1.7149998e-10
-1.7631249e-10
-1.7331248e-10
-1.7478125e-10
-1.7915626e-10
-1.7284375e-10
-1.7559375e-10
-1.76375e-10
-1.7487499e-10
-1.7156249e-10
-1.8059373e-10
-1.7396874e-10
-1.7337498e-10
-1.7409374e-10
-1.7306249e-10
-1.80875e-10
-1.7134374e-10
-1.7793748e-10
-1.7318749e-10
-1.7771876e-10
-1.7971874e-10
-1.7606251e-10
-1.7631249e-10
-1.7040626e-10
-1.8537499e-10
-1.6846874e-10
-1.82e-10
-1.7424999e-10
-1.7471875e-10
-1.7562499e-10
-1.7446875e-10
-1.7428123e-10
-1.7834376e-10
-1.7478125e-10
-1.7396876e-10
-1.81125e-10
-1.7075e-10
-1.8062499e-10
-1.7690624e-10
-1.6378124e-10
-1.7978125e-10
-1.7521876e-10
-1.7549999e-10
-1.6753124e-10
-1.739375e-10
-1.7553123e-10
-1.7943746e-10
-1.7224999e-10
-1.7521874e-10
-1.74875e-10
-1.7362499e-10
-1.7725001e-10
-1.7334376e-10
-1.7462497e-10
-1.7628124e-10
-1.7612498e-10
-1.8146876e-10
-1.7765624e-10
-1.8028126e-10
-1.7090623e-10
-1.7290623e-10
-1.7575e-10
-1.7221874e-10
-1.7409371e-10
-1.7896873e-10
-1.7731251e-10
-1.7337498e-10
-1.780625e-10
-1.7396876e-10
-1.7412498e-10
-1.7775e-10
-1.7406249e-10
-1.7743751e-10
-1.7584376e-10
-1.7296875e-10
-1.7431248e-10
-1.7640624e-10
-1.7296874e-10
-1.7840625e-10
-1.7187499e-10
-1.7971874e-10
-1.6990624e-10
-1.7056248e-10
-1.784375e-10
-1.6634374e-10
-1.7678124e-10
-1.755e-10
-1.755625e-10
-1.7362499e-10
-1.7596875e-10
-1.7468749e-10
-1.7453122e-10
-1.7690627e-10
-1.7356248e-10
-1.7778125e-10
-1.765625e-10
-1.7793748e-10
-1.7371873e-10
-1.7306248e-10
-1.7706249e-10
-1.7625e-10
-1.7418748e-10
-1.7565625e-10
-1.7006249e-10
-1.7906251e-10
-1.728125e-10
-1.7546875e-10
-1.7312497e-10
-1.7459373e-10
-1.7584374e-10
-1.7565624e-10
-1.774375e-10
-1.733125e-10
-1.6865626e-10
-1.7506251e-10
-1.753125e-10
-1.7340626e-10
-1.7337499e-10
-1.7821875e-10
-1.7259373e-10
-1.7231251e-10
-1.8021873e-10
-1.6828125e-10
-1.8015625e-10
-1.7040624e-10
-1.78375e-10
-1.7009374e-10
-1.7428123e-10
-1.7674999e-10
-1.7174999e-10
-1.7506249e-10
-1.7571875e-10
-1.7278126e-10
-1.7653123e-10
-1.7259374e-10
-1.7506249e-10
-1.7459376e-10
-1.7374999e-10
-1.6981247e-10
-1.7759375e-10
-1.739375e-10
-1.7484375e-10
-1.7653125e-10
-1.6984375e-10
-1.7684375e-10
-1.7265625e-10
-1.7671876e-10
-1.7290623e-10
-1.716875e-10
-1.7918748e-10
-1.7006249e-10
-1.7331249e-10
-1.7659374e-10
-1.7478125e-10
-1.6806249e-10
-1.7828125e-10
-1.6840622e-10
-1.7415626e-10
-1.7443751e-10
-1.6865624e-10
-1.7221877e-10
-1.7593749e-10
-1.7274999e-10
-1.714375e-10
-1.8287499e-10
-1.6274998e-10
-1.7587498e-10
-1.8065624e-10
-1.7006249e-10
-1.7853122e-10
-1.7274999e-10
-1.7231248e-10
-1.7603125e-10
-1.7446875e-10
-1.7571876e-10
-1.7446873e-10
-1.7415623e-10
-1.7434373e-10
-1.7784375e-10
-1.6940625e-10
-1.7865624e-10
-1.7453125e-10
-1.7525001e-10
-1.7056249e-10
-1.7284374e-10
-1.7174999e-10
-1.7287501e-10
-1.728125e-10
-1.69375e-10
-1.7506249e-10
-1.7115624e-10
-1.7521873e-10
-1.6940624e-10
-1.7421872e-10
-1.7193749e-10
-1.7415624e-10
-1.7421876e-10
-1.7e-10
-1.7349996e-10
-1.7853123e-10
-1.7281249e-10
-1.7399997e-10
-1.7378125e-10
-1.728125e-10
-1.695e-10
-1.7978123e-10
-1.7231248e-10
-1.7112499e-10
-1.7140625e-10
-1.7209374e-10
-1.7121875e-10
-1.7224999e-10
-1.7453124e-10
-1.7409374e-10
-1.7087499e-10
-1.7409373e-10
-1.6971874e-10
-1.7753123e-10
-1.7318746e-10
-1.7634375e-10
-1.7290623e-10
-1.6821876e-10
-1.7587498e-10
-1.8128124e-10
-1.6909374e-10
-1.7384374e-10
-1.7474999e-10
-1.7037499e-10
-1.7684375e-10
-1.7499999e-10
-1.685625e-10
-1.703125e-10
-1.755625e-10
-1.6790623e-10
-1.7784374e-10
-1.70125e-10
-1.7290624e-10
-1.7787501e-10
-1.7584374e-10
-1.7265625e-10
-1.7778123e-10
-1.73125e-10
-1.7296875e-10
-1.7837498e-10
-1.708125e-10
-1.7471874e-10
-1.7440624e-10
-1.7459374e-10
-1.7140624e-10
-1.8037501e-10
-1.7431248e-10
-1.7725001e-10
-1.6693748e-10
-1.7693751e-10
-1.7809373e-10
-1.6843749e-10
-1.8046874e-10
-1.7575e-10
-1.6740626e-10
-1.7824998e-10
-1.759375e-10
-1.7278125e-10
-1.7825001e-10
-1.6984372e-10
-1.7468751e-10
-1.7909377e-10
-1.7090625e-10
-1.7334376e-10
-1.7840623e-10
-1.7118748e-10
-1.7681248e-10
-1.7068749e-10
-1.7471874e-10
-1.7784375e-10
-1.7278125e-10
-1.7753124e-10
-1.7112498e-10
-1.7384374e-10
-1.7571875e-10
-1.7390625e-10
-1.72e-10
-1.7446875e-10
-1.7165626e-10
-1.7393748e-10
-1.7162499e-10
-1.7090626e-10
-1.7390625e-10
-1.7640624e-10
-1.7362499e-10
-1.7803123e-10
-1.7378124e-10
-1.7240624e-10
-1.7712497e-10
-1.70125e-10
-1.7337501e-10
-1.7931248e-10
-1.7318749e-10
-1.7253124e-10
-1.7371873e-10
-1.7237498e-10
-1.7337499e-10
-1.7371875e-10
-1.6743749e-10
-1.7684373e-10
-1.7390625e-10
-1.735625e-10
-1.7878124e-10
-1.7553124e-10
-1.7159374e-10
-1.7574997e-10
-1.72e-10
-1.759375e-10
-1.7193749e-10
-1.6959374e-10
-1.7271874e-10
-1.7615623e-10
-1.7046875e-10
-1.7621875e-10
-1.7190627e-10
-1.7318749e-10
-1.7465623e-10
-1.7243749e-10
-1.7256249e-10
-1.7703125e-10
-1.6765625e-10
-1.7278126e-10
-1.7509375e-10
-1.6962501e-10
-1.7159373e-10
-1.7075e-10
-1.6937497e-10
-1.7428124e-10
-1.6759376e-10
-1.7381249e-10
-1.6962498e-10
-1.7412502e-10
-1.7137497e-10
-1.6521873e-10
-1.7956249e-10
-1.6818749e-10
-1.73625e-10
-1.6403126e-10
-1.7437499e-10
-1.764375e-10
-1.6715625e-10
-1.6928124e-10
-1.7437499e-10
-1.7537501e-10
-1.7237499e-10
-1.6821874e-10
-1.7346877e-10
-1.6946874e-10
-1.6959376e-10
-1.72625e-10
-1.6734375e-10
-1.6874999e-10
-1.7112498e-10
-1.6796878e-10
-1.755625e-10
-1.6756252e-10
-1.7409375e-10
-1.7487498e-10
-1.6881249e-10
-1.70125e-10
-1.7146874e-10
-1.6943749e-10
-1.6743749e-10
-1.6837501e-10
-1.7134372e-10
-1.7131249e-10
-1.7134376e-10
-1.7065625e-10
-1.6774999e-10
-1.7824998e-10
-1.6174997e-10
-1.7315623e-10
-1.7053126e-10
-1.6956249e-10
-1.7e-10
-1.6828124e-10
-1.7453125e-10
-1.6909374e-10
-1.6731252e-10
-1.7456249e-10
-1.7703125e-10
-1.7334374e-10
-1.6731247e-10
-1.7503125e-10
-1.7193749e-10
-1.7609374e-10
-1.7178124e-10
-1.7353122e-10
-1.778125e-10
-1.7862503e-10
-1.7353124e-10
-1.7537499e-10
-1.7468749e-10
-1.7474999e-10
-1.7362499e-10
-1.7059375e-10
-1.7537501e-10
-1.7515625e-10
-1.7568749e-10
-1.72e-10
-1.7400001e-10
-1.7565621e-10
-1.7256249e-10
-1.7525001e-10
-1.701875e-10
-1.7228123e-10
-1.740625e-10
-1.6928124e-10
-1.7390625e-10
-1.6856248e-10
-1.7721874e-10
-1.7078125e-10
-1.7559375e-10
-1.74625e-10
-1.6999999e-10
-1.7124999e-10
-1.7484375e-10
-1.6990623e-10
-1.684375e-10
-1.7565625e-10
-1.6831248e-10
-1.77e-10
-1.6756251e-10
-1.6793751e-10
-1.7509376e-10
-1.7221877e-10
-1.6021875e-10
-1.7953125e-10
-1.6806249e-10
-1.6712498e-10
-1.7221875e-10
-1.6743749e-10
-1.7290623e-10
-1.70625e-10
-1.6796875e-10
-1.73125e-10
-1.6990624e-10
-1.6878124e-10
-1.6903123e-10
-1.7284374e-10
-1.704375e-10
-1.7684375e-10
-1.7212498e-10
-1.6709376e-10
-1.7174999e-10
-1.7562499e-10
-1.7140625e-10
-1.7359372e-10
-1.7306248e-10
-1.6399998e-10
-1.7693749e-10
-1.640625e-10
-1.7174998e-10
-1.7540622e-10
-1.7284373e-10
-1.7278122e-10
-1.6962501e-10
-1.6599998e-10
-1.7565624e-10
-1.6859375e-10
-1.7190624e-10
-1.6784374e-10
-1.7684373e-10
-1.6524999e-10
-1.7553126e-10
-1.7015625e-10
-1.6959374e-10
-1.7084376e-10
-1.6843749e-10
-1.7309375e-10
-1.7046875e-10
-1.7118748e-10
-1.6990626e-10
-1.73625e-10
-1.7421875e-10
-1.6734375e-10
-1.7009374e-10
-1.7315625e-10
-1.6924998e-10
-1.6990623e-10
-1.7087498e-10
-1.7378124e-10
-1.7084371e-10
-1.6809373e-10
-1.73875e-10
-1.6562499e-10
-1.8146874e-10
-1.7359375e-10
-1.6843751e-10
-1.7440625e-10
-1.6890622e-10
-1.7296872e-10
-1.6787499e-10
-1.7362498e-10
-1.6412501e-10
-1.7278126e-10
-1.6890625e-10
-1.6915626e-10
-1.6831249e-10
-1.6887497e-10
-1.7193749e-10
-1.71125e-10
-1.7134374e-10
-1.7159374e-10
-1.7290623e-10
-1.6940624e-10
-1.6221875e-10
-1.7409374e-10
-1.6953125e-10
-1.7006249e-10
-1.7743751e-10
-1.6625e-10
-1.75125e-10
-1.7271874e-10
-1.720625e-10
-1.7109374e-10
-1.7853122e-10
-1.6949997e-10
-1.7056251e-10
-1.6874999e-10
-1.6812499e-10
-1.7112499e-10
-1.6978126e-10
-1.7321874e-10
-1.6903125e-10
-1.7509375e-10
-1.7240626e-10
-1.7256249e-10
-1.6856251e-10
-1.7187499e-10
-1.7074998e-10
-1.6884374e-10
-1.7190624e-10
-1.6540622e-10
-1.7515624e-10
-1.729375e-10
-1.6568749e-10
-1.761875e-10
-1.66875e-10
-1.7603122e-10
-1.7378124e-10
-1.696875e-10
-1.7475001e-10
-1.7153126e-10
-1.6681249e-10
-1.7434375e-10
-1.7034375e-10
-1.7174999e-10
-1.7506249e-10
-1.746875e-10
-1.6828125e-10
-1.7049998e-10
-1.7390622e-10
-1.7124997e-10
-1.7081249e-10
-1.7131249e-10
-1.7478125e-10
-1.6725001e-10
-1.7678124e-10
-1.7321876e-10
-1.6406251e-10
-1.7368751e-10
-1.7084377e-10
-1.7271874e-10
-1.726875e-10
-1.7309375e-10
-1.7371873e-10
-1.70125e-10
-1.6909375e-10
-1.7418747e-10
-1.6409374e-10
-1.7196874e-10
-1.721875e-10
-1.6556248e-10
-1.75e-10
-1.7106248e-10
-1.7218749e-10
-1.645e-10
-1.7384374e-10
-1.6950001e-10
-1.6743748e-10
-1.6553123e-10
-1.725e-10
-1.7131249e-10
-1.7206249e-10
-1.7306249e-10
-1.6996873e-10
-1.7528123e-10
-1.6843749e-10
-1.6640625e-10
-1.7612499e-10
-1.7309373e-10
-1.7074998e-10
-1.640625e-10
-1.7249999e-10
-1.7153122e-10
-1.6903125e-10
-1.765e-10
-1.6912499e-10
-1.7149998e-10
-1.7365624e-10
-1.6806248e-10
-1.7225001e-10
-1.7087497e-10
-1.6865623e-10
-1.709375e-10
-1.7578125e-10
-1.695625e-10
-1.67625e-10
-1.7349999e-10
-1.6590623e-10
-1.7525001e-10
-1.7443749e-10
-1.6781249e-10
-1.7646876e-10
-1.6431249e-10
-1.7759375e-10
-1.6928124e-10
-1.6868748e-10
-1.7931248e-10
-1.7078125e-10
-1.7221874e-10
-1.6646871e-10
-1.7346874e-10
-1.7162499e-10
-1.7156249e-10
-1.7690624e-10
-1.655e-10
-1.7431249e-10
-1.7065624e-10
-1.7162498e-10
-1.7062499e-10
-1.6840623e-10
-1.7231248e-10
-1.7525001e-10
-1.7046875e-10
-1.7821875e-10
-1.6778126e-10
-1.7078124e-10
-1.77625e-10
-1.6806249e-10
-1.7396876e-10
-1.7240624e-10
-1.7228123e-10
-1.7609374e-10
-1.7421874e-10
-1.7734374e-10
-1.7118749e-10
-1.7587498e-10
-1.6837499e-10
-1.7278125e-10
-1.7443748e-10
-1.6903125e-10
-1.690625e-10
-1.6878124e-10
-1.7187499e-10
-1.7306249e-10
-1.6787499e-10
-1.7749999e-10
-1.7312499e-10
-1.7165624e-10
-1.7481248e-10
-1.7112499e-10
-1.7000001e-10
-1.7549999e-10
-1.7259374e-10
-1.7181247e-10
-1.7190624e-10
-1.6943752e-10
-1.7106248e-10
-1.7237498e-10
-1.7228124e-10
-1.7118748e-10
-1.6962499e-10
-1.7168748e-10
-1.6774999e-10
-1.7237499e-10
-1.7559375e-10
-1.7149998e-10
-1.7159374e-10
-1.714375e-10
-1.7521873e-10
-1.7081249e-10
-1.7246873e-10
-1.7124999e-10
-1.7303126e-10
-1.7040626e-10
-1.6568749e-10
-1.7168748e-10
-1.72625e-10
-1.6768749e-10
-1.7575e-10
-1.7121873e-10
-1.6721875e-10
-1.7115624e-10
-1.7074997e-10
-1.6912501e-10
-1.7549998e-10
-1.7090623e-10
-1.6915624e-10
-1.7049999e-10
-1.7028125e-10
-1.7184373e-10
-1.6878124e-10
-1.72625e-10
-1.7065624e-10
-1.7049998e-10
-1.6721875e-10
-1.7334376e-10
-1.71375e-10
-1.7281249e-10
-1.7253124e-10
-1.7434373e-10
-1.7278125e-10
-1.771875e-10
-1.7137501e-10
-1.7415624e-10
-1.6993748e-10
-1.7040623e-10
-1.71375e-10
-1.6865623e-10
-1.7084376e-10
-1.7584373e-10
-1.7112499e-10
-1.741875e-10
-1.7240624e-10
-1.7078125e-10
-1.7099999e-10
-1.7465625e-10
-1.7274999e-10
-1.7096873e-10
-1.7328124e-10
-1.7196872e-10
-1.7281249e-10
-1.7496873e-10
-1.7034373e-10
-1.696875e-10
-1.7415626e-10
-1.7253127e-10
-1.70125e-10
-1.7290623e-10
-1.6909374e-10
-1.7453122e-10
-1.6259374e-10
-1.7559376e-10
-1.6718749e-10
-1.7168748e-10
-1.7193749e-10
-1.7053126e-10
-1.7346874e-10
-1.7034374e-10
-1.7040624e-10
-1.6928123e-10
-1.7749999e-10
-1.658125e-10
-1.7228124e-10
-1.7328124e-10
-1.6996873e-10
-1.7465625e-10
-1.7262501e-10
-1.7046872e-10
-1.7912501e-10
-1.6553123e-10
-1.7828125e-10
-1.7315625e-10
-1.6900001e-10
-1.7509375e-10
-1.7015625e-10
-1.7921874e-10
-1.7446876e-10
-1.6815624e-10
-1.7353126e-10
-1.7409374e-10
-1.7003124e-10
-1.7443752e-10
-1.7159377e-10
-1.6868748e-10
-1.7503124e-10
-1.7240626e-10
-1.6906249e-10
-1.7112498e-10
-1.6396873e-10
-1.7484375e-10
-1.7340625e-10
-1.6868748e-10
-1.7043748e-10
-1.7090623e-10
-1.7212498e-10
-1.7568749e-10
-1.6549999e-10
-1.6971875e-10
-1.754375e-10
-1.6706249e-10
-1.7143746e-10
-1.7046875e-10
-1.6971874e-10
-1.7640625e-10
-1.6759374e-10
-1.759375e-10
-1.7265625e-10
-1.7003124e-10
-1.7453122e-10
-1.7003124e-10
-1.7303126e-10
-1.7299999e-10
-1.7228123e-10
-1.7446873e-10
-1.6359375e-10
-1.7190625e-10
-1.6981248e-10
-1.7146876e-10
-1.6949998e-10
-1.7259374e-10
-1.6803123e-10
-1.7306249e-10
-1.6846875e-10
-1.7809376e-10
-1.6646876e-10
-1.7009372e-10
-1.7396874e-10
-1.6668748e-10
-1.701875e-10
-1.74875e-10
-1.7396876e-10
-1.7028125e-10
-1.6818751e-10
-1.69375e-10
-1.6778123e-10
-1.7471877e-10
-1.6759374e-10
-1.7203125e-10
-1.6740623e-10
-1.6709374e-10
-1.7362498e-10
-1.70625e-10
-1.6796876e-10
-1.6743748e-10
-1.7140624e-10
-1.7165624e-10
-1.6499999e-10
-1.7793748e-10
-1.6806249e-10
-1.7078125e-10
-1.70125e-10
-1.7368748e-10
-1.7181249e-10
-1.6950001e-10
-1.6781251e-10
-1.7537498e-10
-1.6056248e-10
-1.7328124e-10
-1.6556249e-10
-1.7215625e-10
-1.7109375e-10
-1.7018749e-10
-1.7153123e-10
-1.7534374e-10
-1.6640624e-10
-1.7315624e-10
-1.6715625e-10
-1.6787499e-10
-1.7218749e-10
-1.7346874e-10
-1.6956249e-10
-1.6912499e-10
-1.7462501e-10
-1.6599998e-10
-1.703125e-10
-1.7149998e-10
-1.7071874e-10
-1.6899998e-10
-1.6906249e-10
-1.7303124e-10
-1.7068748e-10
-1.7278123e-10
-1.6578124e-10
-1.7856248e-10
-1.6425e-10
-1.7103124e-10
-1.7415623e-10
-1.6975001e-10
-1.6993749e-10
-1.6875e-10
-1.6753124e-10
-1.7018749e-10
-1.7124999e-10
-1.6621873e-10
-1.7465622e-10
-1.6559375e-10
-1.7440625e-10
-1.7306251e-10
-1.6746873e-10
-1.6915624e-10
-1.6778125e-10
-1.6953125e-10
-1.6868748e-10
-1.6990623e-10
-1.7162499e-10
-1.6965623e-10
-1.7015625e-10
-1.640625e-10
-1.7349998e-10
-1.6496875e-10
-1.7584376e-10
-1.6993748e-10
-1.703125e-10
-1.7159375e-10
-1.68875e-10
-1.6962501e-10
-1.7274999e-10
-1.6793751e-10
-1.6749997e-10
-1.7290624e-10
-1.6640626e-10
-1.7646874e-10
-1.6646876e-10
-1.7396874e-10
-1.7053123e-10
-1.6575e-10
-1.7106248e-10
-1.7043748e-10
-1.6712499e-10
-1.7049998e-10
-1.7353123e-10
-1.6940625e-10
-1.7034375e-10
-1.6981247e-10
-1.6956249e-10
-1.7162501e-10
-1.7049998e-10
-1.6903123e-10
-1.7296874e-10
-1.6728124e-10
-1.6996875e-10
-1.6740623e-10
-1.6565625e-10
-1.7131249e-10
-1.6928124e-10
-1.6553123e-10
-1.6718749e-10
-1.6884374e-10
-1.6293748e-10
-1.7437501e-10
-1.7053124e-10
-1.7153125e-10
-1.6428124e-10
-1.6803124e-10
-1.6559373e-10
-1.7268749e-10
-1.6771874e-10
-1.6918748e-10
-1.691875e-10
-1.733125e-10
-1.633125e-10
-1.7156249e-10
-1.6803123e-10
-1.6512501e-10
-1.7178126e-10
-1.76375e-10
-1.7012498e-10
-1.68625e-10
-1.7218749e-10
-1.7371875e-10
-1.6931248e-10
-1.7028123e-10
-1.77125e-10
-1.7003124e-10
-1.7099999e-10
-1.7112499e-10
-1.6662499e-10
-1.7428126e-10
-1.7009376e-10
-1.7090626e-10
-1.6956249e-10
-1.6684375e-10
-1.7396876e-10
-1.6921874e-10
-1.6868748e-10
-1.7021876e-10
-1.6853126e-10
-1.7415626e-10
-1.7240624e-10
-1.62375e-10
-1.7437499e-10
-1.6924999e-10
-1.7278125e-10
-1.7134374e-10
-1.7328125e-10
-1.7381249e-10
-1.7240626e-10
-1.6796875e-10
-1.6556249e-10
-1.7206249e-10
-1.7631251e-10
-1.6790624e-10
-1.7103122e-10
-1.7303123e-10
-1.6849998e-10
-1.735625e-10
-1.6934373e-10
-1.6812499e-10
-1.7374999e-10
-1.6834376e-10
-1.7428124e-10
-1.6590625e-10
-1.6762498e-10
-1.7215625e-10
-1.6634374e-10
-1.6799999e-10
-1.7465625e-10
-1.6818749e-10
-1.7234374e-10
-1.7287501e-10
-1.6940624e-10
-1.7078125e-10
-1.7112498e-10
-1.6821874e-10
-1.6715622e-10
-1.7190624e-10
-1.7240623e-10
-1.6274998e-10
-1.7321874e-10
-1.673125e-10
-1.76375e-10
-1.6425e-10
-1.7428123e-10
-1.7181249e-10
-1.6312499e-10
-1.7662501e-10
-1.7409371e-10
-1.6581249e-10
-1.7793748e-10
-1.6584376e-10
-1.7434373e-10
-1.695625e-10
-1.6596874e-10
-1.7021873e-10
-1.6781251e-10
-1.7159374e-10
-1.7290624e-10
-1.7015625e-10
-1.7590626e-10
-1.6828124e-10
-1.7253123e-10
-1.6721875e-10
-1.739375e-10
-1.6746873e-10
-1.6534375e-10
-1.7293748e-10
-1.7121873e-10
-1.6862499e-10
-1.7124999e-10
-1.7196873e-10
-1.6328125e-10
-1.6978126e-10
-1.7299999e-10
-1.6765624e-10
-1.7406247e-10
-1.6406249e-10
-1.7537499e-10
-1.73e-10
-1.63125e-10
-1.7112499e-10
-1.7137501e-10
-1.7125e-10
-1.7346874e-10
-1.7290623e-10
-1.7162499e-10
-1.6978126e-10
-1.7759373e-10
-1.6665622e-10
-1.7631249e-10
-1.6946874e-10
-1.7237499e-10
-1.6765624e-10
-1.7493748e-10
-1.6587498e-10
-1.7290624e-10
-1.7034374e-10
-1.6093749e-10
-1.7521876e-10
-1.7121873e-10
-1.7246873e-10
-1.6868748e-10
-1.7224999e-10
-1.6540623e-10
-1.7162496e-10
-1.7193751e-10
-1.6921874e-10
-1.7453125e-10
-1.698125e-10
-1.6671872e-10
-1.7159374e-10
-1.6562499e-10
-1.7140625e-10
-1.6943751e-10
-1.7499999e-10
-1.6678124e-10
-1.6659374e-10
-1.6653123e-10
-1.7449998e-10
-1.7106248e-10
-1.6781247e-10
-1.6996873e-10
-1.6974999e-10
-1.7431249e-10
-1.654375e-10
-1.7568749e-10
-1.6534375e-10
-1.6615623e-10
-1.7306248e-10
-1.65625e-10
-1.7128124e-10
-1.691875e-10
-1.7434373e-10
-1.6978124e-10
-1.6849996e-10
-1.6796875e-10
-1.6975001e-10
-1.7006251e-10
-1.6959371e-10
-1.7306249e-10
-1.6428126e-10
-1.6925e-10
-1.7006249e-10
-1.6440625e-10
-1.7490626e-10
-1.6356251e-10
-1.7390625e-10
-1.7015624e-10
-1.6575e-10
-1.6496872e-10
-1.6662498e-10
-1.6903123e-10
-1.7087499e-10
-1.7124999e-10
-1.7231247e-10
-1.709375e-10
-1.7253124e-10
-1.6440625e-10
-1.7381249e-10
-1.6896876e-10
-1.7078124e-10
-1.7306248e-10
-1.6784373e-10
-1.6999997e-10
-1.7256251e-10
-1.6537499e-10
-1.6878124e-10
-1.6884374e-10
-1.7118749e-10
-1.7090626e-10
-1.69875e-10
-1.7537499e-10
-1.6684373e-10
-1.6993749e-10
-1.725e-10
-1.6971874e-10
-1.7568749e-10
-1.7174998e-10
-1.7059373e-10
-1.6559375e-10
-1.7096871e-10
-1.710625e-10
-1.709375e-10
-1.7443751e-10
-1.6537501e-10
-1.69875e-10
-1.6581249e-10
-1.6774999e-10
-1.7231248e-10
-1.7118748e-10
-1.6931249e-10
-1.6853124e-10
-1.69875e-10
-1.7103123e-10
-1.7115623e-10
-1.6815624e-10
-1.6899998e-10
-1.7025001e-10
-1.7171874e-10
-1.6999999e-10
-1.7212501e-10
-1.6687499e-10
-1.77e-10
-1.7087499e-10
-1.7771876e-10
-1.708125e-10
-1.70125e-10
-1.7215625e-10
-1.7124999e-10
-1.7031249e-10
-1.7059373e-10
-1.7490624e-10
-1.7025001e-10
-1.7184375e-10
-1.7253124e-10
-1.733125e-10
-1.6990624e-10
-1.7084376e-10
-1.72625e-10
-1.7199998e-10
-1.7309373e-10
-1.6890625e-10
-1.7190624e-10
-1.6971874e-10
-1.6990624e-10
-1.7368748e-10
-1.6890624e-10
-1.7368749e-10
-1.7049999e-10
-1.6615623e-10
-1.7621873e-10
-1.6362497e-10
-1.759375e-10
-1.7056249e-10
-1.6621873e-10
-1.7003124e-10
-1.7053124e-10
-1.6881249e-10
-1.6818751e-10
-1.6634374e-10
-1.7496873e-10
-1.6753123e-10
-1.7046875e-10
-1.7887501e-10
-1.6484374e-10
-1.7196872e-10
-1.74875e-10
-1.6828124e-10
-1.6868748e-10
-1.6906249e-10
-1.7174999e-10
-1.6703125e-10
-1.7025002e-10
-1.7431249e-10
-1.6887497e-10
-1.6540626e-10
-1.733125e-10
-1.6862499e-10
-1.7246873e-10
-1.7443749e-10
-1.6921875e-10
-1.7299999e-10
-1.6837499e-10
-1.6818749e-10
-1.7431248e-10
-1.6399999e-10
-1.7399999e-10
-1.6859376e-10
-1.6774999e-10
-1.7246873e-10
-1.7059373e-10
-1.7021876e-10
-1.7403123e-10
-1.6946873e-10
-1.705e-10
-1.6878125e-10
-1.7053124e-10
-1.721875e-10
-1.6540623e-10
-1.6896876e-10
-1.6881249e-10
-1.7087501e-10
-1.69875e-10
-1.6728126e-10
-1.7181248e-10
-1.6631249e-10
-1.7596873e-10
-1.6878124e-10
-1.7006249e-10
-1.7575e-10
-1.6850001e-10
-1.6796876e-10
-1.7403126e-10
-1.6628124e-10
-1.7449998e-10
-1.6621875e-10
-1.7234375e-10
-1.6846874e-10
-1.7178123e-10
-1.6912502e-10
-1.6903125e-10
-1.6753124e-10
-1.6881249e-10
-1.7578125e-10
-1.6659371e-10
-1.6984374e-10
-1.7253125e-10
-1.6628125e-10
-1.721875e-10
-1.6671872e-10
-1.7365624e-10
-1.6484374e-10
-1.7312499e-10
-1.7087499e-10
-1.6275001e-10
-1.7381249e-10
-1.7278123e-10
-1.7049999e-10
-1.6662501e-10
-1.6846873e-10
-1.6809378e-10
-1.7021873e-10
-1.7206249e-10
-1.6846875e-10
-1.7237499e-10
-1.6821874e-10
-1.7087501e-10
-1.6859375e-10
-1.7084373e-10
-1.6921874e-10
-1.6853126e-10
-1.6846874e-10
-1.6837499e-10
-1.7303124e-10
-1.69375e-10
-1.6962498e-10
-1.7093751e-10
-1.6462499e-10
-1.7134374e-10
-1.7193748e-10
-1.6837499e-10
-1.7006251e-10
-1.6646873e-10
-1.6934373e-10
-1.664375e-10
-1.715625e-10
-1.7537499e-10
-1.6793748e-10
-1.6909374e-10
-1.7046876e-10
-1.6959373e-10
-1.6725001e-10
-1.7043748e-10
-1.6306248e-10
-1.74875e-10
-1.6662499e-10
-1.7125e-10
-1.7337499e-10
-1.6912501e-10
-1.6756248e-10
-1.6687499e-10
-1.7209374e-10
-1.7084374e-10
-1.7059375e-10
-1.6918751e-10
-1.6968751e-10
-1.6903126e-10
-1.6781251e-10
-1.6900001e-10
-1.6946876e-10
-1.6521876e-10
-1.7262498e-10
-1.6743748e-10
-1.7009373e-10
-1.6787499e-10
-1.7271876e-10
-1.6621875e-10
-1.6796875e-10
-1.7562499e-10
-1.66375e-10
-1.7062499e-10
-1.6584376e-10
-1.7306249e-10
-1.7159375e-10
-1.6549997e-10
-1.7078125e-10
-1.7037502e-10
-1.695e-10
-1.7015625e-10
-1.6878124e-10
-1.7059373e-10
-1.6768749e-10
-1.6971874e-10
-1.7053126e-10
-1.6837497e-10
-1.7006249e-10
-1.6940625e-10
-1.6462499e-10
-1.7224999e-10
-1.7246873e-10
-1.6684375e-10
-1.7246873e-10
-1.7315624e-10
-1.633125e-10
-1.6784373e-10
-1.7115624e-10
-1.6628124e-10
-1.7678123e-10
-1.6868749e-10
-1.7018749e-10
-1.7221874e-10
-1.6721872e-10
-1.721875e-10
-1.67625e-10
-1.7424999e-10
-1.7059373e-10
-1.7459376e-10
-1.6556249e-10
-1.7003123e-10
-1.7409373e-10
-1.6743748e-10
-1.7021876e-10
-1.6706249e-10
-1.7181249e-10
-1.7512498e-10
-1.6812499e-10
-1.7568749e-10
-1.6815624e-10
-1.6934373e-10
-1.6715626e-10
-1.6640625e-10
-1.655e-10
-1.7274998e-10
-1.6846875e-10
-1.6928126e-10
-1.6475002e-10
-1.721875e-10
-1.6896874e-10
-1.6787501e-10
-1.63875e-10
-1.7481251e-10
-1.7140624e-10
-1.6728124e-10
-1.7084376e-10
-1.6971874e-10
-1.6693749e-10
-1.66375e-10
-1.6618749e-10
-1.7143749e-10
-1.6631251e-10
-1.7003124e-10
-1.7165623e-10
-1.6484372e-10
-1.671875e-10
-1.7043748e-10
-1.6765625e-10
-1.6487499e-10
-1.6828125e-10
-1.7118749e-10
-1.6796876e-10
-1.6890624e-10
-1.6587501e-10
-1.6525001e-10
-1.7274998e-10
-1.6181251e-10
-1.7128124e-10
-1.695625e-10
-1.6818749e-10
-1.6681248e-10
-1.6731251e-10
-1.7150001e-10
-1.6421872e-10
-1.6275001e-10
-1.6996876e-10
-1.6465626e-10
-1.7084374e-10
-1.7028125e-10
-1.6840625e-10
-1.6546875e-10
-1.7274998e-10
-1.6796874e-10
-1.7075e-10
-1.6596875e-10
-1.7278122e-10
-1.6362499e-10
-1.7093747e-10
-1.7031251e-10
-1.6531251e-10
-1.6840625e-10
-1.6493749e-10
-1.73125e-10
-1.7150001e-10
-1.6568749e-10
-1.7740623e-10
-1.6728122e-10
-1.7184375e-10
-1.6721874e-10
-1.6903123e-10
-1.7256249e-10
-1.729375e-10
-1.6974999e-10
-1.726875e-10
-1.7309373e-10
-1.7165624e-10
-1.6575e-10
-1.7568749e-10
-1.7334376e-10
-1.6621875e-10
-1.6746873e-10
-1.673125e-10
-1.6815625e-10
-1.665625e-10
-1.695e-10
-1.6587501e-10
-1.6984374e-10
-1.683125e-10
-1.7078124e-10
-1.745625e-10
-1.620625e-10
-1.6884374e-10
-1.7228126e-10
-1.6678124e-10
-1.7368748e-10
-1.7253124e-10
-1.6453125e-10
-1.7162498e-10
-1.6603123e-10
-1.6787498e-10
-1.7181248e-10
-1.6737499e-10
-1.7840625e-10
-1.6690624e-10
-1.7009374e-10
-1.7246876e-10
-1.7021876e-10
-1.6928124e-10
-1.7065624e-10
-1.6646876e-10
-1.7350001e-10
-1.7290623e-10
-1.6003124e-10
-1.7368748e-10
-1.6899999e-10
-1.6878124e-10
-1.653125e-10
-1.7078125e-10
-1.6834374e-10
-1.6956249e-10
-1.6649999e-10
-1.654375e-10
-1.6459376e-10
-1.7003124e-10
-1.6806249e-10
-1.6859374e-10
-1.7390625e-10
-1.6796872e-10
-1.684375e-10
-1.6843747e-10
-1.7278125e-10
-1.6312499e-10
-1.7090623e-10
-1.7437499e-10
-1.6424997e-10
-1.7068749e-10
-1.6837501e-10
-1.6481251e-10
-1.7409375e-10
-1.7034374e-10
-1.6725001e-10
-1.7203125e-10
-1.7181248e-10
-1.6534375e-10
-1.7265625e-10
-1.72625e-10
-1.6759373e-10
-1.7412499e-10
-1.6990626e-10
-1.7299998e-10
-1.68e-10
-1.6881249e-10
-1.6749999e-10
-1.7306248e-10
-1.6506249e-10
-1.6799998e-10
-1.714375e-10
-1.7359376e-10
-1.6031251e-10
-1.7256249e-10
-1.7462501e-10
-1.7174998e-10
-1.67e-10
-1.7053126e-10
-1.7353123e-10
-1.6915623e-10
-1.6556248e-10
-1.7015625e-10
-1.7446875e-10
-1.6815624e-10
-1.676875e-10
-1.7075e-10
-1.7190625e-10
-1.6965625e-10
-1.6921872e-10
-1.6856251e-10
-1.6790623e-10
-1.691875e-10
-1.7175e-10
-1.6612497e-10
-1.7125e-10
-1.6721874e-10
-1.6465623e-10
-1.6674999e-10
-1.710625e-10
-1.7078125e-10
-1.6337499e-10
-1.6965623e-10
-1.6849999e-10
-1.6659374e-10
-1.746875e-10
-1.6603126e-10
-1.6853123e-10
-1.735625e-10
-1.6571874e-10
-1.70125e-10
-1.6868749e-10
-1.6918748e-10
-1.6553126e-10
-1.7459376e-10
-1.691875e-10
-1.6634374e-10
-1.6959374e-10
-1.6537501e-10
-1.7124999e-10
-1.6678126e-10
-1.6934376e-10
-1.721875e-10
-1.6765625e-10
-1.7274997e-10
-1.7040626e-10
-1.6925e-10
-1.7265624e-10
-1.6906249e-10
-1.6687499e-10
-1.6562499e-10
-1.6790623e-10
-1.7074998e-10
-1.6971874e-10
-1.6712501e-10
-1.6765625e-10
-1.695e-10
-1.7099998e-10
-1.7146874e-10
-1.6484375e-10
-1.6806251e-10
-1.6499999e-10
-1.678125e-10
-1.7174999e-10
-1.6759374e-10
-1.7453126e-10
-1.6900001e-10
-1.6431248e-10
-1.7325e-10
-1.6787498e-10
-1.7131249e-10
-1.7103124e-10
-1.6559373e-10
-1.6974998e-10
-1.6596874e-10
-1.6793747e-10
-1.7071874e-10
-1.6537499e-10
-1.7109374e-10
-1.6506251e-10
-1.6228122e-10
-1.714375e-10
-1.6487497e-10
-1.7234375e-10
-1.6443748e-10
-1.7062499e-10
-1.6934376e-10
-1.6846874e-10
-1.7287496e-10
-1.6678124e-10
-1.6931248e-10
-1.6734374e-10
-1.684375e-10
-1.7581249e-10
-1.6075001e-10
-1.7174999e-10
-1.6990627e-10
-1.6881251e-10
-1.71125e-10
-1.7121875e-10
-1.655e-10
-1.7306247e-10
-1.6712498e-10
-1.6462499e-10
-1.72e-10
-1.6690624e-10
-1.75e-10
-1.6653123e-10
-1.6740624e-10
-1.7387498e-10
-1.7059375e-10
-1.7071874e-10
-1.6946874e-10
-1.6859375e-10
-1.6659375e-10
-1.6996875e-10
-1.6962497e-10
-1.6562499e-10
-1.7153125e-10
-1.6846874e-10
-1.6528125e-10
-1.796875e-10
-1.5871876e-10
-1.720625e-10
-1.7271873e-10
-1.6740623e-10
-1.7149999e-10
-1.6868751e-10
-1.6415623e-10
-1.7012498e-10
-1.71375e-10
-1.6590625e-10
-1.6909375e-10
-1.6424999e-10
-1.6865623e-10
-1.6931248e-10
-1.7243748e-10
-1.6712498e-10
-1.7278123e-10
-1.6890625e-10
-1.6790623e-10
-1.67e-10
-1.6703124e-10
-1.7196874e-10
-1.6934375e-10
-1.7003124e-10
-1.6715626e-10
-1.6856253e-10
-1.703125e-10
-1.6759374e-10
-1.6693749e-10
-1.7315624e-10
-1.6796872e-10
-1.6637501e-10
-1.6993748e-10
-1.7499999e-10
-1.62625e-10
-1.7321874e-10
-1.6681248e-10
-1.7315624e-10
-1.6993748e-10
-1.701875e-10
-1.701875e-10
-1.6381251e-10
-1.726875e-10
-1.6615623e-10
-1.701875e-10
-1.7124999e-10
-1.7299999e-10
-1.6693749e-10
-1.7006249e-10
-1.6984372e-10
-1.6499999e-10
-1.7109375e-10
-1.6968749e-10
-1.7006249e-10
-1.7221874e-10
-1.6743749e-10
-1.6481247e-10
-1.6868749e-10
-1.6212501e-10
-1.7381248e-10
-1.6940624e-10
-1.6962499e-10
-1.7071873e-10
-1.6462499e-10
-1.6328125e-10
-1.6984376e-10
-1.714375e-10
-1.6159374e-10
-1.6943751e-10
-1.7306249e-10
-1.664375e-10
-1.7099999e-10
-1.6818749e-10
-1.6784373e-10
-1.7100002e-10
-1.6753125e-10
-1.71375e-10
-1.6953124e-10
-1.6746873e-10
-1.6799998e-10
-1.6681248e-10
-1.7143749e-10
-1.6621875e-10
-1.6709374e-10
-1.7134374e-10
-1.7224999e-10
-1.6331249e-10
-1.7068749e-10
-1.6459373e-10
-1.6928123e-10
-1.6643749e-10
-1.6853123e-10
-1.7243748e-10
-1.6987499e-10
-1.6874999e-10
-1.7053123e-10
-1.6509376e-10
-1.6812499e-10
-1.7296875e-10
-1.6746875e-10
-1.7228124e-10
-1.6743749e-10
-1.7193749e-10
-1.6318749e-10
-1.6762498e-10
-1.7493751e-10
-1.6506249e-10
-1.6706247e-10
-1.715625e-10
-1.6546874e-10
-1.7337499e-10
-1.6681248e-10
-1.689375e-10
-1.720625e-10
-1.6981253e-10
-1.7037499e-10
-1.6756249e-10
-1.7528123e-10
-1.6540624e-10
-1.6965623e-10
-1.6453125e-10
-1.7537499e-10
-1.6440624e-10
-1.6746873e-10
-1.716875e-10
-1.715625e-10
-1.709375e-10
-1.6778125e-10
-1.670625e-10
-1.6490623e-10
-1.6978127e-10
-1.7484374e-10
-1.6293748e-10
-1.7512498e-10
-1.6534377e-10
-1.7131249e-10
-1.6612499e-10
-1.6871873e-10
-1.6759374e-10
-1.6574998e-10
-1.679375e-10
-1.695e-10
-1.6990623e-10
-1.6959373e-10
-1.6015624e-10
-1.7349999e-10
-1.6868748e-10
-1.6806249e-10
-1.7093747e-10
-1.7268749e-10
-1.6553124e-10
-1.666875e-10
-1.6678124e-10
-1.6653123e-10
-1.7265625e-10
-1.6896874e-10
-1.6781249e-10
-1.6984375e-10
-1.6543748e-10
-1.7021873e-10
-1.6618749e-10
-1.7056248e-10
-1.6562499e-10
-1.7071874e-10
-1.6890625e-10
-1.6468751e-10
-1.6509374e-10
-1.6940624e-10
-1.6753124e-10
-1.6678123e-10
-1.7415622e-10
-1.6662501e-10
-1.6821874e-10
-1.7096877e-10
-1.6596877e-10
-1.6874999e-10
-1.7118748e-10
-1.6931248e-10
-1.7024998e-10
-1.6837499e-10
-1.6853124e-10
-1.6893749e-10
-1.7203125e-10
-1.6937499e-10
-1.7128127e-10
-1.6681248e-10
-1.658125e-10
-1.7053123e-10
-1.608125e-10
-1.7149999e-10
-1.714375e-10
-1.6406247e-10
-1.704375e-10
-1.7371873e-10
-1.6503124e-10
-1.7306248e-10
-1.6509374e-10
-1.7246876e-10
-1.6749999e-10
-1.6800002e-10
-1.6828122e-10
-1.721875e-10
-1.7262498e-10
-1.6974998e-10
-1.7246873e-10
-1.6381248e-10
-1.7484375e-10
-1.6596874e-10
-1.6556248e-10
-1.7574998e-10
-1.653125e-10
-1.6384373e-10
-1.754375e-10
-1.6809373e-10
-1.7271876e-10
-1.7018749e-10
-1.6703124e-10
-1.6812499e-10
-1.7521876e-10
-1.6662498e-10
-1.6596875e-10
-1.7124999e-10
-1.7009374e-10
-1.7368748e-10
-1.6756249e-10
-1.606875e-10
-1.7193749e-10
-1.6728124e-10
-1.6806248e-10
-1.6768749e-10
-1.7146871e-10
-1.6540626e-10
-1.6859374e-10
-1.7040626e-10
-1.7099999e-10
-1.6515624e-10
-1.7371875e-10
-1.6978126e-10
-1.6490623e-10
-1.7278121e-10
-1.6928123e-10
-1.6778125e-10
-1.7287502e-10
-1.6593749e-10
-1.6712501e-10
-1.7253124e-10
-1.7312499e-10
-1.6781251e-10
-1.6718749e-10
-1.749375e-10
-1.6553121e-10
-1.7509375e-10
-1.683125e-10
-1.6509376e-10
-1.6699998e-10
-1.7237502e-10
-1.6690624e-10
-1.6884376e-10
-1.7568749e-10
-1.6912498e-10
-1.7012501e-10
-1.7228124e-10
-1.6699997e-10
-1.6887498e-10
-1.6890624e-10
-1.7293748e-10
-1.5931248e-10
-1.7071873e-10
-1.7028126e-10
-1.6403125e-10
-1.7062499e-10
-1.6603124e-10
-1.7040623e-10
-1.7534374e-10
-1.6753124e-10
-1.7009374e-10
-1.7121873e-10
-1.6643749e-10
-1.7496875e-10
-1.6740623e-10
-1.7109376e-10
-1.6749999e-10
-1.7118749e-10
-1.6934373e-10
-1.6618748e-10
-1.7590623e-10
-1.646875e-10
-1.6568749e-10
-1.7187501e-10
-1.7003124e-10
-1.6421874e-10
-1.6924999e-10
-1.7043748e-10
-1.6746873e-10
-1.6868749e-10
-1.7287499e-10
-1.6690624e-10
-1.7321874e-10
-1.7453124e-10
-1.6896876e-10
-1.7337498e-10
-1.7046872e-10
-1.7243751e-10
-1.6962499e-10
-1.6734374e-10
-1.7618748e-10
-1.7096875e-10
-1.6959376e-10
-1.7612502e-10
-1.6825e-10
-1.7124999e-10
-1.7453125e-10
-1.7021871e-10
-1.7390624e-10
-1.7065624e-10
-1.7146874e-10
-1.7112499e-10
-1.7003124e-10
-1.7340626e-10
-1.703125e-10
-1.726875e-10
-1.7031249e-10
-1.7134376e-10
-1.695625e-10
-1.7028122e-10
-1.6765624e-10
-1.7340626e-10
-1.6424999e-10
-1.7271876e-10
-1.7334374e-10
-1.7093749e-10
-1.7512498e-10
-1.6931248e-10
-1.7278126e-10
-1.73875e-10
-1.7415624e-10
-1.7165623e-10
-1.7056248e-10
-1.70125e-10
-1.7512498e-10
-1.7003125e-10
-1.6987498e-10
-1.6912496e-10
-1.6909374e-10
-1.7309373e-10
-1.6849999e-10
-1.7343749e-10
-1.6981248e-10
-1.6793748e-10
-1.6815625e-10
-1.7253124e-10
-1.6462501e-10
-1.6990623e-10
-1.7181248e-10
-1.6818752e-10
-1.7159375e-10
-1.7131249e-10
-1.6612499e-10
-1.6687499e-10
-1.7168748e-10
-1.6987498e-10
-1.73e-10
-1.7037501e-10
-1.6940625e-10
-1.7068749e-10
-1.6653125e-10
-1.6978124e-10
-1.7103124e-10
-1.7009374e-10
-1.7121875e-10
-1.6687499e-10
-1.6803124e-10
-1.671875e-10
-1.6775001e-10
-1.7159373e-10
-1.6328126e-10
-1.6881248e-10
-1.6925e-10
-1.7162502e-10
-1.6834373e-10
-1.6828125e-10
-1.7128124e-10
-1.6903123e-10
-1.6265625e-10
-1.6862499e-10
-1.7131249e-10
-1.7325e-10
-1.698125e-10
-1.760625e-10
-1.5843749e-10
-1.7428123e-10
-1.7271874e-10
-1.6331249e-10
-1.7346874e-10
-1.6953125e-10
-1.7025001e-10
-1.6953125e-10
-1.691875e-10
-1.7193748e-10
-1.6443748e-10
-1.7096875e-10
-1.6875e-10
-1.6978124e-10
-1.7531249e-10
-1.6353124e-10
-1.7253125e-10
-1.6546875e-10
-1.6712498e-10
-1.7662499e-10
-1.6871873e-10
-1.7093749e-10
-1.6612497e-10
-1.7128124e-10
-1.7209373e-10
-1.6953125e-10
-1.709375e-10
-1.6737502e-10
-1.6915624e-10
-1.7049999e-10
-1.7040626e-10
-1.7062499e-10
-1.7499999e-10
-1.6953125e-10
-1.7121873e-10
-1.6724999e-10
-1.7131251e-10
-1.7024999e-10
-1.721875e-10
-1.7021874e-10
-1.6771874e-10
-1.739375e-10
-1.6568749e-10
-1.6853123e-10
-1.6993751e-10
-1.6659375e-10
-1.733125e-10
-1.6353124e-10
-1.7340625e-10
-1.6890624e-10
-1.6703125e-10
-1.6868748e-10
-1.6878125e-10
-1.7043748e-10
-1.7143749e-10
-1.6481248e-10
-1.6971875e-10
-1.7456249e-10
-1.6753124e-10
-1.6668747e-10
-1.7271874e-10
-1.6862499e-10
-1.7134374e-10
-1.7228124e-10
-1.6843751e-10
-1.6793747e-10
-1.72375e-10
-1.6593749e-10
-1.7040623e-10
-1.6634374e-10
-1.68e-10
-1.6943749e-10
-1.7884375e-10
-1.6593747e-10
-1.6828125e-10
-1.69875e-10
-1.6609376e-10
-1.7193749e-10
-1.695e-10
-1.6890625e-10
-1.651875e-10
-1.7393748e-10
-1.6603123e-10
-1.7006251e-10
-1.6631249e-10
-1.67625e-10
-1.691875e-10
-1.625e-10
-1.7031249e-10
-1.6790624e-10
-1.7146874e-10
-1.7146873e-10
-1.7174998e-10
-1.67625e-10
-1.6871875e-10
-1.7553123e-10
-1.720625e-10
-1.6559375e-10
-1.6828125e-10
-1.6053124e-10
-1.7381249e-10
-1.7246873e-10
-1.6503124e-10
-1.7384374e-10
-1.6787501e-10
-1.6724999e-10
-1.6996876e-10
-1.745e-10
-1.6528123e-10
-1.7059373e-10
-1.7315623e-10
-1.6549999e-10
-1.7462497e-10
-1.7103123e-10
-1.6559376e-10
-1.714375e-10
-1.6903125e-10
-1.6821873e-10
-1.6603122e-10
-1.6790623e-10
-1.7274999e-10
-1.66375e-10
-1.6993748e-10
-1.698125e-10
-1.6743748e-10
-1.6975002e-10
-1.7565624e-10
-1.6712499e-10
-1.6765624e-10
-1.6871875e-10
-1.6675e-10
-1.7453124e-10
-1.6381249e-10
-1.7115626e-10
-1.7190624e-10
-1.6921875e-10
-1.6831249e-10
-1.7196874e-10
-1.6803123e-10
-1.7256249e-10
-1.6796874e-10
-1.7399998e-10
-1.6684373e-10
-1.6721874e-10
-1.689375e-10
-1.7171874e-10
-1.6684373e-10
-1.7646876e-10
-1.6656249e-10
-1.7234374e-10
-1.6584376e-10
-1.7434375e-10
-1.6771876e-10
-1.6649998e-10
-1.6893749e-10
-1.6940624e-10
-1.6575e-10
-1.7190623e-10
-1.6371873e-10
-1.768125e-10
-1.6734374e-10
-1.6634374e-10
-1.7512498e-10
-1.6515625e-10
-1.684375e-10
-1.7184375e-10
-1.6756249e-10
-1.6596874e-10
-1.6984374e-10
-1.7109376e-10
-1.6668748e-10
-1.7043748e-10
-1.6765624e-10
-1.6912499e-10
-1.7271873e-10
-1.6734375e-10
-1.6875e-10
-1.7287498e-10
-1.6206247e-10
-1.7371875e-10
-1.6656249e-10
-1.7537498e-10
-1.665625e-10
-1.6893748e-10
-1.7371873e-10
-1.7221874e-10
-1.690625e-10
-1.7484374e-10
-1.6553126e-10
-1.708125e-10
-1.6890624e-10
-1.7171875e-10
-1.6712501e-10
-1.7156249e-10
-1.6646874e-10
-1.7365623e-10
-1.6318751e-10
-1.666875e-10
-1.7678123e-10
-1.6965625e-10
-1.7056249e-10
-1.6903125e-10
-1.7096875e-10
-1.6928124e-10
-1.7084376e-10
-1.7328125e-10
-1.6537501e-10
-1.7006249e-10
-1.7081246e-10
-1.7446875e-10
-1.7437497e-10
-1.6537499e-10
-1.6781249e-10
-1.7381249e-10
-1.6728122e-10
-1.7150001e-10
-1.6659375e-10
-1.69375e-10
-1.6815624e-10
-1.7362499e-10
-1.6774999e-10
-1.6340625e-10
-1.7621875e-10
-1.6478124e-10
-1.6740624e-10
-1.7024999e-10
-1.7096874e-10
-1.63e-10
-1.6828125e-10
-1.7084373e-10
-1.7356248e-10
-1.67625e-10
-1.6906249e-10
-1.6403125e-10
-1.7106247e-10
-1.7221875e-10
-1.6987498e-10
-1.684375e-10
-1.6759374e-10
-1.7365623e-10
-1.6128122e-10
-1.7371876e-10
-1.7190624e-10
-1.7021876e-10
-1.6818749e-10
-1.77125e-10
-1.7028125e-10
-1.73875e-10
-1.7493751e-10
-1.74375e-10
-1.7021876e-10
-1.705e-10
-1.6896874e-10
-1.774375e-10
-1.7053126e-10
-1.7412499e-10
-1.70625e-10
-1.7440624e-10
-1.6818748e-10
-1.6959374e-10
-1.7321874e-10
-1.7243748e-10
-1.7243748e-10
-1.6903123e-10
-1.7124997e-10
-1.7474999e-10
-1.6231248e-10
-1.7490624e-10
-1.7196873e-10
-1.7431248e-10
-1.7103123e-10
-1.7040623e-10
-1.7109375e-10
-1.6978127e-10
-1.7296874e-10
-1.6712499e-10
-1.6978123e-10
-1.7771874e-10
-1.7037501e-10
-1.6718749e-10
-1.7171876e-10
-1.6737497e-10
-1.6853123e-10
-1.7378124e-10
-1.6846875e-10
-1.6906249e-10
-1.7059373e-10
-1.7218751e-10
-1.6712501e-10
-1.6812499e-10
-1.726875e-10
-1.6593749e-10
-1.7100002e-10
-1.7168748e-10
-1.6890625e-10
-1.7228126e-10
-1.7096875e-10
-1.7162501e-10
-1.6368748e-10
-1.7134374e-10
-1.698125e-10
-1.7024998e-10
-1.7124999e-10
-1.7340626e-10
-1.6575e-10
-1.7015624e-10
-1.7243749e-10
-1.6931248e-10
-1.6712498e-10
-1.6671872e-10
-1.6978122e-10
-1.7028123e-10
-1.6909374e-10
-1.7009374e-10
-1.6821874e-10
-1.6503124e-10
-1.6787501e-10
-1.6640625e-10
-1.7046875e-10
-1.6743748e-10
-1.6412501e-10
-1.7243749e-10
-1.6350001e-10
-1.7312499e-10
-1.6390625e-10
-1.7209374e-10
-1.7278123e-10
-1.6890625e-10
-1.6412501e-10
-1.7424999e-10
-1.6924998e-10
-1.7284374e-10
-1.6918748e-10
-1.6893749e-10
-1.709375e-10
-1.7150001e-10
-1.6596874e-10
-1.7890625e-10
-1.653125e-10
-1.7093749e-10
-1.7553126e-10
-1.6603126e-10
-1.7565624e-10
-1.7565623e-10
-1.6493748e-10
-1.7506249e-10
-1.6690624e-10
-1.6831248e-10
-1.6884374e-10
-1.7559375e-10
-1.7015625e-10
-1.7118748e-10
-1.7384374e-10
-1.6853124e-10
-1.6640624e-10
-1.7068749e-10
-1.6834374e-10
-1.7228123e-10
-1.6796872e-10
-1.7881249e-10
-1.7046874e-10
-1.7103124e-10
-1.734375e-10
-1.6962501e-10
-1.7209374e-10
-1.6781249e-10
-1.70625e-10
-1.7340625e-10
-1.6934373e-10
-1.6809373e-10
-1.7328125e-10
-1.6568749e-10
-1.7224999e-10
-1.6903123e-10
-1.6381249e-10
-1.7490626e-10
-1.6534374e-10
-1.6684375e-10
-1.6940624e-10
-1.7190625e-10
-1.6646874e-10
-1.7396874e-10
-1.7006249e-10
-1.6884373e-10
-1.7209374e-10
-1.7156249e-10
-1.6993748e-10
-1.749375e-10
-1.6918751e-10
-1.7165626e-10
-1.6843749e-10
-1.695625e-10
-1.7246875e-10
-1.7271874e-10
-1.7118748e-10
-1.6906249e-10
-1.6803124e-10
-1.7331248e-10
-1.7178124e-10
-1.6874999e-10
-1.6796872e-10
-1.7075e-10
-1.6821872e-10
-1.685625e-10
-1.7443749e-10
-1.6746875e-10
-1.7034374e-10
-1.6493748e-10
-1.6690624e-10
-1.6653123e-10
-1.7249999e-10
-1.6728124e-10
-1.6890622e-10
-1.7271876e-10
-1.6271876e-10
-1.7274998e-10
-1.7296875e-10
-1.675e-10
-1.6987498e-10
-1.7006248e-10
-1.6703125e-10
-1.7090625e-10
-1.6756249e-10
-1.7096875e-10
-1.6556249e-10
-1.7153126e-10
-1.7015625e-10
-1.6990624e-10
-1.6921874e-10
-1.6640624e-10
-1.6409375e-10
-1.7515624e-10
-1.7053123e-10
-1.69375e-10
-1.6534374e-10
-1.7403122e-10
-1.6334374e-10
-1.714375e-10
-1.7278126e-10
-1.6462501e-10
-1.6949998e-10
-1.7112499e-10
-1.673125e-10
-1.6853124e-10
-1.6356248e-10
-1.733125e-10
-1.7187499e-10
-1.6384374e-10
-1.7009374e-10
-1.6837499e-10
-1.6953125e-10
-1.6915626e-10
-1.6571873e-10
-1.6693749e-10
-1.7184373e-10
-1.6793748e-10
-1.6878124e-10
-1.6962501e-10
-1.7165623e-10
-1.6687499e-10
-1.7087501e-10
-1.6493748e-10
-1.6915624e-10
-1.7474998e-10
-1.6928127e-10
-1.715625e-10
-1.7078125e-10
-1.70125e-10
-1.7146873e-10
-1.6765625e-10
-1.6893749e-10
-1.6840625e-10
-1.69375e-10
-1.7168748e-10
-1.6696874e-10
-1.7006248e-10
-1.7312499e-10
-1.679375e-10
-1.6781249e-10
-1.7115623e-10
-1.7043748e-10
-1.6862499e-10
-1.7221875e-10
-1.720625e-10
-1.7115624e-10
-1.658125e-10
-1.7287502e-10
-1.6371873e-10
-1.7221874e-10
-1.7028125e-10
-1.6524999e-10
-1.7524998e-10
-1.6546876e-10
-1.6615623e-10
-1.7290624e-10
-1.6481248e-10
-1.6990626e-10
-1.7084376e-10
-1.6849998e-10
-1.7365624e-10
-1.6556249e-10
-1.6993748e-10
-1.7734374e-10
-1.6743748e-10
-1.6696874e-10
-1.6840625e-10
-1.7059373e-10
-1.7118748e-10
-1.6912498e-10
-1.7231251e-10
-1.6871875e-10
-1.7028125e-10
-1.6765625e-10
