-4.5611698e-11
-4.9813809e-11
-4.3085091e-11
-4.7446803e-11
-4.80186e-11
-4.7952115e-11
-4.622339e-11
-4.6329777e-11
-4.765956e-11
-4.6037223e-11
-4.6675511e-11
-4.7220734e-11
-4.5199448e-11
-4.8005308e-11
-4.3962754e-11
-4.4561153e-11
-4.8444134e-11
-4.953456e-11
-4.271275e-11
-4.6023921e-11
-4.6675514e-11
-4.6928173e-11
-4.4055842e-11
-4.9162226e-11
-4.9574449e-11
-4.2659563e-11
-4.8444134e-11
-4.752658e-11
-4.3710098e-11
-4.7194131e-11
-5.0664885e-11
-4.5319134e-11
-4.8789878e-11
-4.5851049e-11
-4.7513278e-11
-4.6914882e-11
-5.0438813e-11
-4.5944134e-11
-4.7992003e-11
-4.9561154e-11
-4.4255308e-11
-4.4135622e-11
-4.8204774e-11
-4.8377646e-11
-4.4335098e-11
-4.7433498e-11
-4.8404239e-11
-4.6343082e-11
-4.7154232e-11
-5.1502649e-11
-4.5624983e-11
-4.6928184e-11
-5.1156898e-11
-4.2579773e-11
-4.7194134e-11
-5.0132971e-11
-4.5851052e-11
-4.8989347e-11
-4.7952115e-11
-4.7101052e-11
-5.1489358e-11
-4.4228708e-11
-4.9109029e-11
-4.6702118e-11
-4.4880308e-11
-4.7898924e-11
-4.7074452e-11
-4.687499e-11
-4.8484026e-11
-4.6422855e-11
-4.8257957e-11
-4.4707436e-11
-4.6143603e-11
-4.6489358e-11
-4.4787223e-11
-4.6010622e-11
-5.0917541e-11
-4.5771269e-11
-4.6156898e-11
-4.9308495e-11
-4.9521266e-11
-4.5412219e-11
-4.7832432e-11
-4.5917541e-11
-4.8164875e-11
-4.5026587e-11
-4.8018606e-11
-4.5744672e-11
-4.8191475e-11
-4.7699455e-11
-4.8630305e-11
-4.4507963e-11
-4.9627649e-11
-5.267287e-11
-4.0997324e-11
-4.9494665e-11
-5.067818e-11
-4.3284563e-11
-4.918882e-11
-4.9175511e-11
-4.7167541e-11
-4.711434e-11
-4.9587747e-11
-4.3390947e-11
-4.6874987e-11
-4.9999994e-11
-4.763296e-11
-4.9002646e-11
-4.7114347e-11
-4.8417544e-11
-4.6569124e-11
-4.6143603e-11
-4.5478708e-11
-4.7247328e-11
-4.8164882e-11
-4.5930839e-11
-4.6343065e-11
-4.5664875e-11
-4.9747328e-11
-4.796542e-11
-4.7114347e-11
-4.6476049e-11
-4.6023914e-11
-4.7127639e-11
-4.7446793e-11
-4.6476063e-11
-4.464094e-11
-4.7672862e-11
-4.5638281e-11
-4.9867003e-11
-4.5412219e-11
-4.4082436e-11
-4.8218079e-11
-4.8962757e-11
-4.7260629e-11
-4.3896262e-11
-5.0452115e-11
-4.8085105e-11
-4.4388281e-11
-4.9454781e-11
-4.5797859e-11
-4.659572e-11
-4.7712747e-11
-4.6702111e-11
-4.3430842e-11
-4.3710084e-11
-5.0970731e-11
-4.6356381e-11
-4.4880304e-11
-4.9148931e-11
-4.5505308e-11
-4.7114347e-11
-4.6382974e-11
-4.8390941e-11
-4.8430832e-11
-4.3244661e-11
-4.9321804e-11
-4.3670206e-11
-4.7952115e-11
-4.7859026e-11
-4.749999e-11
-4.6143596e-11
-4.4308494e-11
-5.0611685e-11
-4.7380308e-11
-4.523935e-11
-4.9946783e-11
-4.6449455e-11
-4.5239344e-11
-4.8138282e-11
-4.5585095e-11
-4.4255301e-11
-4.6023921e-11
-4.7832429e-11
-4.7207429e-11
-4.4507963e-11
-4.8111685e-11
-4.5172859e-11
-4.6103711e-11
-4.7619669e-11
-4.5877652e-11
-4.5212747e-11
-5.0864344e-11
-4.9242006e-11
-4.6396262e-11
-4.7579773e-11
-4.5944134e-11
-4.3377645e-11
-5.0319131e-11
-4.5864347e-11
-4.3151586e-11
-4.9800518e-11
-4.7047859e-11
-4.4109029e-11
-4.7898931e-11
-4.9747331e-11
-4.2965412e-11
-4.9348397e-11
-4.2380311e-11
-4.7300521e-11
-4.6755304e-11
-4.7726045e-11
-4.5398924e-11
-4.9082429e-11
-4.583775e-11
-4.6449455e-11
-4.6994669e-11
-4.8989351e-11
-4.8470734e-11
-4.3962754e-11
-4.9268593e-11
-4.7978704e-11
-4.6835095e-11
-4.8430839e-11
-4.687499e-11
-4.986701e-11
-4.4946793e-11
-4.682179e-11
-4.7433495e-11
-4.320477e-11
-4.9587758e-11
-4.6489347e-11
-4.4627649e-11
-4.9401584e-11
-4.9707429e-11
-4.2406901e-11
-4.9202108e-11
-4.812498e-11
-4.1635626e-11
-4.9162219e-11
-4.8284557e-11
-4.3284556e-11
-4.7220734e-11
-4.6728715e-11
-4.7566482e-11
-4.5492006e-11
-4.6781901e-11
-4.4747327e-11
-4.8510616e-11
-4.5890951e-11
-4.7992003e-11
-4.8776587e-11
-4.5558494e-11
-4.7234029e-11
-4.4454766e-11
-4.695477e-11
-4.5997334e-11
-4.301861e-11
-4.8417548e-11
-4.8058495e-11
-4.0718071e-11
-4.7406901e-11
-4.7712761e-11
-4.4029239e-11
-4.9933495e-11
-4.570477e-11
-4.7779235e-11
-4.8537216e-11
-4.3257963e-11
-4.6103701e-11
-4.986701e-11
-4.6077114e-11
-4.6622331e-11
-4.6582429e-11
-4.6821786e-11
-4.7898928e-11
-4.5651583e-11
-4.8218058e-11
-4.4654242e-11
-4.531913e-11
-4.7446803e-11
-4.4999986e-11
-4.3563819e-11
-4.8723379e-11
-4.8204774e-11
-4.3976052e-11
-4.6555832e-11
-4.8763292e-11
-4.4601052e-11
-4.5039882e-11
-4.5585091e-11
-4.9800521e-11
-4.1555835e-11
-4.7101056e-11
-4.8337754e-11
-4.4680832e-11
-4.7486685e-11
-4.8164871e-11
-4.7180839e-11
-4.4534564e-11
-4.5757956e-11
-5.0505301e-11
-4.2154242e-11
-4.4414881e-11
-4.9853704e-11
-4.4295199e-11
-4.3922862e-11
-4.7779235e-11
-4.6249993e-11
-4.578455e-11
-4.7021251e-11
-4.9015937e-11
-4.3550524e-11
-4.6063819e-11
-4.7353711e-11
-4.4654239e-11
-4.5319134e-11
-4.7659564e-11
-4.5744665e-11
-4.9348397e-11
-4.3297862e-11
-4.3071793e-11
-4.9614354e-11
-4.5452111e-11
-4.3736684e-11
-4.9162219e-11
-4.4148924e-11
-4.6023921e-11
-4.5505297e-11
-4.5492003e-11
-4.8191479e-11
-4.6249997e-11
-4.6422855e-11
-5.0106374e-11
-4.4095731e-11
-4.7021251e-11
-5.2779236e-11
-4.1888281e-11
-4.8789878e-11
-4.8590413e-11
-4.5252638e-11
-4.6050521e-11
-4.5585088e-11
-4.7845727e-11
-4.7539878e-11
-4.5332429e-11
-4.7539885e-11
-4.7726049e-11
-4.4680839e-11
-4.8922862e-11
-4.614361e-11
-4.8577108e-11
-4.341754e-11
-4.8776577e-11
-4.8723383e-11
-4.3018606e-11
-4.5917544e-11
-4.4494668e-11
-4.7021262e-11
-4.7247331e-11
-4.434839e-11
-4.6077104e-11
-4.9627646e-11
-4.5319134e-11
-4.2991999e-11
-4.8670196e-11
-4.8723393e-11
-4.5797862e-11
-4.8045203e-11
-4.5651583e-11
-4.6781901e-11
-4.8324459e-11
-4.5013274e-11
-4.4614347e-11
-4.9853711e-11
-4.3324452e-11
-4.6050511e-11
-4.7832429e-11
-4.8497324e-11
-4.7593068e-11
-4.3670196e-11
-4.8071803e-11
-4.7912226e-11
-4.6515944e-11
-4.6702118e-11
-4.4494668e-11
-4.9188809e-11
-4.3656904e-11
-4.9561154e-11
-4.4507963e-11
-4.8138288e-11
-4.8577108e-11
-4.1183498e-11
-4.9561154e-11
-4.4255304e-11
-4.3976052e-11
-5.0292531e-11
-4.5279242e-11
-4.9242006e-11
-4.5359026e-11
-4.812499e-11
-4.6609033e-11
-4.325796e-11
-5.0013285e-11
-3.966754e-11
-4.8311157e-11
-4.8949449e-11
-4.2367009e-11
-4.9494665e-11
-4.3922855e-11
-4.4800507e-11
-4.8683498e-11
-4.4893596e-11
-4.5279242e-11
-4.583775e-11
-4.7287219e-11
-4.4760629e-11
-4.4055835e-11
-4.7938813e-11
-4.5039885e-11
-4.9082436e-11
-4.5864347e-11
-4.317818e-11
-5.1595735e-11
-4.3603718e-11
-4.7194134e-11
-4.7340406e-11
-4.7260616e-11
-4.9228701e-11
-4.2287219e-11
-4.7167534e-11
-4.999999e-11
-4.6077118e-11
-4.6968075e-11
-4.8484026e-11
-4.8537223e-11
-4.211435e-11
-4.8244662e-11
-4.7991992e-11
-4.6369669e-11
-4.851063e-11
-4.7167548e-11
-4.7140947e-11
-4.393616e-11
-4.6702118e-11
-4.5624983e-11
-4.7845738e-11
-4.6808502e-11
-4.6582429e-11
-5.0159561e-11
-4.5359036e-11
-4.5704773e-11
-4.7952111e-11
-4.5119672e-11
-4.7340406e-11
-4.6276576e-11
-4.4561157e-11
-4.6037226e-11
-4.6023914e-11
-4.6994669e-11
-4.6369665e-11
-4.5598386e-11
-4.627658e-11
-4.7593058e-11
-4.9933505e-11
-4.4109029e-11
-4.8311161e-11
-4.7805839e-11
-4.1063816e-11
-5.1210092e-11
-4.7247321e-11
-4.3723393e-11
-4.7220734e-11
-4.6874976e-11
-4.6409553e-11
-4.7726049e-11
-4.4321786e-11
-4.6635619e-11
-4.5305829e-11
-4.9029239e-11
-4.5757963e-11
-4.4175517e-11
-4.5678177e-11
-4.890956e-11
-4.5930839e-11
-4.6050511e-11
-4.7406898e-11
-4.687499e-11
-4.5119661e-11
-5.070477e-11
-4.6249986e-11
-4.6768606e-11
-4.4348396e-11
-4.8005308e-11
-4.4587757e-11
-4.5212747e-11
-4.8710092e-11
-4.450797e-11
-4.6702107e-11
-4.3457425e-11
-4.5638281e-11
-4.5890947e-11
-4.611701e-11
-4.5771265e-11
-4.8856367e-11
-4.4401576e-11
-5.0784557e-11
-4.5877642e-11
-4.4933494e-11
-4.8484026e-11
-4.4827111e-11
-4.7167537e-11
-4.8257957e-11
-4.461435e-11
-4.3311157e-11
-4.877659e-11
-4.4893606e-11
-4.7765947e-11
-4.5478708e-11
-4.6117006e-11
-4.4348379e-11
-4.630317e-11
-4.7566482e-11
-4.831115e-11
-5.1422852e-11
-6.1702123e-11
-7.1755282e-11
-8.6715413e-11
-1.0674202e-10
-1.2692816e-10
-1.5251329e-10
-1.6484042e-10
-1.7700796e-10
-1.8706119e-10
-1.950399e-10
-1.942686e-10
-2.0010638e-10
-2.0194151e-10
-1.9648932e-10
-2.0055849e-10
-1.9368351e-10
-1.9468087e-10
-1.9164891e-10
-1.8917554e-10
-1.8139622e-10
-1.817686e-10
-1.756516e-10
-1.7336434e-10
-1.7035906e-10
-1.6317817e-10
-1.6176857e-10
-1.5731381e-10
-1.5180851e-10
-1.5063828e-10
-1.4734043e-10
-1.4293881e-10
-1.341755e-10
-1.3837766e-10
-1.3372339e-10
-1.2912232e-10
-1.2554521e-10
-1.236569e-10
-1.1964094e-10
-1.1688829e-10
-1.1517286e-10
-1.1155584e-10
-1.1081116e-10
-1.0535903e-10
-1.0381648e-10
-1.0297872e-10
-1.0011967e-10
-1.0023937e-10
-9.7912206e-11
-9.2593079e-11
-9.5026605e-11
-8.9374973e-11
-9.1662206e-11
-8.8829763e-11
-8.4029221e-11
-8.5691475e-11
-8.3484025e-11
-8.5797876e-11
-8.2207421e-11
-7.885638e-11
-8.0252638e-11
-7.7965419e-11
-7.8550499e-11
-7.5066481e-11
-7.4601055e-11
-7.7539877e-11
-6.9468056e-11
-7.4029241e-11
-7.1223381e-11
-7.2247319e-11
-7.001328e-11
-6.9215418e-11
-7.1356365e-11
-7.001328e-11
-6.767284e-11
-7.0744667e-11
-6.634307e-11
-6.6130296e-11
-6.5492008e-11
-6.3670194e-11
-6.3869673e-11
-6.4654247e-11
-6.1369659e-11
-6.3936155e-11
-6.6303178e-11
-6.2938814e-11
-6.4162231e-11
-6.152924e-11
-6.3404233e-11
-6.0438814e-11
-6.6396257e-11
-6.1210086e-11
-5.9162224e-11
-6.5465418e-11
-5.7473394e-11
-5.8430837e-11
-6.1981371e-11
-5.8178171e-11
-5.8124981e-11
-5.9055837e-11
-5.8018593e-11
-6.0970735e-11
-5.9015938e-11
-5.6369666e-11
-6.1821791e-11
-5.7087758e-11
-5.538562e-11
-6.1954775e-11
-5.7632971e-11
-5.9042528e-11
-5.7632968e-11
-5.5345742e-11
-5.9853705e-11
-5.6210092e-11
-5.7180833e-11
-5.8909565e-11
-5.5492007e-11
-5.7380305e-11
-6.0172853e-11
-5.5664872e-11
-5.5851049e-11
-5.7154247e-11
-5.8058489e-11
-5.4534561e-11
-5.4667552e-11
-5.7300522e-11
-5.4454771e-11
-5.8151577e-11
-5.6981364e-11
-5.4813813e-11
-5.9534558e-11
-5.4321801e-11
-5.7300518e-11
-5.6781909e-11
-5.4042538e-11
-6.0811155e-11
-5.3164875e-11
-5.6569145e-11
-5.3683492e-11
-5.525265e-11
-5.9760627e-11
-5.0372317e-11
-5.6622318e-11
-5.6103698e-11
-5.3537209e-11
-5.416222e-11
-5.2686154e-11
-5.0345738e-11
-5.5691469e-11
-5.3045193e-11
-5.5731364e-11
-5.2726049e-11
-5.6436151e-11
-5.2952101e-11
-5.4521263e-11
-5.5093069e-11
-5.4986699e-11
-5.5013279e-11
-5.3098397e-11
-5.5585106e-11
-5.1675515e-11
-5.5319138e-11
-5.3869662e-11
-5.3045204e-11
-5.3470728e-11
-5.4441476e-11
-5.3351049e-11
-5.4481374e-11
-5.4042531e-11
-5.3071797e-11
-5.4960089e-11
-4.9973393e-11
-5.6037217e-11
-5.2539886e-11
-5.2367014e-11
-5.6010634e-11
-5.2154246e-11
-5.4521266e-11
-5.1728708e-11
-5.3537227e-11
-5.4388286e-11
-5.6396263e-11
-5.0079781e-11
-5.5492007e-11
-5.1914875e-11
-5.5292541e-11
-5.122339e-11
-5.2220728e-11
-5.4800515e-11
-5.2792552e-11
-5.2513289e-11
-5.720744e-11
-4.8351045e-11
-5.3749987e-11
-5.5585089e-11
-5.2140941e-11
-5.3271269e-11
-5.2380298e-11
-5.2007967e-11
-5.3882968e-11
-5.263296e-11
-5.2632957e-11
-5.4813817e-11
-5.0372324e-11
-5.5345725e-11
-5.0771255e-11
-5.4640941e-11
-5.2433499e-11
-5.2593076e-11
-5.4295197e-11
-5.075796e-11
-5.4800515e-11
-4.9627646e-11
-5.296542e-11
-5.5159554e-11
-4.9627646e-11
-5.4667541e-11
-5.1861689e-11
-4.9827111e-11
-5.1077115e-11
-5.2074449e-11
-5.0731377e-11
-5.228722e-11
-5.2752639e-11
-5.304519e-11
-5.1037216e-11
-5.0771255e-11
-5.3763292e-11
-5.1489358e-11
-4.9414878e-11
-5.5704778e-11
-5.3816469e-11
-5.3430843e-11
-5.0864347e-11
-5.0186154e-11
-5.5531895e-11
-4.7659553e-11
-5.0305846e-11
-5.2646262e-11
-5.1130305e-11
-5.0265944e-11
-5.4547852e-11
-5.3417527e-11
-5.1848394e-11
-5.2726056e-11
-4.9880308e-11
-5.3085095e-11
-5.2287216e-11
-5.1994672e-11
-5.2313813e-11
-5.0465413e-11
-5.2220728e-11
-5.0345731e-11
-5.2845738e-11
-5.2260623e-11
-5.1103708e-11
-5.478722e-11
-4.8563809e-11
-4.9827122e-11
-5.4680836e-11
-4.8803173e-11
-5.2925522e-11
-5.4335095e-11
-5.0265951e-11
-4.8377646e-11
-5.410903e-11
-5.1037216e-11
-4.8523921e-11
-5.2380305e-11
-5.5505302e-11
-4.7127649e-11
-5.3882964e-11
-4.9601039e-11
-4.9960099e-11
-5.0252649e-11
-4.904253e-11
-5.0890948e-11
-4.9361688e-11
-5.3404239e-11
-4.9401584e-11
-5.0531891e-11
-5.4800508e-11
-4.9002642e-11
-5.0997324e-11
-5.2726049e-11
-5.1289879e-11
-5.0571786e-11
-5.2646269e-11
-4.8351038e-11
-5.1835099e-11
-5.0252642e-11
-5.0292531e-11
-5.249998e-11
-5.0478698e-11
-5.075796e-11
-5.1422866e-11
-4.9135619e-11
-5.2300508e-11
-4.9534547e-11
-4.8776587e-11
-5.2579774e-11
-4.9667541e-11
-4.74468e-11
-5.0425521e-11
-5.3045193e-11
-4.99468e-11
-5.2566475e-11
-5.1688809e-11
-4.8630301e-11
-5.3430843e-11
-5.0811157e-11
-5.0053177e-11
-5.1502642e-11
-4.7353715e-11
-5.0039872e-11
-5.4215406e-11
-4.831115e-11
-5.2446793e-11
-5.3085095e-11
-4.6249983e-11
-4.9507964e-11
-5.0824456e-11
-4.74468e-11
-5.109041e-11
-5.0385619e-11
-5.0265937e-11
-4.9800521e-11
-4.940158e-11
-5.093085e-11
-4.7300518e-11
-5.2992017e-11
-5.0359036e-11
-4.698136e-11
-5.1409557e-11
-4.92686e-11
-4.8018596e-11
-5.1914875e-11
-5.257977e-11
-4.74468e-11
-5.3869666e-11
-4.9135619e-11
-4.529253e-11
-5.2406898e-11
-4.9135623e-11
-4.9720734e-11
-4.9973383e-11
-5.2087758e-11
-4.793882e-11
-5.2859026e-11
-5.059839e-11
-4.9228701e-11
-5.2061144e-11
-5.2579781e-11
-4.7845738e-11
-5.0917544e-11
-5.1968086e-11
-4.8018606e-11
-4.9308491e-11
-5.2792545e-11
-4.5159553e-11
-5.24202e-11
-4.4069141e-11
-5.2566472e-11
-5.1688806e-11
-4.8670203e-11
-4.9667534e-11
-4.7340409e-11
-5.2433495e-11
-4.7859026e-11
-4.9574459e-11
-5.2805836e-11
-4.801861e-11
-5.1582429e-11
-5.3178181e-11
-4.6928177e-11
-5.2061154e-11
-5.0824456e-11
-4.7686157e-11
-4.9547852e-11
-5.1422862e-11
-5.0039885e-11
-5.1728708e-11
-5.0146255e-11
-5.0239344e-11
-5.1449449e-11
-4.7353715e-11
-4.9800514e-11
-5.1688813e-11
-4.7686154e-11
-5.0119672e-11
-5.5651584e-11
-4.8989344e-11
-5.2672856e-11
-4.882978e-11
-4.940158e-11
-5.4614351e-11
-4.8444141e-11
-4.9015941e-11
-5.041222e-11
-4.7646262e-11
-5.067818e-11
-5.1941468e-11
-4.8430832e-11
-4.9561154e-11
-5.3763285e-11
-4.8510633e-11
-4.7739358e-11
-5.0186154e-11
-4.9773921e-11
-4.9680836e-11
-5.2047856e-11
-4.7167534e-11
-5.174201e-11
-4.9680836e-11
-4.7779235e-11
-4.7872324e-11
-4.7912233e-11
-4.7686164e-11
-5.0199452e-11
-5.0731377e-11
-4.749998e-11
-4.9853711e-11
-5.0172855e-11
-4.7074449e-11
-4.9428184e-11
-4.8311161e-11
-5.1914875e-11
-5.0731364e-11
-4.7699449e-11
-5.1555833e-11
-4.7101056e-11
-4.9694141e-11
-4.924201e-11
-4.5531905e-11
-4.9148925e-11
-5.030585e-11
-4.7845724e-11
-5.0159564e-11
-5.0505298e-11
-4.8803184e-11
-4.8390941e-11
-4.7300518e-11
-4.7792541e-11
-5.0146266e-11
-4.8603701e-11
-4.7327111e-11
-4.5385619e-11
-5.3045193e-11
-4.7672859e-11
-4.9202118e-11
-4.9481363e-11
-5.0505301e-11
-4.9255308e-11
-5.0093069e-11
-4.9893607e-11
-5.0784554e-11
-4.8311157e-11
-4.8922855e-11
-5.1117006e-11
-4.9640941e-11
-5.0611682e-11
-4.6622338e-11
-5.0518614e-11
-4.9468075e-11
-5.1489351e-11
-5.1422856e-11
-4.8031905e-11
-5.0930832e-11
-4.9454777e-11
-4.9614347e-11
-4.9986685e-11
-4.7579773e-11
-5.2805836e-11
-4.8976042e-11
-4.6795196e-11
-5.0771259e-11
-5.1755305e-11
-4.9441475e-11
-5.122338e-11
-4.7832429e-11
-4.9601056e-11
-5.2726056e-11
-4.4867013e-11
-4.8776577e-11
-5.2845731e-11
-4.4973393e-11
-5.0704774e-11
-4.5718079e-11
-5.3896262e-11
-4.9734029e-11
-4.9335088e-11
-5.272606e-11
-4.7912226e-11
-4.8457426e-11
-5.075796e-11
-4.7327111e-11
-5.1343076e-11
-4.7340406e-11
-4.7805839e-11
-5.0811147e-11
-4.6090409e-11
-4.9840417e-11
-5.0013278e-11
-4.8763285e-11
-5.0026587e-11
-5.1050521e-11
-4.9468065e-11
-4.7300514e-11
-5.0372331e-11
-5.1236678e-11
-4.7952121e-11
-4.8138278e-11
-5.1289875e-11
-4.9694134e-11
-4.6010629e-11
-4.9973387e-11
-5.109041e-11
-4.7074449e-11
-4.8470731e-11
-5.2194131e-11
-4.6914878e-11
-5.1861689e-11
-4.885637e-11
-4.7632967e-11
-5.2460092e-11
-4.8670193e-11
-4.9627649e-11
-4.9853711e-11
-5.0199456e-11
-4.7260622e-11
-5.0797862e-11
-4.9135633e-11
-5.30186e-11
-5.0744672e-11
-4.8510623e-11
-4.8962754e-11
-4.9720728e-11
-4.7699462e-11
-4.9055836e-11
-4.757977e-11
-4.8656894e-11
-4.8763285e-11
-4.9428177e-11
-5.005318e-11
-4.4999986e-11
-5.3231364e-11
-4.8563816e-11
-4.6595734e-11
-5.2632974e-11
-4.7101042e-11
-4.9840406e-11
-5.0385616e-11
-4.6795196e-11
-4.8763285e-11
-5.0877646e-11
-4.8590409e-11
-5.0678177e-11
-5.0624994e-11
-5.0053177e-11
-5.0678177e-11
-4.7686147e-11
-4.8643596e-11
-5.0531902e-11
-4.5904239e-11
-5.002658e-11
-5.046542e-11
-4.6914878e-11
-4.6808502e-11
-5.0531905e-11
-4.8497328e-11
-4.656913e-11
-5.007977e-11
-4.7726045e-11
-4.8457426e-11
-4.8896255e-11
-4.8683505e-11
-4.9707436e-11
-4.9547855e-11
-4.7380305e-11
-5.0053177e-11
-4.7273921e-11
-4.8656908e-11
-5.2047859e-11
-4.3603707e-11
-5.0678184e-11
-5.0265944e-11
-4.9095734e-11
-4.8151587e-11
-5.1728712e-11
-4.2699452e-11
-5.1835099e-11
-4.6369675e-11
-4.7114347e-11
-4.9853715e-11
-4.7393606e-11
-4.8231377e-11
-4.6755304e-11
-5.0345731e-11
-4.6728711e-11
-5.1183498e-11
-4.8271259e-11
-4.9361681e-11
-5.0319134e-11
-4.6848397e-11
-5.1781898e-11
-4.703456e-11
-4.8816479e-11
-5.2300518e-11
-4.7672845e-11
-4.55452e-11
-5.3218079e-11
-4.8231363e-11
-4.5851045e-11
-4.8829777e-11
-4.6183498e-11
-5.1117003e-11
-5.0691468e-11
-4.8976052e-11
-5.1489351e-11
-4.843085e-11
-4.6210091e-11
-5.2486682e-11
-4.6781908e-11
-4.8244672e-11
-4.9281901e-11
-4.9055829e-11
-4.9521259e-11
-5.005318e-11
-4.8736678e-11
-4.9335095e-11
-4.5797862e-11
-4.8058498e-11
-4.9228711e-11
-5.0624983e-11
-4.9773928e-11
-4.573137e-11
-4.8257971e-11
-4.953456e-11
-4.9468075e-11
-4.7859026e-11
-4.924201e-11
-4.6143603e-11
-4.7765951e-11
-5.2034561e-11
-4.6050521e-11
-4.9308491e-11
-4.8922862e-11
-4.6928184e-11
-5.0013292e-11
-4.7460091e-11
-4.7353711e-11
-4.9574449e-11
-4.9760623e-11
-4.7632967e-11
-4.6781901e-11
-5.2779236e-11
-4.8497324e-11
-4.7340409e-11
-4.8497328e-11
-4.9374987e-11
-4.7805846e-11
-4.5305835e-11
-5.0265948e-11
-4.7247321e-11
-4.6063819e-11
-4.9202118e-11
-4.6662226e-11
-5.2194134e-11
-4.4720734e-11
-4.9095731e-11
-5.0478705e-11
-4.3484036e-11
-5.1343072e-11
-4.6343075e-11
-4.9933491e-11
-4.6316478e-11
-4.5611681e-11
-5.11436e-11
-4.6755308e-11
-4.986701e-11
-4.7859033e-11
-4.5598386e-11
-4.9867003e-11
-4.9973393e-11
-4.7247321e-11
-4.630318e-11
-4.8324452e-11
-4.8603711e-11
-4.8736678e-11
-4.7087747e-11
-4.4946803e-11
-5.114361e-11
-4.8749983e-11
-4.6502656e-11
-4.9255301e-11
-4.809839e-11
-4.7553173e-11
-4.9268603e-11
-4.8204763e-11
-4.7340406e-11
-5.0319134e-11
-4.7260612e-11
-4.7287219e-11
-4.8922862e-11
-4.7287219e-11
-5.0093076e-11
-4.6476052e-11
-4.8630312e-11
-4.8816472e-11
-4.6103701e-11
-5.1436161e-11
-4.8058498e-11
-5.0279232e-11
-4.6289878e-11
-4.9388282e-11
-5.0332443e-11
-4.5638278e-11
-4.9867013e-11
-4.6622328e-11
-4.589094e-11
-5.0944134e-11
-4.8138295e-11
-4.521275e-11
-5.0079774e-11
-4.5877645e-11
-4.6037223e-11
-5.2938817e-11
-4.5771272e-11
-4.5917534e-11
-5.3936151e-11
-4.5797859e-11
-4.9109026e-11
-5.0824456e-11
-4.5718072e-11
-5.0757964e-11
-4.6316468e-11
-4.9148921e-11
-4.9481374e-11
-4.7220727e-11
-5.0345731e-11
-4.7460084e-11
-5.1037223e-11
-4.9640941e-11
-4.4906898e-11
-5.0106374e-11
-4.6888295e-11
-4.9547859e-11
-4.7646265e-11
-4.9109033e-11
-4.5970731e-11
-4.7340409e-11
-4.7819124e-11
-4.6954777e-11
-4.823137e-11
-4.8537212e-11
-4.9122328e-11
-5.1210092e-11
-4.6595734e-11
-5.0611675e-11
-4.6808491e-11
-4.9787223e-11
-4.9361681e-11
-4.8138288e-11
-5.0784564e-11
-4.7087747e-11
-4.9215406e-11
-5.0492006e-11
-4.6369665e-11
-4.7925518e-11
-4.8816472e-11
-4.7473386e-11
-5.343084e-11
-4.6622328e-11
-4.9055836e-11
-4.7327111e-11
-4.6675514e-11
-5.0585088e-11
-4.6023921e-11
-4.8590409e-11
-4.8816482e-11
-4.6954766e-11
-4.9853715e-11
-4.7699452e-11
-5.0398925e-11
-5.0305846e-11
-4.682179e-11
-4.8882967e-11
-4.9388282e-11
-4.6529242e-11
-4.7539878e-11
-4.994679e-11
-4.6981363e-11
-4.7992006e-11
-4.771275e-11
-4.9720728e-11
-4.9202111e-11
-4.9202108e-11
-4.9095731e-11
-4.6502645e-11
-5.1196786e-11
-4.8151587e-11
-4.7912219e-11
-4.92686e-11
-4.9933495e-11
-4.7007963e-11
-4.880317e-11
-4.8936161e-11
-4.8763278e-11
-4.5678177e-11
-5.1422866e-11
-5.0784564e-11
-4.7287223e-11
-4.8390941e-11
-4.9906905e-11
-4.734042e-11
-5.2127646e-11
-4.6888281e-11
-4.7353704e-11
-4.8723383e-11
-4.6861688e-11
-4.9268607e-11
-4.744679e-11
-4.8843075e-11
-4.8710092e-11
-4.8457426e-11
-4.8271265e-11
-4.7340409e-11
-5.0531909e-11
-4.7553187e-11
-4.7898917e-11
-5.0984029e-11
-4.7938813e-11
-4.8710092e-11
-5.1888282e-11
-4.575797e-11
-4.5638281e-11
-5.0119676e-11
-4.5944137e-11
-4.8976049e-11
-4.6928173e-11
-4.9813823e-11
-4.9521262e-11
-4.6728711e-11
-5.0571786e-11
-4.8058495e-11
-4.5531901e-11
-5.1276573e-11
-4.848404e-11
-4.5385619e-11
-4.8989358e-11
-4.4441468e-11
-4.7034564e-11
-4.8869669e-11
-4.7872324e-11
-4.9734029e-11
-4.591753e-11
-4.9348393e-11
-5.0292541e-11
-4.92952e-11
-4.7832439e-11
-4.440158e-11
-4.8962754e-11
-4.6130304e-11
-4.8151576e-11
-4.7765947e-11
-4.8324445e-11
-4.9414882e-11
-4.4973386e-11
-4.8284564e-11
-4.6781908e-11
-4.5332432e-11
-4.9202111e-11
-4.6968072e-11
-4.6249997e-11
-5.1555836e-11
-4.4122331e-11
-4.7194141e-11
-4.8430839e-11
-5.0492006e-11
-4.7247328e-11
-4.651594e-11
-4.9614347e-11
-4.8151583e-11
-4.6609029e-11
-4.9840417e-11
-4.6037216e-11
-4.7539878e-11
-5.1396259e-11
-4.7180839e-11
-4.8337754e-11
-4.8031901e-11
-4.6263281e-11
-4.7300518e-11
-4.9175511e-11
-4.6090413e-11
-4.6768613e-11
-5.1582429e-11
-4.7553173e-11
-4.5106373e-11
-5.3457436e-11
-4.3856366e-11
-4.8444127e-11
-5.0545193e-11
-4.6635622e-11
-5.0199449e-11
-4.7260622e-11
-4.5332432e-11
-5.1023928e-11
-4.5119668e-11
-4.6289871e-11
-4.7499987e-11
-4.8922855e-11
-4.8470734e-11
-4.5970731e-11
-4.8882974e-11
-4.7140947e-11
-4.4973397e-11
-4.9015944e-11
-4.7978708e-11
-4.7779228e-11
-4.7898924e-11
-4.6276587e-11
-4.92686e-11
-4.6688823e-11
-4.6821793e-11
-4.9055846e-11
-4.8430843e-11
-4.7526583e-11
-4.9122331e-11
-4.8590413e-11
-4.9175518e-11
-4.640956e-11
-4.8710098e-11
-5.0638289e-11
-4.7539871e-11
-4.3058501e-11
-5.1436161e-11
-4.7952121e-11
-4.3284563e-11
-5.0598397e-11
-4.7805839e-11
-4.6715416e-11
-4.7539885e-11
-4.9202111e-11
-4.9441472e-11
-4.812499e-11
-4.6422866e-11
-4.9614347e-11
-4.4441475e-11
-4.7925511e-11
-4.7114351e-11
-5.0465413e-11
-4.7593065e-11
-4.5305835e-11
-4.8763285e-11
-4.9853704e-11
-4.8816479e-11
-4.880318e-11
-5.0930832e-11
-4.6768606e-11
-4.706115e-11
-4.8058498e-11
-4.6595731e-11
-4.690158e-11
-4.9055843e-11
-4.5691485e-11
-4.7965413e-11
-4.9986695e-11
-4.5226056e-11
-4.7952115e-11
-4.8537216e-11
-4.7646262e-11
-4.6994669e-11
-4.7380298e-11
-4.5757956e-11
-4.8590413e-11
-4.7779232e-11
-4.5877645e-11
-4.8058495e-11
-4.6023921e-11
-4.7420203e-11
-4.8763285e-11
-4.8856374e-11
-4.7606367e-11
-4.5398924e-11
-4.757977e-11
-4.8324459e-11
-4.8284553e-11
-4.6515937e-11
-4.7978708e-11
-4.7925511e-11
-4.5452114e-11
-4.7513288e-11
-4.9042537e-11
-4.7686154e-11
-4.8311157e-11
-4.7779242e-11
-4.9547855e-11
-4.67952e-11
-4.9760623e-11
-4.5385626e-11
-4.4454777e-11
-5.046541e-11
-4.7646262e-11
-4.9135623e-11
-4.7380308e-11
-4.7273914e-11
-4.8324452e-11
-4.6422852e-11
-5.1050521e-11
-4.5624983e-11
-4.7273914e-11
-5.11968e-11
-4.49468e-11
-4.9481363e-11
-5.1063809e-11
-4.6210091e-11
-4.8005301e-11
-4.711434e-11
-4.9055829e-11
-4.8976042e-11
-4.4800507e-11
-4.3457443e-11
-5.1954777e-11
-4.8271265e-11
-4.8510623e-11
-4.7898924e-11
-4.7340409e-11
-4.8058502e-11
-4.7287223e-11
-4.7180832e-11
-4.8484019e-11
-4.6941472e-11
-4.8297862e-11
-4.7805825e-11
-4.9281895e-11
-4.398935e-11
-5.0212751e-11
-4.5611685e-11
-4.4667537e-11
-5.2792541e-11
-4.7154232e-11
-4.7393603e-11
-4.9162226e-11
-4.8497324e-11
-4.5824455e-11
-4.8962747e-11
-4.7446793e-11
-4.5598386e-11
-4.7579773e-11
-4.9521266e-11
-3.8949455e-11
-4.9281901e-11
-4.8417541e-11
-4.2460098e-11
-5.062498e-11
-4.7499987e-11
-4.3603721e-11
-4.847072e-11
-4.6356367e-11
-4.5757974e-11
-4.7805836e-11
-4.7473386e-11
-4.8430832e-11
-4.986701e-11
-4.398935e-11
-4.9228711e-11
-4.8231367e-11
-4.7127649e-11
-4.80186e-11
-4.7340406e-11
-4.5851052e-11
-4.6555836e-11
-4.9521262e-11
-4.5718079e-11
-4.8683491e-11
-4.6635626e-11
-4.523935e-11
-4.7739351e-11
-4.6289878e-11
-4.6289878e-11
-5.0199456e-11
-4.4720727e-11
-4.9694131e-11
-4.8218079e-11
-4.9055836e-11
-4.7566475e-11
-4.6529242e-11
-4.7978715e-11
-4.8829774e-11
-4.4867009e-11
-4.9255305e-11
-4.614361e-11
-4.8151583e-11
-4.9308502e-11
-4.8510619e-11
-4.8005312e-11
-4.4946793e-11
-5.1449456e-11
-4.7513285e-11
-4.6329777e-11
-4.9800514e-11
-4.7154239e-11
-4.4109025e-11
-4.6236698e-11
-5.0292531e-11
-4.3098389e-11
-4.7327118e-11
-5.1090399e-11
-4.7260636e-11
-4.6688809e-11
-4.4547858e-11
-4.970744e-11
-4.6223393e-11
-4.5492013e-11
-5.2925522e-11
-4.5119668e-11
-4.6356381e-11
-4.8271265e-11
-4.6223379e-11
-4.9042537e-11
-4.7885626e-11
-4.5837754e-11
-4.8763285e-11
-4.9335088e-11
-4.5412219e-11
-5.0305846e-11
-4.4122327e-11
-5.0039882e-11
-4.7313813e-11
-5.0265944e-11
-4.7832439e-11
-4.7965409e-11
-4.7287223e-11
-4.627658e-11
-5.2952111e-11
-4.5638288e-11
-4.9627646e-11
-4.9640944e-11
-4.7938813e-11
-4.7978708e-11
-4.9787219e-11
-4.6768603e-11
-5.1210092e-11
-4.6609026e-11
-4.6742006e-11
-4.9215403e-11
-4.8749987e-11
-4.7686157e-11
-5.0545193e-11
-4.8803184e-11
-4.9095734e-11
-4.7140944e-11
-4.7327118e-11
-4.6502656e-11
-4.9268607e-11
-4.7752642e-11
-4.92686e-11
-4.7765947e-11
-4.9441472e-11
-4.6476052e-11
-4.6462747e-11
-4.9268607e-11
-4.3231363e-11
-5.1715413e-11
-4.5359033e-11
-4.703456e-11
-5.015955e-11
-4.7672859e-11
-4.7406905e-11
-4.8284567e-11
-4.8151576e-11
-4.6023921e-11
-4.5611685e-11
-5.0771255e-11
-4.6994669e-11
-4.4521262e-11
-5.0199452e-11
-4.6595734e-11
-4.4973386e-11
-5.043882e-11
-4.6781908e-11
-4.8577115e-11
-4.3390947e-11
-4.9614347e-11
-4.5026573e-11
-4.9734029e-11
-4.8231363e-11
-4.6143599e-11
-4.8776587e-11
-4.6529242e-11
-4.4441482e-11
-4.8736692e-11
-4.5771258e-11
-4.7393606e-11
-4.9587754e-11
-4.5651583e-11
-4.5465413e-11
-5.1981371e-11
-4.3843061e-11
-4.9960099e-11
-4.8617006e-11
-4.5252649e-11
-5.2460088e-11
-4.7420196e-11
-4.7486685e-11
-4.7978715e-11
-4.8271255e-11
-4.6768603e-11
-5.0904236e-11
-5.0664872e-11
-4.2672862e-11
-5.2686168e-11
-4.9295196e-11
-4.6595734e-11
-4.7978704e-11
-4.6622328e-11
-4.573137e-11
-5.0013285e-11
-4.6742006e-11
-4.92952e-11
-4.7898924e-11
-4.940158e-11
-4.6369662e-11
-4.4800521e-11
-4.7952111e-11
-4.698137e-11
-4.5997321e-11
-4.7925511e-11
-4.9002649e-11
-4.8151573e-11
-4.7021265e-11
-5.007977e-11
-4.7207429e-11
-4.453456e-11
-5.1449459e-11
-4.4308494e-11
-4.5598397e-11
-4.9720728e-11
-4.4667551e-11
-4.7539882e-11
-4.9853718e-11
-4.5930839e-11
-4.7127649e-11
-4.7779242e-11
-4.7007957e-11
-4.8962747e-11
-4.8523928e-11
-5.041222e-11
-5.0691475e-11
-4.3683498e-11
-4.7898917e-11
-5.3058499e-11
-4.3869665e-11
-5.0957433e-11
-4.5824466e-11
-4.7393603e-11
-4.9747331e-11
-4.2632967e-11
-5.1702111e-11
-4.8151587e-11
-4.6888275e-11
-5.0744672e-11
-4.4867002e-11
-4.6781898e-11
-5.0425528e-11
-4.3563816e-11
-5.3164872e-11
-4.9773914e-11
-4.2925517e-11
-5.2553177e-11
-4.8457433e-11
-4.6369669e-11
-4.5624983e-11
-5.1196797e-11
-4.393616e-11
-4.9601052e-11
-4.7247335e-11
-4.7526587e-11
-4.8749987e-11
-4.6702118e-11
-4.6981363e-11
-4.874998e-11
-4.6835098e-11
-4.7619669e-11
-4.5039871e-11
-4.9042534e-11
-4.3191478e-11
-4.8829774e-11
-4.7819134e-11
-5.0106374e-11
-4.5146265e-11
-4.7393603e-11
-5.0664882e-11
-4.763297e-11
-4.6143603e-11
-5.1396262e-11
-4.4986685e-11
-4.8430839e-11
-4.8005308e-11
-4.711434e-11
-4.6103711e-11
-4.6316478e-11
-4.7207429e-11
-4.8470727e-11
-4.8297859e-11
-4.5305829e-11
-4.809839e-11
-4.7672862e-11
-4.4494668e-11
-5.17952e-11
-4.6502645e-11
-4.7367003e-11
-4.8497324e-11
-4.7140934e-11
-4.6409557e-11
-4.7180839e-11
-4.5252652e-11
-4.8284557e-11
-4.8710081e-11
-4.5771265e-11
-4.6183491e-11
-5.0997324e-11
-4.9494665e-11
-4.6303184e-11
-4.8151597e-11
-5.0372331e-11
-4.67952e-11
-4.6103711e-11
-5.0212758e-11
-4.3444127e-11
-4.7872324e-11
-5.0478718e-11
-4.4215413e-11
-5.1369669e-11
-4.6037212e-11
-4.3577107e-11
-5.0957426e-11
-4.7433498e-11
-4.3909557e-11
-4.8603718e-11
-4.8696797e-11
-4.6090416e-11
-5.1768607e-11
-4.4880311e-11
-4.8882974e-11
-4.6994658e-11
-4.581115e-11
-4.9853704e-11
-4.502658e-11
-4.8377639e-11
-4.9468065e-11
-4.5425521e-11
-4.9361678e-11
-4.7792544e-11
-4.4361681e-11
-5.0398914e-11
-4.880318e-11
-4.8869662e-11
-4.8457436e-11
-4.5319134e-11
-5.0492013e-11
-4.4973393e-11
-4.8922862e-11
-4.7526587e-11
-4.7859033e-11
-4.7513285e-11
-4.7433495e-11
-4.711434e-11
-4.812498e-11
-4.847072e-11
-4.9135623e-11
-4.6210098e-11
-4.86436e-11
-4.6781898e-11
-4.5851052e-11
-5.0026584e-11
-4.5066475e-11
-4.6196789e-11
-4.8843065e-11
-4.5704777e-11
-4.6422862e-11
-4.9707429e-11
-4.8005301e-11
-4.5332432e-11
-5.0518596e-11
-5.0093076e-11
-4.0212757e-11
-5.1555833e-11
-4.6409557e-11
-4.7167537e-11
-4.9747328e-11
-4.9481374e-11
-4.7353718e-11
-4.6170189e-11
-5.0505312e-11
-4.3869668e-11
-4.7872324e-11
-4.8151587e-11
-4.6037223e-11
-4.8337754e-11
-4.7872324e-11
-4.4574459e-11
-4.9880312e-11
-4.7872321e-11
-4.5491999e-11
-5.1170203e-11
-4.5319134e-11
-4.5571796e-11
-4.7446793e-11
-4.5518606e-11
-4.6861688e-11
-4.5398924e-11
-4.9202111e-11
-4.6077104e-11
-4.877658e-11
-4.9202108e-11
-4.5093065e-11
-5.1994669e-11
-4.3789875e-11
-4.6276576e-11
-4.937499e-11
-4.4680835e-11
-4.9507967e-11
-4.9082426e-11
-4.8670196e-11
-4.5851045e-11
-4.7779235e-11
-4.9561164e-11
-4.4494668e-11
-5.0651584e-11
-4.611701e-11
-4.9494658e-11
-4.7992006e-11
-4.6781898e-11
-5.1369665e-11
-4.2087753e-11
-5.2047856e-11
-4.5372334e-11
-4.6648931e-11
-5.0212758e-11
-4.4521262e-11
-5.0771259e-11
-4.6409553e-11
-4.6781894e-11
-4.9813816e-11
-4.3909553e-11
-5.0558488e-11
-4.8643596e-11
-4.2752642e-11
-5.0239354e-11
-4.7712761e-11
-4.5744672e-11
-5.1077118e-11
-4.7087747e-11
-4.7194134e-11
-4.9414882e-11
-4.7553173e-11
-4.861701e-11
-4.8736692e-11
-4.581116e-11
-4.6023928e-11
-5.0890948e-11
-4.7207429e-11
-4.8444141e-11
-4.7965413e-11
-4.9042537e-11
-4.684839e-11
-4.8537216e-11
-4.9002646e-11
-4.5106363e-11
-4.6835095e-11
-4.8098397e-11
-4.7273924e-11
-4.5784567e-11
-4.6090402e-11
-4.6037223e-11
-4.6835088e-11
-4.5598379e-11
-5.0851059e-11
-4.6143603e-11
-4.7367013e-11
-4.7087747e-11
-4.7952111e-11
-4.934839e-11
-4.515956e-11
-4.9281908e-11
-4.9867013e-11
-4.4680839e-11
-5.0611685e-11
-4.7659564e-11
-4.5026587e-11
-5.0877642e-11
-4.7513278e-11
-4.6130304e-11
-4.7898917e-11
-4.9640934e-11
-4.6742006e-11
-4.7765944e-11
-4.4920203e-11
-4.9654239e-11
-4.2499986e-11
-4.8404246e-11
-4.9175518e-11
-4.2619668e-11
-4.7234022e-11
-4.9654232e-11
-4.3364343e-11
-5.0917541e-11
-4.6622324e-11
-4.3497334e-11
-5.1130312e-11
-4.5345738e-11
-4.7287219e-11
-4.8404239e-11
-4.6622324e-11
-4.4813812e-11
-4.9148918e-11
-4.4521262e-11
-4.885637e-11
-4.7114337e-11
-4.7579773e-11
-4.7380308e-11
-4.6223383e-11
-5.2593065e-11
-4.6010629e-11
-4.7380308e-11
-4.9295186e-11
-4.4507963e-11
-4.8098397e-11
-4.8962744e-11
-4.9162219e-11
-4.4906898e-11
-4.6595734e-11
-4.9960092e-11
-4.8364344e-11
-5.054519e-11
-4.6010622e-11
-4.8191486e-11
-5.0132974e-11
-4.611701e-11
-4.7686154e-11
-4.6861688e-11
-4.9893596e-11
-4.9215416e-11
-4.6728701e-11
-5.1409557e-11
-4.7287216e-11
-4.7061154e-11
-4.9933498e-11
-4.8005301e-11
-4.6688823e-11
-4.6196796e-11
-4.9281898e-11
-4.9973387e-11
-4.1582428e-11
-5.1249997e-11
-4.515955e-11
-4.9893593e-11
-4.7845724e-11
-4.5864344e-11
-4.9428177e-11
-4.2885633e-11
-5.1755305e-11
-4.3590413e-11
-5.0970735e-11
-4.9069131e-11
-4.3962757e-11
-5.0026584e-11
-4.6688809e-11
-5.1515937e-11
-4.7047852e-11
-4.695477e-11
-4.5252649e-11
-5.1569131e-11
-4.8297859e-11
-4.5199455e-11
-5.0066475e-11
-5.0345738e-11
-4.3896262e-11
-4.9441475e-11
-4.6555836e-11
-4.7047855e-11
-4.9348397e-11
-4.7446793e-11
-4.7726042e-11
-4.7859022e-11
-4.841753e-11
-4.4760622e-11
-4.8989347e-11
-4.9188813e-11
-4.4507967e-11
-4.9308502e-11
-4.5226056e-11
-4.5571793e-11
-4.6861681e-11
-4.6183498e-11
-4.8909567e-11
-4.3058494e-11
-5.0970721e-11
-4.7579767e-11
-4.7712761e-11
-4.7061157e-11
-4.7446803e-11
-4.8191479e-11
-4.4029239e-11
-5.023934e-11
-4.515956e-11
-5.05186e-11
-4.7606367e-11
-4.6130304e-11
-4.5385629e-11
-4.5957432e-11
-4.7765944e-11
-4.5531901e-11
-4.7819138e-11
-4.6622328e-11
-4.9082436e-11
-4.7140947e-11
-4.4507963e-11
-4.9680836e-11
-4.4281901e-11
-4.8869669e-11
-4.7925518e-11
-4.6037216e-11
-4.8603708e-11
-4.5039871e-11
-4.559839e-11
-4.6529242e-11
-4.6156912e-11
-4.8656894e-11
-4.5771265e-11
-4.4946793e-11
-4.948137e-11
-4.6662219e-11
-4.5611681e-11
-4.671542e-11
-4.8111695e-11
-4.5571793e-11
-4.9694141e-11
-4.9202108e-11
-4.2938812e-11
-4.9175518e-11
-4.8151587e-11
-4.3218068e-11
-4.9109029e-11
-4.8683498e-11
-4.5505308e-11
-4.6449455e-11
-5.0465406e-11
-4.6861681e-11
-4.6648935e-11
-4.9747328e-11
-4.5292537e-11
-4.9082422e-11
-4.755318e-11
-4.5332432e-11
-4.9321793e-11
-4.6994665e-11
-4.7553177e-11
-4.4122327e-11
-4.6635619e-11
-4.6728715e-11
-4.700797e-11
-4.6569137e-11
-4.80452e-11
-4.8869669e-11
-4.4414878e-11
-4.7553173e-11
-5.1183491e-11
-4.5013278e-11
-4.8617017e-11
-4.6795193e-11
-4.6821793e-11
-4.9374983e-11
-4.461435e-11
-4.8257957e-11
-4.5292544e-11
-4.4973376e-11
-4.9734022e-11
-4.5425518e-11
-4.7938813e-11
-5.038563e-11
-4.6170196e-11
-4.7340409e-11
-4.7845731e-11
-4.7220734e-11
-4.8683498e-11
-4.5757963e-11
-4.970744e-11
-4.6476049e-11
-4.7819134e-11
-4.6808495e-11
-4.8962757e-11
-4.7579773e-11
-4.7087757e-11
-4.6609026e-11
-4.7340416e-11
-4.7034557e-11
-4.5984029e-11
-4.9109033e-11
-4.3789878e-11
-4.8404246e-11
-4.9680836e-11
-4.523935e-11
-4.8244655e-11
-4.6555832e-11
-5.0492006e-11
-4.5930832e-11
-4.7845727e-11
-5.0292537e-11
-4.4082436e-11
-4.7127646e-11
-4.4880304e-11
-4.8005308e-11
-4.8244665e-11
-4.5731367e-11
-4.9720728e-11
-4.5558494e-11
-4.8789878e-11
-4.630318e-11
-4.7739344e-11
-4.8098397e-11
-4.6196789e-11
-4.877658e-11
-4.5505311e-11
-4.7207439e-11
-4.7965399e-11
-4.5119668e-11
-4.7752642e-11
-4.4055835e-11
-4.8178177e-11
-4.953456e-11
-4.7207429e-11
-4.5638281e-11
-4.8071793e-11
-4.5199455e-11
-4.9122317e-11
-4.8178177e-11
-4.5970731e-11
-4.8922862e-11
-4.8191475e-11
-4.4867009e-11
-4.757978e-11
-4.5492003e-11
-4.744679e-11
-4.5252642e-11
-4.5279235e-11
-4.8031894e-11
-4.385637e-11
-4.8390941e-11
-4.4468075e-11
-4.7672869e-11
-5.0984036e-11
-4.1436153e-11
-4.9175514e-11
-4.5864354e-11
-4.5651576e-11
-4.7739351e-11
-4.690159e-11
-4.5412219e-11
-4.6462747e-11
-4.5917544e-11
-4.6542537e-11
-4.638296e-11
-4.4787223e-11
-4.8882974e-11
-4.8430839e-11
-4.7699452e-11
-4.6396262e-11
-4.6249986e-11
-5.1170197e-11
-4.2779242e-11
-4.6821793e-11
-4.8670193e-11
-4.4308501e-11
-4.434839e-11
-4.5824445e-11
-4.8696797e-11
-4.513296e-11
-4.6675511e-11
-4.948136e-11
-4.3404245e-11
-5.0438813e-11
-4.5425528e-11
-4.7912212e-11
-4.567817e-11
-4.8603718e-11
-4.7353711e-11
-4.4308501e-11
-4.8071793e-11
-4.7752642e-11
-4.4973386e-11
-4.8124983e-11
-4.7712747e-11
-4.7087747e-11
-4.6702111e-11
-4.5837754e-11
-4.7566475e-11
-4.8470734e-11
-4.5252642e-11
-4.6343072e-11
-4.8510623e-11
-4.8018606e-11
-4.7859033e-11
-4.5013285e-11
-4.4335098e-11
-4.9747331e-11
-4.4773924e-11
-4.4494668e-11
-4.7127649e-11
-4.7566472e-11
-4.4361678e-11
-4.9002642e-11
-4.8058498e-11
-4.5425511e-11
-4.6795193e-11
-4.9069138e-11
-4.6156898e-11
-4.6675511e-11
-4.7792541e-11
-4.6329763e-11
-4.4720727e-11
-4.7167541e-11
-4.8151587e-11
-4.7752642e-11
-4.5757963e-11
-5.1675518e-11
-4.736701e-11
-4.6103701e-11
-4.9188823e-11
-4.9374983e-11
-4.8204784e-11
-4.2898924e-11
-5.2207436e-11
-4.6329763e-11
-4.3869665e-11
-5.0053166e-11
-4.6728715e-11
-4.8151587e-11
-4.7526583e-11
-4.521275e-11
-5.1968076e-11
-4.4694134e-11
-4.589094e-11
-5.1356371e-11
-4.515956e-11
-4.8896255e-11
-4.9148907e-11
-4.4773921e-11
-4.589094e-11
-4.5505301e-11
-4.92686e-11
-4.4680835e-11
-4.8297862e-11
-4.3497324e-11
-5.0252642e-11
-4.7752649e-11
-4.3803173e-11
-4.9827118e-11
-4.5186153e-11
-4.9082429e-11
-4.8457436e-11
-4.4109032e-11
-4.7367003e-11
-4.6808495e-11
-4.6835084e-11
-4.773934e-11
-4.5851059e-11
-4.4694134e-11
-4.8218072e-11
-4.5412219e-11
-4.7061154e-11
-4.6781898e-11
-4.7606374e-11
-4.9827111e-11
-4.4787216e-11
-4.6343075e-11
-4.6702118e-11
-4.695477e-11
-4.7207429e-11
-4.6941472e-11
-4.8297859e-11
-4.3337754e-11
-4.9946793e-11
-4.4188819e-11
-4.825796e-11
-4.687499e-11
-4.6781901e-11
-4.7353711e-11
-4.5226045e-11
-4.5305835e-11
-4.92686e-11
-4.6183498e-11
-4.6117016e-11
-4.7712747e-11
-4.5904239e-11
-4.8843072e-11
-4.4601052e-11
-4.7872331e-11
-4.583775e-11
-4.7619676e-11
-4.6968065e-11
-4.74202e-11
-4.8537216e-11
-4.5066471e-11
-4.513297e-11
-4.5518599e-11
-4.5172855e-11
-4.6821793e-11
-4.6569141e-11
-4.9973393e-11
-4.6303173e-11
-4.5757963e-11
-4.6622328e-11
-4.6688809e-11
-5.0944138e-11
-4.5106367e-11
-4.4175517e-11
-4.9827111e-11
-4.80186e-11
-4.5811167e-11
-4.5146255e-11
-4.8351049e-11
-4.7686157e-11
-5.0744665e-11
-4.757977e-11
-4.8045193e-11
-4.6023921e-11
-4.6848393e-11
-4.8789875e-11
-4.3404245e-11
-4.6263285e-11
-5.0571804e-11
-4.3976052e-11
-4.6981377e-11
-4.9800514e-11
-4.7140947e-11
-4.4893603e-11
-4.5731367e-11
-5.1117006e-11
-4.385637e-11
-4.5531905e-11
-5.2606367e-11
-4.43218e-11
-4.7726045e-11
-4.9893593e-11
-4.6382967e-11
-4.5319144e-11
-4.825796e-11
-4.999999e-11
-4.3417533e-11
-4.6874987e-11
-4.6742013e-11
-4.8723393e-11
-4.1502645e-11
-4.9561164e-11
-4.581116e-11
-4.643616e-11
-4.461434e-11
-5.0093069e-11
-4.4374986e-11
-4.8537226e-11
-4.7140947e-11
-4.5944134e-11
-5.002658e-11
-4.755318e-11
-4.7805836e-11
-4.640956e-11
-4.9188813e-11
-4.6954777e-11
-5.0811147e-11
-4.4454777e-11
-5.2300508e-11
-4.4734022e-11
-4.6848383e-11
-5.0930832e-11
-4.6994665e-11
-4.5398928e-11
-4.9401584e-11
-4.7765937e-11
-4.9521266e-11
-5.1050521e-11
-4.4069137e-11
-4.6715413e-11
-4.5917534e-11
-4.4813812e-11
-5.1835095e-11
-4.6183501e-11
-4.466754e-11
-4.9361681e-11
-4.5651573e-11
-4.817818e-11
-4.809839e-11
-4.8882967e-11
-4.5066471e-11
-4.7446803e-11
-4.7898928e-11
-4.6143603e-11
-4.8723379e-11
-4.812498e-11
-4.1702111e-11
-4.8962747e-11
-4.3390947e-11
-4.8271259e-11
-4.4760622e-11
-4.6715413e-11
-4.6569141e-11
-4.6329766e-11
-4.7154232e-11
-4.643615e-11
-4.6874983e-11
-4.7699452e-11
-4.6928177e-11
-4.7313813e-11
-4.8523928e-11
-4.6582429e-11
-4.706115e-11
-4.893615e-11
-4.5984026e-11
-5.1063816e-11
-4.6968079e-11
-4.3896258e-11
-4.9281908e-11
-4.5146265e-11
-4.7499987e-11
-4.9640944e-11
-4.6874997e-11
-4.4960091e-11
-4.8949459e-11
-4.6210091e-11
-4.3244675e-11
-4.9720734e-11
-4.7460088e-11
-4.0345737e-11
-4.6542537e-11
-4.8537223e-11
-4.3577114e-11
-4.8257971e-11
-4.6648917e-11
-4.4441471e-11
-4.8297862e-11
-4.440159e-11
-4.7021265e-11
-5.0571797e-11
-4.5797862e-11
-4.8656905e-11
-4.6635626e-11
-4.4827118e-11
-4.9707429e-11
-4.6529242e-11
-4.8124983e-11
-4.4867013e-11
-4.505318e-11
-4.9335095e-11
-4.385637e-11
-4.5505311e-11
-5.0279246e-11
-4.445478e-11
-4.6023928e-11
-4.9308495e-11
-4.8071803e-11
-4.5305835e-11
-4.7898917e-11
-4.8723379e-11
-4.6329766e-11
-4.5359026e-11
-4.8324459e-11
-4.9015944e-11
-4.1888281e-11
-5.3603712e-11
-4.6688813e-11
-4.4441475e-11
-4.9135633e-11
-4.4667537e-11
-4.9388285e-11
-4.2180835e-11
-4.864361e-11
-4.6090416e-11
-4.7061157e-11
-4.9694134e-11
-4.5332443e-11
-4.9175514e-11
-4.7154242e-11
-4.5146265e-11
-4.8058498e-11
-4.6928184e-11
-4.3723393e-11
-4.6595738e-11
-5.2406902e-11
-4.4720734e-11
-4.3005311e-11
-5.1063816e-11
-4.6848397e-11
-4.9202111e-11
-4.6382953e-11
-4.4428176e-11
-4.7114351e-11
-4.6941475e-11
-4.5398924e-11
-4.638296e-11
-4.6289889e-11
-4.5664885e-11
-4.5252649e-11
-4.6422866e-11
-4.7273935e-11
-4.7047866e-11
-4.9694131e-11
-4.284573e-11
-5.1156895e-11
-4.6635619e-11
-4.5093082e-11
-4.9055843e-11
-4.6422862e-11
-4.7699455e-11
-4.9468065e-11
-4.3470734e-11
-4.8829767e-11
-4.6582429e-11
-4.2367009e-11
-4.7087754e-11
-4.9694131e-11
-4.5039878e-11
-4.5824445e-11
-4.6688809e-11
-4.7992006e-11
-4.4853704e-11
-4.2247331e-11
-4.8683502e-11
-4.5452111e-11
-4.7473397e-11
-4.6316478e-11
-4.7273921e-11
-4.5970731e-11
-4.448137e-11
-4.8364354e-11
-4.4680832e-11
-4.817818e-11
-4.8789885e-11
-4.7247331e-11
-4.4162219e-11
-4.7021272e-11
-4.7180839e-11
-4.7114351e-11
-4.7486685e-11
-4.7952111e-11
-4.5066482e-11
-4.7420196e-11
-4.5904235e-11
-4.7885629e-11
-4.6928177e-11
-4.3656898e-11
-4.9880305e-11
-4.7087761e-11
-4.6396269e-11
-4.6941475e-11
-4.9374983e-11
-4.5292544e-11
-4.7234029e-11
-4.8404256e-11
-4.4095734e-11
-4.6183491e-11
-5.1183491e-11
-4.1396268e-11
-4.7287223e-11
-5.059839e-11
-4.6329777e-11
-5.0066472e-11
-4.6303187e-11
-4.575797e-11
-4.4614347e-11
-4.7739333e-11
-4.7473393e-11
-4.4414878e-11
-4.9773925e-11
-4.8178177e-11
-4.7047866e-11
-4.6462754e-11
-4.7819138e-11
-4.5624993e-11
-4.7247328e-11
-4.7486681e-11
-4.6037216e-11
-4.8297859e-11
-4.5226049e-11
-4.7260626e-11
-4.8045193e-11
-4.3111688e-11
-4.6289885e-11
-4.8550521e-11
-4.4827121e-11
-4.6808495e-11
-4.6874997e-11
-4.5492003e-11
-4.5757963e-11
-4.7207436e-11
-4.5066482e-11
-4.573137e-11
-4.682179e-11
-4.9148921e-11
-4.5851049e-11
-4.7513288e-11
-4.8311161e-11
-4.6768603e-11
-4.6808502e-11
-4.6928177e-11
-4.5438816e-11
-4.7898917e-11
-4.4773924e-11
-4.7513288e-11
-4.7340409e-11
-4.7446783e-11
-4.3922855e-11
-4.4428183e-11
-5.3497335e-11
-4.2579773e-11
-4.6462747e-11
-4.7859022e-11
-4.3989347e-11
-4.6569141e-11
-4.2699455e-11
-4.937499e-11
-5.0199456e-11
-4.597072e-11
-4.440158e-11
-5.0864347e-11
-4.5465409e-11
-4.4122327e-11
-5.1835095e-11
-4.5731367e-11
-4.5797862e-11
-5.1090413e-11
-4.5279242e-11
-4.6077118e-11
-4.7699449e-11
-4.885637e-11
-4.9960085e-11
-4.3444137e-11
-4.4867002e-11
-4.8803184e-11
-4.2965409e-11
-4.331116e-11
-5.1462754e-11
-4.5571796e-11
-4.6502645e-11
-5.2021262e-11
-4.3922862e-11
-4.9986692e-11
-4.5425521e-11
-4.6382953e-11
-4.8603708e-11
-4.6755304e-11
-4.5199448e-11
-4.9428173e-11
-4.6356356e-11
-4.6010629e-11
-4.7353711e-11
-4.5013285e-11
-4.6476049e-11
-4.6582436e-11
-4.6994658e-11
-4.6728711e-11
-4.7194131e-11
-4.6954766e-11
-4.5797859e-11
-4.9215413e-11
-4.5944141e-11
-4.3590413e-11
-4.9587747e-11
-4.7473393e-11
-4.4986695e-11
-4.7406898e-11
-4.7912212e-11
-4.3670203e-11
-4.7021258e-11
-4.763296e-11
-4.6343072e-11
-4.7965409e-11
-4.4734029e-11
-4.8031901e-11
-4.8164882e-11
-4.6170196e-11
-4.6968075e-11
-4.4694134e-11
-4.6050514e-11
-4.8550521e-11
-4.4773914e-11
-4.5890947e-11
-5.0691475e-11
-4.8590409e-11
-4.5678183e-11
-4.5664892e-11
-4.5731367e-11
-5.021274e-11
-4.4614354e-11
-4.3749986e-11
-4.9348393e-11
-4.6316478e-11
-4.3071793e-11
-4.934839e-11
-4.4335095e-11
-4.6156898e-11
-4.7779249e-11
-4.817818e-11
-4.4228711e-11
-4.5265944e-11
-5.17952e-11
-4.5106367e-11
-4.4561153e-11
-4.8337754e-11
-4.7087757e-11
-4.5651583e-11
-4.8617006e-11
-4.5492003e-11
-4.7672862e-11
-4.6103711e-11
-4.7167541e-11
-4.8337754e-11
-4.9428177e-11
-4.2619672e-11
-4.4906912e-11
-5.035904e-11
-4.4175524e-11
-5.059839e-11
-4.1662219e-11
-4.8590409e-11
-4.7101056e-11
-4.7486685e-11
-4.513297e-11
-4.6901583e-11
-5.1156895e-11
-4.2606366e-11
-4.8337754e-11
-4.7872321e-11
-4.5492006e-11
-4.7220738e-11
-4.812499e-11
-4.5292544e-11
-4.8856374e-11
-4.546542e-11
-4.6702107e-11
-4.9561154e-11
-4.7539885e-11
-4.6515951e-11
-4.5585081e-11
-4.664891e-11
-4.6914882e-11
-4.7539885e-11
-4.1170192e-11
-5.0026587e-11
-4.5412223e-11
-4.5837743e-11
-4.7353704e-11
-4.6928177e-11
-4.8031901e-11
-4.4414875e-11
-4.67952e-11
-4.6023917e-11
-4.6396262e-11
-4.6396269e-11
-4.6702121e-11
-4.3630311e-11
-4.4374986e-11
-4.8976049e-11
-4.581115e-11
-4.3457436e-11
-4.9308505e-11
-4.74468e-11
-4.4574452e-11
-4.6835098e-11
-4.703456e-11
-4.3696786e-11
-4.7380308e-11
-4.7300518e-11
-4.8111681e-11
-4.8085091e-11
-4.3603718e-11
-5.0691479e-11
-4.8630305e-11
-4.7074459e-11
-4.9095731e-11
-4.7699452e-11
-4.5691478e-11
-4.8058502e-11
-4.8058488e-11
-4.7686157e-11
-4.7832429e-11
-4.573137e-11
-4.7726056e-11
-4.7127649e-11
-5.0558498e-11
-4.5492013e-11
-4.7260626e-11
-4.8271259e-11
-4.825796e-11
-4.7021262e-11
-4.8723393e-11
-4.6675518e-11
-4.7061157e-11
-4.9601052e-11
-4.7167537e-11
-4.7234022e-11
-4.682179e-11
-4.5053176e-11
-4.7872331e-11
-4.4215406e-11
-4.7513278e-11
-4.8670189e-11
-4.4800517e-11
-4.8922852e-11
-4.8723383e-11
-4.6236698e-11
-4.8031894e-11
-4.763296e-11
-4.6183498e-11
-4.4281901e-11
-4.9680836e-11
-4.6329773e-11
-4.6329777e-11
-4.7752642e-11
-4.5292541e-11
-4.7180836e-11
-5.081115e-11
-4.7845738e-11
-4.3284563e-11
-4.7792544e-11
-4.851063e-11
-4.2114347e-11
-5.1077118e-11
-4.2992006e-11
-4.7686157e-11
-4.6635619e-11
-4.4827111e-11
-4.4813812e-11
-4.5851045e-11
-4.722072e-11
-4.3138281e-11
-4.8297859e-11
-4.393615e-11
-4.5864344e-11
-4.7207425e-11
-4.559839e-11
-4.8364347e-11
-4.4109019e-11
-4.8710092e-11
-4.7686164e-11
-4.2539878e-11
-4.890956e-11
-4.7765937e-11
-4.4800517e-11
-4.9734022e-11
-4.4627645e-11
-4.6808502e-11
-4.5784564e-11
-4.6835084e-11
-4.8444134e-11
-4.8297859e-11
-4.6063816e-11
-4.8377646e-11
-4.7779246e-11
-4.3005308e-11
-4.8284564e-11
-4.7513285e-11
-4.4654242e-11
-4.934839e-11
-4.7313823e-11
-4.3763281e-11
-4.6236698e-11
-4.6236688e-11
-4.6635626e-11
-4.6489347e-11
-4.4747334e-11
-4.4561153e-11
-4.9308495e-11
-4.3457432e-11
-4.7300518e-11
-4.6183491e-11
-4.6609033e-11
-4.9148921e-11
-4.5624993e-11
-4.882978e-11
-4.5651587e-11
-4.6369669e-11
-4.6143603e-11
-4.8164875e-11
-4.55452e-11
-4.4734029e-11
-4.7646265e-11
-4.5146262e-11
-4.8617006e-11
-4.6303173e-11
-4.4973393e-11
-4.4906891e-11
-4.765956e-11
-4.5531901e-11
-4.6223383e-11
-4.771275e-11
-4.5624993e-11
-4.7327111e-11
-4.9494665e-11
-4.3430839e-11
-4.7792541e-11
-4.6888285e-11
-4.4680832e-11
-4.5598386e-11
-4.7194127e-11
-4.4454763e-11
-4.3523921e-11
-4.7154239e-11
-4.6968075e-11
-4.6316478e-11
-4.3364343e-11
-4.7672862e-11
-4.6170193e-11
-4.7699452e-11
-4.5598386e-11
-4.7327118e-11
-4.6702111e-11
-4.6130301e-11
-4.6835098e-11
-4.5930832e-11
-4.7779246e-11
-4.5731363e-11
-4.5279242e-11
-4.6555846e-11
-4.7925518e-11
-4.49468e-11
-4.6648921e-11
-4.5571793e-11
-4.8138288e-11
-4.9002646e-11
-4.2446793e-11
-4.9042544e-11
-4.614361e-11
-4.6688819e-11
-4.5930832e-11
-4.4587747e-11
-4.8191479e-11
-4.4042544e-11
-4.6835095e-11
-4.559839e-11
-4.7127649e-11
-4.635637e-11
-4.7327118e-11
-4.9680839e-11
-4.3843072e-11
-4.7114354e-11
-4.9215406e-11
-4.5505311e-11
-4.9813813e-11
-4.5944127e-11
-4.4295199e-11
-4.8098386e-11
-4.6595731e-11
-4.5345738e-11
-4.7978715e-11
-4.559839e-11
-4.4747317e-11
-4.7366999e-11
-4.8630301e-11
-4.7220724e-11
-4.9321793e-11
-4.6981374e-11
-4.5039878e-11
-5.1103712e-11
-4.6289878e-11
-4.9109029e-11
-4.4893596e-11
-4.984041e-11
-4.7872331e-11
-4.440158e-11
-4.8617017e-11
-4.7007967e-11
-4.5864347e-11
-5.0359026e-11
-4.5704777e-11
-4.6888275e-11
-4.7260629e-11
-4.8005312e-11
-4.4015944e-11
-4.7406912e-11
-4.6183488e-11
-4.7167537e-11
-4.6795196e-11
-5.0744662e-11
-4.6609033e-11
-4.4175514e-11
-5.1888289e-11
-4.4335084e-11
-4.7513278e-11
-4.948137e-11
-4.8377642e-11
-4.2859025e-11
-4.6130297e-11
-4.9627646e-11
-4.0904245e-11
-5.1808495e-11
-4.7925518e-11
-4.5704773e-11
-5.0744665e-11
-4.4587754e-11
-4.7194141e-11
-4.6316478e-11
-4.8045203e-11
-5.1515941e-11
-4.763296e-11
-4.4481373e-11
-5.1861682e-11
-4.5199455e-11
-4.3058498e-11
-4.9627649e-11
-4.4188819e-11
-4.6130297e-11
-5.2114341e-11
-4.187499e-11
-4.7473393e-11
-5.0505298e-11
-4.4029239e-11
-4.5797865e-11
-4.8297866e-11
-4.6648921e-11
-4.6914882e-11
-4.6755304e-11
-4.9734029e-11
-4.3976048e-11
-4.7353704e-11
-4.7978704e-11
-4.7433495e-11
-4.7885619e-11
-4.3324445e-11
-4.9667541e-11
-4.6728708e-11
-4.7247331e-11
-4.4813816e-11
-4.749998e-11
-4.7367003e-11
-4.3497327e-11
-4.9827118e-11
-4.2992013e-11
-4.6515944e-11
-4.7380308e-11
-4.5784564e-11
-4.7606377e-11
-4.5478721e-11
-4.3670192e-11
-4.7260616e-11
-4.6236685e-11
-4.6874987e-11
-4.8577108e-11
-4.3869675e-11
-5.1569131e-11
-4.385636e-11
-4.752658e-11
-4.8284557e-11
-4.5877645e-11
-4.6409557e-11
-4.5465409e-11
-4.9374983e-11
-4.2699462e-11
-5.0053177e-11
-4.8484036e-11
-4.3324455e-11
-4.9561154e-11
-4.5797865e-11
-4.6130304e-11
-4.7978697e-11
-4.5744665e-11
-4.7819131e-11
-4.7420196e-11
-4.474732e-11
-4.8470731e-11
-4.9202118e-11
-4.4521258e-11
-4.9973383e-11
-4.5877642e-11
-4.3922865e-11
-4.8271259e-11
-4.401594e-11
-4.4734032e-11
-5.0691468e-11
-4.4720727e-11
-4.8351049e-11
-4.7938813e-11
-4.5305839e-11
-4.6223393e-11
-4.8603708e-11
-4.640956e-11
-4.6037226e-11
-4.8470731e-11
-4.5784567e-11
-4.4614347e-11
-4.6449448e-11
-4.7207429e-11
-4.6928173e-11
-4.6609026e-11
-4.7952115e-11
-4.5492006e-11
-4.6688819e-11
-4.385637e-11
-5.0917544e-11
-4.4095717e-11
-4.5638281e-11
-4.9042534e-11
-4.9175518e-11
-4.5265947e-11
-4.6263278e-11
-5.2672859e-11
-4.3284556e-11
-4.7539868e-11
-5.0585088e-11
-4.3297858e-11
-4.6010622e-11
-4.9601052e-11
-4.4760622e-11
-4.8364347e-11
-4.6954777e-11
-4.5877642e-11
-4.5531905e-11
-4.6010622e-11
-4.8311157e-11
-4.4601055e-11
-5.1648921e-11
-4.5877645e-11
-4.4468072e-11
-4.9601045e-11
-4.8803173e-11
-4.7340416e-11
-4.5186153e-11
-4.5465409e-11
-4.7859026e-11
-4.6183501e-11
-4.4494672e-11
-4.8497335e-11
-4.6063819e-11
-4.5465406e-11
-4.8364344e-11
-4.5571786e-11
-4.4946793e-11
-4.7061164e-11
-4.6170196e-11
-4.5066471e-11
-5.0638289e-11
-4.8430843e-11
-4.3962747e-11
-4.6382967e-11
-4.7034571e-11
-4.567818e-11
-4.5212761e-11
-4.820477e-11
-4.5438812e-11
-4.8789875e-11
-4.4960088e-11
-4.5518606e-11
-4.8577108e-11
-4.5478708e-11
-4.7632967e-11
-4.4747327e-11
-4.5811157e-11
-4.7101045e-11
-4.4401583e-11
-4.6888288e-11
-4.8271265e-11
-4.2047858e-11
-4.820477e-11
-4.8364344e-11
-4.4999979e-11
-4.8404235e-11
-4.5039871e-11
-4.5398924e-11
-4.5598397e-11
-5.027925e-11
-4.3643603e-11
-4.635636e-11
-4.7832432e-11
-4.7566472e-11
-4.7406901e-11
-4.6675518e-11
-4.7805829e-11
-4.8617006e-11
-4.5478708e-11
-4.7486692e-11
-4.5691468e-11
-4.8962757e-11
-5.0917534e-11
-4.7752642e-11
-4.3617009e-11
-4.9281898e-11
-4.5531901e-11
-4.6263281e-11
-4.7300518e-11
-4.5398914e-11
-4.6502649e-11
-4.6648921e-11
-4.6874983e-11
-4.749999e-11
-4.4654246e-11
-5.0824466e-11
-4.6954777e-11
-4.1542533e-11
-5.0478715e-11
-4.349732e-11
-4.5252652e-11
-4.7287223e-11
-4.9853704e-11
-4.5691485e-11
-4.7792544e-11
-5.1130305e-11
-4.4707436e-11
-4.6529249e-11
-4.8537223e-11
-4.6023917e-11
-4.6555843e-11
-4.7247321e-11
-4.4640944e-11
-4.9095724e-11
-4.8351045e-11
-4.6023928e-11
-4.8909571e-11
-4.5718072e-11
-4.6037223e-11
-4.6622331e-11
-4.5864347e-11
-4.8470734e-11
-4.6994665e-11
-4.4202111e-11
-4.9388285e-11
-4.4162219e-11
-4.627658e-11
-4.7260629e-11
-4.5292544e-11
-4.7473397e-11
-4.8271269e-11
-4.6010633e-11
-4.4242006e-11
-4.8470731e-11
-4.749998e-11
-4.3390951e-11
-4.8085095e-11
-4.7632957e-11
-4.49468e-11
-4.5691475e-11
-4.7699462e-11
-4.3603718e-11
-4.5412219e-11
-5.0425518e-11
-4.8191486e-11
-4.521275e-11
-4.8271269e-11
-4.9507957e-11
-4.249999e-11
-4.5119668e-11
-4.7486681e-11
-4.937499e-11
-4.4029249e-11
-4.6609029e-11
-4.4880304e-11
-4.6835084e-11
-4.7273928e-11
-4.7021262e-11
-4.8045193e-11
-4.6635626e-11
-4.6010619e-11
-4.9122328e-11
-4.7074459e-11
-4.5744672e-11
-4.4787219e-11
-4.9707436e-11
-4.6715413e-11
-4.6077107e-11
-4.7154253e-11
-4.8377642e-11
-4.6542534e-11
-4.4242006e-11
-4.7034564e-11
-4.3351052e-11
-4.9787219e-11
-4.7686154e-11
-4.2007967e-11
-4.9707429e-11
-4.4720738e-11
-4.5957425e-11
-4.5119668e-11
-4.5132967e-11
-4.9454767e-11
-4.5013285e-11
-4.6303173e-11
-4.6050511e-11
-5.0372331e-11
-4.5571793e-11
-4.5452111e-11
-4.8896259e-11
-4.5704773e-11
-4.7340406e-11
-4.7247328e-11
-4.4973393e-11
-4.771275e-11
-4.4654242e-11
-4.5970734e-11
-4.9361688e-11
-4.4228711e-11
-4.7632967e-11
-4.6609026e-11
-4.6555836e-11
-4.6968072e-11
-4.6422862e-11
-4.9734029e-11
-4.4148917e-11
-4.6077114e-11
-4.823137e-11
-4.7247328e-11
-4.7965413e-11
-4.5093068e-11
-4.9827108e-11
-4.4242006e-11
-5.1609019e-11
-4.5837754e-11
-4.7446803e-11
-4.6928187e-11
-4.68218e-11
-4.7420196e-11
-5.0265934e-11
-4.8218068e-11
-4.5132967e-11
-4.7739351e-11
-4.6662216e-11
-4.8444138e-11
-4.5226049e-11
-4.8444141e-11
-4.7859026e-11
-4.5585095e-11
-4.9029242e-11
-4.7686154e-11
-4.773934e-11
-4.5771265e-11
-4.9760626e-11
-4.5585095e-11
-4.6010633e-11
-4.7938813e-11
-4.6369669e-11
-4.4787223e-11
-4.6249983e-11
-4.6050521e-11
-4.8297852e-11
-4.4986691e-11
-4.8058502e-11
-4.6662226e-11
-4.2779242e-11
-5.0997328e-11
-4.4933498e-11
-4.3643603e-11
-5.252658e-11
-4.5824455e-11
-4.6343065e-11
-5.3351053e-11
-4.0119668e-11
-5.252658e-11
-4.5784553e-11
-4.5159553e-11
-5.1236685e-11
-4.5757963e-11
-4.8843075e-11
-4.575796e-11
-4.8537223e-11
-4.7340416e-11
-4.8856367e-11
-4.6888285e-11
-4.8643603e-11
-4.7433495e-11
-4.4986685e-11
-4.8736685e-11
-4.674201e-11
-4.8098397e-11
-4.8816479e-11
-4.4694141e-11
-5.0172862e-11
-5.0252642e-11
-4.6848393e-11
-4.4760626e-11
-4.6037216e-11
-4.8550521e-11
-4.5771269e-11
-4.7938816e-11
-4.8816472e-11
-4.5385629e-11
-4.8085095e-11
-4.5611688e-11
-4.6489347e-11
-4.8523918e-11
-4.55452e-11
-4.6808502e-11
-4.7885626e-11
-4.8124973e-11
-4.7672855e-11
-4.7460091e-11
-4.7925528e-11
-4.6010622e-11
-4.703456e-11
-4.6941472e-11
-4.7367003e-11
-4.5691468e-11
-4.9055843e-11
-4.3803173e-11
-5.0026584e-11
-4.5744662e-11
-4.4494668e-11
-4.7646265e-11
-4.8710095e-11
-4.5505308e-11
-4.6582429e-11
-5.0252639e-11
-4.292551e-11
-4.6702111e-11
-4.80186e-11
-4.6702111e-11
-4.5505308e-11
-4.5917534e-11
-4.7686154e-11
-4.7859026e-11
-4.4454777e-11
-4.6861692e-11
-5.0159561e-11
-4.3457436e-11
-4.7593075e-11
-4.9135633e-11
-4.4135633e-11
-4.6396258e-11
-4.9202118e-11
-4.4747327e-11
-4.4707429e-11
-4.8497324e-11
-4.771275e-11
-4.3896258e-11
-4.8537223e-11
-4.5478708e-11
-4.736701e-11
-4.4946793e-11
-4.3031904e-11
-4.7340416e-11
-4.7047859e-11
-4.3537226e-11
-4.9933509e-11
-4.4867009e-11
-4.9015944e-11
-4.7194131e-11
-4.3297858e-11
-5.0159564e-11
-4.9135623e-11
-4.4414888e-11
-4.8204784e-11
-4.7207429e-11
-4.7406898e-11
-4.8297852e-11
-4.6316471e-11
-4.6077114e-11
-4.7167541e-11
-4.6622314e-11
-4.5505315e-11
-4.6595731e-11
-4.7167534e-11
-4.5877642e-11
-4.2553176e-11
-4.809839e-11
-4.8457443e-11
-4.2207435e-11
-5.2207419e-11
-4.9135623e-11
-4.1835087e-11
-5.1063809e-11
-4.4960098e-11
-4.3151583e-11
-5.0997328e-11
-4.6010619e-11
-4.7619662e-11
-4.6821793e-11
-4.5186157e-11
-5.0492017e-11
-4.559839e-11
-4.7460084e-11
-4.5132967e-11
-4.8257971e-11
-4.9986681e-11
-4.2353714e-11
-4.8404239e-11
-4.4999979e-11
-4.6396255e-11
-4.7327111e-11
-4.6901583e-11
-4.4946789e-11
-4.4827118e-11
-4.7752642e-11
-4.5212747e-11
-4.5691478e-11
-4.763296e-11
-4.6582436e-11
-4.7473393e-11
-4.8896269e-11
-4.8364344e-11
-4.5186157e-11
-4.6077118e-11
-4.893615e-11
-4.3364343e-11
-4.872339e-11
-4.771275e-11
-4.6369665e-11
-4.4468065e-11
-4.6037216e-11
-4.6276587e-11
-4.5212761e-11
-4.9521266e-11
-4.6981363e-11
-4.570477e-11
-4.86968e-11
-4.2526579e-11
-4.7739351e-11
-4.6329773e-11
-4.4361688e-11
-4.3191478e-11
-4.7433495e-11
-4.5438812e-11
-4.757977e-11
-5.0505308e-11
-4.3563816e-11
-4.7978715e-11
-4.5811147e-11
-4.5797859e-11
-5.0226056e-11
-4.5252642e-11
-4.5851049e-11
-4.406913e-11
-4.9281895e-11
-4.5518599e-11
-4.7074459e-11
-4.8630298e-11
-4.5412219e-11
-4.7180836e-11
-4.581115e-11
-4.5172855e-11
-4.817818e-11
-4.6462747e-11
-4.6529239e-11
-4.6010622e-11
-4.6236688e-11
-4.9906898e-11
-4.453457e-11
-4.7300514e-11
-4.6010622e-11
-4.7300514e-11
-4.8577108e-11
-4.7074459e-11
-4.7872321e-11
-4.6515944e-11
-4.3816468e-11
-4.8789865e-11
-4.4335098e-11
-4.5292551e-11
-4.9374976e-11
-4.4242006e-11
-5.158244e-11
-4.6795196e-11
-4.2726048e-11
-4.9734033e-11
-4.6050511e-11
-4.8749987e-11
-4.8377646e-11
-4.4800521e-11
-4.80186e-11
-4.6662219e-11
-4.4109039e-11
-4.6688819e-11
-4.8843065e-11
-4.3710091e-11
-5.05452e-11
-4.4321789e-11
-4.5146255e-11
-4.7167534e-11
-4.6249993e-11
-4.6276573e-11
-4.5651583e-11
-4.9454781e-11
-4.7619662e-11
-4.6529239e-11
-4.3763281e-11
-4.5837743e-11
-4.5704763e-11
-4.4840416e-11
-4.793882e-11
-4.8085091e-11
-4.5531905e-11
-4.918882e-11
-4.3643603e-11
-4.9813802e-11
-4.5864347e-11
-4.640956e-11
-4.7101045e-11
-4.3869661e-11
-4.8962747e-11
-4.4441468e-11
-4.6236692e-11
-4.7832429e-11
-4.9109026e-11
-4.3271269e-11
-4.7327111e-11
-4.9946793e-11
-4.5305839e-11
-4.6502649e-11
-4.752658e-11
-4.6835088e-11
-4.6728708e-11
-4.8989344e-11
-4.5744665e-11
-4.7140947e-11
-4.5744672e-11
-4.5265944e-11
-4.8257964e-11
-4.7087754e-11
-4.6928184e-11
-4.656913e-11
-4.6369669e-11
-4.4946793e-11
-4.6635622e-11
-4.7260626e-11
-4.5638288e-11
-4.7699462e-11
-4.7194134e-11
-4.7114351e-11
-4.7805829e-11
-4.4707429e-11
-4.8829774e-11
-4.5691475e-11
-4.6117003e-11
-4.8058502e-11
-4.7593068e-11
-4.4374986e-11
-4.7579773e-11
-4.6263285e-11
-4.5491999e-11
-4.8989337e-11
-5.0013278e-11
-4.5292541e-11
-4.9813813e-11
-4.7127646e-11
-4.8204774e-11
-4.5452111e-11
-4.9361692e-11
-4.575796e-11
-4.6170203e-11
-4.5771269e-11
-4.6396272e-11
-4.656913e-11
-4.5558494e-11
-5.2579774e-11
-4.3337743e-11
-4.6648917e-11
-4.8497328e-11
-4.5505311e-11
-4.8683491e-11
-5.0013275e-11
-4.6037223e-11
-4.4388285e-11
-4.8643603e-11
-4.7260622e-11
-4.9188823e-11
-4.7845731e-11
-4.4893603e-11
-4.92686e-11
-4.6888275e-11
-4.6768606e-11
-4.7420186e-11
-4.7765944e-11
-4.6515937e-11
-4.9015937e-11
-4.3603707e-11
-4.8710095e-11
-4.6781901e-11
-4.3484025e-11
-4.9800521e-11
-4.6369669e-11
-4.7898914e-11
-4.6156898e-11
-4.6103708e-11
-4.6476049e-11
-4.5691478e-11
-4.6901583e-11
-4.6449455e-11
-4.7220727e-11
-4.401594e-11
-4.948136e-11
-4.393616e-11
-4.5824455e-11
-5.0053166e-11
-4.4069141e-11
-4.7087747e-11
-4.4906901e-11
-4.9920196e-11
-4.3045192e-11
-4.7912226e-11
-4.8749987e-11
-4.4428176e-11
-4.7446793e-11
-4.8271255e-11
-4.573137e-11
-4.8164892e-11
-4.5997324e-11
-4.6170193e-11
-4.635637e-11
-4.521275e-11
-4.6968079e-11
-4.7393606e-11
-4.8603701e-11
-4.5917544e-11
-4.4734029e-11
-4.9986681e-11
-4.5465409e-11
-4.6609029e-11
-4.6117006e-11
-4.5385626e-11
-4.4547858e-11
-4.9680825e-11
-4.5319137e-11
-4.7460102e-11
-4.6489347e-11
-4.6515944e-11
-4.6648931e-11
-4.5678183e-11
-4.684839e-11
-4.635637e-11
-4.5558501e-11
-4.6648924e-11
-4.7460098e-11
-4.3018599e-11
-4.635637e-11
-4.7686157e-11
-4.3218068e-11
-4.7140954e-11
-4.4999979e-11
-4.5851052e-11
-4.4973397e-11
-4.5585088e-11
-4.6289875e-11
-4.9680836e-11
-4.1968071e-11
-4.7220727e-11
-5.0132957e-11
-4.4122327e-11
-4.8470731e-11
-4.507978e-11
-4.757978e-11
-4.7367017e-11
-4.3590423e-11
-4.7765944e-11
-4.4255308e-11
-4.7925518e-11
-4.6702111e-11
-4.4973397e-11
-4.9960088e-11
-4.4561153e-11
-4.4388285e-11
-4.3962754e-11
-4.9933495e-11
-4.7114351e-11
-4.1728707e-11
-4.8550521e-11
-4.5851045e-11
-4.203456e-11
-4.9175514e-11
-4.5691478e-11
-4.773934e-11
-4.6715413e-11
-4.6329773e-11
-4.7712757e-11
-4.2234032e-11
-4.7606374e-11
-4.9547855e-11
-4.0505307e-11
-4.8656898e-11
-4.6063816e-11
-4.7938816e-11
-4.7313813e-11
-4.749998e-11
-4.390956e-11
-4.643615e-11
-4.7938813e-11
-4.4521262e-11
-5.3138278e-11
-4.3789878e-11
-4.5013285e-11
-5.2260626e-11
-4.2460091e-11
-4.7353715e-11
-4.8191475e-11
-4.6156905e-11
-4.4893603e-11
-5.1303184e-11
-4.6077104e-11
-4.3311157e-11
-4.9734033e-11
-4.273934e-11
-4.9614351e-11
-4.4787219e-11
-4.3949462e-11
-5.1170197e-11
-4.4082429e-11
-4.6928184e-11
-4.5624983e-11
-4.8803173e-11
-4.7154239e-11
-4.7646255e-11
-4.7992006e-11
-4.3710095e-11
-4.752658e-11
-4.9281901e-11
-4.6356374e-11
-4.7952115e-11
-4.8178177e-11
-4.5651587e-11
-4.9601045e-11
-4.3896262e-11
-4.9069138e-11
-4.8470727e-11
-4.317818e-11
-5.0039872e-11
-4.6795196e-11
-4.502658e-11
-4.9188823e-11
-4.2101045e-11
-4.9255308e-11
-4.7420196e-11
-4.567817e-11
-5.0438827e-11
-4.3976055e-11
-4.970744e-11
-4.5784564e-11
-4.6928177e-11
-4.8191486e-11
-4.4627645e-11
-5.0824459e-11
-4.393616e-11
-4.6236692e-11
-4.9654239e-11
-4.1010619e-11
-4.9215413e-11
-4.6117016e-11
-4.7859036e-11
-4.690158e-11
-4.5066471e-11
-4.8563816e-11
-4.7034574e-11
-4.6316471e-11
-4.4800517e-11
-4.6569141e-11
-4.6555843e-11
-4.5784567e-11
-4.7579773e-11
-4.3404239e-11
-4.7765944e-11
-5.1010623e-11
-4.24468e-11
-4.8124983e-11
-4.9960092e-11
-4.2446793e-11
-4.9800518e-11
-4.7353715e-11
-4.5571793e-11
-4.8829777e-11
-4.5279249e-11
-4.8816472e-11
-4.4840409e-11
-4.3603707e-11
-5.1263282e-11
-4.4787219e-11
-4.5425511e-11
-4.5664882e-11
-4.8124994e-11
-4.5425511e-11
-4.7034557e-11
-4.8284564e-11
-4.5797862e-11
-4.7287216e-11
-4.6263292e-11
-4.6542544e-11
-4.7872324e-11
-4.4414878e-11
-4.660904e-11
-4.4680839e-11
-4.4202107e-11
-4.8417534e-11
-4.4986691e-11
-4.5545203e-11
-4.5558498e-11
-4.7672848e-11
-4.8843065e-11
-4.5837754e-11
-4.4773921e-11
-4.7034564e-11
-4.7925518e-11
-4.4734029e-11
-4.7313809e-11
-4.9095734e-11
-4.3244672e-11
-4.448137e-11
-4.9069141e-11
-4.4401576e-11
-4.4494668e-11
-5.007977e-11
-4.4587757e-11
-4.643616e-11
-4.7526583e-11
-4.6249986e-11
-4.8497328e-11
-4.3603711e-11
-5.0904239e-11
-4.5412219e-11
-4.6542534e-11
-4.7353715e-11
-4.5172869e-11
-4.6476052e-11
-4.583775e-11
-5.1994669e-11
-4.4441482e-11
-4.385637e-11
-4.8377646e-11
-4.2872324e-11
-4.6582425e-11
-4.6529235e-11
-4.5944127e-11
-4.4321789e-11
-4.9135626e-11
-4.8470731e-11
-4.2606373e-11
-4.7646269e-11
-4.6675514e-11
-4.3829773e-11
-4.9042537e-11
-4.7739344e-11
-4.523934e-11
-4.5678177e-11
-4.7752639e-11
-5.0478708e-11
-4.2938812e-11
-4.7074452e-11
-4.9069138e-11
-4.1476048e-11
-4.6702107e-11
-5.0864354e-11
-4.2180839e-11
-4.5093065e-11
-4.8377653e-11
-4.5811157e-11
-4.9308502e-11
-4.6449459e-11
-4.9361688e-11
-4.7127639e-11
-4.7313823e-11
-4.4960098e-11
-4.7180832e-11
-4.8071786e-11
-4.6196796e-11
-4.7898931e-11
-4.6688813e-11
-4.6728711e-11
-4.9694131e-11
-4.8510619e-11
-4.5332429e-11
-4.8457436e-11
-4.8444148e-11
-4.2632967e-11
-4.9215406e-11
-4.7247331e-11
-4.6343075e-11
-4.7978708e-11
-4.7765947e-11
-4.7845724e-11
-4.6768599e-11
-4.7007957e-11
-4.4694134e-11
-5.0930832e-11
-4.4601052e-11
-4.7380298e-11
-5.0093065e-11
-4.1183501e-11
-5.05452e-11
-4.4374986e-11
-4.4468075e-11
-4.9960092e-11
-4.5997327e-11
-4.7859026e-11
-4.9295196e-11
-4.7260622e-11
-4.6170196e-11
-5.0265937e-11
-4.5013274e-11
-4.5558494e-11
-5.1130312e-11
-4.4082436e-11
-4.7247328e-11
-4.8484029e-11
-4.6874987e-11
-4.6795193e-11
-4.8444138e-11
-4.5452111e-11
-4.687499e-11
-4.5638278e-11
-4.9867003e-11
-4.6422862e-11
-4.5385626e-11
-4.8656898e-11
-4.3457432e-11
-5.0319134e-11
-4.9082426e-11
-4.2792537e-11
-4.8244662e-11
-4.9015944e-11
-4.581115e-11
-4.8882967e-11
-4.55452e-11
-4.999999e-11
-4.5385626e-11
-4.8151576e-11
-4.7752653e-11
-4.7074459e-11
-4.4787229e-11
-4.8976042e-11
-4.7765947e-11
-4.5279242e-11
-5.195477e-11
-4.2805839e-11
-4.4321793e-11
-5.0159561e-11
-4.6116996e-11
-4.8178184e-11
-4.7686154e-11
-4.513296e-11
-4.8244662e-11
-4.5026587e-11
-4.6742006e-11
-4.6010622e-11
-4.6063819e-11
-4.7021258e-11
-4.7593075e-11
-4.6968079e-11
-4.5930832e-11
-4.4893606e-11
-4.6422862e-11
-5.0851053e-11
-4.5132967e-11
-5.1263278e-11
-4.7313816e-11
-4.714094e-11
-4.4640944e-11
-5.0651587e-11
-4.7034557e-11
-4.4095731e-11
-4.8856367e-11
-4.7832439e-11
-4.4561153e-11
-4.6675525e-11
-4.4561157e-11
-4.9773911e-11
-4.5159564e-11
-4.6848379e-11
-4.976063e-11
-4.255318e-11
-4.7180832e-11
-4.7140944e-11
-4.3085095e-11
-4.9109026e-11
-4.5997321e-11
-4.8364344e-11
-4.9095731e-11
-4.5638278e-11
-4.8164875e-11
-4.4494668e-11
-4.7845731e-11
-4.5904235e-11
-4.5452114e-11
-4.7154242e-11
-4.6236688e-11
-4.7938813e-11
-4.8710095e-11
-4.6835095e-11
-4.8749987e-11
-4.4029242e-11
-4.8949456e-11
-4.8284564e-11
-4.1555842e-11
-4.9893603e-11
-4.3204763e-11
-4.7872331e-11
-4.7380305e-11
-5.1489344e-11
-4.5066471e-11
-4.6848383e-11
-4.8071793e-11
-4.5944141e-11
-4.7765944e-11
-4.3218071e-11
-4.6675518e-11
-4.8311168e-11
-4.6050525e-11
-4.7699452e-11
-4.7061154e-11
-4.8630312e-11
-4.4960102e-11
-4.8257964e-11
-4.5691478e-11
-4.8404239e-11
-4.6063816e-11
-4.4281911e-11
-4.9428177e-11
-4.7127646e-11
-4.3736688e-11
-5.067817e-11
-4.3710091e-11
-4.7433498e-11
-4.6103718e-11
-4.4720734e-11
-4.4454777e-11
-4.7872331e-11
-4.4122317e-11
-4.4148921e-11
-4.6662216e-11
-4.8284557e-11
-4.6183498e-11
-4.7380294e-11
-4.4521272e-11
-4.6343065e-11
-4.880317e-11
-4.6396262e-11
-4.4574462e-11
-4.4853711e-11
-4.8484019e-11
-4.583775e-11
-4.6675518e-11
-4.7898931e-11
-4.6063823e-11
-4.9002656e-11
-4.5212747e-11
-4.5811157e-11
-4.9348393e-11
-4.7606367e-11
-4.4335095e-11
-4.6037216e-11
-4.8444134e-11
-4.7101052e-11
-4.7885633e-11
-4.4986691e-11
-4.8550521e-11
-5.1103718e-11
-4.4547858e-11
-4.9202111e-11
-4.7845738e-11
-4.4574452e-11
-5.0984026e-11
-4.6914878e-11
-4.3271265e-11
-4.8031905e-11
-4.5345731e-11
-4.6808491e-11
-4.6210095e-11
-4.7619669e-11
-4.5359033e-11
-4.7845731e-11
-4.4707429e-11
-4.6569137e-11
-4.9015941e-11
-4.5305846e-11
-4.833775e-11
-4.8031905e-11
-4.6821793e-11
-4.3670196e-11
-4.6289875e-11
-4.6236685e-11
-4.2393606e-11
-4.5997324e-11
-4.7273924e-11
-4.6635622e-11
-4.755318e-11
-4.3803173e-11
-4.8138268e-11
-4.6289878e-11
-4.6050511e-11
-4.8218061e-11
-4.6422862e-11
-4.9614347e-11
-4.635636e-11
-4.7619669e-11
-4.5372331e-11
-5.2539882e-11
-4.4627645e-11
-4.2978707e-11
-4.9601052e-11
-4.5226056e-11
-4.823137e-11
-4.6476042e-11
-4.5704773e-11
-4.8164871e-11
-4.5372331e-11
-4.5784564e-11
-4.8829777e-11
-4.5930842e-11
-4.7340416e-11
-4.7898928e-11
-4.695477e-11
-4.8364344e-11
-4.3816468e-11
-4.5571796e-11
-4.9321793e-11
-4.219413e-11
-5.2486682e-11
-4.3670203e-11
-4.6555836e-11
-4.8856367e-11
-4.6622328e-11
-4.3656904e-11
-5.0771255e-11
-4.8271252e-11
-4.6422855e-11
-4.5811157e-11
-4.8590409e-11
-4.5279249e-11
-4.8856374e-11
-4.9481374e-11
-4.6356374e-11
-4.5904239e-11
-4.9095731e-11
-4.7659553e-11
-4.728723e-11
-4.7220727e-11
-4.8151576e-11
-4.5864347e-11
-4.6555832e-11
-4.4374986e-11
-4.8617006e-11
-4.6476049e-11
-4.6210098e-11
-4.5226056e-11
-4.6582436e-11
-4.2287229e-11
-4.7234022e-11
-4.8550514e-11
-4.401594e-11
-4.8749987e-11
-4.5851049e-11
-4.7380308e-11
-4.6569141e-11
-4.5691475e-11
-4.8896269e-11
-4.4228708e-11
-4.1755304e-11
-5.0066475e-11
-4.4494668e-11
-4.7965413e-11
-4.9015944e-11
-4.6369665e-11
-4.5252628e-11
-4.7140947e-11
-4.3843082e-11
-4.7234033e-11
-4.8018606e-11
-4.6648924e-11
-4.4827111e-11
-5.0664885e-11
-4.6502635e-11
-4.8098397e-11
-4.7739351e-11
-4.6369669e-11
-4.4095724e-11
-5.4055836e-11
-4.469413e-11
-4.6808491e-11
-4.9534557e-11
-4.7832429e-11
-4.9069141e-11
-4.1795199e-11
-4.8457426e-11
-4.8656905e-11
-4.4534557e-11
-4.6329773e-11
-4.6476049e-11
-4.6555832e-11
-4.5265944e-11
-4.8630305e-11
-4.7061154e-11
-4.5438816e-11
-4.86436e-11
-5.1476049e-11
-4.3098396e-11
-4.8045189e-11
-5.1462758e-11
-4.0757963e-11
-4.7779242e-11
-5.0731367e-11
-4.6702107e-11
-4.8749987e-11
-4.7712747e-11
-4.8710085e-11
-4.5797852e-11
-4.6675514e-11
-4.6236688e-11
-4.6675518e-11
-4.5531901e-11
-4.80452e-11
-4.5970731e-11
-4.4667537e-11
-4.8111695e-11
-4.5438816e-11
-5.0398918e-11
-4.6808488e-11
-4.6755304e-11
-4.7380308e-11
-4.3949459e-11
-4.7739351e-11
-4.8204774e-11
-4.8936154e-11
-4.4840406e-11
-5.043882e-11
-4.4813816e-11
-4.8989351e-11
-4.7273914e-11
-4.6755304e-11
-4.8018606e-11
-4.8696797e-11
-4.6329773e-11
-4.7061157e-11
-4.8630298e-11
-4.9122328e-11
-4.8816472e-11
-4.765956e-11
-4.9069138e-11
-4.1569137e-11
-4.9494665e-11
-4.6635626e-11
-4.5026583e-11
-4.8776587e-11
-4.6914875e-11
-4.4388285e-11
-4.8231367e-11
-4.5452114e-11
-4.5026583e-11
-4.9029239e-11
-4.8138288e-11
-4.4507956e-11
-5.0651577e-11
-4.3789878e-11
-4.263296e-11
-5.0691479e-11
-4.4255304e-11
-4.49734e-11
-4.6795193e-11
-4.3151576e-11
-4.9215403e-11
-4.6742013e-11
-4.4388281e-11
-4.8856356e-11
-4.4893606e-11
-4.736701e-11
-4.6848379e-11
-4.7978708e-11
-4.4601052e-11
-4.9494665e-11
-4.7154242e-11
-4.3071793e-11
-4.7353701e-11
-4.7779242e-11
-4.3045192e-11
-4.8390941e-11
-4.4321793e-11
-4.7699452e-11
-4.7433505e-11
-4.5984029e-11
-4.5624983e-11
-4.9601042e-11
-4.3271258e-11
-4.6103701e-11
-4.7619672e-11
-4.2593078e-11
-4.8882964e-11
-4.5930832e-11
-4.4029242e-11
-4.8377646e-11
-4.5093068e-11
-4.6023914e-11
-4.9813816e-11
-4.4374986e-11
-4.49202e-11
-4.8138288e-11
-4.3244665e-11
-4.4295196e-11
-5.0172859e-11
-4.1808501e-11
-4.5226049e-11
-5.2047856e-11
-4.1170196e-11
-4.5771265e-11
-4.9042534e-11
-4.3138281e-11
-4.4468075e-11
-4.6529242e-11
-4.8523914e-11
-4.6489344e-11
-4.3497327e-11
-4.7234029e-11
-4.5332439e-11
-4.8111685e-11
-4.5359022e-11
-4.5093075e-11
-4.6343075e-11
-4.4574448e-11
-4.9960088e-11
-4.2606366e-11
-4.8005308e-11
-4.7420189e-11
-4.6662216e-11
-4.7101052e-11
-4.9720728e-11
-4.2313812e-11
-4.9055832e-11
-4.7167541e-11
-4.6103711e-11
-4.7859033e-11
-4.6316478e-11
-4.1968078e-11
-5.1941462e-11
-4.5305839e-11
-4.4082436e-11
-5.1130305e-11
-4.61968e-11
-4.3151583e-11
-4.6662219e-11
-4.7912226e-11
-4.6436147e-11
-4.559839e-11
-4.6063816e-11
-4.5864347e-11
-4.6117006e-11
-4.6901583e-11
-4.5997327e-11
-5.1023928e-11
-4.3484025e-11
-4.7952111e-11
-4.8882964e-11
-4.2832429e-11
-4.6249986e-11
-4.5930829e-11
-4.5385626e-11
-4.6542537e-11
-4.6715413e-11
-4.5265947e-11
-4.4906905e-11
-4.9042544e-11
-4.3736684e-11
-4.2486691e-11
-4.61968e-11
-4.7593068e-11
-4.5984029e-11
-4.5784564e-11
-4.4228714e-11
-4.4494665e-11
-4.7034564e-11
-4.5571796e-11
-4.5385629e-11
-4.9361688e-11
-4.5013285e-11
-4.6449459e-11
-4.4348393e-11
-4.7925518e-11
-4.8324456e-11
-4.3151576e-11
-4.8364347e-11
-4.6835088e-11
-4.74202e-11
-4.5438816e-11
-4.5917541e-11
-4.5106377e-11
-5.1422862e-11
-4.2393603e-11
-4.6675518e-11
-4.6542544e-11
-4.3204777e-11
-4.7327118e-11
-4.7779242e-11
-4.8736678e-11
-4.4242006e-11
-4.6901583e-11
-4.6223383e-11
-4.4002645e-11
-4.8284553e-11
-4.6249997e-11
-4.9069141e-11
-4.3404239e-11
-4.6449455e-11
-5.0638292e-11
-4.6090409e-11
-4.7619669e-11
-4.5452111e-11
-5.0226049e-11
-4.8590423e-11
-4.714094e-11
-4.8151583e-11
-4.2539885e-11
-4.8444134e-11
-4.9760623e-11
-4.4893596e-11
-5.0332433e-11
-4.4082436e-11
-4.7765944e-11
-4.6183498e-11
-4.4867009e-11
-4.8789875e-11
-4.7406898e-11
-4.3111684e-11
-4.7898924e-11
-4.7353715e-11
-4.4122331e-11
-4.5997327e-11
-4.8563809e-11
-4.6263295e-11
-4.4255308e-11
-4.5571793e-11
-4.6090409e-11
-4.8031901e-11
-4.9627646e-11
-4.4601055e-11
-4.874998e-11
-4.7180832e-11
-4.8018606e-11
-4.3749986e-11
-4.9095734e-11
-5.0186154e-11
-4.317818e-11
-4.8922866e-11
-4.7127646e-11
-4.8577108e-11
-4.7898924e-11
-4.8962757e-11
-4.7712747e-11
-4.377658e-11
-5.1156905e-11
-4.5093075e-11
-4.7765944e-11
-4.7327111e-11
-4.445478e-11
-4.9109033e-11
-4.6662226e-11
-4.5718068e-11
-4.5239344e-11
-4.8191468e-11
-4.2925521e-11
-4.7832439e-11
-4.5531905e-11
-4.9228708e-11
-4.3590413e-11
-4.5106377e-11
-4.6688819e-11
-4.2606373e-11
-4.6888288e-11
-4.5944134e-11
-4.6143599e-11
-4.8311161e-11
-4.6688809e-11
-4.8324459e-11
-4.4162219e-11
-4.6555832e-11
-5.2127649e-11
-4.2260622e-11
-4.7659567e-11
-4.7460098e-11
-4.4827125e-11
-4.8390947e-11
-4.7393596e-11
-4.5598397e-11
-4.5797862e-11
-4.5571786e-11
-4.9175518e-11
-4.5611698e-11
-4.635637e-11
-4.9228715e-11
-4.4361691e-11
-4.8749983e-11
-4.6010622e-11
-4.5518596e-11
-4.7380311e-11
-4.7433498e-11
-4.6835098e-11
-4.5252652e-11
-4.7087754e-11
-4.7007963e-11
-4.880317e-11
-4.6369675e-11
-4.812499e-11
-4.8218061e-11
-4.9787219e-11
-4.4640947e-11
-4.9986692e-11
-4.8284557e-11
-4.4667551e-11
-4.8603708e-11
-4.4720738e-11
-4.4494668e-11
-4.7154246e-11
-4.9893607e-11
-4.3191475e-11
-4.7992006e-11
-4.5837761e-11
-4.7752653e-11
-4.8763285e-11
-4.3417544e-11
-4.8683498e-11
-4.9215406e-11
-4.4787219e-11
-4.7819148e-11
-4.9441472e-11
-4.4787223e-11
-4.8444138e-11
-4.8244655e-11
-4.7393606e-11
-4.4720724e-11
-5.2047859e-11
-4.4680846e-11
-4.4175517e-11
-4.9202111e-11
-4.6343082e-11
-4.8962754e-11
-4.5066475e-11
-5.002658e-11
-4.7992006e-11
-4.7380298e-11
-4.5305846e-11
-4.8470734e-11
-4.8789878e-11
-4.7393606e-11
-4.9813809e-11
-4.9295196e-11
-4.5718079e-11
-4.6063816e-11
-4.7539885e-11
-4.7220734e-11
-4.2021258e-11
-4.7859033e-11
-4.8470731e-11
-4.5013285e-11
-4.7912209e-11
-4.918882e-11
-4.6981374e-11
-4.8789878e-11
-4.643616e-11
-4.7965406e-11
-4.7260626e-11
-4.7367013e-11
-4.4441485e-11
-4.885636e-11
-4.5558498e-11
-4.4787223e-11
-5.2260623e-11
-4.5359026e-11
-4.7313813e-11
-5.0518614e-11
-4.4986685e-11
-4.6688823e-11
-4.8244665e-11
-4.390956e-11
-4.9002646e-11
-5.0558495e-11
-4.6130315e-11
-4.6050514e-11
-4.9055836e-11
-4.8284553e-11
-4.9242006e-11
-4.4042534e-11
-4.7992003e-11
-4.6781898e-11
-4.5598379e-11
-4.9521252e-11
-4.3523917e-11
-5.0372324e-11
-4.6077125e-11
-4.6329773e-11
-4.5571796e-11
-4.8231367e-11
-4.5851045e-11
-4.6515944e-11
-5.0186154e-11
-4.7287219e-11
-4.9042544e-11
-4.4295199e-11
-4.8364344e-11
-4.6635626e-11
-4.698137e-11
-5.2765944e-11
-4.380318e-11
-4.5385626e-11
-4.9015944e-11
-4.6688809e-11
-4.5106363e-11
-4.7912226e-11
-4.5199455e-11
-5.1941475e-11
-4.333775e-11
-4.8390937e-11
-5.1994666e-11
-4.2313816e-11
-5.1981371e-11
-4.4747327e-11
-4.7672855e-11
-4.7486692e-11
-4.5412223e-11
-4.8723393e-11
-4.5452111e-11
-4.8390937e-11
-4.7353711e-11
-4.4521265e-11
-5.17686e-11
-4.6675518e-11
-4.4414881e-11
-4.948136e-11
-4.6369665e-11
-4.521275e-11
-4.8749983e-11
-4.5624983e-11
-4.3922862e-11
-5.2140941e-11
-4.380318e-11
-4.581115e-11
-4.6382977e-11
-5.0039868e-11
-4.5119668e-11
-4.5651583e-11
-4.8856367e-11
-4.8390947e-11
-4.7765947e-11
-4.9481363e-11
-4.3683491e-11
-5.1077115e-11
-4.4627645e-11
-4.5226045e-11
-4.7606367e-11
-4.3297858e-11
-5.1742007e-11
-4.690158e-11
-4.4055835e-11
-4.8843072e-11
-4.5624983e-11
-4.4162226e-11
-5.1542538e-11
-4.4960088e-11
-4.8204777e-11
-4.6502645e-11
-4.6090413e-11
-4.8922848e-11
-4.4494668e-11
-4.5292537e-11
-4.9361692e-11
-4.5744672e-11
-4.5305835e-11
-4.8071786e-11
-4.7606377e-11
-4.4720727e-11
-4.7087736e-11
-4.4694141e-11
-4.611701e-11
-4.6901583e-11
-4.7367013e-11
-4.812499e-11
-4.4734029e-11
-5.2234033e-11
-4.6343075e-11
-4.333776e-11
-4.8244672e-11
-4.9268607e-11
-4.8071803e-11
-4.0824455e-11
-5.0784568e-11
-4.8869669e-11
-4.5119661e-11
-4.7739354e-11
-4.7114351e-11
-5.0930839e-11
-4.4853714e-11
-4.7207429e-11
-4.8031905e-11
-4.4015944e-11
-5.0531905e-11
-4.8297859e-11
-4.4042537e-11
-4.4215413e-11
-5.2313813e-11
-4.3869668e-11
-4.8590416e-11
-4.9640941e-11
-4.4428183e-11
-4.6529239e-11
-4.793882e-11
-4.7672859e-11
-4.312499e-11
-4.812499e-11
-4.7380308e-11
-4.5332429e-11
-4.8417548e-11
-4.5119672e-11
-4.6595731e-11
-4.6941475e-11
-4.5890947e-11
-4.7087743e-11
-4.7101052e-11
-4.2460091e-11
-5.0877639e-11
-4.9175525e-11
-4.3643603e-11
-4.8896272e-11
-4.6422855e-11
-4.7792537e-11
-4.4202118e-11
-4.5359036e-11
-4.8843072e-11
-4.4015951e-11
-4.7300518e-11
-4.8404232e-11
-4.3550514e-11
-4.5944134e-11
-4.5265944e-11
-5.0252649e-11
-4.4773924e-11
-4.507977e-11
-4.7606374e-11
-4.4281901e-11
-4.9055836e-11
-4.7792544e-11
-4.6808495e-11
-4.7074452e-11
-4.6728701e-11
-4.505318e-11
-4.4680835e-11
-4.890956e-11
-4.5970727e-11
-4.4335102e-11
-4.6316478e-11
-4.9601042e-11
-4.5159564e-11
-4.6050514e-11
-4.6861688e-11
-4.4773924e-11
-4.804521e-11
-4.7007967e-11
-4.4587754e-11
-4.861701e-11
-4.763297e-11
-4.5718079e-11
-4.4813809e-11
-5.1236689e-11
-4.7074449e-11
-4.43218e-11
-4.5199452e-11
-4.6263281e-11
-4.9308495e-11
-4.3577118e-11
-5.337766e-11
-4.3098386e-11
-4.8297866e-11
-4.817817e-11
-4.3723383e-11
-4.8789878e-11
-4.6675514e-11
-4.5984026e-11
-4.5359026e-11
-4.8922855e-11
-4.4361681e-11
-4.7606367e-11
-4.5651587e-11
-4.5039871e-11
-4.9175525e-11
-4.9614347e-11
-4.5624993e-11
-4.6382967e-11
-4.4920196e-11
-4.4521265e-11
-4.4827111e-11
-4.7553173e-11
-4.6702111e-11
-4.8164871e-11
-4.6010619e-11
-4.4202111e-11
-4.9760623e-11
-4.5585095e-11
-4.4866999e-11
-4.793882e-11
-4.5252652e-11
