-1.507118e-10
-1.5623261e-10
-1.5163194e-10
-1.5734372e-10
-1.5326387e-10
-1.5697915e-10
-1.5288193e-10
-1.519271e-10
-1.5810764e-10
-1.5036455e-10
-1.499479e-10
-1.545139e-10
-1.5496526e-10
-1.5713539e-10
-1.5319446e-10
-1.5427083e-10
-1.517708e-10
-1.5850693e-10
-1.5083333e-10
-1.5295137e-10
-1.5664929e-10
-1.5111111e-10
-1.5671872e-10
-1.5420139e-10
-1.5572918e-10
-1.5354165e-10
-1.5699654e-10
-1.5241317e-10
-1.5421874e-10
-1.5631946e-10
-1.5276042e-10
-1.5538193e-10
-1.5458332e-10
-1.5515625e-10
-1.5506944e-10
-1.5128471e-10
-1.575521e-10
-1.568229e-10
-1.551736e-10
-1.5098957e-10
-1.5340279e-10
-1.5678818e-10
-1.5463539e-10
-1.5576387e-10
-1.5576387e-10
-1.5407987e-10
-1.5449653e-10
-1.5423611e-10
-1.5467012e-10
-1.5345486e-10
-1.5486112e-10
-1.5171871e-10
-1.5625001e-10
-1.5178817e-10
-1.5473955e-10
-1.5298608e-10
-1.5670137e-10
-1.5704861e-10
-1.5052083e-10
-1.5225693e-10
-1.5824653e-10
-1.5510417e-10
-1.553125e-10
-1.5449653e-10
-1.5692705e-10
-1.5675347e-10
-1.5121529e-10
-1.5737846e-10
-1.576736e-10
-1.5722221e-10
-1.5234375e-10
-1.5802083e-10
-1.5177085e-10
-1.560243e-10
-1.5746528e-10
-1.522396e-10
-1.601736e-10
-1.5119789e-10
-1.5545137e-10
-1.5663196e-10
-1.5420137e-10
-1.5649304e-10
-1.5585067e-10
-1.5277778e-10
-1.5631943e-10
-1.5256942e-10
-1.5427085e-10
-1.5479165e-10
-1.5258679e-10
-1.5638889e-10
-1.5590278e-10
-1.5557289e-10
-1.5664928e-10
-1.5447918e-10
-1.5149304e-10
-1.5447915e-10
-1.5232637e-10
-1.5725693e-10
-1.5637151e-10
-1.5494789e-10
-1.5368054e-10
-1.5651039e-10
-1.5432294e-10
-1.5581597e-10
-1.5175348e-10
-1.5378471e-10
-1.5736108e-10
-1.5406251e-10
-1.5541664e-10
-1.5291665e-10
-1.544965e-10
-1.5390625e-10
-1.528125e-10
-1.545139e-10
-1.547743e-10
-1.5411455e-10
-1.5795135e-10
-1.5395835e-10
-1.5260414e-10
-1.5204858e-10
-1.5809025e-10
-1.4923611e-10
-1.5635417e-10
-1.5409721e-10
-1.5427085e-10
-1.5274303e-10
-1.541493e-10
-1.5550344e-10
-1.4975693e-10
-1.5725694e-10
-1.5098958e-10
-1.5586804e-10
-1.5671874e-10
-1.5305557e-10
-1.5541668e-10
-1.5545137e-10
-1.5319444e-10
-1.5496528e-10
-1.5427083e-10
-1.5288193e-10
-1.5324653e-10
-1.5671875e-10
-1.5355903e-10
-1.5711804e-10
-1.5005205e-10
-1.5484375e-10
-1.5822917e-10
-1.5388886e-10
-1.5739582e-10
-1.5234373e-10
-1.5534724e-10
-1.5640624e-10
-1.5223958e-10
-1.5256946e-10
-1.585243e-10
-1.5284719e-10
-1.5380207e-10
-1.5395832e-10
-1.5588542e-10
-1.5277779e-10
-1.5810762e-10
-1.5461804e-10
-1.5282985e-10
-1.525868e-10
-1.5815971e-10
-1.5361111e-10
-1.5218748e-10
-1.5581597e-10
-1.4965275e-10
-1.5421872e-10
-1.5350693e-10
-1.5185762e-10
-1.5461805e-10
-1.5932289e-10
-1.507639e-10
-1.5444446e-10
-1.5406251e-10
-1.5192707e-10
-1.5651042e-10
-1.5421874e-10
-1.5743057e-10
-1.5453125e-10
-1.5378471e-10
-1.5538193e-10
-1.5130211e-10
-1.5486108e-10
-1.5086804e-10
-1.5649304e-10
-1.5178819e-10
-1.5387151e-10
-1.5493054e-10
-1.5144096e-10
-1.5319442e-10
-1.535764e-10
-1.5378469e-10
-1.5637153e-10
-1.5347219e-10
-1.53559e-10
-1.5302082e-10
-1.5946179e-10
-1.553993e-10
-1.5784722e-10
-1.5477428e-10
-1.5192708e-10
-1.5772569e-10
-1.561458e-10
-1.5368054e-10
-1.5472225e-10
-1.5831597e-10
-1.5343748e-10
-1.5902776e-10
-1.5588543e-10
-1.5138887e-10
-1.5506943e-10
-1.5791667e-10
-1.5413196e-10
-1.5428819e-10
-1.5675344e-10
-1.5704858e-10
-1.5548611e-10
-1.5442708e-10
-1.5704857e-10
-1.5597221e-10
-1.5090276e-10
-1.5678819e-10
-1.5427082e-10
-1.5656249e-10
-1.5454857e-10
-1.5512153e-10
-1.5675346e-10
-1.5567707e-10
-1.5538193e-10
-1.5270832e-10
-1.5703124e-10
-1.5725693e-10
-1.5128471e-10
-1.5352429e-10
-1.5564235e-10
-1.54184e-10
-1.5446183e-10
-1.5598957e-10
-1.5397568e-10
-1.5388889e-10
-1.5402779e-10
-1.5586804e-10
-1.5291664e-10
-1.5633678e-10
-1.532118e-10
-1.5663193e-10
-1.5392361e-10
-1.5347219e-10
-1.5303817e-10
-1.5572915e-10
-1.5522568e-10
-1.5598957e-10
-1.5477432e-10
-1.5439235e-10
-1.5416664e-10
-1.5595486e-10
-1.5484374e-10
-1.5314237e-10
-1.5282985e-10
-1.5506942e-10
-1.511111e-10
-1.5284723e-10
-1.5630208e-10
-1.5626733e-10
-1.526736e-10
-1.5470485e-10
-1.5428819e-10
-1.542708e-10
-1.5585068e-10
-1.5241319e-10
-1.5696179e-10
-1.5065971e-10
-1.5442708e-10
-1.5454861e-10
-1.534375e-10
-1.5649307e-10
-1.5560761e-10
-1.5637153e-10
-1.5399305e-10
-1.5564235e-10
-1.5628469e-10
-1.5395835e-10
-1.5529511e-10
-1.5564233e-10
-1.5359375e-10
-1.5539929e-10
-1.5656249e-10
-1.575868e-10
-1.5262153e-10
-1.5496528e-10
-1.5371528e-10
-1.563889e-10
-1.5546875e-10
-1.5256942e-10
-1.5512153e-10
-1.5246526e-10
-1.5230903e-10
-1.5361112e-10
-1.520833e-10
-1.5531249e-10
-1.522743e-10
-1.5331596e-10
-1.5390625e-10
-1.5690971e-10
-1.5151042e-10
-1.5336804e-10
-1.5696178e-10
-1.5156247e-10
-1.590625e-10
-1.5118057e-10
-1.5623264e-10
-1.5309026e-10
-1.5493055e-10
-1.54184e-10
-1.5215276e-10
-1.5342012e-10
-1.5467012e-10
-1.548264e-10
-1.5302085e-10
-1.507639e-10
-1.5555554e-10
-1.5255205e-10
-1.575868e-10
-1.5432293e-10
-1.5585068e-10
-1.5446178e-10
-1.5390625e-10
-1.5611111e-10
-1.5649307e-10
-1.5418403e-10
-1.5510415e-10
-1.5782986e-10
-1.5119792e-10
-1.5357642e-10
-1.5574654e-10
-1.5262151e-10
-1.5605901e-10
-1.5428819e-10
-1.5145835e-10
-1.5274303e-10
-1.5217011e-10
-1.5315972e-10
-1.5460071e-10
-1.5241317e-10
-1.5244789e-10
-1.5362847e-10
-1.5201387e-10
-1.5786457e-10
-1.527604e-10
-1.5390628e-10
-1.5569443e-10
-1.5116318e-10
-1.5348957e-10
-1.4944444e-10
-1.5821182e-10
-1.5607637e-10
-1.540625e-10
-1.582118e-10
-1.4857637e-10
-1.545139e-10
-1.5284721e-10
-1.5145833e-10
-1.525e-10
-1.5621526e-10
-1.5286455e-10
-1.547743e-10
-1.529514e-10
-1.5732639e-10
-1.5270835e-10
-1.5467015e-10
-1.5067708e-10
-1.5428818e-10
-1.5333333e-10
-1.5168401e-10
-1.5477428e-10
-1.536111e-10
-1.507986e-10
-1.5541664e-10
-1.5357639e-10
-1.5467012e-10
-1.5409722e-10
-1.4972221e-10
-1.5350693e-10
-1.5482639e-10
-1.5343748e-10
-1.5857639e-10
-1.5307293e-10
-1.5321179e-10
-1.5175343e-10
-1.4921873e-10
-1.5618053e-10
-1.5185761e-10
-1.5659721e-10
-1.5243055e-10
-1.5274304e-10
-1.5342014e-10
-1.5253469e-10
-1.526389e-10
-1.553993e-10
-1.5381943e-10
-1.5401042e-10
-1.4993057e-10
-1.5463539e-10
-1.5626736e-10
-1.4624998e-10
-1.5586804e-10
-1.5381943e-10
-1.4953123e-10
-1.5741319e-10
-1.52309e-10
-1.5670137e-10
-1.5473957e-10
-1.5335069e-10
-1.5253472e-10
-1.5366318e-10
-1.501736e-10
-1.5614582e-10
-1.5364582e-10
-1.5317708e-10
-1.5425346e-10
-1.5260415e-10
-1.5753472e-10
-1.5477429e-10
-1.5536457e-10
-1.5453124e-10
-1.5519094e-10
-1.5717011e-10
-1.5001736e-10
-1.5809028e-10
-1.551736e-10
-1.5128471e-10
-1.5784722e-10
-1.5527775e-10
-1.5166664e-10
-1.5345486e-10
-1.5371525e-10
-1.557465e-10
-1.5199653e-10
-1.5940969e-10
-1.5336804e-10
-1.519965e-10
-1.5531249e-10
-1.5579861e-10
-1.5185764e-10
-1.522396e-10
-1.5437499e-10
-1.5444444e-10
-1.5453126e-10
-1.5286455e-10
-1.5413192e-10
-1.5623261e-10
-1.5454858e-10
-1.5237846e-10
-1.5491319e-10
-1.5619789e-10
-1.5328125e-10
-1.5472221e-10
-1.5269096e-10
-1.5475693e-10
-1.4999997e-10
-1.5473958e-10
-1.5434028e-10
-1.5388887e-10
-1.5678819e-10
-1.5293404e-10
-1.5850693e-10
-1.5605901e-10
-1.532465e-10
-1.5295137e-10
-1.551736e-10
-1.5567708e-10
-1.5328123e-10
-1.5673611e-10
-1.528993e-10
-1.5324651e-10
-1.5269093e-10
-1.5774307e-10
-1.5315971e-10
-1.5531249e-10
-1.5512153e-10
-1.5696179e-10
-1.5510417e-10
-1.535764e-10
-1.5489582e-10
-1.5166668e-10
-1.5467014e-10
-1.5364583e-10
-1.5435762e-10
-1.5394097e-10
-1.5152778e-10
-1.5614585e-10
-1.5541667e-10
-1.5157983e-10
-1.5477432e-10
-1.5796874e-10
-1.5435762e-10
-1.5324653e-10
-1.5421876e-10
-1.5538194e-10
-1.5550346e-10
-1.5215278e-10
-1.5449651e-10
-1.5798611e-10
-1.5144094e-10
-1.5489585e-10
-1.5272567e-10
-1.5395832e-10
-1.5569444e-10
-1.5375001e-10
-1.5456594e-10
-1.6475693e-10
-1.8258678e-10
-2.2010418e-10
-2.7164929e-10
-3.2493058e-10
-3.7052084e-10
-4.0473963e-10
-4.3352427e-10
-4.5675344e-10
-4.8184029e-10
-4.9788196e-10
-5.213715e-10
-5.413367e-10
-5.4451393e-10
-5.5902777e-10
-5.592361e-10
-5.6392357e-10
-5.6720484e-10
-5.6085064e-10
-5.6470478e-10
-5.5892352e-10
-5.5588539e-10
-5.5592009e-10
-5.5114591e-10
-5.44427e-10
-5.3967014e-10
-5.3607641e-10
-5.2472221e-10
-5.2095489e-10
-5.1126736e-10
-5.0779519e-10
-4.9534721e-10
-4.8487842e-10
-4.8026044e-10
-4.7083332e-10
-4.6057291e-10
-4.5265627e-10
-4.4355908e-10
-4.3767359e-10
-4.2550349e-10
-4.2263892e-10
-4.123264e-10
-4.0295142e-10
-3.9803821e-10
-3.8833331e-10
-3.8444445e-10
-3.7529516e-10
-3.6513892e-10
-3.6630204e-10
-3.5423608e-10
-3.4901038e-10
-3.3979164e-10
-3.3690975e-10
-3.3090281e-10
-3.2473962e-10
-3.200521e-10
-3.138021e-10
-3.1467015e-10
-3.0395833e-10
-3.0229166e-10
-2.9626737e-10
-2.952257e-10
-2.8883682e-10
-2.8769101e-10
-2.8729163e-10
-2.7694447e-10
-2.7296873e-10
-2.7416666e-10
-2.6942706e-10
-2.6564231e-10
-2.6159724e-10
-2.6256947e-10
-2.5779512e-10
-2.5875002e-10
-2.5319447e-10
-2.5484376e-10
-2.4680558e-10
-2.4873265e-10
-2.4164928e-10
-2.4435765e-10
-2.4088542e-10
-2.359028e-10
-2.3855906e-10
-2.3534721e-10
-2.3621527e-10
-2.3201389e-10
-2.3253471e-10
-2.2772567e-10
-2.2567709e-10
-2.2630206e-10
-2.2673612e-10
-2.2550346e-10
-2.2109371e-10
-2.1942705e-10
-2.2067706e-10
-2.2109375e-10
-2.166493e-10
-2.1845488e-10
-2.192882e-10
-2.1444441e-10
-2.1336805e-10
-2.1526042e-10
-2.1201384e-10
-2.1324653e-10
-2.0750002e-10
-2.122743e-10
-2.1062495e-10
-2.1041667e-10
-2.0857639e-10
-2.082118e-10
-2.0756942e-10
-2.0519092e-10
-2.0513885e-10
-2.0513885e-10
-2.0652777e-10
-2.0152774e-10
-2.0444441e-10
-2.0206598e-10
-2.0434027e-10
-2.0263888e-10
-1.9946179e-10
-2.0032988e-10
-2.0145832e-10
-2.0171873e-10
-1.9953122e-10
-2.0246525e-10
-1.9515621e-10
-2.0270832e-10
-1.9914925e-10
-1.9810761e-10
-1.9578122e-10
-1.9848957e-10
-1.9482641e-10
-1.9809029e-10
-1.9576389e-10
-1.9487845e-10
-1.9598957e-10
-1.9739581e-10
-1.951215e-10
-1.9470484e-10
-1.9734374e-10
-1.9746528e-10
-1.9498264e-10
-1.9229167e-10
-1.9465275e-10
-1.9498264e-10
-1.9116321e-10
-1.9180556e-10
-1.9373264e-10
-1.9243053e-10
-1.9027775e-10
-1.9399306e-10
-1.9052082e-10
-1.943229e-10
-1.8960067e-10
-1.9630207e-10
-1.8987846e-10
-1.8831595e-10
-1.9036459e-10
-1.9121525e-10
-1.8743057e-10
-1.9229168e-10
-1.922396e-10
-1.8852427e-10
-1.9277775e-10
-1.8878472e-10
-1.9006943e-10
-1.903125e-10
-1.8840277e-10
-1.9210068e-10
-1.8447915e-10
-1.896875e-10
-1.9175346e-10
-1.8831597e-10
-1.9019095e-10
-1.9168402e-10
-1.8810765e-10
-1.9083331e-10
-1.932986e-10
-1.9142357e-10
-1.89184e-10
-1.9605902e-10
-1.882986e-10
-1.8866318e-10
-1.9354165e-10
-1.892882e-10
-1.9131943e-10
-1.8699653e-10
-1.8744789e-10
-1.8814235e-10
-1.8828124e-10
-1.8810763e-10
-1.8678818e-10
-1.886632e-10
-1.8335068e-10
-1.8666665e-10
-1.8581597e-10
-1.8565974e-10
-1.88125e-10
-1.8395835e-10
-1.8626733e-10
-1.8343747e-10
-1.8406249e-10
-1.8619789e-10
-1.8362845e-10
-1.836632e-10
-1.8376733e-10
-1.842361e-10
-1.8401042e-10
-1.8253471e-10
-1.8451386e-10
-1.8404514e-10
-1.8607635e-10
-1.7807293e-10
-1.8529514e-10
-1.8526039e-10
-1.8546875e-10
-1.8281254e-10
-1.825e-10
-1.8394096e-10
-1.8126733e-10
-1.8310763e-10
-1.8154513e-10
-1.8557289e-10
-1.8182293e-10
-1.8236108e-10
-1.8321179e-10
-1.8100693e-10
-1.8588543e-10
-1.8223958e-10
-1.8071176e-10
-1.8303818e-10
-1.8059029e-10
-1.8376735e-10
-1.8286457e-10
-1.8078122e-10
-1.8059026e-10
-1.8062499e-10
-1.8163192e-10
-1.8282983e-10
-1.8262153e-10
-1.7942708e-10
-1.8095483e-10
-1.8036461e-10
-1.8131943e-10
-1.7770832e-10
-1.86059e-10
-1.8005204e-10
-1.8163195e-10
-1.8319442e-10
-1.8013888e-10
-1.8213542e-10
-1.7866317e-10
-1.8381939e-10
-1.8088542e-10
-1.8064235e-10
-1.8104165e-10
-1.7961804e-10
-1.7821178e-10
-1.8161456e-10
-1.7696176e-10
-1.8057293e-10
-1.8251736e-10
-1.7956597e-10
-1.7902776e-10
-1.7953124e-10
-1.8130206e-10
-1.7961804e-10
-1.7875e-10
-1.8329863e-10
-1.8340275e-10
-1.7883681e-10
-1.8335071e-10
-1.7767358e-10
-1.7805556e-10
-1.794444e-10
-1.7947915e-10
-1.7789931e-10
-1.7979168e-10
-1.8109374e-10
-1.7991318e-10
-1.8012149e-10
-1.776736e-10
-1.8069443e-10
-1.7902775e-10
-1.8032985e-10
-1.8144099e-10
-1.7848958e-10
-1.806597e-10
-1.7885417e-10
-1.8097221e-10
-1.7909721e-10
-1.8048611e-10
-1.8053815e-10
-1.7914931e-10
-1.7982639e-10
-1.7763888e-10
-1.7991317e-10
-1.7984375e-10
-1.8237845e-10
-1.780382e-10
-1.7715276e-10
-1.8055554e-10
-1.7937501e-10
-1.7762153e-10
-1.7868056e-10
-1.8027778e-10
-1.7927082e-10
-1.7680554e-10
-1.8303818e-10
-1.7687501e-10
-1.7906249e-10
-1.8052081e-10
-1.7484372e-10
-1.8086804e-10
-1.8249997e-10
-1.7885418e-10
-1.7749999e-10
-1.8189233e-10
-1.7935761e-10
-1.815625e-10
-1.7793406e-10
-1.8329858e-10
-1.8171874e-10
-1.7779514e-10
-1.8170139e-10
-1.8107636e-10
-1.8081597e-10
-1.8215277e-10
-1.8164931e-10
-1.8012151e-10
-1.832639e-10
-1.8210067e-10
-1.802257e-10
-1.8036456e-10
-1.8090278e-10
-1.8012151e-10
-1.8512153e-10
-1.8295138e-10
-1.8036458e-10
-1.8246528e-10
-1.7831595e-10
-1.8119792e-10
-1.8208332e-10
-1.7845486e-10
-1.7951386e-10
-1.8315972e-10
-1.7942706e-10
-1.7999996e-10
-1.786285e-10
-1.7914931e-10
-1.8012153e-10
-1.77309e-10
-1.7934026e-10
-1.757986e-10
-1.8446182e-10
-1.7838539e-10
-1.8017358e-10
-1.8152778e-10
-1.7746526e-10
-1.8135414e-10
-1.7920139e-10
-1.8038193e-10
-1.7866318e-10
-1.8010417e-10
-1.7973958e-10
-1.8164931e-10
-1.8078122e-10
-1.7897567e-10
-1.8144099e-10
-1.8335071e-10
-1.8029515e-10
-1.8109374e-10
-1.8616317e-10
-1.8010415e-10
-1.7921872e-10
-1.8315974e-10
-1.7843749e-10
-1.8470483e-10
-1.8477428e-10
-1.8204858e-10
-1.81875e-10
-1.8491317e-10
-1.821007e-10
-1.8309027e-10
-1.8088543e-10
-1.8204857e-10
-1.8717014e-10
-1.8296875e-10
-1.8086807e-10
-1.8621528e-10
-1.8003472e-10
-1.846354e-10
-1.8272572e-10
-1.7989586e-10
-1.8336804e-10
-1.8746527e-10
-1.7993054e-10
-1.8473961e-10
-1.8513886e-10
-1.8319443e-10
-1.8421874e-10
-1.8265625e-10
-1.8574653e-10
-1.7904513e-10
-1.8475693e-10
-1.8185764e-10
-1.7885415e-10
-1.8354165e-10
-1.8133679e-10
-1.8241317e-10
-1.7890626e-10
-1.8498264e-10
-1.8192707e-10
-1.8163192e-10
-1.8402777e-10
-1.7987846e-10
-1.8090276e-10
-1.8005207e-10
-1.8029511e-10
-1.8126738e-10
-1.8095485e-10
-1.7914929e-10
-1.8409718e-10
-1.8255207e-10
-1.826215e-10
-1.827257e-10
-1.8376739e-10
-1.7935763e-10
-1.8100693e-10
-1.8138886e-10
-1.8296871e-10
-1.8045136e-10
-1.7871526e-10
-1.8576389e-10
-1.7631942e-10
-1.8397568e-10
-1.7840276e-10
-1.7911457e-10
-1.7869789e-10
-1.7927083e-10
-1.8130206e-10
-1.7831597e-10
-1.8098958e-10
-1.7718751e-10
-1.7958333e-10
-1.7947915e-10
-1.7850693e-10
-1.8046875e-10
-1.8060765e-10
-1.7638888e-10
-1.7871525e-10
-1.8130206e-10
-1.802257e-10
-1.7555551e-10
-1.8210068e-10
-1.7690968e-10
-1.7732639e-10
-1.8064235e-10
-1.7772568e-10
-1.8114581e-10
-1.7842011e-10
-1.7727429e-10
-1.7923611e-10
-1.7909722e-10
-1.7743057e-10
-1.7888885e-10
-1.7951389e-10
-1.8060763e-10
-1.7772571e-10
-1.7961804e-10
-1.7711808e-10
-1.8470486e-10
-1.7890624e-10
-1.805382e-10
-1.7802082e-10
-1.8300347e-10
-1.7895833e-10
-1.8118056e-10
-1.7994789e-10
-1.811111e-10
-1.8118057e-10
-1.8340279e-10
-1.8128471e-10
-1.8230904e-10
-1.8289931e-10
-1.8428817e-10
-1.8027775e-10
-1.8284724e-10
-1.8102428e-10
-1.8124999e-10
-1.7953124e-10
-1.7819442e-10
-1.8213542e-10
-1.7906249e-10
-1.8137153e-10
-1.7890621e-10
-1.8215277e-10
-1.7694443e-10
-1.792361e-10
-1.7979164e-10
-1.764236e-10
-1.8045139e-10
-1.7583333e-10
-1.7277774e-10
-1.7569446e-10
-1.7942707e-10
-1.7874997e-10
-1.771354e-10
-1.7701389e-10
-1.767361e-10
-1.7777775e-10
-1.7376738e-10
-1.7921875e-10
-1.7822917e-10
-1.7491322e-10
-1.8052085e-10
-1.7637153e-10
-1.7574651e-10
-1.7494792e-10
-1.7680554e-10
-1.7741321e-10
-1.761111e-10
-1.7814239e-10
-1.7967011e-10
-1.7623263e-10
-1.77691e-10
-1.7982636e-10
-1.7781247e-10
-1.7800345e-10
-1.7777775e-10
-1.7756945e-10
-1.7222221e-10
-1.7763885e-10
-1.7807295e-10
-1.7661457e-10
-1.8055554e-10
-1.7817707e-10
-1.8032989e-10
-1.7751735e-10
-1.7989582e-10
-1.809375e-10
-1.7972218e-10
-1.788715e-10
-1.7690971e-10
-1.8031249e-10
-1.7963539e-10
-1.7538196e-10
-1.7854167e-10
-1.8185763e-10
-1.7576388e-10
-1.7914929e-10
-1.7673613e-10
-1.7916668e-10
-1.7946179e-10
-1.7786458e-10
-1.7932292e-10
-1.7413193e-10
-1.7494789e-10
-1.7861108e-10
-1.7553818e-10
-1.7907985e-10
-1.738021e-10
-1.7649303e-10
-1.7725693e-10
-1.7385414e-10
-1.77066e-10
-1.7767361e-10
-1.7925349e-10
-1.7468753e-10
-1.7633679e-10
-1.7720486e-10
-1.7578125e-10
-1.7237846e-10
-1.7621531e-10
-1.7411456e-10
-1.7729164e-10
-1.7354165e-10
-1.7765622e-10
-1.7407983e-10
-1.7758678e-10
-1.774132e-10
-1.7725693e-10
-1.7824651e-10
-1.7409724e-10
-1.768229e-10
-1.765625e-10
-1.76059e-10
-1.7506945e-10
-1.7336804e-10
-1.7835068e-10
-1.7552083e-10
-1.7317708e-10
-1.7583332e-10
-1.7744793e-10
-1.7300346e-10
-1.7734371e-10
-1.7413194e-10
-1.7437501e-10
-1.7538193e-10
-1.7581597e-10
-1.7229163e-10
-1.7538193e-10
-1.7699651e-10
-1.7354168e-10
-1.7833329e-10
-1.7765626e-10
-1.7598956e-10
-1.75434e-10
-1.774132e-10
-1.7532986e-10
-1.7303819e-10
-1.7704863e-10
-1.7545138e-10
-1.7286458e-10
-1.7864582e-10
-1.7468749e-10
-1.7592014e-10
-1.7524303e-10
-1.7482639e-10
-1.769965e-10
-1.7598958e-10
-1.7819442e-10
-1.7463542e-10
-1.7756945e-10
-1.7677081e-10
-1.7031249e-10
-1.7725695e-10
-1.7677082e-10
-1.7206597e-10
-1.7781249e-10
-1.7399304e-10
-1.7315971e-10
-1.7307288e-10
-1.7296871e-10
-1.7657986e-10
-1.7685758e-10
-1.7276042e-10
-1.7652779e-10
-1.7725692e-10
-1.7149306e-10
-1.7930551e-10
-1.7237846e-10
-1.771354e-10
-1.7734375e-10
-1.7765624e-10
-1.7298613e-10
-1.7592013e-10
-1.764236e-10
-1.7532986e-10
-1.7553817e-10
-1.7657985e-10
-1.7520833e-10
-1.7592011e-10
-1.8062499e-10
-1.7246528e-10
-1.7625e-10
-1.779861e-10
-1.7291663e-10
-1.7956597e-10
-1.731944e-10
-1.7770832e-10
-1.7894097e-10
-1.7619789e-10
-1.7899307e-10
-1.7475693e-10
-1.7467013e-10
-1.7532986e-10
-1.7885417e-10
-1.7190972e-10
-1.7498264e-10
-1.7493054e-10
-1.7552082e-10
-1.8095485e-10
-1.7449651e-10
-1.7418403e-10
-1.7088539e-10
-1.7737847e-10
-1.7366319e-10
-1.7147571e-10
-1.7515622e-10
-1.743229e-10
-1.7762151e-10
-1.7564236e-10
-1.7862849e-10
-1.7624997e-10
-1.7359374e-10
-1.750347e-10
-1.7680558e-10
-1.7592011e-10
-1.7670138e-10
-1.7468749e-10
-1.7796876e-10
-1.7640624e-10
-1.7222219e-10
-1.7914931e-10
-1.7447915e-10
-1.7463542e-10
-1.7793401e-10
-1.7420136e-10
-1.7793403e-10
-1.7526042e-10
-1.7451388e-10
-1.7930554e-10
-1.7196181e-10
-1.7744792e-10
-1.7510415e-10
-1.7706596e-10
-1.7725693e-10
-1.7454861e-10
-1.7574649e-10
-1.7562501e-10
-1.7536458e-10
-1.7659724e-10
-1.7585068e-10
-1.7664931e-10
-1.7675345e-10
-1.7819443e-10
-1.7489582e-10
-1.7505213e-10
-1.7689235e-10
-1.7465278e-10
-1.74375e-10
-1.7760413e-10
-1.7699651e-10
-1.746354e-10
-1.7498263e-10
-1.7640626e-10
-1.7322915e-10
-1.7868056e-10
-1.7590276e-10
-1.7524306e-10
-1.7545138e-10
-1.7729165e-10
-1.7670136e-10
-1.7449654e-10
-1.7631945e-10
-1.761632e-10
-1.7595485e-10
-1.7350694e-10
-1.7524304e-10
-1.7815972e-10
-1.7128471e-10
-1.7508678e-10
-1.761979e-10
-1.7402775e-10
-1.7355901e-10
-1.7546872e-10
-1.7506945e-10
-1.7281249e-10
-1.7208329e-10
-1.7324653e-10
-1.76059e-10
-1.7307289e-10
-1.719965e-10
-1.7373264e-10
-1.7494789e-10
-1.7078122e-10
-1.7621526e-10
-1.7171876e-10
-1.7527775e-10
-1.7194443e-10
-1.7479168e-10
-1.7404517e-10
-1.7451388e-10
-1.7175347e-10
-1.7434026e-10
-1.7239582e-10
-1.7095486e-10
-1.7670139e-10
-1.7279513e-10
-1.7295138e-10
-1.7840275e-10
-1.7220485e-10
-1.7253472e-10
-1.7684026e-10
-1.7095485e-10
-1.7182292e-10
-1.69184e-10
-1.7314235e-10
-1.7013883e-10
-1.7255207e-10
-1.7095483e-10
-1.7258679e-10
-1.7505208e-10
-1.7038194e-10
-1.7430556e-10
-1.7345483e-10
-1.7411457e-10
-1.6814235e-10
-1.7401042e-10
-1.7437497e-10
-1.6998264e-10
-1.7598957e-10
-1.7305554e-10
-1.7013886e-10
-1.7133681e-10
-1.7185763e-10
-1.7552081e-10
-1.7138886e-10
-1.74809e-10
-1.7185763e-10
-1.7388888e-10
-1.7203122e-10
-1.7347219e-10
-1.7128471e-10
-1.7361108e-10
-1.7098958e-10
-1.7604167e-10
-1.7029513e-10
-1.7020833e-10
-1.7440974e-10
-1.7281249e-10
-1.6967014e-10
-1.7269097e-10
-1.7460068e-10
-1.6871526e-10
-1.743229e-10
-1.7128471e-10
-1.7052082e-10
-1.7270833e-10
-1.7229165e-10
-1.7546876e-10
-1.7065974e-10
-1.7255206e-10
-1.6923613e-10
-1.7552081e-10
-1.7064233e-10
-1.6901042e-10
-1.7499997e-10
-1.7190969e-10
-1.7336806e-10
-1.7149306e-10
-1.7078124e-10
-1.7159724e-10
-1.7480901e-10
-1.7164928e-10
-1.7178818e-10
-1.7532986e-10
-1.7416667e-10
-1.7060763e-10
-1.7414931e-10
-1.7697917e-10
-1.7421875e-10
-1.7289931e-10
-1.7527779e-10
-1.7104165e-10
-1.7220485e-10
-1.7152774e-10
-1.7194442e-10
-1.7376733e-10
-1.6892361e-10
-1.7527776e-10
-1.7095485e-10
-1.7206594e-10
-1.7289928e-10
-1.7404514e-10
-1.6930551e-10
-1.7402775e-10
-1.7253471e-10
-1.7364582e-10
-1.7720488e-10
-1.7303818e-10
-1.7387153e-10
-1.6982639e-10
-1.7628471e-10
-1.7618056e-10
-1.663194e-10
-1.7307292e-10
-1.7543399e-10
-1.7383681e-10
-1.7199653e-10
-1.7342011e-10
-1.7350694e-10
-1.6906249e-10
-1.7026044e-10
-1.7133679e-10
-1.7185765e-10
-1.7126736e-10
-1.6690971e-10
-1.7842011e-10
-1.7241318e-10
-1.6642361e-10
-1.7357636e-10
-1.6871529e-10
-1.7309026e-10
-1.7248264e-10
-1.7152776e-10
-1.7503471e-10
-1.6956596e-10
-1.7239581e-10
-1.7022568e-10
-1.6871526e-10
-1.7184026e-10
-1.7159722e-10
-1.7227431e-10
-1.7300346e-10
-1.6869792e-10
-1.7418403e-10
-1.6744789e-10
-1.7309024e-10
-1.7359374e-10
-1.7029514e-10
-1.732986e-10
-1.7118054e-10
-1.7074651e-10
-1.7361108e-10
-1.6951388e-10
-1.741319e-10
-1.7050344e-10
-1.6812499e-10
-1.7572915e-10
-1.7149303e-10
-1.7088538e-10
-1.6810764e-10
-1.7569442e-10
-1.7253472e-10
-1.7027776e-10
-1.7302082e-10
-1.7045135e-10
-1.7039931e-10
-1.7430554e-10
-1.7041664e-10
-1.7451389e-10
-1.7288194e-10
-1.729861e-10
-1.7482638e-10
-1.6996528e-10
-1.7133678e-10
-1.7546878e-10
-1.7022568e-10
-1.7539928e-10
-1.7522567e-10
-1.7305551e-10
-1.7414929e-10
-1.7246528e-10
-1.7248264e-10
-1.7027774e-10
-1.7366321e-10
-1.7512153e-10
-1.7012151e-10
-1.6819442e-10
-1.7307292e-10
-1.7119792e-10
-1.7208329e-10
-1.7168403e-10
-1.7248261e-10
-1.6890625e-10
-1.7468749e-10
-1.6810763e-10
-1.7239581e-10
-1.7053819e-10
-1.6980901e-10
-1.7152776e-10
-1.7241319e-10
-1.7019096e-10
-1.7201388e-10
-1.7026042e-10
-1.7017361e-10
-1.7390622e-10
-1.6925344e-10
-1.7331597e-10
-1.7003471e-10
-1.7100693e-10
-1.7128471e-10
-1.7006943e-10
-1.7272571e-10
-1.7090276e-10
-1.7095483e-10
-1.6918403e-10
-1.7265625e-10
-1.7029515e-10
-1.7118054e-10
-1.7300346e-10
-1.7053821e-10
-1.7288193e-10
-1.6776042e-10
-1.6934026e-10
-1.7052083e-10
-1.6927082e-10
-1.7246526e-10
-1.7317708e-10
-1.701736e-10
-1.6960068e-10
-1.7109375e-10
-1.7171874e-10
-1.7109375e-10
-1.6998264e-10
-1.6845483e-10
-1.7378474e-10
-1.7032986e-10
-1.6949651e-10
-1.6810765e-10
-1.721875e-10
-1.6677083e-10
-1.7100693e-10
-1.6906246e-10
-1.692361e-10
-1.7241321e-10
-1.6828125e-10
-1.7109375e-10
-1.7045138e-10
-1.6987846e-10
-1.7151042e-10
-1.7086804e-10
-1.6798613e-10
-1.6975696e-10
-1.677604e-10
-1.7135419e-10
-1.6970486e-10
-1.6821181e-10
-1.6663193e-10
-1.6694443e-10
-1.6786456e-10
-1.6937499e-10
-1.7253468e-10
-1.6654512e-10
-1.7045138e-10
-1.6706597e-10
-1.6687499e-10
-1.6713539e-10
-1.6861108e-10
-1.7130206e-10
-1.6607635e-10
-1.7048613e-10
-1.7024303e-10
-1.6852426e-10
-1.6682293e-10
-1.6744792e-10
-1.6913196e-10
-1.6647567e-10
-1.6814235e-10
-1.6993057e-10
-1.7118057e-10
-1.6866321e-10
-1.6874997e-10
-1.6423612e-10
-1.6897567e-10
-1.6982636e-10
-1.6725693e-10
-1.7260417e-10
-1.6689235e-10
-1.6850693e-10
-1.6871525e-10
-1.6751733e-10
-1.7032988e-10
-1.7109372e-10
-1.6871526e-10
-1.6928818e-10
-1.6878472e-10
-1.6887153e-10
-1.6734376e-10
-1.7197915e-10
-1.6854164e-10
-1.7112844e-10
-1.6888889e-10
-1.6914931e-10
-1.7012153e-10
-1.7053819e-10
-1.66875e-10
-1.6968751e-10
-1.7083329e-10
-1.7045136e-10
-1.6852431e-10
-1.6961803e-10
-1.7187501e-10
-1.6946182e-10
-1.6572915e-10
-1.72309e-10
-1.6838539e-10
-1.6828125e-10
-1.7586804e-10
-1.6640626e-10
-1.6961806e-10
-1.6987844e-10
-1.6960069e-10
-1.7019096e-10
-1.7090275e-10
-1.6897567e-10
-1.7121525e-10
-1.6921878e-10
-1.6677085e-10
-1.6887153e-10
-1.6717012e-10
-1.6895835e-10
-1.6923611e-10
-1.6789931e-10
-1.6963542e-10
-1.6777775e-10
-1.7236108e-10
-1.6852431e-10
-1.6928817e-10
-1.6687499e-10
-1.7119789e-10
-1.6690971e-10
-1.6645831e-10
-1.7118054e-10
-1.690104e-10
-1.6831596e-10
-1.7045138e-10
-1.6697917e-10
-1.7010413e-10
-1.6977429e-10
-1.6961804e-10
-1.7192708e-10
-1.6987846e-10
-1.6855903e-10
-1.7126735e-10
-1.6640625e-10
-1.7210069e-10
-1.6607636e-10
-1.6802083e-10
-1.7013889e-10
-1.6565971e-10
-1.7222222e-10
-1.6862844e-10
-1.6605901e-10
-1.7196181e-10
-1.6850693e-10
-1.6918403e-10
-1.6847221e-10
-1.6899303e-10
-1.6524306e-10
-1.6991317e-10
-1.7036457e-10
-1.6479165e-10
-1.7045138e-10
-1.6871525e-10
-1.6909722e-10
-1.6861108e-10
-1.6711803e-10
-1.6913193e-10
-1.6727428e-10
-1.7086806e-10
-1.6802081e-10
-1.6956597e-10
-1.6720486e-10
-1.6670137e-10
-1.6975693e-10
-1.6456597e-10
-1.7333335e-10
-1.6670137e-10
-1.69375e-10
-1.6651043e-10
-1.6984375e-10
-1.6711804e-10
-1.6600694e-10
-1.6717012e-10
-1.6987847e-10
-1.7032983e-10
-1.6635414e-10
-1.714236e-10
-1.6720486e-10
-1.6475693e-10
-1.7607636e-10
-1.6611108e-10
-1.6614585e-10
-1.7300344e-10
-1.6920139e-10
-1.6767361e-10
-1.7116319e-10
-1.6855901e-10
-1.6494789e-10
-1.6946179e-10
-1.6612847e-10
-1.6720486e-10
-1.6859374e-10
-1.6734372e-10
-1.6729164e-10
-1.6956597e-10
-1.6593747e-10
-1.6543401e-10
-1.6571179e-10
-1.6491317e-10
-1.6477432e-10
-1.670139e-10
-1.6559028e-10
-1.7109372e-10
-1.6064233e-10
-1.6789928e-10
-1.6869793e-10
-1.6647571e-10
-1.6842013e-10
-1.6572915e-10
-1.6932292e-10
-1.6713542e-10
-1.6586804e-10
-1.7069443e-10
-1.6666665e-10
-1.665625e-10
-1.6942708e-10
-1.7427082e-10
-1.6633681e-10
-1.7173611e-10
-1.7255207e-10
-1.6703124e-10
-1.7119789e-10
-1.6692708e-10
-1.6857636e-10
-1.7059028e-10
-1.6746525e-10
-1.6871524e-10
-1.7548611e-10
-1.6727429e-10
-1.7050347e-10
-1.6621525e-10
-1.6819442e-10
-1.7116318e-10
-1.6909721e-10
-1.6972221e-10
-1.6902776e-10
-1.6996529e-10
-1.6842013e-10
-1.7026042e-10
-1.6772568e-10
-1.693229e-10
-1.6868057e-10
-1.7039931e-10
-1.7286457e-10
-1.6772568e-10
-1.6928817e-10
-1.7203124e-10
-1.7005203e-10
-1.7090278e-10
-1.7222221e-10
-1.6859375e-10
-1.6911454e-10
-1.7133679e-10
-1.6927083e-10
-1.7123263e-10
-1.6928817e-10
-1.6784721e-10
-1.7086803e-10
-1.7010415e-10
-1.6991317e-10
-1.6749999e-10
-1.6795139e-10
-1.676736e-10
-1.6637153e-10
-1.6821181e-10
-1.6550346e-10
-1.6661454e-10
-1.6760417e-10
-1.6399304e-10
-1.6619789e-10
-1.6888886e-10
-1.6657985e-10
-1.6597219e-10
-1.6508681e-10
-1.7118056e-10
-1.6428819e-10
-1.6607636e-10
-1.6583333e-10
-1.6559026e-10
-1.7048611e-10
-1.6597219e-10
-1.6340276e-10
-1.6782987e-10
-1.6769094e-10
-1.6506944e-10
-1.6835071e-10
-1.6442708e-10
-1.6873264e-10
-1.6765625e-10
-1.696875e-10
-1.6401043e-10
-1.683854e-10
-1.6824653e-10
-1.6402775e-10
-1.6803819e-10
-1.6380206e-10
-1.683854e-10
-1.6623262e-10
-1.6513886e-10
-1.682986e-10
-1.6690969e-10
-1.6354167e-10
-1.6916665e-10
-1.6675344e-10
-1.6635415e-10
-1.6508678e-10
-1.6508678e-10
-1.6708332e-10
-1.64809e-10
-1.6482639e-10
-1.6571179e-10
-1.6857638e-10
-1.6593749e-10
-1.6588536e-10
-1.6305553e-10
-1.6890626e-10
-1.6538194e-10
-1.6480901e-10
-1.6800346e-10
-1.6859375e-10
-1.6826386e-10
-1.6317707e-10
-1.660764e-10
-1.6651042e-10
-1.6420137e-10
-1.6420137e-10
-1.6890622e-10
-1.6482637e-10
-1.6687499e-10
-1.673264e-10
-1.6442708e-10
-1.6850694e-10
-1.6211804e-10
-1.6725694e-10
-1.63941e-10
-1.6420137e-10
-1.6595486e-10
-1.6345485e-10
-1.6701387e-10
-1.6262151e-10
-1.6520832e-10
-1.6416665e-10
-1.6611108e-10
-1.6298611e-10
-1.6737844e-10
-1.6376736e-10
-1.6473958e-10
-1.6680556e-10
-1.6293403e-10
-1.6512151e-10
-1.6592012e-10
-1.6378472e-10
-1.6494789e-10
-1.6682292e-10
-1.6651042e-10
-1.6321181e-10
-1.6541664e-10
-1.6890628e-10
-1.618229e-10
-1.6560761e-10
-1.6508678e-10
-1.6413193e-10
-1.6704858e-10
-1.663194e-10
-1.6069443e-10
-1.6531249e-10
-1.6378471e-10
-1.6623264e-10
-1.6298611e-10
-1.6657985e-10
-1.6564232e-10
-1.6425343e-10
-1.6624997e-10
-1.6149304e-10
-1.664236e-10
-1.6878471e-10
-1.6012153e-10
-1.6453122e-10
-1.6534722e-10
-1.6496526e-10
-1.6331594e-10
-1.6649306e-10
-1.6338539e-10
-1.6543403e-10
-1.6637151e-10
-1.6354164e-10
-1.6585068e-10
-1.657986e-10
-1.6324651e-10
-1.6689235e-10
-1.6746528e-10
-1.6439235e-10
-1.6762151e-10
-1.6597219e-10
-1.6407985e-10
-1.6461804e-10
-1.6499999e-10
-1.6361107e-10
-1.6468747e-10
-1.6602431e-10
-1.648264e-10
-1.6230901e-10
-1.6527779e-10
-1.6409721e-10
-1.6579861e-10
-1.6680557e-10
-1.6635418e-10
-1.641146e-10
-1.6272565e-10
-1.663715e-10
-1.6597221e-10
-1.6322917e-10
-1.6720485e-10
-1.6425344e-10
-1.6883679e-10
-1.6642361e-10
-1.6227428e-10
-1.7102428e-10
-1.6067708e-10
-1.6590276e-10
-1.6661456e-10
-1.6631943e-10
-1.6626736e-10
-1.6630206e-10
-1.6638886e-10
-1.6479164e-10
-1.639236e-10
-1.6564236e-10
-1.6416665e-10
-1.6585069e-10
-1.632465e-10
-1.639236e-10
-1.6461804e-10
-1.6559026e-10
-1.6569444e-10
-1.6364582e-10
-1.6809026e-10
-1.6855903e-10
-1.6361108e-10
-1.675e-10
-1.6253471e-10
-1.6357639e-10
-1.6788193e-10
-1.6095486e-10
-1.679861e-10
-1.6776039e-10
-1.6560762e-10
-1.6222222e-10
-1.6828122e-10
-1.666146e-10
-1.6473957e-10
-1.6850693e-10
-1.657986e-10
-1.6456597e-10
-1.6727433e-10
-1.6498262e-10
-1.6859374e-10
-1.6281249e-10
-1.6656249e-10
-1.651736e-10
-1.6449651e-10
-1.648611e-10
-1.645139e-10
-1.6298607e-10
-1.6668401e-10
-1.5970489e-10
-1.6864581e-10
-1.623611e-10
-1.6255207e-10
-1.6661456e-10
-1.6708329e-10
-1.651215e-10
-1.6387154e-10
-1.6465279e-10
-1.6498261e-10
-1.6414931e-10
-1.6184028e-10
-1.6819442e-10
-1.6394096e-10
-1.6296875e-10
-1.6921875e-10
-1.6163193e-10
-1.6196182e-10
-1.6618053e-10
-1.6223958e-10
-1.6265626e-10
-1.6201389e-10
-1.6572915e-10
-1.6425347e-10
-1.6144097e-10
-1.6541667e-10
-1.6748262e-10
-1.6277778e-10
-1.6293403e-10
-1.6588542e-10
-1.6295139e-10
-1.6697915e-10
-1.6454862e-10
-1.6298612e-10
-1.6501735e-10
-1.6666668e-10
-1.6288193e-10
-1.6661457e-10
-1.6581597e-10
-1.6157986e-10
-1.6673611e-10
-1.6664929e-10
-1.6090278e-10
-1.6309026e-10
-1.6310764e-10
-1.665625e-10
-1.6454858e-10
-1.6310761e-10
-1.6743056e-10
-1.6538192e-10
-1.6564233e-10
-1.6314233e-10
-1.6510414e-10
-1.660069e-10
-1.644965e-10
-1.6479164e-10
-1.6371528e-10
-1.6817708e-10
-1.6159721e-10
-1.6597221e-10
-1.6654512e-10
-1.6255208e-10
-1.6296874e-10
-1.6371529e-10
-1.6399306e-10
-1.6378471e-10
-1.6302083e-10
-1.6588539e-10
-1.6671874e-10
-1.636979e-10
-1.643229e-10
-1.6729165e-10
-1.6375001e-10
-1.629861e-10
-1.6527774e-10
-1.6690972e-10
-1.6256946e-10
-1.6340279e-10
-1.6694444e-10
-1.6213542e-10
-1.6333332e-10
-1.6413192e-10
-1.6454861e-10
-1.6482637e-10
-1.6586806e-10
-1.6649307e-10
-1.6373265e-10
-1.6282983e-10
-1.6652776e-10
-1.6267358e-10
-1.6555553e-10
-1.6437503e-10
-1.6519097e-10
-1.6501736e-10
-1.6302083e-10
-1.6520832e-10
-1.6289929e-10
-1.6512154e-10
-1.6239582e-10
-1.6234374e-10
-1.6616318e-10
-1.5991318e-10
-1.6409719e-10
-1.6401043e-10
-1.6133678e-10
-1.6727431e-10
-1.625e-10
-1.6411458e-10
-1.6461804e-10
-1.6078124e-10
-1.6623262e-10
-1.6121524e-10
-1.6503472e-10
-1.6229165e-10
-1.6291667e-10
-1.6095485e-10
-1.6418404e-10
-1.6312497e-10
-1.6387153e-10
-1.6248264e-10
-1.6065969e-10
-1.6557294e-10
-1.621875e-10
-1.6324653e-10
-1.6420139e-10
-1.5869789e-10
-1.6291667e-10
-1.6262151e-10
-1.6281247e-10
-1.6164929e-10
-1.6486107e-10
-1.651736e-10
-1.5973958e-10
-1.6439233e-10
-1.5888889e-10
-1.6140622e-10
-1.6574653e-10
-1.6246526e-10
-1.6041665e-10
-1.641319e-10
-1.6123262e-10
-1.6310765e-10
-1.6034724e-10
-1.6256946e-10
-1.6255208e-10
-1.6123262e-10
-1.63125e-10
-1.5956597e-10
-1.6428818e-10
-1.6128472e-10
-1.6034721e-10
-1.6460071e-10
-1.6234374e-10
-1.6263889e-10
-1.6369793e-10
-1.5704858e-10
-1.6310761e-10
-1.6279512e-10
-1.5951386e-10
-1.6246528e-10
-1.608854e-10
-1.6258681e-10
-1.5993053e-10
-1.6151043e-10
-1.5991318e-10
-1.611285e-10
-1.6484376e-10
-1.6041668e-10
-1.6032983e-10
-1.6487846e-10
-1.5694444e-10
-1.6248262e-10
-1.6140624e-10
-1.6258681e-10
-1.6237847e-10
-1.5954861e-10
-1.5951389e-10
-1.6427083e-10
-1.6385415e-10
-1.6078124e-10
-1.5965278e-10
-1.5953124e-10
-1.6317708e-10
-1.5993057e-10
-1.6390622e-10
-1.6163193e-10
-1.607639e-10
-1.623611e-10
-1.6038194e-10
-1.6352428e-10
-1.6022569e-10
-1.5946182e-10
-1.611285e-10
-1.615625e-10
-1.6220486e-10
-1.6123262e-10
-1.6347224e-10
-1.63125e-10
-1.6015624e-10
-1.6192706e-10
-1.6656249e-10
-1.6237847e-10
-1.6112849e-10
-1.6078124e-10
-1.5972219e-10
-1.644271e-10
-1.6303818e-10
-1.6251735e-10
-1.6006943e-10
-1.6095486e-10
-1.6366321e-10
-1.6211806e-10
-1.6079861e-10
-1.6243057e-10
-1.6177082e-10
-1.6272568e-10
-1.6093744e-10
-1.6152775e-10
-1.6482636e-10
-1.5715276e-10
-1.64375e-10
-1.5973955e-10
-1.5751733e-10
-1.6631943e-10
-1.5842011e-10
-1.5729164e-10
-1.6206596e-10
-1.6175346e-10
-1.5883678e-10
-1.6001735e-10
-1.6484375e-10
-1.6029514e-10
-1.5807292e-10
-1.6600694e-10
-1.6090276e-10
-1.6253471e-10
-1.5711805e-10
-1.6258679e-10
-1.6145833e-10
-1.6350693e-10
-1.5946179e-10
-1.6128471e-10
-1.6013887e-10
-1.5947915e-10
-1.6163193e-10
-1.6350693e-10
-1.6104168e-10
-1.6157986e-10
-1.5967012e-10
-1.6208333e-10
-1.6059026e-10
-1.5835065e-10
-1.6491318e-10
-1.6100692e-10
-1.6225693e-10
-1.6418404e-10
-1.5999996e-10
-1.6255208e-10
-1.6220485e-10
-1.6026039e-10
-1.6138885e-10
-1.6222222e-10
-1.644444e-10
-1.6083332e-10
-1.6286457e-10
-1.6013887e-10
-1.5972222e-10
-1.6468749e-10
-1.6237847e-10
-1.6057292e-10
-1.6355901e-10
-1.5984374e-10
-1.6239582e-10
-1.6027778e-10
-1.6206599e-10
-1.6251739e-10
-1.6340278e-10
-1.6220486e-10
-1.6126735e-10
-1.6210068e-10
-1.5857636e-10
-1.6361112e-10
-1.591319e-10
-1.6243057e-10
-1.5987846e-10
-1.6157986e-10
-1.6078124e-10
-1.5996528e-10
-1.6031249e-10
-1.6225693e-10
-1.6026042e-10
-1.6182293e-10
-1.6079861e-10
-1.6102432e-10
-1.60625e-10
-1.623264e-10
-1.5847221e-10
-1.6376735e-10
-1.6260414e-10
-1.5859375e-10
-1.6404514e-10
-1.6008679e-10
-1.5963543e-10
-1.6064235e-10
-1.5770835e-10
-1.6034722e-10
-1.6055554e-10
-1.6154511e-10
-1.5890626e-10
-1.5987846e-10
-1.6032985e-10
-1.5822917e-10
-1.6170136e-10
-1.5868055e-10
-1.6156249e-10
-1.5706596e-10
-1.608854e-10
-1.5897571e-10
-1.5888886e-10
-1.6001736e-10
-1.6229165e-10
-1.582118e-10
-1.6276042e-10
-1.6064235e-10
-1.5807292e-10
-1.5993055e-10
-1.5769094e-10
-1.5769096e-10
-1.6022567e-10
-1.6123264e-10
-1.5928819e-10
-1.5817708e-10
-1.6345486e-10
-1.5961803e-10
-1.6432292e-10
-1.6173611e-10
-1.6145831e-10
-1.6031249e-10
-1.58125e-10
-1.6192708e-10
-1.6180553e-10
-1.6036457e-10
-1.6024304e-10
-1.6381942e-10
-1.6005207e-10
-1.6118053e-10
-1.6249999e-10
-1.6053817e-10
-1.5960068e-10
-1.5850693e-10
-1.5921875e-10
-1.5855904e-10
-1.6184026e-10
-1.5869789e-10
-1.6232639e-10
-1.6185762e-10
-1.5666667e-10
-1.6371526e-10
-1.6131943e-10
-1.6335069e-10
-1.5901042e-10
-1.6168403e-10
-1.6190974e-10
-1.5868057e-10
-1.5920136e-10
-1.632986e-10
-1.5796875e-10
-1.6131944e-10
-1.5881942e-10
-1.6265625e-10
-1.6328124e-10
-1.5789929e-10
-1.6010417e-10
-1.6243054e-10
-1.617361e-10
-1.6177079e-10
-1.5805551e-10
-1.6026042e-10
-1.5850694e-10
-1.6036458e-10
-1.6319442e-10
-1.5815971e-10
-1.603646e-10
-1.6204862e-10
-1.6100693e-10
-1.5913192e-10
-1.6251735e-10
-1.5795139e-10
-1.5993055e-10
-1.6022568e-10
-1.5911458e-10
-1.6236111e-10
-1.5592014e-10
-1.6074651e-10
-1.6161457e-10
-1.5831596e-10
-1.6114582e-10
-1.6149303e-10
-1.5949651e-10
-1.6274306e-10
-1.6343749e-10
-1.6277775e-10
-1.59375e-10
-1.6020832e-10
-1.600521e-10
-1.5810764e-10
-1.5975693e-10
-1.6123262e-10
-1.5769094e-10
-1.6031247e-10
-1.5880207e-10
-1.6065972e-10
-1.5880208e-10
-1.6154514e-10
-1.6159724e-10
-1.5748261e-10
-1.5961805e-10
-1.5911458e-10
-1.5899305e-10
-1.5927082e-10
-1.6133679e-10
-1.6069443e-10
-1.5906249e-10
-1.5503472e-10
-1.6265622e-10
-1.6282983e-10
-1.5659721e-10
-1.5809026e-10
-1.5854167e-10
-1.6059026e-10
-1.5802083e-10
-1.5967012e-10
-1.6210071e-10
-1.6404512e-10
-1.5873262e-10
-1.6190969e-10
-1.5972221e-10
-1.5824653e-10
-1.6157986e-10
-1.5427085e-10
-1.6072914e-10
-1.5760417e-10
-1.6298611e-10
-1.597743e-10
-1.5935762e-10
-1.5810761e-10
-1.6055555e-10
-1.5524304e-10
-1.5987843e-10
-1.6055555e-10
-1.5588539e-10
-1.6434025e-10
-1.5963539e-10
-1.5644097e-10
-1.589236e-10
-1.5722222e-10
-1.6178818e-10
-1.605729e-10
-1.5703126e-10
-1.5972218e-10
-1.5888889e-10
-1.6192708e-10
-1.5718747e-10
-1.588021e-10
-1.5857636e-10
-1.6001733e-10
-1.5711804e-10
-1.6062499e-10
-1.6013889e-10
-1.5871528e-10
-1.5984375e-10
-1.5868054e-10
-1.5845486e-10
-1.5902779e-10
-1.576736e-10
-1.603993e-10
-1.5751733e-10
-1.5927083e-10
-1.5817707e-10
-1.5649307e-10
-1.6036455e-10
-1.58125e-10
-1.5935764e-10
-1.6140624e-10
-1.6060762e-10
-1.5904515e-10
-1.5690971e-10
-1.5553818e-10
-1.6340278e-10
-1.5730901e-10
-1.5942708e-10
-1.6484378e-10
-1.5817708e-10
-1.6003471e-10
-1.6196181e-10
-1.5967014e-10
-1.6097221e-10
-1.6072914e-10
-1.6197914e-10
-1.5970485e-10
-1.6157985e-10
-1.6178821e-10
-1.5572915e-10
-1.640625e-10
-1.5902775e-10
-1.6170139e-10
-1.632465e-10
-1.5996529e-10
-1.6164931e-10
-1.5774304e-10
-1.6184028e-10
-1.5595486e-10
-1.6015625e-10
-1.5833332e-10
-1.6399307e-10
-1.5890626e-10
-1.6006946e-10
-1.5994789e-10
-1.56875e-10
-1.6190971e-10
-1.6182289e-10
-1.5866319e-10
-1.5699649e-10
-1.6067708e-10
-1.5762151e-10
-1.5878474e-10
-1.609375e-10
-1.594618e-10
-1.5868053e-10
-1.5937499e-10
-1.5956596e-10
-1.5848955e-10
-1.5953125e-10
-1.60434e-10
-1.6048612e-10
-1.5782989e-10
-1.5984375e-10
-1.6348957e-10
-1.5532983e-10
-1.60625e-10
-1.628125e-10
-1.5869789e-10
-1.6119789e-10
-1.5885417e-10
-1.5769096e-10
-1.5881944e-10
-1.5934024e-10
-1.5770836e-10
-1.5718749e-10
-1.6135417e-10
-1.5690969e-10
-1.602604e-10
-1.5776042e-10
-1.5847221e-10
-1.5748262e-10
-1.559201e-10
-1.5737846e-10
-1.6050346e-10
-1.6151042e-10
-1.5453124e-10
-1.6041667e-10
-1.5894099e-10
-1.551736e-10
-1.6003471e-10
-1.5807289e-10
-1.5862847e-10
-1.5741324e-10
-1.5866318e-10
-1.5819442e-10
-1.5814233e-10
-1.5843751e-10
-1.5963539e-10
-1.6085067e-10
-1.5934026e-10
-1.5803819e-10
-1.5944444e-10
-1.566493e-10
-1.6060764e-10
-1.597396e-10
-1.5756944e-10
-1.5954858e-10
-1.5477428e-10
-1.5821179e-10
-1.5934026e-10
-1.5678819e-10
-1.5848957e-10
-1.5559026e-10
-1.5954858e-10
-1.5531249e-10
-1.59375e-10
-1.5899304e-10
-1.5756943e-10
-1.5675347e-10
-1.5505208e-10
-1.6114583e-10
-1.5642358e-10
-1.5484376e-10
-1.6142358e-10
-1.5494789e-10
-1.5699653e-10
-1.5753471e-10
-1.5427082e-10
-1.5874999e-10
-1.6001736e-10
-1.5737844e-10
-1.5784724e-10
-1.5925346e-10
-1.5913193e-10
-1.5824653e-10
-1.5793401e-10
-1.5907983e-10
-1.5791667e-10
-1.5435764e-10
-1.6128471e-10
-1.5821178e-10
-1.5604168e-10
-1.5982637e-10
-1.5621525e-10
-1.5961804e-10
-1.568229e-10
-1.6034724e-10
-1.5767357e-10
-1.5515622e-10
-1.5638887e-10
-1.5925349e-10
-1.5748264e-10
-1.5831597e-10
-1.595486e-10
-1.5411458e-10
-1.5902776e-10
-1.5706597e-10
-1.5791665e-10
-1.5822915e-10
-1.5878471e-10
-1.5368054e-10
-1.5762153e-10
-1.5758679e-10
-1.5614582e-10
-1.6114585e-10
-1.6008678e-10
-1.5447915e-10
-1.6024304e-10
-1.5906249e-10
-1.5618055e-10
-1.5895833e-10
-1.5420137e-10
-1.5607635e-10
-1.6114581e-10
-1.5541664e-10
-1.5760414e-10
-1.5774304e-10
-1.5630207e-10
-1.579861e-10
-1.5751735e-10
-1.5935762e-10
-1.6029514e-10
-1.5734374e-10
-1.5996525e-10
-1.5772567e-10
-1.5746526e-10
-1.5847222e-10
-1.5984375e-10
-1.5543403e-10
-1.5907987e-10
-1.5821182e-10
-1.5664929e-10
-1.6005207e-10
-1.5651046e-10
-1.5706596e-10
-1.5887153e-10
-1.5871526e-10
-1.5921876e-10
-1.5406248e-10
-1.6024304e-10
-1.5633679e-10
-1.5923612e-10
-1.6026043e-10
-1.5836804e-10
-1.6003471e-10
-1.5711804e-10
-1.5845485e-10
-1.5651039e-10
-1.5668403e-10
-1.5829858e-10
-1.5612847e-10
-1.5842014e-10
-1.5953122e-10
-1.5515622e-10
-1.5979165e-10
-1.5649304e-10
-1.5855903e-10
-1.5815974e-10
-1.5484375e-10
-1.5894097e-10
-1.5760414e-10
-1.5692708e-10
-1.5621529e-10
-1.6154512e-10
-1.5657985e-10
-1.5211803e-10
-1.5810761e-10
-1.551389e-10
-1.5963539e-10
-1.5800344e-10
-1.5600693e-10
-1.5939233e-10
-1.5586805e-10
-1.5800346e-10
-1.5564233e-10
-1.5743054e-10
-1.5684026e-10
-1.534375e-10
-1.5963539e-10
-1.5376737e-10
-1.5852432e-10
-1.5756944e-10
-1.5305554e-10
-1.580208e-10
-1.5916668e-10
-1.5663194e-10
-1.6026039e-10
-1.5687499e-10
-1.5758679e-10
-1.576736e-10
-1.5788193e-10
-1.5743054e-10
-1.5878472e-10
-1.5835067e-10
-1.5999996e-10
-1.5722222e-10
-1.599479e-10
-1.5809025e-10
-1.5657986e-10
-1.5869792e-10
-1.5956597e-10
-1.5581594e-10
-1.5782982e-10
-1.578125e-10
-1.5282982e-10
-1.5968751e-10
-1.6383679e-10
-1.5302085e-10
-1.6078122e-10
-1.5640622e-10
-1.5427082e-10
-1.6124997e-10
-1.5760417e-10
-1.5519099e-10
-1.6291667e-10
-1.5685764e-10
-1.6086804e-10
-1.5553818e-10
-1.5907985e-10
-1.6086804e-10
-1.5567708e-10
-1.5711804e-10
-1.5925346e-10
-1.5677085e-10
-1.5734372e-10
-1.6001737e-10
-1.552604e-10
-1.5930551e-10
-1.5628469e-10
-1.5782986e-10
-1.5795137e-10
-1.5817707e-10
-1.5769093e-10
-1.5600693e-10
-1.5960069e-10
-1.6024304e-10
-1.5901039e-10
-1.5680555e-10
-1.575e-10
-1.5673611e-10
-1.5666667e-10
-1.585764e-10
-1.5869789e-10
-1.5972224e-10
-1.5873264e-10
-1.5836805e-10
-1.5402776e-10
-1.6027776e-10
-1.554861e-10
-1.5628471e-10
-1.5866318e-10
-1.5069443e-10
-1.6262153e-10
-1.5756944e-10
-1.5645835e-10
-1.5949649e-10
-1.5347222e-10
-1.5932292e-10
-1.5703124e-10
-1.5364582e-10
-1.6248262e-10
-1.5291667e-10
-1.5843751e-10
-1.5605901e-10
-1.5326386e-10
-1.5967014e-10
-1.5623261e-10
-1.5904514e-10
-1.5942707e-10
-1.5600696e-10
-1.5861112e-10
-1.5829862e-10
-1.5515624e-10
-1.5836804e-10
-1.5498264e-10
-1.5734375e-10
-1.5895832e-10
-1.5262151e-10
-1.5850692e-10
-1.5989583e-10
-1.5359375e-10
-1.6032989e-10
-1.5960069e-10
-1.5499999e-10
-1.5706596e-10
-1.6022568e-10
-1.553993e-10
-1.5553817e-10
-1.6064233e-10
-1.5571182e-10
-1.5506944e-10
-1.5909721e-10
-1.5746528e-10
-1.5461804e-10
-1.5706596e-10
-1.5873261e-10
-1.589236e-10
-1.564236e-10
-1.5881944e-10
-1.5831596e-10
-1.5574654e-10
-1.5489582e-10
-1.6064235e-10
-1.5769094e-10
-1.5484375e-10
-1.5722221e-10
-1.5565969e-10
-1.5744789e-10
-1.5407986e-10
-1.5760415e-10
-1.613194e-10
-1.5614582e-10
-1.56059e-10
-1.5928818e-10
-1.5550344e-10
-1.5678819e-10
-1.5644099e-10
-1.5795136e-10
-1.5763885e-10
-1.5376733e-10
-1.5539933e-10
-1.559896e-10
-1.5961804e-10
-1.5661455e-10
-1.5793401e-10
-1.5923611e-10
-1.5503471e-10
-1.5869789e-10
-1.5407985e-10
-1.6135415e-10
-1.552778e-10
-1.5718746e-10
-1.582465e-10
-1.5567708e-10
-1.5409723e-10
-1.584896e-10
-1.578993e-10
-1.5701389e-10
-1.5883678e-10
-1.5576389e-10
-1.603993e-10
-1.5647569e-10
-1.5354167e-10
-1.5876737e-10
-1.5710068e-10
-1.5633678e-10
-1.553125e-10
-1.5774304e-10
-1.5493053e-10
-1.5973957e-10
-1.5493055e-10
-1.5435761e-10
-1.5930553e-10
-1.5515625e-10
-1.5616317e-10
-1.6166664e-10
-1.576215e-10
-1.553646e-10
-1.6383678e-10
-1.5435765e-10
-1.5812499e-10
-1.5967012e-10
-1.5406248e-10
-1.5814235e-10
-1.5789932e-10
-1.5675346e-10
-1.575521e-10
-1.5814233e-10
-1.5559026e-10
-1.5472221e-10
-1.5961804e-10
-1.5460068e-10
-1.5885414e-10
-1.5699651e-10
-1.5657986e-10
-1.5878471e-10
-1.5416667e-10
-1.6159724e-10
-1.5593749e-10
-1.595486e-10
-1.5611111e-10
-1.561979e-10
-1.6206594e-10
-1.5354167e-10
-1.5598957e-10
-1.5859375e-10
-1.5652775e-10
-1.536979e-10
-1.5732639e-10
-1.5715276e-10
-1.5357637e-10
-1.5553819e-10
-1.5748264e-10
-1.5555555e-10
-1.5546871e-10
-1.5725692e-10
-1.5234375e-10
-1.5918401e-10
-1.5713539e-10
-1.5552082e-10
-1.5470485e-10
-1.5930555e-10
-1.5583333e-10
-1.5479164e-10
-1.5854165e-10
-1.5734374e-10
-1.5953124e-10
-1.5623262e-10
-1.588889e-10
-1.5739582e-10
-1.5460068e-10
-1.5824651e-10
-1.5725693e-10
-1.5480903e-10
-1.5965279e-10
-1.5215273e-10
-1.572743e-10
-1.5812499e-10
-1.564236e-10
-1.5730901e-10
-1.5553817e-10
-1.5861108e-10
-1.5604165e-10
-1.5579862e-10
-1.5935761e-10
-1.566146e-10
-1.5748264e-10
-1.5486108e-10
-1.5595486e-10
-1.5741317e-10
-1.5866319e-10
-1.5732642e-10
-1.594618e-10
-1.5697917e-10
-1.5671876e-10
-1.6255206e-10
-1.5873264e-10
-1.5559025e-10
-1.6093751e-10
-1.5722221e-10
-1.5673612e-10
-1.5965279e-10
-1.5609376e-10
-1.5640624e-10
-1.569965e-10
-1.565104e-10
-1.5807289e-10
-1.6079857e-10
-1.5762151e-10
-1.5439236e-10
-1.5720483e-10
-1.5876735e-10
-1.5845483e-10
-1.5788192e-10
-1.5520833e-10
-1.6536456e-10
-1.5749999e-10
-1.5755207e-10
-1.611111e-10
-1.5734375e-10
-1.6246526e-10
-1.5565972e-10
-1.5979167e-10
-1.5772567e-10
-1.5508679e-10
-1.5984375e-10
-1.5876735e-10
-1.5781251e-10
-1.6088539e-10
-1.5784724e-10
-1.5564233e-10
-1.5968751e-10
-1.5670137e-10
-1.6064235e-10
-1.5565969e-10
-1.5428819e-10
-1.5796874e-10
-1.5890626e-10
-1.5699651e-10
-1.5921874e-10
-1.5909719e-10
-1.5350693e-10
-1.6213539e-10
-1.5361111e-10
-1.5751736e-10
-1.5942707e-10
-1.5675344e-10
-1.5751733e-10
-1.5907985e-10
-1.5605903e-10
-1.6128472e-10
-1.5789928e-10
-1.5536455e-10
-1.589236e-10
-1.5421875e-10
-1.5881943e-10
-1.5769099e-10
-1.5970486e-10
-1.5590276e-10
-1.545833e-10
-1.5928818e-10
-1.5678819e-10
-1.5828122e-10
-1.6116318e-10
-1.5220486e-10
-1.6064237e-10
-1.5772568e-10
-1.5638886e-10
-1.6227428e-10
-1.5190972e-10
-1.5928819e-10
-1.5602433e-10
-1.5413193e-10
-1.6243057e-10
-1.5472221e-10
-1.5703122e-10
-1.5524303e-10
-1.5585069e-10
-1.5777778e-10
-1.5782983e-10
-1.5331596e-10
-1.5972222e-10
-1.5696179e-10
-1.5729165e-10
-1.5890624e-10
-1.6055555e-10
-1.5916665e-10
-1.5741319e-10
-1.557639e-10
-1.5953124e-10
-1.5354164e-10
-1.6196181e-10
-1.5470486e-10
-1.6055554e-10
-1.5842012e-10
-1.5637151e-10
-1.6328124e-10
-1.5694444e-10
-1.5975693e-10
-1.5614583e-10
-1.5760417e-10
-1.5904512e-10
-1.5673608e-10
-1.6088542e-10
-1.5562497e-10
-1.5848954e-10
-1.5975693e-10
-1.5512153e-10
-1.604861e-10
-1.5798611e-10
-1.5953122e-10
-1.5690969e-10
-1.5706597e-10
-1.589583e-10
-1.5557292e-10
-1.5878472e-10
-1.5579862e-10
-1.6027778e-10
-1.5835067e-10
-1.5470486e-10
-1.578993e-10
-1.5543403e-10
-1.5894094e-10
-1.5685764e-10
-1.5842014e-10
-1.5755207e-10
-1.5463542e-10
-1.6053819e-10
-1.5840279e-10
-1.5493055e-10
-1.6048611e-10
-1.5482636e-10
-1.5890625e-10
-1.5965276e-10
-1.5541662e-10
-1.5822915e-10
-1.5640624e-10
-1.5590278e-10
-1.5868054e-10
-1.6020833e-10
-1.541493e-10
-1.571354e-10
-1.5562499e-10
-1.5704861e-10
-1.5789929e-10
-1.5758679e-10
-1.5845486e-10
-1.5720485e-10
-1.6013885e-10
-1.563715e-10
-1.6013887e-10
-1.5776042e-10
-1.584375e-10
-1.5920139e-10
-1.5772569e-10
-1.5734372e-10
-1.6029512e-10
-1.5902776e-10
-1.5553819e-10
-1.5862847e-10
-1.5930554e-10
-1.5425344e-10
-1.5907985e-10
-1.5666664e-10
-1.5864583e-10
-1.578993e-10
-1.5921872e-10
-1.5717014e-10
-1.5560762e-10
-1.5666665e-10
-1.5800346e-10
-1.5526042e-10
-1.5786455e-10
-1.5946179e-10
-1.5562499e-10
-1.5774305e-10
-1.6027779e-10
-1.5569444e-10
-1.5430553e-10
-1.5991315e-10
-1.5607637e-10
-1.5814233e-10
-1.6126739e-10
-1.5595486e-10
-1.5776042e-10
-1.5727426e-10
-1.5836804e-10
-1.6006943e-10
-1.5635415e-10
-1.5890624e-10
-1.5661455e-10
-1.5972221e-10
-1.5953125e-10
-1.5767358e-10
-1.5994789e-10
-1.5755208e-10
-1.5748261e-10
-1.5350693e-10
-1.5967012e-10
-1.5604168e-10
-1.5748262e-10
-1.5763887e-10
-1.5925346e-10
-1.5890626e-10
-1.567708e-10
-1.5706597e-10
-1.5826387e-10
-1.5697915e-10
-1.5925346e-10
-1.6090278e-10
-1.5555554e-10
-1.593229e-10
-1.5739582e-10
-1.5847218e-10
-1.5789928e-10
-1.5578122e-10
-1.6078124e-10
-1.5614582e-10
-1.5755208e-10
-1.5699649e-10
-1.5848957e-10
-1.5777778e-10
-1.5743057e-10
-1.5496526e-10
-1.6012153e-10
-1.5781249e-10
-1.5651042e-10
-1.5819444e-10
-1.5661454e-10
-1.5954862e-10
-1.5479167e-10
-1.5553818e-10
-1.5550346e-10
-1.5859375e-10
-1.5888886e-10
-1.5432292e-10
-1.5836804e-10
-1.571354e-10
-1.5717011e-10
-1.5737849e-10
-1.5677082e-10
-1.5907986e-10
-1.5718747e-10
-1.5777778e-10
-1.5416662e-10
-1.5624996e-10
-1.5494793e-10
-1.5817705e-10
-1.5751737e-10
-1.5756943e-10
-1.5633682e-10
-1.5866318e-10
-1.5628472e-10
-1.5782987e-10
-1.5793403e-10
-1.5524303e-10
-1.5934026e-10
-1.5821182e-10
-1.5635415e-10
-1.6211803e-10
-1.5585068e-10
-1.5822917e-10
-1.5637153e-10
-1.5644097e-10
-1.5805555e-10
-1.5553819e-10
-1.5659724e-10
-1.5880208e-10
-1.5763889e-10
-1.5746526e-10
-1.6005207e-10
-1.5583332e-10
-1.6036455e-10
-1.5921875e-10
-1.5831596e-10
-1.5986107e-10
-1.5812499e-10
-1.5961803e-10
-1.568229e-10
-1.5687497e-10
-1.5720486e-10
-1.5552085e-10
-1.5718747e-10
-1.5638886e-10
-1.5883679e-10
-1.5529514e-10
-1.578993e-10
-1.5796874e-10
-1.592361e-10
-1.602083e-10
-1.559375e-10
-1.5883679e-10
-1.559375e-10
-1.5767362e-10
-1.5644097e-10
-1.5503471e-10
-1.5609372e-10
-1.5666662e-10
-1.5557293e-10
-1.5491318e-10
-1.5560762e-10
-1.5559026e-10
-1.5855901e-10
-1.530729e-10
-1.544618e-10
-1.5907983e-10
-1.5409722e-10
-1.5732637e-10
-1.53125e-10
-1.5512153e-10
-1.5873262e-10
-1.5447915e-10
-1.5623264e-10
-1.5767361e-10
-1.5581596e-10
-1.5720486e-10
-1.5751735e-10
-1.5942708e-10
-1.5479164e-10
-1.5718749e-10
-1.535764e-10
-1.5986111e-10
-1.5361108e-10
-1.5534724e-10
-1.588021e-10
-1.5395833e-10
-1.5961805e-10
-1.5493055e-10
-1.5623262e-10
-1.5423608e-10
-1.5793404e-10
-1.5270835e-10
-1.6036457e-10
-1.608854e-10
-1.538021e-10
-1.5979165e-10
-1.5706597e-10
-1.5449649e-10
-1.5510415e-10
-1.5973957e-10
-1.5524307e-10
-1.5791665e-10
-1.5229165e-10
-1.5663193e-10
-1.5555554e-10
-1.544618e-10
-1.5836805e-10
-1.5270833e-10
-1.6085071e-10
-1.5411458e-10
-1.5810761e-10
-1.5805554e-10
-1.5786458e-10
-1.585243e-10
-1.5387153e-10
-1.5940974e-10
-1.5802082e-10
-1.5664929e-10
-1.5769093e-10
-1.5697917e-10
-1.5765622e-10
-1.5604167e-10
-1.5505208e-10
-1.5647568e-10
-1.6086804e-10
-1.5256944e-10
-1.5786457e-10
-1.6050344e-10
-1.5628472e-10
-1.5427085e-10
-1.6010417e-10
-1.5763889e-10
-1.5472221e-10
-1.6046874e-10
-1.539236e-10
-1.5651042e-10
-1.5951387e-10
-1.536111e-10
-1.564236e-10
-1.5656249e-10
-1.566493e-10
-1.5749997e-10
-1.6217012e-10
-1.5397569e-10
-1.5689236e-10
-1.5756943e-10
-1.582118e-10
-1.5642361e-10
-1.5699654e-10
-1.5524304e-10
-1.5505207e-10
-1.6104165e-10
-1.550868e-10
-1.5618054e-10
-1.5737849e-10
-1.5451389e-10
-1.5807293e-10
-1.5477429e-10
-1.5913194e-10
-1.566493e-10
-1.5373262e-10
-1.5965275e-10
-1.5737846e-10
-1.5730901e-10
-1.5760414e-10
-1.5635415e-10
-1.5694442e-10
-1.5572917e-10
-1.5619789e-10
-1.5541664e-10
-1.557986e-10
-1.591493e-10
-1.5607633e-10
-1.5814235e-10
-1.5401042e-10
-1.5467014e-10
-1.5605901e-10
-1.5635417e-10
-1.5472222e-10
-1.5907986e-10
-1.5144096e-10
-1.5862849e-10
-1.5612849e-10
-1.5217015e-10
-1.5347221e-10
-1.546354e-10
-1.5428818e-10
-1.5711805e-10
-1.5526039e-10
-1.5458333e-10
-1.578125e-10
-1.5390625e-10
-1.5762151e-10
-1.5543403e-10
-1.5548611e-10
-1.5755207e-10
-1.53125e-10
-1.6034724e-10
-1.5256942e-10
-1.5532986e-10
-1.5592011e-10
-1.5359375e-10
-1.5902776e-10
-1.5595483e-10
-1.5484376e-10
-1.5670137e-10
-1.5668403e-10
-1.5583332e-10
-1.5401042e-10
-1.576736e-10
-1.5595485e-10
-1.56684e-10
-1.5782983e-10
-1.5593749e-10
-1.5630208e-10
-1.5520833e-10
-1.5656249e-10
-1.6053819e-10
-1.5303819e-10
-1.5973955e-10
-1.5506944e-10
-1.5736111e-10
-1.5756943e-10
-1.5737847e-10
-1.5953126e-10
-1.565104e-10
-1.5649304e-10
-1.5555555e-10
-1.5482639e-10
-1.5605904e-10
-1.5468749e-10
-1.6145835e-10
-1.5562497e-10
-1.5628474e-10
-1.5569442e-10
-1.5430554e-10
-1.5661457e-10
-1.5732637e-10
-1.5652776e-10
-1.5482637e-10
-1.5727428e-10
-1.5680553e-10
-1.5697915e-10
-1.5717011e-10
-1.5807293e-10
-1.5338542e-10
-1.5296872e-10
-1.5616321e-10
-1.5574651e-10
-1.5887151e-10
-1.5281248e-10
-1.5758678e-10
-1.5803818e-10
-1.5295139e-10
-1.5866319e-10
-1.573611e-10
-1.5553818e-10
-1.5859375e-10
-1.5434026e-10
-1.5454861e-10
-1.5670137e-10
-1.5279512e-10
-1.5637153e-10
-1.57309e-10
-1.5604167e-10
-1.543229e-10
-1.5690969e-10
-1.5774305e-10
-1.5651037e-10
-1.5677079e-10
-1.5842011e-10
-1.5310762e-10
-1.5243055e-10
-1.5487847e-10
-1.5560762e-10
-1.5491319e-10
-1.5736111e-10
-1.5545137e-10
-1.5541662e-10
-1.59375e-10
-1.5404514e-10
-1.5536457e-10
-1.5651039e-10
-1.5532986e-10
-1.5999997e-10
-1.5631944e-10
-1.5145833e-10
-1.5456596e-10
-1.5718751e-10
-1.5175346e-10
-1.5678818e-10
-1.570486e-10
-1.5517358e-10
-1.5760414e-10
-1.5227432e-10
-1.585243e-10
-1.5371528e-10
-1.5718747e-10
-1.5689235e-10
-1.5600693e-10
-1.5784722e-10
-1.5803819e-10
-1.5338539e-10
-1.5435765e-10
-1.5602432e-10
-1.554861e-10
-1.5727432e-10
-1.5395833e-10
-1.5831597e-10
-1.5855901e-10
-1.5678819e-10
-1.5425346e-10
-1.5565972e-10
-1.542708e-10
-1.584375e-10
-1.5756943e-10
-1.5557289e-10
-1.5770833e-10
-1.5713542e-10
-1.5664929e-10
-1.5451389e-10
-1.5770832e-10
-1.5661455e-10
-1.5874999e-10
-1.5541665e-10
-1.5805554e-10
-1.5814235e-10
-1.5590278e-10
-1.5557289e-10
-1.5925346e-10
-1.5532985e-10
-1.599479e-10
-1.5538194e-10
-1.5611108e-10
-1.5791665e-10
-1.5876735e-10
-1.5762153e-10
-1.5081597e-10
-1.5861107e-10
-1.5477432e-10
-1.5513885e-10
-1.6006942e-10
-1.570139e-10
-1.5624999e-10
-1.5564233e-10
-1.5585071e-10
-1.5796876e-10
-1.5527778e-10
-1.5736108e-10
-1.5479165e-10
-1.5578124e-10
-1.5562499e-10
-1.5803819e-10
-1.5394098e-10
-1.565104e-10
-1.5484372e-10
-1.5788194e-10
-1.5749999e-10
-1.5703125e-10
-1.533854e-10
-1.5916667e-10
-1.5440971e-10
-1.5394097e-10
-1.595833e-10
-1.566493e-10
-1.5637153e-10
-1.5673611e-10
-1.5715276e-10
-1.5729165e-10
-1.6024303e-10
-1.5630207e-10
-1.5496525e-10
-1.5645835e-10
-1.5487846e-10
-1.5895833e-10
-1.5809029e-10
-1.5477429e-10
-1.5673611e-10
-1.5687497e-10
-1.5362848e-10
-1.6149304e-10
-1.5630205e-10
-1.5656249e-10
-1.5961804e-10
-1.5871526e-10
-1.5753471e-10
-1.5668401e-10
-1.5586803e-10
-1.5715279e-10
-1.539236e-10
-1.5430553e-10
-1.5831597e-10
-1.5592014e-10
-1.5404515e-10
-1.5737846e-10
-1.5895833e-10
-1.5430554e-10
-1.5826387e-10
-1.5687497e-10
-1.5512151e-10
-1.552083e-10
-1.563889e-10
-1.5605904e-10
-1.516146e-10
-1.6194444e-10
-1.5282986e-10
-1.5499999e-10
-1.5901039e-10
-1.5689236e-10
-1.5526042e-10
-1.5583332e-10
-1.578125e-10
-1.5498261e-10
-1.5428818e-10
-1.5501736e-10
-1.5576389e-10
-1.5644094e-10
-1.5649304e-10
-1.6097222e-10
-1.5246525e-10
-1.5628472e-10
-1.5678819e-10
-1.5569443e-10
-1.5571182e-10
-1.5718747e-10
-1.5868054e-10
-1.5350692e-10
-1.5690974e-10
-1.5656249e-10
-1.5538196e-10
-1.5199653e-10
-1.61684e-10
-1.5555554e-10
-1.5286457e-10
-1.5524308e-10
-1.5621525e-10
-1.5685761e-10
-1.5508679e-10
-1.5708332e-10
-1.5545137e-10
-1.5987846e-10
-1.507118e-10
-1.5579857e-10
-1.5626733e-10
-1.5532983e-10
-1.5713543e-10
-1.5645835e-10
-1.5666667e-10
-1.5513886e-10
-1.5586805e-10
-1.5631946e-10
-1.544965e-10
-1.573264e-10
-1.535764e-10
-1.555208e-10
-1.5982636e-10
-1.5366319e-10
-1.5597221e-10
-1.533854e-10
-1.5739582e-10
-1.5487844e-10
-1.5727428e-10
-1.5637151e-10
-1.5503471e-10
-1.5840279e-10
-1.5456597e-10
-1.5461804e-10
-1.5536457e-10
-1.533854e-10
-1.5822917e-10
-1.5196179e-10
-1.5480903e-10
-1.547743e-10
-1.564236e-10
-1.5595485e-10
-1.522569e-10
-1.5664928e-10
-1.5397567e-10
-1.5390623e-10
-1.5560764e-10
-1.5324653e-10
-1.5649303e-10
-1.5534719e-10
-1.5373264e-10
-1.5586807e-10
-1.5708332e-10
-1.5100692e-10
-1.5314233e-10
-1.5725692e-10
-1.5447918e-10
-1.5579861e-10
-1.5329861e-10
-1.56059e-10
-1.5104167e-10
-1.5565971e-10
-1.5607639e-10
-1.5274304e-10
-1.5494792e-10
-1.5465276e-10
-1.5237847e-10
-1.5440969e-10
-1.5112846e-10
-1.5251736e-10
-1.5461804e-10
-1.5369789e-10
-1.5373264e-10
-1.5626736e-10
-1.5357639e-10
-1.5164928e-10
-1.5739582e-10
-1.5286458e-10
-1.5460071e-10
-1.547743e-10
-1.5322917e-10
-1.5199653e-10
-1.5604165e-10
-1.5418401e-10
-1.5137153e-10
-1.5456596e-10
-1.527604e-10
-1.5477429e-10
-1.5105903e-10
-1.5291667e-10
-1.5395832e-10
-1.5381946e-10
-1.5194444e-10
-1.5442705e-10
-1.5515622e-10
-1.5399307e-10
-1.5180553e-10
-1.5435762e-10
-1.5458333e-10
-1.5470485e-10
-1.5585071e-10
-1.5140622e-10
-1.5484374e-10
-1.5326389e-10
-1.5847219e-10
-1.5322915e-10
-1.5442708e-10
-1.5272569e-10
-1.5427085e-10
-1.5749999e-10
-1.5105903e-10
-1.5520835e-10
-1.5592012e-10
-1.5098957e-10
-1.5578124e-10
-1.53125e-10
-1.5605901e-10
-1.5725693e-10
-1.5159721e-10
-1.5927085e-10
-1.5550349e-10
-1.5362846e-10
-1.5765625e-10
-1.533854e-10
-1.5713543e-10
-1.571875e-10
-1.5296872e-10
-1.5383679e-10
-1.5463542e-10
-1.5453125e-10
-1.5402776e-10
-1.546354e-10
-1.5437497e-10
-1.5355901e-10
-1.559375e-10
-1.5397569e-10
-1.5223957e-10
-1.56875e-10
-1.5121528e-10
-1.5243054e-10
-1.5763886e-10
-1.5345486e-10
-1.5822915e-10
-1.5342015e-10
-1.5486108e-10
-1.55434e-10
-1.536979e-10
-1.5588539e-10
-1.565625e-10
-1.5369789e-10
-1.5288192e-10
-1.5633678e-10
-1.5694444e-10
-1.495486e-10
-1.5800347e-10
-1.5711804e-10
-1.5288194e-10
-1.5539928e-10
-1.5397569e-10
-1.5309026e-10
-1.5807292e-10
-1.5611108e-10
-1.5446179e-10
-1.5427083e-10
-1.5612847e-10
-1.5753471e-10
-1.5442707e-10
-1.5640626e-10
-1.5284719e-10
-1.5409723e-10
-1.5657985e-10
-1.5437501e-10
-1.576736e-10
-1.5435762e-10
-1.5659724e-10
-1.5586805e-10
-1.586979e-10
-1.554514e-10
-1.5637151e-10
-1.575868e-10
-1.5364585e-10
-1.5510414e-10
-1.5256944e-10
-1.5904512e-10
-1.5350693e-10
-1.5317707e-10
-1.5677082e-10
-1.5374998e-10
-1.603993e-10
-1.5050347e-10
-1.5861112e-10
-1.5753472e-10
-1.5421876e-10
-1.5734375e-10
-1.5649307e-10
-1.5649307e-10
-1.5460068e-10
-1.5671874e-10
-1.5291665e-10
-1.5717011e-10
-1.5798611e-10
-1.5269097e-10
-1.5637151e-10
-1.5562501e-10
-1.5440968e-10
-1.5380205e-10
-1.5850693e-10
-1.5270833e-10
-1.5848957e-10
-1.5333335e-10
-1.5350693e-10
-1.5607639e-10
-1.5164929e-10
-1.5723957e-10
-1.5475694e-10
-1.5343747e-10
-1.5425346e-10
-1.5467011e-10
-1.5484375e-10
-1.5336804e-10
-1.5276039e-10
-1.5772569e-10
-1.5446182e-10
-1.5529511e-10
-1.5374997e-10
-1.5875e-10
-1.5440972e-10
-1.5800344e-10
-1.5795137e-10
-1.5425347e-10
-1.5427082e-10
-1.5791664e-10
-1.5565972e-10
-1.543229e-10
-1.5569443e-10
-1.5553817e-10
-1.5378469e-10
-1.5281248e-10
-1.5595482e-10
-1.5871525e-10
-1.5322915e-10
-1.5529515e-10
-1.5578122e-10
-1.5532987e-10
-1.5640625e-10
-1.5449653e-10
-1.5404514e-10
-1.5196179e-10
-1.5883682e-10
-1.5465279e-10
-1.5550347e-10
-1.5682292e-10
-1.5510414e-10
-1.5793403e-10
-1.5623262e-10
-1.5229165e-10
-1.5572915e-10
-1.5557292e-10
-1.5399304e-10
-1.5494789e-10
-1.5730903e-10
-1.5532983e-10
-1.5557292e-10
-1.5447917e-10
-1.5878471e-10
-1.5295137e-10
-1.5182292e-10
-1.5907983e-10
-1.5253471e-10
-1.5586804e-10
-1.5835069e-10
-1.532118e-10
-1.5618054e-10
-1.5373262e-10
-1.5633678e-10
-1.5586805e-10
-1.5762153e-10
-1.5760417e-10
-1.5449651e-10
-1.5279514e-10
-1.5828122e-10
-1.5690974e-10
-1.5607637e-10
-1.5553819e-10
-1.5522569e-10
-1.5480901e-10
-1.5628471e-10
-1.5531247e-10
-1.581076e-10
-1.5524305e-10
-1.5434028e-10
-1.6003471e-10
-1.5300347e-10
-1.5751733e-10
-1.5489582e-10
-1.5597222e-10
-1.5328125e-10
-1.5600693e-10
-1.5480903e-10
-1.5918401e-10
-1.5454862e-10
-1.5642361e-10
-1.5506943e-10
-1.5473955e-10
-1.5425344e-10
-1.5859375e-10
-1.5401042e-10
-1.5666664e-10
-1.5482637e-10
-1.541493e-10
-1.5373262e-10
-1.5559026e-10
-1.5737847e-10
-1.5211805e-10
-1.5506943e-10
-1.578993e-10
-1.5359372e-10
-1.5546875e-10
-1.5395833e-10
-1.5487849e-10
-1.5786457e-10
-1.5519094e-10
-1.5723958e-10
-1.5817707e-10
-1.5428819e-10
-1.56441e-10
-1.5559026e-10
-1.5253471e-10
-1.5663196e-10
-1.5859374e-10
-1.5552086e-10
-1.558854e-10
-1.5553821e-10
-1.5751737e-10
-1.5565972e-10
-1.5399304e-10
-1.5548612e-10
-1.5869789e-10
-1.5401042e-10
-1.5479167e-10
-1.5270832e-10
-1.5489582e-10
-1.5809029e-10
-1.554861e-10
-1.5383678e-10
-1.5895833e-10
-1.5118053e-10
-1.5736111e-10
-1.5510418e-10
-1.5552082e-10
-1.529861e-10
-1.5673608e-10
-1.5796874e-10
-1.5442708e-10
-1.5651042e-10
-1.5282986e-10
-1.5524305e-10
-1.5661457e-10
-1.5684026e-10
-1.5737846e-10
-1.5190969e-10
-1.5361108e-10
-1.5383679e-10
-1.566493e-10
-1.5447915e-10
-1.5340278e-10
-1.5866318e-10
-1.5137155e-10
-1.5770835e-10
-1.5444444e-10
-1.526389e-10
-1.554861e-10
-1.5335068e-10
-1.5499996e-10
-1.5611108e-10
-1.5565968e-10
-1.5524304e-10
-1.5512153e-10
-1.5361108e-10
-1.5430554e-10
-1.5729164e-10
-1.5348957e-10
-1.5779512e-10
-1.5208335e-10
-1.5857637e-10
-1.5628471e-10
-1.5116322e-10
-1.5864582e-10
-1.566146e-10
-1.5538193e-10
-1.5560761e-10
-1.5315971e-10
-1.5913196e-10
-1.5475693e-10
-1.5434026e-10
-1.5776043e-10
-1.5572917e-10
-1.5555551e-10
-1.5331597e-10
-1.5805554e-10
-1.5682289e-10
-1.5539929e-10
-1.5777778e-10
-1.5562497e-10
-1.5815972e-10
-1.5281248e-10
-1.6020832e-10
-1.5539929e-10
-1.5644096e-10
-1.5628468e-10
-1.5501733e-10
-1.5553819e-10
-1.5583332e-10
-1.5425344e-10
-1.5657986e-10
-1.5538192e-10
-1.549479e-10
-1.573264e-10
-1.5263889e-10
-1.5501736e-10
-1.5671874e-10
-1.544618e-10
-1.575521e-10
-1.5506943e-10
-1.5616317e-10
-1.5666665e-10
-1.5541667e-10
-1.5303817e-10
-1.5748262e-10
-1.5493053e-10
-1.5036457e-10
-1.5467012e-10
-1.5274305e-10
-1.566493e-10
-1.5512151e-10
-1.5842012e-10
-1.5366318e-10
-1.5520835e-10
-1.5895833e-10
-1.5225693e-10
-1.5677083e-10
-1.5477429e-10
-1.5270835e-10
-1.6128468e-10
-1.5041667e-10
-1.5654515e-10
-1.5336804e-10
-1.541493e-10
-1.5347221e-10
-1.5833332e-10
-1.5618055e-10
-1.5491318e-10
-1.5609374e-10
-1.5418401e-10
-1.5652778e-10
-1.5586807e-10
-1.5394096e-10
-1.5680555e-10
-1.519965e-10
-1.5590279e-10
-1.5654514e-10
-1.5229165e-10
-1.5677082e-10
-1.5220486e-10
-1.5434028e-10
-1.5701387e-10
-1.552604e-10
-1.564236e-10
-1.5873264e-10
-1.5564233e-10
-1.572743e-10
-1.5605901e-10
-1.5444442e-10
-1.5809026e-10
-1.5852432e-10
-1.5763889e-10
-1.5470486e-10
-1.5956597e-10
-1.5460071e-10
-1.5689235e-10
-1.5625001e-10
-1.5656249e-10
-1.5555554e-10
-1.5736108e-10
-1.5821179e-10
-1.5506943e-10
-1.534375e-10
-1.5899304e-10
-1.559375e-10
-1.5328123e-10
-1.5670137e-10
-1.5772571e-10
-1.5815969e-10
-1.5769093e-10
-1.5484375e-10
-1.5793403e-10
-1.5826386e-10
-1.5465275e-10
-1.599479e-10
-1.5690971e-10
-1.5564236e-10
-1.5718753e-10
-1.5692707e-10
-1.5512153e-10
-1.5812497e-10
-1.5359375e-10
-1.5687499e-10
-1.5583332e-10
-1.5545137e-10
-1.5899307e-10
-1.5373264e-10
-1.579514e-10
-1.521875e-10
-1.5788194e-10
-1.5741318e-10
-1.558854e-10
-1.555729e-10
-1.5944443e-10
-1.5578126e-10
-1.5503471e-10
-1.5671875e-10
-1.5413194e-10
-1.5673611e-10
-1.5501733e-10
-1.5479167e-10
-1.590625e-10
-1.5364583e-10
-1.5878471e-10
-1.5543401e-10
-1.5364582e-10
-1.54375e-10
-1.5895835e-10
-1.5428819e-10
-1.5473957e-10
-1.5904514e-10
-1.534375e-10
-1.5711804e-10
-1.5743054e-10
-1.5369789e-10
-1.5383678e-10
-1.5654515e-10
-1.570139e-10
-1.567708e-10
-1.6001733e-10
-1.5572915e-10
-1.5456597e-10
-1.5836804e-10
-1.5663194e-10
-1.5449653e-10
-1.5928819e-10
-1.5809026e-10
-1.5531249e-10
-1.5661457e-10
-1.5675344e-10
-1.5642362e-10
-1.563368e-10
-1.5814233e-10
-1.5548611e-10
-1.5692708e-10
-1.5786457e-10
-1.5600693e-10
-1.5567707e-10
-1.5960071e-10
-1.5578125e-10
-1.5501736e-10
-1.569965e-10
-1.5597221e-10
-1.5777778e-10
-1.5560764e-10
-1.5795137e-10
-1.5300344e-10
-1.5527778e-10
-1.5465275e-10
-1.5873261e-10
-1.5539929e-10
-1.5614582e-10
-1.5567707e-10
-1.5692708e-10
-1.5845483e-10
-1.5152778e-10
-1.582465e-10
-1.5782987e-10
-1.5291665e-10
-1.5776042e-10
-1.5420137e-10
-1.5803819e-10
-1.5678818e-10
-1.5248265e-10
-1.5812499e-10
-1.5404514e-10
-1.5411455e-10
-1.5612846e-10
-1.5374998e-10
-1.5401036e-10
-1.5585071e-10
-1.5534722e-10
-1.5664929e-10
-1.5633678e-10
-1.5460069e-10
-1.5366319e-10
-1.5482639e-10
-1.535243e-10
-1.5225693e-10
-1.5701387e-10
-1.5623262e-10
-1.5777778e-10
-1.5623262e-10
-1.5519094e-10
-1.5503472e-10
-1.5819442e-10
-1.5493057e-10
-1.5795137e-10
-1.5638889e-10
-1.570139e-10
-1.542361e-10
-1.5503471e-10
-1.5819443e-10
-1.5388887e-10
-1.5595486e-10
-1.5737843e-10
-1.5350693e-10
-1.5657983e-10
-1.5543404e-10
-1.4934026e-10
-1.5916665e-10
-1.5440971e-10
-1.5602429e-10
-1.5592014e-10
-1.5498264e-10
-1.5390625e-10
-1.5704858e-10
-1.540625e-10
-1.5498261e-10
-1.6005205e-10
-1.545833e-10
-1.5442707e-10
-1.6083333e-10
-1.5355903e-10
-1.5828122e-10
-1.5748262e-10
-1.5887151e-10
-1.5842012e-10
-1.5796874e-10
-1.5673608e-10
-1.5850693e-10
-1.5611111e-10
-1.5965275e-10
-1.5727429e-10
-1.5758679e-10
-1.5923611e-10
-1.5746529e-10
-1.5645832e-10
-1.5473958e-10
-1.5618055e-10
-1.5638889e-10
-1.5722221e-10
-1.564236e-10
-1.5692707e-10
-1.5463542e-10
-1.570833e-10
-1.5703124e-10
-1.5319443e-10
-1.5199651e-10
-1.5657987e-10
-1.5949653e-10
-1.5277775e-10
-1.5461807e-10
-1.5720486e-10
-1.5618055e-10
-1.5555553e-10
-1.5354162e-10
-1.5645835e-10
-1.5826387e-10
-1.489236e-10
-1.5802082e-10
-1.5329861e-10
-1.5352432e-10
-1.5836804e-10
-1.5175346e-10
-1.5749999e-10
-1.5590278e-10
-1.5663193e-10
-1.5401042e-10
-1.5425347e-10
-1.5633678e-10
-1.5361112e-10
-1.5328125e-10
-1.5534719e-10
-1.5258682e-10
-1.5121523e-10
-1.5512153e-10
-1.5644099e-10
-1.5161455e-10
-1.5388889e-10
-1.5753471e-10
-1.5303819e-10
-1.5592014e-10
-1.5286455e-10
-1.5347222e-10
-1.513715e-10
-1.5595485e-10
-1.5118054e-10
-1.508333e-10
-1.5685762e-10
-1.4975696e-10
-1.5477428e-10
-1.5366315e-10
-1.5157985e-10
-1.532986e-10
-1.5383679e-10
-1.5406248e-10
-1.5277775e-10
-1.5309026e-10
-1.522743e-10
-1.5522567e-10
-1.5748262e-10
-1.4907985e-10
-1.5493055e-10
-1.5486108e-10
-1.5756943e-10
-1.5190971e-10
-1.5527779e-10
-1.5479168e-10
-1.5097222e-10
-1.6010417e-10
-1.5315973e-10
-1.5411458e-10
-1.520833e-10
-1.5713539e-10
-1.5777776e-10
-1.5368055e-10
-1.5460069e-10
-1.5399304e-10
-1.5486108e-10
-1.5206597e-10
-1.5434026e-10
-1.5251735e-10
-1.5489583e-10
-1.5621528e-10
-1.5161457e-10
-1.5770832e-10
-1.5215276e-10
-1.5425347e-10
-1.5494792e-10
-1.5267358e-10
-1.5644097e-10
-1.5505208e-10
-1.5626735e-10
-1.5407982e-10
-1.5378471e-10
-1.5579858e-10
-1.5664929e-10
-1.5399305e-10
-1.5248262e-10
-1.5805555e-10
-1.5770832e-10
-1.5107639e-10
-1.5569442e-10
-1.5395835e-10
-1.5322915e-10
-1.5211804e-10
-1.5968747e-10
-1.5611111e-10
-1.5220486e-10
-1.5836805e-10
-1.5092014e-10
-1.536111e-10
-1.5560762e-10
-1.5359375e-10
-1.5677083e-10
-1.5411455e-10
-1.5315972e-10
-1.5557292e-10
-1.5185765e-10
-1.5248264e-10
-1.5657983e-10
-1.5697915e-10
-1.5501737e-10
-1.5366317e-10
-1.552604e-10
-1.5241319e-10
-1.5355901e-10
-1.53125e-10
-1.5590276e-10
-1.5227429e-10
-1.547743e-10
-1.5407986e-10
-1.5463539e-10
-1.5475693e-10
-1.5579861e-10
-1.519618e-10
-1.5401042e-10
-1.5269097e-10
-1.5479167e-10
-1.5291667e-10
-1.5470486e-10
-1.5324654e-10
-1.5234375e-10
-1.5527775e-10
-1.5309025e-10
-1.5343748e-10
-1.5420139e-10
-1.5748264e-10
-1.5418403e-10
-1.5092014e-10
-1.5600693e-10
-1.5305554e-10
-1.5423612e-10
-1.5352428e-10
-1.5328126e-10
-1.5263887e-10
-1.5409722e-10
-1.5401042e-10
-1.5375e-10
-1.5402776e-10
-1.5437499e-10
-1.5380207e-10
-1.5229164e-10
-1.566146e-10
-1.5373262e-10
-1.5453124e-10
-1.5701389e-10
-1.5531249e-10
-1.5378471e-10
-1.5394098e-10
-1.5265623e-10
-1.523611e-10
-1.5197915e-10
-1.576736e-10
-1.5305555e-10
-1.5585068e-10
-1.5482639e-10
-1.4918403e-10
-1.5626736e-10
-1.5487847e-10
-1.5189235e-10
-1.5618051e-10
-1.5335069e-10
-1.5468751e-10
-1.561979e-10
-1.5475693e-10
-1.5602428e-10
-1.5034723e-10
-1.5366318e-10
-1.5369789e-10
-1.5454858e-10
-1.5630208e-10
-1.5534722e-10
-1.5508678e-10
-1.5499999e-10
-1.5598957e-10
-1.5473961e-10
-1.5026042e-10
-1.5927082e-10
-1.5458332e-10
-1.5140626e-10
-1.5649304e-10
-1.5182292e-10
-1.5588539e-10
-1.546875e-10
-1.532986e-10
-1.5249998e-10
-1.5225693e-10
-1.5656249e-10
-1.5249997e-10
-1.5399305e-10
-1.5689233e-10
-1.5440972e-10
-1.5262151e-10
-1.5614583e-10
-1.52934e-10
-1.5590278e-10
-1.5487847e-10
-1.5598955e-10
-1.466493e-10
-1.5659724e-10
-1.5657983e-10
-1.5456597e-10
-1.532986e-10
-1.5946178e-10
-1.5005207e-10
-1.5663196e-10
-1.5756943e-10
-1.5225693e-10
-1.5592017e-10
-1.556771e-10
-1.5114582e-10
-1.561111e-10
-1.5319443e-10
-1.5585068e-10
-1.5447917e-10
-1.55625e-10
-1.5305557e-10
-1.5376739e-10
-1.5430554e-10
-1.5260415e-10
-1.5295137e-10
-1.5439233e-10
-1.5652779e-10
-1.5274303e-10
-1.5506946e-10
-1.5529512e-10
-1.5000001e-10
-1.5616319e-10
-1.5652775e-10
-1.5451387e-10
-1.5590279e-10
-1.5460071e-10
-1.5340278e-10
-1.5503472e-10
-1.5373262e-10
-1.5512153e-10
-1.5187498e-10
-1.5163193e-10
-1.5501735e-10
-1.5260417e-10
-1.5331597e-10
-1.5675344e-10
-1.5138886e-10
-1.5694443e-10
-1.5467011e-10
-1.5135417e-10
-1.5241319e-10
-1.5640624e-10
-1.505729e-10
-1.5434026e-10
-1.5670137e-10
-1.5029512e-10
-1.5630207e-10
-1.5543403e-10
-1.5190969e-10
-1.5803817e-10
-1.5355903e-10
-1.5451389e-10
-1.5380207e-10
-1.5444442e-10
-1.576736e-10
-1.5524307e-10
-1.5548611e-10
-1.5328122e-10
-1.5774304e-10
-1.5173608e-10
-1.5373264e-10
-1.5678819e-10
-1.5173612e-10
-1.5637153e-10
-1.5631944e-10
-1.5223958e-10
-1.5619789e-10
-1.5381943e-10
-1.5203123e-10
-1.5418404e-10
-1.5147567e-10
-1.5647569e-10
-1.5296873e-10
-1.52934e-10
-1.5425346e-10
-1.5123262e-10
-1.5670137e-10
-1.5251733e-10
-1.5486108e-10
-1.5343748e-10
-1.557639e-10
-1.5538196e-10
-1.5440971e-10
-1.5692707e-10
-1.5350694e-10
-1.5522569e-10
-1.5788193e-10
-1.5416668e-10
-1.523611e-10
-1.5626736e-10
-1.533854e-10
-1.5656249e-10
-1.5555557e-10
-1.5293403e-10
-1.5802085e-10
-1.532118e-10
-1.5229168e-10
-1.5532983e-10
-1.5475693e-10
-1.5567708e-10
-1.5604162e-10
-1.5420136e-10
-1.5482637e-10
-1.5494792e-10
-1.5456597e-10
-1.5624999e-10
-1.5503471e-10
-1.5190969e-10
-1.5503471e-10
-1.5369789e-10
-1.563715e-10
-1.5331597e-10
-1.5411455e-10
-1.5298612e-10
-1.5527775e-10
-1.5069442e-10
-1.5538194e-10
-1.515104e-10
-1.5666665e-10
-1.5385419e-10
-1.5434026e-10
-1.5776039e-10
-1.536111e-10
-1.5434028e-10
-1.5612847e-10
-1.522743e-10
-1.5442708e-10
-1.5475694e-10
-1.5479167e-10
-1.5376735e-10
-1.5249997e-10
-1.5651042e-10
-1.5039929e-10
-1.5467011e-10
-1.5282983e-10
-1.52309e-10
-1.530208e-10
-1.5399304e-10
-1.5144094e-10
-1.5404515e-10
-1.5107637e-10
-1.5421872e-10
-1.5529515e-10
-1.4828122e-10
-1.5118057e-10
-1.5482636e-10
-1.5428818e-10
-1.5428819e-10
-1.5810762e-10
-1.5309026e-10
-1.5491319e-10
-1.5368054e-10
-1.5529514e-10
-1.520139e-10
-1.560764e-10
-1.5427082e-10
-1.5576387e-10
-1.5118057e-10
-1.5451387e-10
-1.5545142e-10
-1.5258678e-10
-1.5404514e-10
-1.5661455e-10
-1.5506944e-10
-1.5192708e-10
-1.5687496e-10
-1.5435764e-10
-1.5559026e-10
-1.5774307e-10
-1.5184026e-10
-1.5604165e-10
-1.5414929e-10
-1.5432294e-10
-1.5571178e-10
-1.5270835e-10
-1.559896e-10
-1.5234373e-10
-1.5401042e-10
-1.5340279e-10
-1.5416667e-10
-1.546875e-10
-1.5467012e-10
-1.5654511e-10
-1.5194443e-10
-1.5364583e-10
-1.5487847e-10
-1.5239582e-10
-1.5697914e-10
-1.5038196e-10
-1.5489582e-10
-1.559896e-10
-1.5095486e-10
-1.6062501e-10
-1.5085068e-10
-1.5630208e-10
-1.5401042e-10
-1.4845485e-10
-1.6128471e-10
-1.5329858e-10
-1.5272569e-10
-1.5300346e-10
-1.5664929e-10
-1.5369789e-10
-1.539583e-10
-1.5420137e-10
-1.5048612e-10
-1.5828125e-10
-1.5567707e-10
-1.5192708e-10
-1.5737849e-10
-1.5421874e-10
-1.5291667e-10
-1.5616319e-10
-1.5234375e-10
-1.5520833e-10
-1.5572915e-10
-1.5185764e-10
-1.5315972e-10
-1.5708333e-10
-1.5564233e-10
-1.5024305e-10
-1.5673611e-10
-1.5444442e-10
-1.5012153e-10
-1.5529514e-10
-1.5394097e-10
-1.5541665e-10
-1.5335068e-10
-1.5421875e-10
-1.5510415e-10
-1.5479165e-10
-1.5585069e-10
-1.5944442e-10
-1.5076389e-10
-1.5593747e-10
-1.5579861e-10
-1.5506943e-10
-1.5505207e-10
-1.5161455e-10
-1.5564235e-10
-1.5586804e-10
-1.5597224e-10
-1.5473957e-10
-1.5758679e-10
-1.5199653e-10
-1.5626736e-10
-1.5348957e-10
-1.5654511e-10
-1.5361108e-10
-1.575868e-10
-1.547743e-10
-1.5638886e-10
-1.5307294e-10
-1.5506943e-10
-1.5739582e-10
-1.5423611e-10
-1.5550346e-10
-1.5694443e-10
-1.5295139e-10
-1.5699653e-10
-1.5604168e-10
-1.5189235e-10
-1.5368054e-10
-1.5565972e-10
-1.5428819e-10
-1.555729e-10
-1.5453122e-10
-1.5439237e-10
-1.5456597e-10
-1.5467012e-10
-1.5435764e-10
-1.5100694e-10
-1.5923612e-10
-1.5381943e-10
-1.5251736e-10
-1.520486e-10
-1.5694443e-10
-1.5282986e-10
-1.5633679e-10
-1.538715e-10
-1.574479e-10
-1.525e-10
-1.5453125e-10
-1.525e-10
-1.5180555e-10
-1.5361111e-10
-1.5383678e-10
-1.563021e-10
-1.5519096e-10
-1.5173612e-10
-1.5427083e-10
-1.5791664e-10
-1.5477426e-10
-1.5376733e-10
-1.5656249e-10
-1.5114582e-10
-1.519444e-10
-1.5496525e-10
-1.5310764e-10
-1.5484375e-10
-1.5394092e-10
-1.5574653e-10
-1.5498262e-10
-1.5211803e-10
-1.5607635e-10
-1.5140623e-10
-1.5522568e-10
-1.536458e-10
-1.5336804e-10
-1.5461805e-10
-1.5326389e-10
-1.536979e-10
-1.5081594e-10
-1.5420137e-10
-1.5633682e-10
-1.5116318e-10
-1.5458335e-10
-1.538021e-10
-1.5567708e-10
-1.5357639e-10
-1.5234373e-10
-1.5114582e-10
-1.5079858e-10
-1.5779514e-10
-1.5041668e-10
-1.5267361e-10
-1.5602429e-10
-1.4873261e-10
-1.5680554e-10
-1.4947915e-10
-1.5519097e-10
-1.5211803e-10
-1.5253471e-10
-1.5628471e-10
-1.5439233e-10
-1.5126735e-10
-1.5317708e-10
-1.5229167e-10
-1.528125e-10
-1.519618e-10
-1.5145835e-10
-1.503993e-10
-1.5402775e-10
-1.5376736e-10
-1.4920139e-10
-1.5810762e-10
-1.5373264e-10
-1.5449651e-10
-1.5100693e-10
-1.5303818e-10
-1.551215e-10
-1.5059026e-10
-1.5715278e-10
-1.4710068e-10
-1.528993e-10
-1.5479165e-10
-1.4991317e-10
-1.5835071e-10
-1.4961805e-10
-1.5381942e-10
-1.5385417e-10
-1.511979e-10
-1.5678819e-10
-1.5244789e-10
-1.5368054e-10
-1.5243055e-10
-1.5184029e-10
-1.5223958e-10
-1.5366321e-10
-1.558854e-10
-1.5331594e-10
-1.542535e-10
-1.5562497e-10
-1.5135414e-10
-1.5451386e-10
-1.5401039e-10
-1.5394096e-10
-1.5449653e-10
-1.5342011e-10
-1.5168403e-10
-1.5708335e-10
-1.5413194e-10
-1.5444443e-10
-1.5411457e-10
-1.5197915e-10
-1.53125e-10
-1.5501739e-10
-1.5392362e-10
-1.5425347e-10
-1.5359375e-10
-1.5612846e-10
-1.5168403e-10
-1.5578124e-10
-1.5604168e-10
-1.4921876e-10
-1.5282983e-10
-1.5682287e-10
-1.4942707e-10
-1.5052082e-10
-1.5817708e-10
-1.5034719e-10
-1.5512153e-10
-1.5555555e-10
-1.5083336e-10
-1.5545137e-10
-1.5197915e-10
-1.4885415e-10
-1.6001735e-10
-1.5081597e-10
-1.5079861e-10
-1.5427082e-10
-1.5249997e-10
-1.5258679e-10
-1.520486e-10
-1.5501735e-10
-1.551215e-10
-1.5590278e-10
-1.5215279e-10
-1.4947915e-10
-1.5678819e-10
-1.5152779e-10
-1.5243053e-10
-1.5571182e-10
-1.5138887e-10
-1.5220486e-10
-1.495833e-10
-1.5678819e-10
-1.5335069e-10
-1.4697914e-10
-1.5947917e-10
-1.5109373e-10
-1.5331596e-10
-1.5322919e-10
-1.5130208e-10
-1.5692707e-10
-1.5147568e-10
-1.5300346e-10
-1.5328125e-10
-1.5378473e-10
-1.5199653e-10
-1.5232636e-10
-1.5345486e-10
-1.5842014e-10
-1.5253471e-10
-1.5470483e-10
-1.5255207e-10
-1.5121526e-10
-1.5552083e-10
-1.5444443e-10
-1.5282986e-10
-1.5336804e-10
-1.5447917e-10
-1.5137151e-10
-1.5598957e-10
-1.5145833e-10
-1.5322915e-10
-1.5595485e-10
-1.5361108e-10
-1.55434e-10
-1.5604165e-10
-1.5197915e-10
-1.5362847e-10
-1.547743e-10
-1.5354167e-10
-1.5543403e-10
-1.5135415e-10
-1.5210068e-10
-1.5473958e-10
-1.5298611e-10
-1.5506943e-10
-1.5366318e-10
-1.5553819e-10
-1.5170137e-10
-1.5376735e-10
-1.5503472e-10
-1.5310761e-10
-1.5267361e-10
-1.514236e-10
-1.5407985e-10
-1.5500001e-10
-1.4888886e-10
-1.5491319e-10
-1.5170142e-10
-1.5237844e-10
-1.5288194e-10
-1.5361111e-10
-1.5564235e-10
-1.4979167e-10
-1.5388885e-10
-1.5237847e-10
-1.5258679e-10
-1.5383678e-10
-1.5600694e-10
-1.5111108e-10
-1.5595483e-10
-1.5385415e-10
-1.5331596e-10
-1.5194443e-10
-1.5387153e-10
-1.5465278e-10
-1.5489582e-10
-1.5453124e-10
-1.5246525e-10
-1.5440971e-10
-1.5496529e-10
-1.5293403e-10
-1.5638887e-10
-1.5534719e-10
-1.5328122e-10
-1.552604e-10
-1.5538192e-10
-1.5499997e-10
-1.5102432e-10
-1.5515625e-10
-1.5585071e-10
-1.5336805e-10
-1.5147568e-10
-1.5550344e-10
