1.3642304e-09
1.3669876e-09
1.3662791e-09
1.3658423e-09
1.3659547e-09
1.3643703e-09
1.3657668e-09
1.3673929e-09
1.3663484e-09
1.3654309e-09
1.3652682e-09
1.3674866e-09
1.365221e-09
1.3661917e-09
1.3656871e-09
1.3653666e-09
1.3655838e-09
1.3669675e-09
1.3662588e-09
1.3661283e-09
1.3662426e-09
1.36539e-09
1.367412e-09
1.3668832e-09
1.3659606e-09
1.3665267e-09
1.3671808e-09
1.365784e-09
1.3660526e-09
1.36742e-09
1.3668451e-09
1.3664038e-09
1.3668147e-09
1.3677232e-09
1.3669321e-09
1.366703e-09
1.3666211e-09
1.3659955e-09
1.3658608e-09
1.3653447e-09
1.366725e-09
1.3665203e-09
1.3681599e-09
1.3678837e-09
1.3666205e-09
1.3672549e-09
1.3671868e-09
1.3671575e-09
1.3663261e-09
1.3660593e-09
1.3657344e-09
1.3661385e-09
1.3658192e-09
1.3661263e-09
1.3660645e-09
1.3674842e-09
1.3669434e-09
1.3655864e-09
1.3655819e-09
1.3669672e-09
1.3663662e-09
1.3656203e-09
1.3657736e-09
1.3660714e-09
1.3667583e-09
1.3660629e-09
1.3650664e-09
1.3649835e-09
1.3665522e-09
1.3646371e-09
1.3650182e-09
1.3646826e-09
1.3644353e-09
1.3650973e-09
1.3641213e-09
1.3643148e-09
1.3645036e-09
1.3641283e-09
1.3642336e-09
1.3645852e-09
1.3652022e-09
1.3656071e-09
1.3645615e-09
1.3658015e-09
1.365444e-09
1.3649716e-09
1.3650445e-09
1.3640612e-09
1.3662032e-09
1.3657712e-09
1.3665709e-09
1.3645244e-09
1.3648255e-09
1.3651538e-09
1.3658732e-09
1.3667882e-09
1.3654029e-09
1.3655207e-09
1.3664092e-09
1.3655775e-09
1.3656984e-09
1.3659491e-09
1.3651562e-09
1.3665867e-09
1.3654419e-09
1.3653848e-09
1.3642778e-09
1.3657604e-09
1.3659937e-09
1.3671834e-09
1.3646111e-09
1.3651161e-09
1.3645305e-09
1.3645196e-09
1.3646874e-09
1.3660311e-09
1.3642847e-09
1.3652758e-09
1.3647575e-09
1.36486e-09
1.3641138e-09
1.3650154e-09
1.3664126e-09
1.3658393e-09
1.3659855e-09
1.3655223e-09
1.3656106e-09
1.3653336e-09
1.3645139e-09
1.3660607e-09
1.3650873e-09
1.363779e-09
1.3646527e-09
1.3646555e-09
1.3647917e-09
1.36415e-09
1.3654513e-09
1.3642082e-09
1.3649742e-09
1.3650269e-09
1.3643154e-09
1.3645378e-09
1.364395e-09
1.3652018e-09
1.3651228e-09
1.3642212e-09
1.3643859e-09
1.3656501e-09
1.3647687e-09
1.3638688e-09
1.3645866e-09
1.365603e-09
1.3660217e-09
1.3655882e-09
1.3646871e-09
1.3639161e-09
1.3648521e-09
1.3652497e-09
1.364783e-09
1.3653273e-09
1.3667418e-09
1.3647741e-09
1.3662562e-09
1.3659066e-09
1.3647702e-09
1.3647705e-09
1.366022e-09
1.365229e-09
1.365383e-09
1.3645218e-09
1.3651191e-09
1.3645292e-09
1.3655171e-09
1.3657024e-09
1.3657873e-09
1.366985e-09
1.3651662e-09
1.3658995e-09
1.364296e-09
1.3645847e-09
1.364989e-09
1.3653324e-09
1.3657413e-09
1.3650328e-09
1.3647311e-09
1.3645521e-09
1.3661052e-09
1.3665222e-09
1.3656586e-09
1.3654416e-09
1.365919e-09
1.3646624e-09
1.3640946e-09
1.3651761e-09
1.363769e-09
1.3653284e-09
1.3647696e-09
1.365406e-09
1.3653382e-09
1.3639992e-09
1.3643834e-09
1.364601e-09
1.3638023e-09
1.364616e-09
1.3655782e-09
1.3631429e-09
1.3646855e-09
1.364058e-09
1.3650275e-09
1.3637153e-09
1.3644348e-09
1.3646732e-09
1.3646365e-09
1.3641871e-09
1.3643104e-09
1.3637709e-09
1.3652337e-09
1.364687e-09
1.3646699e-09
1.3648435e-09
1.3629966e-09
1.3634933e-09
1.3642525e-09
1.3648973e-09
1.3650057e-09
1.3645418e-09
1.3629672e-09
1.3644395e-09
1.3631206e-09
1.363861e-09
1.3640979e-09
1.3643068e-09
1.36316e-09
1.3629049e-09
1.3622928e-09
1.3626462e-09
1.3637379e-09
1.3627982e-09
1.3626227e-09
1.3631249e-09
1.3627695e-09
1.3634907e-09
1.3626206e-09
1.3630342e-09
1.3635676e-09
1.3634278e-09
1.3636627e-09
1.3622895e-09
1.3621605e-09
1.3627194e-09
1.3629752e-09
1.3637773e-09
1.3633933e-09
1.3611073e-09
1.3626977e-09
1.3632104e-09
1.362181e-09
1.3615211e-09
1.3634586e-09
1.3632769e-09
1.3619116e-09
1.3646454e-09
1.3631396e-09
1.3638887e-09
1.3641358e-09
1.364478e-09
1.3631971e-09
1.3645716e-09
1.3636625e-09
1.3628506e-09
1.3631483e-09
1.363321e-09
1.3638943e-09
1.3635331e-09
1.3637012e-09
1.3622161e-09
1.3630349e-09
1.3634012e-09
1.3647984e-09
1.3635643e-09
1.3636422e-09
1.3633805e-09
1.3631559e-09
1.363107e-09
1.3628626e-09
1.3632958e-09
1.3629993e-09
1.3627848e-09
1.3629325e-09
1.3646324e-09
1.3633232e-09
1.3619509e-09
1.3620567e-09
1.3633364e-09
1.3623549e-09
1.3626266e-09
1.3641174e-09
1.3639031e-09
1.3642346e-09
1.3643864e-09
1.3632194e-09
1.3625008e-09
1.364116e-09
1.3635469e-09
1.3636536e-09
1.3632658e-09
1.3624112e-09
1.3628e-09
1.3621855e-09
1.3627713e-09
1.3637611e-09
1.3634666e-09
1.3637514e-09
1.3635466e-09
1.3641226e-09
1.3661899e-09
1.3644397e-09
1.3655013e-09
1.3658973e-09
1.3647854e-09
1.3639728e-09
1.3644222e-09
1.3642767e-09
1.3642952e-09
1.3638639e-09
1.3641229e-09
1.3646968e-09
1.3629352e-09
1.3636902e-09
1.3635061e-09
1.3633914e-09
1.3631881e-09
1.3643159e-09
1.3651746e-09
1.363986e-09
1.3643529e-09
1.3648105e-09
1.3640139e-09
1.3652272e-09
1.3637177e-09
1.364284e-09
1.3640981e-09
1.3640973e-09
1.3649915e-09
1.3649044e-09
1.3652171e-09
1.3642301e-09
1.3641266e-09
1.3646367e-09
1.3646646e-09
1.3655981e-09
1.3641788e-09
1.3639916e-09
1.3650282e-09
1.3641942e-09
1.3649227e-09
1.3651474e-09
1.3644658e-09
1.3642404e-09
1.3655407e-09
1.3650482e-09
1.3661065e-09
1.3656672e-09
1.3651259e-09
1.3666803e-09
1.365464e-09
1.3660442e-09
1.3658625e-09
1.3635674e-09
1.3648874e-09
1.365256e-09
1.3649366e-09
1.3642466e-09
1.3646595e-09
1.3648522e-09
1.363937e-09
1.3640952e-09
1.3641375e-09
1.3638043e-09
1.3640273e-09
1.3623342e-09
1.3623431e-09
1.3621415e-09
1.3635442e-09
1.3622752e-09
1.3628342e-09
1.3619257e-09
1.3624782e-09
1.3631692e-09
1.3636793e-09
1.3642045e-09
1.3627151e-09
1.3632552e-09
1.362796e-09
1.3632991e-09
1.3629581e-09
1.3622383e-09
1.3630329e-09
1.3621496e-09
1.3629181e-09
1.3636585e-09
1.3648276e-09
1.3636953e-09
1.3634381e-09
1.3637395e-09
1.3637195e-09
1.3634923e-09
1.3627984e-09
1.3645235e-09
1.3662194e-09
1.3654042e-09
1.3646875e-09
1.3655456e-09
1.3657206e-09
1.3653773e-09
1.3646096e-09
1.3656803e-09
1.3649423e-09
1.3643247e-09
1.3632689e-09
1.3647805e-09
1.3645685e-09
1.3644695e-09
1.3645424e-09
1.3643477e-09
1.3641781e-09
1.3641189e-09
1.36501e-09
1.3651749e-09
1.3657485e-09
1.3644986e-09
1.3641938e-09
1.3645074e-09
1.3645494e-09
1.3642121e-09
1.3654099e-09
1.3647549e-09
1.3647526e-09
1.3649322e-09
1.3652129e-09
1.3650844e-09
1.3651579e-09
1.3647022e-09
1.3642963e-09
1.3645266e-09
1.3647217e-09
1.3644195e-09
1.364493e-09
1.3653086e-09
1.365531e-09
1.3653707e-09
1.3657345e-09
1.3656873e-09
1.3653609e-09
1.3661827e-09
1.3671675e-09
1.3654742e-09
1.3656677e-09
1.3658396e-09
1.364525e-09
1.3658432e-09
1.3649395e-09
1.3649241e-09
1.3653965e-09
1.3652147e-09
1.3656294e-09
1.3658441e-09
1.3651834e-09
1.3666355e-09
1.3670448e-09
1.3669124e-09
1.3661765e-09
1.3654825e-09
1.3666059e-09
1.3667975e-09
1.3660438e-09
1.3661066e-09
1.3653656e-09
1.3645317e-09
1.3653062e-09
1.3658547e-09
1.3658759e-09
1.3647482e-09
1.3647928e-09
1.3657135e-09
1.3653727e-09
1.3660745e-09
1.3668006e-09
1.3669663e-09
1.3673934e-09
1.3656628e-09
1.3656484e-09
1.3664485e-09
1.366499e-09
1.3674164e-09
1.3661273e-09
1.366493e-09
1.3670208e-09
1.3662691e-09
1.3658049e-09
1.365701e-09
1.3654834e-09
1.3659071e-09
1.3665382e-09
1.3651427e-09
1.3651879e-09
1.3659445e-09
1.3652914e-09
1.3655986e-09
1.3657743e-09
1.3653693e-09
1.3665289e-09
1.3671659e-09
1.3655701e-09
1.365649e-09
1.3659409e-09
1.3665502e-09
1.3671869e-09
1.3683176e-09
1.369866e-09
1.3723128e-09
1.3746786e-09
1.3764606e-09
1.3778194e-09
1.3794322e-09
1.3812451e-09
1.381853e-09
1.3816579e-09
1.3813177e-09
1.3795509e-09
1.3781896e-09
1.3753115e-09
1.3709617e-09
1.3684602e-09
1.3681178e-09
1.3678133e-09
1.3685176e-09
1.3697899e-09
1.3690397e-09
1.3688969e-09
1.3703833e-09
1.3701477e-09
1.3711499e-09
1.3692529e-09
1.3699689e-09
1.3697609e-09
1.3694442e-09
1.371207e-09
1.3720745e-09
1.3706958e-09
1.3703298e-09
1.3704035e-09
1.3711757e-09
1.3697982e-09
1.368853e-09
1.3679076e-09
1.3690099e-09
1.3696422e-09
1.3699497e-09
1.3701011e-09
1.3692708e-09
1.369742e-09
1.3694142e-09
1.3691959e-09
1.3691959e-09
1.3696442e-09
1.3703356e-09
1.3688408e-09
1.3696515e-09
1.3686787e-09
1.3692278e-09
1.3698398e-09
1.3680707e-09
1.3686703e-09
1.3685133e-09
1.3700624e-09
1.369867e-09
1.3706196e-09
1.3703082e-09
1.370005e-09
1.3702606e-09
1.3709164e-09
1.371495e-09
1.3714145e-09
1.3710572e-09
1.3715682e-09
1.3712242e-09
1.3711767e-09
1.3717752e-09
1.3717787e-09
1.3719365e-09
1.370681e-09
1.371395e-09
1.3714739e-09
1.371358e-09
1.3709357e-09
1.3720328e-09
1.3713923e-09
1.3715357e-09
1.3718917e-09
1.3713071e-09
1.3713392e-09
1.3701343e-09
1.3711933e-09
1.3713158e-09
1.3706588e-09
1.3699323e-09
1.3714325e-09
1.3711317e-09
1.3692448e-09
1.3706749e-09
1.3717567e-09
1.3720124e-09
1.3718107e-09
1.3714491e-09
1.3716916e-09
1.3703652e-09
1.370569e-09
1.3714452e-09
1.3702833e-09
1.3726937e-09
1.3716814e-09
1.3703118e-09
1.3712633e-09
1.3718141e-09
1.3723362e-09
1.3708026e-09
1.3706459e-09
1.3713052e-09
1.3704725e-09
1.370497e-09
1.3716486e-09
1.3708841e-09
1.3723894e-09
1.3718624e-09
1.3721511e-09
1.3720467e-09
1.3721841e-09
1.3729524e-09
1.3727346e-09
1.3709788e-09
1.3710315e-09
1.3713707e-09
1.37106e-09
1.3718692e-09
1.3719065e-09
1.371661e-09
1.3706396e-09
1.3716387e-09
1.3706355e-09
1.370035e-09
1.3708287e-09
1.3703116e-09
1.3696516e-09
1.3703314e-09
1.3705033e-09
1.3692636e-09
1.3690952e-09
1.3698255e-09
1.3706541e-09
1.3695023e-09
1.3707472e-09
1.3704916e-09
1.3702327e-09
1.3695953e-09
1.3711704e-09
1.372068e-09
1.3704594e-09
1.3706428e-09
1.3702756e-09
1.3678181e-09
1.3687788e-09
1.3682692e-09
1.3708815e-09
1.3687254e-09
1.3685562e-09
1.3684637e-09
1.3694543e-09
1.3694427e-09
1.3685439e-09
1.3672327e-09
1.3680262e-09
1.367957e-09
1.3679342e-09
1.368935e-09
1.3673618e-09
1.3686553e-09
1.3680939e-09
1.3687164e-09
1.3681448e-09
1.3682092e-09
1.3692055e-09
1.3678221e-09
1.3675959e-09
1.3683603e-09
1.3666801e-09
1.3662814e-09
1.3673486e-09
1.3675029e-09
1.3680792e-09
1.3667831e-09
1.3683646e-09
1.3683898e-09
1.3691189e-09
1.3696193e-09
1.368926e-09
1.3699027e-09
1.3701641e-09
1.36944e-09
1.3693315e-09
1.3688999e-09
1.3691313e-09
1.3691309e-09
1.3692721e-09
1.3698318e-09
1.3698146e-09
1.3695638e-09
1.3693555e-09
1.3688247e-09
1.3685948e-09
1.3697529e-09
1.36936e-09
1.3679273e-09
1.36828e-09
1.3678908e-09
1.3694117e-09
1.3692762e-09
1.3682888e-09
1.3691986e-09
1.3674638e-09
1.3666039e-09
1.3687164e-09
1.3682345e-09
1.3670752e-09
1.3679486e-09
1.3679179e-09
1.3674057e-09
1.3675444e-09
1.3677062e-09
1.3688534e-09
1.3689286e-09
1.3678451e-09
1.3698697e-09
1.3688375e-09
1.3693171e-09
1.3695125e-09
1.3688527e-09
1.3686162e-09
1.3693005e-09
1.3698059e-09
1.3684173e-09
1.3684437e-09
1.3690092e-09
1.368004e-09
1.3689451e-09
1.3695569e-09
1.3693321e-09
1.3700968e-09
1.3675682e-09
1.3672374e-09
1.3689957e-09
1.3692201e-09
1.3690089e-09
1.3684449e-09
1.3681748e-09
1.3694995e-09
1.368093e-09
1.3676547e-09
1.3670838e-09
1.3684843e-09
1.3680671e-09
1.3677888e-09
1.3671633e-09
1.3668006e-09
1.3679092e-09
1.368373e-09
1.3674939e-09
1.367908e-09
1.3671136e-09
1.3673256e-09
1.3675696e-09
1.3671634e-09
1.3671008e-09
1.3675814e-09
1.3654772e-09
1.3668903e-09
1.3679315e-09
1.3673502e-09
1.3672445e-09
1.3669939e-09
1.3674908e-09
1.3673231e-09
1.3665061e-09
1.3672455e-09
1.3665672e-09
1.367649e-09
1.3667983e-09
1.3656948e-09
1.3666315e-09
1.3678519e-09
1.3664053e-09
1.3657226e-09
1.3663685e-09
1.3672293e-09
1.367242e-09
1.366915e-09
1.3679883e-09
1.3687872e-09
1.3683389e-09
1.3687474e-09
1.3693467e-09
1.3677581e-09
1.3668756e-09
1.369034e-09
1.3684368e-09
1.3674196e-09
1.367658e-09
1.367424e-09
1.3678552e-09
1.3671816e-09
1.3661404e-09
1.3655271e-09
1.36652e-09
1.3674347e-09
1.3672694e-09
1.3674862e-09
1.3666965e-09
1.3694231e-09
1.3664083e-09
1.3675454e-09
1.3675828e-09
1.3680362e-09
1.3684712e-09
1.3686775e-09
1.3681539e-09
1.3682219e-09
1.367486e-09
1.367328e-09
1.367406e-09
1.3692731e-09
1.3695315e-09
1.3681636e-09
1.3692716e-09
1.3691488e-09
1.3683281e-09
1.3677391e-09
1.3680111e-09
1.3676013e-09
1.3695314e-09
1.3685216e-09
1.3692487e-09
1.3694196e-09
1.369685e-09
1.3691356e-09
1.368874e-09
1.3673725e-09
1.3688942e-09
1.3671635e-09
1.3685063e-09
1.3679049e-09
1.3696557e-09
1.3689609e-09
1.3695493e-09
1.3686823e-09
1.3679282e-09
1.3680801e-09
1.3683245e-09
1.3689109e-09
1.3687463e-09
1.367817e-09
1.3684653e-09
1.3679964e-09
1.3675261e-09
1.3693054e-09
1.3684484e-09
1.3686248e-09
1.3673537e-09
1.3694927e-09
1.3681972e-09
1.3664331e-09
1.3671569e-09
1.3678774e-09
1.3665817e-09
1.3669974e-09
1.3670493e-09
1.3662652e-09
1.3679675e-09
1.3683233e-09
1.3685247e-09
1.3663575e-09
1.3679409e-09
1.3680014e-09
1.3675386e-09
1.3690316e-09
1.3668844e-09
1.366807e-09
1.3684641e-09
1.3662405e-09
1.367468e-09
1.3672257e-09
1.3681259e-09
1.3673099e-09
1.3664303e-09
1.3677891e-09
1.3668616e-09
1.3665685e-09
1.36789e-09
1.3665891e-09
1.3659562e-09
1.36634e-09
1.3667227e-09
1.366924e-09
1.3667376e-09
1.3662069e-09
1.3662982e-09
1.3666323e-09
1.3672127e-09
1.3665318e-09
1.3667126e-09
1.3667002e-09
1.3667476e-09
1.3660666e-09
1.3664598e-09
1.3671958e-09
1.3652626e-09
1.3671185e-09
1.3666808e-09
1.3665717e-09
1.3654692e-09
1.3656396e-09
1.3667526e-09
1.3656269e-09
1.3658255e-09
1.3663417e-09
1.3652237e-09
1.3663451e-09
1.3661496e-09
1.3651604e-09
1.3670027e-09
1.3671236e-09
1.3668067e-09
1.3677117e-09
1.3665387e-09
1.3667166e-09
1.3663494e-09
1.3663142e-09
1.3653614e-09
1.3655742e-09
1.3661645e-09
1.3665533e-09
1.3669244e-09
1.3663961e-09
1.3669212e-09
1.3677118e-09
1.3660491e-09
1.3663537e-09
1.3670141e-09
1.3654428e-09
1.365956e-09
1.365193e-09
1.36706e-09
1.3677252e-09
1.3666381e-09
1.3678132e-09
1.3672156e-09
1.3679251e-09
1.3677088e-09
1.3677243e-09
1.367446e-09
1.3668262e-09
1.3675253e-09
1.3666964e-09
1.3678028e-09
1.3670349e-09
1.3673759e-09
1.3670025e-09
1.3666233e-09
1.367476e-09
1.366797e-09
1.366828e-09
1.3661599e-09
1.366085e-09
1.3664524e-09
1.3668728e-09
1.3674809e-09
1.3666904e-09
1.3674912e-09
1.3671979e-09
1.3667473e-09
1.3673288e-09
1.3660404e-09
1.3663631e-09
1.3655315e-09
1.3661419e-09
1.367244e-09
1.3665806e-09
1.3664041e-09
1.3665139e-09
1.3667718e-09
1.368107e-09
1.3667911e-09
1.3656866e-09
1.3671951e-09
1.3674465e-09
1.3672192e-09
1.3665432e-09
1.3672854e-09
1.367226e-09
1.3672713e-09
1.3657936e-09
1.3673926e-09
1.3656121e-09
1.3659381e-09
1.3671531e-09
1.3681447e-09
1.367592e-09
1.3672625e-09
1.3667767e-09
1.3673532e-09
1.3669531e-09
1.3661186e-09
1.3677739e-09
1.3668919e-09
1.3679231e-09
1.3660946e-09
1.3664356e-09
1.3669155e-09
1.3663554e-09
1.3659038e-09
1.366439e-09
1.3670612e-09
1.3667791e-09
1.3656516e-09
1.3655178e-09
1.3668173e-09
1.3672011e-09
1.3657432e-09
1.3665763e-09
1.3666968e-09
1.3660836e-09
1.3660629e-09
1.3663104e-09
1.3667643e-09
1.367148e-09
1.3664868e-09
1.3658635e-09
1.3668096e-09
1.3669198e-09
1.367779e-09
1.3667804e-09
1.365257e-09
1.3652399e-09
1.3667142e-09
1.3670512e-09
1.367006e-09
1.3664367e-09
1.3657859e-09
1.3662778e-09
1.3658186e-09
1.3656207e-09
1.365965e-09
1.365421e-09
1.3663701e-09
1.3659276e-09
1.3644471e-09
1.3637949e-09
1.364615e-09
1.3658007e-09
1.3663759e-09
1.3658776e-09
1.3647802e-09
1.3662682e-09
1.3637338e-09
1.3641795e-09
1.3644459e-09
1.3639725e-09
1.3640459e-09
1.3645645e-09
1.3645667e-09
1.3640842e-09
1.3641067e-09
1.3647147e-09
1.3650666e-09
1.364732e-09
1.3650218e-09
1.3645421e-09
1.3647274e-09
1.3650481e-09
1.3648059e-09
1.3647219e-09
1.3644659e-09
1.3656876e-09
1.3654869e-09
1.3648018e-09
1.3643201e-09
1.3639604e-09
1.3636673e-09
1.3642264e-09
1.3641158e-09
1.3625939e-09
1.3637586e-09
1.3643813e-09
1.3632723e-09
1.3628348e-09
1.3649484e-09
1.3639505e-09
1.3637025e-09
1.3639841e-09
1.3637015e-09
1.3645431e-09
1.3637638e-09
1.36484e-09
1.3644533e-09
1.3649056e-09
1.3660914e-09
1.3654067e-09
1.3653553e-09
1.3636293e-09
1.3643283e-09
1.3639745e-09
1.3638614e-09
1.3642171e-09
1.3644014e-09
1.3638434e-09
1.3638318e-09
1.3645383e-09
1.3632836e-09
1.3642376e-09
1.3632323e-09
1.3639602e-09
1.3660097e-09
1.3655864e-09
1.3639302e-09
1.3652585e-09
1.3651245e-09
1.3638822e-09
1.3658719e-09
1.3646013e-09
1.3649853e-09
1.3660439e-09
1.3650105e-09
1.3638487e-09
1.3641401e-09
1.3650778e-09
1.3651799e-09
1.3645611e-09
1.3645205e-09
1.3645821e-09
1.3644971e-09
1.3656973e-09
1.366099e-09
1.3659726e-09
1.3655487e-09
1.36454e-09
1.3635828e-09
1.3640319e-09
1.3637416e-09
1.3648381e-09
1.3642654e-09
1.3643011e-09
1.36212e-09
1.3644297e-09
1.363951e-09
1.3641742e-09
1.3645176e-09
1.3657657e-09
1.365004e-09
1.3635564e-09
1.3636612e-09
1.3628304e-09
1.3641612e-09
1.3640812e-09
1.3651729e-09
1.3638349e-09
1.3660411e-09
1.3648029e-09
1.3649309e-09
1.3650918e-09
1.3647121e-09
1.3644237e-09
1.3659798e-09
1.3645335e-09
1.3645961e-09
1.3640192e-09
1.3640654e-09
1.3634905e-09
1.3633337e-09
1.3635412e-09
1.3649732e-09
1.3637572e-09
1.3649378e-09
1.3660322e-09
1.3663636e-09
1.3651072e-09
1.364961e-09
1.3655022e-09
1.3660668e-09
1.3648148e-09
1.3657184e-09
1.3659367e-09
1.3651699e-09
1.3632956e-09
1.3650766e-09
1.3653237e-09
1.364815e-09
1.3640402e-09
1.3640501e-09
1.3657177e-09
1.3643711e-09
1.3641556e-09
1.3649115e-09
1.3644584e-09
1.3653949e-09
1.3648446e-09
1.3644308e-09
1.3650554e-09
1.3650258e-09
1.3650864e-09
1.3654047e-09
1.365648e-09
1.3656386e-09
1.3659995e-09
1.3666837e-09
1.3667323e-09
1.3664454e-09
1.3668104e-09
1.3654076e-09
1.3649747e-09
1.3649207e-09
1.3643053e-09
1.3632787e-09
1.3642802e-09
1.3651379e-09
1.3656586e-09
1.3653234e-09
1.3644107e-09
1.3648606e-09
1.365481e-09
1.3663954e-09
1.3652204e-09
1.3656817e-09
1.3656207e-09
1.3655952e-09
1.3654234e-09
1.366097e-09
1.3661235e-09
1.3654833e-09
1.3654297e-09
1.3659702e-09
1.3658474e-09
1.3654538e-09
1.3665729e-09
1.3671831e-09
1.3658202e-09
1.3652207e-09
1.3653551e-09
1.3657343e-09
1.3657051e-09
1.3663713e-09
1.3669533e-09
1.3660031e-09
1.3654197e-09
1.365049e-09
1.3647804e-09
1.3649253e-09
1.3657916e-09
1.3656195e-09
1.3649886e-09
1.3650094e-09
1.3661167e-09
1.3661742e-09
1.3648561e-09
1.3647489e-09
1.3656037e-09
1.3643885e-09
1.3657495e-09
1.3663587e-09
1.3665334e-09
1.3672855e-09
1.3662118e-09
1.3663692e-09
1.3662981e-09
1.3663286e-09
1.3674971e-09
1.3660501e-09
1.3661214e-09
1.3662359e-09
1.3647272e-09
1.3650602e-09
1.3652867e-09
1.3655131e-09
1.3659193e-09
1.3652702e-09
1.3652582e-09
1.3651066e-09
1.3641439e-09
1.3647535e-09
1.3641505e-09
1.3651649e-09
1.3628222e-09
1.3652179e-09
1.364321e-09
1.3640381e-09
1.3642895e-09
1.3637599e-09
1.3644482e-09
1.3647177e-09
1.3643464e-09
1.3660725e-09
1.3652229e-09
1.3654898e-09
1.3654128e-09
1.3655038e-09
1.3652089e-09
1.3663402e-09
1.366146e-09
1.3652428e-09
1.3648649e-09
1.3653658e-09
1.3651713e-09
1.3660343e-09
1.3649151e-09
1.3654651e-09
1.3651807e-09
1.3664679e-09
1.3658178e-09
1.3652729e-09
1.366559e-09
1.3662245e-09
1.3649384e-09
1.3645085e-09
1.3648792e-09
1.3654389e-09
1.3647184e-09
1.3664716e-09
1.3647885e-09
1.3643672e-09
1.3639374e-09
1.3642408e-09
1.3660362e-09
1.3660393e-09
1.3662749e-09
1.3660496e-09
1.3653577e-09
1.3657014e-09
1.3663467e-09
1.3661549e-09
1.3657768e-09
1.3666926e-09
1.3666996e-09
1.3671414e-09
1.3669479e-09
1.366842e-09
1.3665797e-09
1.366391e-09
1.3656446e-09
1.3652952e-09
1.3656111e-09
1.3650051e-09
1.3639815e-09
1.3647279e-09
1.3656646e-09
1.3660226e-09
1.3656979e-09
1.3659895e-09
1.3650494e-09
1.3654817e-09
1.3658032e-09
1.3653837e-09
1.3662264e-09
1.3655956e-09
1.3654352e-09
1.3659225e-09
1.3663443e-09
1.3643949e-09
1.3647509e-09
1.3658467e-09
1.3640316e-09
1.3654647e-09
1.3652232e-09
1.3659661e-09
1.3653492e-09
1.365367e-09
1.3644401e-09
1.3639869e-09
1.366202e-09
1.3661474e-09
1.3653851e-09
1.3665356e-09
1.3642257e-09
1.3651625e-09
1.3649905e-09
1.3641792e-09
1.3650472e-09
1.3643446e-09
1.3644006e-09
1.364614e-09
1.3645757e-09
1.3639647e-09
1.3651684e-09
1.3656563e-09
1.3648479e-09
1.3653938e-09
1.3654238e-09
1.3659238e-09
1.3641012e-09
1.3648186e-09
1.3655518e-09
1.3640631e-09
1.3636247e-09
1.3652688e-09
1.3643711e-09
1.3649453e-09
1.3656207e-09
1.3656205e-09
1.3646637e-09
1.365932e-09
1.3664544e-09
1.3646636e-09
1.3651821e-09
1.3645134e-09
1.3651742e-09
1.3660928e-09
1.3649379e-09
1.3659504e-09
1.3643334e-09
1.3641089e-09
1.3654823e-09
1.3649419e-09
1.3648597e-09
1.3643238e-09
1.3642167e-09
1.3643376e-09
1.3642876e-09
1.3646697e-09
1.3636738e-09
1.3639052e-09
1.3653246e-09
1.3650322e-09
1.364873e-09
1.3638937e-09
1.3646849e-09
1.3639961e-09
1.3629452e-09
1.363615e-09
1.363074e-09
1.3645823e-09
1.3630075e-09
1.3631519e-09
1.3632133e-09
1.3643493e-09
1.3643527e-09
1.3633389e-09
1.364538e-09
1.3645834e-09
1.3650372e-09
1.3650991e-09
1.3634984e-09
1.3632959e-09
1.3632466e-09
1.363221e-09
1.363119e-09
1.3638469e-09
1.3636253e-09
1.3638154e-09
1.3640544e-09
1.3640243e-09
1.3642376e-09
1.3631848e-09
1.365318e-09
1.3651348e-09
1.3648307e-09
1.3637738e-09
1.3641047e-09
1.3643195e-09
1.3640765e-09
1.365259e-09
1.3645353e-09
1.3630916e-09
1.3638738e-09
1.3654965e-09
1.3653446e-09
1.3641872e-09
1.364925e-09
1.3643059e-09
1.3629349e-09
1.3648562e-09
1.3653868e-09
1.3645118e-09
1.3641313e-09
1.3649264e-09
1.3647874e-09
1.3638293e-09
1.3632537e-09
1.3639102e-09
1.3636611e-09
1.3639176e-09
1.3641842e-09
1.3650135e-09
1.3644694e-09
1.3641082e-09
1.3659889e-09
1.3651078e-09
1.3647358e-09
1.3640262e-09
1.3646794e-09
1.3640408e-09
1.3641647e-09
1.3630022e-09
1.3644693e-09
1.3636148e-09
1.3636654e-09
1.3627295e-09
1.3632877e-09
1.3632359e-09
1.363622e-09
1.3629363e-09
1.3642458e-09
1.3632023e-09
1.3634152e-09
1.3637844e-09
1.3636183e-09
1.363281e-09
1.3633867e-09
1.3651738e-09
1.363449e-09
1.363751e-09
1.3646086e-09
1.3647476e-09
1.3642252e-09
1.3646275e-09
1.3651881e-09
1.3655704e-09
1.3655063e-09
1.3647773e-09
1.363918e-09
1.3647042e-09
1.3651449e-09
1.3644984e-09
1.3658367e-09
1.3647411e-09
1.3639597e-09
1.3651482e-09
1.3648721e-09
1.365564e-09
1.3656195e-09
1.3661977e-09
1.365271e-09
1.3661098e-09
1.3662721e-09
1.3673198e-09
1.365994e-09
1.3658271e-09
1.3651171e-09
1.3650836e-09
1.3652198e-09
1.365302e-09
1.364481e-09
1.3663957e-09
1.3663315e-09
1.3657674e-09
1.3654829e-09
1.3648963e-09
1.3652806e-09
1.3649462e-09
1.3658901e-09
1.3648865e-09
1.3649675e-09
1.364423e-09
1.3649822e-09
1.3647703e-09
1.3650686e-09
1.3667605e-09
1.3660852e-09
1.3642037e-09
1.3653183e-09
1.3657098e-09
1.3657913e-09
1.3647754e-09
1.3652084e-09
1.3652601e-09
1.3661799e-09
1.3644125e-09
1.3651063e-09
1.3660842e-09
1.3651151e-09
1.3655472e-09
1.3641712e-09
1.3637048e-09
1.3633298e-09
1.3641032e-09
1.3641538e-09
1.3634653e-09
1.3639981e-09
1.3645028e-09
1.3636385e-09
1.365049e-09
1.3646243e-09
1.364219e-09
1.3640918e-09
1.3638137e-09
1.3640787e-09
1.3642129e-09
1.3637768e-09
1.3634107e-09
1.3659156e-09
1.3647788e-09
1.3654111e-09
1.3650739e-09
1.3641137e-09
1.3647034e-09
1.3657433e-09
1.3667473e-09
1.3662098e-09
1.3655301e-09
1.3662504e-09
1.364664e-09
1.3664185e-09
1.3655483e-09
1.3642734e-09
1.3647385e-09
1.36346e-09
1.3653014e-09
1.3660253e-09
1.3652467e-09
1.3644589e-09
1.3646928e-09
1.3652534e-09
1.3654987e-09
1.3645454e-09
1.363654e-09
1.3648881e-09
1.3633299e-09
1.3645408e-09
1.3658021e-09
1.3645305e-09
1.3649879e-09
1.3652297e-09
1.3656591e-09
1.3658477e-09
1.3664688e-09
1.3673028e-09
1.3656485e-09
1.3651377e-09
1.3658799e-09
1.3647246e-09
1.3651921e-09
1.3650616e-09
1.3663281e-09
1.3662399e-09
1.3647937e-09
1.3649391e-09
1.3653255e-09
1.3656162e-09
1.3655684e-09
1.3643534e-09
1.3644181e-09
1.3651956e-09
1.3641953e-09
1.3656833e-09
1.3655422e-09
1.3641366e-09
1.3662974e-09
1.3666496e-09
1.3662016e-09
1.3664915e-09
1.3653869e-09
1.3666236e-09
1.3662644e-09
1.366122e-09
1.3652444e-09
1.3654831e-09
1.3677748e-09
1.3658485e-09
1.3650103e-09
1.365854e-09
1.36557e-09
1.3637632e-09
1.3638819e-09
1.3650503e-09
1.363728e-09
1.3640766e-09
1.3652691e-09
1.3645145e-09
1.3645455e-09
1.3647686e-09
1.3632645e-09
1.3651221e-09
1.3656147e-09
1.3651441e-09
1.3641902e-09
1.364044e-09
1.3641847e-09
1.3646844e-09
1.3634369e-09
1.3640528e-09
1.3634445e-09
1.364616e-09
1.3644177e-09
1.3655843e-09
1.3653326e-09
1.3644784e-09
1.3630964e-09
1.3636173e-09
1.3644447e-09
1.3637882e-09
1.3638344e-09
1.3643179e-09
1.3637873e-09
1.3647495e-09
1.3639703e-09
1.3628557e-09
1.3640544e-09
1.3639486e-09
1.3637395e-09
1.3633594e-09
1.362494e-09
1.3621633e-09
1.3636764e-09
1.363223e-09
1.3632357e-09
1.3647965e-09
1.364901e-09
1.3635876e-09
1.3645529e-09
1.3629563e-09
1.3636512e-09
1.3634653e-09
1.3632684e-09
1.3626519e-09
1.3630229e-09
1.3639944e-09
1.3640926e-09
1.3629459e-09
1.3632394e-09
1.3638273e-09
1.3643631e-09
1.3638009e-09
1.3635837e-09
1.3644881e-09
1.3639339e-09
1.363437e-09
1.3634167e-09
1.3640293e-09
1.3631128e-09
1.363814e-09
1.3650954e-09
1.3646129e-09
1.3646511e-09
1.3651069e-09
1.3631477e-09
1.3642575e-09
1.3633703e-09
1.364267e-09
1.3646302e-09
1.3626531e-09
1.3637524e-09
1.3638203e-09
1.3645391e-09
1.3631342e-09
1.3646729e-09
1.3641255e-09
1.3645289e-09
1.3642421e-09
1.3640979e-09
1.3645678e-09
1.365448e-09
1.364122e-09
1.364214e-09
1.3663831e-09
1.3650823e-09
1.3642182e-09
1.3652471e-09
1.364504e-09
1.3643646e-09
1.3642739e-09
1.3648416e-09
1.3646961e-09
1.3649049e-09
1.3630428e-09
1.3636925e-09
1.3638752e-09
1.3647768e-09
1.3651006e-09
1.3649843e-09
1.3641757e-09
1.363284e-09
1.3641956e-09
1.3653489e-09
1.363747e-09
1.3649878e-09
1.3636225e-09
1.3646743e-09
1.364077e-09
1.3645596e-09
1.3651277e-09
1.3641699e-09
1.363382e-09
1.3648739e-09
1.3647109e-09
1.3637035e-09
1.3649067e-09
1.3651228e-09
1.3649162e-09
1.3651548e-09
1.363944e-09
1.3649109e-09
1.3648458e-09
1.3644079e-09
1.3641098e-09
1.36304e-09
1.3629579e-09
1.3642149e-09
1.362479e-09
1.3638484e-09
1.3635378e-09
1.3634608e-09
1.3631402e-09
1.3619704e-09
1.3635331e-09
1.3627496e-09
1.3650053e-09
1.3639582e-09
1.3652064e-09
1.3658359e-09
1.3634626e-09
1.3641026e-09
1.3647348e-09
1.3645708e-09
1.3648785e-09
1.3638791e-09
1.3647911e-09
1.3630727e-09
1.364548e-09
1.3642542e-09
1.364136e-09
1.3641752e-09
1.3650383e-09
1.3637559e-09
1.362813e-09
1.3637184e-09
1.3638869e-09
1.3629302e-09
1.3651682e-09
1.3651952e-09
1.3645091e-09
1.3642237e-09
1.3643029e-09
1.3630798e-09
1.3642703e-09
1.3642816e-09
1.3632794e-09
1.3635949e-09
1.3626614e-09
1.3621665e-09
1.3648602e-09
1.364422e-09
1.3637299e-09
1.36264e-09
1.3621125e-09
1.3625443e-09
1.3623408e-09
1.3625475e-09
1.3630695e-09
1.3637661e-09
1.3630805e-09
1.3622049e-09
1.3621831e-09
1.3620598e-09
1.364055e-09
1.3628026e-09
1.362066e-09
1.362419e-09
1.3622934e-09
1.3618014e-09
1.3612537e-09
1.3631631e-09
1.3624958e-09
1.3620632e-09
1.363087e-09
1.3643235e-09
1.3620903e-09
1.3622963e-09
1.3640362e-09
1.3621024e-09
1.3619761e-09
1.3629268e-09
1.3642972e-09
1.3643183e-09
1.3640319e-09
1.362489e-09
1.3639053e-09
1.3630213e-09
1.363054e-09
1.3644217e-09
1.3647261e-09
1.3638271e-09
1.3640217e-09
1.3641267e-09
1.3649338e-09
1.3633841e-09
1.3632505e-09
1.3653129e-09
1.3645098e-09
1.3636929e-09
1.3633417e-09
1.3616671e-09
1.362032e-09
1.3636445e-09
1.362256e-09
1.3632189e-09
1.3638831e-09
1.3632713e-09
1.3620809e-09
1.3631831e-09
1.3630923e-09
1.3641145e-09
1.3640074e-09
1.3628835e-09
1.3630641e-09
1.3630919e-09
1.3625446e-09
1.3632647e-09
1.3643275e-09
1.3639851e-09
1.3625739e-09
1.3639638e-09
1.3641305e-09
1.3643492e-09
1.3635785e-09
1.3633779e-09
1.3636484e-09
1.365741e-09
1.3643208e-09
1.3632671e-09
1.3636317e-09
1.3638658e-09
1.3642242e-09
1.3640502e-09
1.3640221e-09
1.3644814e-09
1.3637991e-09
1.3642889e-09
1.3641573e-09
1.3638395e-09
1.3629006e-09
1.3619857e-09
1.3620159e-09
1.3639662e-09
1.3641354e-09
1.3635532e-09
1.3646189e-09
1.3644161e-09
1.364666e-09
1.3647414e-09
1.3640093e-09
1.3636493e-09
1.3650393e-09
1.3650509e-09
1.3642317e-09
1.3640208e-09
1.3634265e-09
1.3647421e-09
1.3648194e-09
1.3650412e-09
1.3649761e-09
1.3655278e-09
1.3653941e-09
1.3654269e-09
1.3663627e-09
1.3667708e-09
1.3668096e-09
1.3665424e-09
1.3667211e-09
1.3666738e-09
1.3664395e-09
1.3669955e-09
1.3660877e-09
1.3652492e-09
1.3654572e-09
1.3646932e-09
1.3670277e-09
1.3649977e-09
1.3653447e-09
1.3643505e-09
1.3646022e-09
1.3649893e-09
1.3648925e-09
1.3649828e-09
1.3656927e-09
1.3653642e-09
1.3671544e-09
1.3656523e-09
1.3660691e-09
1.3659096e-09
1.3656337e-09
1.3652747e-09
1.3648622e-09
1.3654111e-09
1.3664879e-09
1.3657295e-09
1.3669916e-09
1.3659933e-09
1.3670777e-09
1.3647286e-09
1.3651942e-09
1.3658426e-09
1.3655822e-09
1.3648322e-09
1.364476e-09
1.3655582e-09
1.3646998e-09
1.3654154e-09
1.3659396e-09
1.3659343e-09
1.3660741e-09
1.3651494e-09
1.3647559e-09
1.3649559e-09
1.3650202e-09
1.3650759e-09
1.3665256e-09
1.3658747e-09
1.3644662e-09
1.364718e-09
1.3654925e-09
1.3659084e-09
1.3660707e-09
1.3649968e-09
1.3654662e-09
1.364988e-09
1.3649456e-09
1.365042e-09
1.3651447e-09
1.366107e-09
1.3653257e-09
1.3656527e-09
1.3665024e-09
1.3647837e-09
1.364133e-09
1.363846e-09
1.3665603e-09
1.365272e-09
1.3654923e-09
1.3645886e-09
1.3647057e-09
1.3649695e-09
1.3656269e-09
1.3653129e-09
1.3660926e-09
1.3659087e-09
1.3645739e-09
1.3652381e-09
1.3658193e-09
1.3660965e-09
1.3649962e-09
1.3650008e-09
1.3651142e-09
1.3657719e-09
1.3657706e-09
1.3660388e-09
1.3659683e-09
1.3656651e-09
1.3652434e-09
1.365611e-09
1.3654731e-09
1.365936e-09
1.364688e-09
1.3646269e-09
1.3645557e-09
1.3641831e-09
1.3654859e-09
1.3647002e-09
1.3633381e-09
1.3637474e-09
1.3642519e-09
1.3647422e-09
1.363844e-09
1.365302e-09
1.3650818e-09
1.3648336e-09
1.3646025e-09
1.365843e-09
1.3660033e-09
1.3655455e-09
1.3646995e-09
1.3647498e-09
1.3652308e-09
1.3648295e-09
1.366403e-09
1.3646132e-09
1.3649691e-09
1.366613e-09
1.3658565e-09
1.3654964e-09
1.3646162e-09
1.3645393e-09
1.3636375e-09
1.3640709e-09
1.3647438e-09
1.3662904e-09
1.3651481e-09
1.365442e-09
1.366381e-09
1.3647018e-09
1.3642024e-09
1.3634746e-09
1.3644083e-09
1.3649657e-09
1.3642019e-09
1.3647019e-09
1.3652082e-09
1.3647758e-09
1.365425e-09
1.3657777e-09
1.3668157e-09
1.3650503e-09
1.3658898e-09
1.3648965e-09
1.3650876e-09
1.3649923e-09
1.3654289e-09
1.3649429e-09
1.3658862e-09
1.3656466e-09
1.3653745e-09
1.3657668e-09
1.3652793e-09
1.3651742e-09
1.3641508e-09
1.3639894e-09
1.365465e-09
1.3648873e-09
1.3651196e-09
1.3642515e-09
1.3662289e-09
1.3661627e-09
1.3645209e-09
1.3653468e-09
1.3650936e-09
1.3650192e-09
1.3655977e-09
1.3651461e-09
1.3649181e-09
1.36603e-09
1.365774e-09
1.3664253e-09
1.3649266e-09
1.3656047e-09
1.3653307e-09
1.3658855e-09
1.3658278e-09
1.3673157e-09
1.3663997e-09
1.3657911e-09
1.3654372e-09
1.3665222e-09
1.3656035e-09
1.3652502e-09
1.3649541e-09
1.365439e-09
1.3644899e-09
1.3647098e-09
1.3654764e-09
1.3676669e-09
1.3659091e-09
1.3654878e-09
1.3649357e-09
1.3656229e-09
1.3649244e-09
1.3654412e-09
1.3649448e-09
1.3652665e-09
1.3666458e-09
1.3644319e-09
1.3653264e-09
1.3654448e-09
1.3642206e-09
1.3650223e-09
1.3638604e-09
1.3639204e-09
1.3629463e-09
1.3638227e-09
1.3633e-09
1.3646539e-09
1.3646609e-09
1.3644647e-09
1.3646114e-09
1.3645323e-09
1.3640559e-09
1.3645496e-09
1.3651873e-09
1.3656842e-09
1.3661129e-09
1.3649107e-09
1.3653262e-09
1.3647257e-09
1.3651514e-09
1.3645857e-09
1.3644563e-09
1.3651141e-09
1.3649294e-09
1.3638143e-09
1.3656812e-09
1.3652034e-09
1.3646464e-09
1.3640634e-09
1.3641294e-09
1.3642101e-09
1.3647077e-09
1.3642298e-09
1.364879e-09
1.3631113e-09
1.3637305e-09
1.362361e-09
1.3640735e-09
1.363452e-09
1.3641338e-09
1.365045e-09
1.3640794e-09
1.3658733e-09
1.3628076e-09
1.3630457e-09
1.3639393e-09
1.3622891e-09
1.3633576e-09
1.3632196e-09
1.3629055e-09
1.3638422e-09
1.3626548e-09
1.3632495e-09
1.3641065e-09
1.3618821e-09
1.3627409e-09
1.363058e-09
1.3632432e-09
1.3638464e-09
1.3635076e-09
1.3636576e-09
1.3634084e-09
1.3621703e-09
1.3632581e-09
1.361162e-09
1.3629985e-09
1.3632121e-09
1.3624871e-09
1.3646779e-09
1.3640129e-09
1.364609e-09
1.364313e-09
1.3644856e-09
1.3642185e-09
1.3649057e-09
1.3640488e-09
1.3647312e-09
1.3640629e-09
1.3643304e-09
1.3642125e-09
1.3635197e-09
1.3643818e-09
1.3633735e-09
1.3640845e-09
1.3642178e-09
1.3649974e-09
1.3632444e-09
1.3633974e-09
1.3634358e-09
1.3638313e-09
1.3649747e-09
1.364479e-09
1.3633644e-09
1.3627577e-09
1.3638617e-09
1.3632385e-09
1.363369e-09
1.3638556e-09
1.3627109e-09
1.3633283e-09
1.3639161e-09
1.3622251e-09
1.3643432e-09
1.3637429e-09
1.3640437e-09
1.3651812e-09
1.3641352e-09
1.3640308e-09
1.3635637e-09
1.3635424e-09
1.3637647e-09
1.3637543e-09
1.362923e-09
1.3640675e-09
1.3645369e-09
1.3641749e-09
1.364003e-09
1.3639423e-09
1.3632577e-09
1.3631688e-09
1.3636864e-09
1.3637333e-09
1.3631632e-09
1.3643281e-09
1.3628764e-09
1.3644297e-09
1.3638032e-09
1.3638582e-09
1.3639858e-09
1.3645393e-09
1.3648596e-09
1.3643402e-09
1.3644526e-09
1.365342e-09
1.3638725e-09
1.3641075e-09
1.3652466e-09
1.363811e-09
1.3660096e-09
1.3652213e-09
1.3645116e-09
1.3642391e-09
1.3643043e-09
1.3655476e-09
1.3662105e-09
1.365685e-09
1.364068e-09
1.364676e-09
1.3643952e-09
1.3646251e-09
1.3652047e-09
1.3645302e-09
1.3651714e-09
1.3639538e-09
1.3642715e-09
1.364613e-09
1.3655281e-09
1.3644624e-09
1.3647323e-09
1.3648562e-09
1.3629955e-09
1.3643386e-09
1.3649245e-09
1.3639505e-09
1.3648365e-09
1.363505e-09
1.3627802e-09
1.3636867e-09
1.3635464e-09
1.3632232e-09
1.3640561e-09
1.3643155e-09
1.3644094e-09
1.364321e-09
1.364314e-09
1.3641852e-09
1.3642101e-09
1.363699e-09
1.3648872e-09
1.3633752e-09
1.3631868e-09
1.3633934e-09
1.3638251e-09
1.363635e-09
1.3640036e-09
1.3642778e-09
1.3649827e-09
1.3654152e-09
1.3650733e-09
1.365758e-09
1.3659394e-09
1.3647187e-09
1.3648866e-09
1.365218e-09
1.3647024e-09
1.3656912e-09
1.3661785e-09
1.3662881e-09
1.3637831e-09
1.3653109e-09
1.3647952e-09
1.3640663e-09
1.3658104e-09
1.3647909e-09
1.364983e-09
1.364717e-09
1.3649676e-09
1.3655038e-09
1.3645193e-09
1.3624859e-09
1.3647228e-09
1.3649477e-09
1.3641852e-09
1.361801e-09
1.3642288e-09
1.3635293e-09
1.3634052e-09
1.3630965e-09
1.36325e-09
1.3633472e-09
1.3638873e-09
1.363856e-09
1.3637985e-09
1.3626982e-09
1.3630608e-09
1.3641658e-09
1.3633673e-09
1.3640298e-09
1.3637708e-09
1.3636318e-09
1.3639657e-09
1.3637501e-09
1.3622016e-09
1.3633165e-09
1.3628322e-09
1.3639749e-09
1.3640787e-09
1.3638876e-09
1.3640513e-09
1.364076e-09
1.3634798e-09
1.362407e-09
1.3620578e-09
1.3633171e-09
1.3628511e-09
1.3628796e-09
1.3629776e-09
1.3634739e-09
1.3623455e-09
1.3625218e-09
1.3628038e-09
1.3621485e-09
1.3628928e-09
1.3624374e-09
1.3637318e-09
1.363898e-09
1.3640893e-09
1.3646415e-09
1.3635709e-09
1.3648751e-09
1.36506e-09
1.3655944e-09
1.3649464e-09
1.364346e-09
1.3646876e-09
1.365248e-09
1.3641305e-09
1.3646778e-09
1.3660307e-09
1.3657139e-09
1.3662297e-09
1.3652898e-09
1.3654821e-09
1.3656479e-09
1.3651992e-09
1.3650415e-09
1.3651564e-09
1.3654242e-09
1.3645636e-09
1.3645065e-09
1.3652167e-09
1.3642379e-09
1.3640934e-09
1.3633998e-09
1.3641447e-09
1.3637669e-09
1.363637e-09
1.36308e-09
1.3637683e-09
1.3627032e-09
1.3643283e-09
1.3634547e-09
1.3619988e-09
1.3632545e-09
1.3625763e-09
1.3631807e-09
1.3638758e-09
1.3639202e-09
1.3632857e-09
1.3636613e-09
1.3631218e-09
1.3625125e-09
1.3619724e-09
1.3636158e-09
1.362932e-09
1.3619124e-09
1.3643956e-09
1.3631404e-09
1.3631473e-09
1.3616348e-09
1.3611671e-09
1.3622173e-09
1.3618917e-09
1.3619527e-09
1.3636012e-09
1.3615677e-09
1.3606626e-09
1.3613961e-09
1.3626784e-09
1.3620987e-09
1.3614561e-09
1.3622233e-09
1.3616401e-09
1.3614661e-09
1.3632694e-09
1.3635889e-09
1.3630775e-09
1.363528e-09
1.3621219e-09
1.3624966e-09
1.3629973e-09
1.3628634e-09
1.3640983e-09
1.3627391e-09
1.3640844e-09
1.3637456e-09
1.3632631e-09
1.3624682e-09
1.3632196e-09
1.363374e-09
1.3636866e-09
1.3640901e-09
1.364016e-09
1.3614145e-09
1.362976e-09
1.3635263e-09
1.3635136e-09
1.3627911e-09
1.3637239e-09
1.3633131e-09
1.3636543e-09
1.3634586e-09
1.3640703e-09
1.3642335e-09
1.3643936e-09
1.3635393e-09
1.3640068e-09
1.364753e-09
1.3637534e-09
1.363619e-09
1.3640657e-09
1.364176e-09
1.3633172e-09
1.3637256e-09
1.3623339e-09
1.3628177e-09
1.3621551e-09
1.3623807e-09
1.3630936e-09
1.3619077e-09
1.3643523e-09
1.3642657e-09
1.3637265e-09
1.3635455e-09
1.3643107e-09
1.3639585e-09
1.363633e-09
1.3624976e-09
1.3631456e-09
1.3627603e-09
1.3640947e-09
1.3637025e-09
1.363901e-09
1.3632807e-09
1.3629544e-09
1.3624597e-09
1.3642796e-09
1.3629688e-09
1.36454e-09
1.3629711e-09
1.3632696e-09
1.3633057e-09
1.3639123e-09
1.3616683e-09
1.3620075e-09
1.3629556e-09
1.3634838e-09
1.3627333e-09
1.3627396e-09
1.3615878e-09
1.3626245e-09
1.3639396e-09
1.3631409e-09
1.3627526e-09
1.3628695e-09
1.3624502e-09
1.3626705e-09
1.361814e-09
1.3634283e-09
1.3631842e-09
1.3628891e-09
1.3635224e-09
1.362702e-09
1.3628558e-09
1.3634046e-09
1.3626376e-09
1.3637547e-09
1.3625097e-09
1.3625163e-09
1.3634557e-09
1.3630145e-09
1.3638473e-09
1.3639593e-09
1.361912e-09
1.3632789e-09
1.3630113e-09
1.3625653e-09
1.3631288e-09
1.3632083e-09
1.3621279e-09
1.3626428e-09
1.3630674e-09
1.3620769e-09
1.3615878e-09
1.3631271e-09
1.362518e-09
1.3619847e-09
1.3614989e-09
1.3613681e-09
1.3617797e-09
1.3629977e-09
1.3627058e-09
1.3626215e-09
1.3613852e-09
1.3621976e-09
1.3620549e-09
1.3622244e-09
1.3619017e-09
1.3630284e-09
1.3616915e-09
1.3617781e-09
1.3626591e-09
1.3626484e-09
1.3630159e-09
1.3634475e-09
1.3629264e-09
1.3631243e-09
1.3639179e-09
1.3644689e-09
1.3646867e-09
1.364142e-09
1.3634175e-09
1.3632555e-09
1.3649875e-09
1.3634784e-09
1.3630471e-09
1.3647963e-09
1.3639448e-09
1.3644207e-09
1.3656046e-09
1.3638518e-09
1.3641995e-09
1.364117e-09
1.3627927e-09
1.3623869e-09
1.3632461e-09
1.364391e-09
1.3648647e-09
1.3646785e-09
1.365125e-09
1.364029e-09
1.3635852e-09
1.364638e-09
1.3644664e-09
1.3652344e-09
1.3643994e-09
1.3633088e-09
1.3631413e-09
1.3633201e-09
1.3643436e-09
1.3637677e-09
1.3637979e-09
1.3641525e-09
1.3636257e-09
1.363738e-09
1.3642836e-09
1.3634088e-09
1.3624919e-09
1.3629298e-09
1.3633729e-09
1.363537e-09
1.3642029e-09
1.3634134e-09
1.3630097e-09
1.3613433e-09
1.3615055e-09
1.3618917e-09
1.3618907e-09
1.3619902e-09
1.3626599e-09
1.3643698e-09
1.3646828e-09
1.3637296e-09
1.3626628e-09
1.3641474e-09
1.3638212e-09
1.3644965e-09
1.364366e-09
1.3642335e-09
1.3647484e-09
1.3643028e-09
1.3636841e-09
1.3646644e-09
1.3634405e-09
1.3631212e-09
1.3635773e-09
1.3641792e-09
1.3654006e-09
1.3643822e-09
1.3638257e-09
1.3629351e-09
1.3634932e-09
1.3627269e-09
1.3635872e-09
1.3638647e-09
1.36237e-09
1.3647219e-09
1.364574e-09
1.3648698e-09
1.3657587e-09
1.363523e-09
1.3643778e-09
1.3653095e-09
1.3632359e-09
1.3635868e-09
1.364806e-09
1.3644067e-09
1.3632105e-09
1.3641078e-09
1.3650269e-09
1.3651421e-09
1.3642879e-09
1.3644693e-09
1.3645575e-09
1.363478e-09
1.3632988e-09
1.3634837e-09
1.3632671e-09
1.3631898e-09
1.3638114e-09
1.3641257e-09
1.3640205e-09
1.3629378e-09
1.3634056e-09
1.3629043e-09
1.3635119e-09
1.3628884e-09
1.3638495e-09
1.3635524e-09
1.3625622e-09
1.3634697e-09
1.3644584e-09
1.3631672e-09
1.3634007e-09
1.3630113e-09
1.3622916e-09
1.3643381e-09
1.3648194e-09
1.3640649e-09
1.3642191e-09
1.3634168e-09
1.3646809e-09
1.3637851e-09
1.3639394e-09
1.3647904e-09
1.3646315e-09
1.3644501e-09
1.3633272e-09
1.3635469e-09
1.3630802e-09
1.3633153e-09
1.3629285e-09
1.3630712e-09
1.3644952e-09
1.3638335e-09
1.3632296e-09
1.3634164e-09
1.3642509e-09
1.3621427e-09
1.3626463e-09
1.3630328e-09
1.3623158e-09
1.3616275e-09
1.3618292e-09
1.3629258e-09
1.3645495e-09
1.3621656e-09
1.3618573e-09
1.3612845e-09
1.3604037e-09
1.3621678e-09
1.3614799e-09
1.3612902e-09
1.3621013e-09
1.3606889e-09
1.3610705e-09
1.36194e-09
1.3619231e-09
1.3626336e-09
1.3617971e-09
1.3628693e-09
1.3627998e-09
1.362626e-09
1.3625893e-09
1.3622188e-09
1.3622585e-09
1.3629358e-09
1.3600738e-09
1.3629911e-09
1.364271e-09
1.3628901e-09
1.3633746e-09
1.3634294e-09
1.3637519e-09
1.3634556e-09
1.3637417e-09
1.3631262e-09
1.3640359e-09
1.3641249e-09
1.3645248e-09
1.3650685e-09
1.3646801e-09
1.364124e-09
1.3640089e-09
1.3643894e-09
1.3637707e-09
1.3634442e-09
1.3634471e-09
1.3641354e-09
1.3644524e-09
1.3636225e-09
1.3638295e-09
1.3635535e-09
1.3637191e-09
1.36433e-09
1.3630215e-09
1.3630557e-09
1.363289e-09
1.3646848e-09
1.3633642e-09
1.3647091e-09
1.3635042e-09
1.362977e-09
1.3629617e-09
1.3645587e-09
1.3641316e-09
1.3639082e-09
1.364564e-09
1.3643638e-09
1.3639886e-09
1.3643054e-09
1.3654502e-09
1.3651053e-09
1.3645101e-09
1.3656586e-09
1.3653263e-09
1.3636368e-09
1.3648621e-09
1.3638831e-09
1.3644954e-09
1.3632936e-09
1.3621958e-09
1.3641152e-09
1.364455e-09
1.3637071e-09
1.3649829e-09
1.3650825e-09
1.3637682e-09
1.366023e-09
1.365013e-09
1.3650313e-09
1.3643222e-09
1.3639363e-09
1.3634518e-09
1.3641004e-09
1.3630508e-09
1.3637884e-09
1.3639938e-09
1.363111e-09
1.3633659e-09
1.3633776e-09
1.3629682e-09
1.3622784e-09
1.3634811e-09
1.3638929e-09
1.362935e-09
1.3637326e-09
1.3640072e-09
1.3642057e-09
1.3634819e-09
1.3632543e-09
1.3626349e-09
1.3633964e-09
1.3636671e-09
1.3624788e-09
1.3631013e-09
1.3633504e-09
1.3631246e-09
1.3627823e-09
1.3620199e-09
1.3637517e-09
1.3632433e-09
1.3627095e-09
1.363295e-09
1.3623457e-09
1.3619113e-09
1.3617858e-09
1.3613403e-09
1.3638926e-09
1.361721e-09
1.3618869e-09
1.3621791e-09
1.3625711e-09
1.3631519e-09
1.3636989e-09
1.3644603e-09
1.3630242e-09
1.3620658e-09
1.3629816e-09
1.362792e-09
1.3622206e-09
1.3609874e-09
1.3610286e-09
1.3600754e-09
1.3618898e-09
1.3618048e-09
1.3621434e-09
1.3620515e-09
1.3629773e-09
1.3626313e-09
1.3626646e-09
1.3621048e-09
1.3626595e-09
1.3622335e-09
1.3633263e-09
1.3630337e-09
1.3631944e-09
1.3626209e-09
1.3624248e-09
1.3647836e-09
1.3633622e-09
1.3632201e-09
1.3636715e-09
1.3631796e-09
1.3623952e-09
1.3625396e-09
1.363379e-09
1.3630262e-09
1.362218e-09
1.3635787e-09
1.363429e-09
1.3634462e-09
1.3631841e-09
1.3635629e-09
1.3643137e-09
1.3660636e-09
1.3654117e-09
1.3640823e-09
1.3647913e-09
1.3631434e-09
1.3643474e-09
1.3631796e-09
1.3645918e-09
1.3626815e-09
1.3647455e-09
1.3639453e-09
1.3636881e-09
1.3636967e-09
1.3631185e-09
1.36404e-09
1.3650655e-09
1.3659179e-09
1.3631876e-09
1.3644595e-09
1.3635086e-09
1.3646815e-09
1.3634693e-09
1.3647891e-09
1.3635121e-09
1.3629289e-09
1.3634102e-09
1.3637651e-09
1.3631704e-09
1.3639447e-09
1.3639349e-09
1.3647969e-09
1.3644965e-09
1.3641481e-09
1.3643201e-09
1.3653884e-09
1.364055e-09
1.362886e-09
1.3640266e-09
1.3635276e-09
1.3652658e-09
1.3631652e-09
1.363621e-09
1.3636352e-09
1.3633558e-09
1.3634002e-09
1.3630892e-09
1.3640408e-09
1.3638812e-09
1.3627488e-09
1.3637989e-09
1.3643695e-09
1.3637093e-09
1.3631077e-09
1.3644681e-09
1.363646e-09
1.3624312e-09
1.3631568e-09
1.3627454e-09
1.3634517e-09
1.3645426e-09
1.3641779e-09
1.3635751e-09
1.3646934e-09
1.3633306e-09
1.3634361e-09
1.3634859e-09
1.3647208e-09
1.3631299e-09
1.3641329e-09
1.3651861e-09
1.364007e-09
1.3634078e-09
1.3643101e-09
1.3641684e-09
1.3624708e-09
1.3630709e-09
1.364942e-09
1.3638483e-09
1.3652561e-09
1.3631095e-09
1.3629146e-09
1.3636714e-09
1.3631766e-09
1.3637307e-09
1.3642124e-09
1.36259e-09
1.3640696e-09
1.3633009e-09
1.363225e-09
1.36389e-09
1.3635217e-09
1.3641093e-09
1.3636448e-09
1.3642105e-09
1.3637623e-09
1.3651628e-09
1.3634583e-09
1.3621626e-09
1.363119e-09
1.3635322e-09
1.362451e-09
1.3612069e-09
1.363667e-09
1.3634489e-09
1.3623589e-09
1.3627098e-09
1.3630183e-09
1.3623249e-09
1.3622754e-09
1.3617751e-09
1.3624166e-09
1.3627369e-09
1.3628293e-09
1.3627151e-09
1.3629823e-09
1.363489e-09
1.3630256e-09
1.363699e-09
1.3631835e-09
1.3627975e-09
1.3623465e-09
1.3625628e-09
1.3627481e-09
1.3612493e-09
1.3607915e-09
1.3610419e-09
1.3615162e-09
1.3612309e-09
1.3611495e-09
1.3616436e-09
1.361298e-09
1.3619086e-09
1.3615613e-09
1.3604392e-09
1.3619813e-09
1.3616716e-09
1.3618537e-09
1.3616077e-09
1.3608935e-09
1.3622681e-09
1.3617786e-09
1.3630285e-09
1.3625399e-09
1.3626646e-09
1.3633386e-09
1.3630849e-09
1.3631903e-09
1.3630487e-09
1.3627872e-09
1.3630082e-09
1.3625857e-09
1.3619897e-09
1.362724e-09
1.3607651e-09
1.3599964e-09
1.3613869e-09
1.3615471e-09
1.3624942e-09
1.3614228e-09
1.3617777e-09
1.3625838e-09
1.3618582e-09
1.3621732e-09
1.3620585e-09
1.3617162e-09
1.3617965e-09
1.361623e-09
1.3622753e-09
1.3621708e-09
1.3613959e-09
1.361958e-09
1.3621343e-09
1.3627778e-09
1.3620562e-09
1.3621573e-09
1.363579e-09
1.3614175e-09
1.3618516e-09
1.3616914e-09
1.3609129e-09
1.3620511e-09
1.3601861e-09
1.3610039e-09
1.3609714e-09
1.3600573e-09
1.361365e-09
1.3618677e-09
1.3609746e-09
1.3614824e-09
1.3610731e-09
1.3609958e-09
1.3616318e-09
1.3608638e-09
1.3600313e-09
1.3615018e-09
1.3626958e-09
1.3628202e-09
1.3622892e-09
1.3635562e-09
1.3633357e-09
1.3629989e-09
1.3633643e-09
1.3633068e-09
1.3637129e-09
1.3640121e-09
1.3637239e-09
1.3647053e-09
1.3629715e-09
1.362085e-09
1.3631337e-09
1.3625325e-09
1.3629664e-09
1.3631698e-09
1.36295e-09
1.3631232e-09
1.3624223e-09
1.3621889e-09
1.3613886e-09
1.3601711e-09
1.3612618e-09
1.3611551e-09
1.3603996e-09
1.3607863e-09
1.3617516e-09
1.3611652e-09
1.3597269e-09
1.361339e-09
1.3605533e-09
1.3608465e-09
1.360502e-09
1.3608562e-09
1.360872e-09
1.3607954e-09
1.3606876e-09
1.3616923e-09
1.3625882e-09
1.3619383e-09
1.3609189e-09
1.3622733e-09
1.3608136e-09
1.3614345e-09
1.3635538e-09
1.3626927e-09
1.3626403e-09
1.3614229e-09
1.3633875e-09
1.3631407e-09
1.3638608e-09
1.3635514e-09
1.3637779e-09
1.3634173e-09
1.3640837e-09
1.3651793e-09
1.3641274e-09
1.3638526e-09
1.3635564e-09
1.3641936e-09
1.3631281e-09
1.3627004e-09
1.3631435e-09
1.3628131e-09
1.362943e-09
1.3627339e-09
1.3628983e-09
1.3624971e-09
1.362768e-09
1.3636982e-09
1.361759e-09
1.3623611e-09
1.3646085e-09
1.3641648e-09
1.3644547e-09
1.3645756e-09
1.3652157e-09
1.364008e-09
1.3643146e-09
1.3646251e-09
1.3654827e-09
1.3641189e-09
1.3641653e-09
1.3646866e-09
1.3636965e-09
1.3636227e-09
1.3640186e-09
1.3639735e-09
1.3636793e-09
1.3627456e-09
1.3646285e-09
1.3649518e-09
1.3631504e-09
1.362942e-09
1.362228e-09
1.363022e-09
1.3630801e-09
1.3622844e-09
1.3630503e-09
1.3635579e-09
1.3634872e-09
1.3629352e-09
1.3627253e-09
1.3631196e-09
1.3634773e-09
1.3629943e-09
1.3624002e-09
1.3619303e-09
1.3642139e-09
1.3634246e-09
1.3632916e-09
1.3632017e-09
1.3644468e-09
1.3647848e-09
1.3630475e-09
1.3639723e-09
1.3631893e-09
1.3641722e-09
1.3639545e-09
1.3655352e-09
1.3638948e-09
1.3640172e-09
1.3638727e-09
1.3643442e-09
1.3640449e-09
1.3649688e-09
1.3638939e-09
1.36261e-09
1.3634188e-09
1.3644085e-09
1.3633338e-09
1.3636279e-09
1.3629793e-09
1.3628713e-09
1.3629343e-09
1.362899e-09
1.3636519e-09
1.3632171e-09
1.3632161e-09
1.3633157e-09
1.3639134e-09
1.362545e-09
1.3627508e-09
1.3623107e-09
1.3634626e-09
1.3634586e-09
1.3626664e-09
1.3626898e-09
1.3632504e-09
1.3638599e-09
1.3634235e-09
1.364133e-09
1.3624274e-09
1.3631297e-09
1.3627356e-09
1.3625956e-09
1.3629535e-09
1.3613848e-09
1.3618819e-09
1.3630521e-09
1.3632612e-09
1.3620616e-09
1.3626464e-09
1.363654e-09
1.3634999e-09
1.3631029e-09
1.3634265e-09
1.3642989e-09
1.3633972e-09
1.3622738e-09
1.3631136e-09
1.3622854e-09
1.3626904e-09
1.361434e-09
1.3628785e-09
1.36183e-09
1.3623103e-09
1.3627148e-09
1.3622279e-09
1.3617936e-09
1.3621837e-09
1.362377e-09
1.3633357e-09
1.3626543e-09
1.3626397e-09
1.3629127e-09
1.3625177e-09
1.3624463e-09
1.3623871e-09
1.3638347e-09
1.3633925e-09
1.3632634e-09
1.3624601e-09
1.3631719e-09
1.3619683e-09
1.3624173e-09
1.3615755e-09
1.3621108e-09
1.3626608e-09
1.3630751e-09
1.3621226e-09
1.3625652e-09
1.3628711e-09
1.3626609e-09
1.3621031e-09
1.3623452e-09
1.3621041e-09
1.3607336e-09
1.3626233e-09
1.361103e-09
1.3614719e-09
1.3618361e-09
1.3628462e-09
1.3627121e-09
1.3625835e-09
1.3614856e-09
1.3616528e-09
1.3614022e-09
1.3612632e-09
1.3614346e-09
1.3616679e-09
1.3627532e-09
1.3626815e-09
1.361583e-09
1.3616461e-09
1.3620373e-09
1.3615238e-09
1.3615029e-09
1.3620719e-09
1.363361e-09
1.3621806e-09
1.362515e-09
1.3627187e-09
1.3623138e-09
1.3624654e-09
1.3609799e-09
1.3611814e-09
1.3612699e-09
1.3609811e-09
1.3611946e-09
1.3625019e-09
1.3623254e-09
1.3628347e-09
1.3628702e-09
1.3620574e-09
1.3619801e-09
1.3635414e-09
1.3625047e-09
1.3615103e-09
1.3611033e-09
1.3631378e-09
1.3611017e-09
1.3613757e-09
1.3622007e-09
1.3619765e-09
1.3625524e-09
1.3629929e-09
1.3607488e-09
1.3612959e-09
1.3611492e-09
1.3621241e-09
1.3617955e-09
1.3608343e-09
1.3618804e-09
1.3609633e-09
1.3627091e-09
1.3623289e-09
1.3611005e-09
1.3608673e-09
1.3617008e-09
1.3622588e-09
1.3617083e-09
1.363234e-09
1.3622388e-09
1.3610141e-09
1.3628815e-09
1.3623938e-09
1.3615432e-09
1.3618502e-09
1.3636559e-09
1.3633374e-09
1.3621803e-09
1.3630038e-09
1.3632417e-09
1.3630194e-09
1.3618291e-09
1.3632777e-09
1.3642002e-09
1.3640153e-09
1.3625118e-09
1.3621234e-09
1.3619667e-09
1.3627204e-09
1.3607864e-09
1.3624114e-09
1.3630349e-09
1.3630519e-09
1.3624453e-09
1.362343e-09
1.3615614e-09
1.3625816e-09
1.361282e-09
1.3627487e-09
1.363353e-09
1.3638506e-09
1.3631843e-09
1.3640804e-09
1.3639593e-09
1.3628653e-09
1.3627314e-09
1.363947e-09
1.363991e-09
1.3620579e-09
1.3632953e-09
1.3624156e-09
1.3624077e-09
1.362997e-09
1.3615886e-09
1.3625963e-09
1.3625249e-09
1.3613256e-09
1.3622544e-09
1.3621561e-09
1.3629439e-09
1.3622146e-09
1.3607392e-09
1.3617916e-09
1.3621968e-09
1.3634223e-09
1.3632908e-09
1.3632536e-09
1.3625675e-09
1.362465e-09
1.3624181e-09
1.3640018e-09
1.363163e-09
1.3645539e-09
1.3637189e-09
1.3639744e-09
1.3638404e-09
1.3633276e-09
1.3629066e-09
1.3621435e-09
1.3620297e-09
1.3631576e-09
1.3637439e-09
1.3631122e-09
1.3637312e-09
1.3633265e-09
1.3642779e-09
1.3638012e-09
1.3635638e-09
1.363338e-09
1.3640264e-09
1.3628869e-09
1.3633729e-09
1.3634442e-09
1.3621243e-09
1.3624416e-09
1.3638491e-09
1.3630812e-09
1.3624167e-09
1.3633097e-09
1.3629949e-09
1.3617304e-09
1.3625331e-09
1.3621142e-09
1.3625852e-09
1.3618547e-09
1.3624115e-09
1.3618057e-09
1.3624794e-09
1.3612576e-09
1.3620828e-09
1.3619685e-09
1.3628028e-09
1.3622347e-09
1.3615455e-09
1.3625508e-09
1.3618571e-09
1.3618455e-09
1.3613967e-09
1.3612096e-09
1.3612794e-09
1.3613137e-09
1.3616241e-09
1.3627455e-09
1.3626136e-09
1.3625613e-09
1.3622364e-09
1.3618954e-09
1.3603096e-09
1.3613785e-09
1.3618119e-09
1.3612864e-09
1.3619453e-09
1.3616462e-09
1.3613053e-09
1.3607628e-09
1.3598769e-09
1.3621155e-09
1.3611802e-09
1.3607426e-09
1.36141e-09
1.3611063e-09
1.3621844e-09
1.3609535e-09
1.3613762e-09
1.3621858e-09
1.3610043e-09
1.3618185e-09
1.3627692e-09
1.361891e-09
1.3623125e-09
1.361721e-09
1.363054e-09
1.3632382e-09
1.3624067e-09
1.3616259e-09
1.3635277e-09
1.3630803e-09
1.3631082e-09
1.3617458e-09
1.3634095e-09
1.3625352e-09
1.3623207e-09
1.3615604e-09
1.3619059e-09
1.3629083e-09
1.3618162e-09
1.3618373e-09
1.3620002e-09
1.3628989e-09
1.3614987e-09
1.3631007e-09
1.362132e-09
1.3625918e-09
1.3621667e-09
1.3630398e-09
1.3617537e-09
1.3624697e-09
1.3621941e-09
1.3629801e-09
1.3629037e-09
1.3620922e-09
1.3613646e-09
1.3618636e-09
1.3624675e-09
1.3609261e-09
1.3609612e-09
1.3625505e-09
1.3615782e-09
1.3620786e-09
1.3626258e-09
1.362913e-09
1.3619492e-09
1.361835e-09
1.3626404e-09
1.3616924e-09
1.3614299e-09
1.3611542e-09
1.3610455e-09
1.3607088e-09
1.362041e-09
1.3620699e-09
1.3615425e-09
1.3602099e-09
1.3616736e-09
1.3616841e-09
1.360692e-09
1.3612627e-09
1.3607665e-09
1.3614826e-09
1.3615118e-09
1.3616981e-09
1.3611583e-09
1.3609831e-09
1.3621635e-09
1.3618484e-09
1.3609528e-09
1.3603823e-09
1.3606692e-09
1.3609996e-09
1.3614737e-09
1.3620965e-09
1.3613646e-09
1.3606548e-09
1.3624755e-09
1.3620868e-09
1.3613138e-09
1.361719e-09
1.3613393e-09
1.3618514e-09
1.362526e-09
1.3617713e-09
1.3621082e-09
1.3612245e-09
1.3611697e-09
1.3619724e-09
1.3626892e-09
1.3620878e-09
1.3610131e-09
1.3614205e-09
1.363226e-09
1.3619647e-09
1.3622677e-09
1.3608173e-09
1.3614937e-09
1.3619816e-09
1.3617324e-09
1.3629873e-09
1.3630564e-09
1.3630174e-09
1.3632648e-09
1.3626809e-09
1.362493e-09
1.3615934e-09
1.3627892e-09
1.362648e-09
1.3626086e-09
1.3622786e-09
1.3619927e-09
1.3624176e-09
1.3628e-09
1.3635085e-09
1.3626057e-09
1.3615263e-09
1.3628965e-09
1.3628645e-09
1.3620938e-09
1.3631798e-09
1.3623371e-09
1.3608162e-09
1.3612849e-09
1.3612753e-09
1.3603706e-09
1.3618633e-09
1.3613901e-09
1.3613323e-09
1.3612523e-09
1.3616535e-09
1.3609549e-09
1.3633733e-09
1.3620438e-09
1.3619135e-09
1.3619901e-09
1.3624148e-09
1.3623602e-09
1.362654e-09
1.3629512e-09
1.3616103e-09
1.3627083e-09
1.3629176e-09
1.3614084e-09
1.3623803e-09
1.3625786e-09
1.3614552e-09
1.3614119e-09
1.362894e-09
1.3631851e-09
1.3614619e-09
1.3607229e-09
1.3624135e-09
1.3613722e-09
1.3612289e-09
1.3619628e-09
1.3617713e-09
1.3618554e-09
1.3619236e-09
1.362727e-09
1.3616774e-09
1.362738e-09
1.3618583e-09
1.3620425e-09
1.3625533e-09
1.361942e-09
1.3632342e-09
1.3618601e-09
1.3616491e-09
1.3615024e-09
1.362004e-09
1.3629597e-09
1.3618859e-09
1.3615677e-09
1.362397e-09
1.3616694e-09
1.3626942e-09
1.3614385e-09
1.3606622e-09
1.3605901e-09
1.3590827e-09
1.3618868e-09
1.3619258e-09
1.3621453e-09
1.3619075e-09
1.3608444e-09
1.3617214e-09
1.360799e-09
1.3621938e-09
1.3615035e-09
1.3621648e-09
1.3616887e-09
1.3616818e-09
1.360341e-09
1.3609057e-09
1.3620158e-09
1.3604593e-09
1.3613825e-09
1.3606589e-09
1.3610587e-09
1.3606677e-09
1.3601613e-09
1.3594252e-09
1.3604217e-09
1.3617261e-09
1.3605751e-09
1.3603463e-09
1.3619554e-09
1.3614367e-09
1.3611219e-09
1.3625124e-09
1.3612446e-09
1.3621605e-09
1.3611527e-09
1.3599913e-09
1.3608958e-09
1.3619511e-09
1.3607879e-09
1.3602798e-09
1.3594513e-09
1.3607205e-09
1.3605678e-09
1.3597066e-09
1.3596771e-09
1.3595254e-09
1.3599099e-09
1.3597971e-09
1.3597877e-09
1.3607405e-09
1.3597987e-09
1.3594391e-09
1.3591156e-09
1.3598113e-09
1.3595982e-09
1.3599949e-09
1.359679e-09
1.3596861e-09
1.3597971e-09
1.3595475e-09
1.3601897e-09
1.3590106e-09
1.3586007e-09
1.3594577e-09
1.3593592e-09
1.3601347e-09
1.3604977e-09
1.3597283e-09
1.3608755e-09
1.3610458e-09
1.3610367e-09
1.3616909e-09
1.3622904e-09
1.3615677e-09
1.361072e-09
1.361474e-09
1.3612492e-09
1.3616025e-09
1.3616579e-09
1.3613698e-09
1.362669e-09
1.3623617e-09
1.3613601e-09
1.3615271e-09
1.3623779e-09
1.3618245e-09
1.3611e-09
1.3613581e-09
1.3612721e-09
1.3624154e-09
1.3622684e-09
1.3623995e-09
1.361924e-09
1.3622845e-09
1.3617251e-09
1.3629637e-09
1.3619859e-09
1.3619983e-09
1.3617721e-09
1.3616193e-09
1.3629496e-09
1.3614135e-09
1.3620914e-09
1.3634823e-09
1.3623962e-09
1.3629329e-09
1.3627575e-09
1.3627505e-09
1.3625902e-09
1.3618863e-09
1.3619743e-09
1.362802e-09
1.3615934e-09
1.3602001e-09
1.3621212e-09
1.3618284e-09
1.3617178e-09
1.3608902e-09
1.3615123e-09
1.362534e-09
1.3616609e-09
1.3613831e-09
1.3612973e-09
1.3623985e-09
1.3616277e-09
1.362234e-09
1.3628452e-09
1.3632426e-09
1.3624183e-09
1.3628171e-09
1.3621105e-09
1.3610263e-09
1.3616648e-09
1.361847e-09
1.3617873e-09
1.3613952e-09
1.3614285e-09
1.3607486e-09
1.3619366e-09
1.3629913e-09
1.3622812e-09
1.3619498e-09
1.3616911e-09
1.3618756e-09
1.3611635e-09
1.3606183e-09
1.3622583e-09
1.3620912e-09
1.3613207e-09
1.3619437e-09
1.3605781e-09
1.3594819e-09
1.3618012e-09
1.3614092e-09
1.3605411e-09
1.3603964e-09
1.3617778e-09
1.3616356e-09
1.3620345e-09
1.3624752e-09
1.3625553e-09
1.3624742e-09
1.3616718e-09
1.3620177e-09
1.3602723e-09
1.3617829e-09
1.3616402e-09
1.3615216e-09
1.3618122e-09
1.3606948e-09
1.3615002e-09
1.3619407e-09
1.3624474e-09
1.3617325e-09
1.3625868e-09
1.3605352e-09
1.3612831e-09
1.3607356e-09
1.3611795e-09
1.3608779e-09
1.360081e-09
1.3616048e-09
1.362216e-09
1.3614662e-09
1.3610826e-09
1.3609661e-09
1.3613323e-09
1.3604884e-09
1.3606348e-09
1.3601693e-09
1.361636e-09
1.3606214e-09
1.3600894e-09
1.3618515e-09
1.3622359e-09
1.3613981e-09
1.3619714e-09
1.3613803e-09
1.3622904e-09
1.3623604e-09
1.3628179e-09
1.3635517e-09
1.3624231e-09
1.3608463e-09
1.3614405e-09
1.3613468e-09
1.3618385e-09
1.3618708e-09
1.3616133e-09
1.3624279e-09
1.3618919e-09
1.3606895e-09
1.3611725e-09
1.3604612e-09
1.361015e-09
1.361136e-09
1.3626864e-09
1.3617343e-09
1.3609921e-09
1.3605989e-09
1.3614642e-09
1.3609254e-09
1.3604106e-09
1.3598498e-09
1.3610562e-09
1.360732e-09
1.3605934e-09
1.3607989e-09
1.3618729e-09
1.3615404e-09
1.3611381e-09
1.3609106e-09
1.3607683e-09
1.3610781e-09
1.3611305e-09
1.361812e-09
1.3608047e-09
1.3592426e-09
1.3608347e-09
1.3615652e-09
1.360448e-09
1.3605084e-09
1.3624858e-09
1.3620689e-09
1.3620971e-09
1.3612144e-09
1.3603895e-09
1.3615259e-09
1.3624162e-09
1.3614501e-09
1.3613579e-09
1.363251e-09
1.3613636e-09
1.3616499e-09
1.3617262e-09
1.3623564e-09
1.362233e-09
1.3605069e-09
1.3618613e-09
1.3610506e-09
1.3608674e-09
1.3611111e-09
1.361067e-09
1.3602411e-09
1.358357e-09
1.3605975e-09
1.360505e-09
1.3606604e-09
1.3619708e-09
1.3626853e-09
1.361725e-09
1.3609531e-09
1.3607174e-09
1.3612125e-09
1.3629764e-09
1.3603124e-09
1.3607755e-09
1.36133e-09
1.3602424e-09
1.3601545e-09
1.3610123e-09
1.3614655e-09
1.3621271e-09
1.3620467e-09
1.3624827e-09
1.3622273e-09
1.3615986e-09
1.3619921e-09
1.3617928e-09
1.3614e-09
1.3607975e-09
1.3614099e-09
1.3618346e-09
1.3617331e-09
1.3620173e-09
1.3610519e-09
1.3610946e-09
1.3615397e-09
1.3615414e-09
1.3609838e-09
1.35905e-09
1.3613658e-09
1.3608858e-09
1.361376e-09
1.361064e-09
1.3611839e-09
1.3607103e-09
1.3609316e-09
1.3626661e-09
1.3616351e-09
1.3608862e-09
1.3613188e-09
1.3602369e-09
1.3597207e-09
1.3593298e-09
1.3596804e-09
1.361729e-09
1.3610664e-09
1.3616986e-09
1.3610736e-09
1.3613615e-09
1.3610738e-09
1.3604528e-09
1.3616513e-09
1.360307e-09
1.3600485e-09
1.3611642e-09
1.3618702e-09
1.3609646e-09
1.3610926e-09
1.3613516e-09
1.3606732e-09
1.3616168e-09
1.3606256e-09
1.3608547e-09
1.360368e-09
1.3623811e-09
1.3607871e-09
1.3626625e-09
1.3624911e-09
1.3629884e-09
1.3626662e-09
1.3630431e-09
1.3623991e-09
1.3635675e-09
1.3632424e-09
1.3626391e-09
1.3616496e-09
1.3599312e-09
1.36157e-09
1.3609268e-09
1.3630046e-09
1.3631957e-09
1.3626522e-09
1.3605429e-09
1.3609053e-09
1.361759e-09
1.360284e-09
1.36056e-09
1.3616372e-09
1.3609928e-09
1.3607985e-09
1.3601724e-09
1.3608289e-09
1.3610848e-09
1.3604597e-09
1.3597508e-09
1.3613422e-09
1.360556e-09
1.3607026e-09
1.3605472e-09
1.3601974e-09
1.3606177e-09
1.3608163e-09
1.3620546e-09
1.3608201e-09
1.3611351e-09
1.3620126e-09
1.3616194e-09
1.3614115e-09
1.3616334e-09
1.3616384e-09
1.3624997e-09
1.3615964e-09
1.3614372e-09
1.3616506e-09
1.3625756e-09
1.3632465e-09
1.3632186e-09
1.3633419e-09
1.3644234e-09
1.3622267e-09
1.3616105e-09
1.3614569e-09
1.3609528e-09
1.3617774e-09
1.3612564e-09
1.3602772e-09
1.3616503e-09
1.3630161e-09
1.3623983e-09
1.3632329e-09
1.3621084e-09
1.3616446e-09
1.3620847e-09
1.3620438e-09
1.3615259e-09
1.3617569e-09
1.3620504e-09
1.3614447e-09
1.3624956e-09
1.3618874e-09
1.3616416e-09
1.3637924e-09
1.3626912e-09
1.3636169e-09
1.364278e-09
1.3625684e-09
1.3624213e-09
1.3640051e-09
1.3629791e-09
1.3630401e-09
1.3628951e-09
1.3618022e-09
1.362236e-09
1.3631989e-09
1.3621789e-09
1.3609665e-09
1.3615072e-09
1.3623452e-09
1.3623618e-09
1.3598236e-09
1.3586429e-09
1.3615533e-09
1.3609978e-09
1.3606439e-09
1.3612123e-09
1.3599375e-09
1.3605881e-09
1.3614249e-09
1.3597513e-09
1.3607191e-09
1.3605259e-09
1.3595621e-09
1.361392e-09
1.3614812e-09
1.3617321e-09
1.3611803e-09
1.3622993e-09
1.3632958e-09
1.3619567e-09
1.3620076e-09
1.3631142e-09
1.3622136e-09
1.3622424e-09
1.3633096e-09
1.3620901e-09
1.3622702e-09
1.3630559e-09
1.3624665e-09
1.3632629e-09
1.3634289e-09
1.3628764e-09
1.3634153e-09
1.3641714e-09
1.3633608e-09
1.3646876e-09
1.3637249e-09
1.3631927e-09
1.363486e-09
1.3624278e-09
1.3634035e-09
1.3626806e-09
1.3636249e-09
1.3625583e-09
1.3615828e-09
1.3627879e-09
1.3632814e-09
1.3640677e-09
1.3633999e-09
1.364329e-09
1.3619784e-09
1.3624846e-09
1.3639633e-09
1.3628784e-09
1.3631313e-09
1.3640541e-09
1.3638437e-09
1.3637361e-09
1.3629737e-09
1.3631037e-09
1.3618259e-09
1.3638408e-09
1.3627057e-09
1.3621043e-09
1.3631218e-09
1.3624613e-09
1.362596e-09
1.3636511e-09
1.3631631e-09
1.3621668e-09
1.3632705e-09
1.3633171e-09
1.362083e-09
1.3621467e-09
1.3628464e-09
1.361901e-09
1.3629455e-09
1.3619083e-09
1.3611605e-09
1.3627959e-09
1.3620585e-09
1.3625867e-09
1.3614542e-09
1.3618842e-09
1.3622016e-09
1.3618343e-09
1.3609462e-09
1.3610734e-09
1.3619942e-09
1.3616567e-09
1.362555e-09
1.3629009e-09
1.3621573e-09
1.360218e-09
1.3607194e-09
1.3622549e-09
1.3617401e-09
1.362694e-09
1.3620787e-09
1.36209e-09
1.3624664e-09
1.3623329e-09
1.3615949e-09
1.360637e-09
1.3614846e-09
1.3617089e-09
1.3614928e-09
1.3619336e-09
1.360933e-09
1.3623513e-09
1.36244e-09
1.3616954e-09
1.3613941e-09
1.3617832e-09
1.3619328e-09
1.3626993e-09
1.3627101e-09
1.362999e-09
1.3632974e-09
1.3622339e-09
1.3619803e-09
1.3616749e-09
1.3612382e-09
1.3616579e-09
1.3617057e-09
1.3611716e-09
1.3620985e-09
1.3615277e-09
1.3610558e-09
1.3600188e-09
1.3607322e-09
1.3602843e-09
1.3596982e-09
1.3613769e-09
1.3608153e-09
1.3606887e-09
1.3598261e-09
1.3593854e-09
1.3603987e-09
1.3596342e-09
1.3599533e-09
1.3607719e-09
1.3610291e-09
1.3609082e-09
1.3606499e-09
1.3614403e-09
1.36106e-09
1.3607345e-09
1.3604862e-09
1.3621203e-09
1.3619993e-09
1.362394e-09
1.3622878e-09
1.3610582e-09
1.3618621e-09
1.3612477e-09
1.3603176e-09
1.3606659e-09
1.3610542e-09
1.3606316e-09
1.3604127e-09
1.3609024e-09
1.3606707e-09
1.3603298e-09
1.3609514e-09
1.3618555e-09
1.3602082e-09
1.3616315e-09
1.3614884e-09
1.3609186e-09
1.3612337e-09
1.3611244e-09
1.3617045e-09
1.3624939e-09
1.3621636e-09
1.3611061e-09
1.3615373e-09
1.3615498e-09
1.360988e-09
1.3622845e-09
1.3607365e-09
1.3593897e-09
1.3604436e-09
1.3626438e-09
1.3606023e-09
1.3613639e-09
1.3619931e-09
1.3619926e-09
1.3610741e-09
1.3613668e-09
1.3623914e-09
1.3629123e-09
1.363004e-09
1.361931e-09
1.3633137e-09
1.3618715e-09
1.3608166e-09
1.3631369e-09
1.3631117e-09
1.362271e-09
1.3614986e-09
1.3605256e-09
1.3615273e-09
1.3619816e-09
1.3609834e-09
1.3616578e-09
1.3618654e-09
1.3610567e-09
1.3612383e-09
1.3632171e-09
1.3631108e-09
1.3630388e-09
1.3625734e-09
1.3618594e-09
1.3634185e-09
1.3619953e-09
1.3617117e-09
1.3620486e-09
1.364361e-09
1.3622463e-09
1.3630657e-09
1.3615421e-09
1.3620783e-09
1.3624043e-09
1.3620928e-09
1.3620305e-09
1.3627055e-09
1.3623956e-09
1.3632657e-09
1.36262e-09
1.3625727e-09
1.363039e-09
1.3630134e-09
1.3625808e-09
1.3632895e-09
1.3625213e-09
1.3620254e-09
1.3635258e-09
1.3633801e-09
1.3626847e-09
1.363464e-09
1.3627639e-09
1.3620154e-09
1.3627099e-09
1.3639705e-09
1.3640288e-09
1.3617122e-09
1.3638358e-09
1.3616548e-09
1.3622946e-09
1.3613858e-09
1.3622597e-09
1.3617452e-09
1.3622171e-09
1.3611799e-09
1.3611289e-09
1.3615238e-09
1.3630396e-09
1.3617224e-09
1.3604735e-09
1.3618751e-09
1.3631045e-09
1.3615302e-09
1.3622623e-09
1.3618965e-09
1.3627107e-09
1.3636521e-09
1.3635358e-09
1.363778e-09
1.3630341e-09
1.3643672e-09
1.3626826e-09
1.3633624e-09
1.3632309e-09
1.3636831e-09
1.3641255e-09
1.3620299e-09
1.3626452e-09
1.3635704e-09
1.3627971e-09
1.3625872e-09
1.3631024e-09
1.3631632e-09
1.3628618e-09
1.3627071e-09
1.3624705e-09
1.3611829e-09
1.3617367e-09
1.3630561e-09
1.3628833e-09
1.3626399e-09
1.3607512e-09
1.3621825e-09
1.3625713e-09
1.3616543e-09
1.3633478e-09
1.3622673e-09
1.3626e-09
1.3620574e-09
1.3627335e-09
1.3621294e-09
1.3639132e-09
1.3638377e-09
1.3630932e-09
1.3632566e-09
1.3621319e-09
1.3626583e-09
1.3619402e-09
1.3612247e-09
1.3623895e-09
1.3618461e-09
1.3618996e-09
1.3613568e-09
1.36115e-09
1.3621071e-09
1.3625462e-09
1.3612049e-09
1.360262e-09
1.3598478e-09
1.3598709e-09
1.3611148e-09
1.3612464e-09
1.3628166e-09
1.3615095e-09
1.3608175e-09
1.3622382e-09
1.3617458e-09
1.3604983e-09
1.3620987e-09
1.3620862e-09
1.3626396e-09
1.3620105e-09
1.3613926e-09
1.3628486e-09
1.3628263e-09
1.3620731e-09
1.363029e-09
1.3620677e-09
1.3622968e-09
1.3614762e-09
1.3618816e-09
1.3619313e-09
1.3624428e-09
1.3639518e-09
1.3618432e-09
1.3620572e-09
1.3612894e-09
1.3617459e-09
1.3616801e-09
1.3623693e-09
1.3612618e-09
1.3604365e-09
1.3609475e-09
1.360696e-09
1.3608514e-09
1.3615042e-09
1.3613541e-09
1.3602069e-09
1.3610929e-09
1.3618054e-09
1.3616528e-09
1.3603325e-09
1.3615014e-09
1.3615438e-09
1.3620055e-09
1.3611241e-09
1.3605728e-09
1.3616794e-09
1.3617371e-09
1.3617163e-09
1.3619832e-09
1.3610238e-09
1.3613282e-09
1.3614426e-09
1.3613416e-09
1.3619327e-09
1.3602378e-09
1.3608121e-09
1.361297e-09
1.3595776e-09
1.3593799e-09
1.3590662e-09
1.3592347e-09
1.3594347e-09
1.3590808e-09
1.3588135e-09
1.3604343e-09
1.3599215e-09
1.3595465e-09
1.3592649e-09
1.3608559e-09
1.3606282e-09
1.3600856e-09
1.360642e-09
1.3610494e-09
1.3603614e-09
1.3606747e-09
1.360925e-09
1.3618494e-09
1.3608883e-09
1.3615427e-09
1.3623106e-09
1.36287e-09
1.3628971e-09
1.360662e-09
1.3621381e-09
1.3604058e-09
1.360405e-09
1.3611295e-09
1.3612529e-09
1.3616646e-09
1.361264e-09
1.3617643e-09
1.3599694e-09
1.3607924e-09
1.3612075e-09
1.3615122e-09
1.3613991e-09
1.3615388e-09
1.3610749e-09
1.3612287e-09
1.3603532e-09
1.3604869e-09
1.3617415e-09
1.3629385e-09
1.3616993e-09
1.3614012e-09
1.3623579e-09
1.3616243e-09
1.3605436e-09
1.3613654e-09
1.3594239e-09
1.3612216e-09
1.360664e-09
1.3598711e-09
1.360708e-09
1.3608069e-09
1.3599979e-09
1.36023e-09
1.3606122e-09
1.3602282e-09
1.3604189e-09
1.3603279e-09
1.3601037e-09
1.3608851e-09
1.3602376e-09
1.359714e-09
1.3600071e-09
1.3603371e-09
1.359619e-09
1.3613539e-09
1.3599816e-09
1.3587825e-09
1.3596535e-09
1.357585e-09
1.3595475e-09
1.3592056e-09
1.3604159e-09
1.3602924e-09
1.3597564e-09
1.3604868e-09
1.3605772e-09
1.3599118e-09
1.3611963e-09
1.3600977e-09
1.3606485e-09
1.3610961e-09
1.3619365e-09
1.3613168e-09
1.3615243e-09
1.3606788e-09
1.3614069e-09
1.3621055e-09
1.3620635e-09
1.3619836e-09
1.3620883e-09
1.3609454e-09
1.3614369e-09
1.3616799e-09
1.362193e-09
1.3620109e-09
1.3620286e-09
1.3614627e-09
1.3613984e-09
1.3607112e-09
1.3616184e-09
1.3611875e-09
1.3610993e-09
1.3596771e-09
1.3603959e-09
1.3609099e-09
1.3593949e-09
1.3612024e-09
1.361029e-09
1.3611218e-09
1.3607375e-09
1.3594561e-09
1.3605668e-09
1.3616636e-09
1.3605611e-09
1.360372e-09
1.3606503e-09
1.361059e-09
1.3615467e-09
1.3601983e-09
1.3606961e-09
1.3613223e-09
1.3607778e-09
1.3601105e-09
1.360604e-09
1.3597899e-09
1.3605331e-09
1.3597191e-09
1.3603874e-09
1.360639e-09
1.3606716e-09
1.3601514e-09
1.3600762e-09
1.3612196e-09
1.3611559e-09
1.3593873e-09
1.3602087e-09
1.3600023e-09
1.3607627e-09
1.36029e-09
1.3604858e-09
1.3603859e-09
1.3602776e-09
1.3599708e-09
1.3596989e-09
1.3607034e-09
1.3596795e-09
1.3609267e-09
1.3600936e-09
1.3610139e-09
1.3610026e-09
1.3594897e-09
1.3595972e-09
1.3602741e-09
1.3606613e-09
1.3612984e-09
1.3608515e-09
1.3607536e-09
1.3607804e-09
1.3601787e-09
1.3617635e-09
1.3617756e-09
1.3612326e-09
1.3606732e-09
1.3608437e-09
1.3621105e-09
1.3602428e-09
1.360203e-09
1.3603888e-09
1.3604892e-09
1.3600107e-09
1.3593549e-09
1.3588559e-09
1.3599055e-09
1.3589362e-09
1.3590626e-09
1.3590309e-09
1.359569e-09
1.3589868e-09
1.3589956e-09
1.3593309e-09
1.3590331e-09
1.3587694e-09
1.3591991e-09
1.3595897e-09
1.3591527e-09
1.3587375e-09
1.3607383e-09
1.3592295e-09
1.3596694e-09
1.3587401e-09
1.3596824e-09
1.3605727e-09
1.3601964e-09
1.3607429e-09
1.3593927e-09
1.3590239e-09
1.358702e-09
1.3598254e-09
1.359025e-09
1.3584394e-09
1.358293e-09
1.3600779e-09
1.3595641e-09
1.3592697e-09
1.3599301e-09
1.3586792e-09
1.3595318e-09
1.3582981e-09
1.359567e-09
1.3591529e-09
1.3583372e-09
1.3591483e-09
1.3595894e-09
1.3596649e-09
1.3587894e-09
1.359003e-09
1.3591085e-09
1.3585544e-09
1.3599731e-09
1.358564e-09
1.3599404e-09
1.3597296e-09
1.3591153e-09
1.3581952e-09
1.3597823e-09
1.3604293e-09
1.3591577e-09
1.3589725e-09
1.3596912e-09
1.3598648e-09
1.3602766e-09
1.3601543e-09
1.3586455e-09
1.3598909e-09
1.3601169e-09
1.3596666e-09
1.3610407e-09
1.3594837e-09
1.3602326e-09
1.3603926e-09
1.3597854e-09
1.3587862e-09
1.358977e-09
1.3593148e-09
1.3595001e-09
1.3587369e-09
1.3588725e-09
1.3590736e-09
1.3591485e-09
1.3590277e-09
1.358862e-09
1.3595065e-09
1.3574911e-09
1.35898e-09
1.3585653e-09
1.3590353e-09
1.3601412e-09
1.357831e-09
1.3602788e-09
1.3591359e-09
1.3607444e-09
1.3597251e-09
1.3595448e-09
1.361028e-09
1.3607943e-09
1.3602507e-09
1.3601719e-09
1.3610127e-09
1.3604193e-09
1.3608648e-09
1.3596118e-09
1.359476e-09
1.3595493e-09
1.3602194e-09
1.3579107e-09
1.359313e-09
1.3591747e-09
1.3590132e-09
1.3594023e-09
1.3580809e-09
1.3585705e-09
1.3587154e-09
1.3592774e-09
1.3598384e-09
1.3603519e-09
1.3589692e-09
1.359342e-09
1.3598653e-09
1.3601203e-09
1.3608503e-09
1.3601903e-09
1.3604475e-09
1.3609955e-09
1.3593308e-09
1.3596709e-09
1.3596199e-09
1.3606377e-09
1.3591722e-09
1.3600157e-09
1.3601662e-09
1.359301e-09
1.3591587e-09
1.3596505e-09
1.3597681e-09
1.3597399e-09
1.3587497e-09
1.358713e-09
1.3585846e-09
1.3603821e-09
1.3600256e-09
1.3606403e-09
1.3603444e-09
1.3613717e-09
1.3606626e-09
1.3619658e-09
1.3595775e-09
1.3595703e-09
1.3598976e-09
1.3606074e-09
1.3608676e-09
1.3607019e-09
1.3608701e-09
1.3601509e-09
1.3602417e-09
1.3611483e-09
1.361481e-09
1.3615797e-09
1.3612047e-09
1.3605989e-09
1.3592373e-09
1.3599408e-09
1.3590835e-09
1.3593009e-09
1.3601643e-09
1.3609798e-09
1.3593122e-09
1.359683e-09
1.3596786e-09
1.3598874e-09
1.3601522e-09
1.3592535e-09
1.3603996e-09
1.3609647e-09
1.3606791e-09
1.3603332e-09
1.3596846e-09
1.3597146e-09
1.3600259e-09
1.3584148e-09
1.3606315e-09
1.3592897e-09
1.3597312e-09
1.3597966e-09
1.3602796e-09
1.3598636e-09
1.3598168e-09
1.3603285e-09
1.3600543e-09
1.3605147e-09
1.3596165e-09
1.3600008e-09
1.3612552e-09
1.3609232e-09
1.360331e-09
1.3601565e-09
1.3606204e-09
1.3603619e-09
1.3609457e-09
1.3603236e-09
1.3588705e-09
1.3606121e-09
1.3608e-09
1.3598007e-09
1.3604187e-09
1.3594811e-09
1.3596956e-09
1.3605466e-09
1.3606167e-09
1.3603644e-09
1.3607041e-09
1.3590646e-09
1.3595631e-09
1.3587906e-09
1.3592917e-09
1.359346e-09
1.3595884e-09
1.3603819e-09
1.3608786e-09
1.3601047e-09
1.3606257e-09
1.3610219e-09
1.3612631e-09
1.3599974e-09
1.3601592e-09
1.359561e-09
1.3605618e-09
1.3596562e-09
1.3605577e-09
1.359815e-09
1.3605899e-09
1.3605572e-09
1.3608218e-09
1.3601036e-09
1.3611823e-09
1.3614233e-09
1.3619237e-09
1.3613988e-09
1.3599951e-09
1.3610695e-09
1.3596754e-09
1.3604337e-09
1.3615431e-09
1.3620935e-09
1.3620935e-09
1.3606065e-09
1.3604313e-09
1.3605618e-09
1.3592626e-09
1.3607074e-09
1.3603305e-09
1.361367e-09
1.3598755e-09
1.3594207e-09
1.3593608e-09
1.3603956e-09
1.3598626e-09
1.3596568e-09
1.3595973e-09
1.358981e-09
1.3590442e-09
1.3595265e-09
1.3592815e-09
1.3591283e-09
1.3589599e-09
1.3589958e-09
1.3592588e-09
1.3585135e-09
1.3594023e-09
1.358583e-09
1.3587359e-09
1.3598351e-09
1.358597e-09
1.3594416e-09
1.3593691e-09
