-3.0316947e-11
-2.9860135e-11
-3.0824676e-11
-3.0040817e-11
-3.0012916e-11
-3.0977203e-11
-3.0817644e-11
-3.1795989e-11
-3.0682193e-11
-3.0188723e-11
-3.0924659e-11
-3.0803728e-11
-3.1222618e-11
-3.1378865e-11
-3.0716457e-11
-3.0808835e-11
-3.0895602e-11
-3.1310333e-11
-3.0519257e-11
-3.0792587e-11
-3.117823e-11
-3.0982533e-11
-3.0982127e-11
-3.0612918e-11
-3.0228788e-11
-3.0894228e-11
-3.0512162e-11
-3.046104e-11
-2.9785289e-11
-3.0387297e-11
-3.0125985e-11
-3.1044917e-11
-3.1430081e-11
-3.1122532e-11
-3.114765e-11
-3.1266757e-11
-3.1182185e-11
-3.1053361e-11
-3.0082679e-11
-3.1008481e-11
-3.0196502e-11
-3.060404e-11
-3.1081051e-11
-2.973349e-11
-3.101288e-11
-2.9704555e-11
-3.0243807e-11
-3.026121e-11
-3.029433e-11
-3.1006728e-11
-3.0322557e-11
-3.0709282e-11
-3.0865345e-11
-3.0681527e-11
-3.1455959e-11
-3.1225685e-11
-3.0767167e-11
-3.0208287e-11
-3.0811673e-11
-3.0136518e-11
-3.0453522e-11
-3.0367125e-11
-3.0981717e-11
-3.0693153e-11
-3.0436161e-11
-3.0511552e-11
-3.0853622e-11
-3.1151238e-11
-3.040412e-11
-3.0959433e-11
-3.1189013e-11
-3.1129637e-11
-3.0668364e-11
-3.0743533e-11
-3.1088927e-11
-3.0773786e-11
-2.9967456e-11
-3.0545948e-11
-3.086725e-11
-3.0559544e-11
-3.0001741e-11
-3.0287339e-11
-3.0549691e-11
-3.0469058e-11
-3.0713869e-11
-3.0583171e-11
-3.0456217e-11
-3.131349e-11
-3.0667066e-11
-3.1408532e-11
-3.1022206e-11
-3.1022459e-11
-3.0772943e-11
-3.0811836e-11
-3.090158e-11
-3.0129791e-11
-3.1135546e-11
-3.1029273e-11
-2.997359e-11
-3.0781527e-11
-3.0928021e-11
-3.0860443e-11
-3.0878303e-11
-3.0838415e-11
-3.1081537e-11
-3.0727636e-11
-3.0489718e-11
-3.095138e-11
-3.0210764e-11
-3.0933613e-11
-3.0264541e-11
-3.0188237e-11
-3.1083826e-11
-3.0065218e-11
-3.0685926e-11
-3.0718855e-11
-3.080133e-11
-3.1496361e-11
-3.0594059e-11
-3.1372915e-11
-3.0376625e-11
-3.0412523e-11
-3.1336485e-11
-3.1145381e-11
-3.1100629e-11
-3.1317865e-11
-3.1496222e-11
-3.187171e-11
-3.1326039e-11
-3.1294255e-11
-3.1962058e-11
-3.1151321e-11
-3.154231e-11
-3.1325508e-11
-3.1189565e-11
-3.0935851e-11
-3.0810906e-11
-3.0737246e-11
-3.0364128e-11
-3.0871534e-11
-3.14412e-11
-3.1196355e-11
-3.0885131e-11
-3.0537618e-11
-3.0836712e-11
-2.9904645e-11
-3.0497573e-11
-3.088815e-11
-3.0611388e-11
-3.0242926e-11
-3.0059906e-11
-3.0888916e-11
-3.0554399e-11
-3.0945843e-11
-3.0868422e-11
-3.0145515e-11
-3.0184025e-11
-3.0377319e-11
-3.0667972e-11
-3.0521616e-11
-3.0921446e-11
-3.048976e-11
-3.0743255e-11
-3.0279629e-11
-3.0170148e-11
-3.0616273e-11
-2.9947489e-11
-3.0670317e-11
-3.0423584e-11
-3.0644005e-11
-2.9914817e-11
-3.0517353e-11
-3.0856769e-11
-2.9037755e-11
-3.0452006e-11
-3.0248679e-11
-2.9676157e-11
-3.0109085e-11
-3.0129281e-11
-3.0292584e-11
-3.0398357e-11
-3.0191172e-11
-3.0878314e-11
-3.0445986e-11
-3.1422212e-11
-3.1094172e-11
-3.0580465e-11
-3.1252535e-11
-2.997837e-11
-3.0799648e-11
-3.0874116e-11
-3.0972429e-11
-3.1447678e-11
-3.1745599e-11
-3.1436916e-11
-3.1495025e-11
-3.1175642e-11
-3.0902437e-11
-3.0788958e-11
-3.1369473e-11
-3.1244216e-11
-3.096522e-11
-3.0768839e-11
-3.0757046e-11
-3.1134394e-11
-3.0616128e-11
-3.0932524e-11
-3.0757449e-11
-2.9395854e-11
-3.0508429e-11
-3.0051458e-11
-3.0433305e-11
-3.0043863e-11
-3.0268534e-11
-3.0670636e-11
-2.9976275e-11
-3.0357907e-11
-3.1124426e-11
-3.01425e-11
-3.1215933e-11
-3.0451603e-11
-3.0279168e-11
-3.1029877e-11
-3.0379272e-11
-3.0630751e-11
-3.0300266e-11
-3.030234e-11
-3.0791404e-11
-3.0033451e-11
-2.9637862e-11
-3.0823417e-11
-2.9718571e-11
-3.0582762e-11
-3.027165e-11
-3.0152485e-11
-3.0106542e-11
-3.0119164e-11
-3.0738502e-11
-3.0189809e-11
-3.0440421e-11
-3.1026893e-11
-3.0024955e-11
-3.0223709e-11
-3.0035443e-11
-3.0701396e-11
-3.0115018e-11
-3.079902e-11
-3.0267882e-11
-3.0467913e-11
-3.0773419e-11
-3.0069842e-11
-3.0300928e-11
-3.0655506e-11
-3.0636646e-11
-3.0631334e-11
-3.1161684e-11
-3.0943793e-11
-3.0059899e-11
-3.0811652e-11
-3.0943737e-11
-3.0896192e-11
-3.1156081e-11
-3.0934925e-11
-3.0683921e-11
-3.0684434e-11
-2.9920778e-11
-3.080013e-11
-3.0579202e-11
-3.0030686e-11
-3.0633912e-11
-3.0394336e-11
-3.1373772e-11
-3.0901285e-11
-2.9909328e-11
-3.0935927e-11
-3.0443866e-11
-3.0323997e-11
-3.119225e-11
-3.0839397e-11
-3.1745131e-11
-3.1730955e-11
-3.0965338e-11
-3.1467867e-11
-3.0340636e-11
-3.1219621e-11
-3.160612e-11
-3.0948386e-11
-3.2024682e-11
-3.0772218e-11
-3.1715301e-11
-3.1197992e-11
-3.1097996e-11
-3.1499806e-11
-3.2009961e-11
-3.1385585e-11
-3.1247015e-11
-3.0941198e-11
-3.0792681e-11
-3.1230407e-11
-3.0809435e-11
-3.1075618e-11
-3.1371711e-11
-3.1270379e-11
-3.1123996e-11
-3.15021e-11
-3.1011721e-11
-3.1095907e-11
-3.1276544e-11
-3.1448427e-11
-3.1751383e-11
-3.1027875e-11
-3.1281994e-11
-3.0926317e-11
-3.1655067e-11
-3.1859217e-11
-3.1080458e-11
-3.1937144e-11
-3.0944729e-11
-3.1088871e-11
-3.2076633e-11
-3.0576659e-11
-3.1826625e-11
-3.138733e-11
-3.101893e-11
-3.0967631e-11
-3.1210978e-11
-3.1372942e-11
-3.2080411e-11
-3.0536369e-11
-3.1393051e-11
-3.1513559e-11
-3.0521814e-11
-3.1152764e-11
-3.0225898e-11
-3.1188302e-11
-3.1336884e-11
-3.0617505e-11
-3.1486272e-11
-3.0754677e-11
-3.180594e-11
-3.1628481e-11
-3.0858118e-11
-3.1663897e-11
-3.096319e-11
-3.0311077e-11
-3.1048126e-11
-3.1505049e-11
-3.1032815e-11
-3.0731678e-11
-3.0445382e-11
-3.0587147e-11
-3.0481513e-11
-3.0686519e-11
-3.0780982e-11
-3.1348445e-11
-3.0837055e-11
-3.0996476e-11
-3.1639052e-11
-3.1597412e-11
-3.0726418e-11
-3.0304731e-11
-3.1265844e-11
-3.1363512e-11
-3.0754767e-11
-3.0593847e-11
-3.1045156e-11
-3.114874e-11
-3.0361397e-11
-3.0758871e-11
-3.1386813e-11
-3.0742794e-11
-3.0665904e-11
-3.1026143e-11
-3.031812e-11
-3.1249038e-11
-3.0639769e-11
-3.0715715e-11
-3.1274584e-11
-3.0089407e-11
-3.0513259e-11
-3.0567871e-11
-3.0845871e-11
-3.1876526e-11
-3.0392799e-11
-3.051355e-11
-3.0609591e-11
-3.0561165e-11
-3.0835515e-11
-2.9899892e-11
-3.0724794e-11
-3.0914615e-11
-3.0712374e-11
-3.1343216e-11
-3.0650028e-11
-3.1220627e-11
-3.094083e-11
-3.0790811e-11
-3.0996882e-11
-3.0785957e-11
-3.0642495e-11
-3.1201337e-11
-2.9980088e-11
-3.0674241e-11
-3.110363e-11
-3.1147251e-11
-3.0564065e-11
-3.0974959e-11
-3.1096282e-11
-3.1587823e-11
-3.1211953e-11
-3.1150568e-11
-3.1097701e-11
-3.0646392e-11
-3.1107367e-11
-3.0885659e-11
-3.059486e-11
-3.1002961e-11
-3.0876416e-11
-3.1253715e-11
-3.1554901e-11
-3.0930467e-11
-3.1676297e-11
-3.1839066e-11
-3.172948e-11
-3.1304306e-11
-3.0908599e-11
-3.1380076e-11
-3.1283781e-11
-3.1033634e-11
-3.125394e-11
-3.0837055e-11
-3.1202006e-11
-3.1039813e-11
-3.002772e-11
-3.0820246e-11
-3.0550805e-11
-3.0585267e-11
-3.2054085e-11
-3.0231064e-11
-3.0969994e-11
-3.0924326e-11
-3.1054111e-11
-3.1520564e-11
-3.0864537e-11
-3.0857903e-11
-3.042484e-11
-3.0370682e-11
-3.0940705e-11
-3.0463191e-11
-3.0713446e-11
-3.0932611e-11
-3.0616898e-11
-3.1018726e-11
-3.1098089e-11
-3.0289393e-11
-3.0593344e-11
-3.0484615e-11
-3.0733679e-11
-3.026069e-11
-3.059742e-11
-3.0757719e-11
-3.1046013e-11
-3.0962267e-11
-3.0336969e-11
-3.0391589e-11
-3.0850413e-11
-3.0814139e-11
-3.0813848e-11
-3.1320606e-11
-3.0466386e-11
-3.0509366e-11
-3.118316e-11
-3.0610917e-11
-3.0748033e-11
-3.1245159e-11
-3.0372271e-11
-3.0979962e-11
-3.0442801e-11
-3.0566962e-11
-3.1052393e-11
-3.0543724e-11
-3.0673752e-11
-3.1135747e-11
-3.0060229e-11
-3.0963971e-11
-3.0006563e-11
-3.0393008e-11
-3.1087473e-11
-3.0046101e-11
-3.1031747e-11
-3.0908363e-11
-3.0667385e-11
-3.1200952e-11
-3.0637673e-11
-3.1061587e-11
-3.08449e-11
-3.0946037e-11
-3.0999966e-11
-3.0693559e-11
-3.0950756e-11
-3.1114819e-11
-3.0734144e-11
-3.1146214e-11
-3.0665196e-11
-3.0926112e-11
-3.1146193e-11
-3.0952269e-11
-3.1285842e-11
-3.0597386e-11
-3.0573009e-11
-3.0675081e-11
-3.0770591e-11
-3.1268307e-11
-3.1290651e-11
-3.1485342e-11
-3.3439546e-11
-3.7444582e-11
-4.30091e-11
-5.4674657e-11
-7.0076479e-11
-8.8212791e-11
-1.1481265e-10
-1.4268671e-10
-1.7003629e-10
-1.9695975e-10
-2.2460803e-10
-2.4985305e-10
-2.7042202e-10
-2.8697339e-10
-3.0349676e-10
-3.1709732e-10
-3.2432834e-10
-3.2674641e-10
-3.2556882e-10
-3.2624353e-10
-3.2485226e-10
-3.2121664e-10
-3.1434821e-10
-3.0526356e-10
-2.9691996e-10
-2.8781708e-10
-2.7787364e-10
-2.684849e-10
-2.5909075e-10
-2.5070288e-10
-2.4231675e-10
-2.3422042e-10
-2.2631212e-10
-2.1795711e-10
-2.105858e-10
-2.039649e-10
-1.9690737e-10
-1.9048384e-10
-1.8348098e-10
-1.7741507e-10
-1.7196314e-10
-1.663514e-10
-1.6207317e-10
-1.5679853e-10
-1.5279396e-10
-1.4907264e-10
-1.4584429e-10
-1.4216688e-10
-1.3762524e-10
-1.3307788e-10
-1.3016634e-10
-1.2640859e-10
-1.2305315e-10
-1.2002556e-10
-1.1723431e-10
-1.1463583e-10
-1.116842e-10
-1.0983315e-10
-1.0703731e-10
-1.0498498e-10
-1.0178554e-10
-1.0034218e-10
-9.8035705e-11
-9.6408631e-11
-9.3978311e-11
-9.2063218e-11
-9.0490997e-11
-8.9289937e-11
-8.7945207e-11
-8.7107307e-11
-8.5736078e-11
-8.4556848e-11
-8.2723509e-11
-8.1011718e-11
-8.0014759e-11
-7.8142458e-11
-7.7632088e-11
-7.6480579e-11
-7.5524115e-11
-7.5031821e-11
-7.2635765e-11
-7.2293858e-11
-7.2336685e-11
-7.024057e-11
-7.0241001e-11
-6.9134636e-11
-6.7924728e-11
-6.7591273e-11
-6.6173726e-11
-6.5913816e-11
-6.4133844e-11
-6.3040115e-11
-6.3531291e-11
-6.2165453e-11
-6.1318499e-11
-6.0605632e-11
-5.9631446e-11
-5.9557942e-11
-5.8587656e-11
-5.7616328e-11
-5.7591477e-11
-5.6008982e-11
-5.5574226e-11
-5.5034838e-11
-5.4704522e-11
-5.4320916e-11
-5.3047535e-11
-5.2798509e-11
-5.2016641e-11
-5.1859839e-11
-5.2098909e-11
-5.1234395e-11
-5.1018832e-11
-5.0099772e-11
-4.9986553e-11
-4.948468e-11
-4.8972867e-11
-4.9229679e-11
-4.850103e-11
-4.8964072e-11
-4.7606152e-11
-4.8448249e-11
-4.8194657e-11
-4.713924e-11
-4.6745746e-11
-4.5611227e-11
-4.6125284e-11
-4.560716e-11
-4.4455422e-11
-4.4830525e-11
-4.3813779e-11
-4.4349253e-11
-4.3935331e-11
-4.3712419e-11
-4.3941378e-11
-4.3044943e-11
-4.2380467e-11
-4.2914613e-11
-4.2381754e-11
-4.3024865e-11
-4.2111533e-11
-4.205029e-11
-4.1817914e-11
-4.1422133e-11
-4.1370556e-11
-4.1252897e-11
-4.1252158e-11
-4.0631783e-11
-4.0912419e-11
-4.0712825e-11
-4.0374728e-11
-4.0571786e-11
-4.1166175e-11
-4.0405606e-11
-4.1062483e-11
-4.0000805e-11
-3.9871294e-11
-4.0308517e-11
-3.9188344e-11
-3.9795476e-11
-3.9902366e-11
-4.0097266e-11
-4.0268008e-11
-3.9768966e-11
-3.9583708e-11
-3.9645499e-11
-3.9555661e-11
-4.0547968e-11
-4.0285941e-11
-3.9879596e-11
-3.94796e-11
-3.9670531e-11
-4.0366651e-11
-3.9050801e-11
-3.8590877e-11
-3.8388247e-11
-3.830054e-11
-3.8485031e-11
-3.8197157e-11
-3.8275452e-11
-3.7475308e-11
-3.8026273e-11
-3.7619331e-11
-3.7558987e-11
-3.7916587e-11
-3.7039174e-11
-3.7379409e-11
-3.7281445e-11
-3.6799969e-11
-3.6979354e-11
-3.7514502e-11
-3.7781826e-11
-3.772822e-11
-3.7081737e-11
-3.7484824e-11
-3.6956896e-11
-3.7163259e-11
-3.6651841e-11
-3.6945252e-11
-3.6671902e-11
-3.6695248e-11
-3.6440847e-11
-3.6617358e-11
-3.6373529e-11
-3.6490543e-11
-3.6256314e-11
-3.6058122e-11
-3.6552317e-11
-3.5208659e-11
-3.6199304e-11
-3.5807291e-11
-3.529271e-11
-3.6365373e-11
-3.4953943e-11
-3.5505297e-11
-3.5282239e-11
-3.5515774e-11
-3.5782613e-11
-3.5269478e-11
-3.5712665e-11
-3.54912e-11
-3.5455333e-11
-3.6264249e-11
-3.5857296e-11
-3.5664773e-11
-3.5294996e-11
-3.5670734e-11
-3.5149588e-11
-3.6093007e-11
-3.550487e-11
-3.5844092e-11
-3.5938991e-11
-3.5490787e-11
-3.5586343e-11
-3.5911725e-11
-3.5036141e-11
-3.5628219e-11
-3.5666331e-11
-3.4634368e-11
-3.5001439e-11
-3.4830874e-11
-3.5520344e-11
-3.4834618e-11
-3.4797484e-11
-3.5199257e-11
-3.419999e-11
-3.5198233e-11
-3.4832082e-11
-3.4689484e-11
-3.4693123e-11
-3.4441974e-11
-3.3915291e-11
-3.3846745e-11
-3.3634324e-11
-3.4768254e-11
-3.3598305e-11
-3.3809237e-11
-3.4213424e-11
-3.3199971e-11
-3.4225126e-11
-3.299639e-11
-3.2442687e-11
-3.3895022e-11
-3.3161834e-11
-3.3775552e-11
-3.3574813e-11
-3.3096095e-11
-3.4487337e-11
-3.3339571e-11
-3.3636517e-11
-3.3518823e-11
-3.3450083e-11
-3.3899477e-11
-3.3529023e-11
-3.3798207e-11
-3.2932251e-11
-3.3051024e-11
-3.2973214e-11
-3.3831934e-11
-3.3241847e-11
-3.3228115e-11
-3.3356578e-11
-3.366394e-11
-3.3289e-11
-3.367024e-11
-3.3394489e-11
-3.3109512e-11
-3.2607677e-11
-3.2607871e-11
-3.3048522e-11
-3.3087852e-11
-3.2740193e-11
-3.3069884e-11
-3.2618561e-11
-3.3357664e-11
-3.3454153e-11
-3.3445635e-11
-3.2796398e-11
-3.2753956e-11
-3.3101914e-11
-3.2727446e-11
-3.3338179e-11
-3.2893178e-11
-3.2506879e-11
-3.3281055e-11
-3.3051582e-11
-3.2865037e-11
-3.2677944e-11
-3.2197967e-11
-3.3639379e-11
-3.3521168e-11
-3.3613442e-11
-3.4644818e-11
-3.4402897e-11
-3.4511186e-11
-3.4279368e-11
-3.519433e-11
-3.5159247e-11
-3.3797964e-11
-3.4357857e-11
-3.3808571e-11
-3.3688011e-11
-3.4514867e-11
-3.396227e-11
-3.3881516e-11
-3.3431799e-11
-3.3125853e-11
-3.3829974e-11
-3.353871e-11
-3.4261888e-11
-3.3791414e-11
-3.3882685e-11
-3.3687528e-11
-3.4176471e-11
-3.3984465e-11
-3.4957461e-11
-3.4570465e-11
-3.453432e-11
-3.4371818e-11
-3.4169216e-11
-3.3930449e-11
-3.4057947e-11
-3.3823725e-11
-3.4011974e-11
-3.397033e-11
-3.3556331e-11
-3.4129116e-11
-3.3593395e-11
-3.3356595e-11
-3.3285617e-11
-3.3176496e-11
-3.3916321e-11
-3.3653885e-11
-3.3184094e-11
-3.2892373e-11
-3.2923636e-11
-3.4270017e-11
-3.3841215e-11
-3.3268402e-11
-3.3502114e-11
-3.2575258e-11
-3.2327328e-11
-3.3375577e-11
-3.2573926e-11
-3.3211909e-11
-3.2950601e-11
-3.2569222e-11
-3.380729e-11
-3.3538644e-11
-3.3966389e-11
-3.3088011e-11
-3.2848085e-11
-3.3318067e-11
-3.2979643e-11
-3.3091037e-11
-3.3256686e-11
-3.2675699e-11
-3.2915667e-11
-3.2522079e-11
-3.2233848e-11
-3.2930089e-11
-3.2740019e-11
-3.3296185e-11
-3.293384e-11
-3.3352709e-11
-3.3071903e-11
-3.2653817e-11
-3.264913e-11
-3.2574304e-11
-3.2878207e-11
-3.3764328e-11
-3.3575923e-11
-3.3610267e-11
-3.3323944e-11
-3.3334467e-11
-3.300402e-11
-3.3024947e-11
-3.2742368e-11
-3.3494891e-11
-3.3306583e-11
-3.2574162e-11
-3.3411999e-11
-3.3323216e-11
-3.3794106e-11
-3.3589968e-11
-3.3291488e-11
-3.4463557e-11
-3.3944448e-11
-3.3464016e-11
-3.4404674e-11
-3.3797284e-11
-3.456985e-11
-3.441487e-11
-3.349513e-11
-3.3881925e-11
-3.4226236e-11
-3.4954227e-11
-3.473152e-11
-3.3719087e-11
-3.4679246e-11
-3.3809316e-11
-3.3418095e-11
-3.3996809e-11
-3.2699159e-11
-3.3320437e-11
-3.311083e-11
-3.2639967e-11
-3.2606716e-11
-3.3108693e-11
-3.3032903e-11
-3.3534033e-11
-3.2701303e-11
-3.3402048e-11
-3.2885011e-11
-3.2980702e-11
-3.2642049e-11
-3.2326156e-11
-3.2815039e-11
-3.3008284e-11
-3.2820663e-11
-3.3260374e-11
-3.3177964e-11
-3.2669385e-11
-3.3130498e-11
-3.2573267e-11
-3.3226061e-11
-3.2564316e-11
-3.2951173e-11
-3.412046e-11
-3.2752561e-11
-3.2828684e-11
-3.2875286e-11
-3.2909151e-11
-3.3134138e-11
-3.2991769e-11
-3.2165964e-11
-3.2879831e-11
-3.253724e-11
-3.2043704e-11
-3.328807e-11
-3.299706e-11
-3.2497376e-11
-3.2755753e-11
-3.2506615e-11
-3.2388994e-11
-3.2009541e-11
-3.2695017e-11
-3.2739953e-11
-3.1714801e-11
-3.2730065e-11
-3.2410456e-11
-3.2330444e-11
-3.3247061e-11
-3.211564e-11
-3.2400665e-11
-3.1989283e-11
-3.2068594e-11
-3.2766845e-11
-3.211156e-11
-3.28127e-11
-3.2714758e-11
-3.2452634e-11
-3.2772344e-11
-3.1932575e-11
-3.2599465e-11
-3.1806922e-11
-3.177128e-11
-3.2643707e-11
-3.1814017e-11
-3.1860837e-11
-3.1683836e-11
-3.2002349e-11
-3.2122836e-11
-3.1729924e-11
-3.1348077e-11
-3.1408102e-11
-3.1337273e-11
-3.1547456e-11
-3.1854571e-11
-3.1431469e-11
-3.1893013e-11
-3.1938709e-11
-3.188811e-11
-3.1297367e-11
-3.2388314e-11
-3.2408947e-11
-3.2438333e-11
-3.1687319e-11
-3.1143567e-11
-3.2224962e-11
-3.150814e-11
-3.2135898e-11
-3.2423016e-11
-3.2162373e-11
-3.189967e-11
-3.1449218e-11
-3.220043e-11
-3.1814565e-11
-3.1781761e-11
-3.1761895e-11
-3.1858498e-11
-3.2798278e-11
-3.2460104e-11
-3.1990667e-11
-3.2444637e-11
-3.1648139e-11
-3.1683909e-11
-3.2101721e-11
-3.1306527e-11
-3.240749e-11
-3.1718378e-11
-3.2023741e-11
-3.1997835e-11
-3.1534365e-11
-3.1417931e-11
-3.1858502e-11
-3.0961088e-11
-3.2360496e-11
-3.2146993e-11
-3.1446162e-11
-3.1501659e-11
-3.0845805e-11
-3.1698671e-11
-3.1513597e-11
-3.1127944e-11
-3.1084964e-11
-3.116429e-11
-3.1605048e-11
-3.1457722e-11
-3.1181027e-11
-3.1318e-11
-3.1334664e-11
-3.1245343e-11
-3.0808318e-11
-3.1786535e-11
-3.1332138e-11
-3.0342933e-11
-3.0908266e-11
-3.0535394e-11
-3.0995005e-11
-3.146183e-11
-3.1683697e-11
-3.2291152e-11
-3.1342706e-11
-3.1325248e-11
-3.122376e-11
-3.1492094e-11
-3.1812102e-11
-3.1844881e-11
-3.2240766e-11
-3.1837154e-11
-3.2046907e-11
-3.2418526e-11
-3.2375408e-11
-3.2862803e-11
-3.1990372e-11
-3.183025e-11
-3.2524605e-11
-3.1256116e-11
-3.1867134e-11
-3.1716085e-11
-3.2876341e-11
-3.1846272e-11
-3.1753378e-11
-3.2362661e-11
-3.1910547e-11
-3.2014454e-11
-3.2654469e-11
-3.2339881e-11
-3.3389968e-11
-3.2761932e-11
-3.2561866e-11
-3.2445394e-11
-3.2229424e-11
-3.295314e-11
-3.2111574e-11
-3.2242788e-11
-3.2549703e-11
-3.1722389e-11
-3.1730677e-11
-3.1858183e-11
-3.1493214e-11
-3.208912e-11
-3.1608435e-11
-3.1773185e-11
-3.2155605e-11
-3.2023818e-11
-3.2666252e-11
-3.2144721e-11
-3.2371106e-11
-3.1894945e-11
-3.232738e-11
-3.2494559e-11
-3.1754124e-11
-3.1242332e-11
-3.1649076e-11
-3.1262822e-11
-3.1935666e-11
-3.1919859e-11
-3.2027159e-11
-3.1645311e-11
-3.2225587e-11
-3.1867762e-11
-3.161443e-11
-3.1209344e-11
-3.1286355e-11
-3.1059582e-11
-3.1153809e-11
-3.1845613e-11
-3.1931912e-11
-3.1103398e-11
-3.1181134e-11
-3.1197885e-11
-3.0865931e-11
-3.1524325e-11
-3.1071042e-11
-3.1938591e-11
-3.1716501e-11
-3.0223699e-11
-3.1109944e-11
-3.1360723e-11
-3.1051165e-11
-3.1432624e-11
-3.1460938e-11
-3.141723e-11
-3.1182872e-11
-3.1094155e-11
-3.1468526e-11
-3.1068908e-11
-3.0918192e-11
-3.0728448e-11
-3.0391859e-11
-3.120737e-11
-3.1041756e-11
-3.1211589e-11
-3.0970865e-11
-3.1211995e-11
-3.1649669e-11
-3.1061251e-11
-3.0636025e-11
-3.0551086e-11
-3.0306473e-11
-3.1447133e-11
-3.1251349e-11
-3.1195737e-11
-3.104042e-11
-3.1979874e-11
-3.1964074e-11
-3.1248282e-11
-3.219101e-11
-3.2326967e-11
-3.2205124e-11
-3.2212108e-11
-3.1930465e-11
-3.181971e-11
-3.1424353e-11
-3.1847323e-11
-3.2433799e-11
-3.2622887e-11
-3.1922562e-11
-3.1656178e-11
-3.2004521e-11
-3.1916678e-11
-3.1649166e-11
-3.1806065e-11
-3.061942e-11
-3.1393596e-11
-3.0907082e-11
-3.0937697e-11
-3.1620997e-11
-3.1056206e-11
-3.1656084e-11
-3.1384055e-11
-3.1536915e-11
-3.1306364e-11
-3.040828e-11
-3.1317206e-11
-3.2073687e-11
-3.1285162e-11
-3.0730973e-11
-3.0540067e-11
-3.0592893e-11
-3.1126476e-11
-3.0728871e-11
-3.1123912e-11
-3.1178189e-11
-3.1572609e-11
-3.1544791e-11
-3.10224e-11
-3.1778094e-11
-3.1302318e-11
-3.1208629e-11
-3.2092867e-11
-3.2026142e-11
-3.1132735e-11
-3.1059832e-11
-3.1252709e-11
-3.1539257e-11
-3.1673858e-11
-3.1266656e-11
-3.1442876e-11
-3.1292031e-11
-3.1591257e-11
-3.1256601e-11
-3.1180083e-11
-3.1865736e-11
-3.2366033e-11
-3.2655042e-11
-3.1489148e-11
-3.1722881e-11
-3.1614995e-11
-3.2092148e-11
-3.1526507e-11
-3.1588874e-11
-3.1756698e-11
-3.1186029e-11
-3.124451e-11
-3.1257032e-11
-3.1265983e-11
-3.20085e-11
-3.1401722e-11
-3.1536579e-11
-3.1493374e-11
-3.1273054e-11
-3.1549485e-11
-3.1379361e-11
-3.1026466e-11
-3.1744857e-11
-3.0854895e-11
-3.1583822e-11
-3.1224839e-11
-3.1844437e-11
-3.164154e-11
-3.1079254e-11
-3.2127013e-11
-3.0784635e-11
-3.1291102e-11
-3.1121966e-11
-3.097627e-11
-3.1506721e-11
-3.1152372e-11
-3.1314049e-11
-3.11213e-11
-3.0191835e-11
-3.0837159e-11
-3.0956543e-11
-3.0698728e-11
-3.1040798e-11
-3.0338825e-11
-3.1102568e-11
-3.0717734e-11
-3.0089327e-11
-3.0912432e-11
-3.1191931e-11
-3.1524453e-11
-3.0496303e-11
-3.0306428e-11
-3.1385602e-11
-3.1389679e-11
-3.1054381e-11
-3.1162677e-11
-3.1009494e-11
-3.1470979e-11
-3.1218007e-11
-3.1060283e-11
-3.1215613e-11
-3.1135757e-11
-3.0894506e-11
-3.0952668e-11
-3.0270727e-11
-3.0745791e-11
-3.1371763e-11
-3.0859048e-11
-3.1238827e-11
-3.1067933e-11
-3.1237755e-11
-3.1153594e-11
-3.0959513e-11
-3.1698043e-11
-3.143481e-11
-3.0817304e-11
-3.1428356e-11
-3.1497398e-11
-3.0975559e-11
-3.1317671e-11
-3.0654076e-11
-3.1647972e-11
-3.1727881e-11
-3.0793708e-11
-3.1464081e-11
-3.1378948e-11
-3.1444729e-11
-3.1565896e-11
-3.0594402e-11
-3.1417462e-11
-3.0864131e-11
-3.0392775e-11
-3.076207e-11
-3.0290485e-11
-3.0377624e-11
-3.0342909e-11
-3.0272566e-11
-3.0658087e-11
-3.012637e-11
-3.0698478e-11
-3.0759274e-11
-3.0524149e-11
-3.1575794e-11
-3.0823899e-11
-3.0968256e-11
-3.0453789e-11
-3.0710087e-11
-3.1072814e-11
-3.131069e-11
-3.0968221e-11
-3.1173807e-11
-3.1494852e-11
-3.0589874e-11
-3.0879022e-11
-3.0998926e-11
-3.0677728e-11
-3.0971926e-11
-3.0830623e-11
-3.1027542e-11
-3.1475e-11
-3.0960311e-11
-3.1272679e-11
-3.110066e-11
-3.1518704e-11
-3.0856831e-11
-3.0991678e-11
-3.0932614e-11
-3.1116869e-11
-3.1186585e-11
-3.1100983e-11
-3.0500921e-11
-3.0665193e-11
-3.0774674e-11
-3.0699877e-11
-3.163279e-11
-3.0662892e-11
-3.0145487e-11
-3.1454613e-11
-3.0812474e-11
-3.0538638e-11
-3.0569585e-11
-3.0560901e-11
-3.1534574e-11
-3.0674709e-11
-3.122437e-11
-3.0571864e-11
-2.9767203e-11
-3.1157365e-11
-3.050225e-11
-3.0487331e-11
-3.0964058e-11
-3.0832462e-11
-3.0575362e-11
-3.0177229e-11
-3.1592378e-11
-3.0526054e-11
-3.0767978e-11
-3.0854812e-11
-3.0620333e-11
-3.0870875e-11
-3.0301033e-11
-3.1371059e-11
-3.1035594e-11
-3.1200011e-11
-3.0710396e-11
-3.0983535e-11
-3.0549462e-11
-3.0598846e-11
-3.1679721e-11
-3.0530394e-11
-3.1006735e-11
-3.0533926e-11
-3.0280833e-11
-3.0594124e-11
-2.9763962e-11
-3.0353914e-11
-3.1103814e-11
-3.0967218e-11
-3.0396685e-11
-3.1049243e-11
-3.0366307e-11
-3.1070237e-11
-3.0304228e-11
-3.0963915e-11
-3.1157802e-11
-3.0710302e-11
-3.0630175e-11
-3.1207124e-11
-3.0786613e-11
-3.0754618e-11
-3.0688108e-11
-3.1192191e-11
-3.1117994e-11
-3.0760335e-11
-3.0866518e-11
-2.975092e-11
-3.0746124e-11
-3.1137148e-11
-2.9913943e-11
-3.0417561e-11
-3.0021555e-11
-2.9530961e-11
-2.9917093e-11
-2.9804218e-11
-3.0626307e-11
-3.033877e-11
-2.9995843e-11
-3.0218668e-11
-3.0361279e-11
-3.0363621e-11
-3.0327379e-11
-3.0313498e-11
-3.0188477e-11
-2.9868798e-11
-2.9989615e-11
-2.9975685e-11
-3.023921e-11
-3.0148745e-11
-3.0022956e-11
-2.9403261e-11
-2.9933309e-11
-3.0245133e-11
-3.0793479e-11
-3.0325891e-11
-2.9961984e-11
-3.0490357e-11
-3.0724163e-11
-2.9783506e-11
-2.9405665e-11
-3.0892337e-11
-2.9952273e-11
-3.0468697e-11
-2.9753765e-11
-3.052213e-11
-3.0571382e-11
-2.9601547e-11
-2.9954105e-11
-3.0232098e-11
-3.0398847e-11
-3.0403628e-11
-2.9734524e-11
-3.0260246e-11
-3.0023983e-11
-2.9567852e-11
-3.1261587e-11
-2.9981798e-11
-3.0053088e-11
-3.0589423e-11
-2.9588419e-11
-3.0769002e-11
-3.0278398e-11
-3.0475254e-11
-3.1020707e-11
-3.0252963e-11
-3.1006208e-11
-3.095298e-11
-3.0704102e-11
-3.1012207e-11
-3.0393642e-11
-3.1447862e-11
-3.0476222e-11
-3.0247971e-11
-3.0416433e-11
-3.0468891e-11
-3.0468138e-11
-3.0206629e-11
-2.988117e-11
-3.0100523e-11
-2.9586791e-11
-2.9941775e-11
-3.0040186e-11
-3.0520635e-11
-3.1145583e-11
-3.0693052e-11
-3.0596567e-11
-3.0726689e-11
-3.0549702e-11
-3.0951658e-11
-3.0937631e-11
-3.0994228e-11
-3.0268722e-11
-3.0816804e-11
-3.0426852e-11
-3.0821064e-11
-3.0638041e-11
-2.9983422e-11
-3.0426273e-11
-3.1457222e-11
-3.1478722e-11
-3.1502197e-11
-3.105987e-11
-3.0926428e-11
-3.0865688e-11
-3.0405387e-11
-3.0848834e-11
-3.0090316e-11
-3.0772638e-11
-3.1479611e-11
-3.0694357e-11
-3.180568e-11
-3.0988934e-11
-3.0611746e-11
-3.1265813e-11
-3.0667358e-11
-3.0513266e-11
-3.0545195e-11
-3.1671266e-11
-3.104594e-11
-3.0328136e-11
-3.1319697e-11
-3.0288803e-11
-3.0788636e-11
-3.1384874e-11
-3.0892715e-11
-3.0968863e-11
-3.1053771e-11
-3.0666168e-11
-3.1829907e-11
-3.117236e-11
-3.0928791e-11
-3.1079549e-11
-3.077712e-11
-3.0878737e-11
-3.1288385e-11
-3.0601466e-11
-3.124485e-11
-3.0646694e-11
-3.0653424e-11
-3.1120915e-11
-3.0631213e-11
-2.9751847e-11
-3.0434311e-11
-3.1001507e-11
-3.0717619e-11
-3.0570234e-11
-3.0539862e-11
-3.0835008e-11
-3.1010562e-11
-3.0657414e-11
-3.0951033e-11
-3.1307085e-11
-3.0960626e-11
-3.1145479e-11
-3.0230669e-11
-3.0422297e-11
-3.0873189e-11
-3.094423e-11
-3.1397589e-11
-3.0532007e-11
-3.0890641e-11
-3.0122026e-11
-3.0940469e-11
-3.0408301e-11
-3.027634e-11
-3.0513484e-11
-3.0585746e-11
-3.0992094e-11
-3.0810784e-11
-3.0199388e-11
-3.1071871e-11
-3.0697077e-11
-3.1464695e-11
-3.0881683e-11
-3.0592522e-11
-3.0876284e-11
-3.0999644e-11
-3.0511347e-11
-3.0947592e-11
-3.0776763e-11
-3.0200134e-11
-3.0566619e-11
-3.0009873e-11
-3.0795883e-11
-3.0795876e-11
-3.038195e-11
-3.0532923e-11
-3.0851651e-11
-3.0264322e-11
-2.9759584e-11
-3.0724763e-11
-3.039308e-11
-3.052739e-11
-3.1131094e-11
-3.0313595e-11
-3.0153522e-11
-3.030997e-11
-2.9756277e-11
-3.0148033e-11
-3.090566e-11
-3.000878e-11
-3.0779573e-11
-2.9833472e-11
-3.0201064e-11
-3.0146434e-11
-3.0120881e-11
-3.0053088e-11
-3.0667913e-11
-3.0010272e-11
-3.0005096e-11
-3.049494e-11
-2.9291625e-11
-3.067422e-11
-3.0480465e-11
-2.9558894e-11
-2.9810491e-11
-2.9130604e-11
-2.9890354e-11
-3.0109727e-11
-3.0035221e-11
-2.9800086e-11
-3.0168919e-11
-3.0043128e-11
-3.0255836e-11
-2.9643604e-11
-3.0356617e-11
-3.0131297e-11
-3.0119438e-11
-3.0352821e-11
-3.0069117e-11
-2.9847617e-11
-2.9891357e-11
-3.004081e-11
-3.0915413e-11
-3.0328736e-11
-3.1092181e-11
-3.0573873e-11
-3.0130096e-11
-3.0511555e-11
-3.0199669e-11
-3.107933e-11
-3.0063896e-11
-3.0243797e-11
-2.9713225e-11
-3.0692743e-11
-3.1182813e-11
-3.1158649e-11
-3.0238385e-11
-3.047191e-11
-3.0627778e-11
-3.0513241e-11
-3.0490908e-11
-3.0376417e-11
-3.0863173e-11
-3.0286659e-11
-3.0724007e-11
-2.9996117e-11
-3.0699401e-11
-3.0563371e-11
-3.0201196e-11
-3.0331047e-11
-2.9796353e-11
-3.0625374e-11
-3.0760228e-11
-3.0890731e-11
-3.0268059e-11
-3.091653e-11
-3.0710233e-11
-3.0276729e-11
-3.1013095e-11
-3.046394e-11
-2.9959105e-11
-3.0448036e-11
-3.0719701e-11
-3.0371268e-11
-3.0800602e-11
-3.0499089e-11
-2.993868e-11
-3.0958895e-11
-3.0415587e-11
-3.0641198e-11
-2.9819827e-11
-3.0331713e-11
-3.0210626e-11
-2.9900134e-11
-3.0577357e-11
-3.0379591e-11
-3.1003984e-11
-3.0917612e-11
-3.0663763e-11
-3.0394499e-11
-3.0115938e-11
-2.9994184e-11
-3.103412e-11
-3.0780326e-11
-3.087575e-11
-3.0648185e-11
-3.018899e-11
-3.0823784e-11
-3.0090874e-11
-3.0135363e-11
-3.0485413e-11
-3.0788767e-11
-3.0825717e-11
-3.0481014e-11
-3.048321e-11
-2.9996769e-11
-3.0632757e-11
-3.1179014e-11
-3.0207753e-11
-3.0497667e-11
-2.9757138e-11
-3.0478658e-11
-3.0730946e-11
-3.108884e-11
-3.0150122e-11
-2.9716292e-11
-3.0086919e-11
-2.9812666e-11
-3.0367171e-11
-3.0325482e-11
-3.0472048e-11
-3.0682963e-11
-3.0526155e-11
-2.9551139e-11
-3.0003691e-11
-3.025764e-11
-3.0550708e-11
-3.0005675e-11
-3.0688476e-11
-3.0485541e-11
-3.0009578e-11
-3.0622387e-11
-3.0841222e-11
-3.0001588e-11
-3.0830991e-11
-3.0293816e-11
-3.063708e-11
-3.079393e-11
-3.1310912e-11
-3.230332e-11
-3.0512121e-11
-3.0962694e-11
-3.1340767e-11
-3.0155101e-11
-3.0173423e-11
-3.0312742e-11
-3.0000741e-11
-3.1572505e-11
-3.0309606e-11
-3.0384431e-11
-3.0768839e-11
-3.0596654e-11
-3.1209285e-11
-3.0233295e-11
-3.1237572e-11
-3.1195713e-11
-3.0702777e-11
-3.0957924e-11
-3.0475063e-11
-3.0904952e-11
-3.1009303e-11
-3.0018942e-11
-3.0048124e-11
-3.0127806e-11
-3.0743196e-11
-3.0139707e-11
-2.9865315e-11
-2.9978246e-11
-3.0297799e-11
-3.0598152e-11
-3.0355541e-11
-2.9767119e-11
-3.0435501e-11
-3.0862649e-11
-3.0215108e-11
-3.0430096e-11
-2.9954806e-11
-2.9715976e-11
-2.9444686e-11
-2.9588457e-11
-3.0083002e-11
-2.9984824e-11
-3.0466647e-11
-2.9862991e-11
-2.9900433e-11
-2.9982253e-11
-3.0504863e-11
-3.0143627e-11
-2.9340402e-11
-3.1280201e-11
-2.939177e-11
-2.9964333e-11
-3.0160333e-11
-3.0348349e-11
-3.0251933e-11
-3.0424982e-11
-3.0384674e-11
-3.0692986e-11
-2.9528251e-11
-3.0298632e-11
-3.0520895e-11
-3.0534179e-11
-3.0396567e-11
-3.0465151e-11
-3.0348345e-11
-2.9283791e-11
-3.0404942e-11
-3.147867e-11
-3.0613283e-11
-3.0594291e-11
-3.0394524e-11
-3.0649459e-11
-3.0709425e-11
-2.9907e-11
-3.0077944e-11
-3.0200866e-11
-3.0226759e-11
-2.9919185e-11
-3.0454118e-11
-3.0086805e-11
-3.0111257e-11
-3.0524874e-11
-3.0613598e-11
-3.0206695e-11
-3.0247985e-11
-3.0274862e-11
-3.0268135e-11
-3.0149664e-11
-3.0872943e-11
-3.0761341e-11
-3.0440036e-11
-3.0579823e-11
-3.0902909e-11
-3.0167775e-11
-3.0140494e-11
-3.0074322e-11
-3.064771e-11
-2.9953602e-11
-3.00748e-11
-3.0958729e-11
-3.0395821e-11
-3.0040567e-11
-3.068152e-11
-2.9936342e-11
-3.0698697e-11
-3.0322078e-11
-2.9591302e-11
-3.0437236e-11
-2.9971046e-11
-3.0841916e-11
-3.0460356e-11
-3.0503853e-11
-3.1128808e-11
-2.9633615e-11
-3.0689836e-11
-2.9803274e-11
-3.0283793e-11
-3.0765508e-11
-3.0247711e-11
-3.1202083e-11
-3.0694749e-11
-3.1214187e-11
-3.1630712e-11
-3.1482816e-11
-3.1406225e-11
-3.1164415e-11
-3.0956789e-11
-3.0953927e-11
-3.0708623e-11
-3.0865543e-11
-3.1729994e-11
-3.0609706e-11
-3.0322238e-11
-3.0649806e-11
-3.0545306e-11
-3.0577579e-11
-3.0887216e-11
-3.0576468e-11
-3.0437819e-11
-3.0100474e-11
-2.9843981e-11
-3.0292088e-11
-3.0411406e-11
-3.1615752e-11
-3.066479e-11
-3.0122353e-11
-3.0886804e-11
-3.0164621e-11
-3.1011728e-11
-3.083182e-11
-3.0740268e-11
-3.1026393e-11
-3.0622758e-11
-3.0467164e-11
-3.0862052e-11
-2.9980143e-11
-3.1363426e-11
-3.0545316e-11
-3.0444553e-11
-3.0246427e-11
-3.0180115e-11
-3.054762e-11
-3.0747949e-11
-2.9458193e-11
-3.069224e-11
-3.0342853e-11
-3.05483e-11
-3.122335e-11
-2.9836817e-11
-3.0762639e-11
-3.0855533e-11
-3.0430946e-11
-3.13536e-11
-3.0943859e-11
-3.0399568e-11
-3.0023626e-11
-3.0214158e-11
-3.1431024e-11
-3.0771628e-11
-3.0377041e-11
-3.0391595e-11
-3.0419972e-11
-3.0796747e-11
-3.0638242e-11
-3.1523246e-11
-3.0282502e-11
-3.0794024e-11
-3.0738165e-11
-3.0538298e-11
-3.0324958e-11
-3.115375e-11
-3.1417868e-11
-3.1507127e-11
-3.1161566e-11
-3.1057521e-11
-3.0839876e-11
-3.0510813e-11
-3.0210598e-11
-3.1274788e-11
-3.1141666e-11
-3.0520777e-11
-3.146065e-11
-3.1018597e-11
-3.081364e-11
-3.1247321e-11
-3.0434245e-11
-3.1540225e-11
-3.1524523e-11
-3.0110955e-11
-3.0662847e-11
-3.0593941e-11
-3.0750812e-11
-3.107313e-11
-2.9614151e-11
-3.098739e-11
-3.0307291e-11
-3.0169804e-11
-3.1164165e-11
-3.0632552e-11
-3.1118812e-11
-3.0417585e-11
-3.0552054e-11
-3.0316305e-11
-2.9460372e-11
-3.0445632e-11
-3.0534745e-11
-3.0491307e-11
-3.0583949e-11
-3.0585669e-11
-3.0626633e-11
-3.0739099e-11
-3.0053307e-11
-3.1168599e-11
-3.0688604e-11
-3.02466e-11
-3.0717019e-11
-3.0481718e-11
-3.0398996e-11
-3.0771309e-11
-3.043904e-11
-3.0961258e-11
-3.1234796e-11
-3.1208255e-11
-3.1089388e-11
-3.0477211e-11
-3.106965e-11
-3.1100622e-11
-3.156354e-11
-3.1120571e-11
-3.1213872e-11
-3.1077939e-11
-3.1648878e-11
-3.1085079e-11
-3.0849292e-11
-3.1364182e-11
-3.0379622e-11
-3.0333989e-11
-3.099759e-11
-3.0401584e-11
-3.1124141e-11
-3.0797379e-11
-3.0648789e-11
-3.0504332e-11
-3.0476836e-11
-3.0798614e-11
-2.994742e-11
-3.1023392e-11
-3.1382966e-11
-3.0654746e-11
-3.1355852e-11
-3.0212364e-11
-3.1102655e-11
-3.134119e-11
-3.0574102e-11
-3.1348438e-11
-3.0724628e-11
-3.0793788e-11
-3.1460553e-11
-3.1215794e-11
-3.1432537e-11
-3.1146929e-11
-3.0537829e-11
-3.1492992e-11
-3.1748396e-11
-3.1860362e-11
-3.2101648e-11
-3.0970171e-11
-3.2160236e-11
-3.1767186e-11
-3.1060054e-11
-3.0937617e-11
-3.1360751e-11
-3.1426136e-11
-3.0880791e-11
-3.1401229e-11
-3.0720832e-11
-3.0665807e-11
-3.0841839e-11
-3.1009296e-11
-3.1362673e-11
-3.1554571e-11
-3.1555345e-11
-3.1585914e-11
-3.1299734e-11
-3.1287955e-11
-3.0905195e-11
-3.1260307e-11
-3.1042367e-11
-3.0659471e-11
-3.0868606e-11
-3.0599797e-11
-3.0851217e-11
-3.0713959e-11
-3.0436036e-11
-3.1516383e-11
-3.0745694e-11
-3.1278122e-11
-3.1638147e-11
-3.0840108e-11
-3.148265e-11
-3.1193444e-11
-3.1077824e-11
-3.1502159e-11
-3.1242186e-11
-3.125453e-11
-3.1352608e-11
-3.0948716e-11
-3.1684183e-11
-3.154282e-11
-3.1095741e-11
-3.1031708e-11
-3.0689021e-11
-3.1274726e-11
-3.0724836e-11
-3.1732481e-11
-3.096623e-11
-3.1049222e-11
-3.0871423e-11
-3.056352e-11
-3.136974e-11
-3.0768922e-11
-3.0951488e-11
-3.179455e-11
-3.1002149e-11
-2.9907889e-11
-3.0526776e-11
-3.0190024e-11
-3.168418e-11
-3.1393426e-11
-3.06353e-11
-3.0465162e-11
-3.1358711e-11
-3.0442596e-11
-3.0773075e-11
-3.1276436e-11
-3.1250405e-11
-3.060642e-11
-3.0924759e-11
-3.0724277e-11
-3.0307423e-11
-3.0787563e-11
-3.1094741e-11
-3.1062122e-11
-3.1136163e-11
-3.0363184e-11
-3.0229628e-11
-3.0819736e-11
-3.0456561e-11
-3.0121523e-11
-3.0594534e-11
-3.0466234e-11
-3.0698097e-11
-3.1129911e-11
-3.0811693e-11
-3.0941499e-11
-3.0492255e-11
-3.0981159e-11
-3.0941201e-11
-3.0859756e-11
-3.1016509e-11
-3.0377159e-11
-3.1047703e-11
-3.097109e-11
-3.0488591e-11
-3.0604259e-11
-2.978107e-11
-3.0460193e-11
-3.0904491e-11
-3.0336195e-11
-3.1045524e-11
-3.0727563e-11
-3.0805178e-11
-3.0236973e-11
-3.0591397e-11
-3.10513e-11
-3.1096636e-11
-3.1409493e-11
-3.1181027e-11
-3.1379507e-11
-3.0852501e-11
-3.0909449e-11
-3.0221749e-11
-3.1005552e-11
-3.082826e-11
-3.1167055e-11
-3.0649976e-11
-3.0283939e-11
-3.0917151e-11
-3.1018126e-11
-3.0388411e-11
-3.1087053e-11
-3.0800116e-11
-3.0763232e-11
-3.0308967e-11
-3.0585322e-11
-3.0535793e-11
-3.0344567e-11
-3.0228955e-11
-3.0365131e-11
-3.0768402e-11
-3.0819507e-11
-3.0951814e-11
-3.0908155e-11
-3.0045934e-11
-3.1215322e-11
-3.0648806e-11
-3.0566365e-11
-3.042341e-11
-3.067633e-11
-3.0656602e-11
-3.0355784e-11
-3.0186489e-11
-3.058372e-11
-2.997546e-11
-3.0620163e-11
-3.0277808e-11
-3.0382346e-11
-3.0869921e-11
-3.060811e-11
-3.0277461e-11
-3.0206372e-11
-3.0663454e-11
-3.055757e-11
-3.0184397e-11
-3.0870202e-11
-3.0360457e-11
-3.048603e-11
-3.0997576e-11
-2.9741244e-11
-3.0623316e-11
-2.9987686e-11
-2.943663e-11
-3.0294045e-11
-2.9918033e-11
-3.054574e-11
-3.0219799e-11
-3.0681648e-11
-3.1220002e-11
-3.0787411e-11
-3.0249234e-11
-3.0554427e-11
-2.9817874e-11
-3.1053594e-11
-3.0293063e-11
-3.0613088e-11
-3.0038909e-11
-3.0280327e-11
-3.0672794e-11
-3.0199357e-11
-3.0526814e-11
-2.9904988e-11
-2.9784449e-11
-3.0290794e-11
-2.9899534e-11
-3.0337007e-11
-3.0195766e-11
-3.0463267e-11
-3.0312742e-11
-3.0375098e-11
-3.0848574e-11
-2.9918186e-11
-3.0141285e-11
-3.0298115e-11
-3.0639463e-11
-3.0892882e-11
-2.9680293e-11
-3.0325156e-11
-3.0200713e-11
-3.0178242e-11
-3.0947585e-11
-3.0383637e-11
-3.0828579e-11
-3.1274743e-11
-3.0427213e-11
-3.0584264e-11
-3.0658164e-11
-3.0884746e-11
-3.0804852e-11
-3.0570418e-11
-3.1269789e-11
-3.011881e-11
-3.053403e-11
-3.0719861e-11
-2.9625132e-11
-3.1135077e-11
-3.0054143e-11
-3.0618726e-11
-3.1021411e-11
-3.0571434e-11
-3.1415575e-11
-3.0766736e-11
-3.0517804e-11
-3.0479258e-11
-3.0089573e-11
-2.9995211e-11
-2.9952603e-11
-3.0086433e-11
-3.0077593e-11
-3.0376032e-11
-3.0232077e-11
-2.9729691e-11
-3.0011601e-11
-3.0664249e-11
-3.0753618e-11
-3.0435893e-11
-3.1021245e-11
-3.0685461e-11
-3.0987029e-11
-3.0451929e-11
-2.9801953e-11
-3.0340255e-11
-3.0756883e-11
-3.0032161e-11
-3.0579171e-11
-3.0137649e-11
-2.9989861e-11
-3.0214147e-11
-2.9757266e-11
-3.0118488e-11
-3.0987352e-11
-3.0362622e-11
-3.0343606e-11
-3.0388535e-11
-3.1139792e-11
-3.0425135e-11
-2.9925284e-11
-3.0798194e-11
-3.0352065e-11
-3.0395658e-11
-3.0978446e-11
-2.9989535e-11
-3.1209955e-11
-3.0591876e-11
-3.0320437e-11
-3.0350306e-11
-3.0385233e-11
-3.0577443e-11
-3.1104352e-11
-3.0643651e-11
-3.1406926e-11
-3.075773e-11
-3.0361283e-11
-3.0795887e-11
-3.0459451e-11
-3.0823601e-11
-3.0767174e-11
-3.0804716e-11
-3.1284881e-11
-3.0551724e-11
-3.1345832e-11
-3.1169355e-11
-3.0221495e-11
-3.0766376e-11
-3.1216592e-11
-3.0421721e-11
-3.0765879e-11
-3.1018129e-11
-3.0651644e-11
-3.0841493e-11
-3.0284691e-11
-3.0505862e-11
-3.0619694e-11
-3.0398271e-11
-3.0259798e-11
-3.0664252e-11
-3.0324809e-11
-3.1031292e-11
-3.0276812e-11
-3.0816731e-11
-3.1117945e-11
-3.0782141e-11
-3.0754222e-11
-3.1459564e-11
-3.0762119e-11
-3.1067659e-11
-3.1060512e-11
-3.0679008e-11
-3.0440653e-11
-3.0562098e-11
-3.1079739e-11
-3.0210938e-11
-3.0014227e-11
-3.0492754e-11
-2.9674669e-11
-3.0982498e-11
-2.9947628e-11
-3.0413987e-11
-3.0674564e-11
-3.0001217e-11
-3.074193e-11
-3.0526141e-11
-3.0079206e-11
-3.0641368e-11
-2.9790777e-11
-3.0801649e-11
-3.0511909e-11
-2.9990819e-11
-3.0207951e-11
-3.0190142e-11
-3.0415375e-11
-3.0328136e-11
-2.9943627e-11
-3.0249688e-11
-3.0804592e-11
-3.0819416e-11
-3.0557921e-11
-3.0332563e-11
-3.0646281e-11
-3.0377506e-11
-3.0258976e-11
-3.0696133e-11
-3.0250916e-11
-3.0911943e-11
-3.1088798e-11
-3.1381869e-11
-3.0764093e-11
-3.0294479e-11
-3.0266345e-11
-3.0181128e-11
-3.0013034e-11
-3.0615791e-11
-3.0423199e-11
-3.0101147e-11
-3.1079972e-11
-3.0767458e-11
-3.0227553e-11
-3.0393785e-11
-3.0533839e-11
-3.0898735e-11
-3.1702297e-11
-2.998303e-11
-3.0382231e-11
-3.0542933e-11
-3.0066186e-11
-3.0343533e-11
-2.9373587e-11
-3.0026103e-11
-3.0438572e-11
-3.0065235e-11
-3.060803e-11
-3.0431484e-11
-3.0735466e-11
-3.074643e-11
-3.0135623e-11
-3.0110102e-11
-2.9687256e-11
-3.0076958e-11
-3.0757154e-11
-3.0481406e-11
-3.1029228e-11
-2.9625441e-11
-2.9905467e-11
-3.105954e-11
-2.9713808e-11
-3.0618202e-11
-3.051252e-11
-2.9988879e-11
-2.9961696e-11
-3.0149987e-11
-3.0706535e-11
-3.0525419e-11
-3.0075702e-11
-3.0858201e-11
-3.1329973e-11
-3.1035015e-11
-3.0936132e-11
-3.0839754e-11
-3.101476e-11
-3.1042734e-11
-2.9899309e-11
-3.0262088e-11
-3.0972478e-11
-3.0259139e-11
-3.1231368e-11
-3.0870247e-11
-3.0740351e-11
-3.1123552e-11
-3.0755485e-11
-3.1178501e-11
-3.1422968e-11
-3.1340142e-11
-3.194317e-11
-3.1970451e-11
-3.1433741e-11
-3.20147e-11
-3.1009893e-11
-3.192294e-11
-3.1283774e-11
-3.0874595e-11
-3.1657208e-11
-3.1079871e-11
-3.1527878e-11
-3.1009088e-11
-3.0389261e-11
-3.1514447e-11
-3.0555142e-11
-3.0872801e-11
-3.1334386e-11
-3.087517e-11
-3.1126862e-11
-3.0979542e-11
-3.069674e-11
-3.0997989e-11
-3.0823122e-11
-3.0714799e-11
-3.0410518e-11
-3.0898409e-11
-3.1533529e-11
-3.1079805e-11
-3.0434901e-11
-3.0701473e-11
-3.0560356e-11
-3.096683e-11
-3.0603249e-11
-3.1168207e-11
-3.1161393e-11
-3.0441025e-11
-3.0926949e-11
-3.0766688e-11
-3.0248894e-11
-3.004122e-11
-3.0247107e-11
-3.0160395e-11
-3.0468933e-11
-2.9838011e-11
-3.0390686e-11
-2.9852815e-11
-3.0373138e-11
-3.0894242e-11
-3.046121e-11
-3.0431137e-11
-3.0768579e-11
-3.0206622e-11
-3.0224039e-11
-3.0468638e-11
-2.995167e-11
-3.1233374e-11
-3.043742e-11
-2.9987103e-11
-3.08212e-11
-3.0404568e-11
-2.9847947e-11
-3.0726664e-11
-2.9877923e-11
-3.040301e-11
-3.0185746e-11
-3.0378818e-11
-3.0044602e-11
-2.9494455e-11
-3.1037835e-11
-3.0618778e-11
-3.0692341e-11
-3.0960522e-11
-3.0009231e-11
-3.0569262e-11
-2.987845e-11
-2.9926495e-11
-3.0672152e-11
-3.0322356e-11
-3.0903672e-11
-3.0519455e-11
-3.0619434e-11
-3.0668704e-11
-3.0305675e-11
-3.0756026e-11
-2.9951274e-11
-2.9480838e-11
-2.9438951e-11
-3.0468527e-11
-3.014046e-11
-3.0328424e-11
-3.0245324e-11
-3.0144331e-11
-3.0010557e-11
-3.020988e-11
-3.0308547e-11
-3.0150538e-11
-2.9944467e-11
-3.0067587e-11
-3.088798e-11
-3.0217107e-11
-3.0241309e-11
-3.0581152e-11
-3.0594305e-11
-3.1123364e-11
-3.0264194e-11
-3.0532306e-11
-3.0606379e-11
-3.0574262e-11
-3.0135297e-11
-3.0098122e-11
-3.0149064e-11
-3.0719066e-11
-2.973264e-11
-3.0401494e-11
-3.0292501e-11
-3.046877e-11
-2.9773971e-11
-3.0065599e-11
-3.0819951e-11
-3.0310417e-11
-3.0317908e-11
-3.0249192e-11
-3.004811e-11
-3.0736122e-11
-2.9739565e-11
-3.0339956e-11
-3.1058212e-11
-3.0474737e-11
-3.0479379e-11
-3.0922515e-11
-3.0853074e-11
-3.063054e-11
-3.0888504e-11
-3.0811409e-11
-3.0405848e-11
-3.0288928e-11
-3.122758e-11
-3.0941985e-11
-3.0919437e-11
-3.12711e-11
-3.0843033e-11
-3.0989943e-11
-3.0426543e-11
-3.0413807e-11
-3.0871923e-11
-3.0136369e-11
-3.0861952e-11
-3.0755995e-11
-3.1469796e-11
-3.0974893e-11
-3.0489427e-11
-3.0850274e-11
-3.0158018e-11
-3.0599339e-11
-3.0321506e-11
-3.0562847e-11
-3.1037336e-11
-3.0845219e-11
-2.9902147e-11
-3.0215021e-11
-3.0766369e-11
-3.056505e-11
-3.0168753e-11
-3.1317851e-11
-3.0348665e-11
-3.0884659e-11
-3.0304568e-11
-2.9554702e-11
-3.1189287e-11
-3.0054841e-11
-3.1078178e-11
-3.0771146e-11
-3.0894516e-11
-3.0871011e-11
-2.9517454e-11
-3.0565998e-11
-3.0006372e-11
-3.0324705e-11
-3.1132198e-11
-3.0056777e-11
-3.1368911e-11
-3.1479586e-11
-3.0480268e-11
-3.0705945e-11
-3.0253498e-11
-2.9817593e-11
-3.1009334e-11
-3.0773058e-11
-3.0055416e-11
-3.0613057e-11
-3.0674369e-11
-3.048806e-11
-3.0115761e-11
-3.0308686e-11
-2.9856034e-11
-3.046418e-11
-3.0844282e-11
-3.0340619e-11
-3.0555135e-11
-3.0580229e-11
-3.0351777e-11
-3.0113301e-11
-2.9958275e-11
-3.0198982e-11
-3.1024874e-11
-3.0767666e-11
-3.074575e-11
-3.0022287e-11
-3.0241466e-11
-3.0198233e-11
-2.9941306e-11
-3.0171348e-11
-3.0782769e-11
-3.0459163e-11
-2.9672032e-11
-3.013341e-11
-3.0929301e-11
-3.0628392e-11
-3.0313165e-11
-3.0272219e-11
-3.092868e-11
-3.0530075e-11
-3.0262445e-11
-3.0703932e-11
-2.9977763e-11
-3.076633e-11
-3.0757227e-11
-3.0709858e-11
-3.0933991e-11
-2.9941761e-11
-3.0596092e-11
-3.0869723e-11
-3.0202243e-11
-3.0610729e-11
-3.0019733e-11
-3.0453723e-11
-3.050929e-11
-3.0062144e-11
-3.0721529e-11
-2.9701665e-11
-3.054727e-11
-3.0454122e-11
-3.0179897e-11
-3.0519573e-11
-3.0009828e-11
-3.0664676e-11
-3.0718796e-11
-3.0225426e-11
-3.0382908e-11
-2.9957356e-11
-3.0471591e-11
-3.0475591e-11
-2.9852822e-11
-3.0638731e-11
-3.0073766e-11
-2.98137e-11
-2.9848592e-11
-2.9804145e-11
-3.0391922e-11
-3.0291641e-11
-3.0094503e-11
-2.9737594e-11
-2.9558449e-11
-2.9575651e-11
-2.9536377e-11
-2.9683707e-11
-3.034668e-11
-3.0041813e-11
-2.9945608e-11
-2.9359726e-11
-2.9532262e-11
-2.9636932e-11
-3.0239769e-11
-2.9702431e-11
-2.9968125e-11
-2.9704694e-11
-2.9773885e-11
-2.9858824e-11
-2.9947614e-11
-2.8853357e-11
-2.9579717e-11
-2.9953966e-11
-2.9720098e-11
-3.0028455e-11
-2.9589973e-11
-3.0764398e-11
-2.9672587e-11
-2.9690729e-11
-2.9568098e-11
-2.9444443e-11
-2.9295181e-11
-2.9613187e-11
-2.9328293e-11
-2.9365451e-11
-2.9021287e-11
-2.9688942e-11
-2.9639378e-11
-2.9208233e-11
-3.0647995e-11
-2.8919771e-11
-3.0026964e-11
-2.9778673e-11
-2.9116844e-11
-2.9694868e-11
-2.8932584e-11
-2.920943e-11
-3.0204356e-11
-2.972781e-11
-2.9738618e-11
-2.9580016e-11
-2.924656e-11
-3.0531896e-11
-2.9553505e-11
-2.982635e-11
-2.949023e-11
-2.9518849e-11
-3.0019449e-11
-2.9582184e-11
-3.0050375e-11
-2.9631381e-11
-2.9673083e-11
-3.0235363e-11
-3.006688e-11
-3.0262709e-11
-2.9334982e-11
-2.9567779e-11
-2.9840463e-11
-3.0306372e-11
-2.9850119e-11
-3.0082218e-11
-3.0018418e-11
-3.0051562e-11
-3.0269873e-11
-3.0077999e-11
-3.0236647e-11
-3.0173173e-11
-3.0166841e-11
-3.0125399e-11
-3.019798e-11
-2.9630659e-11
-3.0908699e-11
-3.0246108e-11
-3.0112898e-11
-3.0311406e-11
-3.0219487e-11
-3.0389136e-11
-3.0069676e-11
-2.9407012e-11
-3.1174029e-11
-3.0494812e-11
-3.0618879e-11
-3.0813515e-11
-3.0583071e-11
-3.0955832e-11
-2.973272e-11
-2.9938083e-11
-3.0919677e-11
-3.0441056e-11
-2.9655629e-11
-3.0021152e-11
-2.9704524e-11
-3.1121741e-11
-2.9728716e-11
-3.0883004e-11
-3.0613886e-11
-3.0763423e-11
-3.1682573e-11
-3.0461713e-11
-3.1098207e-11
-3.0903946e-11
-3.0360832e-11
-3.0640854e-11
-3.0075446e-11
-3.0351419e-11
-3.0233097e-11
-3.0115365e-11
-3.0663017e-11
-3.023487e-11
-2.9933049e-11
-2.978728e-11
-2.9991325e-11
-2.998549e-11
-3.0399214e-11
-3.0657664e-11
-3.0177093e-11
-2.9775678e-11
-3.0012923e-11
-3.0706743e-11
-3.0236584e-11
-3.0272448e-11
-3.075612e-11
-3.0665817e-11
-3.0191922e-11
-3.063394e-11
-2.9745942e-11
-3.0030912e-11
-2.9853248e-11
-3.0281083e-11
-3.1030133e-11
-2.9923782e-11
-3.0574029e-11
-2.9972379e-11
-3.041636e-11
-3.0851599e-11
-3.0514837e-11
-3.0777887e-11
-3.0571098e-11
-2.997411e-11
-3.0870931e-11
-3.0836719e-11
-3.0311035e-11
-3.0439019e-11
-2.9114391e-11
-3.0601108e-11
-3.048552e-11
-2.9950795e-11
-3.0581659e-11
-3.0514657e-11
-3.0987039e-11
-3.0390874e-11
-3.0268905e-11
-3.0341826e-11
-2.9466544e-11
-3.0005318e-11
-3.0299586e-11
-2.989713e-11
-3.014235e-11
-3.0590502e-11
-2.9624764e-11
-3.0292345e-11
-3.0395464e-11
-2.9796939e-11
-3.0257238e-11
-3.0681228e-11
-3.0177305e-11
-3.0855249e-11
-3.116862e-11
-3.0828791e-11
-3.0538069e-11
-2.9920413e-11
-3.0499794e-11
-3.0150046e-11
-3.0058792e-11
-3.0372017e-11
-3.0418588e-11
-2.9926572e-11
-3.0395943e-11
-3.0014442e-11
-3.0389996e-11
-2.9347455e-11
-3.0409317e-11
-2.9855202e-11
-3.0075553e-11
-3.0590867e-11
-2.9607282e-11
-3.0121166e-11
-3.0456068e-11
-2.968795e-11
-3.0777259e-11
-2.9987207e-11
-2.9340686e-11
-2.9921177e-11
-2.9511203e-11
-3.0320163e-11
-3.0121666e-11
-2.9431565e-11
-2.9688012e-11
-2.9548867e-11
-3.0020552e-11
-3.0036688e-11
-3.0024504e-11
-3.0667469e-11
-2.9989369e-11
-3.0677398e-11
-2.9792828e-11
-2.9329476e-11
-3.0413509e-11
-3.0202472e-11
-2.9973021e-11
-3.0280931e-11
-3.0336747e-11
-3.0224129e-11
-3.0641292e-11
-2.9962057e-11
-3.0639082e-11
-3.0503686e-11
-3.0202046e-11
-3.0072386e-11
-3.0438561e-11
-3.0375192e-11
-3.0456995e-11
-3.0223164e-11
-3.0231855e-11
-3.0516877e-11
-2.9763018e-11
-3.0133167e-11
-2.9554831e-11
-3.0458143e-11
-3.073998e-11
-2.9780022e-11
-3.0626435e-11
-3.005253e-11
-2.9503493e-11
-3.0491155e-11
-2.9750962e-11
-3.0084789e-11
-3.0017225e-11
-3.0131363e-11
-3.0299412e-11
-2.9975203e-11
-3.0727528e-11
-3.0403704e-11
-2.9514724e-11
-2.9343101e-11
-2.9765832e-11
-3.030309e-11
-3.0557088e-11
-2.9491697e-11
-2.9824736e-11
-2.9422024e-11
-2.98109e-11
-2.9816885e-11
-2.917586e-11
-3.0692164e-11
-2.9964198e-11
-2.9734999e-11
-3.0865345e-11
-2.9990257e-11
-3.0170536e-11
-2.9741692e-11
-2.950019e-11
-3.0375247e-11
-2.9663126e-11
-2.9552215e-11
-2.9990614e-11
-2.9828938e-11
-3.015773e-11
-2.9826364e-11
-3.0079661e-11
-2.9777503e-11
-2.9776927e-11
-3.0003576e-11
-3.0382388e-11
-2.9909967e-11
-2.9543212e-11
-2.9757499e-11
-2.9593019e-11
-2.9333615e-11
-3.0531338e-11
-2.9792658e-11
-2.969654e-11
-3.0241011e-11
-3.0960623e-11
-3.0817078e-11
-2.9705887e-11
-3.0379265e-11
-3.1172301e-11
-3.0727535e-11
-3.0645469e-11
-3.0370158e-11
-3.071977e-11
-3.0841173e-11
-2.97458e-11
-3.021991e-11
-2.9844485e-11
-3.0705518e-11
-2.9787527e-11
-2.9563952e-11
-3.0701712e-11
-2.9683336e-11
-3.0488907e-11
-3.0666882e-11
-3.0581121e-11
-3.0866386e-11
-2.9703705e-11
-3.0556981e-11
-3.0521041e-11
-3.0092456e-11
-3.0431872e-11
-3.0747609e-11
-3.0175144e-11
-3.0277975e-11
-3.0290204e-11
-3.0338825e-11
-3.0540553e-11
-2.9167471e-11
-3.0303586e-11
-2.9878273e-11
-2.9198238e-11
-3.0480431e-11
-2.9506897e-11
-2.9515071e-11
-2.9519668e-11
-2.9912139e-11
-2.9708354e-11
-3.0166841e-11
-2.9839249e-11
-2.9512157e-11
-2.9672848e-11
-2.9911424e-11
-2.9916184e-11
-2.9074122e-11
-2.9759292e-11
-3.0622574e-11
-2.9769909e-11
-2.9651736e-11
-3.0488632e-11
-3.0142697e-11
-2.9886649e-11
-2.8958315e-11
-2.957502e-11
-3.0178495e-11
-2.947842e-11
-3.0598881e-11
-2.9807847e-11
-2.9603063e-11
-3.0198271e-11
-2.9316743e-11
-3.0377013e-11
-2.9201919e-11
-2.983579e-11
-3.0264607e-11
-2.9288627e-11
-2.9873382e-11
-2.9568195e-11
-2.9864142e-11
-3.0122658e-11
-3.0182034e-11
-3.1035632e-11
-3.003417e-11
-2.9271779e-11
-3.0148349e-11
-2.9703476e-11
-3.0594173e-11
-2.9645258e-11
-2.9467737e-11
-3.0183616e-11
-2.9113795e-11
-2.9767609e-11
-3.0090031e-11
-3.0044241e-11
-3.0559583e-11
-3.031415e-11
-2.9829972e-11
-2.9934347e-11
-3.0037296e-11
-2.9993247e-11
-3.0157751e-11
-3.0003756e-11
-2.9498036e-11
-3.033223e-11
-3.0464367e-11
-3.0718185e-11
-3.0468933e-11
-3.0420257e-11
-3.0505733e-11
-3.0627181e-11
-3.0789243e-11
-3.0262303e-11
-3.1009511e-11
-3.0530505e-11
-3.0506479e-11
-3.0266858e-11
-3.0435512e-11
-3.0270626e-11
-3.1063638e-11
-3.026069e-11
-3.1303776e-11
-3.0467625e-11
-2.9400635e-11
-3.0260978e-11
-2.9700079e-11
-2.9867078e-11
-2.9607039e-11
-2.9727335e-11
-3.0728163e-11
-3.0535862e-11
-3.0528333e-11
-3.0253917e-11
-2.9732206e-11
-3.0633562e-11
-3.0723212e-11
-3.016502e-11
-3.0732951e-11
-3.0336574e-11
-2.9779314e-11
-3.0799353e-11
-3.0230412e-11
-3.0619812e-11
-3.0443852e-11
-3.0149421e-11
-3.0663479e-11
-3.008091e-11
-3.0366269e-11
-3.0826397e-11
-3.0328774e-11
-3.0293257e-11
-3.0495089e-11
-3.0006119e-11
-3.0295932e-11
-3.0181649e-11
-3.0984687e-11
-3.001694e-11
-3.021456e-11
-3.0187641e-11
-2.9222777e-11
-2.9872216e-11
-3.0094194e-11
-3.1094974e-11
-3.1400573e-11
-3.1520613e-11
-3.1462149e-11
-3.1064273e-11
-3.074839e-11
-3.0739276e-11
-3.1557843e-11
-3.1073064e-11
-3.0751769e-11
-3.1523801e-11
-3.0972419e-11
-3.0776139e-11
-3.0371761e-11
-3.1395282e-11
-3.1228974e-11
-3.0468079e-11
-3.0759787e-11
-3.041763e-11
-3.08122e-11
-3.1380881e-11
-3.043708e-11
-3.1199387e-11
-3.1455439e-11
-3.0430089e-11
-3.0732944e-11
-3.0146784e-11
-3.0655568e-11
-3.1306086e-11
-3.0339793e-11
-3.0480916e-11
-3.046528e-11
-2.9974891e-11
-3.0618393e-11
-3.1259068e-11
-3.0414969e-11
-3.0280563e-11
-3.0569016e-11
-3.0444144e-11
-3.0433774e-11
-3.1116651e-11
-3.0662067e-11
-3.0836587e-11
-3.0985617e-11
-3.0243519e-11
-3.0327674e-11
-3.0216985e-11
-2.9962369e-11
-3.1046391e-11
-3.0661904e-11
-3.0026624e-11
-3.0644966e-11
-3.0666875e-11
-3.0483803e-11
-2.9856929e-11
-3.0275421e-11
-3.0033864e-11
-3.0095263e-11
-2.9820348e-11
-2.9589883e-11
-3.0414265e-11
-3.0291054e-11
-3.0514723e-11
-2.9667095e-11
-2.9752759e-11
-3.0199617e-11
-2.9955514e-11
-2.9994601e-11
-2.9545442e-11
-3.0190243e-11
-3.0087183e-11
-2.9804759e-11
-3.0327775e-11
-2.997223e-11
-2.9516323e-11
-3.0471216e-11
-3.0052929e-11
-2.971284e-11
-2.9941143e-11
-2.960969e-11
-3.0247391e-11
-2.9760916e-11
-3.0107694e-11
-3.0428018e-11
-2.982432e-11
-3.0188008e-11
-3.0058126e-11
-3.0508571e-11
-3.0767357e-11
-3.0100727e-11
-3.0455811e-11
-2.9991797e-11
-3.0395596e-11
-3.0398895e-11
-3.0073381e-11
-3.0456627e-11
-2.9449061e-11
-2.9161555e-11
-3.0010151e-11
-2.9456729e-11
-2.9505003e-11
-2.9429143e-11
-2.9970491e-11
-3.0262324e-11
-2.9735363e-11
-3.0347978e-11
-2.9562235e-11
-2.9811837e-11
-3.0281042e-11
-2.9314079e-11
-2.9585157e-11
-2.9483787e-11
-2.9579197e-11
-3.0185139e-11
-2.9636144e-11
-2.9768164e-11
-3.027021e-11
-2.9891905e-11
-2.9312587e-11
-3.0291821e-11
-3.0268257e-11
-2.9924611e-11
-3.0341618e-11
-2.9789431e-11
-2.9708166e-11
-3.0103958e-11
-2.9050604e-11
-3.0271403e-11
-3.0046188e-11
-3.0301948e-11
-3.0172954e-11
-2.9033111e-11
-2.9675543e-11
-3.0577822e-11
-3.0673641e-11
-2.9756312e-11
-2.9599462e-11
-2.9954039e-11
-2.9992772e-11
-3.0014935e-11
-3.0741309e-11
-2.9761266e-11
-3.0582172e-11
-3.056554e-11
-2.9961759e-11
-3.1231844e-11
-2.9936022e-11
-2.9405218e-11
-3.0172687e-11
-2.9416965e-11
-2.9965044e-11
-3.0127879e-11
-2.958777e-11
-3.0385555e-11
-2.9777861e-11
-3.0129687e-11
-3.0146583e-11
-2.952753e-11
-3.0172777e-11
-2.9407261e-11
-2.9890552e-11
-3.0480323e-11
-3.0233111e-11
-3.0613963e-11
-2.9668552e-11
-2.9930166e-11
-3.016716e-11
-3.0189261e-11
-2.9947132e-11
-3.0184858e-11
-3.0247971e-11
-3.0023747e-11
-3.0133829e-11
-3.0165304e-11
-2.9960579e-11
-3.0552779e-11
-3.0093983e-11
-3.0872662e-11
-3.0637222e-11
-3.0743564e-11
-2.9812278e-11
-3.0158792e-11
-3.0349463e-11
-3.0329284e-11
-3.0192727e-11
-3.0204374e-11
-2.9863986e-11
-3.0192963e-11
-2.9937372e-11
-3.0358993e-11
-3.1003432e-11
-2.9484873e-11
-3.0515777e-11
-3.0570636e-11
-2.9830787e-11
-3.0512884e-11
-2.9918269e-11
-3.0124434e-11
-3.0919583e-11
-2.9656343e-11
-3.0854506e-11
-2.9761353e-11
-2.9979387e-11
-3.0723195e-11
-2.9978853e-11
-3.1100081e-11
-3.0004266e-11
-3.0343797e-11
-3.0638162e-11
-3.012509e-11
-3.0434842e-11
-3.0119317e-11
-2.9508878e-11
-2.9836481e-11
-3.0090919e-11
-3.0803228e-11
-3.0161602e-11
-2.9896439e-11
-2.98657e-11
-3.0305477e-11
-3.0301608e-11
-3.0358483e-11
-3.0653816e-11
-3.0502469e-11
-3.0563201e-11
-3.0227092e-11
-3.0624867e-11
-3.0431279e-11
-3.025076e-11
-3.0203316e-11
-3.0224493e-11
-3.0190975e-11
-3.0515944e-11
-2.9995863e-11
-3.0265034e-11
-3.080922e-11
-3.0114126e-11
-3.0443856e-11
-3.0418657e-11
-3.0962368e-11
-3.0476396e-11
-2.9748183e-11
-3.0434121e-11
-3.0173378e-11
-3.0698732e-11
-3.1461167e-11
-2.9828279e-11
-2.9983127e-11
-3.0409068e-11
-3.0416409e-11
-3.1236319e-11
-3.0309668e-11
-3.0702618e-11
-3.1570288e-11
-3.0395048e-11
-3.1023281e-11
-3.0289556e-11
-3.0857625e-11
-3.0854666e-11
-2.9890521e-11
-3.0764075e-11
-2.9861578e-11
-3.0239127e-11
-3.0913383e-11
-3.0049688e-11
-3.0960377e-11
-3.0796993e-11
-2.9780831e-11
-3.0524201e-11
-3.0708745e-11
-2.9913964e-11
-3.0437642e-11
-3.0958337e-11
-3.0942793e-11
-3.1012862e-11
-3.0448779e-11
-3.0071497e-11
-3.0465831e-11
-3.0293486e-11
-3.0723278e-11
-3.0243173e-11
-3.0440893e-11
-3.0823483e-11
-3.0302184e-11
-3.0610403e-11
-2.9657211e-11
-3.0403891e-11
-3.0317769e-11
-3.0137195e-11
-3.085782e-11
-3.0708758e-11
-2.9938465e-11
-3.138861e-11
-3.0809532e-11
-3.1194207e-11
-3.1808226e-11
-2.99465e-11
-3.0471493e-11
-3.0296581e-11
-3.0581388e-11
-3.1326799e-11
-2.9996922e-11
-3.097287e-11
-3.0804834e-11
-2.9746764e-11
-3.1390474e-11
-3.0203024e-11
-3.0719767e-11
-3.1365594e-11
-3.021559e-11
-3.0570185e-11
-3.0140515e-11
-3.0491065e-11
-3.0635047e-11
-2.9809516e-11
-3.060904e-11
-3.0016403e-11
-2.9600912e-11
-3.0368857e-11
-3.0138069e-11
-2.9658751e-11
-3.0881322e-11
-3.0019629e-11
-3.0027942e-11
-3.0003708e-11
-3.0160336e-11
-2.9954723e-11
-2.9482985e-11
-3.0261842e-11
-3.0403673e-11
-3.0523483e-11
-3.0154598e-11
-3.0014203e-11
-3.0580975e-11
-3.0235713e-11
-2.9616021e-11
-2.980214e-11
-2.9860097e-11
-2.9451448e-11
-3.0507343e-11
-3.0321294e-11
-2.9877986e-11
-3.0307021e-11
-3.0188532e-11
-3.0214112e-11
-3.0546191e-11
-2.9523148e-11
-2.9937833e-11
-3.066853e-11
-2.9721618e-11
-3.0032841e-11
-2.9786482e-11
-3.0566879e-11
-3.0077461e-11
-2.9358668e-11
-3.0771163e-11
-3.0113537e-11
-3.0519413e-11
-3.0234159e-11
-2.9673448e-11
-3.0058421e-11
-2.930612e-11
-2.9572185e-11
-3.0307989e-11
-2.9075017e-11
-2.9768521e-11
-2.9872497e-11
-3.0146236e-11
-3.0466137e-11
-3.0012909e-11
-3.0351589e-11
-2.957392e-11
-2.9705731e-11
-2.9772584e-11
-2.995949e-11
-2.9678166e-11
-2.9698841e-11
-3.0096436e-11
-2.9476699e-11
-2.9613437e-11
-2.9670627e-11
-3.0209359e-11
-2.9786472e-11
-3.0338707e-11
-3.0162716e-11
-2.9754577e-11
-3.0609282e-11
-2.9817416e-11
-2.9290376e-11
-2.9965443e-11
-3.0263254e-11
-2.9818703e-11
-3.01312e-11
-2.9939294e-11
-3.02053e-11
-3.0537271e-11
-2.9564347e-11
-3.0120548e-11
-2.940493e-11
-2.9196791e-11
-3.0386971e-11
-2.9413059e-11
-3.0175921e-11
-2.994277e-11
-2.9660271e-11
-3.0079304e-11
-2.9001504e-11
-3.0254684e-11
-3.0198073e-11
-3.0152859e-11
-3.0612148e-11
-2.9556524e-11
-2.9939971e-11
-2.9814536e-11
-2.9729046e-11
-3.1052296e-11
-2.9893327e-11
-2.9993816e-11
-3.0242142e-11
-2.9161465e-11
-3.0218543e-11
-2.9759337e-11
-2.9782236e-11
-3.0532275e-11
-3.0405095e-11
-3.0995886e-11
-3.0077763e-11
-2.9574159e-11
-2.9994451e-11
-3.013987e-11
-3.0996376e-11
-2.98001e-11
-3.0097102e-11
-3.0329048e-11
-2.9913974e-11
-2.9256451e-11
-2.982015e-11
-2.9774686e-11
-2.9555136e-11
-3.0245542e-11
-2.9820989e-11
-2.9714523e-11
-2.9867948e-11
-3.0229253e-11
-2.9932366e-11
-3.0450479e-11
-2.9606321e-11
-2.9664285e-11
-2.9977246e-11
-3.0590024e-11
-3.0360495e-11
-3.0375018e-11
-3.0104089e-11
-2.9869038e-11
-3.0113387e-11
-2.9606349e-11
-2.8827255e-11
-3.0450531e-11
-3.0658063e-11
-3.0117936e-11
-3.0789791e-11
-3.038883e-11
-3.0501407e-11
-3.0275258e-11
-3.0531924e-11
-3.085418e-11
-2.9984761e-11
-3.0260947e-11
-3.0504113e-11
-3.0392206e-11
-3.0464214e-11
-2.9928175e-11
-3.0138839e-11
-3.0499457e-11
-3.0245806e-11
-3.0662355e-11
-2.9835502e-11
-3.0442964e-11
-3.0921491e-11
-3.0000082e-11
-2.9897588e-11
-2.9587298e-11
-3.049502e-11
-3.0564915e-11
-3.0236747e-11
-2.962507e-11
-3.0329409e-11
-3.0100873e-11
-3.1152154e-11
-2.9875241e-11
-3.0259989e-11
-3.0588119e-11
-3.0573349e-11
-3.0946041e-11
-3.0463496e-11
-3.0339956e-11
-2.9925569e-11
-3.0435789e-11
-3.0491588e-11
-3.0258237e-11
-3.0693958e-11
-2.96572e-11
-3.0524135e-11
-3.0511569e-11
-3.0582242e-11
-3.060972e-11
-2.9862429e-11
-3.0492331e-11
-3.0405404e-11
-3.0202969e-11
-3.1328624e-11
-2.9694646e-11
-3.0654469e-11
-3.0915884e-11
-3.0582394e-11
-3.0746055e-11
-3.0547374e-11
-3.0431459e-11
-3.0622612e-11
-3.0546687e-11
-3.0903963e-11
-3.0592168e-11
-3.0672957e-11
-3.0152894e-11
-3.0306098e-11
-3.0847061e-11
-2.9717014e-11
-3.0064267e-11
-3.1140042e-11
-2.9905668e-11
-3.0896705e-11
-3.0256783e-11
-3.0594232e-11
-3.0976485e-11
-3.0652023e-11
-3.0324555e-11
-3.0762119e-11
-3.0507603e-11
-3.1148636e-11
-3.0092939e-11
-3.118459e-11
-2.99075e-11
-3.0252214e-11
-3.0970632e-11
-3.0107448e-11
-3.0515739e-11
-2.9719747e-11
-3.0725606e-11
-3.0849726e-11
-2.9927519e-11
-3.0669207e-11
-3.0593691e-11
-3.0046059e-11
-3.0548241e-11
-3.0256776e-11
-3.0158161e-11
-2.9719421e-11
-2.9874735e-11
-3.0024237e-11
-3.0205519e-11
-3.0985436e-11
-3.0718043e-11
-3.1168644e-11
-3.0825793e-11
-3.0316857e-11
-3.0305786e-11
-3.0129347e-11
-3.0945201e-11
-2.9685358e-11
-3.0048606e-11
-3.0649438e-11
-3.0275144e-11
-3.0943047e-11
-2.9932608e-11
-2.9335881e-11
-3.0128566e-11
-2.9590125e-11
-2.9999451e-11
-2.9799916e-11
-2.9966949e-11
-3.0375039e-11
-3.004056e-11
-3.033165e-11
-2.9960128e-11
-3.0332521e-11
-3.0654833e-11
-3.0274321e-11
-2.9767112e-11
-3.0053154e-11
-3.0629624e-11
-3.0655086e-11
-2.9373309e-11
-2.9899548e-11
-3.0505574e-11
-3.0109113e-11
-3.0742166e-11
-3.0153578e-11
-3.0131061e-11
-3.0343197e-11
-3.0297292e-11
-3.0045494e-11
-3.0881346e-11
-3.0463392e-11
-3.0424031e-11
-3.0120198e-11
-3.050012e-11
-3.0178832e-11
-3.0291641e-11
-3.079555e-11
-3.0785645e-11
-3.0259767e-11
-3.0655214e-11
-3.0544338e-11
-3.0353733e-11
-3.0497035e-11
-3.0743682e-11
-3.0185434e-11
-3.0139741e-11
-3.0376694e-11
-3.069222e-11
-3.0700387e-11
-3.0018214e-11
-3.0087037e-11
-3.0051042e-11
-2.9815372e-11
-3.0316274e-11
-3.0561005e-11
-3.014694e-11
-3.0047558e-11
-3.0199416e-11
-3.0382412e-11
-3.0105252e-11
-3.0729766e-11
-3.0235359e-11
-3.0461193e-11
-3.0278516e-11
-3.034387e-11
-3.0120476e-11
-3.148724e-11
-3.1130914e-11
-3.1407679e-11
-3.0069596e-11
-3.148426e-11
-3.129769e-11
-3.0560669e-11
-3.1002596e-11
-3.0187748e-11
-3.0778605e-11
-3.1117102e-11
-3.0577419e-11
-3.0455416e-11
-3.0103309e-11
-3.03048e-11
-3.0783247e-11
-3.001497e-11
-3.0477537e-11
-2.9679533e-11
-3.0185559e-11
-3.0686897e-11
-2.9846847e-11
-3.0533805e-11
-3.0766112e-11
-3.0944518e-11
-3.0763142e-11
-3.0545295e-11
-3.0485593e-11
-3.0258719e-11
-2.9869697e-11
-3.053181e-11
-3.0273426e-11
-3.0766719e-11
-3.0111937e-11
-3.0523088e-11
-3.0940674e-11
-3.0718889e-11
-3.1089385e-11
-3.0247995e-11
-3.0489541e-11
-3.0781648e-11
-3.0081909e-11
-3.0155892e-11
-3.0386586e-11
-3.1319589e-11
-3.0594187e-11
-3.0903325e-11
-3.0526429e-11
-3.035416e-11
-3.0955186e-11
-3.0263476e-11
-3.0414133e-11
-3.0464693e-11
-3.0193563e-11
-3.0793434e-11
-3.0528215e-11
-3.071993e-11
-3.2412462e-11
-3.1965618e-11
-3.2073063e-11
-3.1950921e-11
-3.1529761e-11
-3.1870517e-11
-3.1231705e-11
-3.1993342e-11
-3.1986171e-11
-3.1193298e-11
-3.1339861e-11
-3.0995713e-11
-3.136259e-11
-3.0759773e-11
-3.0437111e-11
-3.1005479e-11
-3.1578119e-11
-3.0407812e-11
-3.0708908e-11
-3.0625742e-11
-3.0532667e-11
-3.1156442e-11
-3.0099256e-11
-3.095188e-11
-3.1010659e-11
-3.0570879e-11
-2.9982992e-11
-3.0899359e-11
-3.1505118e-11
-3.0546017e-11
-3.0280278e-11
-3.0500553e-11
-3.0361692e-11
-3.0588743e-11
-3.0803294e-11
-3.0789211e-11
-3.0425242e-11
-3.111084e-11
-3.0241986e-11
-3.0493972e-11
-3.0509699e-11
-3.070728e-11
-3.0425981e-11
-3.0366817e-11
-3.0164555e-11
-3.0670768e-11
-3.0182346e-11
-3.0680816e-11
-3.0311087e-11
-2.9944706e-11
-3.0983206e-11
-3.0573929e-11
-3.0969716e-11
-3.1006992e-11
-3.0573422e-11
-3.0920055e-11
-3.0307978e-11
-3.0932555e-11
-3.1243723e-11
-3.095265e-11
-3.1213605e-11
-3.0401022e-11
-3.0940979e-11
-3.1367655e-11
-3.0312967e-11
-3.09801e-11
-3.0776621e-11
-3.040283e-11
-3.1909218e-11
-3.1296788e-11
-3.1109379e-11
-3.0952685e-11
-3.1078078e-11
-3.1283209e-11
-3.1243348e-11
-3.0590502e-11
-3.0323567e-11
-3.023537e-11
-3.0306715e-11
-3.0449716e-11
-3.0585555e-11
-3.1216956e-11
-3.008644e-11
-3.0001151e-11
-3.134424e-11
-3.0881749e-11
-3.1492059e-11
-3.1070015e-11
-3.0546302e-11
-3.1191692e-11
-3.0974182e-11
-3.113354e-11
-3.0286565e-11
-3.0453525e-11
-3.0696435e-11
-3.1074452e-11
-3.0454236e-11
-3.1271229e-11
-3.0706115e-11
-3.0821512e-11
-3.0806833e-11
-2.9614942e-11
-3.0750832e-11
-3.1457031e-11
-3.0432965e-11
-3.0499131e-11
-3.0264978e-11
-3.0990481e-11
-3.1146839e-11
-3.0161273e-11
-3.0898364e-11
-3.0236841e-11
-2.976169e-11
-3.0604148e-11
-3.0177909e-11
-3.0549271e-11
-2.9698022e-11
-3.0288497e-11
-3.0566463e-11
-2.9982249e-11
-3.0217197e-11
-2.9763532e-11
-3.0925335e-11
-3.0403544e-11
-3.0394902e-11
-3.0117252e-11
-3.014089e-11
-3.054015e-11
-3.1095033e-11
-3.0577773e-11
-3.0884618e-11
-2.9993442e-11
-3.0099895e-11
-3.1282376e-11
-3.0738048e-11
-3.071645e-11
-3.0664138e-11
-3.0108964e-11
-3.0443793e-11
-3.0553497e-11
-3.0470189e-11
-3.0055278e-11
-3.0429097e-11
-3.092749e-11
-3.0961633e-11
-3.0825505e-11
-2.9825111e-11
-3.1523527e-11
-3.081977e-11
-3.0961744e-11
-3.0892879e-11
-2.9839829e-11
-3.0795685e-11
-3.0364027e-11
-3.0701264e-11
-3.0673571e-11
-3.0514341e-11
-3.0254538e-11
-3.1056456e-11
-2.9977233e-11
-3.0429603e-11
-2.9901179e-11
-3.0648269e-11
-3.0764388e-11
-3.0076674e-11
-3.0963173e-11
-3.0188647e-11
-3.0689368e-11
-3.0131734e-11
-2.933739e-11
-3.0686766e-11
-3.0052471e-11
-3.0089771e-11
-3.0834387e-11
-2.9979037e-11
-3.0382939e-11
-3.0128781e-11
-3.0365769e-11
-3.1164103e-11
-3.1077588e-11
-3.0591307e-11
-3.0319584e-11
-3.0142257e-11
-3.0494936e-11
-3.0366407e-11
-2.9962505e-11
-2.9650303e-11
-3.0111871e-11
-3.0513675e-11
-3.0043419e-11
-3.0680243e-11
-2.9915535e-11
-3.0230738e-11
-3.0033392e-11
-3.0357175e-11
-3.0359895e-11
-3.017676e-11
-3.1112363e-11
-2.9947184e-11
-2.9645529e-11
-2.9997574e-11
-3.0013911e-11
-3.0379487e-11
-2.9990867e-11
-3.0249254e-11
-3.1140313e-11
-2.9879141e-11
-3.0270175e-11
-3.0918504e-11
-3.0678435e-11
-3.091747e-11
-3.0374391e-11
-3.075459e-11
-3.135156e-11
-3.0619951e-11
-3.0647738e-11
-3.0101515e-11
-3.1552181e-11
-3.1189648e-11
-3.0577922e-11
-3.0812707e-11
-3.0005418e-11
-3.0268069e-11
-3.093199e-11
-3.102215e-11
-3.0702288e-11
-3.0298007e-11
-3.0618813e-11
-3.0743977e-11
-2.9774249e-11
-3.0872898e-11
-2.9981226e-11
-3.0429777e-11
-3.0325402e-11
-3.0209998e-11
-3.0873616e-11
-2.9924296e-11
-2.9633195e-11
-3.033938e-11
-3.0938078e-11
-3.0046316e-11
-3.1116394e-11
-3.0541764e-11
-3.0338832e-11
-3.0667531e-11
-3.0765872e-11
-3.087685e-11
-3.1188913e-11
-3.0227695e-11
-3.0321773e-11
-3.0501129e-11
-3.0837929e-11
-3.0888552e-11
-3.0365061e-11
-3.0483532e-11
-2.9975949e-11
-3.001633e-11
-3.0502111e-11
-3.0278037e-11
-3.0422147e-11
-3.1276079e-11
-2.9806622e-11
-3.0258004e-11
-2.9935582e-11
-3.053981e-11
-3.1017824e-11
-2.9762543e-11
-3.0708113e-11
-3.0453709e-11
-3.0808581e-11
-3.0898315e-11
-2.9563248e-11
-3.066794e-11
-3.047456e-11
-2.9992928e-11
-3.1130827e-11
-2.9931072e-11
-3.065892e-11
-3.0827656e-11
-2.9934118e-11
-3.0608051e-11
-3.0090413e-11
-2.9601904e-11
-3.0441726e-11
-2.9836428e-11
-2.9685875e-11
-3.0069246e-11
-3.0386148e-11
-3.0865858e-11
-3.0293695e-11
-2.9708274e-11
-3.0565224e-11
-3.0486554e-11
-3.0850048e-11
-3.0641958e-11
-3.0822289e-11
-2.9860808e-11
-3.0232816e-11
-3.0655745e-11
-3.0139804e-11
-3.0441531e-11
-2.9959851e-11
-3.0281517e-11
-3.0143756e-11
-2.940459e-11
-2.9348208e-11
-3.0205633e-11
-3.0513595e-11
-3.029816e-11
-3.0205692e-11
-2.9906994e-11
-2.9816549e-11
-3.0119487e-11
-2.9965631e-11
-2.9723748e-11
-3.0252287e-11
-2.9805127e-11
-3.0901618e-11
-3.0238412e-11
-2.9995669e-11
-2.9575606e-11
-2.9959372e-11
-3.0106227e-11
-3.0096935e-11
-3.0078523e-11
-2.9932841e-11
-2.9835252e-11
-3.0345101e-11
-3.0612259e-11
-3.0255631e-11
-3.0936701e-11
-2.9862574e-11
-3.044287e-11
-3.1157587e-11
-3.0488969e-11
-3.0404627e-11
-3.0316711e-11
-3.0369152e-11
-3.1079306e-11
-2.9934066e-11
-3.0183505e-11
-3.0502604e-11
-3.0593257e-11
-3.0869578e-11
-3.031812e-11
-3.1325283e-11
-3.0335102e-11
-3.10061e-11
-3.1401569e-11
-3.1192781e-11
-3.0751398e-11
-3.0508651e-11
-3.0576711e-11
-3.0548293e-11
-3.0410067e-11
-3.0707232e-11
-3.0405973e-11
-3.0752217e-11
-3.0629239e-11
-3.0259559e-11
-3.0934765e-11
-3.051305e-11
-3.0859038e-11
-3.1286033e-11
-3.0721325e-11
-3.1090991e-11
-3.0333278e-11
-3.0650975e-11
-3.0267629e-11
-3.0329156e-11
-2.9723314e-11
-2.9765957e-11
-3.0720673e-11
-2.9465621e-11
-3.0328507e-11
-3.0662039e-11
-2.9649019e-11
-2.9742153e-11
-3.0219337e-11
-3.0185073e-11
-3.0628718e-11
-2.9749724e-11
-2.9760038e-11
-2.9820198e-11
-2.9580699e-11
-3.0001918e-11
-2.9616344e-11
-2.9936088e-11
-2.9846577e-11
-2.8972609e-11
-2.9382982e-11
-2.8829938e-11
-2.9413513e-11
-2.9558325e-11
-2.9857981e-11
-2.9567338e-11
-2.9791936e-11
-3.0482828e-11
-2.9746747e-11
-2.9290848e-11
-2.9729122e-11
-2.9571064e-11
-2.9927255e-11
-3.0039721e-11
-2.970087e-11
-2.9560618e-11
-2.9669347e-11
-2.9756801e-11
-2.9867598e-11
-2.9738333e-11
-3.0083311e-11
-3.0061908e-11
-2.9879845e-11
-3.0583366e-11
-3.0689427e-11
-3.0896653e-11
-2.961531e-11
-2.9705668e-11
-3.0086659e-11
-3.0266706e-11
-2.9877715e-11
-3.0931761e-11
-3.0329815e-11
-2.9549738e-11
-2.9754272e-11
-2.9923994e-11
-3.0705348e-11
-3.042052e-11
-3.0649826e-11
-3.0202389e-11
-3.0936014e-11
-3.0808738e-11
-3.1455599e-11
-3.0932194e-11
-3.0384677e-11
-3.1006381e-11
-3.0510053e-11
-3.08829e-11
-3.0528722e-11
-3.0083252e-11
-3.0186107e-11
-3.0266973e-11
-3.0499367e-11
-3.0333028e-11
-3.0063188e-11
-3.1002288e-11
-3.010835e-11
-3.0502496e-11
-3.0479608e-11
-3.0814257e-11
-3.0790363e-11
-2.9897886e-11
-2.9899121e-11
-3.0882231e-11
-2.9934572e-11
-3.053131e-11
-3.0478869e-11
-2.9397151e-11
-3.0633319e-11
-3.0446267e-11
-3.0329694e-11
-3.011524e-11
-2.9784088e-11
-3.0698558e-11
-3.0042805e-11
-3.0724676e-11
-2.9761426e-11
-3.0005939e-11
-3.0815454e-11
-2.9840616e-11
-3.0403111e-11
-3.0122498e-11
-2.9888682e-11
-3.0455988e-11
-3.1046315e-11
-3.023487e-11
-3.0569668e-11
-3.0666667e-11
-3.0330755e-11
-3.0274252e-11
-3.0262275e-11
-2.9913318e-11
-3.0713904e-11
-3.0974612e-11
-3.0765571e-11
-3.0195197e-11
-2.9286323e-11
-3.0097015e-11
-3.0000578e-11
-2.9944575e-11
-3.0121454e-11
-3.0284726e-11
-3.0631227e-11
-3.042027e-11
-3.0310858e-11
-3.035797e-11
-2.9717478e-11
-3.0496283e-11
-3.0534856e-11
-3.0050192e-11
-3.0959752e-11
-3.0232129e-11
-3.0309713e-11
-3.0339051e-11
-2.9841771e-11
-3.0242038e-11
-3.0048179e-11
-2.9698806e-11
-3.1006194e-11
-2.9625736e-11
-3.0159698e-11
-3.0071629e-11
-3.0100762e-11
-2.9781823e-11
-2.9334309e-11
-3.0240203e-11
-2.9970498e-11
-3.0081073e-11
-3.0497042e-11
-2.9867261e-11
-3.0247367e-11
-3.0318855e-11
-3.0290926e-11
-3.1070136e-11
-2.9916035e-11
-3.0299919e-11
-2.9994087e-11
-2.9740183e-11
-2.9807861e-11
-2.9673878e-11
-2.9430652e-11
-2.951453e-11
-2.9884376e-11
-3.0089622e-11
-2.9875446e-11
-2.9800953e-11
-2.9790653e-11
-2.9926148e-11
-2.9736068e-11
-3.0167348e-11
-2.9918915e-11
-2.9941345e-11
-3.0323747e-11
-2.9352545e-11
-3.0161474e-11
-3.078296e-11
-2.9589421e-11
-3.0649587e-11
-3.0396619e-11
-3.0133777e-11
-3.0477849e-11
-3.0075643e-11
-3.0173516e-11
-3.0786255e-11
-3.0382159e-11
-3.0594482e-11
-3.0347991e-11
-3.0394003e-11
-3.1144948e-11
-3.0179373e-11
-3.0763319e-11
-3.0514036e-11
-3.05947e-11
-3.0571067e-11
-3.0498624e-11
-3.1013542e-11
-3.0529277e-11
-3.0393528e-11
-3.0378127e-11
-2.9962345e-11
-3.0944969e-11
-3.0712113e-11
-3.038865e-11
-3.0633628e-11
-3.0933572e-11
-2.9941379e-11
-2.9788911e-11
-3.002033e-11
-3.1046967e-11
-3.1249902e-11
-3.1249239e-11
-3.1355005e-11
-3.1297926e-11
-3.1189926e-11
-3.0911756e-11
-3.0836944e-11
-3.0949143e-11
-3.1585831e-11
-3.1303043e-11
-3.1503734e-11
-3.1602779e-11
-3.1163346e-11
-3.0875587e-11
-3.0581038e-11
-3.1110402e-11
-3.1286761e-11
-3.03714e-11
-3.0830883e-11
-3.0791352e-11
-3.0599485e-11
-3.1562988e-11
-3.0748314e-11
-3.1487701e-11
-3.096215e-11
-3.0487817e-11
-3.1024291e-11
-3.0272462e-11
-3.0781801e-11
-3.1022365e-11
-2.9982926e-11
-3.113497e-11
-2.9422773e-11
-3.0636715e-11
-3.0792795e-11
-3.0343082e-11
-3.0875372e-11
-3.0863923e-11
-3.0785589e-11
-3.060379e-11
-3.0505112e-11
-3.0267774e-11
-2.9292072e-11
-3.0130332e-11
-3.0653469e-11
-3.0318695e-11
-3.042331e-11
-3.051347e-11
-2.9662345e-11
-3.050946e-11
-3.0122616e-11
-3.0178127e-11
-2.9269368e-11
-3.0351541e-11
-3.0543835e-11
-2.9696565e-11
-2.9678492e-11
-2.9985965e-11
-2.9608333e-11
-3.0379164e-11
-3.0287918e-11
-3.0076875e-11
-2.9412067e-11
-2.9461069e-11
-2.9734663e-11
-3.0666348e-11
-2.9915417e-11
-2.967428e-11
-3.0787328e-11
-2.9855823e-11
-3.0719947e-11
-3.0323636e-11
-2.940297e-11
-3.060005e-11
-3.0257061e-11
-3.0051076e-11
-2.9920302e-11
-2.9358464e-11
-2.9605002e-11
-2.9825489e-11
-2.9428879e-11
-2.9983481e-11
-2.93316e-11
-2.9873291e-11
-2.9555428e-11
-2.9393033e-11
-3.0457824e-11
-2.9087925e-11
-2.9755143e-11
-3.0519292e-11
-2.9885813e-11
-2.9873121e-11
-3.0023359e-11
-3.0584802e-11
-3.0439533e-11
-3.0642263e-11
-3.0491141e-11
-2.9794302e-11
-3.0215257e-11
-3.0448529e-11
-3.0187408e-11
-3.0075092e-11
-3.0199419e-11
-3.025321e-11
-3.0246416e-11
-3.0068045e-11
-3.0096536e-11
-3.008151e-11
-2.9773035e-11
-2.9886319e-11
-2.9839197e-11
-2.9499587e-11
-2.9405919e-11
-3.0220083e-11
-2.9561752e-11
-3.0336931e-11
-3.058194e-11
-2.9230035e-11
-3.0005456e-11
-2.9783547e-11
-3.0326307e-11
-3.0262532e-11
-2.9658574e-11
-2.9919969e-11
-3.0213609e-11
-2.9974499e-11
-3.0251506e-11
-2.9819307e-11
-3.001533e-11
-2.9828997e-11
-3.0962611e-11
-3.0793861e-11
-2.9438896e-11
-3.0700525e-11
-2.991879e-11
-2.9873097e-11
-3.1140951e-11
-3.0359697e-11
-3.0652647e-11
-3.0089133e-11
-2.9492159e-11
-3.0276847e-11
-2.9616243e-11
-3.0850121e-11
-3.0672177e-11
-3.0297053e-11
-3.0093806e-11
-3.0532566e-11
-3.0120795e-11
-3.1022625e-11
-2.9841265e-11
-3.0676309e-11
-3.0171029e-11
-2.9515276e-11
-2.9933667e-11
-2.9428706e-11
-3.0639498e-11
-3.0122477e-11
-3.0169228e-11
-2.9815622e-11
-2.9794747e-11
-2.9792394e-11
-2.9463477e-11
-2.9911549e-11
-2.9742452e-11
-2.9962692e-11
-2.9937639e-11
-3.0294472e-11
-3.0504922e-11
-2.9915563e-11
-3.0202205e-11
-3.0175872e-11
-3.0179519e-11
-3.0216843e-11
-3.0419257e-11
-3.0103992e-11
-2.9757797e-11
-3.0129572e-11
-3.0497761e-11
-3.0014439e-11
-2.9704319e-11
-3.0287169e-11
-2.953595e-11
-3.0673488e-11
-2.9645356e-11
-2.9246591e-11
-3.0234367e-11
-2.9088423e-11
-2.9926905e-11
-2.977656e-11
-2.9547444e-11
-2.9991978e-11
-2.9565305e-11
-2.9581882e-11
-2.9548516e-11
-2.968565e-11
-3.0531241e-11
-2.9355417e-11
-2.9492676e-11
-2.9767997e-11
-2.9061269e-11
-3.0083505e-11
-2.9320855e-11
-3.0017652e-11
-3.0219244e-11
-2.9256601e-11
-2.9686375e-11
-2.9415047e-11
-2.97312e-11
-2.992118e-11
-3.0215993e-11
-3.0310799e-11
-3.0273808e-11
-2.9818863e-11
-2.925999e-11
-2.9786947e-11
-3.0329319e-11
-2.957138e-11
-2.9631766e-11
-2.9390129e-11
-3.0391287e-11
-2.9915143e-11
-2.9534344e-11
-3.0231644e-11
-2.9957332e-11
-2.9461981e-11
-2.9587964e-11
-2.9683336e-11
-3.0247652e-11
-2.9537706e-11
-2.9701165e-11
-3.003112e-11
-2.9408555e-11
-2.9921097e-11
-2.9576681e-11
-2.9210433e-11
-2.9244215e-11
-2.9429133e-11
-3.0457172e-11
-3.0526633e-11
-3.0242531e-11
-3.0501438e-11
-3.0050747e-11
-3.0318973e-11
-3.0737465e-11
-3.0491186e-11
-3.0783896e-11
-2.9922596e-11
-3.0218411e-11
-3.0538235e-11
-3.0521988e-11
-3.1147605e-11
-2.9495448e-11
-3.029247e-11
-3.0713428e-11
-2.982117e-11
-3.1093021e-11
-3.0118973e-11
-3.0200009e-11
-3.1255422e-11
-2.9963153e-11
-3.0144234e-11
-3.0351496e-11
-3.0209339e-11
-3.1185016e-11
-3.1374455e-11
-3.1307606e-11
-3.0419913e-11
-3.0565616e-11
-3.0829395e-11
-3.0273267e-11
-3.1151165e-11
-3.0322477e-11
-3.0678592e-11
-3.0676503e-11
-3.0461411e-11
-3.0953237e-11
-3.0476805e-11
-3.0910684e-11
-3.0798399e-11
-3.094152e-11
-3.0524808e-11
-3.0033934e-11
-3.0997305e-11
-3.0617887e-11
-3.0649729e-11
-3.0363326e-11
-2.998957e-11
-3.0973425e-11
-3.0825009e-11
-3.0601181e-11
-3.0872228e-11
-3.0411364e-11
-3.102988e-11
-3.1167832e-11
-3.0761036e-11
-3.0219483e-11
-3.0878994e-11
-3.1464737e-11
-3.0553549e-11
-3.0436927e-11
-3.1118674e-11
-2.9804395e-11
-3.0148831e-11
-3.0007885e-11
-3.0117898e-11
-3.0377045e-11
-3.0175678e-11
-2.9739752e-11
-2.9944082e-11
-2.9961984e-11
-3.0697511e-11
-2.9991648e-11
-3.1047026e-11
-3.0307243e-11
-3.0544935e-11
-3.0818469e-11
-2.9868802e-11
-3.1181828e-11
-3.1248251e-11
-3.0231078e-11
-3.116216e-11
-3.0514397e-11
-3.0449362e-11
-3.1735291e-11
-3.0294132e-11
-3.1117692e-11
-3.1024204e-11
-3.1159044e-11
-3.133397e-11
-3.0478335e-11
-3.0533086e-11
-3.1009806e-11
-3.1265039e-11
-3.1571305e-11
-3.0364104e-11
-3.0968703e-11
-3.0730068e-11
-3.0598232e-11
-3.0720898e-11
-3.0897951e-11
-3.1130647e-11
-3.0944337e-11
-3.1870569e-11
-3.1410163e-11
-3.1493013e-11
-3.1188704e-11
-3.1563006e-11
-3.1386289e-11
-3.1144944e-11
-3.0702101e-11
-3.1078584e-11
-3.0796039e-11
-3.0924631e-11
-3.1271562e-11
-3.1209573e-11
-3.10891e-11
-3.045857e-11
-3.1523298e-11
-3.0971038e-11
-3.1574111e-11
-3.1146408e-11
-3.0777044e-11
-3.0818074e-11
-3.1041312e-11
-3.1311686e-11
-3.1736273e-11
-2.9691347e-11
-3.1397697e-11
-3.1146759e-11
-3.112326e-11
-3.142462e-11
-2.997181e-11
-3.0382242e-11
-3.1708792e-11
-3.0920079e-11
-3.061084e-11
-2.9848353e-11
-3.0356506e-11
-3.0527809e-11
-3.0076976e-11
-3.0448231e-11
-3.0001571e-11
-3.0425218e-11
-3.0430738e-11
-3.0335626e-11
-3.0682016e-11
-3.0613838e-11
-3.0180167e-11
-3.0093632e-11
-3.0178065e-11
-2.9744721e-11
-3.0285181e-11
-3.0481201e-11
-3.0673675e-11
-3.0538676e-11
-3.0591703e-11
-3.0212961e-11
-3.0431876e-11
-3.0227799e-11
-3.0372239e-11
-3.102665e-11
-3.00126e-11
-3.0284386e-11
-2.991276e-11
-3.0129347e-11
-3.0250684e-11
-3.0198379e-11
-3.1270583e-11
-3.013808e-11
-3.0006036e-11
-3.0569991e-11
-3.0534068e-11
-3.0491835e-11
-2.9988737e-11
-3.0154136e-11
-3.050428e-11
-3.0081219e-11
-2.9599625e-11
-3.032501e-11
-3.0087519e-11
-3.0608623e-11
-2.8711655e-11
-2.9395861e-11
-3.0233226e-11
-2.9384366e-11
-2.9899711e-11
-2.9701932e-11
-2.9946066e-11
-2.9806737e-11
-2.9866602e-11
-3.0365301e-11
-2.9233047e-11
-2.9519096e-11
-3.0074495e-11
-2.9806949e-11
-3.0358806e-11
-2.9348395e-11
-2.9109971e-11
-2.9389102e-11
-2.9322763e-11
-2.8997492e-11
-2.9319356e-11
-2.9281563e-11
-2.9960839e-11
-3.019842e-11
-2.9693182e-11
-3.0252769e-11
-2.9521944e-11
-2.9630381e-11
-2.9872074e-11
-2.9867962e-11
-2.918776e-11
-2.9778093e-11
-2.9152878e-11
-2.991182e-11
-2.9660087e-11
-2.9358835e-11
-2.945344e-11
-2.9353069e-11
-3.0169273e-11
-3.015951e-11
-2.9862331e-11
-2.9860735e-11
-2.9711331e-11
-3.0027876e-11
-3.0827851e-11
-2.97979e-11
-3.0870466e-11
-3.0594312e-11
-2.9880484e-11
-3.0791703e-11
-2.9290841e-11
-3.0527719e-11
-2.9689459e-11
-2.9460538e-11
-3.0612707e-11
-2.9816715e-11
-2.9944817e-11
-3.015424e-11
-2.9673777e-11
-3.0441618e-11
-2.9864545e-11
-3.0283526e-11
-2.9748152e-11
-2.9373646e-11
-3.0126394e-11
-3.0082017e-11
-3.0036317e-11
-3.0687546e-11
-3.0300457e-11
-3.0094503e-11
-3.0450028e-11
-2.960731e-11
-2.9865537e-11
-3.034497e-11
-3.0297907e-11
-3.0417936e-11
-3.0397247e-11
-3.0376392e-11
-3.0395665e-11
-3.0079265e-11
-2.9800995e-11
-3.0236574e-11
-3.1031427e-11
-3.0375071e-11
-2.9835918e-11
-3.0269301e-11
-2.9835582e-11
-2.9763136e-11
-3.0474661e-11
-3.0357949e-11
-3.0523431e-11
-3.1240375e-11
-3.0431938e-11
-3.0541205e-11
-3.0847543e-11
-3.041694e-11
-3.1422445e-11
-2.9959635e-11
-2.9094033e-11
-3.1064522e-11
-2.9572161e-11
-3.0800012e-11
-3.008966e-11
-2.9755295e-11
-3.0467712e-11
-2.974717e-11
-3.0317412e-11
-3.0579473e-11
-3.0538953e-11
-3.0890904e-11
-3.0183224e-11
-3.0423851e-11
-3.0073839e-11
-2.9574163e-11
-3.0734294e-11
-2.9641626e-11
-3.0008419e-11
-3.0438492e-11
-3.008915e-11
-3.0103441e-11
-2.9739038e-11
-2.9750834e-11
-2.9580748e-11
-2.9612097e-11
-2.9850712e-11
