-7.2708332e-11
-7.4166666e-11
-7.2430555e-11
-7.0416666e-11
-7.361111e-11
-7.2569444e-11
-7.2083332e-11
-7.2708332e-11
-7.173611e-11
-7.3194444e-11
-7.0763888e-11
-7.048611e-11
-7.0833332e-11
-7.1597221e-11
-7.2152777e-11
-7.2152777e-11
-7.1041666e-11
-7.3680555e-11
-7.1458332e-11
-7.0902777e-11
-7.1944443e-11
-7.1527777e-11
-7.1597221e-11
-7.1041666e-11
-7.1249999e-11
-7.0347221e-11
-7.2916666e-11
-7.1180555e-11
-7.0138888e-11
-7.0902777e-11
-7.2222221e-11
-7.5763888e-11
-6.9513888e-11
-7.2916666e-11
-7.4305555e-11
-7.2430555e-11
-7.1041666e-11
-7.1458332e-11
-7.4791666e-11
-7.2499999e-11
-7.0902777e-11
-7.0763888e-11
-7.0069443e-11
-7.0347221e-11
-7.236111e-11
-7.3541666e-11
-7.2847221e-11
-7.0069443e-11
-6.9791666e-11
-7.0208332e-11
-7.2152777e-11
-7.0694443e-11
-7.1597221e-11
-6.9999999e-11
-7.1249999e-11
-7.2569444e-11
-6.986111e-11
-7.0138888e-11
-6.9791666e-11
-7.0277777e-11
-7.1388888e-11
-7.1666666e-11
-7.0972221e-11
-7.2083332e-11
-6.9513888e-11
-7.2083332e-11
-6.9583332e-11
-7.3055555e-11
-7.173611e-11
-7.0555554e-11
-7.1805555e-11
-7.1249999e-11
-7.0138888e-11
-6.9027777e-11
-7.111111e-11
-7.2638888e-11
-7.1249999e-11
-7.1180555e-11
-6.8888888e-11
-7.2777777e-11
-7.111111e-11
-7.3263888e-11
-6.9999999e-11
-7.0694443e-11
-7.1249999e-11
-7.1805555e-11
-6.7847221e-11
-6.9722221e-11
-7.5069444e-11
-7.1944443e-11
-7.0069443e-11
-7.4374999e-11
-7.1041666e-11
-7.0277777e-11
-6.861111e-11
-7.173611e-11
-7.2152777e-11
-7.2222221e-11
-6.8402776e-11
-6.9166665e-11
-7.173611e-11
-7.3541666e-11
-7.3055555e-11
-7.3888888e-11
-7.4652777e-11
-7.1597221e-11
-7.5208333e-11
-7.5416666e-11
-7.5694444e-11
-7.0694443e-11
-7.4444444e-11
-7.4444444e-11
-7.3194444e-11
-7.1874999e-11
-7.0138888e-11
-7.3402777e-11
-7.4305555e-11
-7.2916666e-11
-7.1249999e-11
-6.986111e-11
-7.3194444e-11
-7.0555554e-11
-7.1597221e-11
-7.1041666e-11
-7.1527777e-11
-7.1458332e-11
-7.2708332e-11
-7.111111e-11
-7.0347221e-11
-6.9999999e-11
-7.2152777e-11
-7.298611e-11
-7.3819444e-11
-6.9930554e-11
-7.2291666e-11
-7.0763888e-11
-7.5833333e-11
-7.548611e-11
-7.3333332e-11
-7.3124999e-11
-7.4513888e-11
-7.4652777e-11
-7.5208333e-11
-7.2152777e-11
-6.8958332e-11
-7.1249999e-11
-7.3194444e-11
-7.3194444e-11
-7.0694443e-11
-7.1319443e-11
-7.2638888e-11
-7.3333332e-11
-7.0694443e-11
-7.4791666e-11
-7.2152777e-11
-7.236111e-11
-7.4166666e-11
-7.1944443e-11
-7.1319443e-11
-7.173611e-11
-7.2013888e-11
-7.3194444e-11
-7.1527777e-11
-7.173611e-11
-7.0694443e-11
-7.0902777e-11
-7.111111e-11
-7.1458332e-11
-7.236111e-11
-6.8472221e-11
-7.1597221e-11
-7.1319443e-11
-7.0208332e-11
-7.3263888e-11
-6.9722221e-11
-7.2083332e-11
-6.8124999e-11
-7.0208332e-11
-7.173611e-11
-7.3541666e-11
-7.0833332e-11
-6.8749999e-11
-6.9652777e-11
-7.0763888e-11
-7.3541666e-11
-7.0833332e-11
-7.2152777e-11
-7.3055555e-11
-7.2847221e-11
-7.2847221e-11
-7.0763888e-11
-7.2638888e-11
-6.9305554e-11
-7.1597221e-11
-6.8472221e-11
-7.1319443e-11
-7.0069443e-11
-7.2291666e-11
-6.9444443e-11
-7.0555554e-11
-7.3333332e-11
-7.1944443e-11
-7.1249999e-11
-7.0972221e-11
-7.2291666e-11
-7.048611e-11
-6.923611e-11
-6.9930554e-11
-7.2083332e-11
-6.9930554e-11
-7.3819444e-11
-7.0694443e-11
-7.1388888e-11
-7.4791666e-11
-6.9722221e-11
-7.111111e-11
-7.4027777e-11
-7.2152777e-11
-7.1597221e-11
-6.9374999e-11
-7.2499999e-11
-7.0763888e-11
-6.8958332e-11
-6.9999999e-11
-7.2083332e-11
-6.9999999e-11
-7.3402777e-11
-7.1180555e-11
-6.798611e-11
-7.2222221e-11
-7.3333332e-11
-7.1041666e-11
-7.4305555e-11
-7.361111e-11
-7.236111e-11
-7.5069444e-11
-7.5624999e-11
-7.5902777e-11
-7.0833332e-11
-6.8541665e-11
-7.2291666e-11
-7.111111e-11
-7.1249999e-11
-7.1458332e-11
-7.1180555e-11
-7.2430555e-11
-7.1249999e-11
-7.423611e-11
-6.9999999e-11
-7.2291666e-11
-7.4097221e-11
-7.0833332e-11
-7.1527777e-11
-7.2152777e-11
-7.3541666e-11
-7.3194444e-11
-7.3333332e-11
-7.2499999e-11
-7.1666666e-11
-7.1249999e-11
-7.1666666e-11
-7.1597221e-11
-7.0972221e-11
-7.0972221e-11
-7.3333332e-11
-6.8333332e-11
-6.986111e-11
-6.923611e-11
-7.0347221e-11
-7.0624999e-11
-7.111111e-11
-7.2291666e-11
-7.0138888e-11
-7.3402777e-11
-6.9513888e-11
-7.2569444e-11
-7.4444444e-11
-7.5138888e-11
-6.8888888e-11
-6.8055554e-11
-7.0833332e-11
-6.9097221e-11
-7.2569444e-11
-7.1319443e-11
-6.9166665e-11
-7.2430555e-11
-7.1249999e-11
-6.923611e-11
-7.236111e-11
-7.3333332e-11
-7.2083332e-11
-6.8888888e-11
-7.1249999e-11
-7.1597221e-11
-7.1458332e-11
-6.8888888e-11
-7.4097221e-11
-7.3749999e-11
-7.2777777e-11
-6.9305554e-11
-7.1041666e-11
-7.2777777e-11
-7.1805555e-11
-7.0138888e-11
-7.2013888e-11
-7.1597221e-11
-7.0902777e-11
-7.1527777e-11
-7.0833332e-11
-6.8819443e-11
-7.0902777e-11
-7.5277777e-11
-7.1180555e-11
-7.4374999e-11
-7.3263888e-11
-7.1805555e-11
-7.1388888e-11
-7.0347221e-11
-6.9999999e-11
-7.1597221e-11
-6.8680554e-11
-6.923611e-11
-7.1527777e-11
-7.0972221e-11
-6.9999999e-11
-7.2569444e-11
-7.2638888e-11
-7.2083332e-11
-6.986111e-11
-7.3333332e-11
-7.5277777e-11
-7.3958333e-11
-7.2222221e-11
-7.0624999e-11
-7.2569444e-11
-7.0763888e-11
-7.298611e-11
-7.298611e-11
-7.0833332e-11
-7.2847221e-11
-6.986111e-11
-7.048611e-11
-7.4722221e-11
-7.2569444e-11
-7.2847221e-11
-7.4027777e-11
-7.2847221e-11
-7.1458332e-11
-7.2777777e-11
-7.4791666e-11
-7.4513888e-11
-7.2291666e-11
-7.0555554e-11
-7.0138888e-11
-7.2499999e-11
-7.0763888e-11
-7.3541666e-11
-7.2777777e-11
-7.236111e-11
-6.9652777e-11
-7.0763888e-11
-7.2013888e-11
-7.2847221e-11
-6.9513888e-11
-7.3194444e-11
-7.1319443e-11
-7.0208332e-11
-7.1388888e-11
-7.1458332e-11
-7.2430555e-11
-7.0902777e-11
-7.0694443e-11
-6.9305554e-11
-7.2291666e-11
-7.3333332e-11
-7.3194444e-11
-7.1041666e-11
-7.0624999e-11
-7.1597221e-11
-7.1458332e-11
-7.1249999e-11
-7.2916666e-11
-7.3680555e-11
-7.1249999e-11
-6.7222221e-11
-7.1597221e-11
-7.0416666e-11
-7.048611e-11
-7.3472221e-11
-7.486111e-11
-7.0902777e-11
-7.0208332e-11
-7.2638888e-11
-7.1041666e-11
-6.9444443e-11
-7.0277777e-11
-6.9930554e-11
-7.2013888e-11
-7.1249999e-11
-6.9444443e-11
-7.2013888e-11
-7.2430555e-11
-7.1041666e-11
-7.3680555e-11
-7.5972222e-11
-6.8819443e-11
-7.2569444e-11
-7.0416666e-11
-7.173611e-11
-6.9097221e-11
-7.1041666e-11
-6.6944443e-11
-7.1944443e-11
-7.2430555e-11
-7.3749999e-11
-7.3472221e-11
-6.9374999e-11
-7.1944443e-11
-6.8819443e-11
-6.8749999e-11
-7.3541666e-11
-7.4166666e-11
-7.0902777e-11
-7.0972221e-11
-7.0416666e-11
-7.0972221e-11
-7.1805555e-11
-7.111111e-11
-7.4374999e-11
-7.0347221e-11
-7.2291666e-11
-7.0624999e-11
-7.0833332e-11
-7.1597221e-11
-7.298611e-11
-7.1666666e-11
-7.298611e-11
-7.3194444e-11
-7.298611e-11
-7.2152777e-11
-7.1249999e-11
-7.3124999e-11
-7.2291666e-11
-7.3333332e-11
-7.4930555e-11
-7.111111e-11
-7.0694443e-11
-7.0416666e-11
-7.0833332e-11
-7.3194444e-11
-7.2083332e-11
-7.3680555e-11
-7.0555554e-11
-7.1597221e-11
-7.1597221e-11
-6.9652777e-11
-7.236111e-11
-7.0347221e-11
-7.1180555e-11
-7.3541666e-11
-7.0972221e-11
-7.0624999e-11
-7.2499999e-11
-7.2291666e-11
-7.1597221e-11
-7.2638888e-11
-7.3333332e-11
-6.861111e-11
-6.8055554e-11
-6.9513888e-11
-7.1249999e-11
-7.1180555e-11
-7.0416666e-11
-6.9305554e-11
-7.2083332e-11
-6.9930554e-11
-7.2499999e-11
-7.0555554e-11
-6.986111e-11
-7.1041666e-11
-7.111111e-11
-7.3402777e-11
-6.7499999e-11
-7.4583333e-11
-7.0972221e-11
-7.2291666e-11
-7.2222221e-11
-6.9930554e-11
-6.9930554e-11
-7.0347221e-11
-7.1666666e-11
-6.9999999e-11
-7.1597221e-11
-6.9999999e-11
-7.0138888e-11
-7.5833333e-11
-7.1527777e-11
-7.0902777e-11
-7.2013888e-11
-6.9583332e-11
-7.1249999e-11
-6.861111e-11
-7.2083332e-11
-7.2569444e-11
-7.2916666e-11
-7.1458332e-11
-7.3472221e-11
-7.2847221e-11
-7.0902777e-11
-7.611111e-11
-7.423611e-11
-7.1180555e-11
-7.1874999e-11
-7.5902777e-11
-7.3333332e-11
-7.4722221e-11
-7.6805555e-11
-7.8333333e-11
-7.9583333e-11
-7.8125e-11
-8.5902778e-11
-9.5069445e-11
-1.0083333e-10
-1.0993056e-10
-1.2180555e-10
-1.2958333e-10
-1.4034722e-10
-1.4791665e-10
-1.5284723e-10
-1.620139e-10
-1.6604167e-10
-1.7159722e-10
-1.7576388e-10
-1.7555554e-10
-1.8118054e-10
-1.8131945e-10
-1.8062499e-10
-1.8138888e-10
-1.8083333e-10
-1.823611e-10
-1.84375e-10
-1.8263889e-10
-1.8249997e-10
-1.8097221e-10
-1.7756945e-10
-1.7576389e-10
-1.7256944e-10
-1.6638889e-10
-1.6645833e-10
-1.6520832e-10
-1.60625e-10
-1.6041665e-10
-1.586111e-10
-1.5229167e-10
-1.5458333e-10
-1.4993055e-10
-1.4770835e-10
-1.45625e-10
-1.4402778e-10
-1.4444444e-10
-1.4243055e-10
-1.3569444e-10
-1.36875e-10
-1.3541666e-10
-1.3444444e-10
-1.3333333e-10
-1.3090279e-10
-1.2743055e-10
-1.2916666e-10
-1.282639e-10
-1.2659722e-10
-1.2465279e-10
-1.2618057e-10
-1.2145834e-10
-1.2506945e-10
-1.2465279e-10
-1.2111111e-10
-1.18125e-10
-1.1708333e-10
-1.1631945e-10
-1.1708333e-10
-1.1409722e-10
-1.1569444e-10
-1.1555555e-10
-1.1381945e-10
-1.1201389e-10
-1.1416666e-10
-1.1236111e-10
-1.1118056e-10
-1.1298611e-10
-1.1097222e-10
-1.1354167e-10
-1.1326389e-10
-1.0847222e-10
-1.1125e-10
-1.1104167e-10
-1.0895834e-10
-1.1069444e-10
-1.1229167e-10
-1.075e-10
-1.1027777e-10
-1.0770834e-10
-1.0736111e-10
-1.0444444e-10
-1.0534722e-10
-1.0590278e-10
-1.0770834e-10
-1.0770834e-10
-1.08125e-10
-1.04375e-10
-1.0347222e-10
-1.0458333e-10
-1.06875e-10
-1.0666666e-10
-1.0368056e-10
-1.0680555e-10
-1.0097222e-10
-1.0368056e-10
-1.0347222e-10
-1.0277778e-10
-9.9861112e-11
-1.0374999e-10
-9.9652779e-11
-1.0041667e-10
-1.0298611e-10
-9.8125001e-11
-1.0048611e-10
-9.7986112e-11
-9.9652779e-11
-9.8402779e-11
-1.0395833e-10
-9.888889e-11
-9.8194446e-11
-9.8402779e-11
-9.6250001e-11
-9.4930556e-11
-9.9930557e-11
-9.8333335e-11
-9.763889e-11
-9.7152779e-11
-1.0055556e-10
-9.5486112e-11
-9.4652779e-11
-9.6111112e-11
-9.4791668e-11
-9.6666668e-11
-9.6041668e-11
-9.5555557e-11
-9.2708334e-11
-9.1875001e-11
-9.4722223e-11
-9.6250001e-11
-9.5486112e-11
-9.6041668e-11
-9.3958334e-11
-9.3125001e-11
-9.4305556e-11
-9.7291668e-11
-9.3194445e-11
-9.4722223e-11
-9.0069445e-11
-9.7500001e-11
-9.3611112e-11
-9.3819445e-11
-9.513889e-11
-9.1250001e-11
-9.4236112e-11
-9.5833334e-11
-9.6319445e-11
-9.5625001e-11
-9.1111112e-11
-9.3680556e-11
-9.2708334e-11
-9.3611112e-11
-9.1736112e-11
-9.5069445e-11
-9.3611112e-11
-9.0902778e-11
-9.2569445e-11
-9.2708334e-11
-9.5625001e-11
-8.9166667e-11
-9.3958334e-11
-9.513889e-11
-9.3125001e-11
-9.3055556e-11
-9.3402779e-11
-9.3125001e-11
-9.0416667e-11
-9.4791668e-11
-9.3611112e-11
-9.4652779e-11
-9.201389e-11
-9.0555556e-11
-9.3750001e-11
-9.2986112e-11
-9.201389e-11
-9.1180556e-11
-9.201389e-11
-9.2569445e-11
-9.1111112e-11
-8.9791667e-11
-9.2500001e-11
-9.2291667e-11
-8.9097223e-11
-9.0069445e-11
-9.1180556e-11
-8.9097223e-11
-8.875e-11
-9.0625001e-11
-8.7638889e-11
-8.8541667e-11
-8.9444445e-11
-8.9236112e-11
-8.4722222e-11
-9.1458334e-11
-9.0555556e-11
-8.9791667e-11
-9.2152778e-11
-8.6597222e-11
-8.9444445e-11
-9.1875001e-11
-8.8194445e-11
-8.8888889e-11
-8.9513889e-11
-9.1736112e-11
-8.7083334e-11
-8.8541667e-11
-8.9027778e-11
-8.8611112e-11
-9.0555556e-11
-9.0763889e-11
-8.8680556e-11
-8.8402778e-11
-8.8541667e-11
-9.2152778e-11
-9.1458334e-11
-9.0347223e-11
-9.0138889e-11
-8.9652778e-11
-9.1458334e-11
-9.0138889e-11
-9.0902778e-11
-9.0000001e-11
-9.2222223e-11
-9.2986112e-11
-9.0902778e-11
-8.7708334e-11
-8.8125e-11
-8.9791667e-11
-8.8333334e-11
-8.9583334e-11
-8.6041667e-11
-8.7847223e-11
-8.4930556e-11
-8.6111111e-11
-9.1180556e-11
-8.7291667e-11
-8.8819445e-11
-8.8958334e-11
-8.6041667e-11
-9.0694445e-11
-8.7986111e-11
-8.6875e-11
-8.6597222e-11
-8.8263889e-11
-8.9097223e-11
-8.9583334e-11
-8.5902778e-11
-8.7569445e-11
-8.8472223e-11
-8.6041667e-11
-8.4791667e-11
-8.8402778e-11
-8.7152778e-11
-8.9513889e-11
-8.4652778e-11
-8.625e-11
-8.8055556e-11
-8.6875e-11
-8.8125e-11
-8.8125e-11
-8.4861111e-11
-9.0347223e-11
-8.7013889e-11
-8.8888889e-11
-8.8333334e-11
-8.6944445e-11
-8.8263889e-11
-8.7638889e-11
-8.5625e-11
-8.6666667e-11
-8.6319445e-11
-8.4930556e-11
-8.6111111e-11
-8.6666667e-11
-8.6666667e-11
-8.5347222e-11
-8.4305556e-11
-8.5138889e-11
-8.6180556e-11
-8.875e-11
-8.4791667e-11
-8.7916667e-11
-8.7361111e-11
-8.625e-11
-8.8263889e-11
-8.5347222e-11
-8.5208333e-11
-8.6666667e-11
-8.4513889e-11
-8.7222223e-11
-8.6736111e-11
-8.2569444e-11
-8.5763889e-11
-8.5833333e-11
-8.4722222e-11
-8.3888889e-11
-8.5625e-11
-8.7083334e-11
-8.5763889e-11
-8.4861111e-11
-8.1944444e-11
-8.5972222e-11
-8.2708333e-11
-8.2708333e-11
-8.2708333e-11
-8.2986111e-11
-8.3055555e-11
-8.5625e-11
-8.5833333e-11
-8.4722222e-11
-8.6458334e-11
-8.4791667e-11
-8.3263889e-11
-8.5208333e-11
-8.2847222e-11
-8.4722222e-11
-8.5763889e-11
-8.5e-11
-8.7013889e-11
-8.3819444e-11
-8.5763889e-11
-8.6388889e-11
-8.5555556e-11
-8.5208333e-11
-8.4375e-11
-8.2916667e-11
-8.4722222e-11
-8.5138889e-11
-8.6458334e-11
-8.4097222e-11
-8.5277778e-11
-8.7638889e-11
-8.5625e-11
-8.3125e-11
-8.3888889e-11
-8.5277778e-11
-8.25e-11
-8.3819444e-11
-8.4791667e-11
-8.4652778e-11
-8.1944444e-11
-8.4722222e-11
-8.2569444e-11
-8.5208333e-11
-8.2013889e-11
-8.4791667e-11
-8.3680556e-11
-8.4861111e-11
-8.1458333e-11
-8.3958333e-11
-8.3263889e-11
-8.5486111e-11
-8.6180556e-11
-8.4791667e-11
-8.2569444e-11
-8.1041666e-11
-8.3055555e-11
-8.3472222e-11
-8.3958333e-11
-8.3611111e-11
-8.2152778e-11
-8.1319444e-11
-8.2916667e-11
-8.6180556e-11
-8.5486111e-11
-8.2986111e-11
-8.3680556e-11
-8.4375e-11
-8.3611111e-11
-8.2847222e-11
-8.3888889e-11
-8.3263889e-11
-8.5694445e-11
-8.1527778e-11
-8.3888889e-11
-8.6458334e-11
-8.3888889e-11
-8.6388889e-11
-8.5208333e-11
-8.3125e-11
-8.1527778e-11
-8.4236111e-11
-8.2708333e-11
-8.2013889e-11
-8.3055555e-11
-8.3958333e-11
-8.1111111e-11
-8.3402778e-11
-8.4791667e-11
-8.1041666e-11
-8.1388889e-11
-8.4027778e-11
-8.1458333e-11
-8.3263889e-11
-8.4236111e-11
-8.4027778e-11
-8.2569444e-11
-8.0347222e-11
-8.3125e-11
-8.2152778e-11
-8.4930556e-11
-8.25e-11
-8.4166667e-11
-8.3611111e-11
-8.1111111e-11
-8.3888889e-11
-8.1527778e-11
-8.0763889e-11
-8.0555555e-11
-8.1180555e-11
-8.4097222e-11
-8.3263889e-11
-8.2013889e-11
-8.0069444e-11
-8.0833333e-11
-8.1388889e-11
-8.2777778e-11
-8.125e-11
-8.3263889e-11
-8.2777778e-11
-8.1597222e-11
-8.1388889e-11
-8.0833333e-11
-8.1597222e-11
-8.0555555e-11
-8.2777778e-11
-8.1944444e-11
-8.2013889e-11
-8.2847222e-11
-8.2291667e-11
-8.375e-11
-8.3680556e-11
-8.3402778e-11
-8.4930556e-11
-8.1388889e-11
-8.1041666e-11
-8.3125e-11
-8.2361111e-11
-8.1527778e-11
-8.2291667e-11
-8.2847222e-11
-8.2083333e-11
-8.2222222e-11
-8.1736111e-11
-8.1666666e-11
-8.1180555e-11
-7.7847222e-11
-8.0694444e-11
-8.5555556e-11
-7.9930555e-11
-8.2222222e-11
-7.9583333e-11
-7.9513889e-11
-7.8541666e-11
-8.0763889e-11
-7.8194444e-11
-7.8194444e-11
-8.2222222e-11
-8.2083333e-11
-8.3333333e-11
-8.1527778e-11
-8.0902778e-11
-8.2291667e-11
-8.1041666e-11
-8.125e-11
-8.4236111e-11
-8.3958333e-11
-8.4722222e-11
-8.2847222e-11
-8.4097222e-11
-8.3541667e-11
-7.9861111e-11
-8.3888889e-11
-8.4583333e-11
-8.0416666e-11
-8.1527778e-11
-8.2986111e-11
-8.6111111e-11
-8.4027778e-11
-8.3333333e-11
-8.0138889e-11
-8.0763889e-11
-8.3611111e-11
-8.3402778e-11
-8.125e-11
-8.0486111e-11
-8.2708333e-11
-8.3125e-11
-8.3402778e-11
-8.5069445e-11
-8.1736111e-11
-8.1180555e-11
-8.4166667e-11
-8.1388889e-11
-8.4513889e-11
-8.1527778e-11
-8.4583333e-11
-8.3125e-11
-8.3125e-11
-8.4652778e-11
-8.3680556e-11
-8.0833333e-11
-8.3263889e-11
-8.3055555e-11
-8.3263889e-11
-8.125e-11
-8.0763889e-11
-8.2638889e-11
-8.1666666e-11
-8.2708333e-11
-8.0902778e-11
-8.2777778e-11
-7.9444444e-11
-8.1597222e-11
-7.9097222e-11
-8.1597222e-11
-8.1458333e-11
-7.8402777e-11
-8.1111111e-11
-8.0555555e-11
-8.1319444e-11
-8.1666666e-11
-8.0902778e-11
-8.1597222e-11
-8.3125e-11
-8.1319444e-11
-8.5625e-11
-8.5347222e-11
-8.5069445e-11
-8.5e-11
-8.3611111e-11
-8.2291667e-11
-8.1111111e-11
-8.1736111e-11
-8.2013889e-11
-8.3958333e-11
-8.0138889e-11
-8.3611111e-11
-8.1388889e-11
-8.4236111e-11
-8.0138889e-11
-8.1805555e-11
-8.4791667e-11
-8.1458333e-11
-8.3958333e-11
-8.2083333e-11
-8.0416666e-11
-8.0347222e-11
-8.0208333e-11
-7.9861111e-11
-8.2777778e-11
-8.2986111e-11
-7.9513889e-11
-8.0833333e-11
-8.2361111e-11
-7.7499999e-11
-8.4097222e-11
-7.9861111e-11
-8.1111111e-11
-8.0694444e-11
-8.375e-11
-7.9722222e-11
-8.0625e-11
-8.0347222e-11
-8.0763889e-11
-8.0416666e-11
-8.1805555e-11
-8.1458333e-11
-8.0277777e-11
-8.2986111e-11
-7.8888888e-11
-8.2361111e-11
-7.9375e-11
-7.8680555e-11
-7.9375e-11
-8.1388889e-11
-7.9722222e-11
-8.0972222e-11
-7.9652777e-11
-8.1666666e-11
-7.9791666e-11
-8.2569444e-11
-8.0902778e-11
-7.8958333e-11
-8.1458333e-11
-8.0069444e-11
-7.9583333e-11
-7.8680555e-11
-7.8194444e-11
-7.8611111e-11
-8.0902778e-11
-7.5902777e-11
-8.0694444e-11
-7.7361111e-11
-8.1527778e-11
-7.6736111e-11
-7.8194444e-11
-7.8541666e-11
-8e-11
-8.0069444e-11
-8.0416666e-11
-8.1458333e-11
-8.1111111e-11
-8.1388889e-11
-8.0416666e-11
-8.2916667e-11
-7.9861111e-11
-8.0208333e-11
-8e-11
-8.0833333e-11
-7.9305555e-11
-7.8472222e-11
-8.0277777e-11
-8.1666666e-11
-8.0763889e-11
-8.0694444e-11
-7.7222222e-11
-7.9791666e-11
-7.9097222e-11
-8.1875e-11
-8.0416666e-11
-7.9930555e-11
-7.8541666e-11
-7.9166666e-11
-7.875e-11
-7.8819444e-11
-8.1180555e-11
-7.8055555e-11
-8.0694444e-11
-8.125e-11
-8.0208333e-11
-8.1944444e-11
-8.0347222e-11
-8.0069444e-11
-7.9930555e-11
-8.0972222e-11
-7.6388888e-11
-7.8611111e-11
-7.9097222e-11
-8.0972222e-11
-7.6597222e-11
-7.9722222e-11
-8.0416666e-11
-7.7916666e-11
-7.9722222e-11
-7.7777777e-11
-7.8541666e-11
-8.2986111e-11
-7.8472222e-11
-7.9236111e-11
-7.7986111e-11
-8.1388889e-11
-7.7777777e-11
-8.0416666e-11
-8.2708333e-11
-8.2083333e-11
-8.2013889e-11
-7.9305555e-11
-8.0208333e-11
-8.0138889e-11
-8.0416666e-11
-8.1388889e-11
-7.8263888e-11
-8.2152778e-11
-7.9027777e-11
-7.6319444e-11
-8.25e-11
-8.1597222e-11
-7.9027777e-11
-7.9305555e-11
-7.8055555e-11
-8.1319444e-11
-7.6944444e-11
-7.8055555e-11
-7.9652777e-11
-8.0625e-11
-8.2083333e-11
-7.9166666e-11
-8e-11
-7.875e-11
-8.0833333e-11
-7.9375e-11
-7.9166666e-11
-7.8402777e-11
-7.875e-11
-7.9583333e-11
-7.7916666e-11
-8.1527778e-11
-7.7361111e-11
-8.1458333e-11
-8.125e-11
-8.0138889e-11
-7.9166666e-11
-8.0763889e-11
-7.7430555e-11
-8.2361111e-11
-7.8333333e-11
-8.0833333e-11
-7.8819444e-11
-7.7361111e-11
-7.7638888e-11
-7.7499999e-11
-7.9791666e-11
-8.2291667e-11
-7.5902777e-11
-8.0347222e-11
-7.7777777e-11
-7.9791666e-11
-8.0972222e-11
-7.8541666e-11
-7.9305555e-11
-7.9097222e-11
-8.0763889e-11
-8.0069444e-11
-7.7986111e-11
-7.8958333e-11
-7.8819444e-11
-7.8958333e-11
-8.1805555e-11
-7.9236111e-11
-8.1388889e-11
-8.0625e-11
-7.7222222e-11
-8.0208333e-11
-8.0486111e-11
-7.9305555e-11
-7.6805555e-11
-7.9861111e-11
-7.7361111e-11
-7.9583333e-11
-7.9166666e-11
-7.9513889e-11
-7.9027777e-11
-8.0277777e-11
-7.5694444e-11
-7.9930555e-11
-8.0486111e-11
-8.3819444e-11
-8e-11
-8.1666666e-11
-8.0069444e-11
-8.3541667e-11
-8.3333333e-11
-8.0069444e-11
-8.1875e-11
-8.0069444e-11
-8.0416666e-11
-8.0486111e-11
-8.125e-11
-8.3680556e-11
-8.1666666e-11
-7.9861111e-11
-7.9305555e-11
-8.0833333e-11
-7.8333333e-11
-8.0069444e-11
-8.2569444e-11
-7.8958333e-11
-7.8333333e-11
-7.9722222e-11
-8.0208333e-11
-7.9930555e-11
-7.8680555e-11
-8.2847222e-11
-8.0208333e-11
-7.9444444e-11
-8.0138889e-11
-7.9375e-11
-7.8194444e-11
-7.9097222e-11
-7.7499999e-11
-7.5138888e-11
-7.9375e-11
-7.7291666e-11
-7.6527777e-11
-8.0277777e-11
-7.7361111e-11
-7.7916666e-11
-7.8611111e-11
-7.5555555e-11
-7.7291666e-11
-7.8055555e-11
-7.9027777e-11
-7.8402777e-11
-7.7430555e-11
-8.0486111e-11
-8.0277777e-11
-7.7986111e-11
-7.8194444e-11
-7.5277777e-11
-7.7361111e-11
-7.7986111e-11
-7.7291666e-11
-7.7013888e-11
-7.5972222e-11
-7.9305555e-11
-7.6527777e-11
-7.9930555e-11
-7.7569444e-11
-7.9652777e-11
-8.0416666e-11
-8.0069444e-11
-7.7847222e-11
-8.2847222e-11
-7.7361111e-11
-7.6388888e-11
-7.8472222e-11
-7.6736111e-11
-7.8958333e-11
-7.5138888e-11
-7.9166666e-11
-8.1736111e-11
-7.6666666e-11
-7.9375e-11
-7.8472222e-11
-8.0347222e-11
-7.8263888e-11
-7.9097222e-11
-7.8125e-11
-7.5208333e-11
-7.5208333e-11
-7.6736111e-11
-7.8472222e-11
-7.7916666e-11
-7.8125e-11
-7.6944444e-11
-7.7916666e-11
-7.8541666e-11
-7.7708333e-11
-7.6458333e-11
-8.0138889e-11
-8.1388889e-11
-7.6597222e-11
-7.9861111e-11
-7.8472222e-11
-7.9097222e-11
-7.8055555e-11
-7.9930555e-11
-7.9652777e-11
-7.8819444e-11
-7.8333333e-11
-7.9444444e-11
-7.8263888e-11
-7.5347222e-11
-7.3958333e-11
-7.8055555e-11
-7.6249999e-11
-7.8680555e-11
-7.7152777e-11
-7.9375e-11
-7.8125e-11
-7.9513889e-11
-7.6388888e-11
-7.4513888e-11
-7.5972222e-11
-7.6527777e-11
-7.6180555e-11
-7.8055555e-11
-7.6736111e-11
-7.6041666e-11
-7.7638888e-11
-7.6180555e-11
-7.5069444e-11
-7.7499999e-11
-7.4791666e-11
-7.8680555e-11
-7.5138888e-11
-8.125e-11
-7.9097222e-11
-7.8125e-11
-7.8333333e-11
-8.1805555e-11
-7.9513889e-11
-8.0138889e-11
-7.9097222e-11
-7.5277777e-11
-7.5555555e-11
-7.9166666e-11
-7.6736111e-11
-7.9236111e-11
-7.8402777e-11
-7.6874999e-11
-7.7152777e-11
-7.9722222e-11
-7.6458333e-11
-7.6805555e-11
-7.7847222e-11
-7.9236111e-11
-7.7986111e-11
-8.0138889e-11
-7.7777777e-11
-7.8125e-11
-7.7083333e-11
-7.7916666e-11
-7.9375e-11
-7.8819444e-11
-7.6527777e-11
-8e-11
-7.8541666e-11
-7.6666666e-11
-7.486111e-11
-7.9930555e-11
-7.6874999e-11
-7.7361111e-11
-7.5972222e-11
-7.8263888e-11
-7.7152777e-11
-7.5763888e-11
-7.5833333e-11
-7.7638888e-11
-7.5069444e-11
-7.6597222e-11
-7.4791666e-11
-7.9027777e-11
-7.7013888e-11
-7.5416666e-11
-7.5555555e-11
-7.3541666e-11
-7.4652777e-11
-7.5972222e-11
-7.4722221e-11
-7.4444444e-11
-7.6805555e-11
-7.6319444e-11
-7.6249999e-11
-7.8402777e-11
-7.9166666e-11
-7.8333333e-11
-8.1319444e-11
-7.9375e-11
-7.6805555e-11
-8e-11
-7.8888888e-11
-7.7777777e-11
-8.2638889e-11
-8.1319444e-11
-8.2013889e-11
-8.0763889e-11
-8.0277777e-11
-7.6874999e-11
-8.0833333e-11
-8.0416666e-11
-8.0625e-11
-7.8194444e-11
-8.0138889e-11
-7.9791666e-11
-7.7986111e-11
-8.0347222e-11
-7.7152777e-11
-7.8541666e-11
-7.5902777e-11
-7.7222222e-11
-7.6249999e-11
-7.8611111e-11
-7.5763888e-11
-7.5347222e-11
-7.7638888e-11
-7.6874999e-11
-7.5416666e-11
-7.6527777e-11
-7.7708333e-11
-7.6597222e-11
-7.8263888e-11
-7.7291666e-11
-7.6319444e-11
-7.8055555e-11
-7.4652777e-11
-7.8125e-11
-7.7152777e-11
-7.8472222e-11
-7.7013888e-11
-7.7361111e-11
-7.7291666e-11
-7.6041666e-11
-7.875e-11
-7.6458333e-11
-7.7986111e-11
-7.8333333e-11
-7.5763888e-11
-7.9930555e-11
-7.6458333e-11
-7.5694444e-11
-7.7361111e-11
-7.7499999e-11
-7.9375e-11
-7.7152777e-11
-7.6666666e-11
-8.1666666e-11
-7.7361111e-11
-7.5069444e-11
-7.6736111e-11
-7.7430555e-11
-7.8680555e-11
-7.7291666e-11
-7.5347222e-11
-7.7291666e-11
-7.6666666e-11
-7.5555555e-11
-7.8819444e-11
-8.0486111e-11
-7.7986111e-11
-7.9166666e-11
-8.1944444e-11
-8.1597222e-11
-7.8888888e-11
-7.7222222e-11
-7.6944444e-11
-7.7916666e-11
-7.9236111e-11
-7.7152777e-11
-7.8402777e-11
-7.7361111e-11
-8.0902778e-11
-7.9305555e-11
-7.9652777e-11
-8.0486111e-11
-7.7013888e-11
-7.9166666e-11
-7.8194444e-11
-7.9027777e-11
-8.0416666e-11
-7.8125e-11
-7.9722222e-11
-8.2152778e-11
-8.1458333e-11
-8e-11
-8.1527778e-11
-7.8611111e-11
-8.1597222e-11
-7.7916666e-11
-7.7430555e-11
-8.0763889e-11
-7.7638888e-11
-7.6041666e-11
-8.0208333e-11
-7.7013888e-11
-7.8819444e-11
-7.8888888e-11
-8.0555555e-11
-7.7638888e-11
-7.5833333e-11
-7.7430555e-11
-7.6180555e-11
-7.3819444e-11
-7.6597222e-11
-7.6874999e-11
-7.7361111e-11
-7.7638888e-11
-7.6597222e-11
-7.7638888e-11
-7.9722222e-11
-7.9027777e-11
-7.6944444e-11
-8.1319444e-11
-8.0277777e-11
-7.7777777e-11
-7.6458333e-11
-7.9861111e-11
-7.7152777e-11
-7.8819444e-11
-7.7013888e-11
-7.7291666e-11
-7.9166666e-11
-7.7777777e-11
-7.548611e-11
-7.8333333e-11
-7.6319444e-11
-7.7986111e-11
-7.5902777e-11
-7.875e-11
-7.6388888e-11
-7.5138888e-11
-7.8333333e-11
-7.9027777e-11
-7.7361111e-11
-7.9236111e-11
-7.7222222e-11
-7.7847222e-11
-7.6249999e-11
-7.6874999e-11
-7.8333333e-11
-7.7013888e-11
-8.0833333e-11
-7.9444444e-11
-7.6527777e-11
-7.9861111e-11
-7.8680555e-11
-7.9583333e-11
-8.0416666e-11
-7.6736111e-11
-7.7986111e-11
-7.875e-11
-7.7777777e-11
-7.9097222e-11
-7.6319444e-11
-7.9652777e-11
-7.9444444e-11
-7.9236111e-11
-7.611111e-11
-7.8333333e-11
-7.9722222e-11
-8.0138889e-11
-7.548611e-11
-7.5208333e-11
-7.6249999e-11
-7.8194444e-11
-7.5763888e-11
-7.8333333e-11
-7.7847222e-11
-7.9236111e-11
-7.7013888e-11
-7.548611e-11
-7.486111e-11
-7.5138888e-11
-7.7916666e-11
-7.8263888e-11
-7.5069444e-11
-7.8055555e-11
-7.6597222e-11
-7.5833333e-11
-7.7430555e-11
-7.7986111e-11
-7.7361111e-11
-7.6597222e-11
-7.5208333e-11
-7.548611e-11
-7.8819444e-11
-7.6736111e-11
-7.7847222e-11
-7.3888888e-11
-7.4513888e-11
-7.875e-11
-7.6527777e-11
-7.3888888e-11
-7.8541666e-11
-7.4999999e-11
-7.5277777e-11
-7.9375e-11
-7.4513888e-11
-7.7847222e-11
-7.6944444e-11
-7.9861111e-11
-8.125e-11
-7.8263888e-11
-8.1666666e-11
-8.0416666e-11
-7.9027777e-11
-7.9375e-11
-7.9861111e-11
-7.8402777e-11
-8.0208333e-11
-7.9444444e-11
-7.9930555e-11
-7.8055555e-11
-7.5972222e-11
-7.5277777e-11
-8.0138889e-11
-7.7430555e-11
-7.7499999e-11
-7.7430555e-11
-7.8472222e-11
-7.6944444e-11
-7.6527777e-11
-7.548611e-11
-7.8055555e-11
-7.8125e-11
-7.5416666e-11
-7.7708333e-11
-7.6874999e-11
-7.8055555e-11
-7.9305555e-11
-7.3402777e-11
-7.5624999e-11
-7.3819444e-11
-7.5972222e-11
-7.7152777e-11
-7.3819444e-11
-7.7361111e-11
-7.7152777e-11
-7.5555555e-11
-7.7222222e-11
-7.4930555e-11
-7.486111e-11
-7.7916666e-11
-7.6736111e-11
-7.3680555e-11
-7.548611e-11
-7.5069444e-11
-7.9375e-11
-7.548611e-11
-7.6666666e-11
-7.6249999e-11
-7.3541666e-11
-7.6388888e-11
-7.6805555e-11
-7.5208333e-11
-7.3680555e-11
-7.2777777e-11
-7.5347222e-11
-7.7222222e-11
-7.6041666e-11
-7.4999999e-11
-7.7013888e-11
-7.5347222e-11
-7.3541666e-11
-7.6388888e-11
-7.7708333e-11
-7.423611e-11
-7.3541666e-11
-7.8055555e-11
-7.7708333e-11
-7.5902777e-11
-7.8194444e-11
-7.5208333e-11
-7.7291666e-11
-7.6597222e-11
-7.4722221e-11
-7.5763888e-11
-7.5138888e-11
-7.611111e-11
-7.3333332e-11
-7.4791666e-11
-7.6666666e-11
-7.4652777e-11
-7.7847222e-11
-7.7222222e-11
-7.8055555e-11
-7.4305555e-11
-7.5763888e-11
-7.5277777e-11
-7.8611111e-11
-7.7847222e-11
-7.6944444e-11
-7.7986111e-11
-7.3888888e-11
-7.6597222e-11
-7.7847222e-11
-7.611111e-11
-7.5833333e-11
-7.6874999e-11
-7.7569444e-11
-7.6249999e-11
-7.7708333e-11
-7.4513888e-11
-7.4513888e-11
-7.9097222e-11
-7.6666666e-11
-7.7847222e-11
-8.1319444e-11
-8.1875e-11
-7.7638888e-11
-7.9236111e-11
-7.7916666e-11
-7.6458333e-11
-7.8611111e-11
-7.8680555e-11
-7.5972222e-11
-7.6805555e-11
-7.4513888e-11
-7.8888888e-11
-8.1180555e-11
-7.4930555e-11
-7.5416666e-11
-7.7361111e-11
-7.8402777e-11
-7.5624999e-11
-7.4930555e-11
-7.8611111e-11
-7.6597222e-11
-7.361111e-11
-7.5208333e-11
-7.5138888e-11
-7.6388888e-11
-7.4999999e-11
-7.4791666e-11
-7.3055555e-11
-7.5347222e-11
-7.4374999e-11
-7.5833333e-11
-7.7986111e-11
-7.8263888e-11
-7.4791666e-11
-7.5902777e-11
-7.4652777e-11
-7.3472221e-11
-7.5972222e-11
-7.7916666e-11
-7.5069444e-11
-7.5069444e-11
-7.4583333e-11
-7.6041666e-11
-7.5416666e-11
-7.548611e-11
-7.6527777e-11
-7.6041666e-11
-7.7499999e-11
-7.4722221e-11
-7.8402777e-11
-7.8888888e-11
-7.7708333e-11
-7.9583333e-11
-7.5277777e-11
-7.2916666e-11
-7.4305555e-11
-7.5694444e-11
-7.7152777e-11
-7.6597222e-11
-7.5972222e-11
-7.5763888e-11
-7.6041666e-11
-7.486111e-11
-7.7291666e-11
-7.4999999e-11
-7.2708332e-11
-7.2847221e-11
-7.1388888e-11
-7.3958333e-11
-7.5069444e-11
-7.4930555e-11
-7.4652777e-11
-7.4930555e-11
-7.5277777e-11
-7.548611e-11
-7.4583333e-11
-7.611111e-11
-7.548611e-11
-7.4444444e-11
-7.7638888e-11
-7.6527777e-11
-7.5694444e-11
-7.5902777e-11
-7.6388888e-11
-7.6249999e-11
-7.9722222e-11
-7.548611e-11
-7.6319444e-11
-7.611111e-11
-7.5347222e-11
-7.5555555e-11
-7.3888888e-11
-7.7916666e-11
-7.4513888e-11
-7.7499999e-11
-7.4444444e-11
-7.4097221e-11
-7.3541666e-11
-7.4999999e-11
-7.423611e-11
-7.4583333e-11
-7.9513889e-11
-7.4999999e-11
-7.8263888e-11
-7.6736111e-11
-7.548611e-11
-7.361111e-11
-7.4513888e-11
-7.486111e-11
-7.6458333e-11
-7.2291666e-11
-7.5972222e-11
-7.5277777e-11
-7.2569444e-11
-7.7361111e-11
-7.5347222e-11
-7.6527777e-11
-7.5972222e-11
-7.6805555e-11
-7.3888888e-11
-7.2291666e-11
-7.5833333e-11
-7.3819444e-11
-7.7916666e-11
-7.3888888e-11
-7.4166666e-11
-7.7083333e-11
-7.423611e-11
-7.361111e-11
-7.4999999e-11
-7.6805555e-11
-7.4791666e-11
-7.6805555e-11
-7.5555555e-11
-7.423611e-11
-7.8194444e-11
-7.423611e-11
-7.3263888e-11
-7.7777777e-11
-7.6041666e-11
-7.3958333e-11
-7.4583333e-11
-7.4999999e-11
-7.1458332e-11
-7.7499999e-11
-7.4027777e-11
-7.3124999e-11
-7.361111e-11
-7.5763888e-11
-7.548611e-11
-7.3333332e-11
-7.5138888e-11
-7.3958333e-11
-7.6388888e-11
-7.3819444e-11
-7.5069444e-11
-7.3055555e-11
-7.4027777e-11
-7.2708332e-11
-7.875e-11
-7.4166666e-11
-7.6805555e-11
-7.6458333e-11
-7.4930555e-11
-7.4722221e-11
-7.4027777e-11
-7.4513888e-11
-7.5277777e-11
-7.7013888e-11
-7.548611e-11
-7.5416666e-11
-7.7777777e-11
-7.611111e-11
-7.7083333e-11
-7.3819444e-11
-7.5347222e-11
-7.7499999e-11
-7.6736111e-11
-7.361111e-11
-7.4652777e-11
-7.3958333e-11
-7.4791666e-11
-7.4722221e-11
-7.3472221e-11
-7.4999999e-11
-7.4513888e-11
-7.5069444e-11
-7.4305555e-11
-7.8263888e-11
-7.8611111e-11
-7.6666666e-11
-7.3680555e-11
-7.7152777e-11
-7.5277777e-11
-7.4999999e-11
-7.6736111e-11
-7.4374999e-11
-7.4652777e-11
-7.7986111e-11
-7.8055555e-11
-7.4513888e-11
-7.875e-11
-7.7222222e-11
-7.7222222e-11
-7.5902777e-11
-7.3124999e-11
-7.5069444e-11
-7.5416666e-11
-7.5208333e-11
-7.8958333e-11
-7.6041666e-11
-7.361111e-11
-7.4374999e-11
-7.5624999e-11
-7.4722221e-11
-7.6597222e-11
-7.5208333e-11
-7.5069444e-11
-7.4999999e-11
-7.6388888e-11
-7.2499999e-11
-7.6388888e-11
-7.4791666e-11
-7.3472221e-11
-7.6666666e-11
-7.3472221e-11
-7.7222222e-11
-7.5208333e-11
-7.4999999e-11
-7.611111e-11
-7.486111e-11
-7.6388888e-11
-8.1875e-11
-7.7708333e-11
-7.7569444e-11
-7.5347222e-11
-7.7708333e-11
-7.7222222e-11
-7.6944444e-11
-7.7361111e-11
-7.7777777e-11
-7.5416666e-11
-7.8333333e-11
-7.4583333e-11
-7.8333333e-11
-7.8333333e-11
-7.5902777e-11
-7.4583333e-11
-7.5763888e-11
-7.5555555e-11
-7.4097221e-11
-7.6319444e-11
-7.5694444e-11
-7.5069444e-11
-7.5277777e-11
-7.5694444e-11
-7.7847222e-11
-7.1527777e-11
-7.9305555e-11
-7.6180555e-11
-7.5972222e-11
-7.4027777e-11
-7.5972222e-11
-7.5208333e-11
-7.3680555e-11
-7.4097221e-11
-7.3333332e-11
-7.611111e-11
-7.4166666e-11
-7.4652777e-11
-7.6319444e-11
-7.3958333e-11
-7.7638888e-11
-7.4374999e-11
-7.3472221e-11
-7.4791666e-11
-7.6180555e-11
-7.4166666e-11
-7.6805555e-11
-7.4652777e-11
-7.7083333e-11
-7.4791666e-11
-7.6666666e-11
-7.548611e-11
-7.5138888e-11
-7.7430555e-11
-7.5972222e-11
-7.3333332e-11
-7.6805555e-11
-7.5138888e-11
-7.5624999e-11
-7.548611e-11
-7.5763888e-11
-7.3958333e-11
-7.4374999e-11
-7.611111e-11
-7.5277777e-11
-7.3749999e-11
-7.4999999e-11
-7.6458333e-11
-7.5624999e-11
-7.298611e-11
-7.5069444e-11
-7.361111e-11
-7.2638888e-11
-7.486111e-11
-7.4652777e-11
-7.4722221e-11
-7.6041666e-11
-7.611111e-11
-7.236111e-11
-7.4513888e-11
-7.4166666e-11
-7.1666666e-11
-7.4583333e-11
-7.6180555e-11
-7.5277777e-11
-7.4027777e-11
-7.3333332e-11
-7.3541666e-11
-7.1527777e-11
-7.7083333e-11
-7.3958333e-11
-7.1805555e-11
-7.423611e-11
-7.548611e-11
-7.3680555e-11
-7.361111e-11
-7.4999999e-11
-7.6597222e-11
-7.0972221e-11
-7.3402777e-11
-7.4791666e-11
-7.4722221e-11
-7.6388888e-11
-7.3541666e-11
-7.4583333e-11
-7.4583333e-11
-7.2013888e-11
-7.2569444e-11
-7.6597222e-11
-7.3749999e-11
-7.6249999e-11
-7.3541666e-11
-7.4652777e-11
-7.423611e-11
-7.4583333e-11
-7.486111e-11
-7.361111e-11
-7.4791666e-11
-7.4652777e-11
-7.2013888e-11
-7.3194444e-11
-7.4722221e-11
-7.5763888e-11
-7.5069444e-11
-7.548611e-11
-7.0833332e-11
-7.4999999e-11
-7.548611e-11
-7.2777777e-11
-7.7152777e-11
-7.1458332e-11
-7.5208333e-11
-7.6527777e-11
-7.4999999e-11
-7.5138888e-11
-7.4999999e-11
-7.3194444e-11
-7.6805555e-11
-7.6041666e-11
-7.423611e-11
-7.2430555e-11
-7.3124999e-11
-7.298611e-11
-7.2083332e-11
-7.3680555e-11
-7.4374999e-11
-7.1458332e-11
-7.3194444e-11
-7.4027777e-11
-7.2499999e-11
-7.4444444e-11
-7.0902777e-11
-7.4444444e-11
-7.3333332e-11
-7.7013888e-11
-7.5138888e-11
-7.3749999e-11
-7.5555555e-11
-7.4166666e-11
-7.2152777e-11
-7.4791666e-11
-7.4583333e-11
-7.7291666e-11
-7.4444444e-11
-7.4374999e-11
-7.4652777e-11
-7.5833333e-11
-7.5555555e-11
-7.5416666e-11
-7.6736111e-11
-7.6597222e-11
-7.4305555e-11
-7.3402777e-11
-7.5208333e-11
-7.3402777e-11
-7.2430555e-11
-7.3194444e-11
-7.3124999e-11
-7.6041666e-11
-7.4722221e-11
-7.048611e-11
-7.5069444e-11
-7.3749999e-11
-7.7291666e-11
-7.5902777e-11
-7.3263888e-11
-7.7916666e-11
-7.361111e-11
-7.7777777e-11
-7.6736111e-11
-7.5902777e-11
-7.7152777e-11
-7.7430555e-11
-7.7013888e-11
-7.7430555e-11
-7.4513888e-11
-7.5208333e-11
-7.6736111e-11
-7.548611e-11
-7.7430555e-11
-7.7013888e-11
-7.7013888e-11
-7.6180555e-11
-7.4583333e-11
-7.7083333e-11
-7.5277777e-11
-7.6736111e-11
-7.7083333e-11
-7.8611111e-11
-7.3958333e-11
-7.3680555e-11
-7.4583333e-11
-7.8333333e-11
-7.7222222e-11
-7.4583333e-11
-7.6597222e-11
-7.6180555e-11
-7.2499999e-11
-7.5833333e-11
-7.7152777e-11
-7.5347222e-11
-7.4583333e-11
-7.6666666e-11
-7.5069444e-11
-7.7708333e-11
-7.5277777e-11
-7.3263888e-11
-7.1597221e-11
-7.4722221e-11
-7.4652777e-11
-7.173611e-11
-7.4166666e-11
-7.5416666e-11
-7.5694444e-11
-7.5694444e-11
-7.7986111e-11
-7.423611e-11
-7.4999999e-11
-7.4652777e-11
-7.7222222e-11
-7.173611e-11
-7.8125e-11
-7.5555555e-11
-7.6388888e-11
-7.4097221e-11
-7.3680555e-11
-7.3680555e-11
-7.7013888e-11
-7.7013888e-11
-7.8055555e-11
-7.4305555e-11
-7.5624999e-11
-7.2916666e-11
-7.6388888e-11
-7.3819444e-11
-7.361111e-11
-7.611111e-11
-7.4374999e-11
-7.5416666e-11
-7.4374999e-11
-7.3333332e-11
-7.4652777e-11
-7.2222221e-11
-7.4652777e-11
-7.4652777e-11
-7.4513888e-11
-7.7013888e-11
-7.4513888e-11
-7.4513888e-11
-7.3541666e-11
-7.4166666e-11
-7.5833333e-11
-7.048611e-11
-7.2291666e-11
-7.361111e-11
-7.5555555e-11
-7.6527777e-11
-7.4097221e-11
-7.3333332e-11
-7.3055555e-11
-7.4444444e-11
-7.3541666e-11
-7.2638888e-11
-7.3194444e-11
-7.6180555e-11
-7.2291666e-11
-7.2499999e-11
-7.6388888e-11
-7.4930555e-11
-7.4583333e-11
-7.3958333e-11
-7.3541666e-11
-7.2638888e-11
-7.4305555e-11
-7.3749999e-11
-7.5277777e-11
-7.2916666e-11
-7.4999999e-11
-7.3958333e-11
-7.4166666e-11
-7.6874999e-11
-7.4305555e-11
-7.2430555e-11
-7.3472221e-11
-7.5208333e-11
-7.2847221e-11
-7.486111e-11
-7.1666666e-11
-7.3749999e-11
-7.3472221e-11
-7.3263888e-11
-7.2569444e-11
-7.4027777e-11
-7.4444444e-11
-7.5555555e-11
-7.4305555e-11
-7.2291666e-11
-7.3888888e-11
-7.548611e-11
-7.2291666e-11
-7.5763888e-11
-7.1388888e-11
-7.4027777e-11
-7.2638888e-11
-7.361111e-11
-7.4652777e-11
-7.361111e-11
-7.2638888e-11
-7.1597221e-11
-7.4930555e-11
-7.4027777e-11
-7.361111e-11
-7.3263888e-11
-7.5277777e-11
-7.2916666e-11
-7.3194444e-11
-7.298611e-11
-7.2638888e-11
-7.2222221e-11
-7.3819444e-11
-7.0694443e-11
-7.4999999e-11
-7.4791666e-11
-7.4722221e-11
-7.1388888e-11
-7.0069443e-11
-7.1944443e-11
-6.9930554e-11
-7.486111e-11
-7.5972222e-11
-7.0277777e-11
-7.4374999e-11
-7.3958333e-11
-7.0902777e-11
-7.7499999e-11
-7.0347221e-11
-7.2499999e-11
-7.6666666e-11
-7.111111e-11
-7.5347222e-11
-7.4166666e-11
-7.4027777e-11
-7.4305555e-11
-7.6180555e-11
-7.2916666e-11
-7.6527777e-11
-7.486111e-11
-7.4999999e-11
-7.611111e-11
-7.3124999e-11
-7.3263888e-11
-7.3263888e-11
-7.611111e-11
-7.3888888e-11
-7.4722221e-11
-7.5069444e-11
-7.3333332e-11
-7.4305555e-11
-7.5208333e-11
-7.7638888e-11
-7.5555555e-11
-7.3888888e-11
-7.2847221e-11
-7.2916666e-11
-7.5763888e-11
-7.4513888e-11
-7.4166666e-11
-7.5277777e-11
-7.4097221e-11
-7.6319444e-11
-7.2847221e-11
-7.2569444e-11
-7.2569444e-11
-7.4930555e-11
-7.6944444e-11
-7.298611e-11
-7.3888888e-11
-7.4999999e-11
-7.3819444e-11
-7.5694444e-11
-7.361111e-11
-7.4722221e-11
-7.4791666e-11
-7.3333332e-11
-7.6666666e-11
-7.3958333e-11
-7.548611e-11
-7.4444444e-11
-7.5902777e-11
-7.6458333e-11
-7.2638888e-11
-7.7013888e-11
-7.4513888e-11
-7.4930555e-11
-7.8194444e-11
-7.5833333e-11
-7.4444444e-11
-7.4583333e-11
-7.2777777e-11
-7.8888888e-11
-7.4027777e-11
-7.2430555e-11
-7.3888888e-11
-7.5555555e-11
-7.1874999e-11
-7.2222221e-11
-7.2916666e-11
-7.7083333e-11
-7.2291666e-11
-7.4374999e-11
-7.4930555e-11
-7.236111e-11
-7.5416666e-11
-7.3333332e-11
-7.1597221e-11
-7.6527777e-11
-7.3194444e-11
-7.1180555e-11
-7.3055555e-11
-7.2847221e-11
-7.2013888e-11
-7.5763888e-11
-7.486111e-11
-7.4305555e-11
-7.548611e-11
-7.4027777e-11
-7.6805555e-11
-7.4999999e-11
-7.6249999e-11
-7.423611e-11
-7.3194444e-11
-7.6319444e-11
-7.5138888e-11
-7.6319444e-11
-7.4374999e-11
-7.5833333e-11
-7.5277777e-11
-7.4027777e-11
-7.6180555e-11
-7.4791666e-11
-7.5555555e-11
-7.361111e-11
-7.5624999e-11
-7.8472222e-11
-7.4166666e-11
-7.5138888e-11
-7.4513888e-11
-7.9305555e-11
-7.3680555e-11
-7.423611e-11
-7.6180555e-11
-7.298611e-11
-7.5416666e-11
-7.6458333e-11
-7.5763888e-11
-7.2222221e-11
-7.4097221e-11
-7.0763888e-11
-7.5208333e-11
-7.3333332e-11
-7.7499999e-11
-7.3541666e-11
-7.0902777e-11
-7.5416666e-11
-7.6666666e-11
-7.2291666e-11
-7.2152777e-11
-7.2013888e-11
-7.3055555e-11
-7.4027777e-11
-7.3541666e-11
-7.2916666e-11
-7.6527777e-11
-7.1180555e-11
-7.4722221e-11
-7.3333332e-11
-7.3958333e-11
-7.5972222e-11
-7.4999999e-11
-7.5902777e-11
-7.2291666e-11
-7.3749999e-11
-7.2430555e-11
-7.4166666e-11
-7.5416666e-11
-7.3888888e-11
-7.4305555e-11
-7.4999999e-11
-7.4444444e-11
-7.6388888e-11
-7.4305555e-11
-7.3194444e-11
-7.3819444e-11
-7.5694444e-11
-7.4930555e-11
-7.6180555e-11
-7.6805555e-11
-7.4791666e-11
-7.486111e-11
-7.4305555e-11
-7.7291666e-11
-7.5902777e-11
-7.2916666e-11
-7.5347222e-11
-7.4374999e-11
-7.3749999e-11
-7.4652777e-11
-7.5138888e-11
-7.7013888e-11
-7.5694444e-11
-7.4583333e-11
-7.5833333e-11
-7.6041666e-11
-7.4583333e-11
-7.3333332e-11
-7.2847221e-11
-7.5555555e-11
-7.2499999e-11
-7.4166666e-11
-7.2708332e-11
-7.1944443e-11
-7.3749999e-11
-7.5416666e-11
-7.548611e-11
-7.173611e-11
-7.0972221e-11
-7.6180555e-11
-7.298611e-11
-7.4513888e-11
-7.4513888e-11
-7.2916666e-11
-7.3263888e-11
-7.4374999e-11
-7.298611e-11
-7.4097221e-11
-7.0138888e-11
-7.5763888e-11
-7.1597221e-11
-7.3680555e-11
-7.548611e-11
-7.5069444e-11
-7.1249999e-11
-7.3680555e-11
-7.4513888e-11
-7.6527777e-11
-7.4652777e-11
-7.1944443e-11
-7.5624999e-11
-7.2222221e-11
-7.5208333e-11
-7.3055555e-11
-7.5694444e-11
-7.1388888e-11
-7.486111e-11
-7.4583333e-11
-7.5416666e-11
-7.6041666e-11
-7.5763888e-11
-7.4722221e-11
-7.5069444e-11
-7.298611e-11
-7.4513888e-11
-7.3333332e-11
-7.3958333e-11
-7.4583333e-11
-7.3194444e-11
-7.3263888e-11
-7.3819444e-11
-7.236111e-11
-7.2777777e-11
-7.4722221e-11
-7.486111e-11
-7.3680555e-11
-7.4166666e-11
-7.5277777e-11
-7.6805555e-11
-7.4930555e-11
-7.2013888e-11
-7.423611e-11
-7.2777777e-11
-7.298611e-11
-7.423611e-11
-7.2083332e-11
-7.6527777e-11
-7.5277777e-11
-7.1805555e-11
-7.6666666e-11
-7.298611e-11
-7.2916666e-11
-7.3819444e-11
-7.3124999e-11
-7.5347222e-11
-7.3194444e-11
-7.6041666e-11
-7.6874999e-11
-7.5416666e-11
-7.5138888e-11
-7.3263888e-11
-7.4513888e-11
-7.4374999e-11
-7.423611e-11
-7.6249999e-11
-7.3749999e-11
-7.4652777e-11
-7.4166666e-11
-7.5138888e-11
-7.4166666e-11
-7.548611e-11
-7.4097221e-11
-7.5694444e-11
-7.5138888e-11
-7.3333332e-11
-7.2569444e-11
-7.2847221e-11
-7.3749999e-11
-7.423611e-11
-7.1041666e-11
-7.1874999e-11
-7.2083332e-11
-7.2569444e-11
-7.3194444e-11
-7.0347221e-11
-7.1388888e-11
-7.2569444e-11
-7.2013888e-11
-7.0138888e-11
-7.173611e-11
-7.4166666e-11
-7.4513888e-11
-7.2430555e-11
-7.3263888e-11
-7.236111e-11
-7.5347222e-11
-7.2083332e-11
-7.3124999e-11
-7.4652777e-11
-7.2152777e-11
-7.1249999e-11
-7.1527777e-11
-7.3680555e-11
-7.3888888e-11
-7.2499999e-11
-7.6666666e-11
-7.361111e-11
-7.5138888e-11
-7.3541666e-11
-7.0208332e-11
-7.3888888e-11
-7.1805555e-11
-7.4305555e-11
-7.2013888e-11
-7.1805555e-11
-7.3749999e-11
-7.4166666e-11
-7.1805555e-11
-7.5069444e-11
-7.4652777e-11
-7.3055555e-11
-6.986111e-11
-7.2499999e-11
-7.3472221e-11
-7.486111e-11
-7.361111e-11
-7.1666666e-11
-7.2222221e-11
-7.5138888e-11
-7.236111e-11
-7.4791666e-11
-7.1597221e-11
-7.173611e-11
-7.1805555e-11
-7.4027777e-11
-7.3958333e-11
-7.2291666e-11
-7.3472221e-11
-7.5208333e-11
-7.1874999e-11
-7.3124999e-11
-7.2083332e-11
-7.3402777e-11
-7.3472221e-11
-7.4097221e-11
-7.3263888e-11
-7.3055555e-11
-7.5138888e-11
-7.298611e-11
-7.5208333e-11
-7.2222221e-11
-7.6249999e-11
-7.3263888e-11
-7.486111e-11
-7.2569444e-11
-7.2222221e-11
-7.4652777e-11
-7.4027777e-11
-7.5277777e-11
-7.1458332e-11
-7.4027777e-11
-7.1944443e-11
-7.4097221e-11
-7.4166666e-11
-6.9999999e-11
-7.4513888e-11
-7.2083332e-11
-7.3749999e-11
-7.5694444e-11
-7.5208333e-11
-7.4722221e-11
-7.4305555e-11
-7.423611e-11
-7.9722222e-11
-7.7152777e-11
-7.7430555e-11
-7.7291666e-11
-7.8194444e-11
-7.7291666e-11
-7.7291666e-11
-7.5763888e-11
-7.5277777e-11
-7.3055555e-11
-7.2777777e-11
-7.6388888e-11
-7.4652777e-11
-7.6736111e-11
-7.4791666e-11
-7.4374999e-11
-7.3472221e-11
-7.3194444e-11
-7.4305555e-11
-7.3194444e-11
-7.4513888e-11
-7.0833332e-11
-7.3124999e-11
-7.2638888e-11
-7.2222221e-11
-7.5069444e-11
-7.0833332e-11
-7.6666666e-11
-7.4652777e-11
-7.2916666e-11
-7.5208333e-11
-7.1874999e-11
-7.8125e-11
-7.4374999e-11
-7.5208333e-11
-7.6736111e-11
-7.361111e-11
-7.3402777e-11
-7.4513888e-11
-7.1666666e-11
-7.5624999e-11
-7.6527777e-11
-7.6736111e-11
-7.3263888e-11
-7.4722221e-11
-7.5624999e-11
-7.6388888e-11
-7.4097221e-11
-7.2708332e-11
-7.5972222e-11
-7.7152777e-11
-7.3402777e-11
-7.5763888e-11
-7.4930555e-11
-7.4722221e-11
-7.4930555e-11
-7.423611e-11
-7.4583333e-11
-7.3263888e-11
-7.3124999e-11
-7.5555555e-11
-7.1666666e-11
-7.4722221e-11
-7.4097221e-11
-7.4583333e-11
-7.4791666e-11
-7.4444444e-11
-7.4444444e-11
-7.7430555e-11
-7.2291666e-11
-7.7847222e-11
-7.2777777e-11
-7.2430555e-11
-7.5347222e-11
-7.2430555e-11
-7.2222221e-11
-7.2152777e-11
-7.3958333e-11
-7.5347222e-11
-7.0069443e-11
-7.361111e-11
-7.4513888e-11
-6.9791666e-11
-7.4374999e-11
-7.4583333e-11
-7.2499999e-11
-7.1944443e-11
-7.5069444e-11
-7.6180555e-11
-7.3888888e-11
-7.3263888e-11
-7.3472221e-11
-7.2083332e-11
-7.3124999e-11
-7.5694444e-11
-7.4444444e-11
-7.2708332e-11
-7.3958333e-11
-7.423611e-11
-7.3819444e-11
-7.6319444e-11
-7.298611e-11
-7.4097221e-11
-7.2430555e-11
-7.2916666e-11
-7.4652777e-11
-7.4166666e-11
-7.2916666e-11
-7.4166666e-11
-7.5763888e-11
-7.1666666e-11
-7.4097221e-11
-7.4791666e-11
-7.3333332e-11
-7.3055555e-11
-7.5902777e-11
-7.423611e-11
-7.2847221e-11
-7.1319443e-11
-7.4027777e-11
-7.3402777e-11
-7.5833333e-11
-7.2777777e-11
-7.1805555e-11
-7.6666666e-11
-7.3055555e-11
-7.4791666e-11
-7.7916666e-11
-7.4305555e-11
-7.5208333e-11
-7.4652777e-11
-7.4166666e-11
-7.6388888e-11
-7.3124999e-11
-7.4097221e-11
-7.5624999e-11
-7.3472221e-11
-7.1458332e-11
-7.423611e-11
-7.3333332e-11
-7.2499999e-11
-7.5416666e-11
-7.0763888e-11
-7.6249999e-11
-7.236111e-11
-7.4444444e-11
-7.2916666e-11
-7.2569444e-11
-7.5624999e-11
-7.5694444e-11
-7.2499999e-11
-7.5138888e-11
-7.2222221e-11
-7.5138888e-11
-7.2777777e-11
-7.4791666e-11
-7.4027777e-11
-7.2013888e-11
-7.5138888e-11
-7.7013888e-11
-7.5138888e-11
-7.5347222e-11
-7.2638888e-11
-7.3958333e-11
-7.7777777e-11
-7.6805555e-11
-7.4652777e-11
-7.4999999e-11
-7.5208333e-11
-7.5555555e-11
-7.7499999e-11
-7.4097221e-11
-7.3888888e-11
-7.4930555e-11
-7.2222221e-11
-7.611111e-11
-7.6180555e-11
-7.3194444e-11
-7.2708332e-11
-7.3888888e-11
-7.3541666e-11
-7.2916666e-11
-7.7222222e-11
-7.7430555e-11
-7.5763888e-11
-7.6180555e-11
-7.5902777e-11
-7.4930555e-11
-7.5208333e-11
-7.3124999e-11
-7.548611e-11
-7.236111e-11
-7.6527777e-11
-7.236111e-11
-7.5138888e-11
-7.6041666e-11
-7.4652777e-11
-7.2638888e-11
-7.5763888e-11
-7.3749999e-11
-7.5069444e-11
-7.3958333e-11
-7.6180555e-11
-7.4166666e-11
-7.298611e-11
-7.4583333e-11
-7.423611e-11
-7.3472221e-11
-7.548611e-11
-7.2847221e-11
-7.4166666e-11
-7.4305555e-11
-7.2638888e-11
-7.3472221e-11
-7.2569444e-11
-7.1388888e-11
-7.3541666e-11
-7.4305555e-11
-7.4722221e-11
-7.4444444e-11
-7.2291666e-11
-7.3680555e-11
-7.0833332e-11
-7.2569444e-11
-7.1180555e-11
-7.4374999e-11
-7.5624999e-11
-7.4027777e-11
-7.4027777e-11
-7.4583333e-11
-7.5277777e-11
-7.0902777e-11
-7.4166666e-11
-7.3819444e-11
-7.3402777e-11
-7.486111e-11
-7.0416666e-11
-7.1527777e-11
-7.5208333e-11
-7.4999999e-11
-7.4097221e-11
-7.2083332e-11
-7.3819444e-11
-7.4930555e-11
-7.1249999e-11
-7.5694444e-11
-7.5694444e-11
-7.7361111e-11
-7.486111e-11
-7.2291666e-11
-7.3055555e-11
-7.4027777e-11
-7.3958333e-11
-7.2430555e-11
-7.2291666e-11
-7.3124999e-11
-7.4930555e-11
-7.4722221e-11
-7.4305555e-11
-7.611111e-11
-7.5347222e-11
-7.6527777e-11
-7.4652777e-11
-7.1597221e-11
-7.2777777e-11
-7.2013888e-11
-7.3749999e-11
-7.2222221e-11
-7.5208333e-11
-7.3819444e-11
-7.2499999e-11
-7.2638888e-11
-7.361111e-11
-7.4027777e-11
-7.2847221e-11
-7.2638888e-11
-7.4166666e-11
-7.3055555e-11
-7.4513888e-11
-7.361111e-11
-7.4513888e-11
-7.1319443e-11
-7.5833333e-11
-7.1874999e-11
-6.9652777e-11
-7.1874999e-11
-6.986111e-11
-7.1666666e-11
-7.3402777e-11
-7.0624999e-11
-7.2847221e-11
-7.5694444e-11
-7.2013888e-11
-7.1805555e-11
-7.6527777e-11
-7.423611e-11
-7.6458333e-11
-7.486111e-11
-7.6944444e-11
-6.8888888e-11
-7.3749999e-11
-7.0972221e-11
-7.3194444e-11
-7.3402777e-11
-7.2638888e-11
-7.3472221e-11
-7.3958333e-11
-7.3819444e-11
-7.2499999e-11
-7.486111e-11
-7.236111e-11
-7.4097221e-11
-7.1319443e-11
-7.1805555e-11
-7.3819444e-11
-7.5347222e-11
-7.2499999e-11
-7.3680555e-11
-7.3888888e-11
-7.4374999e-11
-7.0972221e-11
-7.2430555e-11
-7.4374999e-11
-7.3194444e-11
-7.1249999e-11
-7.4652777e-11
-7.4652777e-11
-7.611111e-11
-7.361111e-11
-7.2013888e-11
-7.1597221e-11
-7.3263888e-11
-7.0277777e-11
-7.2708332e-11
-7.5138888e-11
-7.4722221e-11
-7.2430555e-11
-7.298611e-11
-7.4791666e-11
-7.3402777e-11
-7.3055555e-11
-7.1666666e-11
-7.2291666e-11
-7.3194444e-11
-7.3402777e-11
-7.2916666e-11
-7.0763888e-11
-7.0763888e-11
-7.2569444e-11
-7.1458332e-11
-7.3749999e-11
-7.2152777e-11
-7.423611e-11
-7.0416666e-11
-7.4374999e-11
-7.3333332e-11
-7.3263888e-11
-7.6944444e-11
-7.6527777e-11
-7.5277777e-11
-7.3055555e-11
-7.423611e-11
-7.5972222e-11
-7.5416666e-11
-7.6041666e-11
-7.5694444e-11
-7.3194444e-11
-7.4722221e-11
-7.4305555e-11
-7.0416666e-11
-7.361111e-11
-7.4027777e-11
-7.2569444e-11
-7.486111e-11
-7.423611e-11
-7.423611e-11
-7.361111e-11
-7.3819444e-11
-7.236111e-11
-7.048611e-11
-7.7152777e-11
-7.6249999e-11
-7.7083333e-11
-7.9027777e-11
-7.3819444e-11
-7.7013888e-11
-7.5624999e-11
-7.6666666e-11
-7.3958333e-11
-7.4791666e-11
-7.423611e-11
-7.6944444e-11
-6.9999999e-11
-7.4374999e-11
-7.4791666e-11
-7.5347222e-11
-7.4097221e-11
-7.4791666e-11
-7.2916666e-11
-7.1666666e-11
-7.298611e-11
-7.236111e-11
-7.2847221e-11
-7.6874999e-11
-7.1527777e-11
-7.2083332e-11
-7.3472221e-11
-7.4027777e-11
-7.5555555e-11
-7.2638888e-11
-7.1319443e-11
-7.486111e-11
-7.3541666e-11
-7.5833333e-11
-7.3263888e-11
-7.3124999e-11
-7.3472221e-11
-7.486111e-11
-7.3819444e-11
-7.423611e-11
-7.0763888e-11
-7.1458332e-11
-7.2291666e-11
-7.4444444e-11
-7.3194444e-11
-7.4583333e-11
-7.7430555e-11
-7.5277777e-11
-7.298611e-11
-7.3124999e-11
-7.0347221e-11
-7.173611e-11
-7.236111e-11
-7.2708332e-11
-7.3194444e-11
-7.0624999e-11
-7.3749999e-11
-7.3333332e-11
-7.4652777e-11
-7.0763888e-11
-7.3263888e-11
-7.611111e-11
-7.4166666e-11
-7.3541666e-11
-7.6805555e-11
-7.6319444e-11
-7.6597222e-11
-7.5416666e-11
-7.6874999e-11
-7.7152777e-11
-7.5694444e-11
-7.2013888e-11
-7.2499999e-11
-7.2430555e-11
-7.6458333e-11
-7.3263888e-11
-7.2847221e-11
-7.2499999e-11
-7.5624999e-11
-7.2708332e-11
-7.548611e-11
-7.3124999e-11
-7.3541666e-11
-7.6249999e-11
-7.1944443e-11
-7.548611e-11
-7.6805555e-11
-7.3263888e-11
-7.5069444e-11
-7.4722221e-11
-7.3263888e-11
-7.6180555e-11
-7.3749999e-11
-7.3541666e-11
-7.2777777e-11
-7.1319443e-11
-7.3541666e-11
-7.6388888e-11
-7.6458333e-11
-7.548611e-11
-7.2569444e-11
-7.3124999e-11
-7.5833333e-11
-7.3958333e-11
-7.0972221e-11
-7.4513888e-11
-7.3680555e-11
-7.5208333e-11
-7.3888888e-11
-7.4027777e-11
-7.3680555e-11
-7.5208333e-11
-7.236111e-11
-7.5277777e-11
-7.236111e-11
-7.4652777e-11
-7.173611e-11
-7.2291666e-11
-7.2152777e-11
-7.6249999e-11
-7.3194444e-11
-7.2222221e-11
-7.2708332e-11
-7.3541666e-11
-7.548611e-11
-7.2291666e-11
-7.3263888e-11
-7.4722221e-11
-7.2430555e-11
-7.173611e-11
-7.3194444e-11
-7.2222221e-11
-7.361111e-11
-7.6249999e-11
-7.3055555e-11
-7.2638888e-11
-7.1527777e-11
-7.2152777e-11
-7.3819444e-11
-7.2499999e-11
-7.5694444e-11
-7.361111e-11
-7.2083332e-11
-7.3402777e-11
-7.5902777e-11
-7.2430555e-11
-7.548611e-11
-7.5416666e-11
-7.3124999e-11
-7.2499999e-11
-7.2499999e-11
-7.3541666e-11
-7.7013888e-11
-7.423611e-11
-7.7569444e-11
-7.7152777e-11
-7.6527777e-11
-7.4722221e-11
-7.5138888e-11
-7.7222222e-11
-7.6805555e-11
-7.7083333e-11
-7.4930555e-11
-7.6180555e-11
-7.6041666e-11
-7.4374999e-11
-7.3124999e-11
-7.5138888e-11
-7.5416666e-11
-7.3472221e-11
-7.5694444e-11
-7.8263888e-11
-7.4513888e-11
-7.4583333e-11
-7.486111e-11
-7.4097221e-11
-7.3263888e-11
-7.5555555e-11
-7.236111e-11
-7.5069444e-11
-7.3124999e-11
-7.2847221e-11
-7.298611e-11
-7.3680555e-11
-7.3541666e-11
-7.423611e-11
-7.3402777e-11
-7.7499999e-11
-7.7291666e-11
-7.6944444e-11
-7.875e-11
-7.8333333e-11
-7.5416666e-11
-7.4097221e-11
-7.7708333e-11
-7.8055555e-11
-7.7777777e-11
-7.5277777e-11
-7.5138888e-11
-7.6180555e-11
-7.2430555e-11
-7.5555555e-11
-7.4166666e-11
-7.7361111e-11
-7.7083333e-11
-7.3888888e-11
-7.6458333e-11
-7.4583333e-11
-7.5277777e-11
-7.4444444e-11
-7.7430555e-11
-7.1319443e-11
-7.5833333e-11
-7.611111e-11
-7.423611e-11
-7.4722221e-11
-7.4722221e-11
-7.1666666e-11
-7.4791666e-11
-7.361111e-11
-7.4652777e-11
-7.4166666e-11
-7.8263888e-11
-7.1805555e-11
-7.5624999e-11
-7.4027777e-11
-7.5208333e-11
-7.3333332e-11
-7.1041666e-11
-7.2638888e-11
-7.423611e-11
-7.6388888e-11
-7.1666666e-11
-7.6180555e-11
-7.111111e-11
-7.0555554e-11
-7.548611e-11
-7.0069443e-11
-7.3541666e-11
-7.3749999e-11
-7.1874999e-11
-7.2847221e-11
-7.2916666e-11
-7.5138888e-11
-7.3333332e-11
-7.2291666e-11
-7.3541666e-11
-7.4166666e-11
-7.1388888e-11
-7.486111e-11
-7.2499999e-11
-7.3749999e-11
-7.4166666e-11
-7.423611e-11
-7.2777777e-11
-7.6041666e-11
-7.423611e-11
-7.5208333e-11
-7.0763888e-11
-7.4583333e-11
-7.1597221e-11
-7.3472221e-11
-7.2708332e-11
-7.3333332e-11
-7.3333332e-11
-7.0277777e-11
-7.0624999e-11
-7.1666666e-11
-7.486111e-11
-7.3958333e-11
-7.486111e-11
-7.2638888e-11
-7.3402777e-11
-7.2777777e-11
-7.0208332e-11
-7.1388888e-11
-7.4930555e-11
-7.3333332e-11
-7.486111e-11
-7.111111e-11
-7.4652777e-11
-7.4374999e-11
-7.3888888e-11
-7.2847221e-11
-7.2777777e-11
-6.9999999e-11
-7.4166666e-11
-7.4097221e-11
-7.3749999e-11
-7.3124999e-11
-7.5069444e-11
-7.3958333e-11
-7.5555555e-11
-7.5624999e-11
-7.1805555e-11
-7.2708332e-11
-7.4027777e-11
-7.6597222e-11
-7.2638888e-11
-7.4305555e-11
-7.3263888e-11
-7.4097221e-11
-7.7361111e-11
-7.548611e-11
-7.5138888e-11
-7.7291666e-11
-7.8541666e-11
-7.5902777e-11
-7.298611e-11
-7.8333333e-11
-7.1874999e-11
-7.5138888e-11
-7.6388888e-11
-7.4374999e-11
-7.8125e-11
-7.7638888e-11
-7.3958333e-11
-7.3680555e-11
-7.4027777e-11
-7.5972222e-11
-7.3888888e-11
-7.4999999e-11
-7.7222222e-11
-7.1874999e-11
-7.3749999e-11
-7.4027777e-11
-7.2499999e-11
-7.1805555e-11
-7.0277777e-11
-7.4027777e-11
-7.3958333e-11
-7.2291666e-11
-7.0902777e-11
-7.2777777e-11
-6.8124999e-11
-7.173611e-11
-7.4305555e-11
-7.111111e-11
-7.0833332e-11
-7.111111e-11
-7.048611e-11
-7.5069444e-11
-7.3472221e-11
-7.2777777e-11
-7.111111e-11
-7.111111e-11
-7.2569444e-11
-7.173611e-11
-7.2222221e-11
-7.3263888e-11
-7.2708332e-11
-7.4652777e-11
-7.4166666e-11
-7.298611e-11
-7.4583333e-11
-7.3749999e-11
-7.2152777e-11
-7.2777777e-11
-7.4027777e-11
-6.9305554e-11
-7.1388888e-11
-7.2847221e-11
-7.611111e-11
-7.5208333e-11
-7.1458332e-11
-7.4305555e-11
-7.1805555e-11
-7.1944443e-11
-7.3402777e-11
-7.2638888e-11
-7.2847221e-11
-6.9722221e-11
-7.2569444e-11
-7.3888888e-11
-7.2777777e-11
-7.548611e-11
-7.2499999e-11
-7.3888888e-11
-7.2430555e-11
-7.3124999e-11
-7.423611e-11
-7.3749999e-11
-7.2222221e-11
-7.173611e-11
-7.361111e-11
-7.111111e-11
-7.4374999e-11
-7.4930555e-11
-7.4791666e-11
-7.2847221e-11
-7.2847221e-11
-7.0347221e-11
-7.548611e-11
-7.4166666e-11
-7.1527777e-11
-7.361111e-11
-7.2638888e-11
-7.3541666e-11
-7.1874999e-11
-7.3819444e-11
-7.2013888e-11
-7.2916666e-11
-7.298611e-11
-7.3124999e-11
-7.2916666e-11
-7.5069444e-11
-7.4722221e-11
-7.2847221e-11
-7.1527777e-11
-7.3263888e-11
-7.5694444e-11
-7.4097221e-11
-7.2222221e-11
-7.4027777e-11
-7.4027777e-11
-7.298611e-11
-7.0763888e-11
-7.4513888e-11
-7.361111e-11
-7.6249999e-11
-7.4097221e-11
-7.1597221e-11
-7.1527777e-11
-7.0555554e-11
-7.361111e-11
-7.0833332e-11
-7.4930555e-11
-7.1388888e-11
-6.986111e-11
-7.1041666e-11
-7.1041666e-11
-7.2638888e-11
-7.0555554e-11
-7.048611e-11
-7.0833332e-11
-7.4166666e-11
-7.3888888e-11
-7.2847221e-11
-7.2499999e-11
-7.0208332e-11
-7.1805555e-11
-7.0347221e-11
-7.2083332e-11
-7.1388888e-11
-7.1041666e-11
-7.173611e-11
-7.2916666e-11
-7.3888888e-11
-7.3333332e-11
-7.3124999e-11
-7.3749999e-11
-7.1458332e-11
-7.2569444e-11
-7.2847221e-11
-7.423611e-11
-7.0694443e-11
-7.4374999e-11
-7.4791666e-11
-7.3749999e-11
-7.6597222e-11
-7.4166666e-11
-7.3888888e-11
-7.3541666e-11
-7.3958333e-11
-7.1180555e-11
-7.2083332e-11
-7.3680555e-11
-7.4305555e-11
-7.298611e-11
-7.3124999e-11
-7.2847221e-11
-7.0833332e-11
-7.423611e-11
-7.3263888e-11
-7.3402777e-11
-7.3541666e-11
-7.3819444e-11
-7.2222221e-11
-7.236111e-11
-7.3333332e-11
-7.4999999e-11
-7.3888888e-11
-7.4930555e-11
-7.4583333e-11
-7.4027777e-11
-7.3541666e-11
-7.3194444e-11
-7.2708332e-11
-7.4791666e-11
-7.4444444e-11
-7.5902777e-11
-7.0694443e-11
-7.298611e-11
-7.2708332e-11
-7.4097221e-11
-7.3194444e-11
-7.0277777e-11
-7.3263888e-11
-7.3958333e-11
-7.2152777e-11
-7.1527777e-11
-7.4027777e-11
-7.4027777e-11
-7.3680555e-11
-7.3194444e-11
-7.2777777e-11
-7.2083332e-11
-7.2152777e-11
-7.3124999e-11
-7.4305555e-11
-7.423611e-11
-7.2847221e-11
-7.4513888e-11
-7.4722221e-11
-7.3402777e-11
-7.3124999e-11
-7.361111e-11
-7.6041666e-11
-7.4583333e-11
-7.2916666e-11
-7.3680555e-11
-7.3055555e-11
-7.4513888e-11
-7.2222221e-11
-7.3680555e-11
-7.1388888e-11
-7.1458332e-11
-7.1527777e-11
-7.1597221e-11
-7.0833332e-11
-7.1249999e-11
-7.1666666e-11
-7.2222221e-11
-7.3333332e-11
-7.2013888e-11
-7.5416666e-11
-7.1597221e-11
-7.2777777e-11
-7.3888888e-11
-7.4999999e-11
-7.3055555e-11
-7.3472221e-11
-7.1388888e-11
-7.3472221e-11
-7.486111e-11
-7.4722221e-11
-6.9444443e-11
-7.2291666e-11
-7.1805555e-11
-7.1944443e-11
-7.4444444e-11
-7.0277777e-11
-7.3888888e-11
-7.2291666e-11
-7.1944443e-11
-7.1180555e-11
-7.298611e-11
-7.1874999e-11
-7.1180555e-11
-7.3263888e-11
-7.0347221e-11
-7.3472221e-11
-7.1319443e-11
-7.1666666e-11
-7.3333332e-11
-7.1874999e-11
-7.2708332e-11
-7.1597221e-11
-7.1388888e-11
-7.298611e-11
-7.0138888e-11
-7.4513888e-11
-7.1180555e-11
-7.2638888e-11
-7.2291666e-11
-7.423611e-11
-7.236111e-11
-7.2430555e-11
-7.2569444e-11
-7.0277777e-11
-7.3194444e-11
-7.0208332e-11
-7.4652777e-11
-7.4583333e-11
-7.3055555e-11
-7.298611e-11
-7.4027777e-11
-7.2430555e-11
-7.4097221e-11
-7.298611e-11
-7.2291666e-11
-7.2430555e-11
-7.1458332e-11
-7.2152777e-11
-7.2569444e-11
-7.2847221e-11
-7.2152777e-11
-7.4305555e-11
-7.2777777e-11
-7.2916666e-11
-7.2083332e-11
-7.1666666e-11
-7.2708332e-11
-7.0624999e-11
-7.1249999e-11
-7.0902777e-11
-7.2638888e-11
-7.2430555e-11
-6.9027777e-11
-7.1666666e-11
-7.1944443e-11
-7.2847221e-11
-7.3888888e-11
-7.2152777e-11
-7.3263888e-11
-7.1388888e-11
-7.2708332e-11
-7.5902777e-11
-7.3333332e-11
-7.3402777e-11
-7.3749999e-11
-7.2430555e-11
-7.4652777e-11
-7.1666666e-11
-7.298611e-11
-7.3124999e-11
-7.6388888e-11
-7.3402777e-11
-7.3402777e-11
-7.2083332e-11
-7.298611e-11
-7.4999999e-11
-7.3680555e-11
-7.3819444e-11
-7.3124999e-11
-7.2569444e-11
-7.3819444e-11
-7.2013888e-11
-7.4097221e-11
-7.4999999e-11
-7.2569444e-11
-7.4166666e-11
-7.4652777e-11
-7.2083332e-11
-6.9791666e-11
-7.2638888e-11
-7.5208333e-11
-7.0277777e-11
-7.2847221e-11
-7.2152777e-11
-7.1388888e-11
-7.2152777e-11
-7.2499999e-11
-7.2083332e-11
-7.2291666e-11
-7.3124999e-11
-7.0694443e-11
-7.1527777e-11
-7.0694443e-11
-6.9374999e-11
-6.8055554e-11
-7.1527777e-11
-7.1458332e-11
-7.2916666e-11
-7.298611e-11
-7.1041666e-11
-7.4999999e-11
-7.3541666e-11
-7.2569444e-11
-7.2569444e-11
-7.2222221e-11
-7.3958333e-11
-7.1249999e-11
-7.3333332e-11
-7.7569444e-11
-7.4513888e-11
-7.361111e-11
-7.1666666e-11
-7.2430555e-11
-7.5069444e-11
-7.6458333e-11
-7.486111e-11
-7.5347222e-11
-7.3819444e-11
-7.5277777e-11
-7.2083332e-11
-7.3263888e-11
-7.2499999e-11
-7.4791666e-11
-7.2222221e-11
-7.4444444e-11
-7.2638888e-11
-7.3888888e-11
-7.6180555e-11
-7.2291666e-11
-7.1805555e-11
-7.2569444e-11
-7.2152777e-11
-7.111111e-11
-7.4999999e-11
-7.3888888e-11
-7.1527777e-11
-7.5763888e-11
-7.111111e-11
-7.1180555e-11
-7.1458332e-11
-7.3819444e-11
-7.0138888e-11
-7.3888888e-11
-7.2499999e-11
-7.4513888e-11
-7.2291666e-11
-7.361111e-11
-7.2708332e-11
-7.3680555e-11
-7.2569444e-11
-7.4999999e-11
-7.3749999e-11
-7.3263888e-11
-7.2916666e-11
-7.236111e-11
-7.3749999e-11
-6.9791666e-11
-7.0833332e-11
-7.2083332e-11
-7.3194444e-11
-7.1527777e-11
-7.2777777e-11
-7.3055555e-11
-7.1527777e-11
-7.2708332e-11
-7.2152777e-11
-7.1249999e-11
-7.0833332e-11
-7.1597221e-11
-7.173611e-11
-7.4305555e-11
-7.4583333e-11
-7.173611e-11
-7.3958333e-11
-7.2083332e-11
-7.1805555e-11
-7.4374999e-11
-7.1319443e-11
-7.4722221e-11
-7.0208332e-11
-7.4374999e-11
-7.3333332e-11
-7.3055555e-11
-7.048611e-11
-7.361111e-11
-7.2638888e-11
-7.3888888e-11
-7.3472221e-11
-7.1041666e-11
-6.9930554e-11
-7.1666666e-11
-7.1458332e-11
-7.4097221e-11
-7.0902777e-11
-7.2291666e-11
-7.3124999e-11
-7.4027777e-11
-7.0694443e-11
-7.0347221e-11
-7.2499999e-11
-7.6041666e-11
-7.298611e-11
-7.3194444e-11
-7.4305555e-11
-7.3888888e-11
-7.2847221e-11
-7.1666666e-11
-7.1319443e-11
-7.2222221e-11
-7.2708332e-11
-7.2916666e-11
-7.0972221e-11
-7.0902777e-11
-7.2222221e-11
-7.1944443e-11
-7.3541666e-11
-7.0069443e-11
-7.3402777e-11
-7.2708332e-11
-7.1249999e-11
-7.4027777e-11
-7.4027777e-11
-7.2152777e-11
-7.3819444e-11
-7.2430555e-11
-7.3541666e-11
-7.5208333e-11
-7.2222221e-11
-7.3680555e-11
-7.3124999e-11
-7.2847221e-11
-7.5694444e-11
-7.2430555e-11
-7.5347222e-11
-6.9583332e-11
-7.4097221e-11
-7.3124999e-11
-7.1805555e-11
-7.3472221e-11
-7.3958333e-11
-7.3749999e-11
-7.5347222e-11
-7.3402777e-11
-7.2708332e-11
-7.1805555e-11
-7.3680555e-11
-7.0972221e-11
-7.0208332e-11
-7.2499999e-11
-7.3194444e-11
-7.3402777e-11
-6.9791666e-11
-7.2708332e-11
-7.3888888e-11
-7.2430555e-11
-7.2777777e-11
-7.3680555e-11
-7.2430555e-11
-7.1041666e-11
-7.0694443e-11
-7.3124999e-11
-7.4305555e-11
-7.4027777e-11
-7.1805555e-11
-7.5624999e-11
-7.1666666e-11
-7.3124999e-11
-7.3888888e-11
-7.1041666e-11
-7.2569444e-11
-7.2291666e-11
-7.3541666e-11
-7.548611e-11
-7.4999999e-11
-7.3472221e-11
-7.3472221e-11
-7.2708332e-11
-7.1249999e-11
-7.0902777e-11
-7.3402777e-11
-7.423611e-11
-7.5208333e-11
-7.4097221e-11
-7.5416666e-11
-7.2569444e-11
-7.3680555e-11
-7.2777777e-11
-7.2430555e-11
-7.298611e-11
-7.4652777e-11
-7.111111e-11
-7.0833332e-11
-7.2013888e-11
-7.5069444e-11
-7.2847221e-11
-7.5277777e-11
-7.2499999e-11
-7.5347222e-11
-7.4305555e-11
-7.3055555e-11
-7.4305555e-11
-7.5416666e-11
-7.3819444e-11
-7.2430555e-11
-7.4027777e-11
-7.1874999e-11
-7.2847221e-11
-6.9513888e-11
-7.1319443e-11
-7.3055555e-11
-7.3472221e-11
-7.1666666e-11
-7.2291666e-11
-7.0347221e-11
-7.5208333e-11
-7.3472221e-11
-7.5555555e-11
-7.0833332e-11
-7.0347221e-11
-7.2777777e-11
-7.1666666e-11
-7.1527777e-11
-7.3263888e-11
-7.5624999e-11
-7.4722221e-11
-7.3958333e-11
-7.1874999e-11
-7.1805555e-11
-7.3749999e-11
-7.2569444e-11
-7.3333332e-11
-7.2569444e-11
-7.236111e-11
-7.1597221e-11
-7.5069444e-11
-7.3402777e-11
-7.2847221e-11
-7.5555555e-11
-7.2916666e-11
-7.3472221e-11
-7.3680555e-11
-7.1041666e-11
-7.2916666e-11
-7.3402777e-11
-7.2569444e-11
-7.1805555e-11
-7.4166666e-11
-7.4305555e-11
-7.3333332e-11
-7.3333332e-11
-7.2638888e-11
-7.3055555e-11
-7.3124999e-11
-7.2430555e-11
-7.2083332e-11
-7.2499999e-11
-7.423611e-11
-7.1249999e-11
-7.5833333e-11
-7.486111e-11
-7.4374999e-11
-7.611111e-11
-7.3124999e-11
-7.3263888e-11
-7.1319443e-11
-7.2916666e-11
-7.3958333e-11
-7.0624999e-11
-7.0138888e-11
-7.3472221e-11
-7.2152777e-11
-7.4513888e-11
-7.2708332e-11
-6.9930554e-11
-7.298611e-11
-7.236111e-11
-7.2083332e-11
-7.1597221e-11
-7.5347222e-11
-7.548611e-11
-7.0694443e-11
-7.1597221e-11
-7.1666666e-11
-7.2013888e-11
-7.4097221e-11
-7.1388888e-11
-7.0763888e-11
-7.298611e-11
-6.986111e-11
-7.2847221e-11
-7.0416666e-11
-7.0416666e-11
-7.2569444e-11
-7.2569444e-11
-7.1805555e-11
-7.2708332e-11
-7.1319443e-11
-7.0208332e-11
-7.1458332e-11
-7.1666666e-11
-7.3194444e-11
-7.0972221e-11
-7.1458332e-11
-7.0624999e-11
-7.1527777e-11
-7.1458332e-11
-7.0763888e-11
-7.3958333e-11
-7.1388888e-11
-6.9999999e-11
-7.5138888e-11
-7.5277777e-11
-7.2638888e-11
-7.2847221e-11
-7.4513888e-11
-7.1666666e-11
-7.3055555e-11
-7.2777777e-11
-7.236111e-11
-7.5138888e-11
-7.0694443e-11
-7.4513888e-11
-7.4930555e-11
-7.2291666e-11
-7.3263888e-11
-7.6527777e-11
-7.423611e-11
-7.3402777e-11
-7.236111e-11
-7.1805555e-11
-7.5277777e-11
-7.361111e-11
-7.111111e-11
-7.1874999e-11
-7.0972221e-11
-7.3124999e-11
-7.2638888e-11
-7.048611e-11
-7.173611e-11
-6.9374999e-11
-7.4999999e-11
-7.5138888e-11
-7.2430555e-11
-7.4722221e-11
-7.236111e-11
-7.4374999e-11
-7.3402777e-11
-7.2222221e-11
-7.3958333e-11
-7.2847221e-11
-7.2638888e-11
-7.0763888e-11
-7.3333332e-11
-7.0972221e-11
-6.9444443e-11
-7.4027777e-11
-7.3472221e-11
-7.1388888e-11
-7.2916666e-11
-7.361111e-11
-7.6249999e-11
-6.9930554e-11
-7.3333332e-11
-7.1458332e-11
-7.4722221e-11
-7.1874999e-11
-7.4305555e-11
-7.048611e-11
-7.5972222e-11
-7.2291666e-11
-7.173611e-11
-7.1180555e-11
-7.2152777e-11
-7.1944443e-11
-7.3958333e-11
-7.1944443e-11
-7.2708332e-11
-7.0902777e-11
-7.0416666e-11
-7.2708332e-11
-7.2569444e-11
-7.1805555e-11
-7.0902777e-11
-7.1666666e-11
-7.1458332e-11
-6.9652777e-11
-7.2013888e-11
-7.3472221e-11
-7.1666666e-11
-7.173611e-11
-7.0138888e-11
-7.2847221e-11
-7.1874999e-11
-7.3124999e-11
-7.0694443e-11
-7.0972221e-11
-6.9722221e-11
-7.1944443e-11
-7.3333332e-11
-7.0624999e-11
-7.4027777e-11
-7.5694444e-11
-7.3402777e-11
-7.298611e-11
-7.3055555e-11
-6.9305554e-11
-7.111111e-11
-7.2291666e-11
-7.2013888e-11
-7.2430555e-11
-7.0277777e-11
-7.0972221e-11
-7.2569444e-11
-7.111111e-11
-7.1527777e-11
-7.2222221e-11
-7.0763888e-11
-7.2916666e-11
-7.3194444e-11
-7.2013888e-11
-6.8402776e-11
-7.4374999e-11
-7.3541666e-11
-7.1805555e-11
-7.2708332e-11
-7.2847221e-11
-7.0833332e-11
-7.486111e-11
-7.111111e-11
-7.4027777e-11
-7.2569444e-11
-7.2291666e-11
-7.2430555e-11
-7.1597221e-11
-7.0555554e-11
-7.0277777e-11
-7.2430555e-11
-7.236111e-11
-7.3124999e-11
-7.1319443e-11
-7.3263888e-11
-7.4999999e-11
-7.298611e-11
-7.1388888e-11
-7.1944443e-11
-7.2916666e-11
-7.361111e-11
-7.2569444e-11
-7.4097221e-11
-6.9722221e-11
-7.5416666e-11
-7.1527777e-11
-7.0902777e-11
-7.4374999e-11
-7.2499999e-11
-7.1458332e-11
-7.2152777e-11
-7.0555554e-11
-7.2152777e-11
-7.3749999e-11
-7.1388888e-11
-7.5277777e-11
-7.5138888e-11
-7.5277777e-11
-7.3541666e-11
-7.1805555e-11
-7.1944443e-11
-7.2569444e-11
-7.2291666e-11
-7.3888888e-11
-7.1597221e-11
-7.2708332e-11
-7.4305555e-11
-7.2083332e-11
-7.0694443e-11
-7.2499999e-11
-7.3402777e-11
-7.1944443e-11
-7.1874999e-11
-7.2430555e-11
-7.3194444e-11
-7.1388888e-11
-7.3263888e-11
-7.361111e-11
-7.3472221e-11
-7.1597221e-11
-7.4583333e-11
-7.1527777e-11
-7.2777777e-11
-7.4097221e-11
-7.3472221e-11
-7.2847221e-11
-7.4722221e-11
-7.1041666e-11
-7.3958333e-11
-7.3472221e-11
-7.2916666e-11
-7.0902777e-11
-7.1597221e-11
-7.1388888e-11
-7.3541666e-11
-6.7916665e-11
-7.3263888e-11
-7.1458332e-11
-7.3958333e-11
-7.1388888e-11
-7.4444444e-11
-7.5416666e-11
-7.0902777e-11
-7.2152777e-11
-7.4166666e-11
-7.0972221e-11
-7.1249999e-11
-7.4166666e-11
-7.0972221e-11
-7.2152777e-11
-7.4722221e-11
-7.3749999e-11
-7.1388888e-11
-7.2222221e-11
-7.1805555e-11
-7.0277777e-11
-6.9930554e-11
-7.4652777e-11
-7.2777777e-11
-7.4791666e-11
-7.0208332e-11
-7.5138888e-11
-7.2083332e-11
-7.2916666e-11
-7.2777777e-11
-7.3055555e-11
-7.423611e-11
-7.3680555e-11
-7.486111e-11
-7.4652777e-11
-7.111111e-11
-7.4999999e-11
-7.0902777e-11
-7.4097221e-11
-7.1319443e-11
-7.1388888e-11
-7.423611e-11
-7.3124999e-11
-7.2499999e-11
-7.4374999e-11
-7.4166666e-11
-7.2777777e-11
-7.4444444e-11
-7.6805555e-11
-7.3124999e-11
-7.4583333e-11
-7.4374999e-11
-7.3263888e-11
-7.0972221e-11
-7.1527777e-11
-7.4444444e-11
-7.2638888e-11
-7.3541666e-11
-7.2083332e-11
-7.361111e-11
-7.2916666e-11
-7.2569444e-11
-7.1249999e-11
-7.4513888e-11
-7.4791666e-11
-7.236111e-11
-7.2708332e-11
-7.1249999e-11
-7.3541666e-11
-7.5069444e-11
-7.1180555e-11
-7.3333332e-11
-7.1458332e-11
-7.2013888e-11
-7.2430555e-11
-7.1805555e-11
-7.236111e-11
-7.3888888e-11
-6.9930554e-11
-7.236111e-11
-7.1597221e-11
-7.4930555e-11
-6.9652777e-11
-7.423611e-11
-7.0694443e-11
-7.1458332e-11
-7.111111e-11
-7.1388888e-11
-7.423611e-11
-7.3541666e-11
-7.2777777e-11
-7.4444444e-11
-7.2430555e-11
-7.0208332e-11
-7.1805555e-11
-7.1249999e-11
-7.0069443e-11
-7.0763888e-11
-7.1388888e-11
-7.3888888e-11
-7.3541666e-11
-7.2916666e-11
-7.3888888e-11
-7.5902777e-11
-7.2638888e-11
-7.2430555e-11
-7.361111e-11
-7.3680555e-11
-7.1874999e-11
-7.2291666e-11
-7.3888888e-11
-7.0624999e-11
-7.1874999e-11
-7.0624999e-11
-6.8333332e-11
-7.2013888e-11
-7.2916666e-11
-7.3680555e-11
-7.2499999e-11
-7.2638888e-11
-7.3263888e-11
-7.3402777e-11
-6.9999999e-11
-7.2430555e-11
-7.0972221e-11
-7.1041666e-11
-7.1388888e-11
-7.3819444e-11
-7.2916666e-11
-7.4513888e-11
-7.2222221e-11
-7.2499999e-11
-6.9930554e-11
-7.3819444e-11
-7.3472221e-11
-7.2638888e-11
-7.2291666e-11
-7.111111e-11
-7.1180555e-11
-7.3541666e-11
-7.2222221e-11
-7.5208333e-11
-7.1319443e-11
-7.3749999e-11
-7.048611e-11
-7.2916666e-11
-7.4374999e-11
-7.2499999e-11
-7.2638888e-11
-7.2152777e-11
-7.3194444e-11
-7.1319443e-11
-7.0347221e-11
-7.2152777e-11
-7.2430555e-11
-7.5347222e-11
-7.4583333e-11
-7.2847221e-11
-7.1805555e-11
-7.3819444e-11
-7.4097221e-11
-7.4930555e-11
-7.3194444e-11
-7.361111e-11
-7.2430555e-11
-6.9374999e-11
-6.9583332e-11
-7.298611e-11
-7.4722221e-11
-7.2638888e-11
-7.2013888e-11
-7.1805555e-11
-7.1597221e-11
-7.3819444e-11
-7.2847221e-11
-7.423611e-11
-7.4166666e-11
-6.9444443e-11
-7.3749999e-11
-7.3541666e-11
-7.2291666e-11
-7.1180555e-11
-7.1180555e-11
-7.1874999e-11
-7.1041666e-11
-7.2222221e-11
-7.486111e-11
-6.9722221e-11
-7.1458332e-11
-7.2638888e-11
-7.2638888e-11
-7.3333332e-11
-7.0069443e-11
-7.4097221e-11
-7.3333332e-11
-7.2708332e-11
-7.1944443e-11
-7.4027777e-11
-7.2291666e-11
-7.1249999e-11
-7.4513888e-11
-7.3958333e-11
-6.9930554e-11
-7.1388888e-11
-7.2152777e-11
-7.3888888e-11
-7.2013888e-11
-7.4097221e-11
-7.0416666e-11
-7.0694443e-11
-7.2083332e-11
-7.3472221e-11
-7.6319444e-11
-7.3333332e-11
-7.2777777e-11
-7.1805555e-11
-7.4652777e-11
-7.3194444e-11
-7.423611e-11
-7.3888888e-11
-7.2499999e-11
-7.6597222e-11
-7.4444444e-11
-7.2083332e-11
-7.0416666e-11
-7.2777777e-11
-7.3124999e-11
-7.1180555e-11
-7.3888888e-11
-7.4027777e-11
-7.3124999e-11
-7.2013888e-11
-7.236111e-11
-7.1527777e-11
-7.0347221e-11
-7.1458332e-11
-6.9791666e-11
-7.4166666e-11
-7.2222221e-11
-7.3194444e-11
-7.2222221e-11
-7.2083332e-11
-7.4999999e-11
-7.4166666e-11
-7.2708332e-11
-7.3402777e-11
-7.298611e-11
-7.4930555e-11
-7.1597221e-11
-7.7222222e-11
-7.4722221e-11
-7.5138888e-11
-7.4791666e-11
-7.1527777e-11
-7.4930555e-11
-7.2499999e-11
-7.2569444e-11
-7.111111e-11
-7.4444444e-11
-7.2638888e-11
-7.1805555e-11
-7.2847221e-11
-7.3124999e-11
-7.1180555e-11
-7.3333332e-11
-7.5347222e-11
-7.6458333e-11
-7.4097221e-11
-7.2708332e-11
-7.6944444e-11
-7.5416666e-11
-7.7222222e-11
-7.3333332e-11
-7.298611e-11
-7.2847221e-11
-7.5624999e-11
-7.4097221e-11
-7.4027777e-11
-7.236111e-11
-7.3888888e-11
-7.4305555e-11
-7.236111e-11
-7.4097221e-11
-7.5902777e-11
-7.3819444e-11
-7.6458333e-11
-7.298611e-11
-7.2083332e-11
-7.4652777e-11
-7.5069444e-11
-6.9513888e-11
-7.173611e-11
-7.2083332e-11
-7.4374999e-11
-7.486111e-11
-7.3055555e-11
-7.1180555e-11
-7.0277777e-11
-7.048611e-11
-7.486111e-11
-7.1527777e-11
-7.1527777e-11
-7.1249999e-11
-7.3263888e-11
-7.2847221e-11
-7.423611e-11
-7.3680555e-11
-7.4097221e-11
-7.5624999e-11
-7.3819444e-11
-7.2847221e-11
-7.2430555e-11
-7.173611e-11
-7.3541666e-11
-7.1319443e-11
-7.2499999e-11
-7.1319443e-11
-7.2013888e-11
-7.4097221e-11
-7.0277777e-11
-7.0277777e-11
-7.298611e-11
-7.0833332e-11
-7.1805555e-11
-7.236111e-11
-6.9791666e-11
-7.3333332e-11
-7.1805555e-11
-7.173611e-11
-7.236111e-11
-7.5208333e-11
-7.2083332e-11
-7.2569444e-11
-6.9652777e-11
-7.2083332e-11
-7.048611e-11
-7.0833332e-11
-7.5138888e-11
-7.298611e-11
-7.3194444e-11
-7.4097221e-11
-7.1319443e-11
-7.3819444e-11
-7.0972221e-11
-7.5902777e-11
-7.2916666e-11
-7.2430555e-11
-7.2916666e-11
-7.4791666e-11
-7.4305555e-11
-7.2708332e-11
-7.2222221e-11
-7.4652777e-11
-7.236111e-11
-7.3958333e-11
-7.2916666e-11
-7.4444444e-11
-7.2083332e-11
-7.2638888e-11
-7.4097221e-11
-7.1180555e-11
-7.2777777e-11
-7.3819444e-11
-7.3819444e-11
-7.5069444e-11
-7.0902777e-11
-7.3333332e-11
-7.2638888e-11
-7.3402777e-11
-7.0624999e-11
-7.0555554e-11
-7.2013888e-11
-7.4097221e-11
-7.3402777e-11
-7.1874999e-11
-7.3194444e-11
-7.5902777e-11
-7.3263888e-11
-7.298611e-11
-7.1527777e-11
-7.2777777e-11
-7.5694444e-11
-7.3888888e-11
-7.3749999e-11
-7.4097221e-11
-7.3888888e-11
-7.4444444e-11
-7.2083332e-11
-7.6319444e-11
-7.2013888e-11
-7.2291666e-11
-7.2847221e-11
-7.2013888e-11
-7.2222221e-11
-7.2708332e-11
-7.3472221e-11
-7.298611e-11
-7.4791666e-11
-7.1527777e-11
-7.1180555e-11
-7.1666666e-11
-7.2222221e-11
-7.4513888e-11
-7.1597221e-11
-7.3819444e-11
-7.4444444e-11
-7.3402777e-11
-7.0416666e-11
-7.3402777e-11
-7.7013888e-11
-7.0138888e-11
-7.4444444e-11
-7.6527777e-11
-7.298611e-11
-7.2708332e-11
-7.4305555e-11
-7.1597221e-11
-7.5624999e-11
-7.6180555e-11
-7.2152777e-11
-7.0277777e-11
-7.4374999e-11
-7.2013888e-11
-7.3819444e-11
-6.9999999e-11
-7.3819444e-11
-7.6666666e-11
-7.0902777e-11
-7.3124999e-11
-7.1388888e-11
-7.1319443e-11
-7.5138888e-11
-7.1458332e-11
-7.3263888e-11
-7.1874999e-11
-7.2847221e-11
-7.0208332e-11
-7.5138888e-11
-7.4097221e-11
-7.2569444e-11
-7.2638888e-11
-7.3194444e-11
-7.3472221e-11
-7.2638888e-11
-7.4374999e-11
-7.3263888e-11
-7.1944443e-11
-7.5277777e-11
-7.3819444e-11
-7.4097221e-11
-7.1180555e-11
-7.1527777e-11
-7.1874999e-11
-7.0902777e-11
-7.3055555e-11
-7.1874999e-11
-7.3402777e-11
-7.2638888e-11
-7.3402777e-11
-7.3263888e-11
-7.3194444e-11
-7.3749999e-11
-7.2847221e-11
-7.236111e-11
-6.9652777e-11
-7.3680555e-11
-7.1319443e-11
-7.2638888e-11
-7.4097221e-11
-7.5694444e-11
-7.2222221e-11
-7.4097221e-11
-7.3333332e-11
-7.3194444e-11
-7.486111e-11
-7.1041666e-11
-7.1249999e-11
-6.9166665e-11
-7.3541666e-11
-7.1666666e-11
-7.2777777e-11
-7.2708332e-11
-7.5277777e-11
-7.0347221e-11
-7.298611e-11
-7.5416666e-11
-7.0416666e-11
-7.4305555e-11
-7.4305555e-11
-7.1597221e-11
-7.361111e-11
-7.2152777e-11
-7.1666666e-11
-7.1180555e-11
-7.0902777e-11
-7.3958333e-11
-7.2083332e-11
-7.298611e-11
-7.0833332e-11
-7.3263888e-11
-7.0208332e-11
-7.3333332e-11
-7.2291666e-11
-7.3055555e-11
-7.1805555e-11
-7.2291666e-11
-7.1874999e-11
-7.6041666e-11
-7.2222221e-11
-7.2916666e-11
-7.0763888e-11
-7.0972221e-11
-6.736111e-11
-7.2569444e-11
-6.986111e-11
-7.2777777e-11
-7.3749999e-11
-7.1666666e-11
-6.8749999e-11
-7.4097221e-11
-7.3333332e-11
-7.2499999e-11
-7.236111e-11
-7.1666666e-11
-7.2777777e-11
-7.1458332e-11
-7.1666666e-11
-7.6458333e-11
-7.236111e-11
-7.1458332e-11
-7.3402777e-11
-7.3819444e-11
-7.1388888e-11
-6.9791666e-11
-7.173611e-11
-7.1458332e-11
-7.048611e-11
-7.173611e-11
-7.1805555e-11
-7.3888888e-11
-7.173611e-11
-7.2430555e-11
-7.4444444e-11
-7.5208333e-11
-7.0208332e-11
-7.0763888e-11
-7.2083332e-11
-7.173611e-11
-7.2638888e-11
-7.0833332e-11
-6.9583332e-11
-7.2499999e-11
-7.4027777e-11
-7.2916666e-11
-7.3680555e-11
-7.1180555e-11
-7.0416666e-11
-7.3958333e-11
-7.2291666e-11
-7.2083332e-11
-7.1041666e-11
-7.3472221e-11
-7.0555554e-11
-7.2499999e-11
-7.4930555e-11
-7.3402777e-11
-7.5138888e-11
-7.2638888e-11
-7.4791666e-11
-7.4999999e-11
-7.0694443e-11
-7.1944443e-11
-7.5069444e-11
-7.4166666e-11
-7.3749999e-11
-7.4444444e-11
-7.2638888e-11
-7.4305555e-11
-7.111111e-11
-7.2499999e-11
-7.0972221e-11
-7.1458332e-11
-7.3888888e-11
-7.1180555e-11
-6.9722221e-11
-7.1458332e-11
-7.2777777e-11
-7.1041666e-11
-7.3263888e-11
-7.2083332e-11
-7.5416666e-11
-7.1249999e-11
-6.9166665e-11
-7.3055555e-11
-7.173611e-11
-7.4097221e-11
-7.2777777e-11
-7.0694443e-11
-7.2638888e-11
-7.236111e-11
-7.2847221e-11
-7.3749999e-11
-7.4097221e-11
-7.3958333e-11
-7.2708332e-11
-7.2291666e-11
-7.048611e-11
-7.3402777e-11
-7.5277777e-11
-7.4027777e-11
-7.2777777e-11
-7.2291666e-11
-7.236111e-11
-7.2152777e-11
-6.9583332e-11
-7.2777777e-11
-7.1944443e-11
-7.2569444e-11
-7.1597221e-11
-7.2708332e-11
-7.1666666e-11
-7.3402777e-11
-7.0902777e-11
-7.0972221e-11
-7.298611e-11
-7.4305555e-11
-7.3263888e-11
-7.2708332e-11
-7.2569444e-11
-7.2222221e-11
-7.048611e-11
-7.4166666e-11
-7.1874999e-11
-6.9722221e-11
-6.9513888e-11
-7.0972221e-11
-7.1666666e-11
-7.1388888e-11
-7.1180555e-11
-7.1944443e-11
-7.2708332e-11
-7.298611e-11
-7.0624999e-11
-7.2013888e-11
-7.0555554e-11
-7.1666666e-11
-7.0972221e-11
-7.3263888e-11
-7.4999999e-11
-7.236111e-11
-7.5069444e-11
-7.4652777e-11
-7.2291666e-11
-7.3402777e-11
-7.2569444e-11
-7.0763888e-11
-7.3194444e-11
-7.2916666e-11
-7.2638888e-11
-7.1666666e-11
-7.2083332e-11
-7.2569444e-11
-7.6180555e-11
-7.1874999e-11
-7.1666666e-11
-7.0416666e-11
-7.048611e-11
-7.1874999e-11
-6.673611e-11
-7.1527777e-11
-7.2916666e-11
-7.1041666e-11
-7.1319443e-11
-7.1249999e-11
-7.0208332e-11
-7.1527777e-11
-7.1458332e-11
-7.3472221e-11
-6.9791666e-11
-7.3819444e-11
-6.8749999e-11
-7.3749999e-11
-7.0069443e-11
-7.361111e-11
-6.9999999e-11
-6.9444443e-11
-7.0416666e-11
-7.1874999e-11
-7.2499999e-11
-7.2083332e-11
-7.4930555e-11
-7.2708332e-11
-7.4513888e-11
-7.0763888e-11
-7.2083332e-11
-7.3124999e-11
-7.2847221e-11
-7.6041666e-11
-7.4097221e-11
-7.5972222e-11
-7.4930555e-11
-7.3124999e-11
-7.5347222e-11
-7.4305555e-11
-7.423611e-11
-7.2847221e-11
-7.3888888e-11
-7.6041666e-11
-7.1874999e-11
-7.3472221e-11
-7.4027777e-11
-7.1041666e-11
-7.2499999e-11
-7.0624999e-11
-7.4652777e-11
-6.9999999e-11
-7.4583333e-11
-7.1388888e-11
-7.3958333e-11
-7.2083332e-11
-7.2013888e-11
