-6.5104165e-11
-6.4270832e-11
-5.9374998e-11
-6.1666665e-11
-6.3229165e-11
-6.2604165e-11
-6.1458331e-11
-5.7083335e-11
-6.4374998e-11
-6.0416665e-11
-5.8645831e-11
-5.9999998e-11
-5.8229165e-11
-6.0729165e-11
-6.4062498e-11
-5.9791665e-11
-6.2083332e-11
-6.3229165e-11
-6.2604165e-11
-5.9687498e-11
-6.0937498e-11
-6.6041665e-11
-5.7916668e-11
-6.2395832e-11
-5.9791665e-11
-5.6770835e-11
-6.3229165e-11
-6.6666665e-11
-5.7916668e-11
-6.1666665e-11
-6.4583332e-11
-6.2395832e-11
-6.1562498e-11
-6.2708332e-11
-6.0624998e-11
-6.6562499e-11
-5.8854165e-11
-6.7187499e-11
-5.8958331e-11
-6.2604165e-11
-6.2604165e-11
-6.1041665e-11
-6.0520831e-11
-6.2812498e-11
-6.5833332e-11
-5.8645831e-11
-6.6666665e-11
-5.8958331e-11
-6.4791665e-11
-6.6041665e-11
-6.2499998e-11
-6.2812498e-11
-5.6145835e-11
-6.1458331e-11
-6.1562498e-11
-6.1458331e-11
-5.7083335e-11
-5.8854165e-11
-5.9166665e-11
-6.1041665e-11
-5.7187501e-11
-5.8958331e-11
-6.3749998e-11
-5.7916668e-11
-6.1145831e-11
-6.2187498e-11
-5.9062498e-11
-6.2708332e-11
-5.6354168e-11
-5.9791665e-11
-5.9166665e-11
-6.0729165e-11
-5.7604168e-11
-5.8645831e-11
-6.5208332e-11
-6.5520832e-11
-5.8541665e-11
-6.3437498e-11
-6.1354165e-11
-6.2083332e-11
-6.5104165e-11
-6.5416665e-11
-6.2604165e-11
-5.9062498e-11
-6.0312498e-11
-6.2291665e-11
-5.4270834e-11
-6.0312498e-11
-6.0833331e-11
-6.1041665e-11
-6.2916665e-11
-6.2395832e-11
-5.7395835e-11
-6.4895832e-11
-6.5104165e-11
-6.2916665e-11
-5.8958331e-11
-5.8437498e-11
-6.1249998e-11
-6.4062498e-11
-6.0208331e-11
-6.0312498e-11
-6.4791665e-11
-6.2083332e-11
-6.0312498e-11
-6.3333332e-11
-6.0520831e-11
-6.6354165e-11
-6.3541665e-11
-5.8645831e-11
-6.0624998e-11
-6.4583332e-11
-6.3020832e-11
-6.5833332e-11
-6.0208331e-11
-6.0833331e-11
-6.3020832e-11
-5.7083335e-11
-6.0312498e-11
-6.2708332e-11
-7.0833332e-11
-6.3645832e-11
-6.2499998e-11
-5.9999998e-11
-5.9479165e-11
-6.3854165e-11
-6.1458331e-11
-6.3437498e-11
-6.1562498e-11
-6.2708332e-11
-6.7499999e-11
-6.2812498e-11
-6.1458331e-11
-5.8333331e-11
-6.2916665e-11
-6.1874998e-11
-6.6666665e-11
-6.4062498e-11
-6.8229165e-11
-6.6979165e-11
-5.6770835e-11
-6.6874999e-11
-6.3958332e-11
-6.6041665e-11
-6.0937498e-11
-5.7708335e-11
-6.3749998e-11
-5.6770835e-11
-6.6979165e-11
-6.2499998e-11
-6.7395832e-11
-6.4374998e-11
-6.8854165e-11
-6.1458331e-11
-6.8958332e-11
-6.4062498e-11
-6.3958332e-11
-6.2916665e-11
-6.1562498e-11
-6.3124998e-11
-5.8749998e-11
-6.8854165e-11
-6.6979165e-11
-6.4062498e-11
-6.3333332e-11
-6.5833332e-11
-6.7604165e-11
-6.2916665e-11
-6.2291665e-11
-6.1770832e-11
-6.3333332e-11
-6.9270832e-11
-6.6458332e-11
-6.3437498e-11
-6.0624998e-11
-6.2083332e-11
-6.3333332e-11
-5.8020835e-11
-6.5312498e-11
-6.3958332e-11
-6.1458331e-11
-6.2187498e-11
-6.3124998e-11
-6.0833331e-11
-6.2291665e-11
-6.4374998e-11
-6.6041665e-11
-6.4374998e-11
-5.9374998e-11
-6.2604165e-11
-6.4583332e-11
-6.2499998e-11
-6.4895832e-11
-6.5729165e-11
-5.9270831e-11
-6.5416665e-11
-5.6041668e-11
-5.9479165e-11
-6.3749998e-11
-6.1458331e-11
-5.6770835e-11
-6.7604165e-11
-6.1874998e-11
-6.1874998e-11
-5.8125001e-11
-6.2604165e-11
-6.0833331e-11
-5.9895831e-11
-6.7916665e-11
-6.1770832e-11
-6.2604165e-11
-5.8854165e-11
-6.6874999e-11
-6.4374998e-11
-6.2291665e-11
-6.5104165e-11
-6.5833332e-11
-6.3854165e-11
-6.1770832e-11
-6.2812498e-11
-6.1458331e-11
-6.2395832e-11
-5.8958331e-11
-6.9999999e-11
-6.5104165e-11
-5.9999998e-11
-6.6145832e-11
-5.8854165e-11
-6.5520832e-11
-6.1666665e-11
-6.3958332e-11
-5.9687498e-11
-6.1874998e-11
-5.8020835e-11
-6.4166665e-11
-6.3229165e-11
-6.3854165e-11
-5.8958331e-11
-6.2499998e-11
-5.7916668e-11
-5.9270831e-11
-6.7499999e-11
-6.2291665e-11
-6.1249998e-11
-6.1874998e-11
-6.2708332e-11
-6.7604165e-11
-5.8854165e-11
-5.7500001e-11
-6.3645832e-11
-6.3020832e-11
-6.2395832e-11
-6.0520831e-11
-7.2916666e-11
-6.3124998e-11
-6.4166665e-11
-6.3020832e-11
-6.4999998e-11
-6.1666665e-11
-6.2708332e-11
-5.8645831e-11
-6.0937498e-11
-6.3124998e-11
-6.1458331e-11
-5.8125001e-11
-5.9687498e-11
-6.1874998e-11
-5.9687498e-11
-6.2291665e-11
-6.4374998e-11
-5.7708335e-11
-5.7604168e-11
-6.3541665e-11
-6.4999998e-11
-5.7812501e-11
-6.1979165e-11
-6.3958332e-11
-6.3541665e-11
-6.2604165e-11
-6.0416665e-11
-6.3958332e-11
-5.8541665e-11
-6.5937499e-11
-6.5520832e-11
-5.9062498e-11
-6.0104165e-11
-6.3958332e-11
-6.4791665e-11
-5.9374998e-11
-6.3645832e-11
-6.6874999e-11
-6.0208331e-11
-6.0833331e-11
-6.2604165e-11
-5.9895831e-11
-6.5833332e-11
-6.0520831e-11
-6.5416665e-11
-6.2708332e-11
-6.4374998e-11
-6.3229165e-11
-6.3541665e-11
-5.9479165e-11
-6.0937498e-11
-6.4479165e-11
-5.7500001e-11
-5.9374998e-11
-6.5624998e-11
-6.0937498e-11
-6.4479165e-11
-6.3437498e-11
-6.4062498e-11
-6.4270832e-11
-6.3124998e-11
-6.0312498e-11
-6.0520831e-11
-6.1770832e-11
-6.5624998e-11
-6.2604165e-11
-6.3229165e-11
-5.9895831e-11
-5.8645831e-11
-6.0208331e-11
-6.0520831e-11
-5.8229165e-11
-5.5937501e-11
-6.0937498e-11
-6.2708332e-11
-6.3645832e-11
-5.3541668e-11
-6.7291665e-11
-6.5833332e-11
-6.4791665e-11
-5.6562501e-11
-5.9791665e-11
-6.3437498e-11
-6.1145831e-11
-6.1041665e-11
-6.3229165e-11
-5.6041668e-11
-6.0624998e-11
-5.7291668e-11
-6.3645832e-11
-6.1458331e-11
-6.1979165e-11
-5.9270831e-11
-5.9166665e-11
-6.4583332e-11
-6.1562498e-11
-6.5104165e-11
-6.1874998e-11
-5.8958331e-11
-6.3645832e-11
-6.1770832e-11
-6.3749998e-11
-6.1666665e-11
-5.9999998e-11
-6.2812498e-11
-5.8749998e-11
-5.9270831e-11
-5.8749998e-11
-5.8645831e-11
-6.5312498e-11
-6.1249998e-11
-6.1562498e-11
-5.7708335e-11
-6.5624998e-11
-6.2916665e-11
-6.0729165e-11
-6.1145831e-11
-5.8333331e-11
-6.3229165e-11
-5.9062498e-11
-5.9583331e-11
-6.3229165e-11
-5.9791665e-11
-5.8229165e-11
-5.8437498e-11
-6.4791665e-11
-5.8541665e-11
-5.9895831e-11
-6.7187499e-11
-6.0416665e-11
-5.9999998e-11
-6.3749998e-11
-6.1770832e-11
-6.3020832e-11
-6.2916665e-11
-6.5520832e-11
-5.9999998e-11
-5.3750001e-11
-6.5520832e-11
-5.5937501e-11
-6.0729165e-11
-5.4166668e-11
-6.4270832e-11
-5.8020835e-11
-5.7500001e-11
-6.1770832e-11
-6.1354165e-11
-6.2291665e-11
-6.6145832e-11
-6.0624998e-11
-6.3749998e-11
-5.6666668e-11
-5.7604168e-11
-6.1354165e-11
-6.4374998e-11
-6.1666665e-11
-6.4687498e-11
-6.2083332e-11
-6.2187498e-11
-6.3437498e-11
-6.1249998e-11
-6.2604165e-11
-6.1770832e-11
-6.4479165e-11
-5.8645831e-11
-6.2499998e-11
-6.1041665e-11
-6.1562498e-11
-6.1354165e-11
-6.5104165e-11
-5.9583331e-11
-6.1145831e-11
-6.3020832e-11
-6.3020832e-11
-5.6354168e-11
-6.0937498e-11
-5.8541665e-11
-6.2708332e-11
-6.3333332e-11
-5.8125001e-11
-5.8229165e-11
-6.7083332e-11
-6.4895832e-11
-6.1145831e-11
-6.6770832e-11
-6.7395832e-11
-6.3645832e-11
-6.5312498e-11
-6.0104165e-11
-6.2395832e-11
-6.3958332e-11
-6.7499999e-11
-6.0208331e-11
-5.9374998e-11
-6.6249999e-11
-6.1145831e-11
-6.0208331e-11
-6.0833331e-11
-5.7395835e-11
-6.6666665e-11
-6.1249998e-11
-6.1874998e-11
-6.4374998e-11
-6.5833332e-11
-6.7604165e-11
-6.0208331e-11
-6.0520831e-11
-5.7916668e-11
-6.6666665e-11
-6.2395832e-11
-6.1666665e-11
-6.8124999e-11
-6.1354165e-11
-6.4895832e-11
-6.3333332e-11
-5.8541665e-11
-6.5937499e-11
-5.9374998e-11
-6.8749999e-11
-6.0937498e-11
-6.1666665e-11
-6.3541665e-11
-5.9270831e-11
-6.6666665e-11
-6.3333332e-11
-6.3229165e-11
-5.8020835e-11
-6.4999998e-11
-6.3020832e-11
-6.2291665e-11
-5.9687498e-11
-6.8229165e-11
-5.6666668e-11
-6.6041665e-11
-5.9583331e-11
-6.1458331e-11
-6.2083332e-11
-6.2187498e-11
-5.9999998e-11
-6.1562498e-11
-6.3437498e-11
-6.1041665e-11
-5.8854165e-11
-6.5416665e-11
-6.3541665e-11
-6.3541665e-11
-6.6354165e-11
-5.9062498e-11
-6.5104165e-11
-6.2187498e-11
-5.7916668e-11
-6.3958332e-11
-6.3437498e-11
-6.3541665e-11
-6.0937498e-11
-6.3645832e-11
-6.6874999e-11
-6.4166665e-11
-5.9583331e-11
-7.3958333e-11
-8.03125e-11
-8.8333334e-11
-1.0677084e-10
-1.2052083e-10
-1.30625e-10
-1.5125e-10
-1.678125e-10
-1.8208333e-10
-1.9822917e-10
-2.1572916e-10
-2.2895834e-10
-2.3156249e-10
-2.4166666e-10
-2.4364583e-10
-2.4729166e-10
-2.5197916e-10
-2.5364583e-10
-2.5697919e-10
-2.6020833e-10
-2.6656247e-10
-2.5999999e-10
-2.5614585e-10
-2.6395833e-10
-2.6239583e-10
-2.5187499e-10
-2.5583333e-10
-2.4989583e-10
-2.4624999e-10
-2.4145833e-10
-2.4020833e-10
-2.3416666e-10
-2.3177084e-10
-2.2947916e-10
-2.2958334e-10
-2.2031249e-10
-2.1822917e-10
-2.1593749e-10
-2.1114584e-10
-2.1031249e-10
-2.0375e-10
-2.0218749e-10
-1.9708334e-10
-1.99375e-10
-1.95625e-10
-1.9302084e-10
-1.8864584e-10
-1.896875e-10
-1.8520833e-10
-1.8520833e-10
-1.7104167e-10
-1.6927083e-10
-1.7333333e-10
-1.6697917e-10
-1.6989583e-10
-1.6447917e-10
-1.596875e-10
-1.6354167e-10
-1.5833333e-10
-1.5895833e-10
-1.5708333e-10
-1.5260417e-10
-1.5520833e-10
-1.5322917e-10
-1.4885417e-10
-1.4802083e-10
-1.43125e-10
-1.4395833e-10
-1.4270833e-10
-1.4239583e-10
-1.3802083e-10
-1.3239583e-10
-1.3979166e-10
-1.3614583e-10
-1.3333333e-10
-1.3427083e-10
-1.2979166e-10
-1.290625e-10
-1.2854166e-10
-1.33125e-10
-1.240625e-10
-1.2833333e-10
-1.259375e-10
-1.25625e-10
-1.2666666e-10
-1.2552083e-10
-1.2229166e-10
-1.21875e-10
-1.2572916e-10
-1.2458333e-10
-1.1885416e-10
-1.1635417e-10
-1.2072916e-10
-1.1854166e-10
-1.165625e-10
-1.159375e-10
-1.1958333e-10
-1.18125e-10
-1.1385417e-10
-1.1770833e-10
-1.1552084e-10
-1.16875e-10
-1.1479167e-10
-1.1354167e-10
-1.1604167e-10
-1.1791666e-10
-1.1145834e-10
-1.1260417e-10
-1.1208334e-10
-1.0770834e-10
-1.1322917e-10
-1.1104167e-10
-1.075e-10
-1.0552084e-10
-1.0833334e-10
-1.0708334e-10
-1.0791667e-10
-1.09375e-10
-1.0645834e-10
-1.11875e-10
-1.0989584e-10
-1.0645834e-10
-1.0572917e-10
-1.0760417e-10
-1.0572917e-10
-1.0197917e-10
-1.0479167e-10
-1.05625e-10
-1.0802084e-10
-9.9895835e-11
-1.0708334e-10
-1.0322917e-10
-1.05625e-10
-1.0239583e-10
-1.075e-10
-1.0791667e-10
-1.0114583e-10
-9.8020835e-11
-1.0208333e-10
-1.0239583e-10
-1.040625e-10
-1.009375e-10
-1.0104167e-10
-9.8645835e-11
-9.5416668e-11
-1.028125e-10
-1.0270833e-10
-1.0520834e-10
-9.4895834e-11
-1.0697917e-10
-1.0260417e-10
-1e-10
-9.6250001e-11
-1.0239583e-10
-9.4791668e-11
-9.7291668e-11
-1.0291667e-10
-9.5104168e-11
-9.6250001e-11
-9.5416668e-11
-9.6041668e-11
-9.3958334e-11
-9.8958335e-11
-9.5729168e-11
-9.3020834e-11
-9.3645834e-11
-9.8333335e-11
-9.3437501e-11
-9.0937501e-11
-9.3333334e-11
-9.2812501e-11
-9.7083334e-11
-9.5520834e-11
-9.2916667e-11
-9.4062501e-11
-8.8645834e-11
-9.3020834e-11
-9.4166668e-11
-9.6875001e-11
-9.3750001e-11
-9.1250001e-11
-9.0312501e-11
-9.7395834e-11
-9.0416667e-11
-9.4895834e-11
-8.9166667e-11
-9.0729167e-11
-8.875e-11
-9.3229167e-11
-9.2500001e-11
-8.90625e-11
-9.0625001e-11
-9.0312501e-11
-9.0625001e-11
-9.4375001e-11
-8.9895834e-11
-9.0208334e-11
-9.1770834e-11
-8.90625e-11
-9.5520834e-11
-9.2604167e-11
-9.3333334e-11
-9.0312501e-11
-9.1562501e-11
-9.1875001e-11
-9.3437501e-11
-8.6666667e-11
-8.8958334e-11
-8.5729167e-11
-9.3333334e-11
-9.1979167e-11
-9.2916667e-11
-8.1979167e-11
-9.7291668e-11
-8.7083334e-11
-8.5e-11
-9.0520834e-11
-9.4062501e-11
-7.90625e-11
-8.9166667e-11
-8.5729167e-11
-9.2083334e-11
-8.9375e-11
-8.75e-11
-8.7291667e-11
-8.7916667e-11
-8.8854167e-11
-8.4895833e-11
-9.2291667e-11
-8.8333334e-11
-9.1770834e-11
-9.2187501e-11
-8.65625e-11
-9.1458334e-11
-8.9583334e-11
-8.4166667e-11
-9.0208334e-11
-8.9583334e-11
-8.5104167e-11
-8.2916667e-11
-8.875e-11
-8.5729167e-11
-9.1354167e-11
-8.7395834e-11
-8.8541667e-11
-9.0729167e-11
-9.0000001e-11
-8.7708334e-11
-8.65625e-11
-8.375e-11
-9.0520834e-11
-8.6979167e-11
-9.2083334e-11
-8.5520833e-11
-8.0208333e-11
-8.46875e-11
-8.6875e-11
-8.9166667e-11
-8.5833333e-11
-8.2395833e-11
-9.0416667e-11
-7.8854166e-11
-9.3229167e-11
-8.4791667e-11
-8.6979167e-11
-8.0729166e-11
-8.3333333e-11
-8.1041666e-11
-8.28125e-11
-8.375e-11
-8.5e-11
-8.0833333e-11
-8.34375e-11
-8.3541667e-11
-8.4166667e-11
-8.1145833e-11
-8.1354166e-11
-8.0833333e-11
-8.53125e-11
-7.7916666e-11
-8.3125e-11
-8.65625e-11
-8.0416666e-11
-8.6458334e-11
-8.21875e-11
-8.15625e-11
-8.03125e-11
-8.4479167e-11
-7.8020833e-11
-8.40625e-11
-8.3333333e-11
-8.46875e-11
-7.6666666e-11
-8.46875e-11
-7.8854166e-11
-8.65625e-11
-8.5208333e-11
-8.1041666e-11
-8.5416667e-11
-8.1979167e-11
-8.8229167e-11
-7.90625e-11
-8.84375e-11
-7.8020833e-11
-8.15625e-11
-8.0416666e-11
-8.3020833e-11
-7.875e-11
-8.2291667e-11
-8.1145833e-11
-8.1145833e-11
-8.5729167e-11
-8.2604167e-11
-7.7187499e-11
-8.15625e-11
-8.4479167e-11
-7.84375e-11
-7.875e-11
-8.25e-11
-8.7291667e-11
-7.9166666e-11
-7.7708333e-11
-8.46875e-11
-8.1666666e-11
-8.4583333e-11
-8.5416667e-11
-8.1041666e-11
-7.6458333e-11
-7.9375e-11
-7.9375e-11
-7.8020833e-11
-7.9583333e-11
-8.0833333e-11
-8.5104167e-11
-7.7499999e-11
-8.1979167e-11
-8.46875e-11
-7.875e-11
-8.03125e-11
-8.5625e-11
-7.7083333e-11
-8.5833333e-11
-7.7395833e-11
-7.4895833e-11
-8.15625e-11
-8.40625e-11
-8.1979167e-11
-7.7499999e-11
-8.0416666e-11
-8.1354166e-11
-7.84375e-11
-7.7708333e-11
-7.6145833e-11
-7.5624999e-11
-8.0625e-11
-7.6458333e-11
-7.8854166e-11
-7.5937499e-11
-8.1354166e-11
-7.5104166e-11
-7.7083333e-11
-8.1666666e-11
-7.5624999e-11
-7.7812499e-11
-7.2291666e-11
-8.15625e-11
-7.4166666e-11
-7.7604166e-11
-7.4999999e-11
-7.8125e-11
-8.3541667e-11
-7.4895833e-11
-7.6562499e-11
-8e-11
-7.4166666e-11
-7.90625e-11
-8.1145833e-11
-7.6458333e-11
-7.6458333e-11
-7.7395833e-11
-7.4166666e-11
-7.6562499e-11
-7.8020833e-11
-8.1354166e-11
-8.3020833e-11
-8.4791667e-11
-7.90625e-11
-7.8125e-11
-7.3229166e-11
-7.8541666e-11
-7.9375e-11
-7.90625e-11
-7.8541666e-11
-7.7708333e-11
-7.2395832e-11
-7.8020833e-11
-7.3020832e-11
-7.7604166e-11
-8.125e-11
-7.5520833e-11
-7.7187499e-11
-8.3020833e-11
-7.3541666e-11
-7.5520833e-11
-7.0312499e-11
-7.5312499e-11
-7.6770833e-11
-7.7708333e-11
-7.8229166e-11
-7.9270833e-11
-7.4687499e-11
-7.4270833e-11
-7.4166666e-11
-7.5833333e-11
-8.0416666e-11
-7.8645833e-11
-7.5937499e-11
-7.7499999e-11
-7.4583333e-11
-7.1041666e-11
-7.3020832e-11
-7.6874999e-11
-7.5520833e-11
-8.2604167e-11
-7.6979166e-11
-7.3333332e-11
-7.9166666e-11
-7.7291666e-11
-7.7187499e-11
-7.9375e-11
-7.7812499e-11
-7.6145833e-11
-8.0729166e-11
-8.0833333e-11
-7.3958333e-11
-7.9479166e-11
-7.2812499e-11
-8.0833333e-11
-7.3541666e-11
-7.84375e-11
-7.84375e-11
-7.0208332e-11
-7.2604166e-11
-7.6770833e-11
-7.1979166e-11
-7.4270833e-11
-7.5208333e-11
-7.6979166e-11
-8.40625e-11
-7.2812499e-11
-7.6458333e-11
-7.6041666e-11
-7.96875e-11
-7.2083332e-11
-7.7812499e-11
-7.3541666e-11
-7.1666666e-11
-7.2916666e-11
-7.7708333e-11
-7.2708332e-11
-7.3958333e-11
-7.6041666e-11
-7.8020833e-11
-7.3333332e-11
-7.5312499e-11
-7.3437499e-11
-7.7291666e-11
-7.5104166e-11
-7.1666666e-11
-7.6145833e-11
-7.9479166e-11
-7.6249999e-11
-7.7291666e-11
-7.5833333e-11
-7.1041666e-11
-7.8333333e-11
-7.7708333e-11
-7.3958333e-11
-7.4270833e-11
-7.6354166e-11
-7.3958333e-11
-7.3020832e-11
-7.5312499e-11
-7.2916666e-11
-7.2708332e-11
-7.4999999e-11
-7.2604166e-11
-7.1666666e-11
-7.5937499e-11
-7.3541666e-11
-7.6354166e-11
-6.9999999e-11
-7.6562499e-11
-7.3958333e-11
-7.6041666e-11
-7.5312499e-11
-7.5520833e-11
-7.1666666e-11
-7.3437499e-11
-7.6979166e-11
-7.3124999e-11
-7.4270833e-11
-7.6041666e-11
-7.1041666e-11
-7.7604166e-11
-7.2812499e-11
-7.3333332e-11
-7.6354166e-11
-7.4895833e-11
-7.3541666e-11
-7.3854166e-11
-6.8541665e-11
-8.4479167e-11
-6.6562499e-11
-7.3749999e-11
-7.6458333e-11
-7.8125e-11
-7.6249999e-11
-7.1145832e-11
-7.1354166e-11
-6.8437499e-11
-7.8333333e-11
-7.3124999e-11
-8e-11
-7.0208332e-11
-7.6354166e-11
-6.9479165e-11
-7.3020832e-11
-6.6458332e-11
-7.1979166e-11
-6.9895832e-11
-7.3437499e-11
-7.3541666e-11
-7.0624999e-11
-7.0104166e-11
-8e-11
-7.4895833e-11
-7.7083333e-11
-7.6041666e-11
-6.7395832e-11
-6.8958332e-11
-7.2916666e-11
-7.0624999e-11
-7.2083332e-11
-7.3333332e-11
-7.3541666e-11
-7.3333332e-11
-7.1562499e-11
-7.3124999e-11
-7.8645833e-11
-7.4895833e-11
-7.2812499e-11
-7.3333332e-11
-6.8437499e-11
-7.1979166e-11
-7.2187499e-11
-7.1979166e-11
-7.5416666e-11
-7.4895833e-11
-7.5937499e-11
-6.9791666e-11
-7.0104166e-11
-7.6145833e-11
-6.8958332e-11
-7.4270833e-11
-7.5624999e-11
-7.0416666e-11
-7.3541666e-11
-6.8229165e-11
-6.8854165e-11
-7.6979166e-11
-7.2708332e-11
-7.3437499e-11
-7.9270833e-11
-6.5729165e-11
-7.6562499e-11
-6.7291665e-11
-7.4999999e-11
-7.4999999e-11
-7.1874999e-11
-6.8437499e-11
-6.6458332e-11
-7.3333332e-11
-7.4791666e-11
-6.9895832e-11
-7.4895833e-11
-7.2916666e-11
-6.6666665e-11
-7.4687499e-11
-7.0729166e-11
-7.875e-11
-8.15625e-11
-7.5104166e-11
-6.9374999e-11
-7.5312499e-11
-6.6562499e-11
-7.5624999e-11
-7.2604166e-11
-7.2604166e-11
-7.3437499e-11
-6.8541665e-11
-7.0416666e-11
-7.4687499e-11
-7.4374999e-11
-7.0937499e-11
-6.9791666e-11
-6.7916665e-11
-7.3958333e-11
-7.7812499e-11
-6.8124999e-11
-7.3124999e-11
-7.4687499e-11
-6.8437499e-11
-7.5833333e-11
-6.8854165e-11
-7.7083333e-11
-7.1458332e-11
-7.1770832e-11
-6.8437499e-11
-6.8958332e-11
-6.9687499e-11
-7.3124999e-11
-6.9895832e-11
-6.9374999e-11
-7.3020832e-11
-6.9791666e-11
-7.4687499e-11
-7.3020832e-11
-7.5416666e-11
-7.2708332e-11
-7.0937499e-11
-7.1354166e-11
-7.0624999e-11
-7.8958333e-11
-7.0312499e-11
-7.4583333e-11
-6.9374999e-11
-7.0624999e-11
-7.7812499e-11
-7.3645832e-11
-7.5208333e-11
-6.8854165e-11
-7.4895833e-11
-7.4583333e-11
-7.2916666e-11
-6.3437498e-11
-7.4374999e-11
-7.0937499e-11
-6.6666665e-11
-6.7395832e-11
-7.0833332e-11
-7.3020832e-11
-7.1666666e-11
-6.5416665e-11
-7.3020832e-11
-6.7395832e-11
-7.7083333e-11
-7.2395832e-11
-7.1145832e-11
-6.8020832e-11
-6.8854165e-11
-6.8541665e-11
-7.2916666e-11
-6.7812499e-11
-6.5104165e-11
-6.8749999e-11
-7.1145832e-11
-7.3124999e-11
-6.8020832e-11
-6.6145832e-11
-7.2812499e-11
-7.5208333e-11
-6.4791665e-11
-6.8541665e-11
-7.3749999e-11
-6.7499999e-11
-6.7291665e-11
-7.1041666e-11
-6.9062499e-11
-6.8645832e-11
-6.7604165e-11
-7.2291666e-11
-6.8020832e-11
-6.6458332e-11
-7.1041666e-11
-7.2708332e-11
-7.2187499e-11
-7.5312499e-11
-6.6145832e-11
-7.4687499e-11
-7.3020832e-11
-6.9999999e-11
-7.1666666e-11
-6.9895832e-11
-7.8020833e-11
-6.8020832e-11
-6.9999999e-11
-6.7916665e-11
-7.1770832e-11
-7.4895833e-11
-6.8645832e-11
-7.2604166e-11
-7.3749999e-11
-6.9270832e-11
-7.0729166e-11
-7.1249999e-11
-6.7499999e-11
-6.7083332e-11
-7.2291666e-11
-6.8854165e-11
-7.2708332e-11
-6.9895832e-11
-7.2499999e-11
-6.7083332e-11
-6.7916665e-11
-6.7812499e-11
-6.9062499e-11
-7.1041666e-11
-6.3124998e-11
-7.1458332e-11
-8.0729166e-11
-7.2499999e-11
-7.0729166e-11
-7.3333332e-11
-7.0937499e-11
-7.5416666e-11
-7.1145832e-11
-7.1874999e-11
-7.3958333e-11
-7.1770832e-11
-6.7291665e-11
-7.0624999e-11
-7.5312499e-11
-6.9479165e-11
-7.0520832e-11
-7.3437499e-11
-6.9166665e-11
-7.2291666e-11
-6.9791666e-11
-6.7291665e-11
-6.9062499e-11
-7.3645832e-11
-7.4999999e-11
-7.2083332e-11
-6.6979165e-11
-7.2812499e-11
-7.0833332e-11
-7.5729166e-11
-7.0104166e-11
-7.1458332e-11
-7.1979166e-11
-7.0729166e-11
-6.8541665e-11
-7.1562499e-11
-6.6874999e-11
-7.4270833e-11
-6.7187499e-11
-6.9166665e-11
-7.4374999e-11
-7.3645832e-11
-7.2916666e-11
-6.7916665e-11
-7.0833332e-11
-7.0729166e-11
-7.1354166e-11
-7.7916666e-11
-6.1562498e-11
-6.2291665e-11
-6.8541665e-11
-6.9479165e-11
-7.0312499e-11
-6.7812499e-11
-7.1249999e-11
-7.5729166e-11
-7.1458332e-11
-6.9687499e-11
-6.9479165e-11
-7.0312499e-11
-6.9374999e-11
-7.0208332e-11
-6.7187499e-11
-6.8958332e-11
-7.0833332e-11
-6.6874999e-11
-6.9687499e-11
-6.6354165e-11
-6.8437499e-11
-7.3229166e-11
-7.1562499e-11
-6.6354165e-11
-6.8229165e-11
-6.7187499e-11
-6.8645832e-11
-7.0624999e-11
-6.9270832e-11
-6.7499999e-11
-6.6666665e-11
-7.2291666e-11
-7.1770832e-11
-6.9062499e-11
-7.1874999e-11
-6.9583332e-11
-6.6666665e-11
-6.8124999e-11
-6.6354165e-11
-6.6354165e-11
-6.8437499e-11
-6.7083332e-11
-7.0833332e-11
-7.5729166e-11
-7.3958333e-11
-6.8854165e-11
-6.7916665e-11
-7.0624999e-11
-6.6249999e-11
-7.5208333e-11
-6.8958332e-11
-7.2291666e-11
-6.6458332e-11
-7.0624999e-11
-6.9270832e-11
-7.1770832e-11
-6.8541665e-11
-6.9791666e-11
-7.0833332e-11
-6.8854165e-11
-7.3749999e-11
-6.8541665e-11
-7.2708332e-11
-6.5729165e-11
-6.8645832e-11
-6.6770832e-11
-7.0624999e-11
-6.8645832e-11
-6.6979165e-11
-6.9895832e-11
-6.6458332e-11
-7.0729166e-11
-6.7604165e-11
-6.9895832e-11
-7.0416666e-11
-7.1458332e-11
-6.9270832e-11
-7.4062499e-11
-7.4479166e-11
-6.7708332e-11
-6.9583332e-11
-6.4583332e-11
-7.0937499e-11
-6.9895832e-11
-7.4062499e-11
-6.8437499e-11
-7.1354166e-11
-6.5416665e-11
-7.0520832e-11
-6.4999998e-11
-7.7604166e-11
-6.7291665e-11
-7.2604166e-11
-6.7187499e-11
-6.4687498e-11
-6.6041665e-11
-6.9791666e-11
-6.7395832e-11
-7.0729166e-11
-6.3124998e-11
-7.1666666e-11
-6.5208332e-11
-7.0416666e-11
-6.9583332e-11
-6.7187499e-11
-7.1249999e-11
-6.9062499e-11
-6.8854165e-11
-7.1354166e-11
-6.4270832e-11
-6.7083332e-11
-7.0416666e-11
-6.9166665e-11
-6.4895832e-11
-6.9687499e-11
-6.7812499e-11
-7.1458332e-11
-7.0208332e-11
-7.4999999e-11
-6.5208332e-11
-6.4791665e-11
-6.6249999e-11
-6.4791665e-11
-7.0416666e-11
-6.9062499e-11
-7.0520832e-11
-7.2291666e-11
-7.2187499e-11
-7.1562499e-11
-6.8333332e-11
-6.5416665e-11
-6.9583332e-11
-6.9479165e-11
-6.9687499e-11
-6.9270832e-11
-6.9374999e-11
-6.8541665e-11
-6.9687499e-11
-6.7395832e-11
-6.9062499e-11
-6.6562499e-11
-7.4062499e-11
-6.3854165e-11
-7.4895833e-11
-6.6145832e-11
-7.1249999e-11
-6.8437499e-11
-6.8229165e-11
-6.9895832e-11
-6.9687499e-11
-7.0416666e-11
-7.0104166e-11
-6.6041665e-11
-6.9895832e-11
-7.4062499e-11
-6.1249998e-11
-6.9791666e-11
-6.9062499e-11
-6.9062499e-11
-6.7604165e-11
-7.1562499e-11
-6.8958332e-11
-6.5729165e-11
-6.7395832e-11
-7.0624999e-11
-6.4895832e-11
-7.0208332e-11
-6.3124998e-11
-6.7812499e-11
-6.9999999e-11
-7.3958333e-11
-6.9583332e-11
-6.6874999e-11
-6.9791666e-11
-6.4374998e-11
-6.8645832e-11
-6.4687498e-11
-6.8958332e-11
-6.8333332e-11
-7.2395832e-11
-7.2291666e-11
-7.1458332e-11
-6.8645832e-11
-6.7499999e-11
-6.8645832e-11
-6.5937499e-11
-7.0833332e-11
-6.6249999e-11
-7.0624999e-11
-7.0624999e-11
-6.8229165e-11
-7.3020832e-11
-6.2291665e-11
-6.8854165e-11
-6.7916665e-11
-6.6770832e-11
-6.4687498e-11
-6.8854165e-11
-6.2187498e-11
-6.6874999e-11
-6.6458332e-11
-6.6562499e-11
-6.7291665e-11
-7.3854166e-11
-7.1354166e-11
-6.8333332e-11
-6.8229165e-11
-6.7916665e-11
-7.3229166e-11
-6.4062498e-11
-6.6666665e-11
-6.9479165e-11
-7.2187499e-11
-7.2499999e-11
-6.7916665e-11
-7.1874999e-11
-6.8541665e-11
-6.6458332e-11
-6.7291665e-11
-6.5624998e-11
-6.5624998e-11
-6.6041665e-11
-6.9062499e-11
-6.8854165e-11
-7.0937499e-11
-6.9166665e-11
-6.6145832e-11
-6.9999999e-11
-6.2812498e-11
-6.9895832e-11
-7.0208332e-11
-6.4687498e-11
-6.5937499e-11
-6.7916665e-11
-6.6145832e-11
-7.0729166e-11
-6.8229165e-11
-6.3333332e-11
-6.6249999e-11
-7.1979166e-11
-6.8124999e-11
-6.3020832e-11
-6.9166665e-11
-6.6770832e-11
-6.8854165e-11
-6.5312498e-11
-6.9687499e-11
-7.2083332e-11
-7.1458332e-11
-7.1666666e-11
-6.6458332e-11
-7.3229166e-11
-6.8229165e-11
-6.8020832e-11
-6.9687499e-11
-7.2708332e-11
-6.9791666e-11
-7.5104166e-11
-7.1666666e-11
-6.4583332e-11
-7.1562499e-11
-6.8958332e-11
-6.9791666e-11
-7.3541666e-11
-6.6666665e-11
-6.6770832e-11
-7.4270833e-11
-6.7395832e-11
-7.2291666e-11
-6.4687498e-11
-6.9583332e-11
-7.1666666e-11
-7.0624999e-11
-6.9687499e-11
-7.0624999e-11
-6.8645832e-11
-6.9687499e-11
-6.7083332e-11
-6.6145832e-11
-6.4895832e-11
-7.875e-11
-6.8229165e-11
-7.0312499e-11
-7.1770832e-11
-6.2708332e-11
-6.7916665e-11
-6.9062499e-11
-6.6874999e-11
-6.4999998e-11
-6.6770832e-11
-6.6458332e-11
-6.8958332e-11
-7.2604166e-11
-7.0624999e-11
-6.8333332e-11
-6.9583332e-11
-6.5729165e-11
-6.4583332e-11
-7.1979166e-11
-7.2812499e-11
-6.7499999e-11
-6.8749999e-11
-6.7291665e-11
-6.9166665e-11
-6.2916665e-11
-6.8958332e-11
-7.0416666e-11
-6.2916665e-11
-6.7499999e-11
-6.8958332e-11
-6.4895832e-11
-6.7187499e-11
-6.1041665e-11
-6.7291665e-11
-6.7083332e-11
-6.7604165e-11
-6.5312498e-11
-6.5937499e-11
-6.9479165e-11
-6.3854165e-11
-6.6041665e-11
-6.9166665e-11
-7.2291666e-11
-6.9062499e-11
-6.2708332e-11
-6.6354165e-11
-6.3854165e-11
-6.8749999e-11
-6.8645832e-11
-6.8124999e-11
-6.5624998e-11
-6.9999999e-11
-6.8020832e-11
-6.4166665e-11
-7.1249999e-11
-6.4374998e-11
-7.3437499e-11
-6.4895832e-11
-7.0416666e-11
-6.7187499e-11
-6.5624998e-11
-6.5937499e-11
-6.4791665e-11
-6.8437499e-11
-6.1770832e-11
-6.6249999e-11
-6.4791665e-11
-6.4166665e-11
-6.3541665e-11
-6.7604165e-11
-6.3749998e-11
-6.7499999e-11
-6.7083332e-11
-7.3333332e-11
-6.3437498e-11
-6.6979165e-11
-6.3854165e-11
-6.8020832e-11
-6.7916665e-11
-6.8958332e-11
-6.9687499e-11
-6.8020832e-11
-6.6249999e-11
-6.6354165e-11
-7.2812499e-11
-6.8854165e-11
-6.6354165e-11
-7.0729166e-11
-6.6874999e-11
-6.6874999e-11
-6.7083332e-11
-6.9895832e-11
-6.4166665e-11
-7.1458332e-11
-6.3020832e-11
-7.2812499e-11
-6.6770832e-11
-6.7499999e-11
-7.0937499e-11
-7.0416666e-11
-6.2812498e-11
-6.6041665e-11
-6.5520832e-11
-6.8958332e-11
-6.5208332e-11
-7.0520832e-11
-6.6770832e-11
-6.5729165e-11
-6.4374998e-11
-7.2083332e-11
-6.8541665e-11
-6.7083332e-11
-6.8124999e-11
-6.6145832e-11
-6.9791666e-11
-7.1562499e-11
-6.2604165e-11
-6.2499998e-11
-6.5729165e-11
-6.9791666e-11
-5.8958331e-11
-7.3541666e-11
-6.1979165e-11
-6.5312498e-11
-6.0104165e-11
-6.8124999e-11
-6.4166665e-11
-6.6874999e-11
-6.9062499e-11
-6.2395832e-11
-6.6354165e-11
-6.1770832e-11
-6.4374998e-11
-6.6979165e-11
-6.4791665e-11
-7.1666666e-11
-7.1145832e-11
-6.7187499e-11
-6.7812499e-11
-6.3124998e-11
-6.3124998e-11
-6.8645832e-11
-6.5729165e-11
-6.7083332e-11
-6.8020832e-11
-7.2812499e-11
-6.5624998e-11
-6.7083332e-11
-7.1979166e-11
-6.0416665e-11
-6.8437499e-11
-7.0937499e-11
-6.8437499e-11
-7.0937499e-11
-6.3958332e-11
-7.2291666e-11
-6.1666665e-11
-6.4583332e-11
-6.9166665e-11
-6.8854165e-11
-6.4479165e-11
-7.3020832e-11
-6.1770832e-11
-6.4583332e-11
-6.0312498e-11
-6.5416665e-11
-6.5416665e-11
-6.4479165e-11
-6.6666665e-11
-6.8749999e-11
-6.7708332e-11
-6.2395832e-11
-7.1041666e-11
-6.8958332e-11
-6.9687499e-11
-6.5416665e-11
-6.6145832e-11
-6.8749999e-11
-6.3229165e-11
-6.6354165e-11
-6.5937499e-11
-6.3229165e-11
-6.9791666e-11
-6.4999998e-11
-6.9166665e-11
-6.9479165e-11
-7.1041666e-11
-6.6145832e-11
-6.7291665e-11
-6.3541665e-11
-6.8645832e-11
-6.2499998e-11
-7.2395832e-11
-6.7708332e-11
-6.8229165e-11
-6.6041665e-11
-6.1354165e-11
-6.6249999e-11
-6.1770832e-11
-6.8749999e-11
-6.6979165e-11
-6.9166665e-11
-6.3333332e-11
-6.8229165e-11
-6.5833332e-11
-6.8437499e-11
-6.9166665e-11
-6.7604165e-11
-6.9999999e-11
-7.0624999e-11
-6.0937498e-11
-6.9583332e-11
-6.9687499e-11
-6.3229165e-11
-6.0624998e-11
-6.7604165e-11
-6.4583332e-11
-6.2812498e-11
-6.8749999e-11
-7.0416666e-11
-6.6249999e-11
-6.7291665e-11
-6.6041665e-11
-6.7708332e-11
-6.1979165e-11
-6.4062498e-11
-7.2187499e-11
-6.8645832e-11
-6.7187499e-11
-6.3958332e-11
-6.8854165e-11
-6.4479165e-11
-6.8958332e-11
-6.2187498e-11
-6.6458332e-11
-6.1041665e-11
-6.8645832e-11
-6.0833331e-11
-6.6770832e-11
-6.2395832e-11
-6.6249999e-11
-6.7083332e-11
-6.2499998e-11
-6.0937498e-11
-6.6979165e-11
-7.1770832e-11
-6.5208332e-11
-6.6666665e-11
-6.3645832e-11
-6.6770832e-11
-6.4374998e-11
-6.7812499e-11
-6.2291665e-11
-6.5624998e-11
-6.5208332e-11
-6.3124998e-11
-6.2812498e-11
-7.1562499e-11
-6.4374998e-11
-6.7083332e-11
-6.7499999e-11
-6.3749998e-11
-6.8958332e-11
-6.4687498e-11
-6.7916665e-11
-6.4791665e-11
-6.6145832e-11
-6.4166665e-11
-6.8333332e-11
-6.9166665e-11
-7.0624999e-11
-6.9687499e-11
-6.8333332e-11
-6.6666665e-11
-6.7187499e-11
-6.8958332e-11
-6.6874999e-11
-6.7916665e-11
-6.2083332e-11
-6.8749999e-11
-6.8541665e-11
-6.3229165e-11
-6.6041665e-11
-6.8749999e-11
-6.5104165e-11
-6.7187499e-11
-6.5520832e-11
-5.5625001e-11
-6.9895832e-11
-6.6979165e-11
-6.3020832e-11
-6.7395832e-11
-6.4166665e-11
-6.5833332e-11
-6.8020832e-11
-6.7604165e-11
-6.7916665e-11
-6.4374998e-11
-6.3958332e-11
-6.6354165e-11
-6.9270832e-11
-6.3229165e-11
-7.0104166e-11
-6.6562499e-11
-6.7395832e-11
-6.6874999e-11
-6.6979165e-11
-6.8541665e-11
-6.5104165e-11
-6.5833332e-11
-6.8854165e-11
-6.5833332e-11
-7.1354166e-11
-6.4479165e-11
-6.2916665e-11
-6.7812499e-11
-6.5833332e-11
-7.4895833e-11
-6.6354165e-11
-6.7083332e-11
-6.8541665e-11
-6.1979165e-11
-6.5208332e-11
-6.0104165e-11
-6.7187499e-11
-6.5729165e-11
-6.5624998e-11
-6.6354165e-11
-6.9166665e-11
-6.7708332e-11
-7.0833332e-11
-6.2916665e-11
-6.3229165e-11
-6.5937499e-11
-6.4687498e-11
-6.0208331e-11
-6.8020832e-11
-6.1041665e-11
-6.7499999e-11
-6.5416665e-11
-6.8229165e-11
-6.7291665e-11
-6.7395832e-11
-6.6458332e-11
-6.5624998e-11
-6.5312498e-11
-6.7708332e-11
-6.8854165e-11
-5.8854165e-11
-6.5208332e-11
-6.3333332e-11
-5.7916668e-11
-6.6145832e-11
-6.5833332e-11
-6.8645832e-11
-6.6770832e-11
-5.9999998e-11
-6.8333332e-11
-6.1145831e-11
-6.3958332e-11
-6.3124998e-11
-6.6354165e-11
-6.8541665e-11
-6.0937498e-11
-6.2083332e-11
-6.5937499e-11
-6.0520831e-11
-6.6874999e-11
-6.8333332e-11
-6.5104165e-11
-6.8958332e-11
-6.4791665e-11
-6.8541665e-11
-6.8229165e-11
-6.6041665e-11
-6.6249999e-11
-6.9062499e-11
-6.8645832e-11
-6.4791665e-11
-6.6249999e-11
-6.6979165e-11
-6.9999999e-11
-6.3854165e-11
-7.0208332e-11
-6.4687498e-11
-6.1249998e-11
-6.5729165e-11
-6.8333332e-11
-6.7291665e-11
-7.0833332e-11
-6.4791665e-11
-6.8645832e-11
-6.3020832e-11
-6.8124999e-11
-6.3958332e-11
-6.2083332e-11
-6.2708332e-11
-6.6041665e-11
-6.5833332e-11
-6.9999999e-11
-6.3541665e-11
-6.7499999e-11
-6.0833331e-11
-6.4270832e-11
-6.6458332e-11
-6.0520831e-11
-6.3229165e-11
-6.5416665e-11
-7.0104166e-11
-6.4374998e-11
-6.5624998e-11
-6.3020832e-11
-6.8229165e-11
-6.6874999e-11
-6.5520832e-11
-6.8541665e-11
-6.1354165e-11
-6.6041665e-11
-6.6249999e-11
-5.9999998e-11
-6.7499999e-11
-6.5208332e-11
-6.3333332e-11
-5.9999998e-11
-6.8958332e-11
-6.7916665e-11
-6.4479165e-11
-7.1666666e-11
-6.3854165e-11
-6.9166665e-11
-6.3229165e-11
-6.5624998e-11
-6.4270832e-11
-6.5937499e-11
-6.3333332e-11
-7.0624999e-11
-6.4062498e-11
-6.2083332e-11
-6.6458332e-11
-6.2604165e-11
-6.6458332e-11
-6.7499999e-11
-6.5208332e-11
-6.2708332e-11
-6.8749999e-11
-6.9166665e-11
-6.4479165e-11
-6.2499998e-11
-7.1770832e-11
-6.1770832e-11
-6.1979165e-11
-6.4270832e-11
-6.5729165e-11
-6.2187498e-11
-6.3645832e-11
-6.4999998e-11
-6.4479165e-11
-6.6354165e-11
-6.8749999e-11
-6.4583332e-11
-6.3229165e-11
-6.5624998e-11
-6.9583332e-11
-6.4791665e-11
-6.6041665e-11
-6.6874999e-11
-6.1249998e-11
-6.8020832e-11
-6.1979165e-11
-6.4374998e-11
-6.6354165e-11
-5.8437498e-11
-6.5520832e-11
-6.1458331e-11
-6.7499999e-11
-6.4479165e-11
-6.5833332e-11
-6.5104165e-11
-6.5104165e-11
-7.2395832e-11
-6.4479165e-11
-6.4583332e-11
-6.5624998e-11
-6.0833331e-11
-6.9166665e-11
-7.0416666e-11
-6.6874999e-11
-6.6354165e-11
-6.7395832e-11
-6.1249998e-11
-6.5833332e-11
-6.0104165e-11
-7.1874999e-11
-6.7916665e-11
-6.5729165e-11
-6.4583332e-11
-6.8854165e-11
-6.4687498e-11
-5.5625001e-11
-6.5416665e-11
-6.7604165e-11
-6.4270832e-11
-6.6562499e-11
-6.6458332e-11
-6.4062498e-11
-6.5416665e-11
-6.6458332e-11
-6.0833331e-11
-6.2291665e-11
-6.7187499e-11
-6.8854165e-11
-6.2083332e-11
-6.6354165e-11
-6.6562499e-11
-6.0729165e-11
-6.6770832e-11
-6.6041665e-11
-6.2291665e-11
-6.9166665e-11
-6.9479165e-11
-6.7812499e-11
-7.1041666e-11
-6.3958332e-11
-6.6562499e-11
-6.5416665e-11
-6.4374998e-11
-6.4166665e-11
-6.4583332e-11
-6.1979165e-11
-6.6145832e-11
-6.3749998e-11
-6.5729165e-11
-6.6562499e-11
-6.1249998e-11
-6.8854165e-11
-6.3541665e-11
-6.8541665e-11
-6.9270832e-11
-6.7708332e-11
-6.4895832e-11
-6.8541665e-11
-6.0624998e-11
-6.3854165e-11
-6.3437498e-11
-6.0937498e-11
-6.2395832e-11
-6.3020832e-11
-6.4374998e-11
-6.4062498e-11
-7.1041666e-11
-6.4791665e-11
-6.4479165e-11
-6.3541665e-11
-6.5729165e-11
-6.2083332e-11
-6.3333332e-11
-6.5104165e-11
-5.9999998e-11
-6.2291665e-11
-6.4270832e-11
-6.6145832e-11
-6.4479165e-11
-6.7499999e-11
-6.0624998e-11
-6.4583332e-11
-6.2812498e-11
-6.5520832e-11
-6.7708332e-11
-6.4479165e-11
-6.7395832e-11
-6.5416665e-11
-6.4583332e-11
-6.3854165e-11
-6.1354165e-11
-6.4999998e-11
-6.6979165e-11
-6.2083332e-11
-6.7291665e-11
-6.6041665e-11
-6.6770832e-11
-6.3541665e-11
-6.1041665e-11
-6.8124999e-11
-6.8749999e-11
-6.5624998e-11
-6.7083332e-11
-6.5312498e-11
-6.8020832e-11
-6.5104165e-11
-6.3749998e-11
-6.4166665e-11
-6.6979165e-11
-5.8645831e-11
-6.3124998e-11
-6.5729165e-11
-6.7812499e-11
-6.6666665e-11
-6.0937498e-11
-6.8333332e-11
-6.8541665e-11
-7.1145832e-11
-6.3645832e-11
-6.4270832e-11
-7.0833332e-11
-6.5312498e-11
-5.8854165e-11
-6.6770832e-11
-6.0416665e-11
-6.3124998e-11
-6.5312498e-11
-6.7604165e-11
-6.9999999e-11
-6.7916665e-11
-6.1979165e-11
-6.8749999e-11
-6.6562499e-11
-5.8645831e-11
-6.5208332e-11
-7.1354166e-11
-5.6979168e-11
-6.7812499e-11
-6.7187499e-11
-6.4687498e-11
-6.4479165e-11
-6.6458332e-11
-6.7187499e-11
-6.2083332e-11
-6.7187499e-11
-6.4999998e-11
-6.2604165e-11
-6.6770832e-11
-6.9791666e-11
-6.5416665e-11
-6.7812499e-11
-6.3749998e-11
-6.3124998e-11
-7.2395832e-11
-6.3020832e-11
-7.2083332e-11
-6.8958332e-11
-6.2187498e-11
-6.8333332e-11
-6.0416665e-11
-7.1041666e-11
-6.9166665e-11
-6.7708332e-11
-6.4687498e-11
-6.0729165e-11
-6.5833332e-11
-6.4791665e-11
-6.8333332e-11
-6.6041665e-11
-6.1874998e-11
-6.4270832e-11
-6.2499998e-11
-6.5208332e-11
-6.3958332e-11
-6.6041665e-11
-6.1458331e-11
-6.6041665e-11
-6.4374998e-11
-6.5729165e-11
-6.7499999e-11
-5.9270831e-11
-6.7187499e-11
-6.5729165e-11
-6.5729165e-11
-6.4166665e-11
-6.5520832e-11
-6.6354165e-11
-5.9791665e-11
-6.1770832e-11
-7.0104166e-11
-6.0520831e-11
-6.3749998e-11
-6.7812499e-11
-7.0416666e-11
-6.3749998e-11
-6.2604165e-11
-6.3333332e-11
-6.1666665e-11
-6.5208332e-11
-6.6458332e-11
-6.3541665e-11
-6.6249999e-11
-6.5833332e-11
-6.3229165e-11
-6.7604165e-11
-6.5208332e-11
-6.2187498e-11
-6.6145832e-11
-6.6458332e-11
-6.6145832e-11
-6.8229165e-11
-6.3124998e-11
-6.0937498e-11
-6.3958332e-11
-6.6874999e-11
-7.0208332e-11
-6.5729165e-11
-6.0937498e-11
-6.6458332e-11
-6.8645832e-11
-6.2187498e-11
-6.0833331e-11
-6.6458332e-11
-7.1249999e-11
-5.7604168e-11
-6.5104165e-11
-6.2916665e-11
-6.3541665e-11
-6.5624998e-11
-6.5624998e-11
-6.3958332e-11
-6.4583332e-11
-5.9687498e-11
-6.3958332e-11
-7.1666666e-11
-6.5312498e-11
-6.0937498e-11
-6.6562499e-11
-6.6562499e-11
-6.0312498e-11
-6.4791665e-11
-6.4374998e-11
-6.4895832e-11
-6.1354165e-11
-6.3958332e-11
-7.2395832e-11
-6.4062498e-11
-6.1562498e-11
-6.8645832e-11
-6.3020832e-11
-6.3645832e-11
-6.4583332e-11
-6.6354165e-11
-6.4583332e-11
-7.2187499e-11
-6.1979165e-11
-6.0833331e-11
-6.0104165e-11
-6.3958332e-11
-7.1770832e-11
-6.1979165e-11
-7.2083332e-11
-6.7187499e-11
-6.6041665e-11
-6.8645832e-11
-6.6979165e-11
-6.2499998e-11
-6.5208332e-11
-6.5624998e-11
-6.7499999e-11
-6.5416665e-11
-6.4687498e-11
-6.1354165e-11
-5.9583331e-11
-6.4583332e-11
-6.4479165e-11
-6.3541665e-11
-6.6562499e-11
-6.0624998e-11
-6.1979165e-11
-6.6770832e-11
-6.3854165e-11
-7.0104166e-11
-5.9687498e-11
-6.6458332e-11
-6.0520831e-11
-6.5833332e-11
-6.6562499e-11
-6.8749999e-11
-6.6562499e-11
-6.4479165e-11
-6.7291665e-11
-6.1979165e-11
-6.8645832e-11
-6.2916665e-11
-7.1458332e-11
-6.2291665e-11
-6.5208332e-11
-6.6249999e-11
-6.1145831e-11
-7.0312499e-11
-6.4166665e-11
-6.8229165e-11
-6.2499998e-11
-6.6354165e-11
-6.7291665e-11
-6.7916665e-11
-6.2812498e-11
-6.5104165e-11
-7.3020832e-11
-7.1249999e-11
-6.0624998e-11
-6.5208332e-11
-6.2604165e-11
-6.5833332e-11
-6.6979165e-11
-6.3333332e-11
-6.5416665e-11
-6.3749998e-11
-6.3124998e-11
-6.7083332e-11
-6.8437499e-11
-6.1562498e-11
-7.1354166e-11
-6.5312498e-11
-6.3749998e-11
-5.9583331e-11
-6.3020832e-11
-6.4583332e-11
-6.5104165e-11
-6.1874998e-11
-6.4479165e-11
-6.7395832e-11
-6.4374998e-11
-6.3645832e-11
-6.4374998e-11
-6.5312498e-11
-6.2916665e-11
-6.8645832e-11
-6.8229165e-11
-6.2291665e-11
-6.2083332e-11
-6.8854165e-11
-6.4999998e-11
-6.6874999e-11
-6.3854165e-11
-6.7187499e-11
-6.7812499e-11
-6.4062498e-11
-6.3333332e-11
-6.1562498e-11
-6.5833332e-11
-6.4270832e-11
-6.6562499e-11
-6.6145832e-11
-6.0624998e-11
-6.0416665e-11
-6.9166665e-11
-6.6666665e-11
-6.1666665e-11
-6.4895832e-11
-6.4895832e-11
-5.8020835e-11
-6.0104165e-11
-6.7291665e-11
-5.6458335e-11
-6.5624998e-11
-6.4166665e-11
-6.8333332e-11
-6.0833331e-11
-6.3854165e-11
-7.1458332e-11
-6.5104165e-11
-6.4270832e-11
-6.1562498e-11
-6.5729165e-11
-5.9999998e-11
-6.4062498e-11
-5.9895831e-11
-6.3854165e-11
-6.5312498e-11
-6.2604165e-11
-6.2604165e-11
-6.1249998e-11
-6.1145831e-11
-6.9687499e-11
-6.6874999e-11
-6.8645832e-11
-6.7395832e-11
-6.3437498e-11
-6.4166665e-11
-6.2916665e-11
-6.4895832e-11
-6.9583332e-11
-6.5729165e-11
-6.0312498e-11
-6.1145831e-11
-6.1666665e-11
-6.2916665e-11
-6.6458332e-11
-6.0729165e-11
-6.9374999e-11
-6.5104165e-11
-5.8541665e-11
-6.0208331e-11
-6.8749999e-11
-6.6458332e-11
-6.3333332e-11
-6.4583332e-11
-6.3020832e-11
-6.4479165e-11
-5.9791665e-11
-6.7499999e-11
-5.9062498e-11
-5.8333331e-11
-6.6354165e-11
-6.3020832e-11
-6.5833332e-11
-6.2916665e-11
-6.1770832e-11
-6.1979165e-11
-6.8854165e-11
-6.2916665e-11
-7.1458332e-11
-6.3854165e-11
-6.3124998e-11
-6.2604165e-11
-6.1979165e-11
-6.8124999e-11
-6.4374998e-11
-6.2291665e-11
-5.8645831e-11
-6.3541665e-11
-6.5312498e-11
-5.7916668e-11
-6.6041665e-11
-6.8229165e-11
-6.5312498e-11
-6.6249999e-11
-5.8958331e-11
-5.8333331e-11
-6.6249999e-11
-6.0208331e-11
-6.1354165e-11
-6.5624998e-11
-6.5833332e-11
-6.0729165e-11
-6.1249998e-11
-6.4374998e-11
-6.4479165e-11
-6.1979165e-11
-6.8020832e-11
-5.7604168e-11
-6.2604165e-11
-6.0937498e-11
-5.8125001e-11
-6.8124999e-11
-5.9791665e-11
-6.2187498e-11
-6.3229165e-11
-5.9687498e-11
-6.0624998e-11
-6.5208332e-11
-6.4583332e-11
-6.4166665e-11
-6.3229165e-11
-6.3333332e-11
-6.3229165e-11
-6.2083332e-11
-6.2812498e-11
-6.5729165e-11
-5.8645831e-11
-6.5729165e-11
-6.6874999e-11
-5.5416668e-11
-5.8958331e-11
-6.4479165e-11
-6.2499998e-11
-5.8958331e-11
-6.2395832e-11
-6.2187498e-11
-6.3645832e-11
-6.2916665e-11
-6.0416665e-11
-5.9270831e-11
-6.1249998e-11
-7.1770832e-11
-6.7604165e-11
-5.9999998e-11
-6.7499999e-11
-5.9999998e-11
-6.5520832e-11
-6.6874999e-11
-6.6249999e-11
-6.2083332e-11
-6.1874998e-11
-5.8229165e-11
-6.7395832e-11
-6.7604165e-11
-6.6562499e-11
-6.4791665e-11
-6.3541665e-11
-6.5208332e-11
-6.3749998e-11
-7.0729166e-11
-5.9687498e-11
-6.1458331e-11
-6.4166665e-11
-6.1562498e-11
-6.7291665e-11
-6.2604165e-11
-6.9895832e-11
-6.2083332e-11
-6.4687498e-11
-5.8541665e-11
-6.6770832e-11
-6.6979165e-11
-6.6666665e-11
-6.1979165e-11
-6.9479165e-11
-6.0208331e-11
-6.5729165e-11
-6.1770832e-11
-7.0312499e-11
-6.5104165e-11
-6.2604165e-11
-6.9374999e-11
-6.5104165e-11
-6.1666665e-11
-6.1666665e-11
-6.4583332e-11
-6.5416665e-11
-6.3437498e-11
-6.2708332e-11
-6.2291665e-11
-6.1666665e-11
-6.6041665e-11
-5.9270831e-11
-6.3437498e-11
-6.0312498e-11
-6.8020832e-11
-7.0312499e-11
-6.4999998e-11
-6.4687498e-11
-6.4895832e-11
-6.4583332e-11
-7.2916666e-11
-6.3645832e-11
-5.7291668e-11
-5.9791665e-11
-6.3020832e-11
-6.1979165e-11
-6.1874998e-11
-6.4583332e-11
-6.7812499e-11
-6.1666665e-11
-6.1041665e-11
-6.8229165e-11
-5.8125001e-11
-6.1249998e-11
-6.0624998e-11
-6.3333332e-11
-6.5312498e-11
-5.7604168e-11
-6.0833331e-11
-6.0624998e-11
-6.8645832e-11
-6.5416665e-11
-6.5937499e-11
-5.7916668e-11
-6.4166665e-11
-6.0624998e-11
-6.7916665e-11
-6.0416665e-11
-6.9166665e-11
-6.5312498e-11
-6.9166665e-11
-6.5416665e-11
-6.2499998e-11
-6.1041665e-11
-6.5520832e-11
-6.8958332e-11
-6.3333332e-11
-5.8958331e-11
-6.5104165e-11
-6.4166665e-11
-5.8749998e-11
-6.4791665e-11
-6.4374998e-11
-6.4583332e-11
-6.4999998e-11
-6.0833331e-11
-6.6874999e-11
-6.4999998e-11
-6.1145831e-11
-6.8229165e-11
-6.4687498e-11
-6.3541665e-11
-6.5520832e-11
-6.3437498e-11
-6.5104165e-11
-6.3645832e-11
-6.2291665e-11
-6.2395832e-11
-6.3749998e-11
-6.8541665e-11
-6.7395832e-11
-6.7916665e-11
-6.4374998e-11
-6.0520831e-11
-6.2499998e-11
-6.4062498e-11
-6.1458331e-11
-6.7812499e-11
-6.4374998e-11
-6.0833331e-11
-6.4062498e-11
-6.1979165e-11
-6.6145832e-11
-6.1249998e-11
-6.2812498e-11
-6.0104165e-11
-6.5104165e-11
-6.1666665e-11
-5.8229165e-11
-6.2187498e-11
-6.0312498e-11
-6.9062499e-11
-6.5729165e-11
-6.2291665e-11
-6.1874998e-11
-6.4270832e-11
-6.4895832e-11
-5.9999998e-11
-6.1666665e-11
-6.6458332e-11
-6.3958332e-11
-6.7604165e-11
-7.0937499e-11
-5.9999998e-11
-6.1874998e-11
-6.9687499e-11
-6.0833331e-11
-6.6249999e-11
-6.2916665e-11
-6.2916665e-11
-6.1145831e-11
-6.3958332e-11
-6.5208332e-11
-6.4687498e-11
-6.1354165e-11
-5.9895831e-11
-6.6874999e-11
-6.2499998e-11
-6.0312498e-11
-6.1562498e-11
-6.1979165e-11
-6.1145831e-11
-6.2604165e-11
-6.3333332e-11
-6.4479165e-11
-6.0729165e-11
-6.5520832e-11
-6.4062498e-11
-6.1874998e-11
-6.4999998e-11
-6.6145832e-11
-6.6770832e-11
-6.3541665e-11
-6.3541665e-11
-6.9583332e-11
-6.1770832e-11
-6.4166665e-11
-6.2708332e-11
-6.7499999e-11
-6.6979165e-11
-6.6874999e-11
-6.8749999e-11
-6.3541665e-11
-6.7499999e-11
-6.3749998e-11
-6.1666665e-11
-6.1979165e-11
-6.1458331e-11
-6.1354165e-11
-6.2604165e-11
-6.8645832e-11
-6.2499998e-11
-6.7916665e-11
-6.2395832e-11
-6.2708332e-11
-6.5104165e-11
-6.4687498e-11
-5.9791665e-11
-5.9270831e-11
-6.3541665e-11
-6.1354165e-11
-6.2083332e-11
-7.1458332e-11
-6.4062498e-11
-6.2187498e-11
-6.5520832e-11
-6.8229165e-11
-6.0937498e-11
-6.3645832e-11
-6.0104165e-11
-6.2083332e-11
-6.8854165e-11
-6.0520831e-11
-6.5520832e-11
-5.6666668e-11
-5.9062498e-11
-6.6666665e-11
-6.3645832e-11
-6.4479165e-11
-6.2812498e-11
-6.1458331e-11
-6.7395832e-11
-6.1145831e-11
-6.9374999e-11
-6.9166665e-11
-6.0208331e-11
-6.2187498e-11
-6.4583332e-11
-6.2604165e-11
-6.2812498e-11
-6.5312498e-11
-6.8645832e-11
-7.0104166e-11
-6.6770832e-11
-6.1458331e-11
-6.9062499e-11
-6.7708332e-11
-6.1458331e-11
-6.3229165e-11
-6.6458332e-11
-5.9166665e-11
-6.7291665e-11
-6.5729165e-11
-6.7395832e-11
-6.2395832e-11
-6.7499999e-11
-6.3229165e-11
-7.0104166e-11
-6.3958332e-11
-6.5520832e-11
-6.5312498e-11
-6.1874998e-11
-6.3020832e-11
-6.4479165e-11
-6.0312498e-11
-6.2083332e-11
-6.0416665e-11
-6.1145831e-11
-5.5729168e-11
-6.1145831e-11
-6.3437498e-11
-5.8333331e-11
-6.1458331e-11
-6.6145832e-11
-6.8645832e-11
-6.1874998e-11
-6.2499998e-11
-6.8749999e-11
-5.8854165e-11
-6.1666665e-11
-6.5937499e-11
-6.0937498e-11
-6.7812499e-11
-6.2812498e-11
-6.7187499e-11
-6.2916665e-11
-6.6145832e-11
-6.4270832e-11
-6.4062498e-11
-5.7916668e-11
-6.6562499e-11
-6.3020832e-11
-6.0312498e-11
-6.9270832e-11
-6.4791665e-11
-6.5833332e-11
-6.5104165e-11
-6.3124998e-11
-6.2812498e-11
-6.4479165e-11
-6.7604165e-11
-6.4270832e-11
-6.2291665e-11
-6.4687498e-11
-6.0104165e-11
-6.3854165e-11
-6.3541665e-11
-6.2812498e-11
-6.3854165e-11
-6.5937499e-11
-6.2812498e-11
-6.2083332e-11
-6.4479165e-11
-6.9166665e-11
-6.0520831e-11
-6.2916665e-11
-6.2812498e-11
-5.9999998e-11
-6.4479165e-11
-6.1249998e-11
-6.0208331e-11
-6.0520831e-11
-6.5104165e-11
-5.8645831e-11
-6.2187498e-11
-6.8437499e-11
-6.0624998e-11
-6.7291665e-11
-6.5208332e-11
-6.2812498e-11
-6.2916665e-11
-6.2291665e-11
-5.8020835e-11
-6.4062498e-11
-6.4062498e-11
-6.4791665e-11
-6.5729165e-11
-6.3333332e-11
-6.4374998e-11
-6.3020832e-11
-6.6354165e-11
-6.3958332e-11
-6.2291665e-11
-6.0520831e-11
-5.8749998e-11
-6.7291665e-11
-6.5104165e-11
-7.0416666e-11
-6.2604165e-11
-6.8541665e-11
-6.6041665e-11
-6.6874999e-11
-6.8020832e-11
-6.8124999e-11
-6.1979165e-11
-6.5729165e-11
-6.3749998e-11
-6.7395832e-11
-5.9270831e-11
-6.4895832e-11
-6.3749998e-11
-6.7604165e-11
-6.6249999e-11
-6.8541665e-11
-6.7604165e-11
-6.9999999e-11
-6.5833332e-11
-6.7499999e-11
-6.2499998e-11
-6.4062498e-11
-6.9270832e-11
-6.5104165e-11
-6.1666665e-11
-6.9895832e-11
-6.6562499e-11
-6.1770832e-11
-6.5416665e-11
-6.5208332e-11
-6.7812499e-11
-6.4999998e-11
-6.7708332e-11
-6.2395832e-11
-6.1354165e-11
-6.3749998e-11
-7.0833332e-11
-6.0520831e-11
-6.5937499e-11
-5.7604168e-11
-6.4062498e-11
-6.3437498e-11
-6.1666665e-11
-6.5520832e-11
-6.2916665e-11
-7.0208332e-11
-6.0208331e-11
-6.1145831e-11
-7.0520832e-11
-6.3854165e-11
-6.4583332e-11
-5.9687498e-11
-6.1041665e-11
-6.6562499e-11
-6.6249999e-11
-6.3333332e-11
-6.2604165e-11
-6.8020832e-11
-6.1562498e-11
-6.5312498e-11
-6.2812498e-11
-6.2395832e-11
-5.9374998e-11
-6.4166665e-11
-6.5312498e-11
-6.3437498e-11
-6.3749998e-11
-6.8020832e-11
-6.4583332e-11
-6.2499998e-11
-6.5208332e-11
-6.1145831e-11
-7.0104166e-11
-6.8124999e-11
-6.2708332e-11
-6.0520831e-11
-6.5624998e-11
-6.2499998e-11
-6.5312498e-11
-6.5937499e-11
-6.4791665e-11
-7.1562499e-11
-6.3229165e-11
-6.9062499e-11
-6.3749998e-11
-6.0208331e-11
-6.4270832e-11
-5.9479165e-11
-6.5104165e-11
-5.8229165e-11
-6.2291665e-11
-6.6562499e-11
-6.0312498e-11
-6.8854165e-11
-6.0729165e-11
-6.5312498e-11
-6.1354165e-11
-6.3124998e-11
-6.5208332e-11
-5.8854165e-11
-6.3229165e-11
-6.2708332e-11
-6.0312498e-11
-6.3020832e-11
-5.5937501e-11
-5.7500001e-11
-6.7708332e-11
-6.2499998e-11
-6.3437498e-11
-6.1458331e-11
-6.1354165e-11
-6.7083332e-11
-5.8437498e-11
-6.7083332e-11
-6.1666665e-11
-6.1458331e-11
-6.1041665e-11
-6.1354165e-11
-6.5937499e-11
-6.5520832e-11
-6.0520831e-11
-6.9062499e-11
-5.9687498e-11
-6.4583332e-11
-6.1041665e-11
-6.3958332e-11
-5.5937501e-11
-6.6874999e-11
-6.8645832e-11
-5.8645831e-11
-6.2916665e-11
-6.5937499e-11
-6.6249999e-11
-6.2083332e-11
-6.3958332e-11
-6.4791665e-11
-5.9895831e-11
-6.9374999e-11
-6.1979165e-11
-6.6458332e-11
-6.3333332e-11
-6.2187498e-11
-6.4791665e-11
-6.1354165e-11
-5.9583331e-11
-6.6458332e-11
-6.5104165e-11
-6.0937498e-11
-6.2812498e-11
-6.8749999e-11
-6.1562498e-11
-6.5729165e-11
-6.2187498e-11
-6.0624998e-11
-6.4999998e-11
-6.2083332e-11
-6.6770832e-11
-6.3437498e-11
-6.4062498e-11
-6.1562498e-11
-6.6458332e-11
-6.1249998e-11
-6.6874999e-11
-6.6249999e-11
-6.8124999e-11
-6.6666665e-11
-6.0208331e-11
-6.3645832e-11
-6.6249999e-11
-6.3749998e-11
-6.2187498e-11
-5.9687498e-11
-6.1041665e-11
-6.3333332e-11
-6.4791665e-11
-6.5729165e-11
-6.6249999e-11
-6.4583332e-11
-6.6666665e-11
-6.2812498e-11
-6.1354165e-11
-5.9583331e-11
-5.9062498e-11
-7.0312499e-11
-6.3958332e-11
-6.6354165e-11
-6.4374998e-11
-6.2812498e-11
-5.9895831e-11
-6.4895832e-11
-6.5520832e-11
-7.0833332e-11
-6.4374998e-11
-6.4479165e-11
-5.9791665e-11
-6.2812498e-11
-6.0312498e-11
-6.7604165e-11
-6.8020832e-11
-5.2291668e-11
-6.8437499e-11
-6.0937498e-11
-6.2291665e-11
-6.2604165e-11
-6.3437498e-11
-6.0833331e-11
-6.5104165e-11
-6.0208331e-11
-6.4270832e-11
-6.9062499e-11
-6.4374998e-11
-6.3541665e-11
-6.7395832e-11
-6.4895832e-11
-5.9791665e-11
-6.0312498e-11
-6.1874998e-11
-5.7916668e-11
-6.1874998e-11
-6.6354165e-11
-6.1562498e-11
-6.2395832e-11
-5.8854165e-11
-6.9687499e-11
-6.0624998e-11
-6.2604165e-11
-6.3958332e-11
-6.1562498e-11
-6.3124998e-11
-6.0729165e-11
-6.1249998e-11
-6.3854165e-11
-5.7083335e-11
-6.3645832e-11
-6.5104165e-11
-6.0208331e-11
-6.6041665e-11
-6.3541665e-11
-6.2708332e-11
-6.5104165e-11
-6.4479165e-11
-6.6145832e-11
-6.3958332e-11
-6.5833332e-11
-6.2083332e-11
-6.1666665e-11
-6.8437499e-11
-6.5520832e-11
-5.9166665e-11
-5.9895831e-11
-6.3854165e-11
-6.3124998e-11
-5.9895831e-11
-6.2083332e-11
-6.4374998e-11
-6.3541665e-11
-6.3333332e-11
-6.2291665e-11
-6.2708332e-11
-6.6041665e-11
-6.7499999e-11
-6.7812499e-11
-6.9062499e-11
-6.1979165e-11
-7.0208332e-11
-7.0104166e-11
-6.7708332e-11
-6.5104165e-11
-6.1249998e-11
-6.6458332e-11
-6.8437499e-11
-6.7604165e-11
-6.3124998e-11
-6.7604165e-11
-7.3958333e-11
-5.8749998e-11
-6.5520832e-11
-6.1770832e-11
-6.3124998e-11
-6.9374999e-11
-6.0208331e-11
-6.8645832e-11
-7.3437499e-11
-6.2499998e-11
-6.5937499e-11
-6.1041665e-11
-7.2083332e-11
-6.5208332e-11
-6.2395832e-11
-5.8229165e-11
-6.7499999e-11
-6.9062499e-11
-6.7708332e-11
-6.4999998e-11
-6.8124999e-11
-6.8333332e-11
-6.6874999e-11
-6.9895832e-11
-6.7708332e-11
-6.3124998e-11
-6.6041665e-11
-6.0208331e-11
-6.6874999e-11
-6.3854165e-11
-6.3020832e-11
-6.2604165e-11
-6.6562499e-11
-6.2604165e-11
-6.1354165e-11
-5.9999998e-11
-6.7499999e-11
-6.3020832e-11
-6.8645832e-11
-6.7708332e-11
-6.3333332e-11
-5.9374998e-11
-6.1249998e-11
-6.4374998e-11
-6.3437498e-11
-6.1458331e-11
-6.4999998e-11
-6.6041665e-11
-6.2499998e-11
-6.2916665e-11
-6.0416665e-11
-6.1249998e-11
-6.6874999e-11
-6.5833332e-11
-5.9583331e-11
-6.5729165e-11
-6.3958332e-11
-6.6145832e-11
-6.0104165e-11
-6.7083332e-11
-6.3854165e-11
-6.5624998e-11
-6.6249999e-11
-6.8645832e-11
-6.8645832e-11
-6.1562498e-11
-6.2499998e-11
-6.1145831e-11
-6.5729165e-11
-6.3333332e-11
-5.9583331e-11
-6.2708332e-11
-6.0312498e-11
-6.2291665e-11
-5.5312501e-11
-6.2916665e-11
-6.0312498e-11
-6.4791665e-11
-6.8541665e-11
-6.6354165e-11
-6.1562498e-11
-5.6875001e-11
-6.5624998e-11
-6.4687498e-11
-6.5729165e-11
-6.5833332e-11
-6.3645832e-11
-5.9062498e-11
-6.4999998e-11
-6.7916665e-11
-6.0208331e-11
-6.0729165e-11
-6.9062499e-11
-6.1249998e-11
-5.9895831e-11
-5.6458335e-11
-6.6458332e-11
-6.8749999e-11
-6.7812499e-11
-6.6770832e-11
-6.1458331e-11
-6.5937499e-11
-5.8958331e-11
-6.2916665e-11
-6.6979165e-11
-6.0208331e-11
-6.8020832e-11
-7.0104166e-11
-6.5312498e-11
-6.2291665e-11
-5.6666668e-11
-6.1874998e-11
-6.3958332e-11
-6.3437498e-11
-6.2604165e-11
-6.8645832e-11
-6.3333332e-11
-6.6458332e-11
-6.2812498e-11
-6.4999998e-11
-6.0520831e-11
-5.8125001e-11
-6.6979165e-11
-6.0208331e-11
-6.1770832e-11
-6.3437498e-11
-6.7604165e-11
-6.0416665e-11
-6.5624998e-11
-6.0624998e-11
-5.9270831e-11
-6.6145832e-11
-6.3854165e-11
-5.9895831e-11
-6.5416665e-11
-6.1979165e-11
-6.0208331e-11
-6.2604165e-11
-6.1874998e-11
-6.5208332e-11
-5.9687498e-11
-6.7499999e-11
-5.7291668e-11
-6.2395832e-11
-6.0520831e-11
-5.9270831e-11
-6.4583332e-11
-6.3333332e-11
-6.1041665e-11
-5.9687498e-11
-6.2812498e-11
-6.2395832e-11
-6.4270832e-11
-6.1979165e-11
-6.4062498e-11
-5.9583331e-11
-6.4374998e-11
-6.3541665e-11
-6.3749998e-11
-6.2604165e-11
-6.5208332e-11
-6.3749998e-11
-6.1979165e-11
-6.5937499e-11
-6.2395832e-11
-6.5208332e-11
-6.6562499e-11
-6.2604165e-11
-6.1666665e-11
-6.7291665e-11
-5.8958331e-11
-6.5937499e-11
-6.1145831e-11
-6.0312498e-11
-5.9791665e-11
-6.5104165e-11
-5.9479165e-11
-6.6666665e-11
-5.9791665e-11
-6.1145831e-11
-6.5416665e-11
-5.9999998e-11
-6.0312498e-11
-6.1041665e-11
-6.3437498e-11
-6.2499998e-11
-6.0520831e-11
-6.4895832e-11
-6.0729165e-11
-5.9270831e-11
-5.9062498e-11
-6.0312498e-11
-6.0937498e-11
-6.0416665e-11
-6.3958332e-11
-6.2291665e-11
-7.0833332e-11
-6.1562498e-11
-5.9999998e-11
-6.3333332e-11
-6.1562498e-11
-6.4583332e-11
-6.8333332e-11
-6.0729165e-11
-6.0520831e-11
-6.5208332e-11
-6.5312498e-11
-6.3437498e-11
-5.9687498e-11
-6.8749999e-11
-6.2187498e-11
-6.5520832e-11
-6.3645832e-11
-6.2083332e-11
-6.8749999e-11
-6.3749998e-11
-5.8958331e-11
-6.3958332e-11
-6.3749998e-11
-6.0937498e-11
-6.1770832e-11
-6.5520832e-11
-6.5416665e-11
-5.9166665e-11
-5.8541665e-11
-6.3958332e-11
-5.7500001e-11
-6.3541665e-11
-5.9374998e-11
-6.4791665e-11
-6.6145832e-11
-6.3124998e-11
-6.7083332e-11
-6.3020832e-11
-6.3854165e-11
-6.2291665e-11
-6.2604165e-11
-6.2499998e-11
-6.4583332e-11
-6.4687498e-11
-5.4166668e-11
-6.3645832e-11
-5.6250001e-11
-6.5833332e-11
-6.6249999e-11
-6.1458331e-11
-6.9687499e-11
-6.1979165e-11
-6.2083332e-11
-6.2187498e-11
-5.7916668e-11
-6.2812498e-11
-6.0937498e-11
-6.7499999e-11
-6.8333332e-11
-6.4062498e-11
-7.1770832e-11
-6.3333332e-11
-6.4895832e-11
-6.0624998e-11
-6.4062498e-11
-6.4791665e-11
-6.4270832e-11
-6.9479165e-11
-6.5416665e-11
-6.5520832e-11
-6.1770832e-11
-6.1979165e-11
-5.9583331e-11
-6.5833332e-11
-6.5937499e-11
-6.0208331e-11
-6.2812498e-11
-6.5416665e-11
-5.6562501e-11
-6.3229165e-11
-6.1562498e-11
-6.7083332e-11
-5.7291668e-11
-6.3333332e-11
-6.2708332e-11
-6.1145831e-11
-6.3541665e-11
-6.3958332e-11
-6.0312498e-11
-6.3020832e-11
-6.0937498e-11
-6.5208332e-11
-5.9166665e-11
-6.6666665e-11
-6.0520831e-11
-6.0208331e-11
-6.2395832e-11
-6.8124999e-11
-6.6562499e-11
-6.0312498e-11
-6.1249998e-11
-6.2083332e-11
-5.7916668e-11
-6.6979165e-11
-6.4270832e-11
-6.4687498e-11
-6.4791665e-11
-6.3958332e-11
-6.5624998e-11
-6.3541665e-11
-6.7395832e-11
-6.1041665e-11
-6.3124998e-11
-6.1770832e-11
-6.1458331e-11
-6.2916665e-11
-6.5208332e-11
-6.6249999e-11
-5.8854165e-11
-6.3333332e-11
-6.3645832e-11
-6.4062498e-11
-6.6041665e-11
-6.3749998e-11
-6.4687498e-11
-5.8958331e-11
-6.5312498e-11
-6.2083332e-11
-6.3333332e-11
-6.5937499e-11
-6.8333332e-11
-6.1666665e-11
-6.8854165e-11
-5.9270831e-11
-6.6354165e-11
-6.0208331e-11
-5.8958331e-11
-6.5937499e-11
-6.5937499e-11
-6.1874998e-11
-6.3749998e-11
-5.8749998e-11
-6.0416665e-11
-6.0833331e-11
-6.2395832e-11
-6.6041665e-11
-6.0104165e-11
-5.9374998e-11
-6.2187498e-11
-6.1249998e-11
-6.4999998e-11
-6.6249999e-11
-5.9166665e-11
-6.6458332e-11
-6.9270832e-11
-6.4479165e-11
-6.0624998e-11
-6.6979165e-11
-6.0416665e-11
-6.5104165e-11
-6.8958332e-11
-5.9687498e-11
-6.0624998e-11
-6.3229165e-11
-6.2916665e-11
-6.5937499e-11
-6.1770832e-11
-6.4687498e-11
-6.5937499e-11
-5.7916668e-11
-6.5416665e-11
-6.1354165e-11
-5.9895831e-11
-5.6875001e-11
-6.7187499e-11
-6.3958332e-11
-6.4583332e-11
-6.2395832e-11
-6.1666665e-11
-6.4062498e-11
-6.0624998e-11
-6.5416665e-11
-5.9166665e-11
-6.5416665e-11
-6.3020832e-11
-6.4583332e-11
-5.8958331e-11
-6.3020832e-11
-6.4374998e-11
-5.9895831e-11
-6.8229165e-11
-6.4999998e-11
-6.6562499e-11
-5.8437498e-11
-6.6666665e-11
-6.1145831e-11
-6.1354165e-11
-6.1041665e-11
-6.1458331e-11
-6.3229165e-11
-6.3749998e-11
-6.3020832e-11
-6.0833331e-11
-6.5416665e-11
-6.4895832e-11
-6.1979165e-11
-6.6562499e-11
-6.5416665e-11
-6.6666665e-11
-5.8125001e-11
-5.7604168e-11
-6.2916665e-11
-6.6770832e-11
-6.2604165e-11
-6.5312498e-11
-5.8958331e-11
-6.3645832e-11
-6.4166665e-11
-5.8749998e-11
-6.6145832e-11
-5.8645831e-11
-5.9687498e-11
-6.4687498e-11
-5.9062498e-11
-6.7187499e-11
-6.3749998e-11
-6.3854165e-11
-5.7604168e-11
-6.6666665e-11
-5.9791665e-11
-6.6041665e-11
-6.5937499e-11
-6.5104165e-11
-6.6041665e-11
-6.4687498e-11
-6.6770832e-11
-6.5729165e-11
-6.7291665e-11
-6.6770832e-11
-6.3958332e-11
-6.5312498e-11
-6.8645832e-11
-6.4583332e-11
-6.9062499e-11
-5.6041668e-11
-6.3437498e-11
-6.3645832e-11
-6.5416665e-11
-6.3541665e-11
-6.6770832e-11
-5.6562501e-11
-6.2395832e-11
-6.6666665e-11
-5.4791668e-11
-6.2083332e-11
-5.8333331e-11
-6.4687498e-11
-6.1354165e-11
-6.2291665e-11
-6.6249999e-11
-6.8645832e-11
-6.1145831e-11
-5.9479165e-11
-6.2916665e-11
-6.2708332e-11
-5.7916668e-11
-6.6562499e-11
-5.7083335e-11
-6.5624998e-11
-5.9687498e-11
-6.2291665e-11
-6.3437498e-11
-5.9791665e-11
-6.3958332e-11
-6.0208331e-11
-6.3958332e-11
-6.2395832e-11
-6.4895832e-11
-6.5208332e-11
-6.4166665e-11
-5.8229165e-11
-5.8958331e-11
-6.1145831e-11
-6.1249998e-11
-6.2395832e-11
-6.4270832e-11
-5.6250001e-11
-6.3437498e-11
-6.6458332e-11
-6.5624998e-11
-6.5104165e-11
-6.5937499e-11
-6.6354165e-11
-6.2395832e-11
-6.3749998e-11
-6.2291665e-11
-6.3020832e-11
-6.3437498e-11
-5.7916668e-11
-6.3958332e-11
-6.8020832e-11
-6.2604165e-11
-6.4166665e-11
-6.4062498e-11
-6.3020832e-11
-6.6145832e-11
-6.0208331e-11
-6.5104165e-11
-5.8749998e-11
-6.7291665e-11
-6.3645832e-11
-5.9791665e-11
-6.4895832e-11
-6.0104165e-11
-6.2083332e-11
-6.3124998e-11
-6.1458331e-11
-6.3124998e-11
-6.4062498e-11
-6.2499998e-11
-6.1354165e-11
-6.2395832e-11
-6.6562499e-11
-5.4479168e-11
-6.4687498e-11
-5.9166665e-11
-6.5729165e-11
-6.7083332e-11
-6.3541665e-11
-6.8854165e-11
-6.2708332e-11
-6.1249998e-11
-6.9791666e-11
-6.5729165e-11
-5.8958331e-11
-5.8541665e-11
-6.5937499e-11
-6.7708332e-11
-6.6041665e-11
-6.2708332e-11
-6.5208332e-11
-6.0729165e-11
-5.7291668e-11
-7.0624999e-11
-6.1666665e-11
-6.5520832e-11
-6.6666665e-11
-6.1874998e-11
-6.5729165e-11
-5.9374998e-11
-6.8333332e-11
-6.3020832e-11
-6.3229165e-11
-5.9479165e-11
-6.4479165e-11
-5.8645831e-11
-5.6666668e-11
-6.6041665e-11
-6.3854165e-11
-5.9687498e-11
-6.1249998e-11
-6.8229165e-11
-6.3541665e-11
-6.3437498e-11
-6.6458332e-11
-6.4791665e-11
-7.1562499e-11
-6.0104165e-11
-6.0937498e-11
-6.1562498e-11
-6.5208332e-11
-6.2291665e-11
-6.5729165e-11
-5.7083335e-11
-6.3020832e-11
-5.7083335e-11
-6.7916665e-11
-6.3124998e-11
-6.0208331e-11
-6.4999998e-11
-6.5729165e-11
-6.3020832e-11
-7.2083332e-11
-5.9791665e-11
-6.0416665e-11
-6.4895832e-11
-6.1458331e-11
-6.2395832e-11
-6.4895832e-11
-6.0208331e-11
-7.0937499e-11
-6.1145831e-11
-6.4791665e-11
-6.3333332e-11
-6.0312498e-11
-6.7083332e-11
-6.4166665e-11
-6.4999998e-11
-6.3749998e-11
-6.4791665e-11
-6.5312498e-11
-6.1249998e-11
-6.1041665e-11
-6.6145832e-11
-5.9583331e-11
-5.7083335e-11
-5.9999998e-11
-5.8958331e-11
-6.6874999e-11
-6.0833331e-11
-6.7291665e-11
-5.9479165e-11
-6.7708332e-11
-5.8437498e-11
-6.1249998e-11
-5.7500001e-11
-6.8437499e-11
-5.9270831e-11
-6.5937499e-11
-6.4479165e-11
-6.1458331e-11
-6.6874999e-11
-5.8437498e-11
-6.0208331e-11
-5.9791665e-11
-6.4270832e-11
-6.0312498e-11
-6.2083332e-11
-6.1979165e-11
-6.7395832e-11
-6.3124998e-11
-6.9895832e-11
-6.6145832e-11
-6.2395832e-11
-5.9479165e-11
-6.5416665e-11
-5.8229165e-11
-6.4270832e-11
-6.4583332e-11
-6.0937498e-11
-5.9479165e-11
-6.2916665e-11
-5.8229165e-11
-5.9791665e-11
-6.3124998e-11
-6.8958332e-11
-5.7916668e-11
-6.2499998e-11
-6.8333332e-11
-6.2083332e-11
-6.1874998e-11
-5.7916668e-11
-6.2708332e-11
-6.1666665e-11
-5.7708335e-11
-6.4374998e-11
-6.4687498e-11
-5.5520834e-11
-5.9583331e-11
-6.4687498e-11
-6.0312498e-11
-6.3020832e-11
-6.0624998e-11
-6.1979165e-11
-6.2499998e-11
-6.1249998e-11
-6.3229165e-11
-5.9687498e-11
-6.7291665e-11
-6.8333332e-11
-6.2187498e-11
-6.4583332e-11
-6.4166665e-11
-6.5416665e-11
-6.4791665e-11
-5.5937501e-11
-5.9270831e-11
-6.0312498e-11
-6.3437498e-11
-6.4062498e-11
-5.9791665e-11
-7.1041666e-11
-6.8958332e-11
-6.5416665e-11
-6.5312498e-11
-6.0833331e-11
-5.8229165e-11
-5.6770835e-11
-6.8229165e-11
-6.6041665e-11
-5.9999998e-11
-5.9687498e-11
-6.9583332e-11
-6.4791665e-11
-5.9791665e-11
-6.1458331e-11
-6.3541665e-11
-6.0520831e-11
-6.4270832e-11
-6.4999998e-11
-6.2604165e-11
-6.3749998e-11
-6.1145831e-11
-6.4374998e-11
-6.3541665e-11
-6.3124998e-11
-6.1666665e-11
-6.5416665e-11
-6.2812498e-11
-6.6458332e-11
-6.5416665e-11
-6.0416665e-11
-6.6041665e-11
-6.5729165e-11
-6.5104165e-11
-6.5416665e-11
-6.5312498e-11
-6.1770832e-11
-6.7499999e-11
-6.0208331e-11
-6.4374998e-11
-6.6458332e-11
-6.4374998e-11
-6.4999998e-11
-6.1874998e-11
-5.7395835e-11
-6.7499999e-11
-6.3645832e-11
-6.2291665e-11
-6.1145831e-11
-6.4999998e-11
-5.9895831e-11
-6.7499999e-11
-5.9062498e-11
-6.1770832e-11
-6.3645832e-11
-5.8749998e-11
-6.6979165e-11
-6.4895832e-11
-6.1979165e-11
-5.9583331e-11
-6.7083332e-11
-6.3749998e-11
-6.2083332e-11
-6.0520831e-11
-6.5104165e-11
-6.2604165e-11
-6.2916665e-11
-6.2604165e-11
-6.0312498e-11
-5.9895831e-11
-5.8333331e-11
-6.2812498e-11
-6.0624998e-11
-6.1562498e-11
-6.1458331e-11
-6.8541665e-11
-5.9374998e-11
-6.1979165e-11
-6.0416665e-11
-6.5729165e-11
-6.3749998e-11
-6.4999998e-11
-6.3437498e-11
-6.0416665e-11
-6.5416665e-11
-6.2187498e-11
-6.3958332e-11
-6.7187499e-11
-6.3229165e-11
-6.5416665e-11
-5.5520834e-11
-6.3020832e-11
-6.4374998e-11
-6.2083332e-11
-6.1145831e-11
-6.3854165e-11
-6.3749998e-11
-6.0624998e-11
-6.0520831e-11
-6.3645832e-11
-6.0833331e-11
-6.4270832e-11
-6.3749998e-11
-5.8125001e-11
-6.1145831e-11
-6.5833332e-11
-6.0833331e-11
-6.3333332e-11
-5.9479165e-11
-6.2708332e-11
-6.2812498e-11
-6.4479165e-11
-6.2916665e-11
-6.1874998e-11
-6.3958332e-11
-6.4374998e-11
-5.9479165e-11
-6.3437498e-11
-6.5624998e-11
-6.2708332e-11
-6.5208332e-11
-6.3749998e-11
-6.2604165e-11
-6.4166665e-11
-6.4895832e-11
-6.2187498e-11
-6.3437498e-11
-6.4895832e-11
-6.3020832e-11
-6.4166665e-11
-6.2499998e-11
-6.6874999e-11
-6.1562498e-11
-6.3854165e-11
-5.9895831e-11
-5.9583331e-11
-6.0937498e-11
-6.8541665e-11
-6.8333332e-11
-6.7083332e-11
-6.4270832e-11
-5.9687498e-11
-6.0729165e-11
-6.4270832e-11
-5.6041668e-11
-6.9999999e-11
-6.1458331e-11
-6.4583332e-11
-6.2604165e-11
-5.9166665e-11
-6.9687499e-11
-5.8020835e-11
-5.8125001e-11
-5.9270831e-11
-6.5729165e-11
-6.4062498e-11
-6.5520832e-11
-6.1874998e-11
-6.4062498e-11
-6.2291665e-11
-6.1249998e-11
-6.5624998e-11
-6.3541665e-11
-5.6458335e-11
-6.2083332e-11
-5.8437498e-11
-6.7499999e-11
-5.9062498e-11
-6.8020832e-11
-5.9895831e-11
-6.7291665e-11
-6.7708332e-11
-6.4999998e-11
-6.3541665e-11
-6.2812498e-11
-5.9895831e-11
-6.0624998e-11
-6.7083332e-11
-6.1249998e-11
-6.2187498e-11
-6.5520832e-11
-6.3645832e-11
-6.7604165e-11
-5.9270831e-11
-6.2708332e-11
-6.3020832e-11
-6.8229165e-11
-5.8749998e-11
-5.8541665e-11
-6.8333332e-11
-6.1562498e-11
-6.5833332e-11
-6.0729165e-11
-6.2499998e-11
-6.1562498e-11
-6.5416665e-11
-5.8958331e-11
-6.3854165e-11
-5.9999998e-11
-6.3958332e-11
-6.0624998e-11
-6.4999998e-11
-6.6249999e-11
-6.0104165e-11
-6.7499999e-11
-6.8854165e-11
-6.4999998e-11
-6.5937499e-11
-6.1770832e-11
-6.6354165e-11
-6.0937498e-11
-5.9166665e-11
-6.0416665e-11
-6.6249999e-11
-6.1145831e-11
-6.0624998e-11
-6.5520832e-11
-6.3437498e-11
-6.6458332e-11
-5.6250001e-11
-6.2812498e-11
-6.3541665e-11
-6.6874999e-11
-6.8749999e-11
-6.2812498e-11
-6.9999999e-11
-5.7708335e-11
-6.4791665e-11
-5.6354168e-11
-6.0520831e-11
-6.4687498e-11
-5.8749998e-11
-6.4895832e-11
-6.1249998e-11
-6.1979165e-11
-6.2708332e-11
-6.7499999e-11
-6.3854165e-11
-6.0208331e-11
-6.6874999e-11
-6.2291665e-11
-6.3645832e-11
-6.5729165e-11
-6.2708332e-11
-6.2812498e-11
-6.8020832e-11
-5.9791665e-11
-6.0312498e-11
-6.3749998e-11
-6.1354165e-11
-6.3541665e-11
-6.6874999e-11
-6.5729165e-11
-6.1979165e-11
-6.4166665e-11
-6.4270832e-11
-6.7708332e-11
-5.7291668e-11
-6.3437498e-11
-5.5729168e-11
-6.5520832e-11
-6.2708332e-11
-6.6249999e-11
-6.2916665e-11
-6.0416665e-11
-6.3124998e-11
-6.2395832e-11
-6.1979165e-11
-5.6562501e-11
-5.9895831e-11
-5.7187501e-11
-6.1770832e-11
-6.1979165e-11
-6.3437498e-11
-6.1979165e-11
-6.1249998e-11
-6.4062498e-11
-5.8645831e-11
-6.3958332e-11
-5.4479168e-11
-6.4062498e-11
-6.0937498e-11
-5.7916668e-11
-5.9687498e-11
-6.2395832e-11
-6.7083332e-11
-5.9895831e-11
-6.3229165e-11
-6.5729165e-11
-5.8645831e-11
-6.6458332e-11
-6.4895832e-11
-6.6041665e-11
-6.3541665e-11
-6.6249999e-11
-6.3541665e-11
-6.9479165e-11
-6.6354165e-11
-6.0416665e-11
-6.6145832e-11
-6.2083332e-11
-6.7291665e-11
-6.7187499e-11
-6.1979165e-11
-6.3229165e-11
-6.3229165e-11
-6.2812498e-11
-6.4687498e-11
-5.7812501e-11
-6.3229165e-11
-6.4062498e-11
-6.1041665e-11
-6.6145832e-11
-6.4895832e-11
-5.9999998e-11
-6.4687498e-11
-5.9687498e-11
-6.4479165e-11
-6.6354165e-11
-5.9479165e-11
-6.6458332e-11
-6.0833331e-11
-6.2708332e-11
-6.3229165e-11
-6.7395832e-11
-6.4583332e-11
-5.8854165e-11
-6.7708332e-11
-5.8854165e-11
-6.0833331e-11
-6.3020832e-11
-6.2708332e-11
-6.1354165e-11
-6.5312498e-11
-6.2083332e-11
-6.7604165e-11
-6.5416665e-11
-6.1874998e-11
-6.1562498e-11
-7.0520832e-11
-5.8437498e-11
-6.2187498e-11
-5.9374998e-11
-5.7395835e-11
-6.4791665e-11
-5.9166665e-11
-6.3854165e-11
-6.5416665e-11
-5.9895831e-11
-6.4479165e-11
-5.8645831e-11
-6.3541665e-11
-6.1874998e-11
-5.4479168e-11
-5.9062498e-11
-6.3958332e-11
-6.6562499e-11
-6.0104165e-11
-6.4791665e-11
-6.7291665e-11
-6.1979165e-11
-5.7708335e-11
-6.0104165e-11
-7.1354166e-11
-6.2395832e-11
-6.8645832e-11
-6.0937498e-11
-5.6562501e-11
-6.4270832e-11
-6.5833332e-11
-6.7187499e-11
-6.3541665e-11
-6.1145831e-11
-6.2708332e-11
-6.7708332e-11
-6.0416665e-11
-6.5104165e-11
-6.3020832e-11
-6.3958332e-11
-6.4374998e-11
-6.3124998e-11
-6.6249999e-11
-6.8229165e-11
-6.9583332e-11
-6.3229165e-11
-6.5624998e-11
-5.9270831e-11
-6.3333332e-11
-6.7395832e-11
-6.1249998e-11
-6.2395832e-11
-6.3229165e-11
-6.7499999e-11
-6.2395832e-11
-6.1249998e-11
-6.5937499e-11
-6.1979165e-11
-6.3958332e-11
-6.4791665e-11
-6.4270832e-11
-6.1458331e-11
-5.9791665e-11
-6.2291665e-11
-6.3541665e-11
-6.3020832e-11
-5.9479165e-11
-6.0729165e-11
-6.6874999e-11
-6.3229165e-11
-6.2187498e-11
-6.1874998e-11
-6.1041665e-11
-6.9166665e-11
-5.6979168e-11
-6.3645832e-11
-6.4999998e-11
-6.0520831e-11
-6.5312498e-11
-6.6562499e-11
-5.2395834e-11
-6.6874999e-11
-6.1979165e-11
-6.5624998e-11
-6.6666665e-11
-6.8958332e-11
-6.3333332e-11
-6.2604165e-11
-6.3958332e-11
-6.0937498e-11
-6.2708332e-11
-6.3645832e-11
-6.3541665e-11
-6.5624998e-11
-5.7187501e-11
-6.2812498e-11
-6.3958332e-11
-6.9999999e-11
-6.0208331e-11
-6.5520832e-11
-6.8437499e-11
-6.3437498e-11
-6.1145831e-11
-6.2083332e-11
-6.5937499e-11
-6.2812498e-11
-6.0729165e-11
-6.3020832e-11
-6.1562498e-11
-6.4270832e-11
-6.3958332e-11
-6.2708332e-11
-6.4791665e-11
-6.3958332e-11
-6.2812498e-11
-6.3958332e-11
-5.8020835e-11
-5.8333331e-11
-6.2499998e-11
-6.2916665e-11
-6.5833332e-11
-6.4374998e-11
-6.2812498e-11
-6.4062498e-11
-6.7083332e-11
-6.0937498e-11
-6.3958332e-11
-6.4687498e-11
-6.1979165e-11
-5.7916668e-11
-5.8854165e-11
-6.9583332e-11
-6.0729165e-11
-6.2291665e-11
-6.2499998e-11
-6.0729165e-11
-6.1354165e-11
-6.4687498e-11
-6.6145832e-11
-6.3854165e-11
-6.6041665e-11
-5.9999998e-11
-6.5729165e-11
-5.7083335e-11
-6.8437499e-11
-6.2604165e-11
-6.3229165e-11
-6.4479165e-11
-6.3124998e-11
-6.5833332e-11
-6.6145832e-11
-6.4895832e-11
-6.5312498e-11
-6.0729165e-11
-5.9583331e-11
-6.3124998e-11
-6.5312498e-11
-5.7500001e-11
-6.6874999e-11
-6.1145831e-11
-6.9895832e-11
-5.8645831e-11
-6.3124998e-11
-6.4583332e-11
-6.0937498e-11
-6.1249998e-11
-5.6875001e-11
-6.1979165e-11
-6.3541665e-11
-6.3749998e-11
-6.9374999e-11
-6.1562498e-11
-6.3437498e-11
-5.2708334e-11
-6.2083332e-11
-6.3645832e-11
-6.0937498e-11
-5.9999998e-11
-6.4791665e-11
-6.2083332e-11
-5.5833334e-11
-6.2916665e-11
-6.4895832e-11
-6.0520831e-11
-6.3437498e-11
-6.2604165e-11
-5.8229165e-11
-6.4895832e-11
-6.0312498e-11
-6.4583332e-11
-5.7708335e-11
-6.3437498e-11
-6.1249998e-11
-6.1249998e-11
-6.8749999e-11
-6.0416665e-11
-5.8229165e-11
-6.2499998e-11
-6.2708332e-11
-5.7812501e-11
-6.3437498e-11
-5.9999998e-11
-6.1354165e-11
-6.5104165e-11
-5.8125001e-11
-6.4479165e-11
-6.2916665e-11
-5.7187501e-11
-6.1249998e-11
-6.8333332e-11
-5.8749998e-11
-6.2291665e-11
-6.5416665e-11
-5.8125001e-11
-6.0833331e-11
-5.8645831e-11
-6.1354165e-11
-6.5833332e-11
-5.7604168e-11
-5.7291668e-11
-6.0833331e-11
-6.1979165e-11
-6.2395832e-11
-5.9999998e-11
-6.3437498e-11
-6.1145831e-11
-6.5624998e-11
-5.8229165e-11
-6.2916665e-11
-6.2083332e-11
-5.9791665e-11
-6.7187499e-11
-6.0208331e-11
-5.8437498e-11
-5.9270831e-11
-6.3645832e-11
-5.9999998e-11
-5.8854165e-11
-6.3854165e-11
-6.3124998e-11
-5.9895831e-11
-6.3541665e-11
-6.1249998e-11
-6.0624998e-11
-6.4374998e-11
-6.4791665e-11
-6.4583332e-11
-5.8854165e-11
-6.2604165e-11
-6.5729165e-11
-6.0208331e-11
-6.3333332e-11
-6.2187498e-11
-6.3749998e-11
-5.8541665e-11
-6.2395832e-11
-6.5312498e-11
-5.8854165e-11
-5.8125001e-11
-5.5520834e-11
-6.6354165e-11
-7.0208332e-11
-6.3645832e-11
-6.1041665e-11
-5.9479165e-11
-6.6041665e-11
-6.3645832e-11
-6.8229165e-11
-6.4166665e-11
-5.9062498e-11
-6.6041665e-11
-6.0729165e-11
-6.8541665e-11
-6.0312498e-11
-6.9166665e-11
-6.6979165e-11
-6.1458331e-11
-6.3541665e-11
-6.1562498e-11
-6.4687498e-11
-6.2499998e-11
-6.4687498e-11
-6.0312498e-11
-6.2604165e-11
-5.9166665e-11
-6.2187498e-11
-5.8958331e-11
-6.6354165e-11
-6.2291665e-11
-6.3124998e-11
-6.3020832e-11
-6.5208332e-11
-5.6770835e-11
-6.5208332e-11
-6.4687498e-11
-6.4895832e-11
-6.6041665e-11
-6.4583332e-11
-6.3333332e-11
-6.5520832e-11
-6.3749998e-11
-6.6041665e-11
-6.1041665e-11
-6.0416665e-11
-6.6145832e-11
-6.0833331e-11
-6.6354165e-11
-5.9270831e-11
-6.1458331e-11
-6.6770832e-11
-6.4687498e-11
-6.0520831e-11
-6.3020832e-11
-6.6041665e-11
-6.3333332e-11
-6.2187498e-11
-6.4479165e-11
-6.2916665e-11
-6.1770832e-11
-5.9999998e-11
-6.0312498e-11
-6.2499998e-11
-6.6770832e-11
-5.8541665e-11
-6.4062498e-11
-5.8854165e-11
-6.3437498e-11
-6.5624998e-11
-6.3333332e-11
-6.6562499e-11
-5.8749998e-11
-6.7083332e-11
-6.1770832e-11
-6.6145832e-11
-6.0833331e-11
-6.3020832e-11
-5.9166665e-11
-6.1458331e-11
-6.3229165e-11
-6.0208331e-11
-5.7604168e-11
-6.5104165e-11
-6.3020832e-11
-6.3854165e-11
-6.1145831e-11
-6.0520831e-11
-6.8124999e-11
-6.4374998e-11
-6.0729165e-11
-6.2708332e-11
-5.7083335e-11
-6.3645832e-11
-5.9374998e-11
-6.6354165e-11
-6.2604165e-11
-5.9583331e-11
-6.5624998e-11
-6.0208331e-11
-5.7395835e-11
-6.6874999e-11
-6.1249998e-11
-6.0937498e-11
-5.9791665e-11
-5.6770835e-11
-6.5104165e-11
-5.7083335e-11
-6.4374998e-11
-5.7604168e-11
-6.0937498e-11
-6.1354165e-11
-6.2083332e-11
-6.1041665e-11
-6.2604165e-11
-5.7395835e-11
-6.4895832e-11
-5.7916668e-11
-6.1874998e-11
-6.4791665e-11
-6.5208332e-11
-5.7291668e-11
-6.4583332e-11
-6.3020832e-11
-5.6875001e-11
-6.0624998e-11
-6.5833332e-11
-6.4583332e-11
-6.4374998e-11
-6.0833331e-11
-5.8125001e-11
-6.2916665e-11
-6.4270832e-11
-6.2291665e-11
-6.3645832e-11
-5.5937501e-11
-6.5312498e-11
-6.0416665e-11
-6.1354165e-11
-6.1145831e-11
-6.5312498e-11
-6.9374999e-11
-6.1458331e-11
-6.1354165e-11
-5.8125001e-11
-6.4062498e-11
-6.1354165e-11
-5.9895831e-11
-6.0104165e-11
-6.2291665e-11
-5.8125001e-11
-6.6041665e-11
-6.2499998e-11
-6.4479165e-11
-6.3229165e-11
-6.0312498e-11
-6.3124998e-11
-6.3541665e-11
-6.0729165e-11
-6.2604165e-11
-6.9479165e-11
-5.9895831e-11
-6.1354165e-11
-6.3854165e-11
-6.5624998e-11
-6.3437498e-11
-6.3958332e-11
-5.9895831e-11
-6.3749998e-11
-5.9999998e-11
-5.9270831e-11
-6.4895832e-11
-6.1458331e-11
-6.9270832e-11
-6.7812499e-11
-5.9999998e-11
-6.1354165e-11
-6.1041665e-11
-6.3541665e-11
-6.5833332e-11
-6.2083332e-11
-6.5624998e-11
-6.3229165e-11
-5.7812501e-11
-6.2395832e-11
-6.3020832e-11
-6.1249998e-11
-6.4583332e-11
-5.7604168e-11
-5.9687498e-11
-5.6250001e-11
-6.6354165e-11
-6.5208332e-11
-5.5833334e-11
-6.1249998e-11
-6.2916665e-11
-6.0312498e-11
-6.0729165e-11
-6.1458331e-11
-6.4374998e-11
-6.4479165e-11
-6.3645832e-11
-6.6666665e-11
-6.1458331e-11
-6.6666665e-11
-5.7916668e-11
-5.8437498e-11
-6.3749998e-11
-6.2708332e-11
-6.5104165e-11
-6.0208331e-11
-6.3124998e-11
-5.6979168e-11
-6.6354165e-11
-6.1874998e-11
-5.8333331e-11
-5.6979168e-11
-6.4999998e-11
-5.8854165e-11
-5.8541665e-11
-6.6666665e-11
-6.5937499e-11
-6.2395832e-11
-6.4479165e-11
-6.2291665e-11
-5.9583331e-11
-6.1041665e-11
-6.2708332e-11
-5.3854168e-11
-6.4895832e-11
-6.0208331e-11
-6.8333332e-11
-5.6666668e-11
-6.4583332e-11
-5.9687498e-11
-6.0208331e-11
-6.6041665e-11
-5.7083335e-11
-6.4374998e-11
-5.5937501e-11
-6.3333332e-11
-5.7916668e-11
-6.3958332e-11
-5.9374998e-11
-6.5208332e-11
-5.8125001e-11
-6.2395832e-11
-5.9166665e-11
-6.6145832e-11
-6.1458331e-11
-5.9583331e-11
-6.3541665e-11
-6.9479165e-11
-6.5833332e-11
-5.8541665e-11
-6.2916665e-11
-5.9791665e-11
-6.2916665e-11
-6.6458332e-11
-6.3020832e-11
-6.0312498e-11
-6.3124998e-11
-6.3124998e-11
-6.0833331e-11
-5.9895831e-11
-6.1979165e-11
-5.7812501e-11
-6.1979165e-11
-6.7187499e-11
-5.8645831e-11
-6.2604165e-11
-6.7083332e-11
-6.3749998e-11
-5.9791665e-11
-6.0937498e-11
-5.9062498e-11
-6.1458331e-11
-6.1458331e-11
-5.7708335e-11
-6.6145832e-11
-5.9270831e-11
-5.6875001e-11
-6.5208332e-11
-5.6875001e-11
-6.0208331e-11
-6.3437498e-11
-6.1770832e-11
-6.6145832e-11
-5.8749998e-11
-6.0520831e-11
-6.3749998e-11
-6.5729165e-11
-6.5833332e-11
-6.0208331e-11
-5.9791665e-11
-5.7187501e-11
-6.5937499e-11
-6.5104165e-11
-6.3020832e-11
-6.4374998e-11
-6.6770832e-11
-5.9583331e-11
-5.8854165e-11
-6.5937499e-11
-6.3854165e-11
-6.5312498e-11
-6.1979165e-11
-6.1354165e-11
-6.2499998e-11
-6.2604165e-11
-6.4687498e-11
-6.0833331e-11
-6.8229165e-11
-5.3437501e-11
-6.4166665e-11
-5.9687498e-11
-6.9895832e-11
-6.4270832e-11
-6.8958332e-11
-6.4374998e-11
-5.9791665e-11
-6.5208332e-11
-5.8958331e-11
-6.7916665e-11
-6.4374998e-11
-6.5104165e-11
-6.8124999e-11
-6.4374998e-11
-6.4062498e-11
-6.2395832e-11
-6.6979165e-11
-6.4270832e-11
-6.7812499e-11
-6.2812498e-11
-6.0624998e-11
-5.5729168e-11
-6.4999998e-11
-5.7500001e-11
-6.0416665e-11
-6.4687498e-11
-6.3645832e-11
-5.9791665e-11
-6.4270832e-11
-5.8541665e-11
-6.2812498e-11
-6.3854165e-11
-6.1145831e-11
-5.9687498e-11
-6.2499998e-11
-6.5833332e-11
-5.9999998e-11
-5.9999998e-11
-6.5833332e-11
-5.7395835e-11
-6.2499998e-11
-6.6354165e-11
-6.5729165e-11
-6.1562498e-11
-6.3229165e-11
-6.8645832e-11
-6.0416665e-11
-6.4583332e-11
-5.9062498e-11
-6.2812498e-11
-5.8333331e-11
-6.2708332e-11
-6.2604165e-11
-6.1874998e-11
-6.6145832e-11
-6.1041665e-11
-6.1249998e-11
-5.9166665e-11
-6.6874999e-11
-6.0208331e-11
-6.1770832e-11
-6.5833332e-11
-6.1979165e-11
-6.6458332e-11
-6.1666665e-11
-5.9479165e-11
-5.6458335e-11
-6.5520832e-11
-5.8749998e-11
-6.1770832e-11
-5.9999998e-11
-6.0937498e-11
-6.1145831e-11
-6.5208332e-11
-6.2395832e-11
-6.1874998e-11
-6.0833331e-11
-6.3541665e-11
-6.2187498e-11
-6.1874998e-11
-6.5312498e-11
-5.5000001e-11
-6.0624998e-11
-6.3958332e-11
-5.9583331e-11
-6.3645832e-11
-6.1979165e-11
-5.9166665e-11
-6.1249998e-11
-6.4270832e-11
-6.2083332e-11
-5.7916668e-11
-6.3645832e-11
-6.1145831e-11
-6.1249998e-11
-6.5416665e-11
-5.9999998e-11
-6.1249998e-11
-6.0416665e-11
-5.7812501e-11
-6.3020832e-11
-5.8854165e-11
-6.5416665e-11
-6.4791665e-11
-6.4270832e-11
-6.0416665e-11
-6.5104165e-11
-6.1874998e-11
-6.4999998e-11
-6.8958332e-11
-6.0833331e-11
-6.2604165e-11
-6.1979165e-11
-5.7291668e-11
-6.1145831e-11
-6.4895832e-11
-6.0624998e-11
-5.8749998e-11
-6.7083332e-11
-6.7812499e-11
-6.3854165e-11
-6.4583332e-11
-6.3020832e-11
-6.1979165e-11
-6.0520831e-11
-6.3437498e-11
-6.0937498e-11
-6.8749999e-11
-6.2812498e-11
-6.7187499e-11
-6.4999998e-11
-6.7499999e-11
-6.2916665e-11
-6.2291665e-11
-6.0624998e-11
-5.9791665e-11
-6.3437498e-11
-6.2083332e-11
-5.8229165e-11
-5.6770835e-11
-5.9687498e-11
-6.6249999e-11
-6.4999998e-11
-6.5520832e-11
-6.0937498e-11
-6.4062498e-11
-6.3229165e-11
-6.0833331e-11
-6.8229165e-11
-6.3541665e-11
-6.4479165e-11
-5.7291668e-11
-6.1562498e-11
-6.2291665e-11
-6.2083332e-11
-6.2916665e-11
-6.4062498e-11
-5.9895831e-11
-6.0416665e-11
-6.6770832e-11
-6.0729165e-11
-6.3541665e-11
-5.6458335e-11
-6.1249998e-11
-6.7604165e-11
-6.0208331e-11
-6.1145831e-11
-5.8854165e-11
-6.1562498e-11
-6.1770832e-11
-6.2604165e-11
-6.1145831e-11
-5.9687498e-11
-6.3229165e-11
-5.6666668e-11
-6.2604165e-11
-5.9895831e-11
-6.6041665e-11
-5.5000001e-11
-6.4374998e-11
-6.3020832e-11
-6.1979165e-11
-6.7708332e-11
-5.9791665e-11
-6.6354165e-11
-5.8125001e-11
-6.0833331e-11
-6.1249998e-11
-6.2395832e-11
-6.1145831e-11
-5.8645831e-11
-6.1874998e-11
-6.0624998e-11
-6.0520831e-11
-6.6145832e-11
-6.4583332e-11
-6.4583332e-11
-5.9999998e-11
-6.3124998e-11
-6.5520832e-11
-5.9270831e-11
-6.0729165e-11
-6.3958332e-11
-6.0416665e-11
-6.4374998e-11
-5.9999998e-11
-5.9791665e-11
-6.3020832e-11
-6.1458331e-11
-5.7395835e-11
-5.8854165e-11
-6.4062498e-11
-6.4374998e-11
-5.8854165e-11
-5.9791665e-11
-6.2187498e-11
-6.5520832e-11
-6.4270832e-11
-6.0624998e-11
-6.2604165e-11
-6.6562499e-11
-6.6562499e-11
-6.1666665e-11
-5.6770835e-11
-6.0729165e-11
-6.2708332e-11
-6.4999998e-11
-5.3750001e-11
-6.4687498e-11
-6.2812498e-11
-6.3124998e-11
-6.2499998e-11
-6.5624998e-11
-5.9062498e-11
-6.6874999e-11
-6.9166665e-11
-6.2916665e-11
-6.0208331e-11
-6.1041665e-11
-6.1770832e-11
-6.5416665e-11
-6.3645832e-11
-6.4999998e-11
-6.4374998e-11
-5.6354168e-11
-5.8854165e-11
-6.7291665e-11
-6.3229165e-11
-6.2083332e-11
-6.1666665e-11
-6.4479165e-11
-5.5104168e-11
-5.9791665e-11
-6.3333332e-11
-6.3437498e-11
-5.9166665e-11
-6.1666665e-11
-5.9791665e-11
-6.1874998e-11
-6.8854165e-11
-6.5208332e-11
-6.2916665e-11
-6.2604165e-11
