-1.3037499e-10
-1.2929999e-10
-1.2974999e-10
-1.3044998e-10
-1.3027497e-10
-1.313e-10
-1.27925e-10
-1.2894999e-10
-1.27725e-10
-1.2979999e-10
-1.3004998e-10
-1.2637499e-10
-1.2847499e-10
-1.2864999e-10
-1.3057498e-10
-1.2827499e-10
-1.3127499e-10
-1.29475e-10
-1.3132501e-10
-1.2814999e-10
-1.2664998e-10
-1.2925e-10
-1.2807498e-10
-1.31625e-10
-1.2685e-10
-1.305e-10
-1.2965e-10
-1.28575e-10
-1.2624998e-10
-1.3004998e-10
-1.2874998e-10
-1.309e-10
-1.2837498e-10
-1.3002499e-10
-1.2874998e-10
-1.288e-10
-1.2972499e-10
-1.2745e-10
-1.29325e-10
-1.28225e-10
-1.2822499e-10
-1.30575e-10
-1.298e-10
-1.3092499e-10
-1.29325e-10
-1.2747499e-10
-1.3005e-10
-1.3177498e-10
-1.2797501e-10
-1.279e-10
-1.308e-10
-1.3014999e-10
-1.2847499e-10
-1.2964999e-10
-1.2964999e-10
-1.2907501e-10
-1.2942497e-10
-1.2972498e-10
-1.2917499e-10
-1.3044998e-10
-1.2987499e-10
-1.28575e-10
-1.3132499e-10
-1.2762498e-10
-1.2997498e-10
-1.292e-10
-1.2944998e-10
-1.2854999e-10
-1.2990001e-10
-1.2972498e-10
-1.2899999e-10
-1.2875e-10
-1.2934998e-10
-1.2967499e-10
-1.2747499e-10
-1.29125e-10
-1.2944996e-10
-1.3074999e-10
-1.2935e-10
-1.2885e-10
-1.3004998e-10
-1.3025001e-10
-1.30325e-10
-1.2872499e-10
-1.2892501e-10
-1.2817498e-10
-1.2754998e-10
-1.3027499e-10
-1.3087499e-10
-1.3019999e-10
-1.2907499e-10
-1.2874997e-10
-1.3202499e-10
-1.259e-10
-1.31825e-10
-1.27525e-10
-1.3107498e-10
-1.3182498e-10
-1.27675e-10
-1.3067498e-10
-1.2805e-10
-1.3194998e-10
-1.2859999e-10
-1.3092499e-10
-1.3062498e-10
-1.3052498e-10
-1.2939999e-10
-1.2729999e-10
-1.2602498e-10
-1.2884999e-10
-1.3139999e-10
-1.3007498e-10
-1.2969999e-10
-1.2887499e-10
-1.2942498e-10
-1.2814999e-10
-1.2684999e-10
-1.30275e-10
-1.2954998e-10
-1.2955e-10
-1.2924999e-10
-1.2882498e-10
-1.3184998e-10
-1.2787499e-10
-1.2909998e-10
-1.292e-10
-1.2864999e-10
-1.288e-10
-1.3027499e-10
-1.2780001e-10
-1.283e-10
-1.3012498e-10
-1.2774999e-10
-1.2887497e-10
-1.3169998e-10
-1.2845e-10
-1.2829997e-10
-1.2839999e-10
-1.2742499e-10
-1.287e-10
-1.2962501e-10
-1.2967498e-10
-1.2922498e-10
-1.2932501e-10
-1.2894999e-10
-1.2977498e-10
-1.2837499e-10
-1.2734999e-10
-1.3077499e-10
-1.2787499e-10
-1.3027499e-10
-1.3252499e-10
-1.3032499e-10
-1.3192498e-10
-1.2919998e-10
-1.2772498e-10
-1.2922499e-10
-1.287e-10
-1.3144998e-10
-1.2984999e-10
-1.2914998e-10
-1.2649998e-10
-1.2812498e-10
-1.2949999e-10
-1.317e-10
-1.2745e-10
-1.2827499e-10
-1.288e-10
-1.2965001e-10
-1.2822499e-10
-1.2802498e-10
-1.2667499e-10
-1.2762498e-10
-1.2729999e-10
-1.2924999e-10
-1.2802501e-10
-1.267e-10
-1.287e-10
-1.2872499e-10
-1.28275e-10
-1.3005001e-10
-1.28275e-10
-1.2967499e-10
-1.28125e-10
-1.2887497e-10
-1.2884999e-10
-1.2957498e-10
-1.2692498e-10
-1.2862497e-10
-1.2822499e-10
-1.3144999e-10
-1.2724997e-10
-1.30175e-10
-1.3034998e-10
-1.2792499e-10
-1.2872499e-10
-1.275e-10
-1.2814999e-10
-1.2894999e-10
-1.30225e-10
-1.31025e-10
-1.2912499e-10
-1.3022498e-10
-1.2927498e-10
-1.2850002e-10
-1.3012501e-10
-1.2935e-10
-1.3089999e-10
-1.2954998e-10
-1.2895e-10
-1.2925e-10
-1.29775e-10
-1.3014999e-10
-1.3029998e-10
-1.3052498e-10
-1.2734999e-10
-1.2927499e-10
-1.2892498e-10
-1.3052498e-10
-1.2842501e-10
-1.28075e-10
-1.2812498e-10
-1.287e-10
-1.3084998e-10
-1.2812498e-10
-1.2987499e-10
-1.3009999e-10
-1.2854999e-10
-1.2847498e-10
-1.2929999e-10
-1.3085e-10
-1.2962499e-10
-1.3099999e-10
-1.3019999e-10
-1.30375e-10
-1.2852501e-10
-1.30625e-10
-1.2845e-10
-1.3174999e-10
-1.2902499e-10
-1.2974997e-10
-1.3147498e-10
-1.3102498e-10
-1.3154999e-10
-1.312e-10
-1.30625e-10
-1.3087499e-10
-1.29525e-10
-1.2662499e-10
-1.2969997e-10
-1.2847499e-10
-1.2914998e-10
-1.3039998e-10
-1.2972501e-10
-1.2862499e-10
-1.279e-10
-1.2994998e-10
-1.2832498e-10
-1.3107497e-10
-1.2769999e-10
-1.3177499e-10
-1.305e-10
-1.3009999e-10
-1.3002499e-10
-1.3067498e-10
-1.3009999e-10
-1.2777499e-10
-1.2902499e-10
-1.3047501e-10
-1.3149999e-10
-1.28075e-10
-1.3092501e-10
-1.3002499e-10
-1.2882499e-10
-1.3107498e-10
-1.3117499e-10
-1.2882499e-10
-1.2927497e-10
-1.3089999e-10
-1.2939999e-10
-1.3079998e-10
-1.317e-10
-1.29325e-10
-1.2972498e-10
-1.3067497e-10
-1.2872499e-10
-1.2937497e-10
-1.3175e-10
-1.3234999e-10
-1.29775e-10
-1.2957498e-10
-1.3064998e-10
-1.2864999e-10
-1.3047498e-10
-1.3079998e-10
-1.3052499e-10
-1.2927498e-10
-1.2692497e-10
-1.2967499e-10
-1.2824999e-10
-1.2919998e-10
-1.3074999e-10
-1.2949999e-10
-1.2849999e-10
-1.2927499e-10
-1.30425e-10
-1.2957498e-10
-1.3002499e-10
-1.2982498e-10
-1.2764999e-10
-1.28975e-10
-1.2812498e-10
-1.3074999e-10
-1.2912499e-10
-1.2812498e-10
-1.3012498e-10
-1.2864998e-10
-1.3229996e-10
-1.2679996e-10
-1.30575e-10
-1.29875e-10
-1.3064998e-10
-1.28925e-10
-1.2944998e-10
-1.3022498e-10
-1.2984999e-10
-1.2927498e-10
-1.3107498e-10
-1.2894999e-10
-1.2972498e-10
-1.3114998e-10
-1.3074998e-10
-1.28625e-10
-1.3314998e-10
-1.3089997e-10
-1.2849999e-10
-1.2909999e-10
-1.2982498e-10
-1.2937498e-10
-1.2904999e-10
-1.2832499e-10
-1.2894999e-10
-1.2734999e-10
-1.2965e-10
-1.301e-10
-1.3032497e-10
-1.3059998e-10
-1.29975e-10
-1.3094997e-10
-1.2922499e-10
-1.3012499e-10
-1.3004998e-10
-1.3240001e-10
-1.2832499e-10
-1.28975e-10
-1.3145e-10
-1.31125e-10
-1.3007498e-10
-1.2989998e-10
-1.3222497e-10
-1.3219997e-10
-1.2882499e-10
-1.29125e-10
-1.2649999e-10
-1.2922499e-10
-1.27325e-10
-1.2844999e-10
-1.3169998e-10
-1.2990001e-10
-1.2957499e-10
-1.2719997e-10
-1.2904999e-10
-1.3074999e-10
-1.27725e-10
-1.2787499e-10
-1.2979999e-10
-1.2909999e-10
-1.2982498e-10
-1.2922499e-10
-1.3107498e-10
-1.2699998e-10
-1.3099999e-10
-1.2952499e-10
-1.31125e-10
-1.3029999e-10
-1.3127498e-10
-1.2952499e-10
-1.3034999e-10
-1.2972501e-10
-1.308e-10
-1.3012499e-10
-1.2859998e-10
-1.32275e-10
-1.2915e-10
-1.3209998e-10
-1.2759999e-10
-1.3297499e-10
-1.323e-10
-1.2762501e-10
-1.2917499e-10
-1.3052498e-10
-1.2944999e-10
-1.2909998e-10
-1.2924999e-10
-1.28575e-10
-1.304e-10
-1.2889999e-10
-1.3229999e-10
-1.3177498e-10
-1.2912499e-10
-1.3164998e-10
-1.3132499e-10
-1.3344997e-10
-1.3132499e-10
-1.3150001e-10
-1.2987499e-10
-1.3104998e-10
-1.32725e-10
-1.2952499e-10
-1.2894998e-10
-1.2887499e-10
-1.3007501e-10
-1.3064998e-10
-1.3227498e-10
-1.289e-10
-1.3042499e-10
-1.3002498e-10
-1.32325e-10
-1.3029998e-10
-1.2992499e-10
-1.2917498e-10
-1.3047499e-10
-1.3032499e-10
-1.2894999e-10
-1.3137499e-10
-1.2899998e-10
-1.3094999e-10
-1.31125e-10
-1.2834998e-10
-1.28975e-10
-1.294e-10
-1.3212499e-10
-1.2929999e-10
-1.2799999e-10
-1.2922499e-10
-1.3045e-10
-1.308e-10
-1.2737497e-10
-1.2974997e-10
-1.3102501e-10
-1.29375e-10
-1.3019999e-10
-1.2689999e-10
-1.2817498e-10
-1.29525e-10
-1.2767501e-10
-1.3132499e-10
-1.3039998e-10
-1.30175e-10
-1.2882499e-10
-1.2912499e-10
-1.3014999e-10
-1.29375e-10
-1.3047498e-10
-1.3002498e-10
-1.2979998e-10
-1.2867499e-10
-1.289e-10
-1.3030001e-10
-1.3049999e-10
-1.2819998e-10
-1.2819998e-10
-1.3045e-10
-1.3257501e-10
-1.2984999e-10
-1.3042499e-10
-1.2887499e-10
-1.2804997e-10
-1.29925e-10
-1.2907499e-10
-1.3019999e-10
-1.3115001e-10
-1.2854999e-10
-1.2967498e-10
-1.3005e-10
-1.2947499e-10
-1.27725e-10
-1.2867499e-10
-1.3254998e-10
-1.2972499e-10
-1.3150001e-10
-1.3015e-10
-1.3129998e-10
-1.3015e-10
-1.2904998e-10
-1.2987499e-10
-1.2815e-10
-1.287e-10
-1.284e-10
-1.3029998e-10
-1.3012498e-10
-1.3002498e-10
-1.2949998e-10
-1.2979999e-10
-1.2950001e-10
-1.31525e-10
-1.2982498e-10
-1.3204998e-10
-1.2874998e-10
-1.3059999e-10
-1.3282497e-10
-1.2849999e-10
-1.3199999e-10
-1.26675e-10
-1.3074998e-10
-1.2967498e-10
-1.3112499e-10
-1.29775e-10
-1.2984999e-10
-1.31675e-10
-1.3257498e-10
-1.3297499e-10
-1.36575e-10
-1.3662499e-10
-1.3814999e-10
-1.4015e-10
-1.4149999e-10
-1.4502501e-10
-1.4715e-10
-1.5394999e-10
-1.5594998e-10
-1.54325e-10
-1.5527499e-10
-1.596e-10
-1.6142498e-10
-1.6094999e-10
-1.617e-10
-1.59325e-10
-1.616e-10
-1.6235001e-10
-1.6045001e-10
-1.5942499e-10
-1.58225e-10
-1.5769999e-10
-1.56775e-10
-1.58125e-10
-1.554e-10
-1.5554999e-10
-1.5335001e-10
-1.5334999e-10
-1.534e-10
-1.513e-10
-1.5234999e-10
-1.4995e-10
-1.49775e-10
-1.5014999e-10
-1.509e-10
-1.4857499e-10
-1.4854999e-10
-1.4974999e-10
-1.4782497e-10
-1.4692497e-10
-1.4752498e-10
-1.4954998e-10
-1.4479999e-10
-1.4794999e-10
-1.45725e-10
-1.4802498e-10
-1.458e-10
-1.4657499e-10
-1.4654999e-10
-1.4377501e-10
-1.4624998e-10
-1.4745001e-10
-1.4677498e-10
-1.4662499e-10
-1.45175e-10
-1.438e-10
-1.4679999e-10
-1.4717498e-10
-1.43275e-10
-1.4444999e-10
-1.42825e-10
-1.44575e-10
-1.4444999e-10
-1.4364999e-10
-1.4427498e-10
-1.4557498e-10
-1.4519999e-10
-1.4454998e-10
-1.4204998e-10
-1.4314999e-10
-1.425e-10
-1.4045001e-10
-1.41e-10
-1.4149998e-10
-1.4205e-10
-1.417e-10
-1.44375e-10
-1.4162498e-10
-1.4159998e-10
-1.4202499e-10
-1.4089997e-10
-1.4179999e-10
-1.4117499e-10
-1.4142498e-10
-1.409e-10
-1.4072499e-10
-1.4234999e-10
-1.4255e-10
-1.4049999e-10
-1.4114999e-10
-1.4060002e-10
-1.4212501e-10
-1.4292498e-10
-1.4230001e-10
-1.4197499e-10
-1.4314999e-10
-1.4079998e-10
-1.396e-10
-1.4167498e-10
-1.3895002e-10
-1.412e-10
-1.433e-10
-1.3924999e-10
-1.4007498e-10
-1.40625e-10
-1.4147498e-10
-1.4125001e-10
-1.3927499e-10
-1.3899999e-10
-1.3699999e-10
-1.3739999e-10
-1.3782499e-10
-1.3802498e-10
-1.36875e-10
-1.37375e-10
-1.3679997e-10
-1.3937497e-10
-1.3737499e-10
-1.3785e-10
-1.3667498e-10
-1.3837498e-10
-1.3814999e-10
-1.3562498e-10
-1.3709997e-10
-1.3769999e-10
-1.3805e-10
-1.3687497e-10
-1.3809999e-10
-1.3454998e-10
-1.3777496e-10
-1.3635e-10
-1.3509999e-10
-1.3857498e-10
-1.3832499e-10
-1.3492499e-10
-1.3414998e-10
-1.3852498e-10
-1.3587499e-10
-1.3564999e-10
-1.3739999e-10
-1.3539997e-10
-1.3642498e-10
-1.3564998e-10
-1.3597498e-10
-1.3772498e-10
-1.3564998e-10
-1.3682498e-10
-1.3752498e-10
-1.3412499e-10
-1.3594997e-10
-1.3499998e-10
-1.3607497e-10
-1.37825e-10
-1.3622498e-10
-1.3399999e-10
-1.366e-10
-1.3702499e-10
-1.3537498e-10
-1.3617499e-10
-1.3604999e-10
-1.3469999e-10
-1.3782497e-10
-1.3482498e-10
-1.3677498e-10
-1.3387498e-10
-1.35675e-10
-1.3467498e-10
-1.3442497e-10
-1.3657499e-10
-1.3479999e-10
-1.3624998e-10
-1.3584998e-10
-1.3559999e-10
-1.3539998e-10
-1.3684998e-10
-1.3694999e-10
-1.3462501e-10
-1.3832498e-10
-1.3384999e-10
-1.3589999e-10
-1.3267501e-10
-1.3569999e-10
-1.354e-10
-1.368e-10
-1.3754999e-10
-1.3469999e-10
-1.3787499e-10
-1.3574999e-10
-1.3702497e-10
-1.3365001e-10
-1.3592499e-10
-1.3484999e-10
-1.3622498e-10
-1.34925e-10
-1.3757499e-10
-1.3457498e-10
-1.33525e-10
-1.3447499e-10
-1.3562498e-10
-1.3689999e-10
-1.3415e-10
-1.355e-10
-1.37275e-10
-1.3714999e-10
-1.3622499e-10
-1.3399998e-10
-1.3602498e-10
-1.3507498e-10
-1.3425e-10
-1.34375e-10
-1.337e-10
-1.3637498e-10
-1.33975e-10
-1.3592499e-10
-1.3354999e-10
-1.3662499e-10
-1.3212501e-10
-1.3392498e-10
-1.3294998e-10
-1.3592499e-10
-1.3412498e-10
-1.3332499e-10
-1.3739997e-10
-1.3249998e-10
-1.35725e-10
-1.3219997e-10
-1.3272498e-10
-1.3277499e-10
-1.3469997e-10
-1.3382496e-10
-1.3264999e-10
-1.3344997e-10
-1.3509997e-10
-1.3449998e-10
-1.3055e-10
-1.3604998e-10
-1.3467498e-10
-1.3319998e-10
-1.3427498e-10
-1.3304999e-10
-1.3617499e-10
-1.3624998e-10
-1.3164998e-10
-1.3349999e-10
-1.3529999e-10
-1.3359998e-10
-1.3449999e-10
-1.3314998e-10
-1.32875e-10
-1.3359999e-10
-1.3592499e-10
-1.363e-10
-1.3717499e-10
-1.348e-10
-1.3237497e-10
-1.3532499e-10
-1.3624998e-10
-1.3242499e-10
-1.3462499e-10
-1.3494998e-10
-1.3472497e-10
-1.3502499e-10
-1.3534998e-10
-1.3379998e-10
-1.3152497e-10
-1.3440001e-10
-1.3547501e-10
-1.3479999e-10
-1.32825e-10
-1.33775e-10
-1.3707499e-10
-1.3469999e-10
-1.3389999e-10
-1.3537499e-10
-1.31475e-10
-1.3377499e-10
-1.3424999e-10
-1.3445001e-10
-1.3419998e-10
-1.3364998e-10
-1.3245e-10
-1.3474999e-10
-1.3329998e-10
-1.3399998e-10
-1.3272498e-10
-1.3224997e-10
-1.3337501e-10
-1.3277501e-10
-1.34025e-10
-1.3315e-10
-1.3304997e-10
-1.3515e-10
-1.3139999e-10
-1.34375e-10
-1.3382499e-10
-1.3542499e-10
-1.3044998e-10
-1.3442499e-10
-1.35175e-10
-1.3305e-10
-1.3279998e-10
-1.3082499e-10
-1.3382499e-10
-1.31475e-10
-1.3595e-10
-1.3372502e-10
-1.3432501e-10
-1.3357498e-10
-1.33e-10
-1.3437498e-10
-1.33975e-10
-1.3509999e-10
-1.32675e-10
-1.3309999e-10
-1.3177498e-10
-1.3355e-10
-1.3464999e-10
-1.3169998e-10
-1.3292499e-10
-1.3382499e-10
-1.3074999e-10
-1.32025e-10
-1.3205e-10
-1.3357498e-10
-1.32775e-10
-1.3377499e-10
-1.3169998e-10
-1.3295e-10
-1.33075e-10
-1.3269999e-10
-1.3287499e-10
-1.3234999e-10
-1.33975e-10
-1.3397498e-10
-1.329e-10
-1.3332499e-10
-1.3395e-10
-1.3162499e-10
-1.3334998e-10
-1.31975e-10
-1.3405001e-10
-1.3274999e-10
-1.3324998e-10
-1.329e-10
-1.3249998e-10
-1.3424999e-10
-1.3002499e-10
-1.3280001e-10
-1.3182498e-10
-1.3017501e-10
-1.3134999e-10
-1.3432498e-10
-1.3259999e-10
-1.3129997e-10
-1.3019999e-10
-1.3412499e-10
-1.3109999e-10
-1.3302498e-10
-1.3354999e-10
-1.3532499e-10
-1.35325e-10
-1.3487501e-10
-1.3414998e-10
-1.3335e-10
-1.3217499e-10
-1.3237499e-10
-1.3429999e-10
-1.3232498e-10
-1.3232498e-10
-1.3329998e-10
-1.3650001e-10
-1.34475e-10
-1.3304997e-10
-1.3262498e-10
-1.3304999e-10
-1.3182498e-10
-1.3320001e-10
-1.32475e-10
-1.3355e-10
-1.3344997e-10
-1.3414998e-10
-1.32525e-10
-1.3382498e-10
-1.3472501e-10
-1.3257501e-10
-1.3132499e-10
-1.30725e-10
-1.3579998e-10
-1.354e-10
-1.3139999e-10
-1.32925e-10
-1.3282499e-10
-1.32075e-10
-1.3609998e-10
-1.312e-10
-1.3152499e-10
-1.3245e-10
-1.3319998e-10
-1.3194998e-10
-1.2984999e-10
-1.3214999e-10
-1.3364999e-10
-1.3267498e-10
-1.3085e-10
-1.3477502e-10
-1.3184999e-10
-1.3217499e-10
-1.3209998e-10
-1.3212498e-10
-1.3189999e-10
-1.32325e-10
-1.3434998e-10
-1.3144999e-10
-1.32275e-10
-1.3407499e-10
-1.3232498e-10
-1.3217498e-10
-1.3009999e-10
-1.32775e-10
-1.317e-10
-1.3017497e-10
-1.304e-10
-1.2999998e-10
-1.3247498e-10
-1.30325e-10
-1.3302498e-10
-1.3084998e-10
-1.3294998e-10
-1.333e-10
-1.3284999e-10
-1.3142498e-10
-1.3265e-10
-1.2942498e-10
-1.3185e-10
-1.30625e-10
-1.33125e-10
-1.3107497e-10
-1.3182498e-10
-1.3134999e-10
-1.3272498e-10
-1.3354998e-10
-1.3117499e-10
-1.3295e-10
-1.34775e-10
-1.323e-10
-1.3347499e-10
-1.2997498e-10
-1.34425e-10
-1.3114998e-10
-1.3247499e-10
-1.34025e-10
-1.3174999e-10
-1.3349999e-10
-1.329e-10
-1.3409998e-10
-1.3122499e-10
-1.33075e-10
-1.309e-10
-1.3269999e-10
-1.343e-10
-1.3372499e-10
-1.3267497e-10
-1.3355e-10
-1.3509999e-10
-1.3382499e-10
-1.3255e-10
-1.2987499e-10
-1.3272498e-10
-1.3027499e-10
-1.3429997e-10
-1.3227501e-10
-1.3094997e-10
-1.3439998e-10
-1.298e-10
-1.3294998e-10
-1.3395e-10
-1.3167499e-10
-1.3139999e-10
-1.3404999e-10
-1.3182498e-10
-1.3574999e-10
-1.3335e-10
-1.325e-10
-1.3114999e-10
-1.33125e-10
-1.31575e-10
-1.31925e-10
-1.3245e-10
-1.33125e-10
-1.3057497e-10
-1.32375e-10
-1.3457498e-10
-1.33125e-10
-1.3397498e-10
-1.3399999e-10
-1.3152499e-10
-1.321e-10
-1.3062498e-10
-1.3349999e-10
-1.2982498e-10
-1.3104999e-10
-1.326e-10
-1.3169997e-10
-1.35325e-10
-1.3274999e-10
-1.3069999e-10
-1.3274999e-10
-1.2907499e-10
-1.3077499e-10
-1.3132499e-10
-1.3019999e-10
-1.3162499e-10
-1.3274998e-10
-1.3177502e-10
-1.3174999e-10
-1.323e-10
-1.3187498e-10
-1.3134999e-10
-1.3104998e-10
-1.3232498e-10
-1.3099999e-10
-1.3267501e-10
-1.3142501e-10
-1.32525e-10
-1.3042496e-10
-1.29975e-10
-1.2924999e-10
-1.3242499e-10
-1.3115001e-10
-1.3352501e-10
-1.3184999e-10
-1.2912499e-10
-1.3132501e-10
-1.3467499e-10
-1.3027499e-10
-1.29775e-10
-1.32475e-10
-1.314e-10
-1.3012498e-10
-1.2965e-10
-1.3082499e-10
-1.3219999e-10
-1.3269998e-10
-1.2742497e-10
-1.3265e-10
-1.2972498e-10
-1.31475e-10
-1.3042499e-10
-1.3104999e-10
-1.3097498e-10
-1.3034999e-10
-1.3082498e-10
-1.3182498e-10
-1.3067498e-10
-1.3240001e-10
-1.3102498e-10
-1.3107498e-10
-1.3222501e-10
-1.3277499e-10
-1.3229999e-10
-1.3309998e-10
-1.3287499e-10
-1.30225e-10
-1.32425e-10
-1.3189999e-10
-1.31425e-10
-1.3287499e-10
-1.2922499e-10
-1.3199999e-10
-1.3279998e-10
-1.3279998e-10
-1.30775e-10
-1.3177498e-10
-1.3124998e-10
-1.3047498e-10
-1.3117499e-10
-1.31925e-10
-1.34175e-10
-1.3142498e-10
-1.318e-10
-1.3142497e-10
-1.3229999e-10
-1.318e-10
-1.3562498e-10
-1.32875e-10
-1.3102498e-10
-1.2979999e-10
-1.3274998e-10
-1.3197499e-10
-1.3172499e-10
-1.3264997e-10
-1.30725e-10
-1.326e-10
-1.2997499e-10
-1.3145e-10
-1.3632501e-10
-1.3309999e-10
-1.3067497e-10
-1.3334998e-10
-1.3102498e-10
-1.32725e-10
-1.321e-10
-1.3552498e-10
-1.32675e-10
-1.31e-10
-1.3172498e-10
-1.3142498e-10
-1.3247499e-10
-1.3094997e-10
-1.3162499e-10
-1.3212499e-10
-1.3284999e-10
-1.3192498e-10
-1.3419997e-10
-1.313e-10
-1.3262498e-10
-1.3084998e-10
-1.3189999e-10
-1.3059999e-10
-1.2857497e-10
-1.3114999e-10
-1.3172499e-10
-1.3012498e-10
-1.30225e-10
-1.2999998e-10
-1.2977498e-10
-1.3132499e-10
-1.3144999e-10
-1.3185e-10
-1.2882499e-10
-1.3192498e-10
-1.3012498e-10
-1.3114999e-10
-1.3222498e-10
-1.3219999e-10
-1.3154999e-10
-1.3004998e-10
-1.3192498e-10
-1.3147497e-10
-1.3354999e-10
-1.3217498e-10
-1.317e-10
-1.3084998e-10
-1.3147498e-10
-1.3092499e-10
-1.3197499e-10
-1.3082498e-10
-1.3077499e-10
-1.3199999e-10
-1.3097501e-10
-1.3144999e-10
-1.305e-10
-1.3157499e-10
-1.3252499e-10
-1.3125001e-10
-1.3162499e-10
-1.3092499e-10
-1.3007501e-10
-1.31825e-10
-1.3114999e-10
-1.3054999e-10
-1.3229998e-10
-1.2882499e-10
-1.3159998e-10
-1.3224999e-10
-1.3137499e-10
-1.31875e-10
-1.30175e-10
-1.3154999e-10
-1.32825e-10
-1.2984999e-10
-1.29925e-10
-1.30675e-10
-1.31275e-10
-1.30725e-10
-1.29775e-10
-1.2989999e-10
-1.2984999e-10
-1.3272498e-10
-1.3045001e-10
-1.3185e-10
-1.3367499e-10
-1.2914998e-10
-1.3012501e-10
-1.3132501e-10
-1.3367499e-10
-1.3087498e-10
-1.3092497e-10
-1.3194999e-10
-1.3265e-10
-1.3077499e-10
-1.3192497e-10
-1.3107498e-10
-1.31425e-10
-1.3042499e-10
-1.3127498e-10
-1.309e-10
-1.3307498e-10
-1.317e-10
-1.3139997e-10
-1.3344997e-10
-1.3062498e-10
-1.3554999e-10
-1.3274998e-10
-1.3312498e-10
-1.2892498e-10
-1.3262498e-10
-1.3114997e-10
-1.3232498e-10
-1.3029999e-10
-1.3367499e-10
-1.2979999e-10
-1.3269996e-10
-1.3277499e-10
-1.3019998e-10
-1.3044998e-10
-1.3044998e-10
-1.3314999e-10
-1.31225e-10
-1.319e-10
-1.2839999e-10
-1.3040001e-10
-1.2814998e-10
-1.3184999e-10
-1.3114999e-10
-1.3132496e-10
-1.3352498e-10
-1.3069999e-10
-1.3039998e-10
-1.3084998e-10
-1.30175e-10
-1.3070001e-10
-1.3117499e-10
-1.29375e-10
-1.3339999e-10
-1.31275e-10
-1.2842499e-10
-1.3182498e-10
-1.2909998e-10
-1.305e-10
-1.3179999e-10
-1.3159999e-10
-1.3009999e-10
-1.3362497e-10
-1.2989999e-10
-1.29975e-10
-1.31425e-10
-1.2902501e-10
-1.3022498e-10
-1.305e-10
-1.3212498e-10
-1.3114999e-10
-1.313e-10
-1.2937497e-10
-1.3034999e-10
-1.3034999e-10
-1.3257501e-10
-1.3125e-10
-1.3274999e-10
-1.3207498e-10
-1.3124998e-10
-1.3192497e-10
-1.3044998e-10
-1.3047499e-10
-1.3167498e-10
-1.3182501e-10
-1.2864999e-10
-1.325e-10
-1.3212502e-10
-1.3084998e-10
-1.3015e-10
-1.3295001e-10
-1.2907499e-10
-1.3064998e-10
-1.3047501e-10
-1.3274999e-10
-1.2975e-10
-1.2974999e-10
-1.3384999e-10
-1.3022498e-10
-1.30325e-10
-1.3262498e-10
-1.2939999e-10
-1.3112497e-10
-1.2862497e-10
-1.3014997e-10
-1.3067498e-10
-1.3187497e-10
-1.288e-10
-1.2977498e-10
-1.3209998e-10
-1.2949999e-10
-1.3304999e-10
-1.3062497e-10
-1.3049999e-10
-1.3092499e-10
-1.3019999e-10
-1.30575e-10
-1.31525e-10
-1.30775e-10
-1.3137499e-10
-1.2742497e-10
-1.3084998e-10
-1.3207499e-10
-1.309e-10
-1.3107498e-10
-1.2949998e-10
-1.3294998e-10
-1.305e-10
-1.3209997e-10
-1.2922499e-10
-1.3122499e-10
-1.2915e-10
-1.2987499e-10
-1.3187497e-10
-1.3092499e-10
-1.3277499e-10
-1.3132499e-10
-1.31175e-10
-1.3112499e-10
-1.3122499e-10
-1.29575e-10
-1.3009999e-10
-1.3109999e-10
-1.308e-10
-1.3007499e-10
-1.29975e-10
-1.2787499e-10
-1.2914998e-10
-1.3104999e-10
-1.3122499e-10
-1.2989998e-10
-1.3052498e-10
-1.3072497e-10
-1.3024998e-10
-1.3004998e-10
-1.3222498e-10
-1.3144999e-10
-1.2944999e-10
-1.27875e-10
-1.30575e-10
-1.2834997e-10
-1.3052499e-10
-1.2924999e-10
-1.3200001e-10
-1.3082499e-10
-1.2807498e-10
-1.308e-10
-1.3109999e-10
-1.3224999e-10
-1.2924999e-10
-1.3294998e-10
-1.2944999e-10
-1.3139999e-10
-1.32675e-10
-1.3094997e-10
-1.3064999e-10
-1.3189999e-10
-1.2887499e-10
-1.3014999e-10
-1.3037499e-10
-1.3072497e-10
-1.3232498e-10
-1.2850002e-10
-1.31225e-10
-1.3274999e-10
-1.3179999e-10
-1.3245e-10
-1.30425e-10
-1.3087498e-10
-1.2987499e-10
-1.3134999e-10
-1.3119998e-10
-1.3432498e-10
-1.3034997e-10
-1.29575e-10
-1.3112497e-10
-1.2989999e-10
-1.2989998e-10
-1.2835e-10
-1.284e-10
-1.3164998e-10
-1.3119998e-10
-1.3082499e-10
-1.31125e-10
-1.3322499e-10
-1.3027499e-10
-1.3044998e-10
-1.3052499e-10
-1.309e-10
-1.31125e-10
-1.3175e-10
-1.3295e-10
-1.3312498e-10
-1.3069998e-10
-1.289e-10
-1.3219997e-10
-1.3322499e-10
-1.2925e-10
-1.3237499e-10
-1.3364999e-10
-1.3297499e-10
-1.3264997e-10
-1.3119998e-10
-1.3199998e-10
-1.2999998e-10
-1.3342499e-10
-1.3107498e-10
-1.298e-10
-1.2989998e-10
-1.3257499e-10
-1.3239999e-10
-1.31425e-10
-1.3204998e-10
-1.3242499e-10
-1.306e-10
-1.3429999e-10
-1.3254998e-10
-1.312e-10
-1.3107501e-10
-1.2847499e-10
-1.3192497e-10
-1.2839999e-10
-1.3044998e-10
-1.3077499e-10
-1.3039997e-10
-1.3047498e-10
-1.3229999e-10
-1.3257498e-10
-1.3194999e-10
-1.3192497e-10
-1.3142498e-10
-1.3194998e-10
-1.3172499e-10
-1.3024999e-10
-1.2935e-10
-1.3087498e-10
-1.3410001e-10
-1.3194999e-10
-1.3067498e-10
-1.3167499e-10
-1.3114999e-10
-1.2995001e-10
-1.317e-10
-1.3047499e-10
-1.3027499e-10
-1.31425e-10
-1.3332499e-10
-1.2987499e-10
-1.3059999e-10
-1.31025e-10
-1.3164998e-10
-1.2832499e-10
-1.3292498e-10
-1.3299999e-10
-1.294e-10
-1.3252499e-10
-1.3007499e-10
-1.2977498e-10
-1.2824999e-10
-1.3119998e-10
-1.3212499e-10
-1.29925e-10
-1.3167498e-10
-1.3247498e-10
-1.283e-10
-1.3042499e-10
-1.3102501e-10
-1.31125e-10
-1.3102498e-10
-1.3234998e-10
-1.3122499e-10
-1.31425e-10
-1.3254998e-10
-1.3044998e-10
-1.3389999e-10
-1.32025e-10
-1.31925e-10
-1.3220001e-10
-1.3389997e-10
-1.3129997e-10
-1.3149998e-10
-1.2894998e-10
-1.3267497e-10
-1.32675e-10
-1.3012501e-10
-1.3125e-10
-1.318e-10
-1.29425e-10
-1.3154999e-10
-1.3114998e-10
-1.2939999e-10
-1.28075e-10
-1.3127499e-10
-1.31425e-10
-1.3225e-10
-1.3089997e-10
-1.2937498e-10
-1.2935e-10
-1.30725e-10
-1.3179999e-10
-1.3004998e-10
-1.3067498e-10
-1.3267498e-10
-1.305e-10
-1.2964999e-10
-1.3127499e-10
-1.31475e-10
-1.3174997e-10
-1.29975e-10
-1.2845e-10
-1.3099999e-10
-1.3237499e-10
-1.31025e-10
-1.29825e-10
-1.3012498e-10
-1.329e-10
-1.30775e-10
-1.2972499e-10
-1.3200001e-10
-1.2987499e-10
-1.2734998e-10
-1.314e-10
-1.3097501e-10
-1.3314999e-10
-1.3125e-10
-1.29475e-10
-1.3287499e-10
-1.28575e-10
-1.3212499e-10
-1.3097499e-10
-1.2957496e-10
-1.2557499e-10
-1.3002499e-10
-1.3212499e-10
-1.3114999e-10
-1.292e-10
-1.2934999e-10
-1.2954998e-10
-1.2955e-10
-1.2860001e-10
-1.3002499e-10
-1.2957498e-10
-1.3277499e-10
-1.3087499e-10
-1.3215e-10
-1.3157499e-10
-1.302e-10
-1.3237499e-10
-1.3172499e-10
-1.3154998e-10
-1.2942498e-10
-1.3145e-10
-1.3162497e-10
-1.2949999e-10
-1.3024999e-10
-1.3005e-10
-1.3245e-10
-1.29325e-10
-1.3087498e-10
-1.2832499e-10
-1.28975e-10
-1.2972499e-10
-1.3132499e-10
-1.3077499e-10
-1.3114999e-10
-1.3139996e-10
-1.2869998e-10
-1.30325e-10
-1.2974999e-10
-1.29475e-10
-1.3119998e-10
-1.3004998e-10
-1.2824999e-10
-1.313e-10
-1.3067498e-10
-1.3189999e-10
-1.3052498e-10
-1.3305e-10
-1.28e-10
-1.3082499e-10
-1.3244998e-10
-1.3222499e-10
-1.3034998e-10
-1.3154999e-10
-1.3255e-10
-1.3252499e-10
-1.3149999e-10
-1.3144998e-10
-1.29325e-10
-1.298e-10
-1.2939998e-10
-1.3127498e-10
-1.2869998e-10
-1.2974997e-10
-1.3132498e-10
-1.3002498e-10
-1.318e-10
-1.29025e-10
-1.306e-10
-1.3132499e-10
-1.3347499e-10
-1.2974999e-10
-1.3079998e-10
-1.3054997e-10
-1.3117499e-10
-1.309e-10
-1.29825e-10
-1.3059998e-10
-1.2907499e-10
-1.3004998e-10
-1.2934999e-10
-1.3002498e-10
-1.3029998e-10
-1.28275e-10
-1.2952499e-10
-1.2952499e-10
-1.2989999e-10
-1.3095e-10
-1.3074998e-10
-1.3064999e-10
-1.3177499e-10
-1.3042499e-10
-1.2929999e-10
-1.3105e-10
-1.3044998e-10
-1.3019999e-10
-1.28925e-10
-1.3082499e-10
-1.3152497e-10
-1.2969999e-10
-1.292e-10
-1.3089997e-10
-1.27675e-10
-1.3147498e-10
-1.29075e-10
-1.312e-10
-1.3002499e-10
-1.292e-10
-1.29375e-10
-1.2915e-10
-1.3144998e-10
-1.281e-10
-1.3122498e-10
-1.3052499e-10
-1.3182498e-10
-1.3037499e-10
-1.3019999e-10
-1.3164998e-10
-1.28925e-10
-1.2997498e-10
-1.283e-10
-1.3202497e-10
-1.2839999e-10
-1.3012501e-10
-1.3157497e-10
-1.2809999e-10
-1.31025e-10
-1.3162499e-10
-1.2934999e-10
-1.3369998e-10
-1.29525e-10
-1.3072497e-10
-1.3222498e-10
-1.3092499e-10
-1.3105e-10
-1.3144999e-10
-1.2979999e-10
-1.3217498e-10
-1.2899998e-10
-1.3302498e-10
-1.2995001e-10
-1.31175e-10
-1.30675e-10
-1.3162499e-10
-1.30225e-10
-1.3032497e-10
-1.2962498e-10
-1.3127499e-10
-1.3145e-10
-1.2924999e-10
-1.296e-10
-1.3114998e-10
-1.3189999e-10
-1.2989998e-10
-1.2964999e-10
-1.3064998e-10
-1.318e-10
-1.3149999e-10
-1.3160001e-10
-1.3035001e-10
-1.3284999e-10
-1.2894998e-10
-1.3262498e-10
-1.3125001e-10
-1.3277499e-10
-1.31625e-10
-1.2777499e-10
-1.3052499e-10
-1.3307498e-10
-1.309e-10
-1.3234999e-10
-1.308e-10
-1.2989998e-10
-1.3037499e-10
-1.31225e-10
-1.3029999e-10
-1.3142498e-10
-1.2942498e-10
-1.2945001e-10
-1.3120001e-10
-1.2814998e-10
-1.3055e-10
-1.3005001e-10
-1.2925e-10
-1.30175e-10
-1.2805e-10
-1.3034998e-10
-1.3297501e-10
-1.3052501e-10
-1.2677499e-10
-1.2954998e-10
-1.3027499e-10
-1.30175e-10
-1.2892498e-10
-1.3189999e-10
-1.3059999e-10
-1.2904998e-10
-1.2909998e-10
-1.3154999e-10
-1.2982498e-10
-1.2992497e-10
-1.32425e-10
-1.3015e-10
-1.3135e-10
-1.3255e-10
-1.3217501e-10
-1.29525e-10
-1.3062498e-10
-1.2909999e-10
-1.3324999e-10
-1.3002499e-10
-1.2849999e-10
-1.3162497e-10
-1.30625e-10
-1.2979996e-10
-1.2924999e-10
-1.3e-10
-1.3059999e-10
-1.2935e-10
-1.305e-10
-1.3037499e-10
-1.3015e-10
-1.3144999e-10
-1.3139999e-10
-1.33e-10
-1.308e-10
-1.2787499e-10
-1.3204997e-10
-1.2914998e-10
-1.3047499e-10
-1.304e-10
-1.2962501e-10
-1.2957499e-10
-1.3119998e-10
-1.3114999e-10
-1.304e-10
-1.3162499e-10
-1.3142498e-10
-1.3012499e-10
-1.3032497e-10
-1.30575e-10
-1.317e-10
-1.3154997e-10
-1.3279999e-10
-1.3e-10
-1.3207499e-10
-1.3102498e-10
-1.3112497e-10
-1.3342499e-10
-1.3234999e-10
-1.3067498e-10
-1.3164998e-10
-1.3044998e-10
-1.3024998e-10
-1.2967499e-10
-1.3177499e-10
-1.3145e-10
-1.312e-10
-1.3102501e-10
-1.2937498e-10
-1.3027499e-10
-1.3030001e-10
-1.3024999e-10
-1.32025e-10
-1.30575e-10
-1.3177499e-10
-1.3142498e-10
-1.3094999e-10
-1.3142498e-10
-1.2959998e-10
-1.2945001e-10
-1.3205e-10
-1.2799997e-10
-1.3072499e-10
-1.3034999e-10
-1.3007501e-10
-1.3162499e-10
-1.3034999e-10
-1.3157499e-10
-1.3074998e-10
-1.30725e-10
-1.3129998e-10
-1.2864999e-10
-1.3217498e-10
-1.2862497e-10
-1.3137499e-10
-1.3062498e-10
-1.2894998e-10
-1.3047498e-10
-1.3094997e-10
-1.3187498e-10
-1.301e-10
-1.2892498e-10
-1.2987499e-10
-1.2989998e-10
-1.2962501e-10
-1.3027501e-10
-1.28625e-10
-1.3077499e-10
-1.3074999e-10
-1.3109999e-10
-1.304e-10
-1.29775e-10
-1.3214999e-10
-1.2857498e-10
-1.3084998e-10
-1.2954997e-10
-1.30225e-10
-1.3074999e-10
-1.32475e-10
-1.2834998e-10
-1.2974999e-10
-1.2962499e-10
-1.3067501e-10
-1.2967501e-10
-1.2595e-10
-1.2837501e-10
-1.2869998e-10
-1.3094997e-10
-1.3352498e-10
-1.28925e-10
-1.2812498e-10
-1.2864998e-10
-1.29775e-10
-1.2954998e-10
-1.275e-10
-1.3029998e-10
-1.28625e-10
-1.2987499e-10
-1.3182501e-10
-1.2889999e-10
-1.30225e-10
-1.3062498e-10
-1.331e-10
-1.3292499e-10
-1.2995e-10
-1.3009999e-10
-1.3139999e-10
-1.3004998e-10
-1.3234999e-10
-1.3297498e-10
-1.3259997e-10
-1.3102498e-10
-1.3067498e-10
-1.3199998e-10
-1.3104998e-10
-1.2902497e-10
-1.312e-10
-1.3034999e-10
-1.3302498e-10
-1.3150001e-10
-1.3059999e-10
-1.3019999e-10
-1.31e-10
-1.3207498e-10
-1.3177498e-10
-1.3094999e-10
-1.3147498e-10
-1.3034999e-10
-1.2919998e-10
-1.2909998e-10
-1.3269999e-10
-1.31025e-10
-1.3347499e-10
-1.29525e-10
-1.3184999e-10
-1.3014999e-10
-1.3139999e-10
-1.3219999e-10
-1.2847499e-10
-1.3229999e-10
-1.2912499e-10
-1.3362497e-10
-1.2877499e-10
-1.2974997e-10
-1.3052499e-10
-1.2922499e-10
-1.3002498e-10
-1.3217499e-10
-1.2754998e-10
-1.2997499e-10
-1.2987497e-10
-1.3132499e-10
-1.2882501e-10
-1.2962499e-10
-1.3095e-10
-1.3207499e-10
-1.31475e-10
-1.29025e-10
-1.3034999e-10
-1.2972499e-10
-1.3059999e-10
-1.276e-10
-1.2899999e-10
-1.30675e-10
-1.3e-10
-1.2927498e-10
-1.2774998e-10
-1.2977498e-10
-1.29575e-10
-1.3097499e-10
-1.29325e-10
-1.2887499e-10
-1.3104999e-10
-1.2964999e-10
-1.2899999e-10
-1.3162499e-10
-1.3302497e-10
-1.309e-10
-1.2842499e-10
-1.3124998e-10
-1.31e-10
-1.3177498e-10
-1.3154998e-10
-1.3097499e-10
-1.3394999e-10
-1.3277499e-10
-1.3142498e-10
-1.3015e-10
-1.3127499e-10
-1.2979998e-10
-1.32025e-10
-1.3122499e-10
-1.3272498e-10
-1.29475e-10
-1.3085e-10
-1.3217499e-10
-1.3132499e-10
-1.2979999e-10
-1.2977498e-10
-1.3219999e-10
-1.3074999e-10
-1.3062498e-10
-1.3082499e-10
-1.3032497e-10
-1.3224999e-10
-1.32075e-10
-1.2969999e-10
-1.3214999e-10
-1.2984998e-10
-1.305e-10
-1.3045e-10
-1.3262499e-10
-1.2964999e-10
-1.2984998e-10
-1.3029998e-10
-1.2974997e-10
-1.3027499e-10
-1.2912499e-10
-1.30725e-10
-1.3029998e-10
-1.2922499e-10
-1.30575e-10
-1.3267498e-10
-1.3222498e-10
-1.3037499e-10
-1.3074998e-10
-1.34425e-10
-1.3135e-10
-1.3245e-10
-1.3287499e-10
-1.3194999e-10
-1.3102498e-10
-1.3342499e-10
-1.3304999e-10
-1.31175e-10
-1.3262498e-10
-1.3099997e-10
-1.3177499e-10
-1.33625e-10
-1.3252499e-10
-1.31575e-10
-1.3269999e-10
-1.3167499e-10
-1.3162499e-10
-1.3142498e-10
-1.29875e-10
-1.3032499e-10
-1.3079998e-10
-1.3074999e-10
-1.2927499e-10
-1.2950001e-10
-1.3185e-10
-1.3095e-10
-1.2987501e-10
-1.3179999e-10
-1.3157497e-10
-1.3139999e-10
-1.31825e-10
-1.3024999e-10
-1.2832499e-10
-1.3157499e-10
-1.3084998e-10
-1.3004998e-10
-1.2849999e-10
-1.2892498e-10
-1.3122499e-10
-1.2864999e-10
-1.29325e-10
-1.3049999e-10
-1.2827499e-10
-1.2912499e-10
-1.2922499e-10
-1.2990001e-10
-1.29775e-10
-1.2834998e-10
-1.313e-10
-1.2984998e-10
-1.2904999e-10
-1.3015e-10
-1.28925e-10
-1.2914998e-10
-1.2717498e-10
-1.2729999e-10
-1.3062501e-10
-1.2990001e-10
-1.2897498e-10
-1.2972499e-10
-1.3204998e-10
-1.2904998e-10
-1.3184998e-10
-1.2992499e-10
-1.3102498e-10
-1.2654999e-10
-1.3227498e-10
-1.3049999e-10
-1.3104998e-10
-1.2892498e-10
-1.3059999e-10
-1.2927498e-10
-1.29325e-10
-1.2782497e-10
-1.2967499e-10
-1.2999998e-10
-1.2760001e-10
-1.3127498e-10
-1.3137499e-10
-1.3022498e-10
-1.2814999e-10
-1.3027499e-10
-1.2927498e-10
-1.3070001e-10
-1.2872498e-10
-1.3157499e-10
-1.2989999e-10
-1.2972498e-10
-1.2992497e-10
-1.3114999e-10
-1.2822499e-10
-1.2935e-10
-1.2935e-10
-1.2942497e-10
-1.3177498e-10
-1.2954997e-10
-1.2997498e-10
-1.2852501e-10
-1.3089999e-10
-1.3087501e-10
-1.304e-10
-1.3139999e-10
-1.2867499e-10
-1.2889999e-10
-1.3165001e-10
-1.2839997e-10
-1.312e-10
-1.28675e-10
-1.27825e-10
-1.31075e-10
-1.3064999e-10
-1.2967499e-10
-1.27375e-10
-1.2832499e-10
-1.293e-10
-1.3182498e-10
-1.30325e-10
-1.2934999e-10
-1.3014997e-10
-1.2915e-10
-1.2722499e-10
-1.31e-10
-1.3125e-10
-1.2902499e-10
-1.2907499e-10
-1.2729999e-10
-1.3202497e-10
-1.3092497e-10
-1.3014999e-10
-1.3034999e-10
-1.2979999e-10
-1.2954998e-10
-1.32425e-10
-1.2749997e-10
-1.297e-10
-1.3259999e-10
-1.2977498e-10
-1.3040001e-10
-1.2874998e-10
-1.3112499e-10
-1.27425e-10
-1.2967499e-10
-1.3059999e-10
-1.3054999e-10
-1.29825e-10
-1.3307498e-10
-1.2925e-10
-1.2844999e-10
-1.2904999e-10
-1.3164998e-10
-1.3084998e-10
-1.2832498e-10
-1.3195001e-10
-1.2889999e-10
-1.3052499e-10
-1.29775e-10
-1.3162497e-10
-1.29525e-10
-1.3034999e-10
-1.2824998e-10
-1.32025e-10
-1.3304996e-10
-1.31825e-10
-1.3039997e-10
-1.3135e-10
-1.3372499e-10
-1.3192498e-10
-1.2934999e-10
-1.2859998e-10
-1.3052499e-10
-1.2977498e-10
-1.2922498e-10
-1.3127499e-10
-1.3157499e-10
-1.31475e-10
-1.3077499e-10
-1.2832498e-10
-1.2975e-10
-1.3114999e-10
-1.3005e-10
-1.30175e-10
-1.2992497e-10
-1.2934999e-10
-1.3132498e-10
-1.2994998e-10
-1.3297499e-10
-1.3042499e-10
-1.2934999e-10
-1.3149998e-10
-1.2872499e-10
-1.3239998e-10
-1.31525e-10
-1.3012498e-10
-1.3054999e-10
-1.3149998e-10
-1.3217499e-10
-1.2854999e-10
-1.3145e-10
-1.3037499e-10
-1.3239998e-10
-1.3247499e-10
-1.309e-10
-1.3104998e-10
-1.3082496e-10
-1.296e-10
-1.304e-10
-1.3124998e-10
-1.3177501e-10
-1.2929999e-10
-1.33175e-10
-1.3317498e-10
-1.3069998e-10
-1.2912499e-10
-1.28e-10
-1.2839999e-10
-1.3044998e-10
-1.2912499e-10
-1.3224999e-10
-1.3012498e-10
-1.2814999e-10
-1.3185e-10
-1.3099999e-10
-1.2967499e-10
-1.3207498e-10
-1.3035001e-10
-1.312e-10
-1.3047499e-10
-1.3099999e-10
-1.3027499e-10
-1.3074999e-10
-1.3054997e-10
-1.2979999e-10
-1.2857498e-10
-1.2944999e-10
-1.3159999e-10
-1.2799999e-10
-1.3127498e-10
-1.2997499e-10
-1.2899998e-10
-1.29025e-10
-1.2949999e-10
-1.30375e-10
-1.2762501e-10
-1.3234999e-10
-1.2987499e-10
-1.2934998e-10
-1.3055e-10
-1.3025001e-10
-1.3194996e-10
-1.2899999e-10
-1.3129998e-10
-1.31875e-10
-1.2929999e-10
-1.3137499e-10
-1.2962499e-10
-1.32325e-10
-1.2944999e-10
-1.2860001e-10
-1.29775e-10
-1.2909999e-10
-1.3192497e-10
-1.3005e-10
-1.3137499e-10
-1.3182498e-10
-1.3049999e-10
-1.3117499e-10
-1.3099999e-10
-1.33e-10
-1.3154999e-10
-1.3347499e-10
-1.3252499e-10
-1.33625e-10
-1.32775e-10
-1.3107498e-10
-1.2875e-10
-1.3169998e-10
-1.3122499e-10
-1.3372499e-10
-1.3149999e-10
-1.3002499e-10
-1.3012499e-10
-1.30175e-10
-1.3124998e-10
-1.3059999e-10
-1.3024999e-10
-1.3104999e-10
-1.31025e-10
-1.3137499e-10
-1.3167499e-10
-1.32825e-10
-1.296e-10
-1.3002499e-10
-1.2982498e-10
-1.3237499e-10
-1.3087498e-10
-1.3134999e-10
-1.3154999e-10
-1.3192501e-10
-1.2997499e-10
-1.3064999e-10
-1.3234998e-10
-1.2869998e-10
-1.3199998e-10
-1.3004998e-10
-1.3212499e-10
-1.3012499e-10
-1.2977497e-10
-1.2957499e-10
-1.3069999e-10
-1.2622499e-10
-1.3192497e-10
-1.2817498e-10
-1.2904997e-10
-1.3027499e-10
-1.2812498e-10
-1.3025001e-10
-1.3195001e-10
-1.3157499e-10
-1.2879998e-10
-1.2872499e-10
-1.294e-10
-1.3159999e-10
-1.2934999e-10
-1.2954998e-10
-1.2935e-10
-1.2895e-10
-1.3039998e-10
-1.31575e-10
-1.3237499e-10
-1.281e-10
-1.29825e-10
-1.2882499e-10
-1.3087501e-10
-1.3049999e-10
-1.2924999e-10
-1.2707499e-10
-1.28075e-10
-1.3189998e-10
-1.3007499e-10
-1.29075e-10
-1.3087499e-10
-1.2999998e-10
-1.2922499e-10
-1.3092499e-10
-1.2879998e-10
-1.3027499e-10
-1.3074999e-10
-1.3007498e-10
-1.3159999e-10
-1.3217499e-10
-1.31525e-10
-1.2907499e-10
-1.3355e-10
-1.309e-10
-1.2955e-10
-1.2944999e-10
-1.2972501e-10
-1.3222498e-10
-1.29775e-10
-1.31475e-10
-1.3212499e-10
-1.28775e-10
-1.305e-10
-1.3032497e-10
-1.3029999e-10
-1.2949999e-10
-1.2927499e-10
-1.3084998e-10
-1.29875e-10
-1.3014997e-10
-1.2995e-10
-1.3189999e-10
-1.2894998e-10
-1.3012501e-10
-1.2949999e-10
-1.3269999e-10
-1.2962499e-10
-1.3032499e-10
-1.2934999e-10
-1.3002499e-10
-1.2925e-10
-1.313e-10
-1.3114999e-10
-1.319e-10
-1.2959998e-10
-1.3032497e-10
-1.3197499e-10
-1.3074998e-10
-1.3082496e-10
-1.3197499e-10
-1.30625e-10
-1.3049999e-10
-1.3257499e-10
-1.2864999e-10
-1.2879997e-10
-1.3047501e-10
-1.29375e-10
-1.3207499e-10
-1.3274999e-10
-1.3199998e-10
-1.3007499e-10
-1.3137498e-10
-1.2817498e-10
-1.3037499e-10
-1.30825e-10
-1.3079998e-10
-1.3287499e-10
-1.2937498e-10
-1.3104998e-10
-1.3107498e-10
-1.3057497e-10
-1.2909999e-10
-1.3107498e-10
-1.2915e-10
-1.29425e-10
-1.3062501e-10
-1.3127498e-10
-1.3127499e-10
-1.2984999e-10
-1.3097499e-10
-1.2962499e-10
-1.33625e-10
-1.2927499e-10
-1.3059999e-10
-1.2934998e-10
-1.3225e-10
-1.2869998e-10
-1.3050001e-10
-1.3232498e-10
-1.3034998e-10
-1.3457502e-10
-1.3159999e-10
-1.3084998e-10
-1.2939999e-10
-1.3179999e-10
-1.2944999e-10
-1.305e-10
-1.2924999e-10
-1.3219999e-10
-1.3029998e-10
-1.3062498e-10
-1.27475e-10
-1.2900001e-10
-1.3079998e-10
-1.2964999e-10
-1.3137498e-10
-1.288e-10
-1.2967499e-10
-1.2999998e-10
-1.2797498e-10
-1.3139997e-10
-1.2994997e-10
-1.2914998e-10
-1.2959998e-10
-1.3087499e-10
-1.3139999e-10
-1.3034999e-10
-1.2809999e-10
-1.2759999e-10
-1.29525e-10
-1.2804999e-10
-1.28975e-10
-1.2967499e-10
-1.3179999e-10
-1.2847499e-10
-1.2972498e-10
-1.319e-10
-1.2912499e-10
-1.3092499e-10
-1.3039998e-10
-1.3005e-10
-1.2962499e-10
-1.2969997e-10
-1.3117499e-10
-1.28725e-10
-1.2847498e-10
-1.3077499e-10
-1.30625e-10
-1.3054997e-10
-1.32025e-10
-1.304e-10
-1.3149998e-10
-1.287e-10
-1.3059999e-10
-1.312e-10
-1.30175e-10
-1.2699998e-10
-1.30675e-10
-1.2907499e-10
-1.2809999e-10
-1.2967499e-10
-1.30225e-10
-1.28625e-10
-1.3027499e-10
-1.2984999e-10
-1.3109998e-10
-1.3182498e-10
-1.2935e-10
-1.2942498e-10
-1.2989999e-10
-1.304e-10
-1.3072499e-10
-1.3164998e-10
-1.2997499e-10
-1.2934999e-10
-1.3132499e-10
-1.3109999e-10
-1.2962499e-10
-1.3065e-10
-1.30275e-10
-1.3002499e-10
-1.3139999e-10
-1.2990001e-10
-1.3034998e-10
-1.29775e-10
-1.3009999e-10
-1.3265e-10
-1.3005e-10
-1.29975e-10
-1.2772498e-10
-1.2924999e-10
-1.29175e-10
-1.3149998e-10
-1.3205e-10
-1.31475e-10
-1.29975e-10
-1.3222499e-10
-1.31675e-10
-1.30275e-10
-1.3109998e-10
-1.2929999e-10
-1.2914998e-10
-1.2885e-10
-1.29375e-10
-1.3119998e-10
-1.3082498e-10
-1.2954998e-10
-1.2654999e-10
-1.28775e-10
-1.3024999e-10
-1.3022498e-10
-1.3119998e-10
-1.2902499e-10
-1.3055e-10
-1.3017497e-10
-1.2852501e-10
-1.2929999e-10
-1.3007498e-10
-1.2852498e-10
-1.2809999e-10
-1.2817498e-10
-1.2777499e-10
-1.3039997e-10
-1.2657499e-10
-1.3052499e-10
-1.3007501e-10
-1.28975e-10
-1.308e-10
-1.3057498e-10
-1.2819999e-10
-1.3127499e-10
-1.3037496e-10
-1.3114999e-10
-1.3069999e-10
-1.312e-10
-1.3079998e-10
-1.2954998e-10
-1.3057498e-10
-1.3070001e-10
-1.2962499e-10
-1.3152497e-10
-1.29375e-10
-1.2997499e-10
-1.3082499e-10
-1.3097498e-10
-1.3289998e-10
-1.3172499e-10
-1.287e-10
-1.2974997e-10
-1.297e-10
-1.32025e-10
-1.3022498e-10
-1.2927499e-10
-1.3025002e-10
-1.3042499e-10
-1.3042499e-10
-1.2882499e-10
-1.3169998e-10
-1.3160001e-10
-1.3047499e-10
-1.30675e-10
-1.3002499e-10
-1.29175e-10
-1.3012498e-10
-1.2949999e-10
-1.2969999e-10
-1.313e-10
-1.2979998e-10
-1.3149999e-10
-1.3224997e-10
-1.31475e-10
-1.3074997e-10
-1.304e-10
-1.3047501e-10
-1.2837498e-10
-1.3020002e-10
-1.3129998e-10
-1.3007501e-10
-1.3107498e-10
-1.3047499e-10
-1.2779999e-10
-1.3082499e-10
-1.3055e-10
-1.3064999e-10
-1.294e-10
-1.2984999e-10
-1.3164998e-10
-1.3009999e-10
-1.2900001e-10
-1.3e-10
-1.3102498e-10
-1.3095e-10
-1.3009999e-10
-1.2932498e-10
-1.31275e-10
-1.2804999e-10
-1.2832498e-10
-1.2802498e-10
-1.3062498e-10
-1.2942497e-10
-1.3225e-10
-1.2969999e-10
-1.3182498e-10
-1.2944998e-10
-1.2919998e-10
-1.3042499e-10
-1.326e-10
-1.28775e-10
-1.3044998e-10
-1.2929999e-10
-1.2822497e-10
-1.323e-10
-1.2892498e-10
-1.3095e-10
-1.2952499e-10
-1.31025e-10
-1.2887498e-10
-1.28125e-10
-1.2915001e-10
-1.2907499e-10
-1.31675e-10
-1.3007498e-10
-1.3024999e-10
-1.28975e-10
-1.2824999e-10
-1.2929997e-10
-1.30325e-10
-1.3055e-10
-1.3192497e-10
-1.2709998e-10
-1.2824999e-10
-1.2979999e-10
-1.3024998e-10
-1.3234999e-10
-1.3024999e-10
-1.2924999e-10
-1.3222498e-10
-1.2932498e-10
-1.3095e-10
-1.3114999e-10
-1.3054999e-10
-1.3339999e-10
-1.3182498e-10
-1.3092499e-10
-1.2994997e-10
-1.3107498e-10
-1.3284999e-10
-1.3247499e-10
-1.3229999e-10
-1.2885e-10
-1.3379998e-10
-1.3049997e-10
-1.3145e-10
-1.3207498e-10
-1.314e-10
-1.326e-10
-1.3102498e-10
-1.3262499e-10
-1.3132499e-10
-1.2817498e-10
-1.2984999e-10
-1.3105e-10
-1.3052499e-10
-1.3189999e-10
-1.3139999e-10
-1.31925e-10
-1.2877499e-10
-1.2774999e-10
-1.3045e-10
-1.2989998e-10
-1.3274998e-10
-1.3175e-10
-1.30575e-10
-1.2967499e-10
-1.2939999e-10
-1.3002499e-10
-1.3157499e-10
-1.3309999e-10
-1.2974999e-10
-1.3179999e-10
-1.2984999e-10
-1.30175e-10
-1.30175e-10
-1.3104998e-10
-1.3137499e-10
-1.2974997e-10
-1.2972499e-10
-1.3004998e-10
-1.3019999e-10
-1.3189999e-10
-1.31025e-10
-1.3102501e-10
-1.3237499e-10
-1.3042499e-10
-1.3094999e-10
-1.3187498e-10
-1.31025e-10
-1.3184999e-10
-1.3029999e-10
-1.342e-10
-1.3092499e-10
-1.3314998e-10
-1.3059999e-10
-1.3222499e-10
-1.3152497e-10
-1.3052499e-10
-1.3314999e-10
-1.3077499e-10
-1.3217501e-10
-1.3034999e-10
-1.3052498e-10
-1.2874998e-10
-1.3002498e-10
-1.3104999e-10
-1.2739999e-10
-1.31475e-10
-1.31275e-10
-1.304e-10
-1.3139999e-10
-1.3092499e-10
-1.29975e-10
-1.3067498e-10
-1.2902499e-10
-1.2969999e-10
-1.2817497e-10
-1.2979999e-10
-1.29925e-10
-1.2860001e-10
-1.2932501e-10
-1.2932498e-10
-1.3224997e-10
-1.3004998e-10
-1.29375e-10
-1.2944998e-10
-1.2837501e-10
-1.29975e-10
-1.3045e-10
-1.27675e-10
-1.2844997e-10
-1.2967499e-10
-1.27875e-10
-1.309e-10
-1.29775e-10
-1.3199999e-10
-1.3092499e-10
-1.2992497e-10
-1.30225e-10
-1.3024999e-10
-1.3019999e-10
-1.3124998e-10
-1.2892501e-10
-1.2844999e-10
-1.3044998e-10
-1.2984999e-10
-1.3045e-10
-1.3074999e-10
-1.321e-10
-1.3084998e-10
-1.2975e-10
-1.3217498e-10
-1.2929999e-10
-1.3047501e-10
-1.3234999e-10
-1.2907499e-10
-1.3124998e-10
-1.3087499e-10
-1.3052501e-10
-1.3177499e-10
-1.3212499e-10
-1.3099999e-10
-1.2914998e-10
-1.3175e-10
-1.287e-10
-1.3199998e-10
-1.3175e-10
-1.3252499e-10
-1.3045e-10
-1.2959998e-10
-1.2814999e-10
-1.2909998e-10
-1.2919998e-10
-1.2947499e-10
-1.3249998e-10
-1.2892501e-10
-1.2832499e-10
-1.2942497e-10
-1.3059999e-10
-1.3205001e-10
-1.3194998e-10
-1.2872499e-10
-1.2857498e-10
-1.3064999e-10
-1.30025e-10
-1.312e-10
-1.3119998e-10
-1.30175e-10
-1.3139996e-10
-1.2787499e-10
-1.2847499e-10
-1.2932498e-10
-1.3004998e-10
-1.2877499e-10
-1.2917499e-10
-1.2895e-10
-1.2915e-10
-1.2912499e-10
-1.2937498e-10
-1.3007501e-10
-1.2685e-10
-1.3007499e-10
-1.2990001e-10
-1.2987499e-10
-1.2999998e-10
-1.28525e-10
-1.2717501e-10
-1.31475e-10
-1.2829998e-10
-1.29175e-10
-1.2875001e-10
-1.2884999e-10
-1.2909998e-10
-1.2842498e-10
-1.283e-10
-1.2997498e-10
-1.29125e-10
-1.2937498e-10
-1.2954998e-10
-1.29425e-10
-1.2772498e-10
-1.3042498e-10
-1.2919998e-10
-1.292e-10
-1.3144999e-10
-1.2724997e-10
-1.3002499e-10
-1.2889999e-10
-1.3187498e-10
-1.2824998e-10
-1.3159998e-10
-1.3067501e-10
-1.2934998e-10
-1.2969999e-10
-1.2990001e-10
-1.2957498e-10
-1.3135e-10
-1.29125e-10
-1.2912499e-10
-1.30325e-10
-1.3034998e-10
-1.3294998e-10
-1.32025e-10
-1.29425e-10
-1.296e-10
-1.2987499e-10
-1.3067497e-10
-1.2774999e-10
-1.2947499e-10
-1.3042499e-10
-1.2829998e-10
-1.3039998e-10
-1.3144999e-10
-1.3134999e-10
-1.287e-10
-1.3124998e-10
-1.2989999e-10
-1.3147498e-10
-1.3067498e-10
-1.2847499e-10
-1.2929999e-10
-1.3117499e-10
-1.3352501e-10
-1.3194999e-10
-1.2889999e-10
-1.3282497e-10
-1.3119998e-10
-1.3104999e-10
-1.3114998e-10
-1.3009999e-10
-1.31575e-10
-1.31875e-10
-1.2732498e-10
-1.3132499e-10
-1.3012498e-10
-1.3067498e-10
-1.2989998e-10
-1.3034999e-10
-1.28775e-10
-1.28075e-10
-1.3012499e-10
-1.2954998e-10
-1.3092498e-10
-1.3124998e-10
-1.3089997e-10
-1.3065e-10
-1.29525e-10
-1.2989999e-10
-1.3015e-10
-1.2954998e-10
-1.31125e-10
-1.3174999e-10
-1.3107498e-10
-1.2967498e-10
-1.2744997e-10
-1.3029998e-10
-1.2814999e-10
-1.3024999e-10
-1.2962499e-10
-1.2952497e-10
-1.292e-10
-1.2737499e-10
-1.28225e-10
-1.2777501e-10
-1.2967499e-10
-1.3004998e-10
-1.3042499e-10
-1.3132499e-10
-1.28775e-10
-1.3064999e-10
-1.3142501e-10
-1.3029999e-10
-1.2842499e-10
-1.2954998e-10
-1.2777499e-10
-1.3009999e-10
-1.2707498e-10
-1.2972498e-10
-1.2944998e-10
-1.2932498e-10
-1.2927498e-10
-1.2904997e-10
-1.2819998e-10
-1.3079998e-10
-1.2994998e-10
-1.2944999e-10
-1.3e-10
-1.3067498e-10
-1.3149998e-10
-1.3009999e-10
-1.30175e-10
-1.3145e-10
-1.3119998e-10
-1.3164997e-10
-1.3149999e-10
-1.2967498e-10
-1.3029999e-10
-1.3254998e-10
-1.3047499e-10
-1.30575e-10
-1.312e-10
-1.2949998e-10
-1.3249998e-10
-1.3109998e-10
-1.2904999e-10
-1.29025e-10
-1.298e-10
-1.3272497e-10
-1.3395e-10
-1.2934998e-10
-1.3159998e-10
-1.3294998e-10
-1.31525e-10
-1.3182498e-10
-1.29325e-10
-1.2982498e-10
-1.33575e-10
-1.2984998e-10
-1.2897498e-10
-1.3e-10
-1.2989999e-10
-1.2947499e-10
-1.3199998e-10
-1.3239999e-10
-1.3134999e-10
-1.2989999e-10
-1.28925e-10
-1.2977501e-10
-1.3069999e-10
-1.3072499e-10
-1.3117499e-10
-1.30375e-10
-1.3064999e-10
-1.296e-10
-1.292e-10
-1.2962498e-10
-1.305e-10
-1.3039997e-10
-1.3072499e-10
-1.3222498e-10
-1.3009999e-10
-1.3117497e-10
-1.306e-10
-1.2912499e-10
-1.2902497e-10
-1.3229999e-10
-1.3147498e-10
-1.2932498e-10
-1.2962499e-10
-1.2942498e-10
-1.3044998e-10
-1.30725e-10
-1.2962499e-10
-1.32025e-10
-1.3269999e-10
-1.3189999e-10
-1.2722501e-10
-1.3002498e-10
-1.3189999e-10
-1.2949998e-10
-1.3074999e-10
-1.3067497e-10
-1.3042499e-10
-1.3034999e-10
-1.287e-10
-1.3254998e-10
-1.2954998e-10
-1.3044997e-10
-1.3002499e-10
-1.3002499e-10
-1.33225e-10
-1.3127499e-10
-1.2954998e-10
-1.2975e-10
-1.2875e-10
-1.3107498e-10
-1.3002499e-10
-1.29975e-10
-1.2892501e-10
-1.2882498e-10
-1.2967498e-10
-1.3077499e-10
-1.2792499e-10
-1.2995e-10
-1.2824999e-10
-1.29825e-10
-1.2814999e-10
-1.2844999e-10
-1.2937501e-10
-1.30325e-10
-1.3019999e-10
-1.2997499e-10
-1.3204998e-10
-1.3030001e-10
-1.2722498e-10
-1.3012498e-10
-1.3034999e-10
-1.3159999e-10
-1.3199999e-10
-1.2922501e-10
-1.3112499e-10
-1.2869998e-10
-1.3014997e-10
-1.2774998e-10
-1.3029998e-10
-1.2984999e-10
-1.3034999e-10
-1.3204998e-10
-1.2867499e-10
-1.28075e-10
-1.3094997e-10
-1.2822497e-10
-1.2977501e-10
-1.27825e-10
-1.3102498e-10
-1.31125e-10
-1.3057498e-10
-1.3092499e-10
-1.3097499e-10
-1.318e-10
-1.3057497e-10
-1.3154999e-10
-1.2949998e-10
-1.3074999e-10
-1.3107498e-10
-1.2949999e-10
-1.31475e-10
-1.3125001e-10
-1.3234999e-10
-1.3039998e-10
-1.3117499e-10
-1.3242497e-10
-1.3024999e-10
-1.3179999e-10
-1.292e-10
-1.2984999e-10
-1.319e-10
-1.3367502e-10
-1.3145e-10
-1.2934998e-10
-1.3127499e-10
-1.309e-10
-1.2724997e-10
-1.2929999e-10
-1.2962501e-10
-1.2812498e-10
-1.3119998e-10
-1.30775e-10
-1.30425e-10
-1.3144999e-10
-1.2837498e-10
-1.3229998e-10
-1.2927499e-10
-1.2927498e-10
-1.3049997e-10
-1.2845e-10
-1.2877498e-10
-1.2899999e-10
-1.3047499e-10
-1.3052499e-10
-1.289e-10
-1.2925e-10
-1.2925e-10
-1.2810002e-10
-1.3007501e-10
-1.3107498e-10
-1.2982498e-10
-1.2984998e-10
-1.3184998e-10
-1.283e-10
-1.3215001e-10
-1.2925e-10
-1.30775e-10
-1.3024999e-10
-1.3079998e-10
-1.3194999e-10
-1.3012498e-10
-1.2844999e-10
-1.3037499e-10
-1.2949999e-10
-1.2992499e-10
-1.2979998e-10
-1.3007498e-10
-1.3124998e-10
-1.2929999e-10
-1.27275e-10
-1.3009999e-10
-1.29425e-10
-1.2967499e-10
-1.3005e-10
-1.2929999e-10
-1.28975e-10
-1.28975e-10
-1.3122499e-10
-1.2739999e-10
-1.2899998e-10
-1.3304999e-10
-1.3087499e-10
-1.3087499e-10
-1.3169997e-10
-1.28775e-10
-1.2854999e-10
-1.3272498e-10
-1.3214999e-10
-1.3029998e-10
-1.2994998e-10
-1.31125e-10
-1.3119998e-10
-1.3064999e-10
-1.3194998e-10
-1.2972501e-10
-1.2957499e-10
-1.2984999e-10
-1.3044998e-10
-1.29375e-10
-1.3159998e-10
-1.29075e-10
-1.3259999e-10
-1.2984998e-10
-1.3239998e-10
-1.2872499e-10
-1.30175e-10
-1.2984999e-10
-1.31e-10
-1.2974999e-10
-1.2982498e-10
-1.2672499e-10
-1.3030001e-10
-1.3007499e-10
-1.2759999e-10
-1.3044998e-10
-1.3264999e-10
-1.3084997e-10
-1.28325e-10
-1.2984998e-10
-1.3212499e-10
-1.2975e-10
-1.283e-10
-1.3392498e-10
-1.3047498e-10
-1.2917499e-10
-1.2935e-10
-1.3047498e-10
-1.3087501e-10
-1.2562498e-10
-1.3004998e-10
-1.3225e-10
-1.3092499e-10
-1.2964999e-10
-1.3055e-10
-1.3132499e-10
-1.2875001e-10
-1.2689999e-10
-1.3029999e-10
-1.2699999e-10
-1.2907499e-10
-1.3102498e-10
-1.2939999e-10
-1.2739998e-10
-1.28775e-10
-1.28925e-10
-1.2934998e-10
-1.28775e-10
-1.2874998e-10
-1.2987499e-10
-1.28e-10
-1.28175e-10
-1.33275e-10
-1.2904997e-10
-1.2922499e-10
-1.29775e-10
-1.2909998e-10
-1.3202499e-10
-1.29825e-10
-1.298e-10
-1.29575e-10
-1.3022498e-10
-1.2964999e-10
-1.2894999e-10
-1.32325e-10
-1.2614998e-10
-1.3002499e-10
-1.2987499e-10
-1.3122499e-10
-1.3067498e-10
-1.2795e-10
-1.30225e-10
-1.3064999e-10
-1.3024999e-10
-1.273e-10
-1.3074999e-10
-1.3012498e-10
-1.296e-10
-1.2857498e-10
-1.2989998e-10
-1.3167498e-10
-1.3067498e-10
-1.317e-10
-1.2944999e-10
-1.3042499e-10
-1.3074998e-10
-1.29825e-10
-1.337e-10
-1.29175e-10
-1.3212499e-10
-1.30275e-10
-1.30175e-10
-1.35e-10
-1.2997498e-10
-1.3404999e-10
-1.3070001e-10
-1.3002499e-10
-1.3107498e-10
-1.3167499e-10
-1.3024998e-10
-1.3197497e-10
-1.32325e-10
-1.2864999e-10
-1.2762498e-10
-1.3117502e-10
-1.3197499e-10
-1.2857498e-10
-1.2909998e-10
-1.3154999e-10
-1.32875e-10
-1.3129997e-10
-1.3217499e-10
-1.31425e-10
-1.3092499e-10
-1.3149998e-10
-1.2979999e-10
-1.3147501e-10
-1.2874998e-10
-1.30325e-10
-1.3132499e-10
-1.3167498e-10
-1.3e-10
-1.3174999e-10
-1.3004998e-10
-1.2849997e-10
-1.3034998e-10
-1.325e-10
-1.3012498e-10
-1.32275e-10
-1.3009999e-10
-1.3004998e-10
-1.2999997e-10
-1.3204998e-10
-1.2837498e-10
-1.30325e-10
-1.2519999e-10
-1.3092498e-10
-1.29525e-10
-1.3245e-10
-1.3109999e-10
-1.2867499e-10
-1.292e-10
-1.3047499e-10
-1.2964999e-10
-1.2862499e-10
-1.3094997e-10
-1.29575e-10
-1.3002499e-10
-1.3009999e-10
-1.2972498e-10
-1.3034998e-10
-1.29425e-10
-1.28975e-10
-1.2939999e-10
-1.3094999e-10
-1.283e-10
-1.2972498e-10
-1.2937497e-10
-1.31475e-10
-1.251e-10
-1.2972499e-10
-1.3017498e-10
-1.3037497e-10
-1.29025e-10
-1.292e-10
-1.3199999e-10
-1.28225e-10
-1.3162499e-10
-1.2989998e-10
-1.2967501e-10
-1.3015e-10
-1.3179997e-10
-1.3019999e-10
-1.3002499e-10
-1.3224999e-10
-1.3239998e-10
-1.3229999e-10
-1.304e-10
-1.312e-10
-1.312e-10
-1.313e-10
-1.279e-10
-1.3109998e-10
-1.3049997e-10
-1.306e-10
-1.3005e-10
-1.3139997e-10
-1.3060002e-10
-1.3239999e-10
-1.29525e-10
-1.3027499e-10
-1.29775e-10
-1.2914998e-10
-1.3132499e-10
-1.3189999e-10
-1.28925e-10
-1.2792499e-10
-1.30225e-10
-1.3245e-10
-1.3015e-10
-1.3029998e-10
-1.2834998e-10
-1.3077499e-10
-1.2805e-10
-1.29425e-10
-1.3079998e-10
-1.3072499e-10
-1.3089999e-10
-1.2954998e-10
-1.3222499e-10
-1.2809999e-10
-1.29925e-10
-1.3327499e-10
-1.2885e-10
-1.3184999e-10
-1.2802498e-10
-1.2989998e-10
-1.3089999e-10
-1.2932501e-10
-1.276e-10
-1.3014999e-10
-1.28725e-10
-1.28975e-10
-1.2962499e-10
-1.2944999e-10
-1.2964999e-10
-1.2697499e-10
-1.3145e-10
-1.2707499e-10
-1.3205e-10
-1.3057497e-10
-1.2954998e-10
-1.3059998e-10
-1.2854999e-10
-1.2907499e-10
-1.2867499e-10
-1.3104998e-10
-1.3032499e-10
-1.2942498e-10
-1.2807497e-10
-1.2914998e-10
-1.2757499e-10
-1.27725e-10
-1.3052499e-10
-1.3079998e-10
-1.3064999e-10
-1.2765e-10
-1.29525e-10
-1.2515e-10
-1.2954998e-10
-1.2874998e-10
-1.287e-10
-1.29475e-10
-1.2852501e-10
-1.2872498e-10
-1.2577499e-10
-1.2995e-10
-1.285e-10
-1.2829998e-10
-1.296e-10
-1.3015e-10
-1.2912499e-10
-1.3e-10
-1.31925e-10
-1.2812501e-10
-1.3007501e-10
-1.2817498e-10
-1.2987499e-10
-1.3005e-10
-1.2947499e-10
-1.2859998e-10
-1.2845e-10
-1.2924999e-10
-1.2824999e-10
-1.3012498e-10
-1.2857498e-10
-1.2929999e-10
-1.3067498e-10
-1.31175e-10
-1.3009999e-10
-1.3292499e-10
-1.292e-10
-1.28075e-10
-1.3015e-10
-1.30225e-10
-1.31825e-10
-1.2947499e-10
-1.3212499e-10
-1.2734999e-10
-1.3144999e-10
-1.2939999e-10
-1.2877498e-10
-1.30425e-10
-1.30275e-10
-1.2997499e-10
-1.29425e-10
-1.3149998e-10
-1.3142498e-10
-1.2982498e-10
-1.2814998e-10
-1.3212499e-10
-1.2917498e-10
-1.3084998e-10
-1.29925e-10
-1.3162497e-10
-1.3097499e-10
-1.2947499e-10
-1.3022498e-10
-1.3105e-10
-1.2947499e-10
-1.3042499e-10
-1.3229999e-10
-1.3182498e-10
-1.2999998e-10
-1.2872499e-10
-1.31925e-10
-1.2995e-10
-1.30575e-10
-1.3097499e-10
-1.2927499e-10
-1.2975e-10
-1.2894999e-10
-1.2887497e-10
-1.2944999e-10
-1.2979999e-10
-1.2919998e-10
-1.3164998e-10
-1.2887498e-10
-1.2949999e-10
-1.2739998e-10
-1.2797499e-10
-1.2977498e-10
-1.3177499e-10
-1.3032497e-10
-1.3095e-10
-1.2999998e-10
-1.2845e-10
-1.2872499e-10
-1.284e-10
-1.2705001e-10
-1.2984999e-10
-1.2864999e-10
-1.2819999e-10
-1.3037499e-10
-1.2907499e-10
-1.3095e-10
-1.2935e-10
-1.2809999e-10
-1.3024998e-10
-1.2847499e-10
-1.3024999e-10
-1.3094999e-10
-1.2887498e-10
-1.3102498e-10
-1.2917499e-10
-1.2834998e-10
-1.2632499e-10
-1.3087499e-10
-1.3054997e-10
-1.2892498e-10
-1.2934999e-10
-1.2774998e-10
-1.3062501e-10
-1.28225e-10
-1.3067498e-10
-1.2989998e-10
-1.2864999e-10
-1.301e-10
-1.2962499e-10
-1.3192497e-10
-1.29825e-10
-1.2907499e-10
-1.29325e-10
-1.2864999e-10
-1.3114999e-10
-1.3037499e-10
-1.2915001e-10
-1.2752499e-10
-1.3094999e-10
-1.29425e-10
-1.2957498e-10
-1.325e-10
-1.2922501e-10
-1.3114999e-10
-1.2832498e-10
-1.29525e-10
-1.3057498e-10
-1.2769999e-10
-1.2944999e-10
-1.3087496e-10
-1.2907499e-10
-1.2922498e-10
-1.3245e-10
-1.2915001e-10
-1.2834998e-10
-1.3104998e-10
-1.2797498e-10
-1.2882499e-10
-1.3002499e-10
-1.2962499e-10
-1.2977498e-10
-1.2822497e-10
-1.29825e-10
-1.2855e-10
-1.2767498e-10
-1.2964999e-10
-1.3055e-10
-1.2962499e-10
-1.3177499e-10
-1.3064999e-10
-1.28075e-10
-1.3387499e-10
-1.3152497e-10
-1.2822497e-10
-1.3012499e-10
-1.3012499e-10
-1.3054999e-10
-1.304e-10
-1.2989998e-10
-1.27825e-10
-1.2939999e-10
-1.32475e-10
-1.2987499e-10
-1.323e-10
-1.31425e-10
-1.3047501e-10
-1.3032497e-10
-1.3107497e-10
-1.2934999e-10
-1.3007499e-10
-1.3112499e-10
-1.31125e-10
-1.2922498e-10
-1.2797501e-10
-1.2652497e-10
-1.2947499e-10
-1.2814999e-10
-1.2955e-10
-1.2862499e-10
-1.271e-10
-1.31125e-10
-1.271e-10
-1.2947499e-10
-1.3189999e-10
-1.2892501e-10
-1.2922499e-10
-1.2962499e-10
-1.2969999e-10
-1.2832499e-10
-1.2629998e-10
-1.3167499e-10
-1.2852498e-10
-1.2889997e-10
-1.2832499e-10
-1.2889999e-10
-1.305e-10
-1.2872499e-10
-1.3165e-10
-1.3034999e-10
-1.2969999e-10
-1.29075e-10
-1.3145e-10
-1.3107498e-10
-1.2995e-10
-1.3194999e-10
-1.3052499e-10
-1.2922499e-10
-1.2907497e-10
-1.2955001e-10
-1.3109998e-10
-1.2927499e-10
-1.2974999e-10
-1.2949999e-10
-1.2970001e-10
-1.3044998e-10
-1.30025e-10
-1.2887499e-10
-1.2849999e-10
-1.32475e-10
-1.3039998e-10
-1.29525e-10
-1.2942498e-10
-1.2824998e-10
-1.2949997e-10
-1.3027499e-10
-1.2757498e-10
-1.3142498e-10
-1.3279999e-10
-1.2957499e-10
-1.3015e-10
-1.3047498e-10
-1.2897501e-10
-1.3129997e-10
-1.27825e-10
-1.2924999e-10
-1.3059999e-10
-1.2959997e-10
-1.2774999e-10
-1.29525e-10
-1.30575e-10
-1.2634999e-10
-1.2995e-10
-1.3059999e-10
-1.3042499e-10
-1.3002499e-10
-1.2895e-10
-1.27675e-10
-1.2984999e-10
-1.2927499e-10
-1.2805e-10
-1.2759999e-10
-1.3027499e-10
-1.2867499e-10
-1.3069998e-10
-1.302e-10
-1.2844999e-10
-1.3189999e-10
-1.2935e-10
-1.321e-10
-1.2937498e-10
-1.2849999e-10
-1.3072499e-10
-1.2910001e-10
-1.3099999e-10
-1.27075e-10
-1.3175e-10
-1.2787499e-10
-1.30325e-10
-1.2992497e-10
-1.3027501e-10
-1.3097498e-10
-1.2999998e-10
-1.3039998e-10
-1.2882498e-10
-1.269e-10
-1.3089999e-10
-1.3139999e-10
-1.3252499e-10
-1.29025e-10
-1.3069999e-10
-1.28575e-10
-1.2882499e-10
-1.3052499e-10
-1.2860001e-10
-1.2919998e-10
-1.2929999e-10
-1.3054999e-10
-1.2965e-10
-1.2634999e-10
-1.31425e-10
-1.3119998e-10
-1.2882499e-10
-1.3097498e-10
-1.2877498e-10
-1.2862497e-10
-1.304e-10
-1.2857498e-10
-1.2672499e-10
-1.2734998e-10
-1.2932498e-10
-1.3057498e-10
-1.2879998e-10
-1.2949998e-10
-1.27675e-10
-1.2949999e-10
-1.2789998e-10
-1.3212498e-10
-1.2919998e-10
-1.2829997e-10
-1.2777499e-10
-1.2954998e-10
-1.2847499e-10
-1.2824997e-10
-1.2780001e-10
-1.2844999e-10
-1.27325e-10
-1.29075e-10
-1.2849999e-10
-1.2789998e-10
-1.3097499e-10
-1.2617499e-10
-1.31025e-10
-1.3104998e-10
-1.3002499e-10
-1.3019999e-10
-1.30225e-10
-1.2872499e-10
-1.2944996e-10
-1.2877499e-10
-1.3095e-10
-1.2959997e-10
-1.2852498e-10
-1.29775e-10
-1.3169998e-10
-1.2899998e-10
-1.275e-10
-1.2822499e-10
-1.2842498e-10
-1.2759999e-10
-1.3172501e-10
-1.29425e-10
-1.3054999e-10
-1.2929997e-10
-1.3272498e-10
-1.2977498e-10
-1.3059999e-10
-1.2794998e-10
-1.2984999e-10
-1.3077499e-10
-1.3132499e-10
-1.2772498e-10
-1.3015e-10
-1.3002499e-10
-1.30325e-10
-1.29075e-10
-1.3034999e-10
-1.3029998e-10
-1.29925e-10
-1.3069998e-10
-1.2832498e-10
-1.2927499e-10
-1.3044998e-10
-1.3019999e-10
-1.2899999e-10
-1.2994998e-10
-1.2965001e-10
-1.2889999e-10
-1.2912499e-10
-1.3104998e-10
-1.2759999e-10
-1.289e-10
-1.2927499e-10
-1.2907499e-10
-1.2707498e-10
-1.2984999e-10
-1.2904999e-10
-1.2964999e-10
-1.3024999e-10
-1.2867499e-10
-1.27875e-10
-1.3007498e-10
-1.30725e-10
-1.2812498e-10
-1.2967499e-10
-1.2947501e-10
-1.2722498e-10
-1.31075e-10
-1.2904999e-10
-1.2952499e-10
-1.2822499e-10
-1.2817498e-10
-1.3015e-10
-1.2962499e-10
-1.2997498e-10
-1.2864999e-10
-1.28925e-10
-1.2797499e-10
-1.3007499e-10
-1.3125e-10
-1.3017501e-10
-1.2947499e-10
-1.2995e-10
-1.3054999e-10
-1.2724997e-10
-1.3009999e-10
-1.2864999e-10
-1.2797496e-10
-1.29525e-10
-1.2887498e-10
-1.3189999e-10
-1.2867499e-10
-1.3027499e-10
-1.2649998e-10
-1.2847499e-10
-1.2982498e-10
-1.287e-10
-1.3092499e-10
-1.3114998e-10
-1.29925e-10
-1.2877499e-10
-1.29375e-10
-1.3067498e-10
-1.3055e-10
-1.2927498e-10
-1.29425e-10
-1.30175e-10
-1.3029999e-10
-1.31425e-10
-1.3069998e-10
-1.296e-10
-1.3039997e-10
-1.3052499e-10
-1.31875e-10
-1.2972498e-10
-1.3027499e-10
-1.2827499e-10
-1.3049999e-10
-1.2879998e-10
-1.2912499e-10
-1.2992497e-10
-1.2907499e-10
-1.3137499e-10
-1.2632499e-10
-1.3107497e-10
-1.2747498e-10
-1.29375e-10
-1.2852498e-10
-1.2944999e-10
-1.2882499e-10
-1.2777499e-10
-1.2915e-10
-1.2847499e-10
-1.2935e-10
-1.284e-10
-1.3102498e-10
-1.3085e-10
-1.2909998e-10
-1.3072497e-10
-1.3087499e-10
-1.2902497e-10
-1.3e-10
-1.2977498e-10
-1.3042498e-10
-1.2987499e-10
-1.3067498e-10
-1.29025e-10
-1.293e-10
-1.3019998e-10
-1.31075e-10
-1.2949998e-10
-1.2675e-10
-1.2982498e-10
-1.2914998e-10
-1.3057498e-10
-1.3005e-10
-1.2939999e-10
-1.2839999e-10
-1.28775e-10
-1.308e-10
-1.2912497e-10
-1.3017498e-10
-1.2707498e-10
-1.28225e-10
-1.31e-10
-1.2864998e-10
-1.2629998e-10
-1.28075e-10
-1.2944998e-10
-1.2909999e-10
-1.2807498e-10
-1.3014997e-10
-1.2874998e-10
-1.3030001e-10
-1.30325e-10
-1.2984999e-10
-1.3027499e-10
-1.2897497e-10
-1.2887499e-10
-1.3060002e-10
-1.2889999e-10
-1.2742497e-10
-1.3157499e-10
-1.3070001e-10
-1.2797499e-10
-1.2907499e-10
-1.2832499e-10
-1.2855e-10
-1.2765e-10
-1.3182498e-10
-1.3019999e-10
-1.2759999e-10
-1.2975e-10
-1.3274998e-10
-1.3079998e-10
-1.3064999e-10
-1.3037499e-10
-1.3177499e-10
-1.3189999e-10
-1.2909998e-10
-1.3162499e-10
-1.3092497e-10
-1.2969999e-10
-1.2677498e-10
-1.3154999e-10
-1.2557497e-10
-1.3092499e-10
-1.3164998e-10
-1.2992499e-10
-1.3097499e-10
-1.3164998e-10
-1.2754998e-10
-1.3112499e-10
-1.2862499e-10
-1.3079998e-10
-1.3004998e-10
-1.2927499e-10
-1.3109998e-10
-1.3142498e-10
-1.3045e-10
-1.2722501e-10
-1.31025e-10
-1.2822499e-10
-1.3182498e-10
-1.2667499e-10
-1.2885e-10
-1.3099999e-10
-1.3004998e-10
-1.3107498e-10
-1.3117499e-10
-1.3162499e-10
-1.2922498e-10
-1.3209998e-10
-1.2787499e-10
-1.2917498e-10
-1.3002499e-10
-1.2972499e-10
-1.2894998e-10
-1.30175e-10
-1.3074999e-10
-1.2884999e-10
-1.2867502e-10
-1.2977498e-10
-1.2779999e-10
-1.3079998e-10
-1.2747498e-10
-1.2904999e-10
-1.2832499e-10
-1.2929999e-10
-1.2887499e-10
-1.3017498e-10
-1.28925e-10
-1.3114997e-10
-1.2852498e-10
-1.2927499e-10
-1.296e-10
-1.309e-10
-1.3172499e-10
-1.3092499e-10
-1.2954998e-10
-1.2964999e-10
-1.2862499e-10
-1.2982498e-10
-1.277e-10
-1.3179999e-10
-1.2847498e-10
-1.3134999e-10
-1.263e-10
-1.27325e-10
-1.287e-10
-1.3075001e-10
-1.2657499e-10
-1.2880001e-10
-1.2939999e-10
-1.292e-10
-1.3097499e-10
-1.2897498e-10
-1.3082499e-10
-1.2874998e-10
-1.29575e-10
-1.3149998e-10
-1.2987497e-10
-1.3007501e-10
-1.2982498e-10
-1.2987499e-10
-1.3157499e-10
-1.2909999e-10
-1.2962502e-10
-1.2889999e-10
-1.2845e-10
-1.2944999e-10
-1.3079998e-10
-1.2785001e-10
-1.3079998e-10
-1.30175e-10
-1.3189999e-10
-1.3009999e-10
-1.2947497e-10
-1.3157497e-10
-1.2874998e-10
-1.3047499e-10
-1.3092499e-10
-1.2767498e-10
-1.2834998e-10
-1.29325e-10
-1.288e-10
-1.2922499e-10
-1.2892498e-10
-1.3160001e-10
-1.28525e-10
-1.2872499e-10
-1.3067498e-10
-1.3224999e-10
-1.3032497e-10
-1.3055e-10
-1.2954998e-10
-1.3069998e-10
-1.3062501e-10
-1.3099999e-10
-1.3024999e-10
-1.2912499e-10
-1.2922499e-10
-1.2892498e-10
-1.3010001e-10
-1.3149996e-10
-1.30225e-10
-1.3037499e-10
-1.2927499e-10
-1.3060002e-10
-1.2997499e-10
-1.3007501e-10
-1.3122499e-10
-1.2857498e-10
-1.3017498e-10
-1.3134999e-10
-1.3152497e-10
-1.2682499e-10
-1.2747499e-10
-1.2745001e-10
-1.2842499e-10
-1.2737499e-10
-1.2967498e-10
-1.3014999e-10
-1.2962499e-10
-1.2967499e-10
-1.3035001e-10
-1.2979999e-10
-1.2849999e-10
-1.3114999e-10
-1.2664998e-10
-1.2989998e-10
-1.29775e-10
-1.3072499e-10
-1.3122499e-10
-1.3024999e-10
-1.2824999e-10
-1.29525e-10
-1.3109999e-10
-1.3074999e-10
-1.29875e-10
-1.3357498e-10
-1.2842499e-10
-1.3272498e-10
-1.30325e-10
-1.3007501e-10
-1.306e-10
-1.3027499e-10
-1.2907499e-10
-1.309e-10
-1.27725e-10
-1.2939999e-10
-1.2987499e-10
-1.3052498e-10
-1.2864999e-10
-1.2734999e-10
-1.2814999e-10
-1.3e-10
-1.2962496e-10
-1.2897501e-10
-1.28675e-10
-1.2842498e-10
-1.2837498e-10
-1.31e-10
-1.2872499e-10
-1.3132498e-10
-1.2885e-10
-1.3074998e-10
-1.28925e-10
-1.302e-10
-1.283e-10
-1.312e-10
-1.3212499e-10
-1.2777499e-10
-1.3109999e-10
-1.3304997e-10
-1.28975e-10
-1.2927498e-10
-1.29525e-10
-1.2965e-10
-1.31275e-10
-1.2952499e-10
-1.2827499e-10
-1.29925e-10
-1.308e-10
-1.2875e-10
-1.3079998e-10
-1.2729999e-10
-1.305e-10
-1.29825e-10
-1.2917499e-10
-1.3007499e-10
-1.2924999e-10
-1.2947497e-10
-1.3084998e-10
-1.2949998e-10
-1.27675e-10
-1.2962499e-10
-1.2975e-10
-1.29575e-10
-1.3137499e-10
-1.2919998e-10
-1.31275e-10
-1.2967498e-10
-1.2852498e-10
-1.3029999e-10
-1.2957498e-10
-1.3062501e-10
-1.3055e-10
-1.31975e-10
-1.27825e-10
-1.29775e-10
-1.2967499e-10
-1.2944999e-10
-1.3009999e-10
-1.2879998e-10
-1.2889997e-10
-1.2847498e-10
-1.3212499e-10
-1.2972499e-10
-1.29775e-10
-1.2985001e-10
-1.2842499e-10
-1.29325e-10
-1.3004998e-10
-1.3057501e-10
-1.2989999e-10
-1.30575e-10
-1.3167499e-10
-1.2812498e-10
-1.3034999e-10
-1.2864999e-10
-1.3212499e-10
-1.3057498e-10
-1.2749998e-10
-1.2965001e-10
-1.3137498e-10
-1.2947499e-10
-1.2894999e-10
-1.2719999e-10
-1.2964999e-10
-1.3092499e-10
-1.2997498e-10
-1.3084997e-10
-1.2685e-10
-1.2742499e-10
-1.2844997e-10
-1.2972498e-10
-1.2989999e-10
-1.29025e-10
-1.292e-10
-1.29375e-10
-1.3007499e-10
-1.2917499e-10
-1.2972499e-10
-1.2782499e-10
-1.30625e-10
-1.2987499e-10
-1.2774999e-10
-1.28275e-10
-1.2752499e-10
-1.2929999e-10
-1.3099997e-10
-1.2824999e-10
-1.2914998e-10
-1.2939999e-10
-1.2939999e-10
-1.2607498e-10
-1.3007499e-10
-1.2847499e-10
-1.2852498e-10
-1.2914998e-10
-1.2794998e-10
-1.2779998e-10
-1.2800001e-10
-1.29775e-10
-1.3052499e-10
-1.2724999e-10
-1.2864999e-10
-1.30175e-10
-1.2969999e-10
-1.2855e-10
-1.2712499e-10
-1.2959998e-10
-1.2842501e-10
-1.2784999e-10
-1.3005001e-10
-1.29425e-10
-1.2882499e-10
-1.2867499e-10
-1.2819999e-10
-1.2859999e-10
-1.29875e-10
-1.30775e-10
-1.2964999e-10
-1.2922499e-10
-1.3134999e-10
-1.288e-10
-1.2967498e-10
-1.2939999e-10
-1.2837499e-10
-1.28125e-10
-1.27025e-10
-1.2837498e-10
-1.3122499e-10
-1.309e-10
-1.2784999e-10
-1.283e-10
-1.3007499e-10
-1.2855e-10
-1.2979999e-10
-1.3119998e-10
-1.2685e-10
-1.2955e-10
-1.2955001e-10
-1.296e-10
-1.2964999e-10
-1.3197499e-10
-1.2644999e-10
-1.3237497e-10
-1.3082499e-10
-1.3357498e-10
-1.3384999e-10
-1.3104999e-10
-1.3030001e-10
-1.2982498e-10
-1.28975e-10
-1.2937501e-10
-1.3092499e-10
-1.2907499e-10
-1.3154999e-10
-1.3212499e-10
-1.2914998e-10
-1.3107501e-10
-1.3164998e-10
-1.2814999e-10
-1.2955e-10
-1.298e-10
-1.3377499e-10
-1.2814999e-10
-1.2875e-10
-1.3007499e-10
-1.2824999e-10
-1.2887499e-10
-1.2884999e-10
-1.2912499e-10
-1.2754998e-10
-1.2972498e-10
-1.325e-10
-1.3189999e-10
-1.3009999e-10
-1.2932498e-10
-1.3085e-10
-1.2977498e-10
-1.2892498e-10
-1.2845e-10
-1.3027499e-10
-1.2952499e-10
-1.3027499e-10
-1.3032497e-10
-1.2899999e-10
-1.3039998e-10
-1.2694999e-10
-1.2729999e-10
-1.2957499e-10
-1.2939999e-10
-1.2950001e-10
-1.2889999e-10
-1.29475e-10
-1.2762499e-10
-1.2972499e-10
-1.3014999e-10
-1.29925e-10
-1.3017498e-10
-1.27725e-10
-1.2887499e-10
-1.2787499e-10
-1.3092501e-10
-1.2995e-10
-1.2799999e-10
-1.27275e-10
-1.28275e-10
-1.3327499e-10
-1.2862499e-10
-1.2922498e-10
-1.29775e-10
-1.2834998e-10
-1.2972498e-10
-1.2855e-10
-1.3265e-10
-1.2884999e-10
-1.2964999e-10
-1.2944999e-10
-1.2962499e-10
-1.3204998e-10
-1.2972498e-10
-1.2909999e-10
-1.2957499e-10
-1.2987499e-10
-1.2900001e-10
-1.2939999e-10
-1.3129997e-10
-1.3064999e-10
-1.3007498e-10
-1.2917498e-10
-1.29775e-10
-1.3009999e-10
-1.2767498e-10
-1.2947499e-10
-1.2967499e-10
-1.2964997e-10
-1.3097499e-10
-1.2884999e-10
-1.30825e-10
-1.2787499e-10
-1.2792499e-10
-1.3004998e-10
-1.2999998e-10
-1.3259999e-10
-1.2922499e-10
-1.2979999e-10
-1.30175e-10
-1.3305e-10
-1.3169998e-10
-1.31175e-10
-1.3019999e-10
-1.30575e-10
-1.3147498e-10
-1.3177499e-10
-1.3002499e-10
-1.2922498e-10
-1.3074999e-10
-1.30175e-10
-1.3012499e-10
-1.3232498e-10
-1.3049999e-10
-1.2999998e-10
-1.29875e-10
-1.2919998e-10
-1.3242497e-10
-1.2802501e-10
-1.2992497e-10
-1.2974999e-10
-1.3057498e-10
-1.3012499e-10
-1.2984996e-10
-1.2769999e-10
-1.3095e-10
-1.2832499e-10
-1.2854999e-10
-1.3105e-10
-1.2984999e-10
-1.29825e-10
-1.2809999e-10
-1.2845e-10
-1.283e-10
-1.2677499e-10
-1.2997499e-10
-1.2799999e-10
-1.3062498e-10
-1.2854998e-10
-1.317e-10
-1.3052498e-10
-1.2769998e-10
-1.3029999e-10
-1.2987499e-10
-1.3094997e-10
-1.3067498e-10
-1.31475e-10
-1.2987499e-10
-1.2874997e-10
-1.2807501e-10
-1.29525e-10
-1.29075e-10
-1.3155001e-10
-1.2562498e-10
-1.2962499e-10
-1.3294998e-10
-1.3109998e-10
-1.3109999e-10
-1.3082499e-10
-1.3179999e-10
-1.3177498e-10
-1.3127498e-10
-1.3157499e-10
-1.3077499e-10
-1.3232498e-10
-1.32275e-10
-1.2967499e-10
-1.3162499e-10
-1.3189999e-10
-1.2897498e-10
-1.2869998e-10
-1.2862499e-10
-1.29775e-10
-1.3149998e-10
-1.2907499e-10
-1.3157499e-10
-1.3085e-10
-1.2965e-10
-1.3022498e-10
-1.3007499e-10
-1.294e-10
-1.3172499e-10
-1.31825e-10
-1.3087499e-10
-1.2857498e-10
-1.2975e-10
-1.3004998e-10
-1.3009999e-10
-1.2824999e-10
-1.29775e-10
-1.3197499e-10
-1.2834998e-10
-1.2965e-10
-1.2987499e-10
-1.2752499e-10
-1.2927499e-10
-1.3074999e-10
-1.28975e-10
-1.28075e-10
-1.28675e-10
-1.3037499e-10
-1.2854998e-10
-1.2892498e-10
-1.2904999e-10
-1.2779998e-10
-1.2874998e-10
-1.2824999e-10
-1.27275e-10
-1.3237499e-10
-1.2949999e-10
-1.2747499e-10
-1.3097499e-10
-1.29775e-10
-1.2875e-10
-1.3032499e-10
-1.2939998e-10
-1.3229999e-10
-1.3027499e-10
-1.2912499e-10
-1.2842501e-10
-1.2972499e-10
-1.321e-10
-1.2804999e-10
-1.2907499e-10
-1.2987499e-10
-1.2762499e-10
-1.297e-10
-1.2909999e-10
-1.3024998e-10
-1.2854999e-10
-1.31575e-10
-1.309e-10
-1.2979999e-10
-1.3147497e-10
-1.2934999e-10
-1.3139999e-10
-1.2807498e-10
-1.2805e-10
-1.2824999e-10
-1.2910001e-10
-1.28175e-10
-1.2909998e-10
-1.2917498e-10
-1.301e-10
-1.2889999e-10
-1.25325e-10
-1.3052498e-10
-1.28925e-10
-1.2867499e-10
-1.3259999e-10
-1.3085e-10
-1.3097499e-10
-1.28925e-10
-1.2929999e-10
-1.2819998e-10
-1.2792499e-10
-1.2864998e-10
-1.2969999e-10
-1.2979999e-10
-1.3074999e-10
-1.29025e-10
-1.2724999e-10
-1.2817498e-10
-1.2889999e-10
-1.285e-10
-1.3129998e-10
-1.3159999e-10
-1.3192498e-10
-1.284e-10
-1.2914998e-10
-1.2819998e-10
-1.3234999e-10
-1.2875e-10
-1.3222501e-10
-1.2794998e-10
-1.3137498e-10
-1.2839997e-10
-1.2987499e-10
-1.2849999e-10
-1.2909998e-10
-1.3087499e-10
-1.2792499e-10
-1.2927498e-10
-1.3049997e-10
-1.306e-10
-1.3054997e-10
-1.2689999e-10
-1.3225e-10
-1.3024999e-10
-1.2894999e-10
-1.3079998e-10
-1.2762498e-10
-1.2644998e-10
-1.28175e-10
-1.2877498e-10
-1.3029999e-10
-1.3074998e-10
-1.28625e-10
-1.3057498e-10
-1.288e-10
-1.2979999e-10
-1.2984999e-10
-1.2709998e-10
-1.2684999e-10
-1.2989998e-10
-1.2952499e-10
-1.3112499e-10
-1.28275e-10
-1.304e-10
-1.2894999e-10
-1.3104998e-10
-1.30625e-10
-1.2834998e-10
-1.29975e-10
-1.284e-10
-1.3095e-10
-1.288e-10
-1.2894999e-10
-1.2719999e-10
-1.3012499e-10
-1.2954998e-10
-1.32275e-10
-1.3089999e-10
-1.29325e-10
-1.2577499e-10
-1.2814999e-10
-1.3094997e-10
-1.2882501e-10
-1.2924999e-10
-1.3107498e-10
-1.2774998e-10
-1.283e-10
-1.2757499e-10
-1.2924999e-10
-1.2884999e-10
-1.2857497e-10
-1.3042499e-10
-1.3027499e-10
-1.27775e-10
-1.2882499e-10
-1.2822499e-10
-1.28675e-10
-1.2810002e-10
-1.28575e-10
-1.2854998e-10
-1.2749998e-10
-1.2899998e-10
-1.292e-10
-1.3062501e-10
-1.3002499e-10
-1.29425e-10
-1.2935e-10
-1.2882499e-10
-1.29925e-10
-1.2872499e-10
-1.2932501e-10
-1.2882499e-10
-1.2902497e-10
-1.29175e-10
-1.2842499e-10
-1.2837501e-10
-1.2672499e-10
-1.3070001e-10
-1.2865001e-10
-1.2887498e-10
-1.29025e-10
-1.3024999e-10
-1.2992499e-10
-1.2989999e-10
-1.285e-10
-1.2887499e-10
-1.2992499e-10
-1.3032499e-10
-1.2884999e-10
-1.2917499e-10
-1.3089999e-10
-1.3095e-10
-1.3030001e-10
-1.3049997e-10
-1.2814998e-10
-1.2977497e-10
-1.2977498e-10
-1.2847499e-10
-1.2982497e-10
-1.29775e-10
-1.292e-10
-1.301e-10
-1.2809999e-10
-1.3282499e-10
-1.306e-10
-1.2864998e-10
-1.3277499e-10
-1.2792499e-10
-1.3222498e-10
-1.3007499e-10
-1.3109999e-10
-1.3107498e-10
-1.3152497e-10
-1.3044998e-10
-1.28975e-10
-1.3002498e-10
-1.3002498e-10
-1.3382499e-10
-1.3007501e-10
-1.2990001e-10
-1.2992499e-10
-1.2862497e-10
-1.3074999e-10
-1.2912502e-10
-1.2815e-10
-1.2857498e-10
-1.3147498e-10
-1.2832498e-10
-1.31275e-10
-1.2864999e-10
-1.2942497e-10
-1.2957498e-10
-1.2942498e-10
-1.29775e-10
-1.2777499e-10
-1.304e-10
-1.292e-10
-1.285e-10
-1.28225e-10
-1.2972499e-10
-1.3132499e-10
-1.2969999e-10
-1.2859999e-10
-1.27475e-10
-1.2912499e-10
-1.3052498e-10
-1.2905002e-10
-1.29425e-10
-1.2897501e-10
-1.2942497e-10
-1.2832499e-10
-1.2992499e-10
-1.2832499e-10
-1.2910001e-10
-1.2759997e-10
-1.2887499e-10
-1.3137499e-10
-1.2592499e-10
-1.2904999e-10
-1.2904999e-10
-1.2849999e-10
-1.2917499e-10
-1.2897498e-10
-1.2927498e-10
-1.29075e-10
-1.2895e-10
-1.30175e-10
-1.2882499e-10
-1.3045e-10
-1.2739999e-10
-1.29425e-10
-1.2797499e-10
-1.2915e-10
-1.2955e-10
-1.2742497e-10
-1.30425e-10
-1.27675e-10
-1.321e-10
-1.284e-10
-1.2854999e-10
-1.305e-10
-1.2774999e-10
-1.288e-10
-1.2719999e-10
-1.3054997e-10
-1.2889999e-10
-1.28975e-10
-1.2914998e-10
-1.3109998e-10
-1.2784999e-10
-1.28975e-10
-1.2872499e-10
-1.2887499e-10
-1.2727498e-10
-1.2957499e-10
-1.3117497e-10
-1.30225e-10
-1.2937497e-10
-1.2969999e-10
-1.273e-10
-1.31475e-10
-1.3112499e-10
-1.2967501e-10
-1.2894998e-10
-1.301e-10
-1.3137499e-10
-1.2849999e-10
-1.2977498e-10
-1.3132501e-10
-1.2739998e-10
-1.2889997e-10
-1.2854999e-10
-1.2864999e-10
-1.3009999e-10
-1.3027499e-10
-1.3097498e-10
-1.3035001e-10
-1.2899998e-10
-1.2912499e-10
-1.2909999e-10
-1.3112499e-10
-1.2624998e-10
-1.2987499e-10
-1.2837499e-10
-1.2807498e-10
-1.268e-10
-1.29025e-10
-1.26425e-10
-1.2874998e-10
-1.2935e-10
-1.30175e-10
-1.2925e-10
-1.2830001e-10
-1.2932498e-10
-1.2877498e-10
-1.2907499e-10
-1.2649999e-10
-1.2847499e-10
-1.3109998e-10
-1.2664998e-10
-1.2934999e-10
-1.3002499e-10
-1.3039998e-10
-1.2924999e-10
-1.3024999e-10
-1.3064999e-10
-1.3042499e-10
-1.2794998e-10
-1.2857498e-10
-1.2922499e-10
-1.2697499e-10
-1.2700001e-10
-1.29825e-10
-1.2924999e-10
-1.2827499e-10
-1.3077499e-10
-1.2934999e-10
-1.3014999e-10
-1.2894999e-10
-1.2652497e-10
-1.2894999e-10
-1.3094999e-10
-1.3207498e-10
-1.2947499e-10
-1.2842499e-10
-1.3169997e-10
-1.2699999e-10
-1.3050001e-10
-1.2802499e-10
-1.3039998e-10
-1.2972498e-10
-1.301e-10
-1.3127499e-10
-1.2922499e-10
-1.3099999e-10
-1.2912499e-10
-1.3014999e-10
-1.2872499e-10
-1.3027499e-10
-1.2842497e-10
-1.3034998e-10
-1.30225e-10
-1.3044998e-10
-1.2944999e-10
-1.30725e-10
-1.2924999e-10
-1.3014999e-10
-1.3004998e-10
-1.305e-10
-1.2949998e-10
-1.2987499e-10
-1.2954998e-10
-1.27675e-10
-1.2832498e-10
-1.2915001e-10
-1.2992499e-10
-1.2989999e-10
-1.2699999e-10
-1.30175e-10
-1.2989998e-10
-1.2897501e-10
-1.2882499e-10
-1.3034999e-10
-1.2919998e-10
-1.2914998e-10
-1.31425e-10
-1.30375e-10
-1.3025001e-10
-1.30025e-10
-1.3097499e-10
-1.3009999e-10
-1.3042498e-10
-1.2659999e-10
-1.3154998e-10
-1.3159998e-10
-1.2964999e-10
-1.3032499e-10
-1.2909998e-10
-1.3047501e-10
-1.2815e-10
-1.3052499e-10
-1.3154999e-10
-1.3125e-10
-1.2924999e-10
-1.3164998e-10
-1.3042498e-10
-1.2954998e-10
-1.30375e-10
-1.2862499e-10
-1.28125e-10
-1.3137499e-10
-1.2874998e-10
-1.2962499e-10
-1.3017501e-10
-1.3019999e-10
-1.2989999e-10
-1.3024999e-10
-1.2984998e-10
-1.2875e-10
-1.2979999e-10
-1.284e-10
-1.2879998e-10
-1.2909999e-10
-1.3162499e-10
-1.2795e-10
-1.3007499e-10
-1.2857498e-10
-1.29325e-10
-1.2584998e-10
-1.2797501e-10
-1.2995e-10
-1.2802499e-10
-1.2792498e-10
-1.2844999e-10
-1.306e-10
-1.2904999e-10
-1.2784999e-10
-1.308e-10
-1.3144998e-10
-1.3097499e-10
-1.308e-10
-1.2997499e-10
-1.3059999e-10
-1.2772498e-10
-1.2842499e-10
-1.3169998e-10
-1.30575e-10
-1.2984999e-10
-1.3097497e-10
-1.29425e-10
-1.2809998e-10
-1.3149998e-10
-1.3009999e-10
-1.2927499e-10
-1.30675e-10
-1.3105e-10
-1.3062498e-10
-1.30675e-10
-1.30175e-10
-1.3177499e-10
-1.28275e-10
-1.2857498e-10
-1.3087498e-10
-1.3019999e-10
-1.3009999e-10
-1.2979999e-10
-1.2825002e-10
-1.3082499e-10
-1.2974999e-10
-1.3059998e-10
-1.2909999e-10
