1.7862498e-10
1.7895835e-10
1.8100001e-10
1.7391666e-10
1.76875e-10
1.8229168e-10
1.8033333e-10
1.8162499e-10
1.7541667e-10
1.7366665e-10
1.75625e-10
1.7479167e-10
1.7883334e-10
1.80875e-10
1.8345835e-10
1.7933334e-10
1.7549999e-10
1.8283333e-10
1.7887498e-10
1.7695832e-10
1.8104165e-10
1.7541665e-10
1.8099998e-10
1.7716667e-10
1.7591666e-10
1.7733333e-10
1.7325e-10
1.8158333e-10
1.7854167e-10
1.7645832e-10
1.7912498e-10
1.8308333e-10
1.7933331e-10
1.7229167e-10
1.745e-10
1.7508334e-10
1.7508332e-10
1.8170834e-10
1.8008332e-10
1.8095833e-10
1.7862499e-10
1.7770833e-10
1.7799999e-10
1.7799999e-10
1.8370834e-10
1.7916667e-10
1.7583333e-10
1.7725001e-10
1.8045831e-10
1.7520833e-10
1.7708333e-10
1.8345832e-10
1.8120834e-10
1.773333e-10
1.7987499e-10
1.8245833e-10
1.8304165e-10
1.8412499e-10
1.7325e-10
1.7554165e-10
1.7641666e-10
1.7879165e-10
1.8016665e-10
1.8224999e-10
1.7937499e-10
1.82625e-10
1.7904167e-10
1.8316666e-10
1.7929166e-10
1.7820831e-10
1.7700001e-10
1.7533332e-10
1.7804166e-10
1.7645832e-10
1.7604165e-10
1.7862498e-10
1.7333333e-10
1.8199998e-10
1.8045833e-10
1.7674999e-10
1.7704166e-10
1.7904168e-10
1.8066665e-10
1.8075e-10
1.7608334e-10
1.7575e-10
1.7508334e-10
1.7816668e-10
1.7970833e-10
1.8075e-10
1.7712498e-10
1.7879166e-10
1.7850001e-10
1.7154166e-10
1.7366665e-10
1.8408335e-10
1.77e-10
1.7041667e-10
1.8091666e-10
1.7749999e-10
1.7908332e-10
1.7995834e-10
1.7929166e-10
1.7866666e-10
1.7641666e-10
1.7779168e-10
1.7241666e-10
1.8075001e-10
1.8233333e-10
1.7825e-10
1.79375e-10
1.7504168e-10
1.7716668e-10
1.8083333e-10
1.7883331e-10
1.8545833e-10
1.7520833e-10
1.78375e-10
1.8391667e-10
1.77e-10
1.7916665e-10
1.8154166e-10
1.7733333e-10
1.7345832e-10
1.7699998e-10
1.8283333e-10
1.805e-10
1.8741667e-10
1.78125e-10
1.7662498e-10
1.7974999e-10
1.8141666e-10
1.77e-10
1.7458332e-10
1.8241668e-10
1.8587501e-10
1.7279166e-10
1.8629168e-10
1.8087501e-10
1.7533333e-10
1.8183334e-10
1.8070834e-10
1.8429165e-10
1.8120833e-10
1.8641665e-10
1.8037499e-10
1.8254168e-10
1.775e-10
1.7654166e-10
1.7854165e-10
1.8041667e-10
1.79625e-10
1.8041665e-10
1.8187502e-10
1.79e-10
1.7683331e-10
1.8137498e-10
1.7858333e-10
1.7779166e-10
1.7795834e-10
1.8162499e-10
1.7320834e-10
1.7608334e-10
1.7833332e-10
1.7524998e-10
1.7616665e-10
1.7920833e-10
1.815e-10
1.7995833e-10
1.7625e-10
1.78125e-10
1.7845835e-10
1.8129166e-10
1.8016665e-10
1.7662501e-10
1.7716666e-10
1.72e-10
1.7983333e-10
1.7754166e-10
1.7762501e-10
1.7974999e-10
1.8199998e-10
1.8129166e-10
1.8204166e-10
1.7887498e-10
1.8e-10
1.7670833e-10
1.7745833e-10
1.8258331e-10
1.7883334e-10
1.7566665e-10
1.8358334e-10
1.8037499e-10
1.7979167e-10
1.8141666e-10
1.8050002e-10
1.7670833e-10
1.878333e-10
1.7733331e-10
1.8170833e-10
1.7720832e-10
1.8295832e-10
1.7725001e-10
1.7720832e-10
1.7837501e-10
1.7754168e-10
1.7733333e-10
1.7520832e-10
1.7325e-10
1.79625e-10
1.7966666e-10
1.7954166e-10
1.8108333e-10
1.7595833e-10
1.8120834e-10
1.7804165e-10
1.7841666e-10
1.7975001e-10
1.8225001e-10
1.7933331e-10
1.7837502e-10
1.8e-10
1.7570832e-10
1.8075001e-10
1.7816665e-10
1.7608333e-10
1.7929166e-10
1.7387498e-10
1.80875e-10
1.8154166e-10
1.7741666e-10
1.8270832e-10
1.7545833e-10
1.8229165e-10
1.7604165e-10
1.7883334e-10
1.8070834e-10
1.7724999e-10
1.8075e-10
1.7791667e-10
1.83875e-10
1.7779168e-10
1.7945832e-10
1.8e-10
1.775e-10
1.82125e-10
1.7508332e-10
1.8183331e-10
1.7670836e-10
1.7904164e-10
1.7933331e-10
1.7716667e-10
1.8020833e-10
1.8e-10
1.8100002e-10
1.8129166e-10
1.8566665e-10
1.7724998e-10
1.7733331e-10
1.7920833e-10
1.73125e-10
1.7662499e-10
1.8224999e-10
1.7866666e-10
1.8445831e-10
1.7379166e-10
1.7666665e-10
1.8745833e-10
1.7575e-10
1.7470832e-10
1.8020833e-10
1.80875e-10
1.8479167e-10
1.7124999e-10
1.7479167e-10
1.8483333e-10
1.7749999e-10
1.7491668e-10
1.7591666e-10
1.7412499e-10
1.7920833e-10
1.8120833e-10
1.7666667e-10
1.7920833e-10
1.7449998e-10
1.7929165e-10
1.7337497e-10
1.7937499e-10
1.8116665e-10
1.8374999e-10
1.8112498e-10
1.8083332e-10
1.7712498e-10
1.7666667e-10
1.8074996e-10
1.7820832e-10
1.8504166e-10
1.8008331e-10
1.7899998e-10
1.8208332e-10
1.8004166e-10
1.7445831e-10
1.8104165e-10
1.8037501e-10
1.7425e-10
1.7874999e-10
1.7783333e-10
1.8066666e-10
1.793333e-10
1.7937499e-10
1.7558333e-10
1.8120833e-10
1.82e-10
1.9020834e-10
1.7979167e-10
1.7649998e-10
1.7454167e-10
1.8350001e-10
1.8454167e-10
1.7704167e-10
1.82375e-10
1.79e-10
1.7612498e-10
1.7370833e-10
1.8033332e-10
1.7750001e-10
1.8304165e-10
1.7845832e-10
1.7454166e-10
1.7195832e-10
1.7870833e-10
1.8241667e-10
1.7804165e-10
1.8062501e-10
1.7883335e-10
1.7887498e-10
1.8308333e-10
1.7720833e-10
1.8416665e-10
1.8158335e-10
1.8008334e-10
1.8141666e-10
1.7866666e-10
1.7716667e-10
1.7362499e-10
1.8220833e-10
1.7374999e-10
1.7879166e-10
1.7708331e-10
1.7633334e-10
1.8058333e-10
1.8020832e-10
1.8454167e-10
1.7575e-10
1.7887498e-10
1.7641667e-10
1.7658333e-10
1.81375e-10
1.77125e-10
1.7379166e-10
1.8379165e-10
1.8004168e-10
1.8120831e-10
1.7600001e-10
1.7662498e-10
1.8108333e-10
1.75875e-10
1.7695832e-10
1.7779166e-10
1.7979165e-10
1.8137498e-10
1.8325001e-10
1.8170833e-10
1.8095833e-10
1.77625e-10
1.7945832e-10
1.7954167e-10
1.8112499e-10
1.7520835e-10
1.8499999e-10
1.81375e-10
1.7600001e-10
1.7770833e-10
1.79375e-10
1.8104165e-10
1.8054166e-10
1.7549998e-10
1.7762498e-10
1.7866666e-10
1.7620833e-10
1.8195835e-10
1.8208333e-10
1.7374999e-10
1.7579165e-10
1.78875e-10
1.7899998e-10
1.8095833e-10
1.7870834e-10
1.7704167e-10
1.78e-10
1.8537501e-10
1.7766667e-10
1.7329166e-10
1.7825001e-10
1.8058333e-10
1.8174999e-10
1.7541665e-10
1.7412501e-10
1.7708333e-10
1.7370833e-10
1.7704165e-10
1.8104167e-10
1.7662498e-10
1.75625e-10
1.8195831e-10
1.7850001e-10
1.7579165e-10
1.7804165e-10
1.8083333e-10
1.7704167e-10
1.7841666e-10
1.7412501e-10
1.7741666e-10
1.7804166e-10
1.8304165e-10
1.8454169e-10
1.7658332e-10
1.7895833e-10
1.8066666e-10
1.7245831e-10
1.7691668e-10
1.8166667e-10
1.7741666e-10
1.7408333e-10
1.7966667e-10
1.7162498e-10
1.793333e-10
1.7541667e-10
1.745e-10
1.7333333e-10
1.8195831e-10
1.7687499e-10
1.8174999e-10
1.8116665e-10
1.7549999e-10
1.8191668e-10
1.8037499e-10
1.7616666e-10
1.8079166e-10
1.8016665e-10
1.8179165e-10
1.7708333e-10
1.7804165e-10
1.7666665e-10
1.792083e-10
1.7924999e-10
1.7941666e-10
1.8074996e-10
1.6695832e-10
1.8170833e-10
1.8129166e-10
1.7362499e-10
1.88875e-10
1.7595835e-10
1.8145833e-10
1.7874999e-10
1.7541665e-10
1.8508332e-10
1.8104167e-10
1.7849998e-10
1.7804165e-10
1.8095833e-10
1.7674999e-10
1.79e-10
1.749583e-10
1.7483333e-10
1.8674999e-10
1.7804166e-10
1.7704167e-10
1.7558333e-10
1.7912499e-10
1.7558331e-10
1.8275e-10
1.8087501e-10
1.8695832e-10
1.7520833e-10
1.7775e-10
1.8216664e-10
1.7524998e-10
1.7991665e-10
1.8124999e-10
1.77e-10
1.7870831e-10
1.79375e-10
1.745e-10
1.7420833e-10
1.7716668e-10
1.84e-10
1.7558333e-10
1.7533332e-10
1.8162499e-10
1.7966668e-10
1.7870834e-10
1.7974999e-10
1.7833332e-10
1.8425e-10
1.7741668e-10
1.7629166e-10
1.8020832e-10
1.8037499e-10
1.7537501e-10
1.8070831e-10
1.7408332e-10
1.8245833e-10
1.7791665e-10
1.8041665e-10
1.8516665e-10
1.7870834e-10
1.8333332e-10
1.8649998e-10
1.9366665e-10
1.8770833e-10
1.99625e-10
2.0045833e-10
2.1216666e-10
2.2283332e-10
2.2958334e-10
2.4129165e-10
2.5079167e-10
2.6612498e-10
2.6508334e-10
2.7824998e-10
2.9450001e-10
3.00375e-10
3.1249997e-10
3.2866668e-10
3.3483336e-10
3.3745834e-10
3.5241671e-10
3.5475001e-10
3.52125e-10
3.6820832e-10
3.5916667e-10
3.6941666e-10
3.7337503e-10
3.7091669e-10
3.8908332e-10
3.7495831e-10
3.7833331e-10
3.8783332e-10
3.84375e-10
3.8504167e-10
3.9616668e-10
3.9025003e-10
3.8895831e-10
3.9920836e-10
4.0025e-10
3.9950002e-10
4.0529166e-10
4.0183334e-10
4.0687501e-10
4.0600004e-10
4.0025006e-10
4.0358333e-10
4.0749998e-10
4.05875e-10
4.0308332e-10
4.0316669e-10
3.9541667e-10
4.0916667e-10
4.0045836e-10
3.9200007e-10
3.9954168e-10
4.0195836e-10
4.0504167e-10
4.0245834e-10
4.0195836e-10
3.9258333e-10
3.9725007e-10
3.9862502e-10
3.9604167e-10
3.925e-10
3.9125006e-10
3.9183332e-10
3.9408335e-10
3.9700004e-10
3.9308329e-10
3.9225004e-10
3.9191667e-10
3.9408335e-10
3.9241668e-10
3.8704165e-10
3.9366668e-10
3.8979164e-10
3.9404163e-10
3.8870832e-10
3.8645834e-10
3.8924999e-10
3.9237499e-10
3.9275e-10
3.8829168e-10
3.8599998e-10
3.8741668e-10
3.7916667e-10
3.95625e-10
3.8720832e-10
3.8483333e-10
3.8420836e-10
3.8345835e-10
3.8816669e-10
3.8825002e-10
3.8620834e-10
3.8416664e-10
3.8933332e-10
3.8466669e-10
3.7366668e-10
3.8554168e-10
3.8141668e-10
3.8508333e-10
3.8804168e-10
3.8025003e-10
3.7858333e-10
3.8495834e-10
3.8145834e-10
3.8329165e-10
3.8829165e-10
3.8133333e-10
3.80625e-10
3.8195835e-10
3.7887501e-10
3.7958336e-10
3.7916667e-10
3.8387502e-10
3.7920836e-10
3.765e-10
3.7616665e-10
3.8095835e-10
3.81875e-10
3.8074999e-10
3.7145834e-10
3.83125e-10
3.7349998e-10
3.7354167e-10
3.8237502e-10
3.7566666e-10
3.7029166e-10
3.7037498e-10
3.7645834e-10
3.7437503e-10
3.7541664e-10
3.8020834e-10
3.7279166e-10
3.7045833e-10
3.7445835e-10
3.744583e-10
3.7058331e-10
3.6975001e-10
3.7125e-10
3.7720835e-10
3.6804165e-10
3.7304163e-10
3.6545833e-10
3.7249995e-10
3.7304168e-10
3.7137501e-10
3.7074999e-10
3.6170833e-10
3.6749997e-10
3.7033329e-10
3.6458334e-10
3.613333e-10
3.7304165e-10
3.5604167e-10
3.6804168e-10
3.6116671e-10
3.6425002e-10
3.67125e-10
3.5974998e-10
3.6162498e-10
3.6412501e-10
3.6516667e-10
3.6387501e-10
3.5325001e-10
3.5799999e-10
3.6879164e-10
3.5483333e-10
3.6075001e-10
3.5833331e-10
3.5637499e-10
3.5737499e-10
3.5837505e-10
3.5879172e-10
3.5770836e-10
3.5779163e-10
3.6083334e-10
3.5283332e-10
3.5566666e-10
3.5674999e-10
3.5516667e-10
3.5958334e-10
3.5512496e-10
3.5625e-10
3.5708334e-10
3.5262498e-10
3.6245834e-10
3.5833334e-10
3.5025002e-10
3.5291667e-10
3.5795839e-10
3.5958336e-10
3.5683334e-10
3.45875e-10
3.5779166e-10
3.4941663e-10
3.5341666e-10
3.5654166e-10
3.5575001e-10
3.510833e-10
3.4916667e-10
3.4929168e-10
3.5875e-10
3.4570835e-10
3.4983333e-10
3.5754169e-10
3.5541667e-10
3.4566663e-10
3.5233333e-10
3.510417e-10
3.4429168e-10
3.5024997e-10
3.5262498e-10
3.4545833e-10
3.5087497e-10
3.4425002e-10
3.4583333e-10
3.4904166e-10
3.485417e-10
3.5191669e-10
3.3991665e-10
3.4554168e-10
3.5249997e-10
3.4529166e-10
3.4466666e-10
3.4195832e-10
3.4595835e-10
3.4175002e-10
3.4645833e-10
3.4545836e-10
3.5341666e-10
3.4458336e-10
3.44375e-10
3.4479167e-10
3.4379166e-10
3.4879166e-10
3.4504169e-10
3.4679168e-10
3.3904166e-10
3.4441666e-10
3.4320832e-10
3.3716666e-10
3.5216666e-10
3.3620834e-10
3.3479169e-10
3.4533329e-10
3.3774994e-10
3.4674999e-10
3.4516665e-10
3.3837499e-10
3.4700001e-10
3.4041669e-10
3.4637498e-10
3.423333e-10
3.4345832e-10
3.4583333e-10
3.4162501e-10
3.4012496e-10
3.4566666e-10
3.4125e-10
3.4308328e-10
3.4041667e-10
3.3949998e-10
3.3883332e-10
3.3491665e-10
3.3908332e-10
3.395417e-10
3.4066669e-10
3.3562497e-10
3.3850001e-10
3.4004166e-10
3.3679165e-10
3.3691672e-10
3.3991665e-10
3.3608333e-10
3.3550002e-10
3.4279168e-10
3.3304171e-10
3.33125e-10
3.3345829e-10
3.3958333e-10
3.3308331e-10
3.3483333e-10
3.3783334e-10
3.3483336e-10
3.4120834e-10
3.3541667e-10
3.4058331e-10
3.3870831e-10
3.2733333e-10
3.3295838e-10
3.3799999e-10
3.3141664e-10
3.286667e-10
3.3245834e-10
3.3433331e-10
3.2804168e-10
3.3229167e-10
3.3804168e-10
3.3637498e-10
3.2954167e-10
3.3737504e-10
3.33125e-10
3.2600003e-10
3.3341668e-10
3.3308331e-10
3.2695832e-10
3.3399999e-10
3.2991662e-10
3.2979167e-10
3.3120834e-10
3.2833333e-10
3.2679162e-10
3.3133332e-10
3.2654171e-10
3.2687503e-10
3.2749997e-10
3.2716668e-10
3.25375e-10
3.2770836e-10
3.2429168e-10
3.3445829e-10
3.2749997e-10
3.2841668e-10
3.2479167e-10
3.3479167e-10
3.2508338e-10
3.285e-10
3.2562503e-10
3.2966668e-10
3.2949998e-10
3.3045833e-10
3.3150002e-10
3.2987499e-10
3.2316666e-10
3.2899999e-10
3.2516664e-10
3.2966663e-10
3.3191669e-10
3.2450001e-10
3.2512498e-10
3.3e-10
3.2766664e-10
3.2883335e-10
3.2062503e-10
3.1800002e-10
3.2804165e-10
3.2054168e-10
3.2212499e-10
3.2045833e-10
3.1933334e-10
3.3179168e-10
3.1958333e-10
3.2049999e-10
3.2354167e-10
3.214583e-10
3.1691666e-10
3.2349998e-10
3.2066666e-10
3.1479169e-10
3.2091665e-10
3.2429168e-10
3.1545833e-10
3.1700004e-10
3.2425002e-10
3.2420833e-10
3.2008335e-10
3.2066663e-10
3.2016662e-10
3.2020836e-10
3.1937503e-10
3.1470834e-10
3.1616668e-10
3.1495834e-10
3.2216668e-10
3.167083e-10
3.1258335e-10
3.1783337e-10
3.1358333e-10
3.1549999e-10
3.1670833e-10
3.2712497e-10
3.1512495e-10
3.2200001e-10
3.1958336e-10
3.2191663e-10
3.1166666e-10
3.1637501e-10
3.1199995e-10
3.1375e-10
3.1950001e-10
3.1620831e-10
3.1699993e-10
3.1579167e-10
3.2137498e-10
3.1529165e-10
3.1279165e-10
3.1404165e-10
3.0754166e-10
3.1637501e-10
3.1191669e-10
3.0887501e-10
3.1325001e-10
3.114583e-10
3.20375e-10
3.1387501e-10
3.1262498e-10
3.1187497e-10
3.1237501e-10
3.1095834e-10
3.0745831e-10
3.1262498e-10
3.1329167e-10
3.1808337e-10
3.1091668e-10
3.1770836e-10
3.1679165e-10
3.0845831e-10
3.2220832e-10
3.14125e-10
3.1995834e-10
3.1704167e-10
3.1354166e-10
3.1195835e-10
3.1691666e-10
3.1158334e-10
3.1691669e-10
3.1191666e-10
3.1045835e-10
3.1545833e-10
3.1320832e-10
3.1449998e-10
3.2020839e-10
3.0941663e-10
3.1841665e-10
3.1225003e-10
3.1233333e-10
3.1691666e-10
3.1308334e-10
3.0720834e-10
3.1408337e-10
3.0966668e-10
3.0883332e-10
3.1445829e-10
3.1445832e-10
3.142083e-10
3.1020833e-10
3.2024999e-10
3.0925001e-10
3.1204164e-10
3.1033337e-10
3.1020836e-10
3.0716668e-10
3.1525002e-10
3.1141664e-10
3.1545833e-10
3.0666666e-10
3.0733333e-10
3.0970834e-10
3.1224995e-10
3.0908331e-10
3.0762501e-10
3.1324995e-10
3.1245834e-10
3.1391664e-10
3.0108332e-10
3.1054168e-10
3.1358333e-10
3.0774996e-10
3.06e-10
3.0720831e-10
3.1441663e-10
3.0525002e-10
3.0262501e-10
3.1125e-10
3.0437503e-10
3.0891664e-10
3.09375e-10
3.0958333e-10
3.0804168e-10
3.0016667e-10
3.06625e-10
3.06625e-10
3.0354164e-10
3.0949995e-10
3.0416664e-10
3.0966668e-10
3.0437503e-10
3.0337499e-10
3.0895833e-10
3.0862501e-10
3.0258332e-10
2.9950001e-10
3.0604169e-10
3.0620834e-10
2.9929167e-10
3.1345831e-10
3.0516667e-10
3.0558328e-10
3.0675001e-10
3.0362499e-10
3.0104166e-10
3.0579167e-10
3.0333333e-10
3.0166666e-10
2.9925001e-10
3.0441666e-10
3.0137498e-10
3.0254166e-10
3.0545833e-10
3.0808336e-10
3.0475e-10
2.986667e-10
2.9833333e-10
3.0925001e-10
3.0220834e-10
3.0591665e-10
3.0995834e-10
3.0112499e-10
3.0591665e-10
3.0279165e-10
3.0970834e-10
3.0454167e-10
2.9883332e-10
3.0625e-10
3.0320838e-10
3.0395833e-10
3.0475e-10
3.0112501e-10
3.0458336e-10
3.0499997e-10
3.0608333e-10
3.00625e-10
3.0441666e-10
2.9495834e-10
2.9983335e-10
3.0820832e-10
3.01875e-10
3.01875e-10
3.0066666e-10
3.0016667e-10
3.00375e-10
3.008333e-10
3.0341668e-10
3.0466665e-10
3.1070835e-10
3.0479166e-10
2.9454164e-10
3.00375e-10
3.0120836e-10
3.0650002e-10
2.9754163e-10
3.0258332e-10
3.0087499e-10
3.0279168e-10
3.0479166e-10
3.03125e-10
3.0704164e-10
3.0412503e-10
3.1045833e-10
3.0575001e-10
3e-10
3.0233333e-10
3.0491662e-10
3.0333336e-10
3.0620834e-10
3.0308331e-10
2.9629163e-10
2.9899999e-10
3.0554168e-10
3.0125002e-10
3.0179162e-10
3.0254169e-10
3.0195832e-10
2.9837502e-10
3.0054167e-10
2.9829164e-10
3.0175001e-10
3.0349998e-10
2.9995831e-10
3.0233333e-10
3.0274999e-10
2.9416666e-10
2.9841668e-10
3.01875e-10
2.9929167e-10
2.9470834e-10
2.9775002e-10
2.958333e-10
2.9399999e-10
2.9595834e-10
2.9574998e-10
2.9375e-10
2.9945832e-10
2.9533334e-10
2.9808334e-10
2.9675001e-10
3.0929168e-10
2.9625e-10
3.007917e-10
3.0316669e-10
2.9654165e-10
3.0258332e-10
2.9629169e-10
2.9612499e-10
3.0258332e-10
3.0491665e-10
2.9887498e-10
2.9533329e-10
2.9908331e-10
2.98125e-10
2.9899996e-10
2.9816666e-10
2.9729166e-10
2.93125e-10
2.9354169e-10
2.9845831e-10
2.9954167e-10
2.9720834e-10
3.02875e-10
3.0025002e-10
2.952083e-10
2.9562497e-10
2.8975e-10
2.9854166e-10
2.9383335e-10
2.9170832e-10
2.9308334e-10
2.885e-10
2.970833e-10
2.9274999e-10
2.9233332e-10
2.8879166e-10
3.0016664e-10
3.01875e-10
2.9395833e-10
2.9766667e-10
2.9270833e-10
2.9433334e-10
2.98125e-10
2.9516664e-10
2.96625e-10
2.9691666e-10
2.9179167e-10
2.979583e-10
2.9054167e-10
2.8704164e-10
2.94125e-10
2.9333336e-10
2.9975e-10
2.9175004e-10
2.9133332e-10
2.9291666e-10
2.9241667e-10
2.9549999e-10
3.0087499e-10
2.8883332e-10
2.9024999e-10
2.9799999e-10
2.8862499e-10
2.9787497e-10
2.914583e-10
2.9254166e-10
2.8987499e-10
2.9470834e-10
2.92875e-10
2.8875002e-10
2.96e-10
2.9449998e-10
2.95375e-10
2.8808333e-10
2.9145836e-10
2.8474997e-10
2.9229166e-10
2.9779165e-10
2.8904165e-10
2.9270833e-10
2.91875e-10
2.8837499e-10
2.8670835e-10
2.9274999e-10
2.9483332e-10
2.9012501e-10
2.9316669e-10
2.8987499e-10
2.9025002e-10
2.9337499e-10
2.92875e-10
2.9145836e-10
2.9041666e-10
2.9504166e-10
2.8829164e-10
2.8841668e-10
2.9320829e-10
2.9458333e-10
2.9091665e-10
2.9133332e-10
2.9066666e-10
2.9137498e-10
2.9175001e-10
2.8904168e-10
2.9416666e-10
2.9162497e-10
2.8979166e-10
2.9075001e-10
2.9316669e-10
2.8854166e-10
2.9004169e-10
2.9183328e-10
2.910833e-10
2.8837499e-10
2.8991667e-10
2.8991665e-10
2.8708333e-10
2.9279168e-10
2.9108332e-10
2.8675001e-10
2.8979166e-10
2.9154162e-10
2.8966665e-10
2.8808336e-10
2.8095834e-10
2.8608335e-10
2.9337502e-10
2.9116667e-10
2.8479166e-10
2.8879166e-10
2.8195835e-10
2.8466662e-10
2.8691668e-10
2.8670835e-10
2.9108332e-10
2.8112498e-10
2.8729163e-10
2.9191669e-10
2.8462502e-10
2.8774999e-10
2.88125e-10
2.8312502e-10
2.8683333e-10
2.8066666e-10
2.8645833e-10
2.8712499e-10
2.8466665e-10
2.8629168e-10
2.8158331e-10
2.8779165e-10
2.8800001e-10
2.9370828e-10
2.8237498e-10
2.8733335e-10
2.8712502e-10
2.9020833e-10
2.889583e-10
2.8570835e-10
2.8512501e-10
2.8341671e-10
2.8375e-10
2.9333333e-10
2.8870834e-10
2.7854166e-10
2.8495833e-10
2.7987498e-10
2.8816666e-10
2.8091668e-10
2.8641667e-10
2.8295835e-10
2.7929167e-10
2.8612498e-10
2.87875e-10
2.7825001e-10
2.9079167e-10
2.7570835e-10
2.8041663e-10
2.8424998e-10
2.7808336e-10
2.8729166e-10
2.8333333e-10
2.7987498e-10
2.8891664e-10
2.8341668e-10
2.7829167e-10
2.8604169e-10
2.8383335e-10
2.8241667e-10
2.7958333e-10
2.874167e-10
2.8229166e-10
2.8329167e-10
2.8749997e-10
2.8933334e-10
2.839583e-10
2.8554165e-10
2.8020836e-10
2.8533337e-10
2.8612496e-10
2.8166669e-10
2.8304167e-10
2.7975e-10
2.8425001e-10
2.85625e-10
2.7945835e-10
2.8104166e-10
2.8033334e-10
2.7820832e-10
2.8445832e-10
2.7808333e-10
2.8904168e-10
2.8666666e-10
2.8237501e-10
2.8116665e-10
2.8e-10
2.8016664e-10
2.7941663e-10
2.8566666e-10
2.8458333e-10
2.8187497e-10
2.82875e-10
2.7962496e-10
2.8141667e-10
2.8091665e-10
2.8175001e-10
2.8637498e-10
2.8e-10
2.7929165e-10
2.8012498e-10
2.7904168e-10
2.8749997e-10
2.8004168e-10
2.8216668e-10
2.8174998e-10
2.7920832e-10
2.8400002e-10
2.8383332e-10
2.8195832e-10
2.8608335e-10
2.8062497e-10
2.7858332e-10
2.7799998e-10
2.8512498e-10
2.8654162e-10
2.7887501e-10
2.8195835e-10
2.8249997e-10
2.8475e-10
2.8429167e-10
2.8487504e-10
2.8075001e-10
2.8104166e-10
2.7529168e-10
2.8620836e-10
2.8329167e-10
2.8233335e-10
2.7766667e-10
2.7929167e-10
2.757917e-10
2.8445832e-10
2.8062497e-10
2.8158331e-10
2.8416663e-10
2.7595834e-10
2.8337505e-10
2.7408334e-10
2.8204164e-10
2.8458333e-10
2.7870833e-10
2.8291666e-10
2.7491667e-10
2.7970834e-10
2.7887501e-10
2.7570832e-10
2.8e-10
2.7679165e-10
2.7420832e-10
2.7933333e-10
2.7424998e-10
2.8549998e-10
2.7962502e-10
2.75625e-10
2.8066666e-10
2.7704167e-10
2.7566668e-10
2.7320837e-10
2.7958333e-10
2.8112498e-10
2.7058331e-10
2.7987498e-10
2.7170832e-10
2.7437502e-10
2.7525002e-10
2.7337499e-10
2.7795835e-10
2.7704167e-10
2.7479169e-10
2.6683333e-10
2.7708333e-10
2.7625e-10
2.8337502e-10
2.7558331e-10
2.6920832e-10
2.7812497e-10
2.7908334e-10
2.7733332e-10
2.7433331e-10
2.7616667e-10
2.7529168e-10
2.7662497e-10
2.75625e-10
2.7645833e-10
2.825e-10
2.7658331e-10
2.7566668e-10
2.7462496e-10
2.7845831e-10
2.7691666e-10
2.7712499e-10
2.8049998e-10
2.7770833e-10
2.7229166e-10
2.8400002e-10
2.8183333e-10
2.8379166e-10
2.7762501e-10
2.7491665e-10
2.8125002e-10
2.7420832e-10
2.7841665e-10
2.8033334e-10
2.7529165e-10
2.8241667e-10
2.7445832e-10
2.7833336e-10
2.7924996e-10
2.7458333e-10
2.7908337e-10
2.8191666e-10
2.7845831e-10
2.7791666e-10
2.7658331e-10
2.775e-10
2.7808333e-10
2.78125e-10
2.7745831e-10
2.7383334e-10
2.7995833e-10
2.7254168e-10
2.7312499e-10
2.7612501e-10
2.8049998e-10
2.7566668e-10
2.7833333e-10
2.7712499e-10
2.7454167e-10
2.7791666e-10
2.7483335e-10
2.7387498e-10
2.6862501e-10
2.7195837e-10
2.8045835e-10
2.7766667e-10
2.7420829e-10
2.7533328e-10
2.7233329e-10
2.6975e-10
2.7591665e-10
2.8112498e-10
2.8016664e-10
2.6945834e-10
2.6941666e-10
2.7491662e-10
2.7887501e-10
2.7316666e-10
2.7670832e-10
2.7229163e-10
2.7391669e-10
2.7237496e-10
2.8233332e-10
2.7304164e-10
2.6974997e-10
2.71e-10
2.70375e-10
2.7220834e-10
2.7508332e-10
2.6783334e-10
2.7454167e-10
2.7299998e-10
2.7670832e-10
2.74125e-10
2.7066666e-10
2.7362504e-10
2.7070832e-10
2.7966665e-10
2.6799998e-10
2.7337499e-10
2.7279165e-10
2.6608329e-10
2.7716665e-10
2.7116667e-10
2.7354163e-10
2.7012498e-10
2.6920835e-10
2.7083333e-10
2.7212502e-10
2.7070832e-10
2.6604166e-10
2.64125e-10
2.6608332e-10
2.7137501e-10
2.6541666e-10
2.6945832e-10
2.7000002e-10
2.7658334e-10
2.6908334e-10
2.7404168e-10
2.6533334e-10
2.70375e-10
2.6520833e-10
2.7137498e-10
2.7124999e-10
2.6808333e-10
2.7308336e-10
2.6512498e-10
2.7329161e-10
2.6724997e-10
2.6670835e-10
2.7195837e-10
2.7254166e-10
2.6979166e-10
2.6708333e-10
2.7249999e-10
2.66625e-10
2.7633335e-10
2.6754168e-10
2.6979163e-10
2.6762501e-10
2.7179164e-10
2.7100003e-10
2.6541666e-10
2.735e-10
2.6883332e-10
2.7000002e-10
2.7466665e-10
2.6708333e-10
2.66625e-10
2.6429167e-10
2.6125002e-10
2.6858335e-10
2.6954169e-10
2.6912497e-10
2.72875e-10
2.6758332e-10
2.6920829e-10
2.6220834e-10
2.7195834e-10
2.5925001e-10
2.6858332e-10
2.7295835e-10
2.7224997e-10
2.7279168e-10
2.7033334e-10
2.7575001e-10
2.6941666e-10
2.6429164e-10
2.6829164e-10
2.7270836e-10
2.6799998e-10
2.6700001e-10
2.7329167e-10
2.6408331e-10
2.7370831e-10
2.6579167e-10
2.6866667e-10
2.7374997e-10
2.7074998e-10
2.7029165e-10
2.6316668e-10
2.6691668e-10
2.6624999e-10
2.6341668e-10
2.6570834e-10
2.5904165e-10
2.6737501e-10
2.6887501e-10
2.6675001e-10
2.7266667e-10
2.6958333e-10
2.6249999e-10
2.6741667e-10
2.6766667e-10
2.58875e-10
2.6716668e-10
2.6949998e-10
2.6874999e-10
2.6495833e-10
2.6470831e-10
2.6091668e-10
2.6745833e-10
2.6220834e-10
2.6729163e-10
2.5454167e-10
2.6537497e-10
2.6108332e-10
2.6266667e-10
2.6545835e-10
2.6075e-10
2.6216668e-10
2.6050001e-10
2.5762498e-10
2.5866667e-10
2.652083e-10
2.6295835e-10
2.6316668e-10
2.6908334e-10
2.5883332e-10
2.6550001e-10
2.5195834e-10
2.6691666e-10
2.6370831e-10
2.6141667e-10
2.6887498e-10
2.5729166e-10
2.6887498e-10
2.6120833e-10
2.6679167e-10
2.6249999e-10
2.6491664e-10
2.65375e-10
2.7050001e-10
2.6949998e-10
2.6554167e-10
2.6112501e-10
2.6133334e-10
2.6474997e-10
2.6258334e-10
2.6383334e-10
2.6816666e-10
2.6483335e-10
2.6512501e-10
2.6279165e-10
2.6849997e-10
2.6099997e-10
2.6337499e-10
2.6045829e-10
2.6775002e-10
2.65375e-10
2.6154165e-10
2.6749999e-10
2.6187499e-10
2.6245833e-10
2.6975e-10
2.6483332e-10
2.6325001e-10
2.6124999e-10
2.6329167e-10
2.6483332e-10
2.6849997e-10
2.599583e-10
2.5833333e-10
2.6925001e-10
2.6308331e-10
2.5995833e-10
2.6320832e-10
2.5833333e-10
2.6374999e-10
2.6575001e-10
2.6325001e-10
2.6874999e-10
2.6208333e-10
2.6933336e-10
2.6491664e-10
2.7020833e-10
2.6154165e-10
2.605833e-10
2.61e-10
2.6325001e-10
2.6129168e-10
2.6554167e-10
2.6362501e-10
2.6383334e-10
2.6420835e-10
2.6024999e-10
2.6958336e-10
2.69125e-10
2.5633332e-10
2.6075e-10
2.6333333e-10
2.6379166e-10
2.6695837e-10
2.6295829e-10
2.5879163e-10
2.5966665e-10
2.6491667e-10
2.6824998e-10
2.6249999e-10
2.5666666e-10
2.5879165e-10
2.6075e-10
2.6379168e-10
2.5966662e-10
2.6633334e-10
2.6808333e-10
2.5883334e-10
2.5554167e-10
2.6470831e-10
2.5737501e-10
2.6333333e-10
2.6337502e-10
2.6120833e-10
2.5745833e-10
2.6266667e-10
2.6495833e-10
2.5291669e-10
2.5858335e-10
2.6499999e-10
2.6133332e-10
2.5895833e-10
2.6483335e-10
2.5566665e-10
2.5725003e-10
2.6254166e-10
2.5712499e-10
2.6358335e-10
2.6004168e-10
2.5920832e-10
2.5891664e-10
2.6237501e-10
2.5783334e-10
2.5620833e-10
2.6587496e-10
2.5958335e-10
2.6129163e-10
2.6129168e-10
2.6045832e-10
2.5933333e-10
2.6091665e-10
2.6037497e-10
2.5966665e-10
2.6170832e-10
2.5812499e-10
2.5599997e-10
2.5949998e-10
2.5737498e-10
2.5379168e-10
2.5716668e-10
2.5737498e-10
2.5487498e-10
2.5441665e-10
2.5762498e-10
2.5483335e-10
2.6029168e-10
2.587083e-10
2.6291666e-10
2.5337502e-10
2.5495833e-10
2.6237501e-10
2.499583e-10
2.5754165e-10
2.5137498e-10
2.5641667e-10
2.4837499e-10
2.5454167e-10
2.5433333e-10
2.4612498e-10
2.5554164e-10
2.5324998e-10
2.5283331e-10
2.6320832e-10
2.505833e-10
2.5383334e-10
2.52e-10
2.5224997e-10
2.5529168e-10
2.5545832e-10
2.5658334e-10
2.4716665e-10
2.5629168e-10
2.5187499e-10
2.5499999e-10
2.5479166e-10
2.4804164e-10
2.5649999e-10
2.580833e-10
2.4574998e-10
2.5575e-10
2.5899999e-10
2.5141667e-10
2.5641667e-10
2.56e-10
2.5449998e-10
2.5279168e-10
2.5345831e-10
2.545e-10
2.5629168e-10
2.5079169e-10
2.5641664e-10
2.4779165e-10
2.4704164e-10
2.5945834e-10
2.4916666e-10
2.5620833e-10
2.5724997e-10
2.5466665e-10
2.6262501e-10
2.5516667e-10
2.5249999e-10
2.5870833e-10
2.5404165e-10
2.5229166e-10
2.5354166e-10
2.5929167e-10
2.5816665e-10
2.5554167e-10
2.5733332e-10
2.4999999e-10
2.5858332e-10
2.5704164e-10
2.539583e-10
2.5754165e-10
2.5779165e-10
2.5779165e-10
2.5270835e-10
2.5629163e-10
2.5041666e-10
2.5354166e-10
2.5824998e-10
2.5550001e-10
2.545e-10
2.5404165e-10
2.5849997e-10
2.5520835e-10
2.5591665e-10
2.6316668e-10
2.5712499e-10
2.5670835e-10
2.5004165e-10
2.5141667e-10
2.5466665e-10
2.5362501e-10
2.5120836e-10
2.5483335e-10
2.5454167e-10
2.5345831e-10
2.6050001e-10
2.4987498e-10
2.5295829e-10
2.5962502e-10
2.5650002e-10
2.5258332e-10
2.5633332e-10
2.5066665e-10
2.4962502e-10
2.5508334e-10
2.4666666e-10
2.587083e-10
2.5058336e-10
2.558333e-10
2.5308336e-10
2.5149999e-10
2.4941663e-10
2.5966665e-10
2.539583e-10
2.4575e-10
2.5129168e-10
2.4745833e-10
2.5200003e-10
2.5129168e-10
2.5712499e-10
2.3899999e-10
2.5399999e-10
2.41625e-10
2.5383332e-10
2.4366667e-10
2.495e-10
2.4329166e-10
2.4808333e-10
2.495e-10
2.4825e-10
2.5166666e-10
2.4962502e-10
2.4754165e-10
2.4783331e-10
2.5075e-10
2.4699998e-10
2.5704164e-10
2.445e-10
2.4958333e-10
2.4891664e-10
2.4587499e-10
2.5420832e-10
2.4995833e-10
2.4912503e-10
2.5045832e-10
2.5270835e-10
2.5658331e-10
2.4804167e-10
2.484167e-10
2.5249999e-10
2.5237498e-10
2.4929167e-10
2.4845831e-10
2.5641667e-10
2.4891664e-10
2.4324998e-10
2.5533334e-10
2.5224997e-10
2.4091668e-10
2.5604172e-10
2.435e-10
2.485e-10
2.5445832e-10
2.5554167e-10
2.4816665e-10
2.4112501e-10
2.4958335e-10
2.4329166e-10
2.4595834e-10
2.4820832e-10
2.4966668e-10
2.5129168e-10
2.4629165e-10
2.5212499e-10
2.49125e-10
2.4858332e-10
2.5329167e-10
2.4745833e-10
2.4758334e-10
2.4591668e-10
2.5070832e-10
2.5462502e-10
2.5424998e-10
2.5604169e-10
2.4649999e-10
2.5004165e-10
2.5054167e-10
2.46375e-10
2.4541666e-10
2.57875e-10
2.4858335e-10
2.5066665e-10
2.5041666e-10
2.4991667e-10
2.4508331e-10
2.5408331e-10
2.530833e-10
2.4645833e-10
2.4212499e-10
2.5020833e-10
2.4883334e-10
2.5066665e-10
2.5187499e-10
2.4995833e-10
2.5399999e-10
2.4516666e-10
2.4720834e-10
2.56e-10
2.4245833e-10
2.5183333e-10
2.5166669e-10
2.4254165e-10
2.4608332e-10
2.5224994e-10
2.4845831e-10
2.5216665e-10
2.48875e-10
2.4791666e-10
2.43875e-10
2.4770833e-10
2.5124999e-10
2.4837499e-10
2.480833e-10
2.4604166e-10
2.4562499e-10
2.4970834e-10
2.5020835e-10
2.462083e-10
2.4104169e-10
2.4670832e-10
2.4533334e-10
2.483333e-10
2.4033334e-10
2.4962502e-10
2.4458335e-10
2.4604166e-10
2.4658334e-10
2.4729166e-10
2.4983332e-10
2.4362501e-10
2.4349997e-10
2.5045832e-10
2.4825003e-10
2.4245833e-10
2.4624996e-10
2.4812499e-10
2.474583e-10
2.4575e-10
2.4316668e-10
2.4483335e-10
2.4775001e-10
2.4212501e-10
2.4895833e-10
2.5141667e-10
2.4341668e-10
2.4304167e-10
2.4208333e-10
2.4274999e-10
2.46375e-10
2.4391666e-10
2.4554164e-10
2.4395833e-10
2.495e-10
2.4712501e-10
2.445e-10
2.4204166e-10
2.3933333e-10
2.3508334e-10
2.5566665e-10
2.4391669e-10
2.4091668e-10
2.4583333e-10
2.4191665e-10
2.4754165e-10
2.4550001e-10
2.4224997e-10
2.4424998e-10
2.5062497e-10
2.4195834e-10
2.4612498e-10
2.4349997e-10
2.435e-10
2.4233335e-10
2.3683333e-10
2.4258331e-10
2.4504165e-10
2.4379168e-10
2.4433333e-10
2.3945834e-10
2.42e-10
2.4845831e-10
2.43875e-10
2.3704166e-10
2.4341665e-10
2.42625e-10
2.4233332e-10
2.4058333e-10
2.4966665e-10
2.4454166e-10
2.42e-10
2.4204166e-10
2.4487498e-10
2.41375e-10
2.4845831e-10
2.4725003e-10
2.4470834e-10
2.3954164e-10
2.4058333e-10
2.4433333e-10
2.4066665e-10
2.4545832e-10
2.41375e-10
2.4466668e-10
2.5129168e-10
2.4120833e-10
2.4529168e-10
2.4237498e-10
2.38875e-10
2.4320834e-10
2.4474997e-10
2.3987498e-10
2.3799998e-10
2.4149999e-10
2.4287497e-10
2.4229166e-10
2.4529165e-10
2.4308333e-10
2.3825e-10
2.492917e-10
2.40375e-10
2.4149999e-10
2.4304167e-10
2.4458333e-10
2.5291669e-10
2.3979166e-10
2.3770833e-10
2.4070831e-10
2.46625e-10
2.3679167e-10
2.4012498e-10
2.3725e-10
2.4300001e-10
2.4916666e-10
2.3808333e-10
2.4337499e-10
2.4183333e-10
2.4170832e-10
2.4354166e-10
2.41375e-10
2.4283334e-10
2.4087501e-10
2.4758331e-10
2.4145833e-10
2.405833e-10
2.3995833e-10
2.4291666e-10
2.3633331e-10
2.4366667e-10
2.4391664e-10
2.4116667e-10
2.4054167e-10
2.4520833e-10
2.35375e-10
2.5050001e-10
2.3779165e-10
2.4225e-10
2.42625e-10
2.4283334e-10
2.4812499e-10
2.4291666e-10
2.3870833e-10
2.4083333e-10
2.4487498e-10
2.42875e-10
2.4204166e-10
2.4587501e-10
2.4487498e-10
2.4441665e-10
2.3975003e-10
2.4295835e-10
2.4112498e-10
2.4029168e-10
2.4225e-10
2.3974997e-10
2.4379165e-10
2.4762498e-10
2.4570831e-10
2.4408334e-10
2.4095834e-10
2.40375e-10
2.4654168e-10
2.4462499e-10
2.3820834e-10
2.4266666e-10
2.3933336e-10
2.4345834e-10
2.4133331e-10
2.4241667e-10
2.3816665e-10
2.3766669e-10
2.3787497e-10
2.4433333e-10
2.3975003e-10
2.3879168e-10
2.3645833e-10
2.3999999e-10
2.3795832e-10
2.3399999e-10
2.3837501e-10
2.3516666e-10
2.3420835e-10
2.4591668e-10
2.3304164e-10
2.3829166e-10
2.4483335e-10
2.4037497e-10
2.4050001e-10
2.3933333e-10
2.39125e-10
2.4337499e-10
2.3966668e-10
2.4666666e-10
2.4004168e-10
2.3720834e-10
2.35125e-10
2.4225003e-10
2.3554167e-10
2.3550001e-10
2.4041663e-10
2.3812499e-10
2.4174998e-10
2.3254168e-10
2.3858332e-10
2.4545835e-10
2.3495833e-10
2.3933333e-10
2.36625e-10
2.3541669e-10
2.3849997e-10
2.4345834e-10
2.3966665e-10
2.36375e-10
2.3499999e-10
2.3533334e-10
2.3729166e-10
2.3904165e-10
2.3737501e-10
2.4079166e-10
2.36625e-10
2.4079166e-10
2.3924998e-10
2.3758331e-10
2.3470834e-10
2.3695834e-10
2.3837499e-10
2.4204164e-10
2.36e-10
2.3345831e-10
2.3304167e-10
2.3537497e-10
2.4504165e-10
2.3591668e-10
2.41e-10
2.3941665e-10
2.3141668e-10
2.4262498e-10
2.35375e-10
2.3691665e-10
2.3941665e-10
2.3954166e-10
2.4320831e-10
2.4462501e-10
2.3116667e-10
2.3237499e-10
2.3641666e-10
2.3920835e-10
2.3533334e-10
2.4258334e-10
2.3325e-10
2.37625e-10
2.3562499e-10
2.3804167e-10
2.3525001e-10
2.4466668e-10
2.3479166e-10
2.3245833e-10
2.3616667e-10
2.37625e-10
2.412083e-10
2.3458332e-10
2.3629168e-10
2.3675001e-10
2.4012498e-10
2.3441665e-10
2.395e-10
2.3554167e-10
2.3762498e-10
2.4191665e-10
2.3966665e-10
2.3833333e-10
2.4383334e-10
2.3304164e-10
2.4274999e-10
2.3837501e-10
2.35375e-10
2.3999999e-10
2.3462501e-10
2.3091667e-10
2.37625e-10
2.3416666e-10
2.3516666e-10
2.4158334e-10
2.3670832e-10
2.3691665e-10
2.385e-10
2.3508334e-10
2.2895832e-10
2.3279165e-10
2.355833e-10
2.4033334e-10
2.3237501e-10
2.3858332e-10
2.3424998e-10
2.31625e-10
2.3991667e-10
2.3566668e-10
2.3179167e-10
2.33875e-10
2.3254167e-10
2.3158334e-10
2.3870833e-10
2.3241663e-10
2.3237501e-10
2.3012499e-10
2.3979163e-10
2.3524999e-10
2.2924998e-10
2.3533334e-10
2.3675001e-10
2.3808333e-10
2.3295832e-10
2.3516666e-10
2.3245832e-10
2.3475002e-10
2.3304167e-10
2.4020833e-10
2.3774999e-10
2.3624999e-10
2.3354166e-10
2.3999999e-10
2.3570834e-10
2.3604166e-10
2.3512498e-10
2.3591668e-10
2.3079165e-10
2.3095834e-10
2.387083e-10
2.2975e-10
2.3120834e-10
2.3124999e-10
2.2720831e-10
2.3575e-10
2.3225e-10
2.31625e-10
2.3900001e-10
2.345e-10
2.3270832e-10
2.3862498e-10
2.2804167e-10
2.3533334e-10
2.3329166e-10
2.3237498e-10
2.2999999e-10
2.3079164e-10
2.3454166e-10
2.3191668e-10
2.2887499e-10
2.37625e-10
2.3883331e-10
2.2729167e-10
2.3900001e-10
2.3154165e-10
2.3895833e-10
2.3337496e-10
2.3354166e-10
2.2975e-10
2.345e-10
2.3304167e-10
2.3791666e-10
2.3783331e-10
2.3987495e-10
2.2954168e-10
2.3204166e-10
2.3199999e-10
2.3283334e-10
2.3337501e-10
2.40375e-10
2.3141666e-10
2.3108335e-10
2.3424998e-10
2.3733332e-10
2.3566668e-10
2.3170833e-10
2.3045832e-10
2.32875e-10
2.2816667e-10
2.36375e-10
2.3416666e-10
2.2862499e-10
2.3112498e-10
2.3633331e-10
2.355833e-10
2.3337501e-10
2.3554164e-10
2.4420835e-10
2.3279165e-10
2.33875e-10
2.3595834e-10
2.3104164e-10
2.3337501e-10
2.3512498e-10
2.3591668e-10
2.3408334e-10
2.3866667e-10
2.2816665e-10
2.3299998e-10
2.2800001e-10
2.40375e-10
2.2437499e-10
2.3250001e-10
2.3487498e-10
2.3254167e-10
2.3454164e-10
2.42e-10
2.3433336e-10
2.3441665e-10
2.3299998e-10
2.2708332e-10
2.3537497e-10
2.3229167e-10
2.28875e-10
2.3095832e-10
2.2991666e-10
2.2899997e-10
2.3395835e-10
2.3712501e-10
2.36625e-10
2.2525001e-10
2.3341667e-10
2.3466665e-10
2.3649999e-10
2.2620834e-10
2.3337499e-10
2.3158334e-10
2.3283334e-10
2.2891666e-10
2.3108333e-10
2.2958332e-10
2.3304164e-10
2.2979167e-10
2.3316668e-10
2.2162498e-10
2.3287497e-10
2.3258333e-10
2.2779166e-10
2.3712501e-10
2.2904166e-10
2.3283334e-10
2.3162498e-10
2.2875001e-10
2.2758334e-10
2.3000001e-10
2.3325e-10
2.3070833e-10
2.2904166e-10
2.2662497e-10
2.3283334e-10
2.2754167e-10
2.2770832e-10
2.3091667e-10
2.3141666e-10
2.3529165e-10
2.2866666e-10
2.2679167e-10
2.2933334e-10
2.2904166e-10
2.3425001e-10
2.229583e-10
2.345e-10
2.3087497e-10
2.3429167e-10
2.3391669e-10
2.2945831e-10
2.3425001e-10
2.2816667e-10
2.2591665e-10
2.2524999e-10
2.2675001e-10
2.3016668e-10
2.2712499e-10
2.3254168e-10
2.3245832e-10
2.2991666e-10
2.3016668e-10
2.2849998e-10
2.2924999e-10
2.2979164e-10
2.2975e-10
2.2975e-10
2.3020832e-10
2.3004167e-10
2.3591668e-10
2.2850002e-10
2.3541666e-10
2.31625e-10
2.2620832e-10
2.3495833e-10
2.3237499e-10
2.2254167e-10
2.3066665e-10
2.3366667e-10
2.2499999e-10
2.3245832e-10
2.3116667e-10
2.3149999e-10
2.2408335e-10
2.24625e-10
2.2816665e-10
2.295e-10
2.2995833e-10
2.2895834e-10
2.2854167e-10
2.2879167e-10
2.2791666e-10
2.2483333e-10
2.3354166e-10
2.2629167e-10
2.3041667e-10
2.2475e-10
2.25875e-10
2.2654166e-10
2.3241667e-10
2.325833e-10
2.2275e-10
2.32875e-10
2.2679167e-10
2.2433336e-10
2.2775e-10
2.3308333e-10
2.3812502e-10
2.2504168e-10
2.2350001e-10
2.335e-10
2.3391666e-10
2.2291664e-10
2.2704165e-10
2.2925001e-10
2.2999999e-10
2.3687499e-10
2.2145834e-10
2.2345834e-10
2.2691667e-10
2.3129165e-10
2.3204166e-10
2.2383334e-10
2.2720831e-10
2.2795835e-10
2.3191667e-10
2.2529169e-10
2.2991667e-10
2.2579165e-10
2.2858333e-10
2.3591665e-10
2.2908332e-10
2.3495833e-10
2.2816667e-10
2.2370833e-10
2.32125e-10
2.3074999e-10
2.2425001e-10
2.2566667e-10
2.2670833e-10
2.2441668e-10
2.2579165e-10
2.27125e-10
2.23875e-10
2.2608332e-10
2.2904167e-10
2.2020834e-10
2.3045833e-10
2.2504167e-10
2.2512499e-10
2.22875e-10
2.3179166e-10
2.2779165e-10
2.2379164e-10
2.2762502e-10
2.2733333e-10
2.2487499e-10
2.2733335e-10
2.2454166e-10
2.2837497e-10
2.2549998e-10
2.1866665e-10
2.2374999e-10
2.3404165e-10
2.1549999e-10
2.2737499e-10
2.2199999e-10
2.2216667e-10
2.27125e-10
2.2083332e-10
2.2595835e-10
2.2883334e-10
2.2391666e-10
2.2279165e-10
2.2779166e-10
2.27e-10
2.2504167e-10
2.2083332e-10
2.2566664e-10
2.2612498e-10
2.2654167e-10
2.2574999e-10
2.2758333e-10
2.2062502e-10
2.2658329e-10
2.2670833e-10
2.2133333e-10
2.2758331e-10
2.2358333e-10
2.2712501e-10
2.2391666e-10
2.2520832e-10
2.2237501e-10
2.3008334e-10
2.2487498e-10
2.2308334e-10
2.2591665e-10
2.2304165e-10
2.2858332e-10
2.2979166e-10
2.2629168e-10
2.2433334e-10
2.1841666e-10
2.2045833e-10
2.2641668e-10
2.2195833e-10
2.2266665e-10
2.2525e-10
2.2104167e-10
2.2370832e-10
2.1879168e-10
2.2633333e-10
2.2645832e-10
2.2362498e-10
2.2045833e-10
2.293333e-10
2.2662501e-10
2.2295833e-10
2.2270834e-10
2.2641665e-10
2.2591662e-10
2.3016665e-10
2.2508331e-10
2.2608333e-10
2.2408334e-10
2.2674998e-10
2.2504167e-10
2.2883334e-10
2.2391666e-10
2.2524999e-10
2.2033333e-10
2.2958332e-10
2.2512499e-10
2.2725001e-10
2.3083332e-10
2.1712498e-10
2.2437499e-10
2.3108333e-10
2.2341666e-10
2.2079165e-10
2.2466665e-10
2.2616667e-10
2.243333e-10
2.2170829e-10
2.2649999e-10
2.2749998e-10
2.1350001e-10
2.2254162e-10
2.2124996e-10
2.2270832e-10
2.2370833e-10
2.3004164e-10
2.2466666e-10
2.2124999e-10
2.2050001e-10
2.2329166e-10
2.3050001e-10
2.254583e-10
2.2079165e-10
2.2529166e-10
2.2183334e-10
2.2308332e-10
2.2216667e-10
2.2454165e-10
2.2945831e-10
2.2058332e-10
2.2395834e-10
2.2279162e-10
2.2820831e-10
2.2583331e-10
2.2141665e-10
2.2479167e-10
2.2124999e-10
2.2191667e-10
2.2179167e-10
2.2399997e-10
2.3033332e-10
2.2124999e-10
2.2229167e-10
2.1641668e-10
2.2679165e-10
2.2470831e-10
2.1999999e-10
2.2270832e-10
2.2633333e-10
2.2091666e-10
2.22625e-10
2.1829165e-10
2.2704166e-10
2.2829166e-10
2.2183334e-10
2.1783332e-10
2.2033335e-10
2.1899998e-10
2.2541666e-10
2.2145834e-10
2.2404166e-10
2.1558332e-10
2.2758333e-10
2.2058333e-10
2.1800001e-10
2.1683334e-10
2.2099998e-10
2.2737499e-10
2.2429168e-10
2.2525e-10
2.2137499e-10
2.2516668e-10
2.2195833e-10
2.2720834e-10
2.2516668e-10
2.2033333e-10
2.2216666e-10
2.2637499e-10
2.1845835e-10
2.2512499e-10
2.22125e-10
2.2008331e-10
2.2691669e-10
2.2179165e-10
2.2116665e-10
2.1849998e-10
2.2379167e-10
2.2754167e-10
2.2116668e-10
2.1754167e-10
2.2620833e-10
2.215e-10
2.2341665e-10
2.1870833e-10
2.2575e-10
2.1720831e-10
2.2179165e-10
2.2108332e-10
2.24375e-10
2.2158334e-10
2.1666668e-10
2.2720831e-10
2.2566664e-10
2.1937499e-10
2.2487499e-10
2.2399999e-10
2.1949999e-10
2.2158332e-10
2.2241668e-10
2.2454166e-10
2.1620832e-10
2.2254168e-10
2.2908335e-10
2.1454166e-10
2.2241665e-10
2.2358333e-10
2.2054167e-10
2.2416667e-10
2.1887499e-10
2.2054167e-10
2.2237501e-10
2.2320833e-10
2.2304165e-10
2.2954166e-10
2.1862499e-10
2.1962498e-10
2.2066667e-10
2.199167e-10
2.2758333e-10
2.1858332e-10
2.2962497e-10
2.1745833e-10
2.2191665e-10
2.2762499e-10
2.2145834e-10
2.2633334e-10
2.1858335e-10
2.2158335e-10
2.2529165e-10
2.2566667e-10
2.2387499e-10
2.2395834e-10
2.2129165e-10
2.1987499e-10
2.1795833e-10
2.2195833e-10
2.2045832e-10
2.2483332e-10
2.1670835e-10
2.2191667e-10
2.2104167e-10
2.1779169e-10
2.2187498e-10
2.2241668e-10
2.1687499e-10
2.2208332e-10
2.2091666e-10
2.2066665e-10
2.2029165e-10
2.2179165e-10
2.2708332e-10
2.2254168e-10
2.1983332e-10
2.1929165e-10
2.1879165e-10
2.2599998e-10
2.2600001e-10
2.2375e-10
2.1720835e-10
2.2366665e-10
2.2025001e-10
2.1766665e-10
2.2612497e-10
2.1883335e-10
2.1554165e-10
2.2487498e-10
2.1729167e-10
2.1491667e-10
2.2683332e-10
2.2325e-10
2.1599998e-10
2.2387497e-10
2.1904166e-10
2.2370833e-10
2.2325002e-10
2.1616667e-10
2.2137497e-10
2.2641666e-10
2.2316667e-10
2.2308332e-10
2.1891668e-10
2.20625e-10
2.2245832e-10
2.2308333e-10
2.2599997e-10
2.2529166e-10
2.2158334e-10
2.1949999e-10
2.2116665e-10
2.2054165e-10
2.2316667e-10
2.1983335e-10
2.2379165e-10
2.2149997e-10
2.23375e-10
2.2087501e-10
2.20625e-10
2.1999998e-10
2.2504167e-10
2.2516668e-10
2.2070831e-10
2.1929165e-10
2.2091666e-10
2.1504168e-10
2.1849998e-10
2.1991667e-10
2.2195835e-10
2.3008333e-10
2.1379166e-10
2.1816665e-10
2.2229166e-10
2.1266668e-10
2.2262499e-10
2.1887499e-10
2.1850001e-10
2.1866667e-10
2.2229167e-10
2.1741667e-10
2.1770832e-10
2.2320834e-10
2.1666666e-10
2.2483332e-10
2.1458331e-10
2.2329166e-10
2.2283332e-10
2.1616664e-10
2.1850001e-10
2.2412501e-10
2.1783332e-10
2.2149999e-10
2.1816664e-10
2.2341665e-10
2.1979166e-10
2.17625e-10
2.2145832e-10
2.1945835e-10
2.1916668e-10
2.2099998e-10
2.2670833e-10
2.2083334e-10
2.1670833e-10
2.2329168e-10
2.1516668e-10
2.1791666e-10
2.2174998e-10
2.1745833e-10
2.2141666e-10
2.2320833e-10
2.1758333e-10
2.2283332e-10
2.2283332e-10
2.1970833e-10
2.1470833e-10
2.1904166e-10
2.1958334e-10
2.2058332e-10
2.2091667e-10
2.1737499e-10
2.2345832e-10
2.1287501e-10
2.2412498e-10
2.1470833e-10
2.2033332e-10
2.1866667e-10
2.19125e-10
2.1979166e-10
2.1695835e-10
2.1658335e-10
2.1425001e-10
2.1695833e-10
2.1924999e-10
2.1454166e-10
2.1591667e-10
2.1533332e-10
2.2654167e-10
2.1604167e-10
2.2149997e-10
2.1624999e-10
2.1879167e-10
2.2187499e-10
2.1737501e-10
2.1991665e-10
2.1424999e-10
2.2349998e-10
2.2033333e-10
2.1454166e-10
2.14625e-10
2.1741668e-10
2.1433331e-10
2.1849998e-10
2.1670833e-10
2.1691667e-10
2.1866667e-10
2.1654167e-10
2.20125e-10
2.3050001e-10
2.0891665e-10
2.1404166e-10
2.2204166e-10
2.1629167e-10
2.2162498e-10
2.1983332e-10
2.1383333e-10
2.1899998e-10
2.1749998e-10
2.1916667e-10
2.1645834e-10
2.2337497e-10
2.1391665e-10
2.1687499e-10
2.2262499e-10
2.1749999e-10
2.1816665e-10
2.1158335e-10
2.1833332e-10
2.1966665e-10
2.1570834e-10
2.2054167e-10
2.0937499e-10
2.1641666e-10
2.2383333e-10
2.1475e-10
2.1179165e-10
2.12e-10
2.1783331e-10
2.1779166e-10
2.19125e-10
2.1495834e-10
2.1695831e-10
2.19e-10
2.1295833e-10
2.2654165e-10
2.1233335e-10
2.0654167e-10
2.1870833e-10
2.1170833e-10
2.1791664e-10
2.2120836e-10
2.1641668e-10
2.1554165e-10
2.2070834e-10
2.1779166e-10
2.2179165e-10
2.1091666e-10
2.16625e-10
2.1975001e-10
2.1833334e-10
2.1658333e-10
2.1587501e-10
2.1374998e-10
2.1766665e-10
2.1350002e-10
2.2170833e-10
2.1604166e-10
2.1449999e-10
2.2199999e-10
2.1216667e-10
2.1570834e-10
2.1383331e-10
2.2112498e-10
2.1954166e-10
2.1216667e-10
2.2258331e-10
2.1133334e-10
2.1533333e-10
2.2133333e-10
2.1708332e-10
2.1841665e-10
2.1408332e-10
2.1599998e-10
2.19625e-10
2.1424999e-10
2.1995832e-10
2.1258331e-10
2.1758333e-10
2.1445833e-10
2.1791666e-10
2.1987499e-10
2.0962498e-10
2.1287498e-10
2.1608333e-10
2.11625e-10
2.1820834e-10
2.14625e-10
2.0949999e-10
2.1687499e-10
2.2149999e-10
2.2099998e-10
2.1054163e-10
2.1341666e-10
2.1945833e-10
2.1733333e-10
2.0770834e-10
2.1233333e-10
2.1808332e-10
2.1333334e-10
2.0995831e-10
2.1412498e-10
2.1887502e-10
2.1504167e-10
2.1570833e-10
2.2279165e-10
2.1183331e-10
2.1770832e-10
2.1587501e-10
2.2304167e-10
2.1737498e-10
2.1408335e-10
2.1720833e-10
2.1466667e-10
2.1129166e-10
2.2191665e-10
2.1908335e-10
2.1116668e-10
2.165e-10
2.1116667e-10
2.1695831e-10
2.1695831e-10
2.1729166e-10
2.1170835e-10
2.1220832e-10
2.1887499e-10
2.2054164e-10
2.1549998e-10
2.1674999e-10
2.1837501e-10
2.1183331e-10
2.1374998e-10
2.1387499e-10
2.1074996e-10
2.2224998e-10
2.2187496e-10
2.1329166e-10
2.2024997e-10
2.1441668e-10
2.16625e-10
2.2237499e-10
2.1558332e-10
2.1479167e-10
2.1800001e-10
2.105833e-10
2.2254169e-10
2.1020834e-10
2.16875e-10
2.1799999e-10
2.1741668e-10
2.2033333e-10
2.1325e-10
2.1708332e-10
2.1175001e-10
2.1316665e-10
2.1574999e-10
2.1754167e-10
2.1608332e-10
2.1116664e-10
2.1375e-10
2.1858333e-10
2.1420835e-10
2.1599998e-10
2.11625e-10
2.2029169e-10
2.0929167e-10
2.1337501e-10
2.1579166e-10
2.1745834e-10
2.0983333e-10
2.1683334e-10
2.1241668e-10
2.1041664e-10
2.1749998e-10
2.1387497e-10
2.1562502e-10
2.1137499e-10
2.1283333e-10
2.1079165e-10
2.2020832e-10
2.1908333e-10
2.154167e-10
2.1587497e-10
2.1308333e-10
2.1016665e-10
2.1195833e-10
2.2408334e-10
2.1649998e-10
2.1229168e-10
2.1916664e-10
2.1316668e-10
2.1733333e-10
2.1587501e-10
2.1487499e-10
2.1258333e-10
2.1970833e-10
2.1241665e-10
2.1300001e-10
2.1087501e-10
2.1745832e-10
2.0516665e-10
2.1758334e-10
2.1674999e-10
2.1616664e-10
2.1233333e-10
2.1037502e-10
2.0937499e-10
2.2041664e-10
2.1354166e-10
2.1720832e-10
2.1341666e-10
2.0970833e-10
2.1595833e-10
2.0699999e-10
2.1266665e-10
2.1133333e-10
2.0920833e-10
2.11375e-10
2.125e-10
2.0887497e-10
2.1279166e-10
2.0774998e-10
2.1120834e-10
2.1283332e-10
2.1212498e-10
2.0941666e-10
2.1874999e-10
2.1195833e-10
2.1458332e-10
2.1825e-10
2.1483332e-10
2.1437499e-10
2.0795832e-10
2.0779166e-10
2.1679165e-10
2.1100001e-10
2.1766668e-10
2.1141666e-10
2.1254168e-10
2.1141668e-10
2.1075e-10
2.1104166e-10
2.1479167e-10
2.1437499e-10
2.1025001e-10
2.1116665e-10
2.09625e-10
2.1437499e-10
2.2079165e-10
2.1266663e-10
2.1033332e-10
2.1141666e-10
2.0654166e-10
2.1366665e-10
2.11375e-10
2.1120833e-10
2.1799999e-10
2.1149998e-10
2.1137501e-10
2.1291664e-10
2.1174999e-10
2.1183336e-10
2.1458331e-10
2.1170833e-10
2.0954168e-10
2.1183334e-10
2.1104167e-10
2.1087501e-10
2.0745833e-10
2.1383333e-10
2.1183331e-10
2.1833334e-10
2.11375e-10
2.1225e-10
2.0949999e-10
2.1141668e-10
2.1374999e-10
2.1554165e-10
2.1045832e-10
2.0537499e-10
2.1616665e-10
2.1316665e-10
2.1441666e-10
2.1254168e-10
2.2020832e-10
2.1441665e-10
2.15e-10
2.1608333e-10
2.1179165e-10
2.0416664e-10
2.1470833e-10
2.0995833e-10
2.2145834e-10
2.1150001e-10
2.1666667e-10
2.0329165e-10
2.0620833e-10
2.1595833e-10
2.1316666e-10
2.1079165e-10
2.1445831e-10
2.1075001e-10
2.0874999e-10
2.1258333e-10
2.1533333e-10
2.1083334e-10
2.1775e-10
2.1225001e-10
2.1041667e-10
2.1308333e-10
2.0633333e-10
2.1354167e-10
2.1733332e-10
2.0741669e-10
2.1100001e-10
2.1429167e-10
2.12e-10
2.1283332e-10
2.0804167e-10
2.1141666e-10
2.1370833e-10
2.1429165e-10
2.0858335e-10
2.1099998e-10
2.1270832e-10
2.0995831e-10
2.1216666e-10
2.0954166e-10
2.1079166e-10
2.1062499e-10
2.1441669e-10
2.0720832e-10
2.1595833e-10
2.1300001e-10
2.15875e-10
2.1083332e-10
2.0408333e-10
2.1158329e-10
2.1495832e-10
2.1941667e-10
2.1604166e-10
2.0679168e-10
2.0787499e-10
2.1445833e-10
2.1112498e-10
2.1291666e-10
2.11875e-10
2.0595832e-10
2.1258333e-10
2.1654167e-10
2.1099998e-10
2.0804167e-10
2.09125e-10
2.0966667e-10
2.1070833e-10
2.1137497e-10
2.11625e-10
2.0924999e-10
2.1112499e-10
2.1091665e-10
2.1108333e-10
2.1333332e-10
2.117083e-10
2.0737499e-10
2.1424999e-10
2.10375e-10
2.1104164e-10
2.1566667e-10
2.1354164e-10
2.1195835e-10
2.0775e-10
2.0741668e-10
2.0708329e-10
2.1216666e-10
2.1245834e-10
2.0187499e-10
2.1129168e-10
2.0800001e-10
2.1704168e-10
2.1224998e-10
2.0383334e-10
2.0779166e-10
2.1112498e-10
2.1149998e-10
2.0270832e-10
2.1154166e-10
2.0945833e-10
2.0975001e-10
2.0166667e-10
2.1074999e-10
2.0783332e-10
2.0795833e-10
2.1308333e-10
2.0604166e-10
2.0704168e-10
2.0891668e-10
2.0937499e-10
2.045e-10
2.1904166e-10
2.11625e-10
2.0570834e-10
2.0774998e-10
2.0929165e-10
2.1095833e-10
2.1420833e-10
2.1245831e-10
2.07125e-10
2.0874999e-10
2.0754166e-10
2.0899997e-10
2.1116667e-10
2.1183331e-10
2.075e-10
2.1216663e-10
2.0583332e-10
2.1333334e-10
2.1358335e-10
2.1045833e-10
2.1329166e-10
2.1545832e-10
2.0083332e-10
2.15875e-10
2.0758334e-10
2.10625e-10
2.1354166e-10
2.0870834e-10
2.1708331e-10
2.1545833e-10
2.1154166e-10
2.0850001e-10
2.0720833e-10
2.1266663e-10
2.0724999e-10
2.0808333e-10
2.0904166e-10
2.0737499e-10
2.0883333e-10
2.1345832e-10
2.1112499e-10
2.0287501e-10
2.0904165e-10
2.08875e-10
2.0800001e-10
2.1091665e-10
2.1191666e-10
2.0170833e-10
2.1195833e-10
2.1337501e-10
2.1395832e-10
2.0558334e-10
2.0374999e-10
2.0520834e-10
2.1770834e-10
2.0858333e-10
2.1566665e-10
2.1329168e-10
2.0687499e-10
2.0716666e-10
2.0899997e-10
2.0745833e-10
2.1166666e-10
2.1549999e-10
2.0825e-10
2.1433331e-10
2.0695831e-10
2.0929168e-10
2.0191666e-10
2.0954166e-10
2.1608333e-10
2.0829166e-10
2.1037498e-10
2.1116665e-10
2.0829166e-10
2.15625e-10
2.1166667e-10
2.1112499e-10
2.0508334e-10
2.0520834e-10
2.1520832e-10
2.1375e-10
2.1191666e-10
2.1529166e-10
2.0745833e-10
2.1e-10
2.1641666e-10
2.0754168e-10
2.1370833e-10
2.0887499e-10
2.0304164e-10
2.0949999e-10
2.0741667e-10
2.0641665e-10
2.0916667e-10
2.0687499e-10
2.0787499e-10
2.1508333e-10
2.0841666e-10
2.1020832e-10
2.1091665e-10
2.0895831e-10
2.0466664e-10
2.0670833e-10
2.0787499e-10
2.0512501e-10
2.10375e-10
2.0795833e-10
2.1241667e-10
2.0612499e-10
2.0845833e-10
2.0783332e-10
2.1300001e-10
2.0258331e-10
2.1141665e-10
2.0866667e-10
2.13375e-10
2.1670833e-10
2.1325e-10
2.0570833e-10
2.0587501e-10
2.0879166e-10
2.1175001e-10
2.0883333e-10
2.0816664e-10
2.0504166e-10
2.0987498e-10
2.0804168e-10
2.1624999e-10
2.1083332e-10
2.0708334e-10
2.1391666e-10
2.08875e-10
2.1858333e-10
2.0808331e-10
2.0662499e-10
2.0820834e-10
2.1345833e-10
2.0975e-10
2.0766665e-10
2.0745833e-10
2.08125e-10
2.1108333e-10
2.1295833e-10
2.11875e-10
2.0566668e-10
2.0795833e-10
2.1004166e-10
2.0962501e-10
2.0995834e-10
2.1558333e-10
2.0608333e-10
2.0804165e-10
2.1554165e-10
2.1300001e-10
2.0904166e-10
2.0800001e-10
2.1158333e-10
2.1041667e-10
2.1283333e-10
2.0904167e-10
2.1075e-10
2.1179167e-10
2.1066666e-10
2.17875e-10
2.0666666e-10
2.1416667e-10
2.1508333e-10
1.9854166e-10
2.0695831e-10
2.1454168e-10
2.0658333e-10
2.1383333e-10
2.0749998e-10
2.1025e-10
2.1383335e-10
2.1270834e-10
2.1145832e-10
2.0720833e-10
2.1041666e-10
2.1462498e-10
2.0637497e-10
2.1199999e-10
2.1245833e-10
2.0583331e-10
2.1179165e-10
2.09375e-10
2.1191665e-10
2.1204168e-10
2.0404166e-10
2.1558334e-10
2.1383331e-10
2.0937499e-10
2.1141666e-10
2.0891666e-10
2.1029166e-10
2.09e-10
2.0799999e-10
2.1604167e-10
2.1070833e-10
2.09125e-10
2.1358333e-10
2.1279169e-10
2.0516665e-10
2.042083e-10
2.1212498e-10
2.0945833e-10
2.0958336e-10
2.1070834e-10
2.1233333e-10
2.1020834e-10
2.0195833e-10
2.1012501e-10
2.0370833e-10
2.0524998e-10
2.1624999e-10
2.0508334e-10
2.1e-10
2.0929168e-10
2.0408333e-10
2.1412501e-10
2.0358334e-10
2.0687499e-10
2.1054167e-10
2.05875e-10
2.0391665e-10
2.0858332e-10
2.0695831e-10
2.1283335e-10
2.1195833e-10
2.0595832e-10
2.0820834e-10
2.0525e-10
2.0679167e-10
2.075e-10
2.0408332e-10
2.1183334e-10
2.1237499e-10
2.0466666e-10
2.0550001e-10
2.0887499e-10
2.0575001e-10
2.1079165e-10
2.0191665e-10
2.0741668e-10
2.1629165e-10
2.1041666e-10
2.0475001e-10
2.0858332e-10
2.1025e-10
2.1616665e-10
2.1104166e-10
2.0508334e-10
2.0624998e-10
2.1045833e-10
2.00875e-10
2.1316666e-10
2.1066665e-10
2.1104166e-10
2.0983332e-10
2.08875e-10
2.1166666e-10
2.0683331e-10
2.0666666e-10
2.14625e-10
2.0554165e-10
2.0833334e-10
2.0979167e-10
2.0920835e-10
2.1066668e-10
2.1016665e-10
2.0766669e-10
2.0416667e-10
2.1008334e-10
2.0999999e-10
2.0829168e-10
2.0679165e-10
2.0645834e-10
2.145e-10
2.03375e-10
2.0474999e-10
2.1208332e-10
2.0949999e-10
2.0391665e-10
2.09125e-10
2.1279166e-10
2.0208331e-10
2.10375e-10
2.0529166e-10
2.0779166e-10
2.1062502e-10
2.1225001e-10
2.0333332e-10
2.075e-10
2.0945831e-10
2.1729167e-10
2.0895835e-10
2.0600001e-10
2.0662499e-10
2.05e-10
2.1029165e-10
2.0933331e-10
2.08125e-10
2.0954166e-10
2.0554164e-10
2.0158332e-10
2.0983332e-10
2.0570833e-10
2.05e-10
2.0820833e-10
2.0320834e-10
2.0712498e-10
2.0745833e-10
2.1054165e-10
2.0808333e-10
2.1412498e-10
2.0999998e-10
2.0854166e-10
2.0583334e-10
2.04e-10
2.1062499e-10
2.0362498e-10
2.1537498e-10
2.0287501e-10
2.1037501e-10
2.1162497e-10
2.094583e-10
2.0233333e-10
2.1329166e-10
2.0262497e-10
2.06875e-10
2.0604166e-10
2.1025001e-10
2.0658333e-10
2.1212501e-10
2.0070832e-10
2.0804167e-10
2.0891668e-10
2.1245833e-10
2.1062502e-10
2.1304167e-10
2.0833332e-10
2.0441665e-10
2.0683334e-10
2.0579166e-10
2.1258334e-10
2.1133334e-10
2.0337497e-10
2.0604167e-10
2.0708332e-10
2.0116667e-10
2.1445833e-10
2.0995833e-10
2.0929168e-10
2.0733333e-10
1.9920834e-10
2.0679165e-10
2.0533333e-10
2.0487498e-10
2.0979167e-10
2.0958334e-10
2.0183334e-10
2.09375e-10
2.0341667e-10
1.97e-10
2.0791666e-10
2.0858333e-10
2.0224999e-10
2.0195835e-10
2.0358333e-10
2.0791667e-10
2.0941666e-10
2.0287498e-10
2.0737501e-10
1.9720832e-10
2.0129166e-10
2.0662499e-10
2.0512499e-10
2.0354166e-10
2.0379168e-10
2.0395834e-10
2.095e-10
2.1291666e-10
1.9550002e-10
2.0616665e-10
2.0316666e-10
2.0954166e-10
2.0645832e-10
2.0454168e-10
2.0595835e-10
2.0566665e-10
2.0579168e-10
2.0224999e-10
2.0512499e-10
2.02e-10
2.0191668e-10
2.0325001e-10
2.1383333e-10
2.0533332e-10
1.9987501e-10
2.0408333e-10
2.0124999e-10
2.0483332e-10
2.1295835e-10
2.0666666e-10
2.0162501e-10
2.0725001e-10
2.0479167e-10
2.0383331e-10
2.1199999e-10
2.05125e-10
2.08125e-10
2.0983333e-10
2.0033332e-10
2.0550002e-10
1.9954166e-10
2.0133334e-10
2.0766665e-10
2.0870831e-10
2.0191668e-10
2.0137499e-10
2.0975001e-10
2.0233332e-10
2.0604166e-10
2.0229166e-10
2.0733333e-10
2.0070832e-10
2.0799999e-10
2.0699999e-10
2.0166667e-10
2.0654167e-10
2.0524998e-10
1.9870834e-10
2.1237498e-10
2.0504164e-10
1.9966667e-10
2.0449999e-10
2.0975e-10
2.0112502e-10
2.0429168e-10
2.08375e-10
2.07625e-10
2.0874998e-10
2.02125e-10
2.1204166e-10
2.0858332e-10
2.0362502e-10
2.1308331e-10
2.0470832e-10
2.0437499e-10
2.0037499e-10
2.0841667e-10
2.0712498e-10
2.0945831e-10
2.0233333e-10
1.965e-10
2.0495831e-10
2.0529164e-10
2.1183331e-10
2.0304165e-10
1.9825e-10
2.0570834e-10
2.0458334e-10
2.05125e-10
2.0095833e-10
1.9758332e-10
2.1087501e-10
2.0470833e-10
2.03875e-10
2.0962501e-10
2.0558333e-10
2.0245833e-10
2.0425001e-10
2.0966666e-10
2.0133334e-10
2.0595832e-10
2.0800001e-10
2.043333e-10
2.0779166e-10
2.0183334e-10
2.0941668e-10
2.0004166e-10
2.0387499e-10
1.9945832e-10
2.0208334e-10
2.0358333e-10
2.0424999e-10
2.0349998e-10
2.0191665e-10
1.9812499e-10
2.0154167e-10
2.0354167e-10
2.0604166e-10
2.0295834e-10
2.0316666e-10
2.0550001e-10
2.0470833e-10
2.0595833e-10
1.9779169e-10
1.9924999e-10
2.0379166e-10
2.0804164e-10
2.0158333e-10
2.0858332e-10
2.0541666e-10
1.9958332e-10
2.1091666e-10
2.0616668e-10
2.0308333e-10
1.9766667e-10
1.9954166e-10
2.0162502e-10
2.0541666e-10
2.0445833e-10
2.0154166e-10
2.0533332e-10
2.1075e-10
1.9991667e-10
2.0116667e-10
2.0595833e-10
1.9820834e-10
2.0633331e-10
2.0549999e-10
2.0520835e-10
2.0304164e-10
2.0583332e-10
2.0520834e-10
2.0504166e-10
2.0454165e-10
2.0612498e-10
2.07e-10
1.9875e-10
1.99625e-10
2.0858333e-10
2.00625e-10
2.0891665e-10
2.0133334e-10
1.9933331e-10
2.0416667e-10
2.0479167e-10
2.0229164e-10
1.9970832e-10
1.9845833e-10
2.0199997e-10
2.0533333e-10
2.0391666e-10
2.0099998e-10
2.0158335e-10
2.0395832e-10
2.0487499e-10
1.9870834e-10
2.0608333e-10
2.0358333e-10
2.065e-10
2.0491667e-10
2.0245831e-10
2.0570833e-10
2.0070832e-10
2.0674999e-10
1.9991667e-10
2.1087501e-10
2.0424999e-10
2.0679168e-10
2.0245833e-10
1.9783332e-10
2.0504166e-10
2.03125e-10
2.0275e-10
2.0262501e-10
2.0312499e-10
2.0495833e-10
2.0658333e-10
2.0608333e-10
2.0537499e-10
1.9845833e-10
2.0283332e-10
2.0483333e-10
2.0104166e-10
1.9966666e-10
1.9770834e-10
2.0862499e-10
2.0341664e-10
2.0591666e-10
2.0333334e-10
2.0512499e-10
2.0441668e-10
2.0420833e-10
2.0575e-10
2.0333331e-10
2.0416667e-10
2.0270835e-10
2.0383333e-10
2.0141665e-10
2.0208331e-10
2.0199999e-10
2.0241665e-10
2.0358332e-10
2.0491668e-10
1.9362499e-10
2.0133334e-10
2.03375e-10
1.9895832e-10
2.0516665e-10
2.0929167e-10
2.0270832e-10
2.0120833e-10
2.0054167e-10
2.0312499e-10
1.9875e-10
1.995e-10
2.0108333e-10
2.0158332e-10
2.0012499e-10
2.02625e-10
2.0566666e-10
2.0291667e-10
1.9970832e-10
2.0416666e-10
2.0041666e-10
2.0691665e-10
1.9870834e-10
2.0224999e-10
2.0100001e-10
1.9645834e-10
2.0766665e-10
2.0254164e-10
2.0325001e-10
1.9970833e-10
1.9874996e-10
2.0362499e-10
2.0379168e-10
2.0841667e-10
1.9891667e-10
2.0216666e-10
2.0254166e-10
1.9670833e-10
2.0045832e-10
2.073333e-10
2.0399998e-10
1.9037499e-10
2.0425001e-10
2.0874998e-10
2.0133335e-10
2.0333334e-10
2.0674998e-10
1.9912499e-10
1.9729164e-10
2.0408333e-10
2.0404166e-10
2.01375e-10
2.0599997e-10
2.0949999e-10
1.9966666e-10
2.0154167e-10
2.05625e-10
1.9866665e-10
2.1070834e-10
2.0429167e-10
2.0391668e-10
2.0108333e-10
1.9762499e-10
2.0299998e-10
2.0120836e-10
2.0325001e-10
2.0708331e-10
1.9879165e-10
2.0600001e-10
2.0075001e-10
2.044583e-10
2.0795832e-10
2.0091667e-10
2.0379166e-10
2.048333e-10
2.0195831e-10
2.0575e-10
2.0445833e-10
2.0116667e-10
2.0466666e-10
2.0437499e-10
2.0537498e-10
2.0020832e-10
2.0958332e-10
2.03125e-10
1.9862502e-10
2.0104166e-10
1.9979166e-10
2.0054168e-10
2.0141666e-10
2.0383334e-10
1.9962497e-10
2.0154166e-10
2.0208331e-10
1.9941666e-10
2.0029166e-10
2.0945835e-10
1.9970832e-10
2.0404167e-10
2.01875e-10
1.9937497e-10
2.0483333e-10
2.06375e-10
2.0266665e-10
1.9887499e-10
1.9870833e-10
1.9795833e-10
2.0416668e-10
2.05625e-10
1.9737499e-10
2.0166666e-10
2.0341666e-10
2.0279169e-10
2.0025e-10
2.1191666e-10
1.9683331e-10
1.9708332e-10
2.0779166e-10
2.0154166e-10
2.0308333e-10
2.0179165e-10
2.0304165e-10
1.96375e-10
1.9974999e-10
2.0550001e-10
2.0470832e-10
1.9604167e-10
1.9737501e-10
1.9741665e-10
1.9758332e-10
2.0583331e-10
2.0966667e-10
1.9787499e-10
2.0233333e-10
2.0024998e-10
2.0083334e-10
1.9733333e-10
2.0616665e-10
1.9891665e-10
1.9991665e-10
2.0533331e-10
1.9995834e-10
1.9704167e-10
1.9408332e-10
1.9779166e-10
1.9895834e-10
1.9350001e-10
2.0679167e-10
1.9879165e-10
1.9466666e-10
2.0149998e-10
1.9683334e-10
1.9808331e-10
2.0254168e-10
1.9804165e-10
1.9679167e-10
2.0020834e-10
2.0595835e-10
2.0204166e-10
1.97e-10
1.9970832e-10
2.0458334e-10
1.9325001e-10
1.9599998e-10
2.0487499e-10
1.9387499e-10
2.0241668e-10
1.97125e-10
1.9979168e-10
2.0124999e-10
1.9695832e-10
1.9579166e-10
2.0333332e-10
2.0141668e-10
2.0483333e-10
1.9608332e-10
1.9670834e-10
2e-10
2.0624999e-10
2.0170833e-10
1.9895834e-10
1.9325001e-10
1.9575e-10
2.0241665e-10
1.9804167e-10
2.0041666e-10
1.9379166e-10
1.9833332e-10
2.0183334e-10
1.9487499e-10
2.0654166e-10
2.0095833e-10
2.0141665e-10
1.9916667e-10
2.0116664e-10
1.9937499e-10
1.9679167e-10
2.0600001e-10
2.08375e-10
1.9270834e-10
1.9654167e-10
1.9983332e-10
1.9533335e-10
2.0616665e-10
2.0174999e-10
1.9837497e-10
2.0050001e-10
1.9854166e-10
1.9612498e-10
2.0749999e-10
1.9804162e-10
1.9825e-10
2.0399998e-10
1.9845833e-10
2.0049999e-10
2.00875e-10
1.995e-10
1.9975001e-10
1.9716667e-10
2.0050001e-10
2.0450001e-10
1.9279166e-10
2.0137499e-10
1.9941666e-10
2.0216667e-10
2.0308333e-10
2e-10
1.9820832e-10
1.9829166e-10
1.9620833e-10
1.9879168e-10
1.9620834e-10
1.9929167e-10
1.9579165e-10
1.9804165e-10
2.0408333e-10
2.0074999e-10
1.9600001e-10
2.0154164e-10
1.9941668e-10
1.9633331e-10
1.9924998e-10
2.0083332e-10
1.9679167e-10
2.07125e-10
1.9899997e-10
1.96875e-10
2.0312499e-10
1.9541664e-10
2.0316665e-10
2.0220831e-10
1.9995833e-10
2.0258334e-10
2.0520835e-10
2.0391668e-10
1.9970833e-10
2.0112498e-10
2.0116667e-10
2.00625e-10
1.9941665e-10
1.99375e-10
2.0183334e-10
2.0625e-10
1.9891666e-10
1.9724998e-10
1.99375e-10
1.9775e-10
2.0004166e-10
1.9983332e-10
2.0129168e-10
2.0629168e-10
1.9674999e-10
2.0566665e-10
2.0066666e-10
1.9845833e-10
2.0812502e-10
1.9679167e-10
1.9829167e-10
2.0041666e-10
1.9529166e-10
2.0454168e-10
1.9620834e-10
1.8954166e-10
1.9775e-10
1.9787499e-10
2.0495834e-10
2.0279169e-10
1.9945832e-10
2.0324999e-10
2.0470832e-10
2.0254166e-10
2.0237501e-10
1.9566666e-10
1.9791664e-10
2.0145835e-10
2.0149998e-10
2.0512501e-10
1.9695831e-10
2.0041667e-10
1.9766665e-10
1.9999999e-10
2.0154166e-10
2.0133335e-10
1.9445832e-10
2.0120833e-10
1.9691666e-10
1.9949999e-10
1.99625e-10
2.0116665e-10
2.0241667e-10
1.8862496e-10
1.9204166e-10
2.0437499e-10
1.9591666e-10
1.9891666e-10
1.97625e-10
1.9962501e-10
1.97e-10
1.9825001e-10
2.0275e-10
2.0654166e-10
1.9870833e-10
1.96375e-10
1.9708332e-10
1.9854167e-10
1.9845833e-10
2.0395834e-10
1.9708332e-10
1.9583334e-10
1.9404167e-10
1.9408333e-10
2.0412501e-10
1.9349998e-10
1.9858332e-10
2.0174999e-10
1.9166667e-10
1.9941666e-10
2.0124998e-10
1.9691666e-10
1.9949999e-10
1.9829166e-10
2.0149998e-10
1.9541667e-10
1.9637499e-10
1.9958332e-10
2.0291664e-10
2.0112499e-10
1.9599998e-10
1.9795833e-10
2.0308334e-10
1.9379168e-10
1.9712501e-10
2.0874999e-10
1.9291667e-10
2.0149998e-10
1.9820832e-10
1.9887499e-10
1.9887501e-10
1.9729164e-10
1.9754166e-10
1.9987498e-10
1.9770832e-10
1.9374999e-10
2.0183334e-10
1.9912499e-10
1.9916666e-10
1.9862499e-10
1.9741665e-10
1.9949999e-10
1.9758331e-10
1.99625e-10
2.01875e-10
1.9558333e-10
1.9941666e-10
2.0050001e-10
1.9816664e-10
1.97e-10
2.0325001e-10
1.9579166e-10
2.0091667e-10
1.9520832e-10
1.9766665e-10
1.9770832e-10
2.0345833e-10
2.0224998e-10
2.0916667e-10
1.9283335e-10
1.9791664e-10
2.0029169e-10
2.0516665e-10
1.9479168e-10
1.9891667e-10
1.9658333e-10
1.9695832e-10
1.9495831e-10
1.9987498e-10
1.98375e-10
2.0137499e-10
1.9520834e-10
1.9395834e-10
2.0612499e-10
1.9633332e-10
2.0220833e-10
2.015e-10
1.9866667e-10
1.9545833e-10
1.942083e-10
1.9912499e-10
2.04375e-10
2.0137499e-10
1.9674999e-10
1.95125e-10
1.9570834e-10
2.0154167e-10
1.9762501e-10
2.0095833e-10
2.0149998e-10
1.9362499e-10
1.9054165e-10
2.0608333e-10
1.9845832e-10
1.9591666e-10
1.9691666e-10
1.9833334e-10
1.9291665e-10
2.0179165e-10
2.0149998e-10
1.9574999e-10
1.9583334e-10
1.9166665e-10
2.0204168e-10
1.965e-10
1.9716666e-10
2.0579165e-10
2.02125e-10
1.9583335e-10
1.9716669e-10
1.9708331e-10
2.0112502e-10
2.0012499e-10
2.0262499e-10
1.9537499e-10
2.0220832e-10
2.0012499e-10
2.0266665e-10
2.0325e-10
1.9612499e-10
1.9133332e-10
1.9691666e-10
1.9445832e-10
1.9562502e-10
1.9566666e-10
2.0508333e-10
1.9629166e-10
1.9441666e-10
1.9766665e-10
1.9599997e-10
1.9329165e-10
1.9766667e-10
1.9745833e-10
1.9870834e-10
1.9375e-10
2.0266668e-10
2.0266668e-10
1.9808333e-10
1.9204165e-10
1.9891666e-10
2.0229167e-10
1.9920833e-10
2.0541664e-10
2.0308331e-10
1.9983332e-10
1.9745831e-10
1.9737499e-10
1.9545834e-10
1.9904166e-10
1.9979167e-10
1.9812499e-10
2.045e-10
1.9091664e-10
1.9862499e-10
2.0075e-10
2.0158335e-10
1.9791667e-10
1.9808333e-10
1.94625e-10
1.9858333e-10
2.0083334e-10
1.9345835e-10
1.9908332e-10
1.93375e-10
1.9862498e-10
2.0308334e-10
1.9883334e-10
1.9766665e-10
1.9591666e-10
1.9741668e-10
1.9970832e-10
2.0120834e-10
1.9754166e-10
1.9145832e-10
1.9966664e-10
2.0066666e-10
1.9554165e-10
2.0145834e-10
2.0008331e-10
1.9808333e-10
2.0254166e-10
1.9445832e-10
1.9487499e-10
2.0083332e-10
2.0233333e-10
1.9137499e-10
1.9945832e-10
1.9754166e-10
2.0174999e-10
2.0162498e-10
1.9900001e-10
1.9720832e-10
1.9991665e-10
2.0704168e-10
1.9495833e-10
1.9695832e-10
1.9770832e-10
2.0070831e-10
1.9733332e-10
1.9954167e-10
1.9741665e-10
1.9425e-10
2.0116665e-10
1.9429167e-10
2.0512497e-10
2.0187502e-10
2.0187499e-10
1.9991667e-10
2.0020832e-10
2.0104164e-10
1.9720832e-10
1.9674999e-10
2.0112498e-10
1.9949999e-10
1.9695831e-10
1.9516667e-10
2.0029164e-10
1.9491668e-10
1.9841666e-10
1.9920834e-10
1.9666667e-10
2.0004168e-10
1.9516667e-10
1.9504168e-10
1.93875e-10
2.0116665e-10
1.9779164e-10
2.0120833e-10
1.9816665e-10
2.0041666e-10
1.9520834e-10
1.9470832e-10
2.0008332e-10
1.9841666e-10
1.9699999e-10
2.0595833e-10
1.9720832e-10
1.9816666e-10
1.98875e-10
1.9883331e-10
1.9775001e-10
2.0112502e-10
2.0358333e-10
1.9570832e-10
1.9724999e-10
1.9945832e-10
1.9799999e-10
1.9704169e-10
2.0387499e-10
2.0562499e-10
1.9241665e-10
2.0279166e-10
1.9908332e-10
1.9429167e-10
1.9833335e-10
2.0179167e-10
2.0037499e-10
1.9395832e-10
1.9912501e-10
1.9675001e-10
2.0108333e-10
2.0299999e-10
2.0195831e-10
1.9341666e-10
2.0329165e-10
1.9862498e-10
1.9604166e-10
1.9545834e-10
1.9620834e-10
1.9416667e-10
2.0016665e-10
2.03125e-10
1.9420836e-10
2.0175001e-10
1.9845835e-10
1.9783332e-10
1.9979167e-10
2.0241667e-10
1.9841666e-10
1.98875e-10
1.9254166e-10
1.9674998e-10
1.9845833e-10
1.9758332e-10
1.9841664e-10
1.9412499e-10
1.9550001e-10
2.0499999e-10
1.9408332e-10
2.0025001e-10
1.9249999e-10
1.98875e-10
1.9620833e-10
1.9704169e-10
1.9412499e-10
1.9658333e-10
2.0041664e-10
1.9787499e-10
2.0029166e-10
1.9099998e-10
2.0316666e-10
1.9391666e-10
2.0320834e-10
1.9825001e-10
1.9487499e-10
1.9850001e-10
1.9858334e-10
2.015e-10
1.9491667e-10
1.9229167e-10
1.95875e-10
2.0399997e-10
2.0320835e-10
2.0333334e-10
1.9454167e-10
1.9391663e-10
2.02125e-10
1.9674999e-10
1.92625e-10
2.0112499e-10
2.0187499e-10
1.9112499e-10
2.0654166e-10
1.9429165e-10
1.9024998e-10
2.0029164e-10
1.9529164e-10
1.9691668e-10
2.0383334e-10
1.9100001e-10
1.9949999e-10
1.9674999e-10
1.9441668e-10
1.9737499e-10
1.9620834e-10
1.9670833e-10
1.9879166e-10
1.9374999e-10
2.0050002e-10
1.9687499e-10
1.9633334e-10
1.9925001e-10
1.9941666e-10
2.0266665e-10
1.9666666e-10
1.9154166e-10
2.0291666e-10
2.0204166e-10
2.0075e-10
1.9879165e-10
1.9941668e-10
1.9804165e-10
2.0554167e-10
1.9475001e-10
1.9379168e-10
1.9429165e-10
1.9862499e-10
1.9770832e-10
2.0120833e-10
1.9729167e-10
1.9579165e-10
1.9841664e-10
1.9412498e-10
2.0487501e-10
1.9491668e-10
1.9883334e-10
1.9404167e-10
1.9516665e-10
1.9612499e-10
1.9979166e-10
1.9854164e-10
1.9387499e-10
1.9545832e-10
1.9629166e-10
2.01875e-10
1.9704167e-10
1.9899998e-10
2.0270832e-10
1.9854166e-10
1.9462501e-10
2.0095835e-10
1.9491667e-10
1.9825001e-10
2.0100002e-10
1.9558333e-10
1.9208332e-10
1.9712501e-10
1.9341666e-10
1.9733333e-10
1.9374999e-10
1.9737498e-10
1.9575e-10
1.9674999e-10
2.0533332e-10
1.9699999e-10
1.9687497e-10
1.9891665e-10
1.97125e-10
1.9758332e-10
1.9216666e-10
2.0095832e-10
1.9841666e-10
1.9174999e-10
1.9745834e-10
2.0033332e-10
1.9016667e-10
2.0241668e-10
1.9075e-10
1.9679169e-10
1.9854164e-10
1.9362499e-10
1.9720832e-10
1.9820832e-10
1.9862499e-10
1.9441666e-10
1.97125e-10
1.9575e-10
1.9733333e-10
1.9679165e-10
1.9450001e-10
1.9254168e-10
1.96375e-10
1.9737498e-10
1.9916667e-10
1.9845831e-10
1.9054165e-10
2.0049999e-10
1.9975001e-10
1.9370833e-10
1.9545833e-10
1.9424999e-10
1.9612499e-10
1.9554164e-10
1.9883332e-10
1.93e-10
1.9308333e-10
1.9520831e-10
1.9591666e-10
1.9487499e-10
1.8874999e-10
1.9441666e-10
1.9699999e-10
1.9299999e-10
1.9508332e-10
2.0299999e-10
1.92625e-10
1.9362499e-10
2.0054165e-10
1.89625e-10
1.9208331e-10
2.0004164e-10
1.8979165e-10
1.9308334e-10
1.9874999e-10
1.9558333e-10
1.9487501e-10
1.90125e-10
1.9149998e-10
1.9258332e-10
1.9804165e-10
1.9920834e-10
1.9670833e-10
1.9349998e-10
1.9616665e-10
1.9604164e-10
1.9529169e-10
2.0099998e-10
1.9158332e-10
1.9225001e-10
1.9795833e-10
1.8941668e-10
1.9841666e-10
1.95875e-10
2.0087501e-10
1.9716667e-10
1.9991667e-10
1.9812499e-10
1.9829167e-10
1.9320834e-10
2.0187499e-10
1.9487499e-10
2.0224999e-10
1.8829167e-10
1.9504166e-10
1.9908333e-10
1.9800001e-10
1.8979167e-10
1.9816665e-10
1.9004166e-10
2.0237499e-10
1.9537499e-10
1.9312499e-10
1.9016667e-10
1.9554168e-10
1.9491665e-10
1.9866665e-10
1.9733333e-10
1.9204167e-10
1.9783332e-10
1.9854167e-10
1.9374999e-10
1.9124997e-10
1.9820834e-10
2.0187502e-10
1.9345832e-10
1.9883332e-10
1.9629166e-10
1.9525e-10
1.9783333e-10
1.9733332e-10
2.0195831e-10
1.9458331e-10
1.9533335e-10
1.9929167e-10
1.9525001e-10
1.9629166e-10
1.9229165e-10
1.9370833e-10
1.9683334e-10
1.9445832e-10
1.9437499e-10
1.9474998e-10
1.9258334e-10
1.9658333e-10
1.9941666e-10
1.9812499e-10
2.0424999e-10
1.9570834e-10
1.8895834e-10
1.9708331e-10
2.0054165e-10
1.98875e-10
1.9524998e-10
1.9154166e-10
2.0149998e-10
1.9495831e-10
2.0075e-10
1.9779166e-10
1.9237499e-10
2.0029164e-10
1.9645835e-10
1.9624999e-10
1.9637499e-10
2.0033333e-10
1.9570834e-10
1.9991665e-10
2.0008331e-10
1.9916668e-10
2.0025001e-10
1.9208332e-10
1.9929167e-10
1.9229165e-10
1.9945835e-10
2.0166667e-10
2.0116665e-10
1.9787501e-10
1.9312499e-10
2.0145834e-10
1.9987498e-10
1.9283333e-10
1.9574996e-10
2.0150001e-10
1.90875e-10
1.9645832e-10
1.9808333e-10
1.9429167e-10
1.9074999e-10
2.0037501e-10
2.0241665e-10
1.9162501e-10
1.9549998e-10
1.9620833e-10
1.9458332e-10
1.9754166e-10
1.977917e-10
1.9208332e-10
2.0041667e-10
2.0054165e-10
1.9379166e-10
1.9908333e-10
1.9200001e-10
2.0366665e-10
1.9762501e-10
1.9416665e-10
1.9512499e-10
1.95e-10
1.9812502e-10
1.9516665e-10
1.9712497e-10
1.9633332e-10
1.9304165e-10
1.9829165e-10
1.9658333e-10
1.9708331e-10
1.92e-10
2.0304164e-10
1.92625e-10
1.9558334e-10
1.9687499e-10
1.9229167e-10
1.9704167e-10
2.0008331e-10
1.9870833e-10
1.9404164e-10
1.9599998e-10
2.0575001e-10
1.93375e-10
1.9595833e-10
1.9841664e-10
1.9466667e-10
1.9741668e-10
1.9504166e-10
1.9716667e-10
1.9874999e-10
1.9979166e-10
1.9049996e-10
1.9712498e-10
2.0045833e-10
1.9666667e-10
1.9829167e-10
2.0058334e-10
1.9412499e-10
2.0137499e-10
1.9641666e-10
1.9720832e-10
2.0162499e-10
1.9537499e-10
1.9512499e-10
1.9408333e-10
1.9945832e-10
1.9804167e-10
1.9466667e-10
1.9154166e-10
2.0104166e-10
1.9470829e-10
2.0279166e-10
1.9520831e-10
1.9762501e-10
1.9424998e-10
1.9424999e-10
2.0141666e-10
1.9545833e-10
1.9012499e-10
2.0116667e-10
1.9933334e-10
1.9316666e-10
1.9916667e-10
1.9158335e-10
1.9412501e-10
1.9791666e-10
1.9658333e-10
1.9674998e-10
1.89375e-10
1.9891666e-10
1.9224998e-10
1.8862499e-10
2.0108333e-10
1.9637499e-10
1.9883332e-10
1.93875e-10
1.9295833e-10
1.9870833e-10
1.9737499e-10
1.9429167e-10
1.9416667e-10
1.9583334e-10
1.9333334e-10
1.9233334e-10
2.0037499e-10
1.9841664e-10
1.9404166e-10
1.8704167e-10
1.9441666e-10
1.9641667e-10
1.9570834e-10
1.9416665e-10
1.9579166e-10
1.99e-10
1.9779166e-10
1.8945831e-10
1.9408333e-10
1.8916665e-10
1.9387499e-10
1.9158333e-10
2.0050002e-10
1.9899998e-10
1.8916665e-10
1.9195831e-10
1.8974999e-10
1.95875e-10
1.9775e-10
1.965e-10
1.9437497e-10
1.9320832e-10
1.9254169e-10
1.9045832e-10
1.945e-10
1.9579166e-10
1.9029164e-10
1.9595833e-10
1.9304165e-10
1.9741667e-10
1.91375e-10
1.9287499e-10
1.9945831e-10
1.9499999e-10
1.9520834e-10
1.9062499e-10
1.9108333e-10
1.9133334e-10
1.9208332e-10
1.9724999e-10
1.9949997e-10
1.8850001e-10
1.9808333e-10
1.992083e-10
1.9612499e-10
1.9520834e-10
1.9050002e-10
1.9141667e-10
1.9124997e-10
1.9687499e-10
1.9995833e-10
1.8570834e-10
1.9699999e-10
1.9766665e-10
1.9266665e-10
1.9379165e-10
