3.7434372e-10
3.7571873e-10
3.7356251e-10
3.7328127e-10
3.7487502e-10
3.7331249e-10
3.7496878e-10
3.7612496e-10
3.7606251e-10
3.7315626e-10
3.7096876e-10
3.7425002e-10
3.7428122e-10
3.7296877e-10
3.7303124e-10
3.7756248e-10
3.7065623e-10
3.7165626e-10
3.7428133e-10
3.7225001e-10
3.7387499e-10
3.7159373e-10
3.7403125e-10
3.7634376e-10
3.7081246e-10
3.7140627e-10
3.7028128e-10
3.765e-10
3.7128128e-10
3.7153122e-10
3.749375e-10
3.7240624e-10
3.7437503e-10
3.7084374e-10
3.7459374e-10
3.7525e-10
3.7331249e-10
3.736563e-10
3.7621875e-10
3.7318754e-10
3.7446876e-10
3.7515627e-10
3.747187e-10
3.7515627e-10
3.7474995e-10
3.7484377e-10
3.7468748e-10
3.7418749e-10
3.7446876e-10
3.7221876e-10
3.74625e-10
3.7028125e-10
3.7437503e-10
3.7537501e-10
3.7434372e-10
3.7237496e-10
3.7378123e-10
3.7284376e-10
3.7071876e-10
3.7584372e-10
3.7453121e-10
3.7359377e-10
3.7193751e-10
3.7412501e-10
3.7374998e-10
3.7190623e-10
3.7393749e-10
3.7446876e-10
3.7037498e-10
3.7318748e-10
3.728125e-10
3.7349998e-10
3.7296877e-10
3.7506256e-10
3.7225004e-10
3.7487496e-10
3.71875e-10
3.7265621e-10
3.7165623e-10
3.7159376e-10
3.7124998e-10
3.715e-10
3.7118753e-10
3.7112499e-10
3.7487496e-10
3.7537501e-10
3.7062498e-10
3.7696873e-10
3.7446873e-10
3.7459374e-10
3.7274991e-10
3.7209374e-10
3.7375e-10
3.7140627e-10
3.740625e-10
3.7143749e-10
3.7340619e-10
3.7153128e-10
3.7446876e-10
3.7300002e-10
3.7468753e-10
3.7353126e-10
3.7415632e-10
3.7481249e-10
3.7237496e-10
3.7393749e-10
3.7328124e-10
3.758438e-10
3.7446882e-10
3.7528128e-10
3.7890624e-10
3.7490624e-10
3.7309378e-10
3.7318754e-10
3.7418751e-10
3.7040623e-10
3.7465625e-10
3.7668749e-10
3.7293751e-10
3.7468748e-10
3.7521874e-10
3.7671874e-10
3.7371875e-10
3.7337497e-10
3.7409373e-10
3.7209374e-10
3.7471878e-10
3.6996875e-10
3.7593745e-10
3.7146874e-10
3.7556253e-10
3.7390624e-10
3.7353126e-10
3.7581244e-10
3.743125e-10
3.7296877e-10
3.7015624e-10
3.7424996e-10
3.7440623e-10
3.7553122e-10
3.7518752e-10
3.7181253e-10
3.7674996e-10
3.7493747e-10
3.7381248e-10
3.7193751e-10
3.7403125e-10
3.7503126e-10
3.7346873e-10
3.7599998e-10
3.7325001e-10
3.7671871e-10
3.7259373e-10
3.7440628e-10
3.7334374e-10
3.7703121e-10
3.740625e-10
3.7549994e-10
3.7146874e-10
3.7346873e-10
3.7640624e-10
3.7425002e-10
3.7278122e-10
3.7525e-10
3.7596873e-10
3.7446876e-10
3.7596873e-10
3.7540623e-10
3.7334374e-10
3.73125e-10
3.7353126e-10
3.7299999e-10
3.7565631e-10
3.7225001e-10
3.7331249e-10
3.7234377e-10
3.7265627e-10
3.7412501e-10
3.7503128e-10
3.7237496e-10
3.7168749e-10
3.7078124e-10
3.7353126e-10
3.7499998e-10
3.7453124e-10
3.7559372e-10
3.7146872e-10
3.753125e-10
3.7346876e-10
3.7262499e-10
3.7165626e-10
3.7240627e-10
3.7506251e-10
3.728125e-10
3.7581249e-10
3.7021877e-10
3.75625e-10
3.7371875e-10
3.7674996e-10
3.7437498e-10
3.7337503e-10
3.7356246e-10
3.7368747e-10
3.7446873e-10
3.7253126e-10
3.7237499e-10
3.7396877e-10
3.7518752e-10
3.7678127e-10
3.7209374e-10
3.7831249e-10
3.7518752e-10
3.74e-10
3.7531253e-10
3.74625e-10
3.7309378e-10
3.7234377e-10
3.7928122e-10
3.7446876e-10
3.7596873e-10
3.7696873e-10
3.7284376e-10
3.749375e-10
3.7512504e-10
3.7615622e-10
3.7631254e-10
3.7381254e-10
3.7459374e-10
3.7687503e-10
3.7515621e-10
3.7559372e-10
3.7449999e-10
3.7328124e-10
3.7375e-10
3.7375e-10
3.7540623e-10
3.7393749e-10
3.753125e-10
3.7578127e-10
3.749375e-10
3.7268752e-10
3.7471876e-10
3.7190623e-10
3.7768749e-10
3.7584375e-10
3.7621875e-10
3.759375e-10
3.7453124e-10
3.7265627e-10
3.7534376e-10
3.7406248e-10
3.7474995e-10
3.7709375e-10
3.7375e-10
3.7437503e-10
3.7359374e-10
3.7403125e-10
3.7209374e-10
3.7159373e-10
3.7665626e-10
3.7353121e-10
3.7453124e-10
3.749375e-10
3.7393749e-10
3.7237496e-10
3.7265629e-10
3.7259373e-10
3.7368747e-10
3.7165626e-10
3.7215625e-10
3.7362499e-10
3.7387499e-10
3.7409378e-10
3.759375e-10
3.7531245e-10
3.7212497e-10
3.7437498e-10
3.7315626e-10
3.7212494e-10
3.7375e-10
3.7334374e-10
3.74625e-10
3.7412501e-10
3.7434372e-10
3.7178124e-10
3.7231251e-10
3.7184375e-10
3.7421874e-10
3.7265627e-10
3.7412504e-10
3.7096876e-10
3.7068748e-10
3.7131248e-10
3.7146877e-10
3.7481249e-10
3.7228126e-10
3.7237502e-10
3.7521869e-10
3.749375e-10
3.7643746e-10
3.74625e-10
3.7256251e-10
3.7484377e-10
3.7371875e-10
3.7393749e-10
3.7356246e-10
3.7296877e-10
3.7559372e-10
3.768125e-10
3.740625e-10
3.7390624e-10
3.7518752e-10
3.7525e-10
3.7434375e-10
3.7456252e-10
3.7765621e-10
3.7475001e-10
3.7709369e-10
3.753125e-10
3.7968753e-10
3.7321873e-10
3.7390624e-10
3.7862499e-10
3.7218748e-10
3.7359374e-10
3.7262499e-10
3.7496872e-10
3.7131251e-10
3.7671871e-10
3.7353129e-10
3.7665621e-10
3.74e-10
3.7468753e-10
3.7584375e-10
3.7603126e-10
3.7571873e-10
3.7209374e-10
3.7346876e-10
3.7728123e-10
3.755313e-10
3.7321873e-10
3.7421874e-10
3.7318748e-10
3.6968753e-10
3.7409378e-10
3.7384371e-10
3.7415626e-10
3.7531253e-10
3.7325001e-10
3.7225001e-10
3.7581249e-10
3.7200001e-10
3.7271874e-10
3.7390629e-10
3.7315626e-10
3.7265627e-10
3.7240627e-10
3.7496872e-10
3.7440623e-10
3.7468753e-10
3.75625e-10
3.7146877e-10
3.7096876e-10
3.7459374e-10
3.7668749e-10
3.7337497e-10
3.7468748e-10
3.717813e-10
3.7496872e-10
3.7415626e-10
3.7500003e-10
3.7475001e-10
3.7350004e-10
3.7568754e-10
3.7643755e-10
3.7162501e-10
3.7478126e-10
3.7556253e-10
3.7378128e-10
3.7821873e-10
3.7381248e-10
3.7540623e-10
3.7362499e-10
3.7509379e-10
3.7396877e-10
3.715e-10
3.7612496e-10
3.7596873e-10
3.7490624e-10
3.7384376e-10
3.7437503e-10
3.7306247e-10
3.7631254e-10
3.7365627e-10
3.7506256e-10
3.7418749e-10
3.7628128e-10
3.7615622e-10
3.7603121e-10
3.7334374e-10
3.7556253e-10
3.7540623e-10
3.755313e-10
3.7599998e-10
3.7487496e-10
3.7568748e-10
3.7603126e-10
3.7525e-10
3.7403125e-10
3.7640624e-10
3.7496878e-10
3.7728126e-10
3.7459374e-10
3.7362499e-10
3.7334374e-10
3.7668749e-10
3.7446876e-10
3.7556247e-10
3.7300002e-10
3.7506243e-10
3.7271874e-10
3.7546877e-10
3.7215625e-10
3.7415626e-10
3.7103126e-10
3.7356251e-10
3.7199999e-10
3.7521874e-10
3.7184375e-10
3.7228126e-10
3.7534376e-10
3.7599998e-10
3.7374998e-10
3.70875e-10
3.7540623e-10
3.7609374e-10
3.7565623e-10
3.7253126e-10
3.7349998e-10
3.764063e-10
3.75625e-10
3.7418749e-10
3.7253126e-10
3.7678122e-10
3.7468753e-10
3.7375e-10
3.7506251e-10
3.7346876e-10
3.7365627e-10
3.7199999e-10
3.7215625e-10
3.7684375e-10
3.7771875e-10
3.7512499e-10
3.7499998e-10
3.7390629e-10
3.7609374e-10
3.7696873e-10
3.7637499e-10
3.7675002e-10
3.7549999e-10
3.7721876e-10
3.7656248e-10
3.7534381e-10
3.7331244e-10
3.7493747e-10
3.7737502e-10
3.7403131e-10
3.7515627e-10
3.7565626e-10
3.7315626e-10
3.7431253e-10
3.7515627e-10
3.7037501e-10
3.7675002e-10
3.7212497e-10
3.7199999e-10
3.7428122e-10
3.7109377e-10
3.7396872e-10
3.7090625e-10
3.7368753e-10
3.7143749e-10
3.7037501e-10
3.7128128e-10
3.7409373e-10
3.7359374e-10
3.7146874e-10
3.7331249e-10
3.6987496e-10
3.7281245e-10
3.7109377e-10
3.7131254e-10
3.7556247e-10
3.7118747e-10
3.7262499e-10
3.7203124e-10
3.7206249e-10
3.7203127e-10
3.7553124e-10
3.7100004e-10
3.7459374e-10
3.749375e-10
3.7418751e-10
3.7315626e-10
3.7168751e-10
3.7428122e-10
3.7356251e-10
3.7290623e-10
3.7228126e-10
3.6862502e-10
3.7168751e-10
3.7215625e-10
3.7406248e-10
3.7346873e-10
3.7324996e-10
3.7275e-10
3.743125e-10
3.7496872e-10
3.7584375e-10
3.7871875e-10
3.7909378e-10
3.8087503e-10
3.8546871e-10
3.9100004e-10
3.9478124e-10
4.0024997e-10
4.1021875e-10
4.1906251e-10
4.276875e-10
4.3634371e-10
4.4706253e-10
4.5968745e-10
4.6868748e-10
4.7850002e-10
4.8481252e-10
4.9546872e-10
5.0190624e-10
5.1143745e-10
5.139375e-10
5.2184379e-10
5.2371874e-10
5.2912502e-10
5.3434368e-10
5.3462507e-10
5.3871874e-10
5.41375e-10
5.4540628e-10
5.4418747e-10
5.4721883e-10
5.5268751e-10
5.4909377e-10
5.5581256e-10
5.526562e-10
5.5203125e-10
5.5321869e-10
5.5243754e-10
5.4984384e-10
5.5274996e-10
5.5281252e-10
5.4912502e-10
5.4896876e-10
5.4903121e-10
5.4734373e-10
5.4349997e-10
5.4553129e-10
5.4534377e-10
5.4412502e-10
5.4215621e-10
5.4131244e-10
5.4128124e-10
5.3862498e-10
5.4128119e-10
5.3884375e-10
5.376562e-10
5.3700006e-10
5.3665622e-10
5.3224997e-10
5.3331256e-10
5.3659377e-10
5.3340632e-10
5.3231253e-10
5.3059379e-10
5.2837501e-10
5.3299998e-10
5.2993748e-10
5.3284366e-10
5.2559368e-10
5.2662508e-10
5.2965621e-10
5.2803123e-10
5.2890631e-10
5.2799998e-10
5.2581245e-10
5.2434379e-10
5.2431248e-10
5.2409377e-10
5.2656252e-10
5.2537502e-10
5.2234383e-10
5.2112503e-10
5.2159377e-10
5.2003124e-10
5.2121873e-10
5.1881249e-10
5.1868743e-10
5.1725002e-10
5.1796878e-10
5.1618748e-10
5.1803128e-10
5.1725008e-10
5.162813e-10
5.170312e-10
5.1340626e-10
5.1693744e-10
5.1631249e-10
5.1628118e-10
5.1237498e-10
5.1359372e-10
5.1099996e-10
5.1190624e-10
5.108125e-10
5.1290627e-10
5.114062e-10
5.1074994e-10
5.1100002e-10
5.0587501e-10
5.0796867e-10
5.058437e-10
5.077187e-10
5.0625004e-10
5.0465621e-10
5.0740623e-10
5.0637494e-10
5.0493754e-10
5.0424998e-10
5.0575e-10
5.0740623e-10
4.9943749e-10
5.0415616e-10
5.0365628e-10
5.0343751e-10
5.02625e-10
5.0221877e-10
5.0021876e-10
5.0328119e-10
4.9821886e-10
4.9884374e-10
5.0149995e-10
4.9612503e-10
4.9562499e-10
4.970625e-10
4.946562e-10
4.939687e-10
4.9490623e-10
4.9412496e-10
4.9559368e-10
4.9056254e-10
4.9293752e-10
4.9281251e-10
4.9521875e-10
4.9187504e-10
4.9209381e-10
4.9096871e-10
4.9525001e-10
4.9096871e-10
4.8959381e-10
4.9043758e-10
4.8878124e-10
4.8981252e-10
4.883125e-10
4.8718751e-10
4.8834375e-10
4.8631243e-10
4.8531246e-10
4.8615634e-10
4.8575e-10
4.8737497e-10
4.8565624e-10
4.8409377e-10
4.8474996e-10
4.8431248e-10
4.8156251e-10
4.8559373e-10
4.845e-10
4.8209381e-10
4.8293752e-10
4.8246879e-10
4.8221871e-10
4.8421872e-10
4.8268745e-10
4.8256249e-10
4.8121873e-10
4.8337495e-10
4.8000004e-10
4.8265625e-10
4.7974996e-10
4.7906251e-10
4.802187e-10
4.7875004e-10
4.7784376e-10
4.776875e-10
4.771562e-10
4.7803128e-10
4.7506254e-10
4.7525001e-10
4.6971876e-10
4.7646875e-10
4.7559373e-10
4.7815624e-10
4.7496873e-10
4.7328125e-10
4.7615628e-10
4.7353127e-10
4.746874e-10
4.7224996e-10
4.7346871e-10
4.7009374e-10
4.7253124e-10
4.7309368e-10
4.7368742e-10
4.7203125e-10
4.7381249e-10
4.7143744e-10
4.6878124e-10
4.6909371e-10
4.7165633e-10
4.683125e-10
4.6859372e-10
4.6990628e-10
4.6840631e-10
4.6912502e-10
4.6756243e-10
4.6653126e-10
4.7171872e-10
4.6790627e-10
4.6618742e-10
4.6650006e-10
4.6375001e-10
4.6625004e-10
4.6446877e-10
4.6699999e-10
4.6568749e-10
4.6790627e-10
4.6375001e-10
4.6506252e-10
4.658437e-10
4.6381246e-10
4.6528123e-10
4.6343751e-10
4.6793747e-10
4.6237497e-10
4.6162504e-10
4.6265627e-10
4.6303125e-10
4.6096882e-10
4.6174997e-10
4.6349999e-10
4.6231249e-10
4.6084375e-10
4.6443752e-10
4.6093745e-10
4.602187e-10
4.6253126e-10
4.6025e-10
4.6262499e-10
4.6371876e-10
4.605e-10
4.6296877e-10
4.6053131e-10
4.6374998e-10
4.6056248e-10
4.6234372e-10
4.6306253e-10
4.6131249e-10
4.6296877e-10
4.5850004e-10
4.5971876e-10
4.6062501e-10
4.5749998e-10
4.5637502e-10
4.5809373e-10
4.5712495e-10
4.5849999e-10
4.5743748e-10
4.5556248e-10
4.583125e-10
4.5737503e-10
4.5606252e-10
4.5415627e-10
4.5440621e-10
4.5490625e-10
4.5609377e-10
4.5787507e-10
4.5406248e-10
4.5690624e-10
4.5368753e-10
4.5668752e-10
4.537187e-10
4.5615622e-10
4.5406251e-10
4.5403126e-10
4.567188e-10
4.5512505e-10
4.5515627e-10
4.5353127e-10
4.551251e-10
4.5543747e-10
4.5553122e-10
4.5521875e-10
4.5184373e-10
4.5693754e-10
4.4990625e-10
4.5659379e-10
4.5290624e-10
4.5109369e-10
4.5131246e-10
4.5090626e-10
4.5118748e-10
4.4956253e-10
4.5043752e-10
4.4703125e-10
4.4940621e-10
4.4850004e-10
4.483125e-10
4.488438e-10
4.4962495e-10
4.4878129e-10
4.4734366e-10
4.4924997e-10
4.4815626e-10
4.5059373e-10
4.48625e-10
4.4596868e-10
4.515312e-10
4.4856252e-10
4.5131249e-10
4.4571874e-10
4.5053131e-10
4.4734372e-10
4.4618748e-10
4.4846876e-10
4.4415627e-10
4.4718754e-10
4.464063e-10
4.4999998e-10
4.4374998e-10
4.4699999e-10
4.4568749e-10
4.4465623e-10
4.4509374e-10
4.4571871e-10
4.4681253e-10
4.4534371e-10
4.4403126e-10
4.4434376e-10
4.4468756e-10
4.4484377e-10
4.4406251e-10
4.4312495e-10
4.4271875e-10
4.4090626e-10
4.4562501e-10
4.4109374e-10
4.4237508e-10
4.4356246e-10
4.4068749e-10
4.4196874e-10
4.4309373e-10
4.4249998e-10
4.4259374e-10
4.4059378e-10
4.4037501e-10
4.4400009e-10
4.4212506e-10
4.4271875e-10
4.4028128e-10
4.4075002e-10
4.4162504e-10
4.4075002e-10
4.3987503e-10
4.3646872e-10
4.3968754e-10
4.3981255e-10
4.3650003e-10
4.4146878e-10
4.3928128e-10
4.4134377e-10
4.3987497e-10
4.4334375e-10
4.3771875e-10
4.4015622e-10
4.3846873e-10
4.4137499e-10
4.4074996e-10
4.3868745e-10
4.4215623e-10
4.3887499e-10
4.3928122e-10
4.3737503e-10
4.4156243e-10
4.3959375e-10
4.3984377e-10
4.3987497e-10
4.408125e-10
4.4134379e-10
4.3900003e-10
4.3975007e-10
4.3846876e-10
4.3837503e-10
4.4106258e-10
4.393125e-10
4.4168752e-10
4.3996878e-10
4.3896872e-10
4.3993748e-10
4.4193751e-10
4.3956247e-10
4.3834375e-10
4.3937498e-10
4.373438e-10
4.3890624e-10
4.3865628e-10
4.3806253e-10
4.3496881e-10
4.3849996e-10
4.3734377e-10
4.3934376e-10
4.3609369e-10
4.3753126e-10
4.3584372e-10
4.3609377e-10
4.3562504e-10
4.365e-10
4.3424991e-10
4.3615628e-10
4.3675003e-10
4.3699994e-10
4.3653126e-10
4.3496873e-10
4.3468748e-10
4.3499998e-10
4.3537501e-10
4.3687498e-10
4.3618753e-10
4.3528128e-10
4.3503126e-10
4.3328124e-10
4.3296877e-10
4.3237502e-10
4.3431253e-10
4.3215626e-10
4.3468748e-10
4.3321874e-10
4.3106246e-10
4.3303125e-10
4.3187504e-10
4.3068749e-10
4.3418749e-10
4.3231249e-10
4.3206247e-10
4.2965623e-10
4.3749998e-10
4.3315632e-10
4.3349999e-10
4.3284371e-10
4.3262499e-10
4.3478132e-10
4.2968748e-10
4.3390619e-10
4.3434367e-10
4.3462495e-10
4.3293746e-10
4.3218745e-10
4.3068749e-10
4.3071879e-10
4.2946877e-10
4.3093745e-10
4.3115628e-10
4.2971876e-10
4.3009374e-10
4.2875001e-10
4.3059373e-10
4.2918749e-10
4.3021881e-10
4.3353121e-10
4.3043746e-10
4.3090628e-10
4.2940623e-10
4.326875e-10
4.3056253e-10
4.2809373e-10
4.2812501e-10
4.2593756e-10
4.2765627e-10
4.2846876e-10
4.2999998e-10
4.2737494e-10
4.2543741e-10
4.2609383e-10
4.2700005e-10
4.3012499e-10
4.2762496e-10
4.2996873e-10
4.2965626e-10
4.2521875e-10
4.2703124e-10
4.2559378e-10
4.295313e-10
4.2756249e-10
4.2915621e-10
4.2781254e-10
4.2956247e-10
4.242188e-10
4.2762499e-10
4.2759374e-10
4.2815623e-10
4.2821874e-10
4.2734377e-10
4.2781251e-10
4.2553125e-10
4.2637494e-10
4.2615622e-10
4.2734372e-10
4.293125e-10
4.3050002e-10
4.2531254e-10
4.2671874e-10
4.2768752e-10
4.2937504e-10
4.3109369e-10
4.2740619e-10
4.2390624e-10
4.2740625e-10
4.2656251e-10
4.2706247e-10
4.2465623e-10
4.2328127e-10
4.2449994e-10
4.2334375e-10
4.2212495e-10
4.2584372e-10
4.264063e-10
4.2678122e-10
4.2843751e-10
4.251875e-10
4.2325002e-10
4.264688e-10
4.2175002e-10
4.2709378e-10
4.2546872e-10
4.2437498e-10
4.2443746e-10
4.2625001e-10
4.2471876e-10
4.2465623e-10
4.2484372e-10
4.2418744e-10
4.2456244e-10
4.2253126e-10
4.218125e-10
4.2121875e-10
4.225312e-10
4.2131254e-10
4.2562501e-10
4.2321871e-10
4.2303125e-10
4.2428128e-10
4.2340625e-10
4.2221876e-10
4.2181245e-10
4.2209378e-10
4.2456252e-10
4.2271875e-10
4.2203124e-10
4.2143755e-10
4.2134377e-10
4.2206252e-10
4.2531254e-10
4.2371875e-10
4.2093756e-10
4.2334375e-10
4.18e-10
4.2384371e-10
4.2040624e-10
4.2159379e-10
4.2406251e-10
4.2125001e-10
4.2171883e-10
4.2168752e-10
4.2150003e-10
4.2534376e-10
4.1934373e-10
4.2506249e-10
4.2068757e-10
4.2081255e-10
4.2065623e-10
4.2028123e-10
4.2209378e-10
4.2056247e-10
4.2140624e-10
4.21125e-10
4.2296872e-10
4.1846876e-10
4.2031251e-10
4.2040629e-10
4.2312501e-10
4.2256257e-10
4.2196874e-10
4.2137499e-10
4.2056253e-10
4.2231249e-10
4.2112505e-10
4.2246878e-10
4.2306247e-10
4.2162504e-10
4.2278128e-10
4.2065623e-10
4.2240628e-10
4.1881248e-10
4.1940623e-10
4.1921874e-10
4.2121875e-10
4.2059378e-10
4.2465625e-10
4.208125e-10
4.1696874e-10
4.1874998e-10
4.1609377e-10
4.2071871e-10
4.1837497e-10
4.1806247e-10
4.1828124e-10
4.1762496e-10
4.2265627e-10
4.1696877e-10
4.2215625e-10
4.1487502e-10
4.1784376e-10
4.1865628e-10
4.1690629e-10
4.199375e-10
4.1640624e-10
4.1809373e-10
4.1568754e-10
4.1599998e-10
4.1453124e-10
4.2081255e-10
4.1668752e-10
4.1696874e-10
4.151875e-10
4.1890624e-10
4.174375e-10
4.2009374e-10
4.1756251e-10
4.1756251e-10
4.1659379e-10
4.1828127e-10
4.1718748e-10
4.1706252e-10
4.1521875e-10
4.1678122e-10
4.1921874e-10
4.1571874e-10
4.1734372e-10
4.161563e-10
4.1575002e-10
4.1446876e-10
4.1759374e-10
4.162187e-10
4.1590625e-10
4.168125e-10
4.1709378e-10
4.143125e-10
4.1909373e-10
4.1190623e-10
4.1425005e-10
4.1353121e-10
4.1503126e-10
4.16125e-10
4.1446876e-10
4.1312495e-10
4.1590625e-10
4.1415626e-10
4.1662501e-10
4.1278123e-10
4.1709378e-10
4.1287498e-10
4.1368747e-10
4.123438e-10
4.1434375e-10
4.1528128e-10
4.1434373e-10
4.124375e-10
4.1125006e-10
4.151875e-10
4.134062e-10
4.0925002e-10
4.1474996e-10
4.1281251e-10
4.1078124e-10
4.1365628e-10
4.1178128e-10
4.1231255e-10
4.1074996e-10
4.0931253e-10
4.1231255e-10
4.1021875e-10
4.1371878e-10
4.1037498e-10
4.103437e-10
4.1065623e-10
4.1125001e-10
4.1140624e-10
4.1109377e-10
4.1190623e-10
4.0987497e-10
4.1084375e-10
4.105313e-10
4.1249998e-10
4.1059378e-10
4.1009374e-10
4.1365622e-10
4.1365628e-10
4.1375001e-10
4.1371878e-10
4.0968745e-10
4.1506251e-10
4.1499998e-10
4.13625e-10
4.14625e-10
4.1487502e-10
4.1131248e-10
4.1487497e-10
4.1574996e-10
4.152812e-10
4.1696874e-10
4.1234371e-10
4.1499998e-10
4.1306253e-10
4.1578127e-10
4.1249995e-10
4.1365628e-10
4.1468753e-10
4.1537501e-10
4.1487497e-10
4.1312503e-10
4.1262499e-10
4.1350004e-10
4.1284376e-10
4.147187e-10
4.1118747e-10
4.1484371e-10
4.1403125e-10
4.1306253e-10
4.1037501e-10
4.1171874e-10
4.1381248e-10
4.1262496e-10
4.1518752e-10
4.1140624e-10
4.1218748e-10
4.1131246e-10
4.1443754e-10
4.1128129e-10
4.1359374e-10
4.1128129e-10
4.1499998e-10
4.0978124e-10
4.1131248e-10
4.1162501e-10
4.1209375e-10
4.1246867e-10
4.111563e-10
4.1499998e-10
4.1296869e-10
4.1471876e-10
4.1378129e-10
4.1278128e-10
4.1390619e-10
4.1340625e-10
4.1306247e-10
4.1175002e-10
4.1196876e-10
4.1124998e-10
4.1200005e-10
4.1324996e-10
4.112187e-10
4.1153125e-10
4.0912501e-10
4.130313e-10
4.11125e-10
4.1262499e-10
4.0787501e-10
4.0768752e-10
4.0990625e-10
4.1053125e-10
4.1115622e-10
4.0840625e-10
4.1365622e-10
4.1056247e-10
4.1218745e-10
4.0834372e-10
4.0793754e-10
4.0696876e-10
4.0946874e-10
4.1118745e-10
4.0918752e-10
4.0956252e-10
4.0753126e-10
4.0956247e-10
4.0696874e-10
4.0768749e-10
4.0893749e-10
4.0737497e-10
4.136563e-10
4.0978124e-10
4.0621875e-10
4.1128129e-10
4.09625e-10
4.0659373e-10
4.0796869e-10
4.1024997e-10
4.1265621e-10
4.1109383e-10
4.1028123e-10
4.0853129e-10
4.101875e-10
4.1034381e-10
4.1046871e-10
4.1146878e-10
4.1175002e-10
4.1309373e-10
4.105e-10
4.0921871e-10
4.1187503e-10
4.1312495e-10
4.1018752e-10
4.103437e-10
4.1399995e-10
4.1090625e-10
4.1131248e-10
4.1040624e-10
4.1131248e-10
4.1412501e-10
4.0887493e-10
4.1131254e-10
4.1240625e-10
4.105e-10
4.1124998e-10
4.0865628e-10
4.1215625e-10
4.0859374e-10
4.0887502e-10
4.1384371e-10
4.1071874e-10
4.1287498e-10
4.0878129e-10
4.1087497e-10
4.1171874e-10
4.133125e-10
4.099375e-10
4.0831249e-10
4.1074996e-10
4.1046871e-10
4.1224996e-10
4.089688e-10
4.1087503e-10
4.0653125e-10
4.115e-10
4.0656251e-10
4.0896872e-10
4.1071871e-10
4.0753126e-10
4.0740625e-10
4.0637499e-10
4.0993756e-10
4.0818754e-10
4.1025e-10
4.0546877e-10
4.1071874e-10
4.0793752e-10
4.0718748e-10
4.1137502e-10
4.0893749e-10
4.093125e-10
4.097187e-10
4.0490625e-10
4.0818754e-10
4.07125e-10
4.0540624e-10
4.0806253e-10
4.0609374e-10
4.0671871e-10
4.0859377e-10
4.0571874e-10
4.0709378e-10
4.0896878e-10
4.0734371e-10
4.0856252e-10
4.0665626e-10
4.0978118e-10
4.0878129e-10
4.0865628e-10
4.0609374e-10
4.0737502e-10
4.0871875e-10
4.0853126e-10
4.0656251e-10
4.0990625e-10
4.0562501e-10
4.0299999e-10
4.0749998e-10
4.0509379e-10
4.0815626e-10
4.0678128e-10
4.1084375e-10
4.0687503e-10
4.1034376e-10
4.0790624e-10
4.0859374e-10
4.093125e-10
4.1021875e-10
4.0487502e-10
4.0668749e-10
4.074375e-10
4.0609374e-10
4.0621875e-10
4.0662501e-10
4.0603126e-10
4.0628118e-10
4.0862497e-10
4.0631254e-10
4.087187e-10
4.0828124e-10
4.0765627e-10
4.0715623e-10
4.1131246e-10
4.0806253e-10
4.0596876e-10
4.0871875e-10
4.0503126e-10
4.0818754e-10
4.0684373e-10
4.0915626e-10
4.0884376e-10
4.0787507e-10
4.0550002e-10
4.0612499e-10
4.0621875e-10
4.0693751e-10
4.0525006e-10
4.0878129e-10
4.130313e-10
4.0581255e-10
4.0490625e-10
4.0606246e-10
4.0606246e-10
4.0625001e-10
4.0659373e-10
4.0481249e-10
4.0506248e-10
4.0565626e-10
4.0346876e-10
4.0453121e-10
4.0128123e-10
4.0859374e-10
4.0434375e-10
4.0756251e-10
4.0593751e-10
4.0431253e-10
4.0665626e-10
4.0368753e-10
4.0656251e-10
4.0737502e-10
4.0353126e-10
4.053437e-10
4.0515627e-10
4.0603126e-10
4.0759379e-10
4.0309373e-10
4.043125e-10
4.0568754e-10
4.0487497e-10
4.0859369e-10
4.0518744e-10
4.0346876e-10
4.0428128e-10
4.0553125e-10
4.0174997e-10
4.0496873e-10
4.0490625e-10
4.068125e-10
4.0437503e-10
4.0684373e-10
4.0415626e-10
4.0546871e-10
4.0712494e-10
4.0774997e-10
4.0809378e-10
4.061563e-10
4.0862497e-10
4.0246873e-10
4.0756251e-10
4.042188e-10
4.04e-10
4.0728118e-10
4.0346876e-10
4.0603126e-10
4.0296871e-10
4.0415626e-10
4.0578133e-10
4.0390624e-10
4.030313e-10
4.0196874e-10
4.0349998e-10
4.0471876e-10
4.0415626e-10
4.0487497e-10
4.0306253e-10
4.0787498e-10
4.0443751e-10
4.0106246e-10
4.0378129e-10
4.0668749e-10
4.0284376e-10
4.0175002e-10
4.0203124e-10
4.0368753e-10
4.0218748e-10
4.0506251e-10
4.0568754e-10
4.0668749e-10
4.0259374e-10
4.0228126e-10
4.0096873e-10
4.0234377e-10
4.0362499e-10
4.0393749e-10
4.0553122e-10
4.0274997e-10
4.0499995e-10
4.0268752e-10
4.0678122e-10
4.0234371e-10
4.0587503e-10
4.0496878e-10
4.0400003e-10
4.0165621e-10
4.0500003e-10
4.0403125e-10
4.0190629e-10
4.0412501e-10
4.0228126e-10
4.0281253e-10
4.0312501e-10
4.0575002e-10
4.0268752e-10
4.0421871e-10
4.0315626e-10
3.9940623e-10
4.0056247e-10
4.0209375e-10
4.0406251e-10
4.0259374e-10
4.0249998e-10
4.0262504e-10
4.0418749e-10
3.9962494e-10
4.0746873e-10
4.0165626e-10
4.0356252e-10
4.0499998e-10
4.0068748e-10
4.0453124e-10
4.0443751e-10
3.99625e-10
4.0349998e-10
4.0190629e-10
4.0309373e-10
4.02125e-10
4.0409379e-10
3.9949999e-10
4.0381254e-10
4.0362499e-10
3.99625e-10
4.0115627e-10
4.0275e-10
4.0181253e-10
4.0187503e-10
4.0181253e-10
4.0218756e-10
4.0400008e-10
4.0125001e-10
4.0268752e-10
4.0231249e-10
4.0334372e-10
4.0725001e-10
3.9874998e-10
4.0296877e-10
4.0312503e-10
4.0406251e-10
4.0421871e-10
4.0437498e-10
4.0278128e-10
4.0556253e-10
4.0334375e-10
4.0534381e-10
4.0437503e-10
4.0434373e-10
4.0415626e-10
4.0740625e-10
4.0237502e-10
4.0375001e-10
4.0199999e-10
4.0396878e-10
4.0240625e-10
4.0425002e-10
4.0296877e-10
4.0031251e-10
4.0550002e-10
4.0221876e-10
4.0184375e-10
4.0087503e-10
4.0203124e-10
4.0168749e-10
4.0075002e-10
4.0387499e-10
4.025312e-10
4.050312e-10
3.9984377e-10
4.0146872e-10
4.0131248e-10
3.9884376e-10
4.0171874e-10
4.0112499e-10
3.9956252e-10
3.9865622e-10
3.9987502e-10
3.9653125e-10
3.9787501e-10
3.9496878e-10
4.0103126e-10
3.9362499e-10
3.9824996e-10
3.9806247e-10
3.9878123e-10
3.9965625e-10
3.9781251e-10
4.0234377e-10
3.9878129e-10
3.9943751e-10
4.0178122e-10
3.9756251e-10
4.0009374e-10
3.9849996e-10
3.9840628e-10
3.9837503e-10
3.955937e-10
4.0165621e-10
3.9943746e-10
3.9924997e-10
3.9928127e-10
3.9800002e-10
3.9918749e-10
3.9984371e-10
4.0040629e-10
3.9806247e-10
4.0059372e-10
3.990312e-10
3.977188e-10
3.9943751e-10
3.9746872e-10
3.99e-10
3.9987497e-10
3.9818754e-10
3.9959375e-10
4.0078127e-10
3.999375e-10
4.0015621e-10
4.0115622e-10
3.9981249e-10
3.9865627e-10
3.9821874e-10
3.9871875e-10
3.9912501e-10
3.9959375e-10
4.0003129e-10
3.9696876e-10
4.0099998e-10
3.986563e-10
3.9925002e-10
3.9718748e-10
3.9834375e-10
3.9887502e-10
3.978437e-10
3.9875001e-10
3.9693746e-10
3.9990627e-10
3.9856252e-10
3.9943751e-10
3.9615627e-10
3.9628123e-10
3.9881248e-10
3.9881246e-10
3.9640624e-10
3.9809372e-10
3.9753126e-10
3.9781245e-10
3.9778128e-10
4.0024997e-10
3.9928122e-10
4.0131248e-10
3.9606246e-10
4.0131254e-10
3.9762499e-10
3.9628123e-10
4.0096873e-10
3.9728124e-10
4.0068748e-10
3.9749998e-10
4.0015621e-10
4.0118747e-10
3.9906248e-10
3.9709377e-10
3.9659373e-10
3.9846867e-10
3.9949999e-10
3.9631248e-10
3.9953124e-10
3.9906251e-10
3.9671874e-10
3.9653125e-10
4.0096876e-10
3.9734377e-10
3.9793746e-10
3.9984377e-10
4.0165621e-10
3.9843756e-10
3.995313e-10
3.9762496e-10
4.0046877e-10
4.0037501e-10
3.9746881e-10
4.0071879e-10
3.9684375e-10
3.9721876e-10
3.9837497e-10
3.9762499e-10
3.9631248e-10
3.9946874e-10
3.9706247e-10
3.9496867e-10
3.9849998e-10
3.9365622e-10
3.9687498e-10
3.9924991e-10
3.9428127e-10
3.9818748e-10
3.9706252e-10
3.9793746e-10
3.9496878e-10
3.9612499e-10
3.9756251e-10
3.9603126e-10
3.9712494e-10
3.9771875e-10
3.9753126e-10
3.9581249e-10
3.955937e-10
3.9824996e-10
3.9506251e-10
3.9637507e-10
3.9831249e-10
3.9806247e-10
3.9474995e-10
3.9618747e-10
3.9546871e-10
3.9775e-10
3.9365622e-10
3.9487502e-10
3.9487497e-10
3.9868747e-10
3.9768749e-10
3.9625001e-10
3.9381254e-10
3.9656248e-10
3.9750003e-10
3.9878129e-10
3.9618747e-10
3.9806247e-10
3.9368753e-10
3.9790624e-10
3.9803125e-10
3.9449999e-10
3.9734377e-10
3.9643747e-10
4.0046871e-10
3.9540629e-10
3.9918749e-10
3.9675002e-10
3.9887499e-10
3.9984377e-10
3.9725001e-10
3.953125e-10
3.9696874e-10
3.9787498e-10
3.9706252e-10
3.9709377e-10
3.9959375e-10
3.9840625e-10
3.9581249e-10
3.9759374e-10
3.9768752e-10
3.9637502e-10
3.9499998e-10
3.9703124e-10
3.9403125e-10
3.9549999e-10
3.9787501e-10
3.9568754e-10
3.9706252e-10
3.9699999e-10
3.9687498e-10
3.9887502e-10
3.9715625e-10
3.9759379e-10
3.9509379e-10
3.972187e-10
3.927812e-10
3.9596876e-10
3.9637502e-10
3.9806247e-10
3.9875006e-10
3.9681244e-10
3.9478126e-10
3.961563e-10
3.9703124e-10
3.9715625e-10
3.9599998e-10
3.9721876e-10
3.9781251e-10
3.962187e-10
3.9796877e-10
3.9643749e-10
3.9821879e-10
3.962187e-10
3.9593751e-10
3.9356252e-10
3.9306247e-10
3.9531253e-10
3.9409373e-10
3.9403125e-10
3.9400003e-10
3.9737502e-10
3.914063e-10
3.9734377e-10
3.9424997e-10
3.9690623e-10
3.928125e-10
3.9256248e-10
3.9284376e-10
3.9143749e-10
3.9293746e-10
3.943125e-10
3.9487497e-10
3.9699999e-10
3.9521869e-10
3.9225001e-10
3.9315626e-10
3.9390624e-10
3.9340625e-10
3.9499995e-10
3.9415626e-10
3.9278122e-10
3.9506248e-10
3.9506257e-10
3.9378129e-10
3.9678122e-10
3.9453124e-10
3.9828124e-10
3.9315623e-10
3.9606246e-10
3.9684375e-10
3.970313e-10
3.9700004e-10
3.9459375e-10
3.974375e-10
3.9487502e-10
3.9603126e-10
3.94625e-10
3.9296877e-10
3.9690629e-10
3.9559372e-10
3.9503126e-10
3.9284376e-10
3.9840625e-10
3.9496878e-10
3.944062e-10
3.9668749e-10
3.9653125e-10
3.9478124e-10
3.9425005e-10
3.9371875e-10
3.9765621e-10
3.9828127e-10
3.9340625e-10
3.965e-10
3.9556253e-10
3.9687503e-10
3.9718748e-10
3.9434375e-10
3.9418752e-10
3.9234371e-10
3.9375e-10
3.9375e-10
3.9631246e-10
3.9503129e-10
3.9465622e-10
3.930313e-10
3.9600004e-10
3.9490625e-10
3.94e-10
3.950312e-10
3.952812e-10
3.9228124e-10
3.9515621e-10
3.9721876e-10
3.9381248e-10
3.967188e-10
3.9459369e-10
3.9615627e-10
3.9284376e-10
3.953125e-10
3.9534376e-10
3.9471876e-10
3.9509374e-10
3.9509379e-10
3.9671874e-10
3.9287498e-10
3.944062e-10
3.9290629e-10
3.9590628e-10
3.9515627e-10
3.968125e-10
3.9646872e-10
3.9434375e-10
3.9359374e-10
3.9246878e-10
3.9365627e-10
3.9518749e-10
3.9237497e-10
3.955313e-10
3.9381248e-10
3.9375e-10
3.942188e-10
3.9640624e-10
3.9587503e-10
3.922187e-10
3.9887499e-10
3.9443745e-10
3.9393747e-10
3.9300002e-10
3.9549999e-10
3.965e-10
3.9481249e-10
3.9546877e-10
3.9571871e-10
3.9587494e-10
3.9578127e-10
3.9596876e-10
3.9475001e-10
3.9781253e-10
3.9334372e-10
3.9337497e-10
3.9300002e-10
3.9262499e-10
3.9487502e-10
3.9534376e-10
3.9065626e-10
3.9159373e-10
3.9134376e-10
3.9193751e-10
3.9187503e-10
3.9381248e-10
3.9284376e-10
3.8965625e-10
3.9415626e-10
3.9225001e-10
3.9371875e-10
3.915e-10
3.9134376e-10
3.9084375e-10
3.8921874e-10
3.9046877e-10
3.9012499e-10
3.924375e-10
3.8900003e-10
3.9453124e-10
3.8953124e-10
3.9418749e-10
3.9037498e-10
3.9274997e-10
3.8887499e-10
3.9206247e-10
3.9253126e-10
3.9193751e-10
3.9225007e-10
3.8849998e-10
3.9228124e-10
3.902188e-10
3.8903125e-10
3.9534376e-10
3.9025e-10
3.909375e-10
3.9075002e-10
3.868125e-10
3.9178127e-10
3.8843745e-10
3.9121875e-10
3.8850004e-10
3.918125e-10
3.9187503e-10
3.9053125e-10
3.9237502e-10
3.9143749e-10
3.9006251e-10
3.8971876e-10
3.9040621e-10
3.9256248e-10
3.9381248e-10
3.9299999e-10
3.9209375e-10
3.8909373e-10
3.9125e-10
3.9490625e-10
3.9318748e-10
3.9465625e-10
3.9303125e-10
3.9237497e-10
3.9231249e-10
3.9215622e-10
3.9165632e-10
3.9231249e-10
3.9278122e-10
3.9159373e-10
3.9396872e-10
3.9337503e-10
3.9034376e-10
3.8975001e-10
3.9318754e-10
3.9256248e-10
3.9112499e-10
3.9596873e-10
3.9078132e-10
3.9418749e-10
3.9612505e-10
3.9068748e-10
3.9350004e-10
3.9065623e-10
3.9481246e-10
3.8840628e-10
3.9440623e-10
3.9187503e-10
3.8987502e-10
3.9296877e-10
3.9056253e-10
3.9074996e-10
3.90625e-10
3.9012499e-10
3.8756248e-10
3.9053125e-10
3.9059378e-10
3.903437e-10
3.9081249e-10
3.9275e-10
3.8834375e-10
3.9275e-10
3.8865627e-10
3.9262504e-10
3.9190623e-10
3.9087497e-10
3.9331249e-10
3.9034376e-10
3.9087503e-10
3.9128123e-10
3.9146877e-10
3.928437e-10
3.9268749e-10
3.9293752e-10
3.9281253e-10
3.9256251e-10
3.9271875e-10
3.9175002e-10
3.9334375e-10
3.9118753e-10
3.914063e-10
3.915625e-10
3.9237497e-10
3.9249998e-10
3.9340625e-10
3.9012499e-10
3.9231254e-10
3.9315626e-10
3.9162501e-10
3.9368753e-10
3.9006251e-10
3.9140624e-10
3.9068748e-10
3.9175002e-10
3.9325002e-10
3.9321874e-10
3.9334375e-10
3.9262504e-10
3.9087497e-10
3.9078124e-10
3.9153131e-10
3.9012499e-10
3.9074996e-10
3.9221876e-10
3.9184375e-10
3.9218748e-10
3.9184381e-10
3.9240625e-10
3.9099995e-10
3.9087503e-10
3.9259379e-10
3.9218753e-10
3.9134376e-10
3.90625e-10
3.8965622e-10
3.9478124e-10
3.9174997e-10
3.8990625e-10
3.9065626e-10
3.9396877e-10
3.8999998e-10
3.9159373e-10
3.914063e-10
3.9043746e-10
3.8975001e-10
3.9065626e-10
3.9262496e-10
3.9246878e-10
3.9118747e-10
3.8796871e-10
3.8943751e-10
3.9146877e-10
3.9362505e-10
3.937187e-10
3.9234377e-10
3.9250003e-10
3.9365627e-10
3.8968748e-10
3.93125e-10
3.9087497e-10
3.90625e-10
3.9271875e-10
3.9121875e-10
3.8874998e-10
3.9025e-10
3.9009379e-10
3.8909373e-10
3.9006251e-10
3.9096876e-10
3.9265621e-10
3.9078119e-10
3.915625e-10
3.9112499e-10
3.9018749e-10
3.8706252e-10
3.8987502e-10
3.9287501e-10
3.9003126e-10
3.8693745e-10
3.8631248e-10
3.89625e-10
3.8821873e-10
3.9015627e-10
3.92125e-10
3.9046877e-10
3.9378129e-10
3.9096876e-10
3.8965622e-10
3.8987497e-10
3.9090625e-10
3.8881248e-10
3.9184375e-10
3.9278128e-10
3.9006251e-10
3.909375e-10
3.9056253e-10
3.9209377e-10
3.8981249e-10
3.9199999e-10
3.9143747e-10
3.9093756e-10
3.9143755e-10
3.8950004e-10
3.9065626e-10
3.8974995e-10
3.8903131e-10
3.8943745e-10
3.9428122e-10
3.9212494e-10
3.8987502e-10
3.8909378e-10
3.912187e-10
3.8999998e-10
3.9084375e-10
3.9078127e-10
3.8693751e-10
3.8856252e-10
3.8806247e-10
3.9009374e-10
3.8815626e-10
3.9006251e-10
3.895313e-10
3.9168752e-10
3.8643749e-10
3.8778128e-10
3.8625e-10
3.8809372e-10
3.8715631e-10
3.8840628e-10
3.8925002e-10
3.8881254e-10
3.8949999e-10
3.8787498e-10
3.9096876e-10
3.89625e-10
3.93125e-10
3.8787498e-10
3.9106252e-10
3.9103126e-10
3.9146877e-10
3.918125e-10
3.8703124e-10
3.9081255e-10
3.8975001e-10
3.8837503e-10
3.9096876e-10
3.9028122e-10
3.9184372e-10
3.9225001e-10
3.8871875e-10
3.9103126e-10
3.9040624e-10
3.8846876e-10
3.9228126e-10
3.9146872e-10
3.8924997e-10
3.9237497e-10
3.8928122e-10
3.8950004e-10
3.9268749e-10
3.9040629e-10
3.8775e-10
3.8793752e-10
3.8903125e-10
3.9362499e-10
3.9121878e-10
3.93125e-10
3.8956252e-10
3.9015627e-10
3.8965625e-10
3.9012499e-10
3.9003126e-10
3.9037501e-10
3.8959375e-10
3.9284376e-10
3.9199999e-10
3.9253126e-10
3.9237502e-10
3.8834375e-10
3.9250003e-10
3.8940623e-10
3.8896877e-10
3.9043752e-10
3.8956252e-10
3.8853126e-10
3.9212494e-10
3.9081249e-10
3.8975001e-10
3.9290629e-10
3.8703124e-10
3.9040624e-10
3.8659373e-10
3.8968753e-10
3.8840625e-10
3.8790623e-10
3.8790623e-10
3.877188e-10
3.8631248e-10
3.8793754e-10
3.8743755e-10
3.8856257e-10
3.8843745e-10
3.859375e-10
3.8915632e-10
3.8790623e-10
3.9034376e-10
3.9068754e-10
3.8628128e-10
3.889063e-10
3.8437503e-10
3.8846876e-10
3.9024997e-10
3.8799999e-10
3.8856252e-10
3.9137499e-10
3.8918752e-10
3.8943751e-10
3.9037498e-10
3.8831255e-10
3.8762499e-10
3.8915621e-10
3.8890624e-10
3.9025e-10
3.8834375e-10
3.9171874e-10
3.9281253e-10
3.8987497e-10
3.8949999e-10
3.8884376e-10
3.878125e-10
3.9103126e-10
3.9031253e-10
3.899375e-10
3.8828124e-10
3.8737497e-10
3.8893747e-10
3.8509379e-10
3.8884376e-10
3.8987497e-10
3.8806247e-10
3.9043752e-10
3.8562503e-10
3.8846876e-10
3.8865622e-10
3.8859377e-10
3.9078127e-10
3.8728126e-10
3.9015627e-10
3.8787501e-10
3.9350004e-10
3.8778122e-10
3.8856252e-10
3.8903131e-10
3.9228124e-10
3.9006248e-10
3.8937503e-10
3.8937498e-10
3.8778122e-10
3.8925002e-10
3.8943745e-10
3.8631248e-10
3.900312e-10
3.8937503e-10
3.9009379e-10
3.8800002e-10
3.8765627e-10
3.8743747e-10
3.8893749e-10
3.8990627e-10
3.8818754e-10
3.8565626e-10
3.9103126e-10
3.8843756e-10
3.9234371e-10
3.8987497e-10
3.8693751e-10
3.8809372e-10
3.8768752e-10
3.9049999e-10
3.8518749e-10
3.8849998e-10
3.8737502e-10
3.9028128e-10
3.8765621e-10
3.9143749e-10
3.8668749e-10
3.8584375e-10
3.8956247e-10
3.9124998e-10
3.8737502e-10
3.8940628e-10
3.8915626e-10
3.890312e-10
3.8912501e-10
3.8806253e-10
3.8690623e-10
3.8771869e-10
3.8721876e-10
3.8806247e-10
3.8796871e-10
3.9034376e-10
3.8865627e-10
3.889063e-10
3.9031253e-10
3.8918757e-10
3.9193745e-10
3.9103129e-10
3.9028122e-10
3.9003126e-10
3.8978126e-10
3.8903125e-10
3.9018749e-10
3.9125e-10
3.9037498e-10
3.9131248e-10
3.8693751e-10
3.8965625e-10
3.9124998e-10
3.9103126e-10
3.8953121e-10
3.8896877e-10
3.9115622e-10
3.8990625e-10
3.9078124e-10
3.9099998e-10
3.9037498e-10
3.9034376e-10
3.9112499e-10
3.9040629e-10
3.9068748e-10
3.9340625e-10
3.9040624e-10
3.9203121e-10
3.9112505e-10
3.8934375e-10
3.8706252e-10
3.9349995e-10
3.9078124e-10
3.8975001e-10
3.9184381e-10
3.8778128e-10
3.9221876e-10
3.9184372e-10
3.9346873e-10
3.9146872e-10
3.8959375e-10
3.9065623e-10
3.9050002e-10
3.900312e-10
3.8837497e-10
3.94e-10
3.8984377e-10
3.8878128e-10
3.8984377e-10
3.9093756e-10
3.9250003e-10
3.8940628e-10
3.9068748e-10
3.9087497e-10
3.9206252e-10
3.905313e-10
3.9059378e-10
3.909062e-10
3.9275e-10
3.8925002e-10
3.8915621e-10
3.8612499e-10
3.9078124e-10
3.8799999e-10
3.8850004e-10
3.8915621e-10
3.9128123e-10
3.8868747e-10
3.9006248e-10
3.893125e-10
3.8812495e-10
3.8875006e-10
3.9053125e-10
3.8934381e-10
3.8615622e-10
3.9131248e-10
3.8765627e-10
3.9075002e-10
3.8678122e-10
3.874375e-10
3.8431253e-10
3.859375e-10
3.8896872e-10
3.8796882e-10
3.8578127e-10
3.8678122e-10
3.8737502e-10
3.8659373e-10
3.8778128e-10
3.8734377e-10
3.8696876e-10
3.8609374e-10
3.8787498e-10
3.8615627e-10
3.8465622e-10
3.8968748e-10
3.890312e-10
3.8693751e-10
3.8678127e-10
3.8643747e-10
3.8746872e-10
3.8906248e-10
3.8934372e-10
3.8606252e-10
3.8506251e-10
3.8718748e-10
3.8724995e-10
3.8868747e-10
3.8659373e-10
3.8946874e-10
3.8815626e-10
3.8737502e-10
3.8559378e-10
3.8678122e-10
3.8518752e-10
3.8875e-10
3.874375e-10
3.8731249e-10
3.8646877e-10
3.8865627e-10
3.8646872e-10
3.8271875e-10
3.893125e-10
3.8565623e-10
3.8778122e-10
3.8934375e-10
3.865312e-10
3.8971876e-10
3.8596876e-10
3.8249998e-10
3.8640624e-10
3.8609377e-10
3.8718748e-10
3.89625e-10
3.8471878e-10
3.8618747e-10
3.8481249e-10
3.8512499e-10
3.8715625e-10
3.8478126e-10
3.884062e-10
3.8328124e-10
3.8690628e-10
3.8318748e-10
3.8768749e-10
3.8915621e-10
3.874375e-10
3.8581249e-10
3.8996872e-10
3.8734377e-10
3.8824996e-10
3.8590628e-10
3.8512499e-10
3.8621875e-10
3.8643749e-10
3.8881254e-10
3.8912501e-10
3.8325002e-10
3.8828124e-10
3.8749998e-10
3.8512499e-10
3.8656248e-10
3.8643747e-10
3.8434375e-10
3.8662501e-10
3.8771869e-10
3.8762504e-10
3.8640624e-10
3.874375e-10
3.8737497e-10
3.8846876e-10
3.8634376e-10
3.8618747e-10
3.8818748e-10
3.8718753e-10
3.8740625e-10
3.8800002e-10
3.8921874e-10
3.8778128e-10
3.8593756e-10
3.8606252e-10
3.9165626e-10
3.8725001e-10
3.8615627e-10
3.8778128e-10
3.8750003e-10
3.8675002e-10
3.8753126e-10
3.8693751e-10
3.8781253e-10
3.8518749e-10
3.8659378e-10
3.8421871e-10
3.8803125e-10
3.8537501e-10
3.8512499e-10
3.8746878e-10
3.8665621e-10
3.8503128e-10
3.8853126e-10
3.8584375e-10
3.8799999e-10
3.8421874e-10
3.8903125e-10
3.853125e-10
3.8778122e-10
3.8365627e-10
3.865312e-10
3.8678122e-10
3.8590628e-10
3.8578127e-10
3.8387499e-10
3.8590625e-10
3.8778128e-10
3.84625e-10
3.9053125e-10
3.8881248e-10
3.8918749e-10
3.8915626e-10
3.8121878e-10
3.8868753e-10
3.8387502e-10
3.8921874e-10
3.8809372e-10
3.8584375e-10
3.8840625e-10
3.8587497e-10
3.8809378e-10
3.8528122e-10
3.8746878e-10
3.8674997e-10
3.8634376e-10
3.874375e-10
3.8565623e-10
3.8521875e-10
3.843125e-10
3.8768749e-10
3.8437498e-10
3.8759373e-10
3.8778122e-10
3.8353129e-10
3.8331249e-10
3.8484371e-10
3.8571873e-10
3.8771875e-10
3.8521875e-10
3.84e-10
3.8493755e-10
3.859375e-10
3.8721876e-10
3.8578127e-10
3.8468748e-10
3.8590628e-10
3.8893749e-10
3.8571873e-10
3.8662501e-10
3.8775e-10
3.8803125e-10
3.8362499e-10
3.8546871e-10
3.8475007e-10
3.843125e-10
3.8778128e-10
3.8503128e-10
3.8796877e-10
3.8615627e-10
3.8546877e-10
3.8456252e-10
3.878125e-10
3.8637499e-10
3.9003129e-10
3.8346876e-10
3.87125e-10
3.8615627e-10
3.8862505e-10
3.8778122e-10
3.84625e-10
3.8603126e-10
3.8512499e-10
3.8690628e-10
3.8599998e-10
3.8415621e-10
3.8162501e-10
3.8699999e-10
3.8656248e-10
3.8718748e-10
3.8618747e-10
3.859375e-10
3.8340625e-10
3.8684375e-10
3.8484377e-10
3.8671874e-10
3.8309372e-10
3.8537498e-10
3.8678127e-10
3.8396877e-10
3.8356252e-10
3.8625e-10
3.8696873e-10
3.8349998e-10
3.8571879e-10
3.8609374e-10
3.8528122e-10
3.8684372e-10
3.8387499e-10
3.8528128e-10
3.8665621e-10
3.8965622e-10
3.8671874e-10
3.8587505e-10
3.8634376e-10
3.8871875e-10
3.8540629e-10
3.878125e-10
3.8784381e-10
3.8484371e-10
3.8593745e-10
3.8675002e-10
3.8803125e-10
3.8728126e-10
3.8668749e-10
3.8353126e-10
3.8746878e-10
3.88125e-10
3.859062e-10
3.8637499e-10
3.8178127e-10
3.8599998e-10
3.8540621e-10
3.8550002e-10
3.8362499e-10
3.8284376e-10
3.8540629e-10
3.8587503e-10
3.8537501e-10
3.8424997e-10
3.8743747e-10
3.8799999e-10
3.8662501e-10
3.859062e-10
3.8590628e-10
3.8584375e-10
3.8706252e-10
3.8471878e-10
3.85625e-10
3.8665621e-10
3.8293746e-10
3.8718748e-10
3.84625e-10
3.8590625e-10
3.83125e-10
3.884375e-10
3.8553122e-10
3.8403131e-10
3.8359374e-10
3.9071874e-10
3.8237502e-10
3.837187e-10
3.87125e-10
3.8418752e-10
3.8503128e-10
3.8375e-10
3.8421874e-10
3.8515627e-10
3.8240625e-10
3.8393749e-10
3.8443751e-10
3.8365622e-10
3.8262499e-10
3.8309372e-10
3.865625e-10
3.8437498e-10
3.8093745e-10
3.8415626e-10
3.8090628e-10
3.8643755e-10
3.8331249e-10
3.8340625e-10
3.8056247e-10
3.8384376e-10
3.8315626e-10
3.8499998e-10
3.8440623e-10
3.8156248e-10
3.8575002e-10
3.8384376e-10
3.8559372e-10
3.8256251e-10
3.8590625e-10
3.8165626e-10
3.8275e-10
3.8146877e-10
3.8359374e-10
3.8434375e-10
3.8190628e-10
3.8359374e-10
3.8437498e-10
3.8296877e-10
3.8421874e-10
3.8234371e-10
3.8500003e-10
3.8653125e-10
3.8084375e-10
3.8453124e-10
3.8265627e-10
3.8615622e-10
3.8281245e-10
3.8209375e-10
3.8693754e-10
3.8390618e-10
3.8221878e-10
3.8437503e-10
3.8534376e-10
3.8106251e-10
3.8478123e-10
3.8568754e-10
3.8353126e-10
3.8306247e-10
3.8515621e-10
3.8725001e-10
3.8224995e-10
3.8365627e-10
3.8525e-10
3.8506251e-10
3.8481254e-10
3.8321873e-10
3.8568748e-10
3.842188e-10
3.8640624e-10
3.8581249e-10
3.8746881e-10
3.8668743e-10
3.8546877e-10
3.8818754e-10
3.8646877e-10
3.853125e-10
3.8500003e-10
3.842188e-10
3.8509373e-10
3.8571871e-10
3.8618747e-10
3.8596876e-10
3.8715625e-10
3.8409378e-10
3.8540629e-10
3.8409378e-10
3.8478123e-10
3.843125e-10
3.8465622e-10
3.8046871e-10
3.8496881e-10
3.8268749e-10
3.8481254e-10
3.8574996e-10
3.8565626e-10
3.8568757e-10
3.8556253e-10
3.8390624e-10
3.8471878e-10
3.8293752e-10
3.8003126e-10
3.8499998e-10
3.8375e-10
3.834375e-10
3.8293752e-10
3.8393747e-10
3.8699993e-10
3.8250003e-10
3.8434372e-10
3.8075001e-10
3.8328124e-10
3.8268749e-10
3.849375e-10
3.828125e-10
3.8478126e-10
3.8128123e-10
3.8365627e-10
3.8134376e-10
3.8496872e-10
3.8262499e-10
3.8384376e-10
3.8456247e-10
3.8146872e-10
3.8465625e-10
3.8378128e-10
3.8415621e-10
3.8390624e-10
3.8412501e-10
3.815e-10
3.8640624e-10
3.8393749e-10
3.844062e-10
3.8443751e-10
3.8331249e-10
3.8206252e-10
3.8187503e-10
3.8325002e-10
3.8509373e-10
3.8378123e-10
3.8437503e-10
3.8209375e-10
3.8509373e-10
3.8190623e-10
3.828125e-10
3.8415626e-10
3.8534376e-10
3.874375e-10
3.8306247e-10
3.8278122e-10
3.8434381e-10
3.8615627e-10
3.8256248e-10
3.79e-10
3.8684375e-10
3.8203124e-10
3.8381245e-10
3.8587497e-10
3.852812e-10
3.8643747e-10
3.8375e-10
3.8440628e-10
3.8559378e-10
3.8603126e-10
3.8678122e-10
3.8468753e-10
3.8493747e-10
3.8487502e-10
3.8706252e-10
3.8315631e-10
3.8612499e-10
3.8518752e-10
3.8574996e-10
3.8718748e-10
3.8543752e-10
3.8578124e-10
3.8465625e-10
3.8481249e-10
3.8825002e-10
3.8559372e-10
3.8731249e-10
3.8737497e-10
3.8534376e-10
3.8349998e-10
3.8537498e-10
3.8553122e-10
3.8328124e-10
3.8346873e-10
3.8306247e-10
3.8078127e-10
3.8653131e-10
3.8049999e-10
3.8800002e-10
3.8434375e-10
3.8428122e-10
3.8159373e-10
3.8253126e-10
3.8331249e-10
3.7934375e-10
3.8649994e-10
3.8234377e-10
3.8365627e-10
3.8415626e-10
3.8325002e-10
3.8546877e-10
3.8224995e-10
3.8428127e-10
3.8206252e-10
3.8437503e-10
3.8456252e-10
3.8346876e-10
3.8515627e-10
3.834375e-10
3.8356246e-10
3.8153125e-10
3.8159373e-10
3.85625e-10
3.8568754e-10
3.8593745e-10
3.8321873e-10
3.8571873e-10
3.8553125e-10
3.8637499e-10
3.8450004e-10
3.8725001e-10
3.849375e-10
3.8731249e-10
3.8346876e-10
3.8537501e-10
3.8615627e-10
3.8378123e-10
3.868125e-10
3.84e-10
3.8625e-10
3.8584372e-10
3.8762504e-10
3.8637499e-10
3.8599998e-10
3.8356252e-10
3.8331255e-10
3.8278128e-10
3.8500003e-10
3.8525e-10
3.8649994e-10
3.859375e-10
3.8159378e-10
3.8590625e-10
3.8259373e-10
3.8543752e-10
3.8521875e-10
3.8356252e-10
3.8459375e-10
3.8584375e-10
3.8537501e-10
3.8262499e-10
3.8387502e-10
3.8412495e-10
3.8475001e-10
3.8740625e-10
3.8490627e-10
3.8690628e-10
3.8346876e-10
3.8537501e-10
3.8515627e-10
3.8456252e-10
3.8575002e-10
3.8521869e-10
3.8528128e-10
3.8237502e-10
3.8481249e-10
3.8487502e-10
3.8371875e-10
3.8484371e-10
3.8403125e-10
3.8662501e-10
3.8425002e-10
3.840625e-10
3.8118744e-10
3.8284376e-10
3.8403131e-10
3.8274997e-10
3.8362499e-10
3.8690623e-10
3.7996878e-10
3.8325002e-10
3.843125e-10
3.8306247e-10
3.8331249e-10
3.8468753e-10
3.8571871e-10
3.83125e-10
3.8440628e-10
3.8371875e-10
3.8240625e-10
3.828125e-10
3.8565623e-10
3.8668752e-10
3.8509373e-10
3.8246872e-10
3.8290623e-10
3.84625e-10
3.8559378e-10
3.84625e-10
3.8484371e-10
3.8512496e-10
3.8256248e-10
3.8412501e-10
3.8465622e-10
3.8206252e-10
3.8296877e-10
3.8512499e-10
3.8193751e-10
3.8231249e-10
3.8259373e-10
3.828125e-10
3.8221876e-10
3.827188e-10
3.8409373e-10
3.8421874e-10
3.8487497e-10
3.8528122e-10
3.8440623e-10
3.8603126e-10
3.8365627e-10
3.834375e-10
3.8190628e-10
3.8268749e-10
3.8425002e-10
3.8271875e-10
3.8293752e-10
3.8475001e-10
3.8396872e-10
3.8059378e-10
3.8421874e-10
3.8143746e-10
3.8343756e-10
3.8146877e-10
3.8534376e-10
3.8515627e-10
3.8318748e-10
3.8425002e-10
3.8196873e-10
3.8293752e-10
3.83125e-10
3.8187503e-10
3.8243747e-10
3.8356246e-10
3.828125e-10
3.8425002e-10
3.8459375e-10
3.8415621e-10
3.7924996e-10
3.8512499e-10
3.84e-10
3.818125e-10
3.8606252e-10
3.8128128e-10
3.8203124e-10
3.8174996e-10
3.8049999e-10
3.8040629e-10
3.7984377e-10
3.799375e-10
3.8396877e-10
3.8278122e-10
3.8196876e-10
3.8281253e-10
3.8206246e-10
3.8221876e-10
3.7921874e-10
3.8396877e-10
3.7965622e-10
3.8393747e-10
3.8418749e-10
3.8299999e-10
3.8296871e-10
3.8678122e-10
3.8337503e-10
3.8318748e-10
3.8396872e-10
3.834375e-10
3.8437503e-10
3.8478126e-10
3.8440623e-10
3.8237502e-10
3.8428122e-10
3.8215622e-10
3.8300002e-10
3.8587497e-10
3.8275e-10
3.8674997e-10
3.8468748e-10
3.8381248e-10
3.8290623e-10
3.8415621e-10
3.8775e-10
3.8575002e-10
3.8568754e-10
3.8612499e-10
3.8381248e-10
3.8334375e-10
3.8550002e-10
3.8465622e-10
3.8315626e-10
3.8150003e-10
3.828125e-10
3.8396872e-10
3.843125e-10
3.8140624e-10
3.8334375e-10
3.824375e-10
3.824375e-10
3.8209375e-10
3.8221876e-10
3.8328127e-10
3.8393749e-10
3.8315626e-10
3.8459377e-10
3.8612499e-10
3.8393749e-10
3.8509373e-10
3.8393755e-10
3.8249998e-10
3.8587503e-10
3.8715625e-10
3.8403125e-10
3.8334372e-10
3.8537501e-10
3.8184375e-10
3.8262499e-10
3.8450004e-10
3.8359368e-10
3.8259379e-10
3.8171871e-10
3.8346873e-10
3.8262499e-10
3.8037501e-10
3.8203124e-10
3.828125e-10
3.84e-10
3.8234371e-10
3.8209377e-10
3.8331249e-10
3.8153125e-10
3.8187498e-10
3.8028128e-10
3.849375e-10
3.8381248e-10
3.839688e-10
3.8487497e-10
3.827188e-10
3.8199999e-10
3.8293746e-10
3.8087497e-10
3.8259373e-10
3.8109374e-10
3.8381254e-10
3.8121875e-10
3.8484377e-10
3.8653125e-10
3.8328124e-10
3.8365616e-10
3.8109374e-10
3.8631248e-10
3.8446873e-10
3.8168749e-10
3.8581249e-10
3.8571873e-10
3.87125e-10
3.8543752e-10
3.8596881e-10
3.8065623e-10
3.8324996e-10
3.8275e-10
3.8450004e-10
3.8465631e-10
3.8368747e-10
3.7940623e-10
3.8056253e-10
3.8353129e-10
3.8315623e-10
3.8215625e-10
3.8262499e-10
3.8159378e-10
3.8290623e-10
3.8543752e-10
3.843125e-10
3.853125e-10
3.8453124e-10
3.8437498e-10
3.8246878e-10
3.830313e-10
3.8334375e-10
3.8412501e-10
3.843125e-10
3.8318754e-10
3.84e-10
3.8196873e-10
3.8428127e-10
3.7912495e-10
3.8271875e-10
3.8453124e-10
3.8443751e-10
3.8153131e-10
3.8268752e-10
3.8168751e-10
3.8346876e-10
3.8068754e-10
3.8165626e-10
3.8274997e-10
3.818125e-10
3.8215622e-10
3.7987502e-10
3.8134376e-10
3.8106246e-10
3.8034376e-10
3.8446868e-10
3.8125e-10
3.8218753e-10
3.8390624e-10
3.8321873e-10
3.8109374e-10
3.8143749e-10
3.8328124e-10
3.7978123e-10
3.8321873e-10
3.8353129e-10
3.8234377e-10
3.8121878e-10
3.8131254e-10
3.8050002e-10
3.803125e-10
3.82125e-10
3.8356252e-10
3.8056241e-10
3.8171874e-10
3.8015627e-10
3.859375e-10
3.8118747e-10
3.8537498e-10
3.8184375e-10
3.8403125e-10
3.8053125e-10
3.8334375e-10
3.8237502e-10
3.8071873e-10
3.868125e-10
3.8259379e-10
3.8334375e-10
3.8643747e-10
3.8321873e-10
3.8799999e-10
3.8315623e-10
3.8349998e-10
3.818125e-10
3.8221876e-10
3.828125e-10
3.8074996e-10
3.8218748e-10
3.8315623e-10
3.8353126e-10
3.8443751e-10
3.8118747e-10
3.8378123e-10
3.8278128e-10
3.8421874e-10
3.8199999e-10
3.8212494e-10
3.8118747e-10
3.8449999e-10
3.8346873e-10
3.8459375e-10
3.8249998e-10
3.8368753e-10
3.8568748e-10
3.8284376e-10
3.8318748e-10
3.8556255e-10
3.8440628e-10
3.8468748e-10
3.8296871e-10
3.8365622e-10
3.8350004e-10
3.8465625e-10
3.84625e-10
3.8546871e-10
3.8199999e-10
3.8318754e-10
3.840625e-10
3.8409373e-10
3.8331244e-10
3.8584372e-10
3.8215625e-10
3.8512496e-10
3.8106251e-10
3.8590625e-10
3.8128123e-10
3.8290623e-10
3.8118753e-10
3.8246872e-10
3.851563e-10
3.8262496e-10
3.7793751e-10
3.8546877e-10
3.7975001e-10
3.8037501e-10
3.8121878e-10
3.8265621e-10
3.8053125e-10
3.8468748e-10
3.8081249e-10
3.823438e-10
3.7990619e-10
3.8296877e-10
3.8131248e-10
3.8178122e-10
3.8234377e-10
3.8046877e-10
3.8168749e-10
3.8221878e-10
3.8087497e-10
3.8262504e-10
3.8203124e-10
3.8009373e-10
3.8309372e-10
3.8268752e-10
3.8309378e-10
3.8068754e-10
3.8868747e-10
3.8159373e-10
3.8059372e-10
3.8359374e-10
3.8275e-10
3.8103126e-10
3.8171874e-10
3.8253126e-10
3.8303125e-10
3.82125e-10
3.8537501e-10
3.7949999e-10
3.8543752e-10
3.8171874e-10
3.849375e-10
3.8437498e-10
3.799375e-10
3.853125e-10
3.8303125e-10
3.8584375e-10
3.79e-10
3.8418752e-10
3.8356252e-10
3.8018752e-10
3.8118753e-10
3.8209377e-10
3.8484377e-10
3.8112499e-10
3.8137501e-10
3.8209377e-10
3.8206246e-10
3.8353126e-10
3.8359374e-10
3.8006251e-10
3.8446876e-10
3.8150003e-10
3.8259379e-10
3.7865622e-10
3.845313e-10
3.8328124e-10
3.8346867e-10
3.8237502e-10
3.8231249e-10
3.8193754e-10
3.7993747e-10
3.8099998e-10
3.8131254e-10
3.8271875e-10
3.8109374e-10
3.8159373e-10
3.8087497e-10
3.8403125e-10
3.8368747e-10
3.8228126e-10
3.8103129e-10
3.8040623e-10
3.8115627e-10
3.8125e-10
3.8228123e-10
3.8506251e-10
3.8090625e-10
3.8428122e-10
3.7996867e-10
3.8221876e-10
3.8221876e-10
3.8331255e-10
3.8237497e-10
3.8009373e-10
3.8121875e-10
3.7925005e-10
3.8325002e-10
3.8112499e-10
3.8146872e-10
3.7956246e-10
3.787187e-10
3.8062503e-10
3.8193745e-10
3.8256251e-10
3.8199999e-10
3.8131248e-10
3.815e-10
3.800312e-10
3.8284376e-10
3.8096876e-10
3.8159373e-10
3.8249998e-10
3.8034376e-10
3.7887501e-10
3.8268749e-10
3.8053122e-10
3.815e-10
3.8118747e-10
3.8178122e-10
3.8199999e-10
3.7906248e-10
3.7893749e-10
3.815e-10
3.7800002e-10
3.8199999e-10
3.8240627e-10
3.8509379e-10
3.8146877e-10
3.7946876e-10
3.7959377e-10
3.828125e-10
3.8221878e-10
3.7921874e-10
3.8218753e-10
3.8006251e-10
3.8346873e-10
3.8018749e-10
3.79625e-10
3.7937503e-10
3.8121875e-10
3.8065623e-10
3.8065631e-10
3.8078127e-10
3.7949999e-10
3.7903125e-10
3.7725001e-10
3.8193745e-10
3.7887499e-10
3.8009379e-10
3.7925002e-10
3.8121875e-10
3.784062e-10
3.8178127e-10
3.8112496e-10
3.7884376e-10
3.8215625e-10
3.774375e-10
3.8037501e-10
3.7478126e-10
3.8268749e-10
3.7978123e-10
3.8109374e-10
3.7818748e-10
3.818125e-10
3.8100004e-10
3.7978126e-10
3.8199999e-10
3.8118753e-10
3.7956252e-10
3.7903125e-10
3.8118753e-10
3.8056253e-10
3.7778128e-10
3.8071871e-10
3.795313e-10
3.8106251e-10
3.8196873e-10
3.7959375e-10
3.8006251e-10
3.8140624e-10
3.8249998e-10
3.8071873e-10
3.7990625e-10
3.8578124e-10
3.8221876e-10
3.8453124e-10
3.7871875e-10
3.8043751e-10
3.8190623e-10
3.8124998e-10
3.8184375e-10
3.8128123e-10
3.8106246e-10
3.8106251e-10
3.8437503e-10
3.8306247e-10
3.8190628e-10
3.8118747e-10
3.8234377e-10
3.7756248e-10
3.8490625e-10
3.8028128e-10
3.8331244e-10
3.8215625e-10
3.8000003e-10
3.7928127e-10
3.8059378e-10
3.815312e-10
3.7818754e-10
3.8299999e-10
3.7940623e-10
3.8303125e-10
3.8446873e-10
3.852188e-10
3.8221876e-10
3.8231249e-10
3.8421871e-10
3.8131254e-10
3.8384376e-10
3.8143749e-10
3.8081249e-10
3.8262496e-10
3.8384376e-10
3.8050002e-10
3.8040629e-10
3.7999998e-10
3.8543746e-10
3.8115627e-10
3.8315631e-10
3.8306247e-10
3.7931253e-10
3.8512504e-10
3.8087497e-10
3.834062e-10
3.8443754e-10
3.8418752e-10
3.8143749e-10
3.8362499e-10
3.8428127e-10
3.8481254e-10
3.82125e-10
3.8396872e-10
3.8256248e-10
3.8390618e-10
3.8059372e-10
3.8609377e-10
3.8268752e-10
3.8346873e-10
3.8206246e-10
3.8337503e-10
3.8353126e-10
3.8143749e-10
3.7968748e-10
3.8437498e-10
3.8084375e-10
3.8324996e-10
3.8053122e-10
3.8159373e-10
3.784375e-10
3.8256251e-10
3.7903125e-10
3.8178122e-10
3.790312e-10
3.8206252e-10
3.789063e-10
3.8031253e-10
3.803125e-10
3.8137501e-10
3.8303122e-10
3.7959375e-10
3.8287501e-10
3.795313e-10
3.8209375e-10
3.8025e-10
3.8143749e-10
3.82125e-10
3.8134376e-10
3.8309378e-10
3.8409373e-10
3.8540623e-10
3.8365622e-10
3.8278128e-10
3.812187e-10
3.815625e-10
3.8446876e-10
3.83125e-10
3.8275e-10
3.8190623e-10
3.8171874e-10
3.809062e-10
3.809375e-10
3.815625e-10
3.8181253e-10
3.8278122e-10
3.8134376e-10
3.7996878e-10
3.7956252e-10
3.8162501e-10
3.808438e-10
3.8265627e-10
3.8153125e-10
3.7946876e-10
3.7924996e-10
3.7893749e-10
3.7746872e-10
3.8031253e-10
3.7684375e-10
3.7956246e-10
3.7931253e-10
3.7762504e-10
3.8109374e-10
3.7706252e-10
3.8103126e-10
3.8087503e-10
3.8150003e-10
3.7990627e-10
3.8053122e-10
3.7940623e-10
3.809375e-10
3.8012496e-10
3.8159378e-10
3.8071873e-10
3.7959377e-10
3.8328127e-10
3.7965625e-10
3.8009379e-10
3.7921874e-10
3.8262499e-10
3.7981249e-10
3.8093756e-10
3.8168749e-10
3.7862499e-10
3.80625e-10
3.774375e-10
3.8006251e-10
3.7978126e-10
3.8190623e-10
3.7868747e-10
3.7784376e-10
3.8293752e-10
3.7809372e-10
3.7890624e-10
3.7878128e-10
3.8153125e-10
3.7981249e-10
3.7925002e-10
3.8359377e-10
3.784375e-10
3.8165626e-10
3.7859374e-10
3.8290629e-10
3.797187e-10
3.7725001e-10
3.8075001e-10
3.8196873e-10
3.7999998e-10
3.7990619e-10
3.7984377e-10
3.7978123e-10
3.8028128e-10
3.8143749e-10
3.7815626e-10
3.8243755e-10
3.8043754e-10
3.8381254e-10
3.7893749e-10
3.8084375e-10
3.8049999e-10
3.8025005e-10
3.8006251e-10
3.8290623e-10
3.8059372e-10
3.79e-10
3.815625e-10
3.7950004e-10
3.7825001e-10
3.8065626e-10
3.8068754e-10
3.8343745e-10
3.8096873e-10
3.7928127e-10
3.8046871e-10
3.8274997e-10
3.8478126e-10
3.8012499e-10
3.8246878e-10
3.815e-10
3.8053125e-10
3.8190623e-10
3.7981249e-10
3.8293746e-10
3.8231249e-10
3.8334372e-10
3.8121875e-10
3.8118747e-10
3.82125e-10
3.8118747e-10
3.8371875e-10
3.8428127e-10
3.8359374e-10
3.8528122e-10
3.8306247e-10
3.8749998e-10
3.8278122e-10
3.8543752e-10
3.8387499e-10
3.8490625e-10
3.8349998e-10
3.8365627e-10
3.8484377e-10
3.8165626e-10
3.8600004e-10
3.7915621e-10
3.7909373e-10
3.82125e-10
3.8068754e-10
3.8084372e-10
3.8381254e-10
3.8218748e-10
3.8337497e-10
3.7953121e-10
3.8012499e-10
3.8096873e-10
3.7787498e-10
3.8259379e-10
3.7843745e-10
3.8171871e-10
3.8087497e-10
3.8090628e-10
3.7975001e-10
3.7806247e-10
3.8096876e-10
3.7875e-10
3.7987496e-10
3.7931253e-10
3.8171874e-10
3.79e-10
3.7871875e-10
3.7809378e-10
3.8021875e-10
3.7903131e-10
3.8081249e-10
3.8056247e-10
3.7840625e-10
3.8021875e-10
3.7775e-10
3.8174996e-10
3.8190623e-10
3.8143749e-10
3.8246881e-10
3.8218748e-10
3.7959377e-10
3.8196876e-10
3.7756248e-10
3.808438e-10
3.8071879e-10
3.7903131e-10
3.8171874e-10
3.8046877e-10
3.8128128e-10
3.8043751e-10
3.8090625e-10
3.8009368e-10
3.8250003e-10
3.7943751e-10
3.8112499e-10
3.8049999e-10
3.8253126e-10
3.8106251e-10
3.817188e-10
3.7968748e-10
3.7884379e-10
3.8065626e-10
3.8168749e-10
3.8253126e-10
3.83125e-10
3.7975001e-10
3.8046871e-10
3.78125e-10
3.8321879e-10
3.8303125e-10
3.8240625e-10
3.8009373e-10
3.8028131e-10
3.8106246e-10
3.8009373e-10
3.8103129e-10
3.8087497e-10
3.8009379e-10
3.7824993e-10
3.8075004e-10
3.7999998e-10
3.7765621e-10
3.7934375e-10
3.8096876e-10
3.7653125e-10
3.8228132e-10
3.7968748e-10
3.8218753e-10
3.7984377e-10
3.8084372e-10
3.7934375e-10
3.8015627e-10
3.7837503e-10
3.8040623e-10
3.7796877e-10
3.8134376e-10
3.8096876e-10
3.8396872e-10
3.7868747e-10
3.8137501e-10
3.7818754e-10
3.803125e-10
3.8084375e-10
3.8331249e-10
3.7903125e-10
3.8090625e-10
3.8299999e-10
3.8050002e-10
3.8121875e-10
3.8131248e-10
3.8268749e-10
3.7896872e-10
3.8259373e-10
3.7718753e-10
3.8165626e-10
3.7875e-10
3.8315623e-10
3.7946876e-10
3.8234377e-10
3.7937498e-10
3.7928122e-10
3.8209377e-10
3.7859377e-10
3.7887501e-10
3.8225006e-10
3.7984377e-10
3.8109374e-10
3.8206252e-10
3.8046877e-10
3.8034376e-10
3.8193745e-10
3.8181253e-10
3.7784381e-10
3.7871878e-10
3.8046871e-10
3.7846873e-10
3.784375e-10
3.7981249e-10
3.80625e-10
3.8078127e-10
3.8043754e-10
3.7834375e-10
3.7868753e-10
3.8121875e-10
3.8099998e-10
3.8174996e-10
3.8006251e-10
3.8115627e-10
3.8184372e-10
3.8081244e-10
3.8143749e-10
3.8275e-10
3.8021875e-10
3.7953124e-10
3.7959377e-10
3.7978126e-10
3.8065626e-10
3.803125e-10
3.8065626e-10
3.7803125e-10
3.7784376e-10
3.7759373e-10
3.8159378e-10
3.803125e-10
3.7937498e-10
3.8215622e-10
3.8306247e-10
3.8249998e-10
3.8246872e-10
3.7906248e-10
3.8087497e-10
3.8356252e-10
3.8162495e-10
3.8021875e-10
3.8181244e-10
3.8065626e-10
3.8196873e-10
3.8153131e-10
3.7675002e-10
3.8390624e-10
3.77125e-10
3.8262504e-10
3.8037501e-10
3.8021875e-10
3.8168749e-10
3.8084375e-10
3.8478123e-10
3.7759373e-10
3.7943751e-10
3.79625e-10
3.8115627e-10
3.8253126e-10
3.8021875e-10
3.7878128e-10
3.8106246e-10
3.8253128e-10
3.7984377e-10
3.7987502e-10
3.7774997e-10
3.803125e-10
3.7903125e-10
3.7981249e-10
3.7984371e-10
3.7915621e-10
3.8065626e-10
3.7878128e-10
3.8134376e-10
3.7565623e-10
3.7893749e-10
3.7959377e-10
3.7750003e-10
3.7703124e-10
3.7906248e-10
3.7871875e-10
3.7718753e-10
3.7840625e-10
3.7831255e-10
3.7840625e-10
3.7996878e-10
3.8240625e-10
3.7656248e-10
3.8296877e-10
3.7815626e-10
3.7740627e-10
3.7737496e-10
3.7884376e-10
3.8025e-10
3.8015627e-10
3.8153125e-10
3.7731249e-10
3.7946873e-10
3.8034376e-10
3.7603126e-10
3.8265627e-10
3.7725001e-10
3.7981249e-10
3.8056253e-10
3.7737496e-10
3.8221876e-10
3.8134376e-10
3.7831249e-10
3.8087497e-10
3.7749998e-10
3.814063e-10
3.7953124e-10
3.8096876e-10
3.7646872e-10
3.7890624e-10
3.7718753e-10
3.793125e-10
3.7856246e-10
3.8003126e-10
3.8174996e-10
3.8168749e-10
3.7806247e-10
3.8137501e-10
3.8109374e-10
3.8196876e-10
3.8078124e-10
3.7921874e-10
3.8156248e-10
3.7996878e-10
3.7884379e-10
3.8143755e-10
3.8009379e-10
3.7906248e-10
3.7953124e-10
3.7715625e-10
3.784375e-10
3.7718748e-10
3.7878123e-10
3.7946876e-10
3.8256248e-10
3.8025e-10
3.8059372e-10
3.7806247e-10
3.8012499e-10
3.777188e-10
3.79625e-10
3.7671874e-10
3.77125e-10
3.7999998e-10
3.7590625e-10
3.7749998e-10
3.7806253e-10
3.7893749e-10
3.7946876e-10
3.7665626e-10
3.7671874e-10
3.7734371e-10
3.7659373e-10
3.8175002e-10
3.7612505e-10
3.7862499e-10
3.7765621e-10
3.7496872e-10
3.7790621e-10
3.7734377e-10
3.7924996e-10
3.7987502e-10
3.7746878e-10
3.7824996e-10
3.7900003e-10
3.7831244e-10
3.7793751e-10
3.7590625e-10
3.8231254e-10
3.7956246e-10
3.8240625e-10
3.8146877e-10
3.7878123e-10
3.8168749e-10
3.8200004e-10
3.7734377e-10
3.8015627e-10
3.7918743e-10
3.7893749e-10
3.7978123e-10
3.7799999e-10
3.7765627e-10
3.7871875e-10
3.7918749e-10
3.7946873e-10
3.795313e-10
3.802188e-10
3.8046871e-10
3.7815626e-10
3.799375e-10
3.7878123e-10
3.7856251e-10
3.8087503e-10
3.8009379e-10
3.7790623e-10
3.7931244e-10
3.7787501e-10
3.7828124e-10
3.7959375e-10
3.7731246e-10
3.8071873e-10
3.773438e-10
3.7968748e-10
3.7778122e-10
3.805937e-10
3.7840628e-10
3.7812503e-10
3.7731249e-10
3.7753126e-10
3.8168751e-10
3.7950004e-10
3.7943751e-10
3.8000003e-10
3.8049999e-10
3.770313e-10
3.8040623e-10
3.7974995e-10
3.7999998e-10
3.7884376e-10
3.8234371e-10
3.7928127e-10
3.7706246e-10
3.8025e-10
3.8171874e-10
3.8112499e-10
3.7949999e-10
3.8250003e-10
3.77125e-10
3.8075001e-10
3.790312e-10
3.8224995e-10
3.8087503e-10
3.7906248e-10
3.8115627e-10
3.8175002e-10
3.7912504e-10
3.7965622e-10
3.799375e-10
3.7959375e-10
3.8262499e-10
3.7762499e-10
3.7837503e-10
3.7784376e-10
3.7990627e-10
3.7959377e-10
3.8096873e-10
3.8134371e-10
3.8231249e-10
3.7934375e-10
3.8103126e-10
3.7946876e-10
3.7793754e-10
3.815312e-10
3.7787501e-10
3.8150003e-10
3.7921874e-10
3.7915626e-10
3.80625e-10
3.8203124e-10
3.8212494e-10
3.7959377e-10
3.7787498e-10
3.7990625e-10
3.7931253e-10
3.7815626e-10
3.7925002e-10
3.8021875e-10
3.80625e-10
3.8065626e-10
3.8040623e-10
3.7881248e-10
3.7834375e-10
3.8025e-10
3.7731249e-10
3.7937503e-10
3.778125e-10
3.7828127e-10
3.7809372e-10
3.7937503e-10
3.7925002e-10
3.794062e-10
3.8443751e-10
3.7990625e-10
3.7728126e-10
3.8099998e-10
3.7825001e-10
3.7978123e-10
3.8065626e-10
3.7606251e-10
3.7762496e-10
3.7740625e-10
3.7906248e-10
3.7684375e-10
3.7937503e-10
3.8028128e-10
3.8253126e-10
3.7728126e-10
3.8306253e-10
3.7731254e-10
3.8203124e-10
3.7874998e-10
3.7809372e-10
3.8025e-10
3.7818748e-10
3.7806253e-10
3.7831244e-10
3.7937498e-10
3.7881248e-10
3.8178122e-10
3.8124998e-10
3.8134376e-10
3.8099995e-10
3.8081249e-10
3.8237502e-10
3.7678122e-10
3.818125e-10
3.7918749e-10
3.8025e-10
3.80625e-10
3.8093745e-10
3.8221876e-10
3.8162501e-10
3.7846881e-10
3.8065626e-10
3.7793751e-10
3.7925002e-10
3.7984377e-10
3.7837503e-10
3.780313e-10
3.80625e-10
3.7775e-10
3.7975001e-10
3.8228126e-10
3.7687498e-10
3.8065623e-10
3.8037501e-10
3.7971878e-10
3.8131254e-10
3.8084375e-10
3.7937503e-10
3.8171874e-10
3.7671874e-10
3.7893749e-10
3.8128123e-10
3.7850004e-10
3.7737502e-10
3.7953124e-10
3.7884379e-10
3.7999998e-10
3.7750003e-10
3.797187e-10
3.8050002e-10
3.7956252e-10
3.7981249e-10
3.7509373e-10
3.7959375e-10
3.7574996e-10
3.7328127e-10
3.8118747e-10
3.7784376e-10
3.8046871e-10
3.7868753e-10
3.7606251e-10
3.784375e-10
3.7571873e-10
3.7981249e-10
3.7759373e-10
3.7881248e-10
3.8118753e-10
3.7678127e-10
3.8018752e-10
3.7615627e-10
3.7778122e-10
3.7737502e-10
3.8131248e-10
3.7725001e-10
3.7790623e-10
3.7996872e-10
3.7846873e-10
3.8128123e-10
3.7856251e-10
3.7871875e-10
3.7806253e-10
3.7696873e-10
3.7778122e-10
3.8028128e-10
3.8053125e-10
3.7775e-10
3.7725001e-10
3.7803122e-10
3.8012499e-10
3.786563e-10
3.7562495e-10
3.7825001e-10
3.7874998e-10
3.7828127e-10
3.7481254e-10
3.7884371e-10
3.7615627e-10
3.8103126e-10
3.7793746e-10
3.7984377e-10
3.7625e-10
3.7875e-10
3.7787498e-10
3.7790623e-10
3.7543751e-10
3.7959375e-10
3.7824996e-10
3.7481249e-10
3.784375e-10
3.7771875e-10
3.7706246e-10
3.7540629e-10
3.7962494e-10
3.7662495e-10
3.7793751e-10
3.7778128e-10
3.7878128e-10
3.7906248e-10
3.7734377e-10
3.7765627e-10
3.7818754e-10
3.8056253e-10
3.7481254e-10
3.7625e-10
3.7818754e-10
3.7787501e-10
3.7603121e-10
3.7484379e-10
3.7690623e-10
3.7521874e-10
3.7568748e-10
3.7831249e-10
3.7437498e-10
3.7750003e-10
3.7728126e-10
3.8021875e-10
3.7828124e-10
3.7893749e-10
3.7621875e-10
3.7931244e-10
3.7849998e-10
3.7943751e-10
3.7637501e-10
3.7918749e-10
3.7734377e-10
3.7646877e-10
3.7862505e-10
3.7599998e-10
3.7940623e-10
3.7793751e-10
3.7831249e-10
3.7840625e-10
3.79625e-10
3.7968748e-10
3.8099998e-10
3.7718748e-10
3.7946876e-10
3.7749998e-10
3.790312e-10
3.7734377e-10
3.7603126e-10
3.8056247e-10
3.7749998e-10
3.790625e-10
3.7465625e-10
3.7756251e-10
3.7606251e-10
3.7481249e-10
3.7968748e-10
3.7768752e-10
3.7631248e-10
3.8028128e-10
3.7684375e-10
3.7590628e-10
3.7853126e-10
3.7471876e-10
3.7737502e-10
3.7631254e-10
3.7603121e-10
3.7428127e-10
3.7706255e-10
3.759062e-10
3.7653131e-10
3.7912495e-10
3.7693751e-10
3.7724995e-10
3.753125e-10
3.7603126e-10
3.7774997e-10
3.7803125e-10
3.7949999e-10
3.7537501e-10
3.7790629e-10
3.7699999e-10
3.7940623e-10
3.7546871e-10
3.7896877e-10
3.7618747e-10
3.7684375e-10
3.77125e-10
3.7809372e-10
3.7825001e-10
3.774375e-10
3.7790629e-10
3.7834375e-10
3.7828124e-10
3.7706252e-10
3.7928127e-10
3.7781253e-10
3.774375e-10
3.7812503e-10
3.7743755e-10
3.794062e-10
3.7525e-10
3.7415626e-10
3.7771875e-10
3.78125e-10
3.7640624e-10
3.7465625e-10
3.759375e-10
3.7659378e-10
3.7746872e-10
3.790625e-10
3.7762499e-10
3.7687503e-10
3.7834375e-10
3.7571873e-10
3.803125e-10
3.7775e-10
3.7896877e-10
3.7878123e-10
3.7940628e-10
3.795313e-10
3.7556247e-10
3.7703124e-10
3.7621875e-10
3.7749998e-10
3.7553124e-10
3.7831249e-10
3.790312e-10
3.765625e-10
3.7878123e-10
3.79625e-10
3.7734377e-10
3.7631248e-10
3.8046877e-10
3.7749998e-10
3.7721876e-10
3.7946873e-10
3.7721878e-10
3.8021875e-10
3.7859374e-10
3.7821873e-10
3.7721876e-10
3.7746878e-10
3.7856251e-10
3.778437e-10
3.7690623e-10
3.7762496e-10
3.7762496e-10
3.7559372e-10
3.7775e-10
3.7793751e-10
3.78125e-10
3.7959375e-10
3.7996872e-10
3.7884376e-10
3.7793751e-10
3.7759373e-10
3.7968748e-10
3.7706246e-10
3.7787501e-10
3.7996878e-10
3.7753126e-10
3.7700004e-10
3.7693751e-10
3.7696876e-10
3.7621875e-10
3.8040629e-10
3.7599998e-10
3.7646877e-10
3.7671874e-10
3.7787498e-10
3.7787498e-10
3.7796877e-10
3.7737502e-10
3.783438e-10
3.7684372e-10
3.7565623e-10
3.7599998e-10
3.7759379e-10
3.7803125e-10
3.7765621e-10
3.7924996e-10
3.7784376e-10
3.7628131e-10
3.7846873e-10
3.7909373e-10
3.7681253e-10
3.7703121e-10
3.7940628e-10
3.7521874e-10
3.7825001e-10
3.7759373e-10
3.7531245e-10
3.7806253e-10
3.7565626e-10
3.7512499e-10
3.7912495e-10
3.7793754e-10
3.7631254e-10
3.7687503e-10
3.765625e-10
3.8137499e-10
3.7765621e-10
3.7803125e-10
3.7834372e-10
3.7521869e-10
3.7737496e-10
3.7565626e-10
3.7825001e-10
3.7668749e-10
3.7834375e-10
3.7687503e-10
3.77125e-10
3.7606246e-10
3.7737494e-10
3.7628123e-10
3.7768752e-10
3.7806253e-10
3.7718748e-10
3.7784376e-10
3.7603121e-10
3.7559378e-10
3.7643749e-10
3.7768749e-10
3.7590628e-10
3.7596873e-10
3.7787498e-10
3.7637499e-10
3.768125e-10
3.778437e-10
3.7340625e-10
3.7403125e-10
3.749375e-10
3.7721878e-10
3.7631254e-10
3.768125e-10
3.7499998e-10
3.7787498e-10
3.7768752e-10
3.7403125e-10
3.7506251e-10
3.7578127e-10
3.7790629e-10
3.8034376e-10
3.7328124e-10
3.7565626e-10
3.7318748e-10
3.7975001e-10
3.7487502e-10
3.7684375e-10
3.7628128e-10
3.7840625e-10
3.7653125e-10
3.74e-10
3.7665626e-10
3.7815626e-10
3.7993741e-10
3.7812503e-10
3.7871875e-10
3.7718753e-10
3.7778122e-10
3.7812495e-10
3.7653125e-10
3.7693751e-10
3.7615622e-10
3.7796871e-10
3.7721876e-10
3.7856251e-10
3.7653125e-10
3.7718748e-10
3.7631248e-10
3.7837497e-10
3.7793751e-10
3.7387501e-10
3.7618747e-10
3.7912501e-10
3.7809378e-10
3.7684375e-10
3.8018749e-10
3.7571873e-10
3.7840625e-10
3.7471878e-10
3.7862499e-10
3.7659373e-10
3.7937498e-10
3.7696873e-10
3.8015627e-10
3.7349998e-10
3.750312e-10
3.7803125e-10
3.7903125e-10
3.7715625e-10
3.7884376e-10
3.7584372e-10
3.7678127e-10
3.7690628e-10
3.8103126e-10
3.7984377e-10
3.7587503e-10
3.7887499e-10
3.7878123e-10
3.7765627e-10
3.7934375e-10
3.7775005e-10
3.7859374e-10
3.8071873e-10
3.7846876e-10
3.7806247e-10
3.7459374e-10
3.75625e-10
3.7890624e-10
3.7584375e-10
3.778437e-10
3.7534376e-10
3.7449999e-10
3.8009373e-10
3.7540623e-10
3.7615622e-10
3.778125e-10
3.7715625e-10
3.7315626e-10
3.7834375e-10
3.77125e-10
3.7584372e-10
3.7725001e-10
3.7371878e-10
3.7684375e-10
3.7596873e-10
3.7731249e-10
3.7950004e-10
3.7740619e-10
3.79e-10
3.7643749e-10
3.7753126e-10
3.7349998e-10
3.7559378e-10
3.7525e-10
3.7540629e-10
3.7650003e-10
3.7656248e-10
3.7915626e-10
3.7346873e-10
3.7571873e-10
3.7474995e-10
3.7612499e-10
3.7662495e-10
3.7675002e-10
3.7784376e-10
3.7456246e-10
3.7634376e-10
3.7849998e-10
3.7784376e-10
3.7749998e-10
3.7540623e-10
3.7375e-10
3.7562503e-10
3.7371875e-10
3.7590625e-10
3.77125e-10
3.7778122e-10
3.7790623e-10
3.75625e-10
3.7559372e-10
3.8006251e-10
3.7471876e-10
3.7662501e-10
3.7971876e-10
3.7653125e-10
3.777188e-10
3.7346876e-10
3.7837497e-10
3.7668751e-10
3.7759379e-10
3.7665621e-10
3.7640618e-10
3.7862496e-10
3.7484371e-10
3.7768749e-10
3.7740627e-10
3.7599998e-10
3.7878128e-10
3.7834375e-10
3.7543751e-10
3.7665626e-10
3.7712505e-10
3.7756251e-10
3.7668751e-10
3.7759373e-10
3.7728123e-10
3.7793746e-10
3.7659373e-10
3.7865627e-10
3.7753126e-10
3.7624998e-10
3.7393749e-10
3.7728126e-10
3.753125e-10
3.7793751e-10
3.7618747e-10
3.7503126e-10
3.7446876e-10
3.7362499e-10
3.7768752e-10
3.7403125e-10
3.7540623e-10
3.7287498e-10
3.7409378e-10
3.7690628e-10
3.7609374e-10
3.7631248e-10
3.7603126e-10
3.7549999e-10
3.7546871e-10
3.7296871e-10
3.7575001e-10
3.7481254e-10
3.7612505e-10
3.7493747e-10
3.7450004e-10
3.7631248e-10
3.7512499e-10
3.7568754e-10
3.7378128e-10
3.7634376e-10
3.7596876e-10
3.759375e-10
3.767188e-10
3.7715625e-10
3.7634376e-10
3.7659378e-10
3.733438e-10
3.75625e-10
3.7631254e-10
3.7621878e-10
3.765312e-10
3.7443751e-10
3.7718748e-10
3.7346876e-10
3.7631254e-10
3.7703121e-10
3.7403131e-10
3.7459377e-10
3.7387501e-10
3.8006251e-10
3.7362499e-10
3.7412504e-10
3.7521874e-10
3.727188e-10
3.7537498e-10
3.7543751e-10
3.72125e-10
3.7375e-10
3.7728123e-10
3.7478123e-10
3.759375e-10
3.7571873e-10
3.7609368e-10
3.7371875e-10
3.7487502e-10
3.7359374e-10
3.7496878e-10
3.7393749e-10
3.7306253e-10
3.7600004e-10
3.7365627e-10
3.7453121e-10
3.7671871e-10
3.7337497e-10
3.7662504e-10
3.7396872e-10
3.7731249e-10
3.7387499e-10
3.7756251e-10
3.7525e-10
3.7903125e-10
3.7581249e-10
3.7809378e-10
3.7396877e-10
3.75625e-10
3.7209374e-10
3.743125e-10
3.7506251e-10
3.752188e-10
3.7390629e-10
3.7412501e-10
3.7446876e-10
3.7606251e-10
3.7434375e-10
3.7362499e-10
3.7628128e-10
3.7321873e-10
3.7446873e-10
3.7500003e-10
3.7381254e-10
3.7225001e-10
3.7443751e-10
3.7271874e-10
3.7412504e-10
3.7346876e-10
3.7371875e-10
3.7806253e-10
3.7553124e-10
3.7475001e-10
3.7415626e-10
3.7253128e-10
3.7499998e-10
3.7549999e-10
3.734375e-10
3.7409373e-10
3.7678122e-10
3.7475001e-10
3.7403131e-10
3.7537498e-10
3.7428119e-10
3.7596876e-10
3.7749995e-10
3.7615627e-10
3.7709375e-10
3.7446876e-10
3.7462494e-10
3.7615627e-10
3.7459374e-10
3.7446876e-10
3.7506248e-10
3.7728126e-10
3.7437498e-10
3.764063e-10
3.7596876e-10
3.7531253e-10
3.7471876e-10
3.7540629e-10
3.7771875e-10
3.7465625e-10
3.7534376e-10
3.7353126e-10
3.7668749e-10
3.778437e-10
3.74e-10
3.7331249e-10
3.7646877e-10
3.7753126e-10
3.7609377e-10
3.7346876e-10
3.7449999e-10
3.7365627e-10
3.724375e-10
3.7796871e-10
3.7374998e-10
3.7268752e-10
3.7387501e-10
3.7387499e-10
3.7415626e-10
3.73125e-10
3.7690623e-10
3.7290623e-10
3.7371875e-10
3.7796871e-10
3.7543751e-10
3.7615622e-10
3.7237496e-10
3.7325001e-10
3.7665626e-10
3.7421871e-10
3.7393746e-10
3.7384376e-10
3.7409378e-10
3.7371869e-10
3.7571873e-10
3.7546871e-10
3.7549999e-10
3.7362496e-10
3.7856246e-10
3.7668751e-10
3.7412501e-10
3.7631254e-10
3.7621883e-10
3.7578124e-10
3.7512499e-10
3.7499998e-10
3.7549999e-10
3.767188e-10
3.7228121e-10
3.7603121e-10
3.7446873e-10
3.7709375e-10
3.7515621e-10
3.7346873e-10
3.7662495e-10
3.7568748e-10
3.7699999e-10
3.7490624e-10
3.7375e-10
3.7668751e-10
3.7681244e-10
3.7521874e-10
3.7459374e-10
3.7828127e-10
3.7637499e-10
3.759375e-10
3.7659378e-10
3.7474995e-10
3.7825001e-10
3.7928127e-10
3.7668751e-10
3.7659373e-10
3.7428122e-10
3.7459377e-10
3.7643749e-10
3.7453129e-10
3.7715625e-10
3.7690623e-10
3.75625e-10
3.7793751e-10
3.7778122e-10
3.765625e-10
3.7653125e-10
3.7621875e-10
3.7534376e-10
3.7740627e-10
3.7596873e-10
3.7715622e-10
3.7481249e-10
3.768125e-10
3.7468753e-10
3.7743747e-10
3.765e-10
3.7515627e-10
3.7724995e-10
3.7409373e-10
3.7887499e-10
3.793125e-10
3.7778128e-10
3.7859377e-10
3.7737496e-10
3.7793751e-10
3.7912501e-10
3.7856251e-10
3.79e-10
3.8012499e-10
3.7459377e-10
3.7784376e-10
3.7549999e-10
3.7434375e-10
3.7515627e-10
3.7443751e-10
3.7453124e-10
3.7806253e-10
3.7662501e-10
3.7565626e-10
3.7831249e-10
3.7643749e-10
3.7725001e-10
3.7875006e-10
3.7631248e-10
3.7403125e-10
3.7656248e-10
3.7618753e-10
3.75625e-10
3.7450004e-10
3.7715622e-10
3.7656248e-10
3.7740625e-10
3.7943745e-10
3.7806247e-10
3.7853126e-10
3.7668751e-10
3.7684375e-10
3.765312e-10
3.7646872e-10
3.7659378e-10
3.784375e-10
3.7525e-10
3.7771875e-10
3.7799999e-10
3.8043746e-10
