3.5347225e-10
3.5607639e-10
3.5642361e-10
3.5524306e-10
3.5677084e-10
3.5548614e-10
3.5572914e-10
3.5670139e-10
3.5506942e-10
3.569792e-10
3.5517361e-10
3.5677084e-10
3.571875e-10
3.5638889e-10
3.5645834e-10
3.5545136e-10
3.5395836e-10
3.5517361e-10
3.5583334e-10
3.5697917e-10
3.5496528e-10
3.5552083e-10
3.5607639e-10
3.5440972e-10
3.5385417e-10
3.5569447e-10
3.5527778e-10
3.5538195e-10
3.5625003e-10
3.5604164e-10
3.576042e-10
3.565972e-10
3.5704861e-10
3.5395831e-10
3.5440978e-10
3.540972e-10
3.5663195e-10
3.5559028e-10
3.5298611e-10
3.5427086e-10
3.5420139e-10
3.5690972e-10
3.5475695e-10
3.5402778e-10
3.5552083e-10
3.5496528e-10
3.5614586e-10
3.5416667e-10
3.5381945e-10
3.5552083e-10
3.5666664e-10
3.5524306e-10
3.5545136e-10
3.5493056e-10
3.5697917e-10
3.5496528e-10
3.5434025e-10
3.5434028e-10
3.5527778e-10
3.5493056e-10
3.5510417e-10
3.5402778e-10
3.5579861e-10
3.5465278e-10
3.5642359e-10
3.5447917e-10
3.5645834e-10
3.5690972e-10
3.5649309e-10
3.5489586e-10
3.5513889e-10
3.5555558e-10
3.5565967e-10
3.5482636e-10
3.5618056e-10
3.5635417e-10
3.5597225e-10
3.5635417e-10
3.5454861e-10
3.5496528e-10
3.5444442e-10
3.5600695e-10
3.5677084e-10
3.5527775e-10
3.5586809e-10
3.5458333e-10
3.5576389e-10
3.5489583e-10
3.5604167e-10
3.5565972e-10
3.5538195e-10
3.5611111e-10
3.5451386e-10
3.5611109e-10
3.5409722e-10
3.5486111e-10
3.5666664e-10
3.5527775e-10
3.5434028e-10
3.5402778e-10
3.5368053e-10
3.565625e-10
3.5506942e-10
3.5690972e-10
3.5715278e-10
3.5517356e-10
3.5795136e-10
3.5517361e-10
3.5621531e-10
3.544097e-10
3.565625e-10
3.5663195e-10
3.5545142e-10
3.5715275e-10
3.5743053e-10
3.5489583e-10
3.571875e-10
3.5520836e-10
3.5631945e-10
3.5510417e-10
3.5559025e-10
3.5430556e-10
3.5534725e-10
3.5763892e-10
3.5802084e-10
3.5541664e-10
3.5562497e-10
3.5513884e-10
3.5545139e-10
3.5465275e-10
3.5517358e-10
3.55e-10
3.5451389e-10
3.5795136e-10
3.5468753e-10
3.5506945e-10
3.5427083e-10
3.525347e-10
3.5472222e-10
3.5451389e-10
3.5659722e-10
3.5680556e-10
3.5416667e-10
3.5708336e-10
3.5687497e-10
3.5413195e-10
3.5565972e-10
3.5371531e-10
3.553472e-10
3.5489583e-10
3.5576386e-10
3.5690978e-10
3.5840278e-10
3.5458333e-10
3.5524306e-10
3.5496528e-10
3.5583334e-10
3.5475692e-10
3.565625e-10
3.5572917e-10
3.5541667e-10
3.5465283e-10
3.540625e-10
3.5368056e-10
3.5503472e-10
3.5444445e-10
3.5590275e-10
3.5569445e-10
3.5687503e-10
3.5621525e-10
3.55e-10
3.5656247e-10
3.553472e-10
3.5559031e-10
3.5579861e-10
3.5440972e-10
3.5388886e-10
3.5663195e-10
3.559375e-10
3.5583336e-10
3.5451389e-10
3.5538197e-10
3.5892361e-10
3.5798611e-10
3.5559031e-10
3.5607639e-10
3.5586809e-10
3.5545139e-10
3.5704861e-10
3.5496528e-10
3.5513889e-10
3.5548609e-10
3.5701386e-10
3.5694442e-10
3.5749997e-10
3.5753472e-10
3.5486111e-10
3.5704859e-10
3.5416661e-10
3.5527775e-10
3.5604167e-10
3.5541667e-10
3.5642361e-10
3.5451392e-10
3.5625003e-10
3.5513889e-10
3.553472e-10
3.5756942e-10
3.5631945e-10
3.5381947e-10
3.5541667e-10
3.5680559e-10
3.5586806e-10
3.5513889e-10
3.5458333e-10
3.559375e-10
3.5489583e-10
3.5559031e-10
3.5281253e-10
3.5524306e-10
3.55625e-10
3.5357639e-10
3.5621528e-10
3.5493053e-10
3.5440975e-10
3.566667e-10
3.5621528e-10
3.5534722e-10
3.5722222e-10
3.5545139e-10
3.5482639e-10
3.5569445e-10
3.5506942e-10
3.5631947e-10
3.5559031e-10
3.5708334e-10
3.5597222e-10
3.562847e-10
3.5583334e-10
3.5614584e-10
3.5392361e-10
3.5579861e-10
3.5600697e-10
3.5524306e-10
3.571875e-10
3.5614584e-10
3.5486111e-10
3.5600689e-10
3.559375e-10
3.5631945e-10
3.5520836e-10
3.5517358e-10
3.5684028e-10
3.5565975e-10
3.5659722e-10
3.5555556e-10
3.5756945e-10
3.5597225e-10
3.54618e-10
3.5621528e-10
3.5659722e-10
3.5565975e-10
3.5562497e-10
3.5635417e-10
3.5395831e-10
3.5607639e-10
3.5618053e-10
3.5611106e-10
3.5444445e-10
3.5722222e-10
3.5423608e-10
3.5347222e-10
3.5545139e-10
3.5586806e-10
3.5597225e-10
3.5631945e-10
3.5493058e-10
3.5649306e-10
3.5420136e-10
3.5798614e-10
3.5711809e-10
3.5645831e-10
3.559375e-10
3.5756942e-10
3.5788195e-10
3.5631945e-10
3.5614584e-10
3.5583334e-10
3.5479164e-10
3.5420139e-10
3.562847e-10
3.5347225e-10
3.5687497e-10
3.5385417e-10
3.58125e-10
3.5513889e-10
3.5416664e-10
3.5517356e-10
3.5545134e-10
3.5569442e-10
3.5746528e-10
3.5458333e-10
3.5347225e-10
3.5538195e-10
3.5437497e-10
3.5531253e-10
3.5697917e-10
3.5649306e-10
3.5538189e-10
3.5486114e-10
3.5555556e-10
3.5440972e-10
3.5572917e-10
3.5625e-10
3.5461806e-10
3.5506945e-10
3.5631947e-10
3.546875e-10
3.5395833e-10
3.5479167e-10
3.5458336e-10
3.5642364e-10
3.5597222e-10
3.5531256e-10
3.5666667e-10
3.528472e-10
3.5597225e-10
3.5506942e-10
3.5618053e-10
3.5461806e-10
3.58125e-10
3.5631945e-10
3.5548614e-10
3.5454864e-10
3.5611114e-10
3.5527781e-10
3.5614584e-10
3.5680556e-10
3.559375e-10
3.5434025e-10
3.5381947e-10
3.5548611e-10
3.5552083e-10
3.550347e-10
3.5590278e-10
3.5510417e-10
3.553125e-10
3.5597222e-10
3.5555556e-10
3.5486111e-10
3.5739586e-10
3.5628472e-10
3.5482639e-10
3.5628478e-10
3.5701386e-10
3.5711806e-10
3.5774306e-10
3.54757e-10
3.5538195e-10
3.5562497e-10
3.5555553e-10
3.5500003e-10
3.5656253e-10
3.5565972e-10
3.5541667e-10
3.5479164e-10
3.5444445e-10
3.5486108e-10
3.5576389e-10
3.5520833e-10
3.547917e-10
3.5628472e-10
3.5576389e-10
3.5340278e-10
3.5579859e-10
3.5517358e-10
3.5562497e-10
3.5708336e-10
3.5413197e-10
3.5607639e-10
3.5663195e-10
3.5760417e-10
3.5590275e-10
3.5625e-10
3.5725692e-10
3.5437506e-10
3.5520836e-10
3.5555556e-10
3.5614584e-10
3.5458336e-10
3.5645836e-10
3.5451389e-10
3.5833331e-10
3.5569445e-10
3.5545136e-10
3.572222e-10
3.5569447e-10
3.55e-10
3.5496528e-10
3.5743059e-10
3.5576386e-10
3.5590278e-10
3.5541664e-10
3.5559028e-10
3.5364581e-10
3.5618053e-10
3.5489589e-10
3.572917e-10
3.5722217e-10
3.5486114e-10
3.5649309e-10
3.5486114e-10
3.5656247e-10
3.5569447e-10
3.5593747e-10
3.5635414e-10
3.5586806e-10
3.5552083e-10
3.5604167e-10
3.5520836e-10
3.5583325e-10
3.5600692e-10
3.5590275e-10
3.5541667e-10
3.5423611e-10
3.546875e-10
3.5527775e-10
3.5482636e-10
3.5503475e-10
3.5559028e-10
3.5579861e-10
3.5545136e-10
3.5590275e-10
3.5604167e-10
3.5635417e-10
3.5388889e-10
3.5576389e-10
3.5704859e-10
3.5586809e-10
3.5461806e-10
3.5736111e-10
3.5309031e-10
3.5385414e-10
3.5531253e-10
3.5500003e-10
3.5378475e-10
3.5649306e-10
3.5451386e-10
3.5593747e-10
3.5666667e-10
3.5322914e-10
3.5618059e-10
3.553125e-10
3.5465278e-10
3.5611114e-10
3.5538195e-10
3.5531253e-10
3.5444445e-10
3.559375e-10
3.5451389e-10
3.5482639e-10
3.5458333e-10
3.5621531e-10
3.5482636e-10
3.5361111e-10
3.5315972e-10
3.5555561e-10
3.5444445e-10
3.5552083e-10
3.5458333e-10
3.544792e-10
3.5656245e-10
3.5531247e-10
3.5354167e-10
3.547222e-10
3.5517358e-10
3.5434025e-10
3.5579861e-10
3.5371525e-10
3.560417e-10
3.5559028e-10
3.55625e-10
3.5645834e-10
3.553125e-10
3.5673609e-10
3.5357639e-10
3.5461806e-10
3.5392364e-10
3.5493056e-10
3.5538197e-10
3.5517361e-10
3.5510417e-10
3.5527775e-10
3.5802086e-10
3.5329864e-10
3.5576392e-10
3.5277778e-10
3.5649311e-10
3.5666667e-10
3.5458336e-10
3.5423611e-10
3.5552086e-10
3.5611111e-10
3.5652778e-10
3.5524306e-10
3.5513886e-10
3.5572914e-10
3.5375003e-10
3.5711803e-10
3.5746528e-10
3.5583334e-10
3.5565975e-10
3.5631945e-10
3.5725695e-10
3.5649306e-10
3.5628472e-10
3.5517358e-10
3.5489586e-10
3.546875e-10
3.5746528e-10
3.5680553e-10
3.5805553e-10
3.5993056e-10
3.6083334e-10
3.6319447e-10
3.6499997e-10
3.6743053e-10
3.7392361e-10
3.7628473e-10
3.8069442e-10
3.8659723e-10
3.9069445e-10
3.9600695e-10
4.0385417e-10
4.1048612e-10
4.168402e-10
4.235764e-10
4.3093751e-10
4.3829862e-10
4.4423615e-10
4.5197909e-10
4.585764e-10
4.6475698e-10
4.7281251e-10
4.7753468e-10
4.811111e-10
4.8406257e-10
4.9135412e-10
4.9604165e-10
4.985069e-10
5.0447913e-10
5.0822918e-10
5.1111104e-10
5.1697924e-10
5.1812493e-10
5.1982635e-10
5.2381943e-10
5.285764e-10
5.2986115e-10
5.3576382e-10
5.3461807e-10
5.3555549e-10
5.3881943e-10
5.4111104e-10
5.4201382e-10
5.4197918e-10
5.4590271e-10
5.4656252e-10
5.4781257e-10
5.4826388e-10
5.4899302e-10
5.4940974e-10
5.5222221e-10
5.4961807e-10
5.5138888e-10
5.5211802e-10
5.5416671e-10
5.5381943e-10
5.5531246e-10
5.5454863e-10
5.5468752e-10
5.5631938e-10
5.567361e-10
5.5541671e-10
5.5524296e-10
5.5545141e-10
5.5527782e-10
5.5600696e-10
5.5395832e-10
5.5447907e-10
5.5670141e-10
5.5708327e-10
5.5743049e-10
5.5593741e-10
5.5833332e-10
5.5583332e-10
5.5725691e-10
5.5597227e-10
5.5510418e-10
5.5652777e-10
5.5472221e-10
5.5614585e-10
5.5732641e-10
5.5611116e-10
5.567708e-10
5.5597232e-10
5.5562505e-10
5.5718746e-10
5.5597227e-10
5.5496518e-10
5.5545146e-10
5.5656241e-10
5.5472221e-10
5.5416671e-10
5.5590277e-10
5.555208e-10
5.5576382e-10
5.5524307e-10
5.5315974e-10
5.5375005e-10
5.5302085e-10
5.5131949e-10
5.5194443e-10
5.523958e-10
5.512153e-10
5.5038196e-10
5.4989585e-10
5.498611e-10
5.5138893e-10
5.5062505e-10
5.4923616e-10
5.4986105e-10
5.4954863e-10
5.4951393e-10
5.479861e-10
5.4923616e-10
5.4909716e-10
5.4756949e-10
5.454861e-10
5.473958e-10
5.4833327e-10
5.4784727e-10
5.4656252e-10
5.4774296e-10
5.467361e-10
5.4590277e-10
5.4534716e-10
5.4493055e-10
5.4576388e-10
5.448958e-10
5.4465277e-10
5.4673621e-10
5.4437499e-10
5.4326388e-10
5.4499993e-10
5.4319443e-10
5.4263888e-10
5.4385413e-10
5.4114585e-10
5.4260418e-10
5.4097227e-10
5.4496524e-10
5.4225685e-10
5.4006943e-10
5.4218752e-10
5.417361e-10
5.423611e-10
5.3982635e-10
5.4052079e-10
5.429513e-10
5.3982641e-10
5.4107641e-10
5.4142357e-10
5.4086807e-10
5.3972221e-10
5.3888888e-10
5.3954857e-10
5.3843752e-10
5.3725691e-10
5.3868054e-10
5.4003468e-10
5.3885418e-10
5.3819443e-10
5.3753474e-10
5.3909716e-10
5.4059029e-10
5.3847221e-10
5.3656246e-10
5.3795135e-10
5.3864585e-10
5.3579857e-10
5.3635418e-10
5.3569443e-10
5.3732641e-10
5.3458327e-10
5.3513882e-10
5.3440968e-10
5.3579868e-10
5.343056e-10
5.3552074e-10
5.3510418e-10
5.3340277e-10
5.354861e-10
5.3368049e-10
5.336111e-10
5.3385418e-10
5.3392363e-10
5.3121529e-10
5.3392357e-10
5.3243049e-10
5.330556e-10
5.3090277e-10
5.3343752e-10
5.3392357e-10
5.3399307e-10
5.3215277e-10
5.3090271e-10
5.3118054e-10
5.3354171e-10
5.3253468e-10
5.2847227e-10
5.2961807e-10
5.3145832e-10
5.2993054e-10
5.2822918e-10
5.2708338e-10
5.2843752e-10
5.3031252e-10
5.2888888e-10
5.2809035e-10
5.2767368e-10
5.2833332e-10
5.260069e-10
5.291666e-10
5.2666665e-10
5.2638888e-10
5.2527777e-10
5.2750004e-10
5.2513888e-10
5.2645832e-10
5.2447907e-10
5.267361e-10
5.2607635e-10
5.2447918e-10
5.2267357e-10
5.2465282e-10
5.2364579e-10
5.2458327e-10
5.2340277e-10
5.2343752e-10
5.2465282e-10
5.2364579e-10
5.2531252e-10
5.2288196e-10
5.2621529e-10
5.2288196e-10
5.2451393e-10
5.2416665e-10
5.2152777e-10
5.2326388e-10
5.241666e-10
5.2447918e-10
5.2211802e-10
5.2343752e-10
5.2142357e-10
5.2284721e-10
5.2229165e-10
5.2180549e-10
5.2083332e-10
5.2083332e-10
5.2232635e-10
5.2222221e-10
5.2267363e-10
5.223264e-10
5.2013893e-10
5.1972227e-10
5.223264e-10
5.2128479e-10
5.2229165e-10
5.2166665e-10
5.2187504e-10
5.2034721e-10
5.2006943e-10
5.2027777e-10
5.1999999e-10
5.198264e-10
5.198959e-10
5.1895838e-10
5.1930554e-10
5.2187493e-10
5.1868049e-10
5.1854171e-10
5.1722215e-10
5.1513882e-10
5.1743049e-10
5.1875004e-10
5.186806e-10
5.1770832e-10
5.1604165e-10
5.1583332e-10
5.1597226e-10
5.1642357e-10
5.1496524e-10
5.1635413e-10
5.1340276e-10
5.1451388e-10
5.1513888e-10
5.1277771e-10
5.1520832e-10
5.1385413e-10
5.1378474e-10
5.1409721e-10
5.1319454e-10
5.1444438e-10
5.1399307e-10
5.1260413e-10
5.1211807e-10
5.129166e-10
5.1315968e-10
5.1180549e-10
5.1305554e-10
5.1368049e-10
5.1239579e-10
5.129514e-10
5.1170146e-10
5.1451382e-10
5.1097221e-10
5.1062504e-10
5.1177085e-10
5.1392363e-10
5.1128463e-10
5.1097226e-10
5.1121529e-10
5.1083338e-10
5.1218751e-10
5.1076388e-10
5.1003468e-10
5.1131949e-10
5.0944438e-10
5.1180554e-10
5.1045135e-10
5.0809024e-10
5.1027782e-10
5.0645832e-10
5.1128468e-10
5.0979165e-10
5.0993054e-10
5.0826388e-10
5.0597215e-10
5.073611e-10
5.097569e-10
5.0694443e-10
5.0746524e-10
5.0659721e-10
5.0878479e-10
5.086806e-10
5.0715276e-10
5.085764e-10
5.0722226e-10
5.0437499e-10
5.0607635e-10
5.0562499e-10
5.0642363e-10
5.0451388e-10
5.0559024e-10
5.061111e-10
5.0427079e-10
5.0746529e-10
5.0711807e-10
5.061806e-10
5.0520838e-10
5.0621529e-10
5.0579857e-10
5.0621529e-10
5.0524301e-10
5.0305554e-10
5.0468751e-10
5.042709e-10
5.0531246e-10
5.0593751e-10
5.0677085e-10
5.0510413e-10
5.0465282e-10
5.0562499e-10
5.0440974e-10
5.0388888e-10
5.0454863e-10
5.0385418e-10
5.0541671e-10
5.042361e-10
5.061111e-10
5.048959e-10
5.042361e-10
5.0534715e-10
5.0444443e-10
5.0336807e-10
5.0256943e-10
5.0416671e-10
5.0513882e-10
5.0468751e-10
5.0309029e-10
5.0399307e-10
5.0343751e-10
5.0468751e-10
5.0267357e-10
5.0326388e-10
5.0364585e-10
5.0416665e-10
5.0190968e-10
5.023264e-10
5.0399307e-10
5.029514e-10
5.0371524e-10
5.0309024e-10
5.0309024e-10
5.016666e-10
5.0333326e-10
5.0256932e-10
5.0194449e-10
5.0166665e-10
4.997569e-10
5.0065974e-10
5.0107635e-10
5.0204862e-10
5.0090276e-10
5.0142357e-10
5.0194443e-10
5.0024301e-10
4.9999999e-10
4.9906251e-10
4.9951393e-10
5.0253468e-10
4.999306e-10
4.9934035e-10
5.0128468e-10
5.0027776e-10
4.9944443e-10
5.0062504e-10
4.9708332e-10
4.979166e-10
4.9874999e-10
4.9843751e-10
4.9819449e-10
4.966666e-10
4.9840282e-10
4.9729165e-10
4.9697912e-10
4.979166e-10
4.9874999e-10
4.9604165e-10
4.9913196e-10
4.9649312e-10
4.9777776e-10
4.9531246e-10
4.9534715e-10
4.9576393e-10
4.9649307e-10
4.9638893e-10
4.9697912e-10
4.9458332e-10
4.9427079e-10
4.9454862e-10
4.9333332e-10
4.9444437e-10
4.923611e-10
4.9315974e-10
4.9565968e-10
4.9409726e-10
4.9440968e-10
4.9284721e-10
4.9374999e-10
4.948264e-10
4.9159721e-10
4.9427079e-10
4.9232635e-10
4.935764e-10
4.9350696e-10
4.9100696e-10
4.9100696e-10
4.9107635e-10
4.929861e-10
4.9190974e-10
4.9250004e-10
4.9225685e-10
4.9371524e-10
4.9159715e-10
4.9138893e-10
4.9239585e-10
4.9284726e-10
4.897569e-10
4.9149307e-10
4.9093746e-10
4.9243049e-10
4.9253474e-10
4.9305554e-10
4.9329857e-10
4.9187499e-10
4.9249993e-10
4.910069e-10
4.904514e-10
4.9284726e-10
4.9187499e-10
4.9093746e-10
4.9222215e-10
4.9079857e-10
4.9347221e-10
4.9368054e-10
4.9194449e-10
4.9364579e-10
4.916319e-10
4.9249999e-10
4.9152787e-10
4.9249999e-10
4.9270832e-10
4.9156257e-10
4.8927079e-10
4.9045135e-10
4.904861e-10
4.9142357e-10
4.9062499e-10
4.8972226e-10
4.8972226e-10
4.9107629e-10
4.9152782e-10
4.893056e-10
4.9065974e-10
4.8968751e-10
4.8854165e-10
4.9055554e-10
4.904514e-10
4.880556e-10
4.8909715e-10
4.8829868e-10
4.9052085e-10
4.8927085e-10
4.8763887e-10
4.8868054e-10
4.8864579e-10
4.8770832e-10
4.8892357e-10
4.879166e-10
4.8781251e-10
4.8739579e-10
4.880556e-10
4.892014e-10
4.8815968e-10
4.8743048e-10
4.8812498e-10
4.8704862e-10
4.8541665e-10
4.8718746e-10
4.8722221e-10
4.8673604e-10
4.8750004e-10
4.8767357e-10
4.8628473e-10
4.8555554e-10
4.8437498e-10
4.8635418e-10
4.8534715e-10
4.8725696e-10
4.8434029e-10
4.8437498e-10
4.8444437e-10
4.8569437e-10
4.8631943e-10
4.854861e-10
4.8437498e-10
4.8256943e-10
4.8267362e-10
4.8461807e-10
4.8465276e-10
4.8534721e-10
4.8527782e-10
4.8322923e-10
4.8500004e-10
4.8368054e-10
4.8371529e-10
4.8517357e-10
4.8524307e-10
4.8579862e-10
4.8277782e-10
4.8277782e-10
4.8333332e-10
4.8315973e-10
4.8329862e-10
4.8510418e-10
4.8402771e-10
4.8239579e-10
4.842361e-10
4.8267368e-10
4.8239585e-10
4.8444443e-10
4.8440968e-10
4.8239579e-10
4.859374e-10
4.8434029e-10
4.8309023e-10
4.8315968e-10
4.8218751e-10
4.8156246e-10
4.8256943e-10
4.8322923e-10
4.8468746e-10
4.8281251e-10
4.8270832e-10
4.8451393e-10
4.8451387e-10
4.8263882e-10
4.8267362e-10
4.8506948e-10
4.8468751e-10
4.835764e-10
4.8350696e-10
4.8163185e-10
4.8274301e-10
4.8267362e-10
4.8208337e-10
4.8385412e-10
4.798611e-10
4.817361e-10
4.8072918e-10
4.8090276e-10
4.8187504e-10
4.8048615e-10
4.8256943e-10
4.824306e-10
4.8006943e-10
4.836111e-10
4.817361e-10
4.810069e-10
4.8062504e-10
4.8170146e-10
4.8062498e-10
4.7940973e-10
4.7847221e-10
4.8177085e-10
4.8059029e-10
4.8187498e-10
4.811806e-10
4.7864579e-10
4.8034721e-10
4.8124993e-10
4.8041665e-10
4.8204857e-10
4.810069e-10
4.8083337e-10
4.7951382e-10
4.7916665e-10
4.8128473e-10
4.8097221e-10
4.8138887e-10
4.7937498e-10
4.8062498e-10
4.8055554e-10
4.7871523e-10
4.7940968e-10
4.8097226e-10
4.7649307e-10
4.792361e-10
4.8003468e-10
4.7954857e-10
4.8170135e-10
4.7927085e-10
4.7954862e-10
4.7829857e-10
4.7684023e-10
4.7798615e-10
4.7736104e-10
4.7621529e-10
4.7694448e-10
4.7927085e-10
4.7815973e-10
4.7722226e-10
4.7829857e-10
4.7920135e-10
4.7809023e-10
4.7611104e-10
4.7684029e-10
4.7586801e-10
4.779861e-10
4.7739573e-10
4.7677085e-10
4.7638893e-10
4.7489579e-10
4.7663196e-10
4.7569443e-10
4.7461807e-10
4.7722221e-10
4.7357634e-10
4.7611109e-10
4.7677085e-10
4.7527782e-10
4.7454862e-10
4.7562504e-10
4.7524307e-10
4.7743054e-10
4.7625004e-10
4.7340282e-10
4.7458332e-10
4.7451398e-10
4.7395837e-10
4.7229165e-10
4.7302084e-10
4.7347221e-10
4.7506948e-10
4.7458337e-10
4.7381943e-10
4.7336807e-10
4.7284715e-10
4.7527782e-10
4.7458332e-10
4.7423609e-10
4.7364584e-10
4.7253473e-10
4.7270832e-10
4.7229165e-10
4.7288196e-10
4.7239584e-10
4.7204862e-10
4.7340282e-10
4.7263882e-10
4.7284721e-10
4.7249998e-10
4.7135412e-10
4.7319448e-10
4.7364579e-10
4.7145826e-10
4.7177084e-10
4.7166665e-10
4.7479165e-10
4.7038196e-10
4.7197918e-10
4.717014e-10
4.7243054e-10
4.7208343e-10
4.7128468e-10
4.7281251e-10
4.7069443e-10
4.7107634e-10
4.7055554e-10
4.704514e-10
4.6999998e-10
4.6951393e-10
4.7072912e-10
4.7065973e-10
4.6934034e-10
4.7184023e-10
4.704514e-10
4.7065973e-10
4.6940968e-10
4.7038196e-10
4.6833332e-10
4.6958332e-10
4.6961801e-10
4.7003473e-10
4.6815973e-10
4.6972226e-10
4.6892357e-10
4.6972226e-10
4.6972226e-10
4.6965282e-10
4.7065973e-10
4.6819448e-10
4.6947918e-10
4.6874998e-10
4.698959e-10
4.6954862e-10
4.6954862e-10
4.6847221e-10
4.6756948e-10
4.6902776e-10
4.6878473e-10
4.6947912e-10
4.667014e-10
4.6701387e-10
4.6722226e-10
4.6746529e-10
4.6656257e-10
4.679514e-10
4.6784721e-10
4.6847226e-10
4.6760418e-10
4.6753468e-10
4.6486109e-10
4.6711807e-10
4.6708343e-10
4.6697912e-10
4.6704862e-10
4.6649307e-10
4.6802084e-10
4.6545134e-10
4.6496534e-10
4.6645832e-10
4.6642357e-10
4.6440971e-10
4.6600696e-10
4.6631943e-10
4.6631943e-10
4.6593757e-10
4.6527773e-10
4.6614584e-10
4.6385418e-10
4.6298615e-10
4.648264e-10
4.6593751e-10
4.6638893e-10
4.6659721e-10
4.6645832e-10
4.6482634e-10
4.6638893e-10
4.651389e-10
4.6482634e-10
4.6475693e-10
4.6489582e-10
4.6569443e-10
4.6524307e-10
4.6649307e-10
4.6486115e-10
4.6503473e-10
4.6364582e-10
4.6503468e-10
4.6517362e-10
4.6677084e-10
4.6423609e-10
4.6618054e-10
4.6399304e-10
4.6472223e-10
4.6472223e-10
4.6576387e-10
4.6395826e-10
4.6354165e-10
4.6416668e-10
4.6506946e-10
4.6361112e-10
4.6416662e-10
4.6406246e-10
4.6378471e-10
4.6444443e-10
4.6461807e-10
4.6427084e-10
4.6468746e-10
4.6388887e-10
4.6374998e-10
4.6399304e-10
4.648264e-10
4.6309026e-10
4.6319443e-10
4.6368054e-10
4.6204862e-10
4.6229168e-10
4.6302087e-10
4.6177087e-10
4.6184029e-10
4.6430559e-10
4.6263887e-10
4.6211804e-10
4.6260418e-10
4.610764e-10
4.6406246e-10
4.6281246e-10
4.6215279e-10
4.6142359e-10
4.6347223e-10
4.6118054e-10
4.6281251e-10
4.6225695e-10
4.610764e-10
4.6305557e-10
4.6270834e-10
4.6263887e-10
4.6249996e-10
4.619792e-10
4.6378471e-10
4.6159723e-10
4.6173609e-10
4.6333332e-10
4.6263893e-10
4.6250001e-10
4.6059029e-10
4.6156248e-10
4.6131948e-10
4.6142359e-10
4.6385423e-10
4.6309032e-10
4.6215279e-10
4.6291668e-10
4.6124995e-10
4.6215279e-10
4.6131943e-10
4.6260418e-10
4.6121532e-10
4.6163193e-10
4.6309032e-10
4.5986109e-10
4.6281246e-10
4.6368059e-10
4.6145832e-10
4.6208337e-10
4.613542e-10
4.6218743e-10
4.5944443e-10
4.6090276e-10
4.6114584e-10
4.622569e-10
4.5986115e-10
4.5986115e-10
4.6184034e-10
4.6135418e-10
4.6163195e-10
4.6250007e-10
4.619792e-10
4.6093745e-10
4.6295134e-10
4.6128468e-10
4.6156248e-10
4.6152776e-10
4.6024307e-10
4.6118057e-10
4.6114584e-10
4.6194445e-10
4.6072918e-10
4.6187498e-10
4.6204862e-10
4.6184023e-10
4.6156254e-10
4.5923607e-10
4.6100693e-10
4.604167e-10
4.6350696e-10
4.6232643e-10
4.5968751e-10
4.619792e-10
4.6038195e-10
4.6076387e-10
4.6045137e-10
4.613889e-10
4.5944443e-10
4.6145837e-10
4.6041665e-10
4.6149301e-10
4.6045143e-10
4.617014e-10
4.5954859e-10
4.606597e-10
4.6017357e-10
4.606597e-10
4.6093751e-10
4.5986109e-10
4.5923609e-10
4.6100698e-10
4.6076387e-10
4.5972218e-10
4.587847e-10
4.6010415e-10
4.5944443e-10
4.5729168e-10
4.5861118e-10
4.5982645e-10
4.5895832e-10
4.6020837e-10
4.5815973e-10
4.5749995e-10
4.5843754e-10
4.5781251e-10
4.5791668e-10
4.5704857e-10
4.5743059e-10
4.5711809e-10
4.5673618e-10
4.590972e-10
4.579514e-10
4.5767359e-10
4.5836807e-10
4.5996529e-10
4.5916668e-10
4.601389e-10
4.5868054e-10
4.5854165e-10
4.5836807e-10
4.578472e-10
4.5718748e-10
4.5673609e-10
4.5795134e-10
4.5934026e-10
4.567014e-10
4.5836812e-10
4.5760418e-10
4.5770843e-10
4.5833332e-10
4.5909726e-10
4.5618057e-10
4.5802084e-10
4.5760418e-10
4.5548612e-10
4.5694445e-10
4.5680559e-10
4.5677087e-10
4.572222e-10
4.5815973e-10
4.553472e-10
4.5506945e-10
4.5763893e-10
4.5416662e-10
4.5642359e-10
4.5736112e-10
4.5663195e-10
4.5500004e-10
4.5409726e-10
4.5538195e-10
4.5631943e-10
4.5732643e-10
4.5520832e-10
4.5562507e-10
4.5743054e-10
4.554167e-10
4.5475698e-10
4.5493057e-10
4.5402779e-10
4.5354165e-10
4.5458334e-10
4.5440973e-10
4.5385415e-10
4.5583334e-10
4.5569448e-10
4.5687498e-10
4.5475693e-10
4.5256943e-10
4.5274307e-10
4.5427084e-10
4.5375004e-10
4.5267359e-10
4.5319448e-10
4.548264e-10
4.5288198e-10
4.5281251e-10
4.5100693e-10
4.5312498e-10
4.5371523e-10
4.5420143e-10
4.532292e-10
4.5239584e-10
4.5152776e-10
4.5371529e-10
4.5246529e-10
4.547917e-10
4.5052082e-10
4.532639e-10
4.5486109e-10
4.525347e-10
4.5423609e-10
4.5263893e-10
4.5312498e-10
4.5229165e-10
4.5274304e-10
4.5361112e-10
4.5232637e-10
4.5309026e-10
4.5374998e-10
4.5548618e-10
4.5489582e-10
4.5402779e-10
4.5364587e-10
4.5406251e-10
4.5430559e-10
4.5333337e-10
4.5236115e-10
4.5104173e-10
4.5392362e-10
4.5371529e-10
4.5131943e-10
4.5156254e-10
4.5128473e-10
4.509722e-10
4.5027779e-10
4.520834e-10
4.5305557e-10
4.4986109e-10
4.510764e-10
4.516667e-10
4.5187504e-10
4.520834e-10
4.5312495e-10
4.5045137e-10
4.5180557e-10
4.5277782e-10
4.5131948e-10
4.5062498e-10
4.5104168e-10
4.5281245e-10
4.5086809e-10
4.495139e-10
4.5159723e-10
4.4975698e-10
4.5027784e-10
4.4954865e-10
4.4788193e-10
4.4871523e-10
4.4822915e-10
4.4763887e-10
4.4961801e-10
4.4749995e-10
4.4850695e-10
4.4989582e-10
4.5128468e-10
4.4979165e-10
4.5062498e-10
4.4961807e-10
4.5010415e-10
4.4934031e-10
4.4909715e-10
4.5048618e-10
4.4927084e-10
4.4947918e-10
4.4996529e-10
4.5111109e-10
4.5114584e-10
4.4930559e-10
4.497917e-10
4.4958329e-10
4.5003473e-10
4.5104168e-10
4.4923609e-10
4.5013884e-10
4.488194e-10
4.4843754e-10
4.4954859e-10
4.4749995e-10
4.4864581e-10
4.4788193e-10
4.4819448e-10
4.4809026e-10
4.4708337e-10
4.4836812e-10
4.4885418e-10
4.4979165e-10
4.4892368e-10
4.4913198e-10
4.4802084e-10
4.5059029e-10
4.4767359e-10
4.4930559e-10
4.4784723e-10
4.4697915e-10
4.4746531e-10
4.4753476e-10
4.4868059e-10
4.4847223e-10
4.472222e-10
4.4760423e-10
4.4739579e-10
4.4746529e-10
4.4895834e-10
4.4684023e-10
4.4774306e-10
4.4947918e-10
4.485417e-10
4.469444e-10
4.4913195e-10
4.4989587e-10
4.4930554e-10
4.4871534e-10
4.4781251e-10
4.4756943e-10
4.485764e-10
4.4923615e-10
4.4902779e-10
4.4885423e-10
4.4996526e-10
4.490972e-10
4.4906245e-10
4.4930559e-10
4.4878476e-10
4.4979162e-10
4.4743054e-10
4.4798615e-10
4.4892362e-10
4.4958334e-10
4.479514e-10
4.4642359e-10
4.4819448e-10
4.4965276e-10
4.4843748e-10
4.4746523e-10
4.4930559e-10
4.4812504e-10
4.4815973e-10
4.4663195e-10
4.4815973e-10
4.4847226e-10
4.4975693e-10
4.4885418e-10
4.4767359e-10
4.4743059e-10
4.4812498e-10
4.4784723e-10
4.4871529e-10
4.4645837e-10
4.4677081e-10
4.4659723e-10
4.463889e-10
4.4611109e-10
4.4861112e-10
4.4638895e-10
4.4677087e-10
4.4677093e-10
4.4774298e-10
4.4701393e-10
4.4673609e-10
4.4791662e-10
4.4597226e-10
4.4472218e-10
4.451042e-10
4.4635418e-10
4.460764e-10
4.453472e-10
4.453472e-10
4.4902779e-10
4.4593745e-10
4.4479165e-10
4.4822915e-10
4.4291668e-10
4.4878468e-10
4.4545137e-10
4.454167e-10
4.4569445e-10
4.4489587e-10
4.4496529e-10
4.4586804e-10
4.4451387e-10
4.438194e-10
4.4517362e-10
4.4729165e-10
4.4517362e-10
4.4354165e-10
4.4437495e-10
4.4468751e-10
4.4354165e-10
4.4250001e-10
4.4406245e-10
4.4402779e-10
4.4513893e-10
4.4246529e-10
4.4288198e-10
4.4527773e-10
4.437847e-10
4.4343748e-10
4.4527779e-10
4.4420143e-10
4.4312498e-10
4.4336806e-10
4.448264e-10
4.447917e-10
4.4454865e-10
4.4559034e-10
4.4572912e-10
4.4388893e-10
4.4506945e-10
4.4413195e-10
4.4545137e-10
4.4555554e-10
4.432639e-10
4.4618056e-10
4.4520831e-10
4.4430559e-10
4.4520831e-10
4.4350695e-10
4.4322915e-10
4.4291668e-10
4.4263893e-10
4.4555554e-10
4.4496529e-10
4.4340279e-10
4.4423609e-10
4.4423609e-10
4.4447918e-10
4.4499998e-10
4.4263893e-10
4.4489581e-10
4.4468751e-10
4.4319443e-10
4.4392362e-10
4.4385418e-10
4.4454854e-10
4.4420137e-10
4.4395831e-10
4.4399309e-10
4.4305556e-10
4.4430562e-10
4.445139e-10
4.4409726e-10
4.4486115e-10
4.4173609e-10
4.4184034e-10
4.4381945e-10
4.4260423e-10
4.4361112e-10
4.4340276e-10
4.4493062e-10
4.4371529e-10
4.4239579e-10
4.4336806e-10
4.4256948e-10
4.4309026e-10
4.4222226e-10
4.4319443e-10
4.4267359e-10
4.445139e-10
4.4302084e-10
4.4291668e-10
4.4371529e-10
4.4260418e-10
4.4298609e-10
4.4322915e-10
4.4305551e-10
4.4055554e-10
4.394097e-10
4.4065976e-10
4.4361112e-10
4.4118056e-10
4.4121531e-10
4.4076387e-10
4.408334e-10
4.4243054e-10
4.4322915e-10
4.4281251e-10
4.4104168e-10
4.4406256e-10
4.4288193e-10
4.4267359e-10
4.4107637e-10
4.4114584e-10
4.4208337e-10
4.4232643e-10
4.4187498e-10
4.4097226e-10
4.4142365e-10
4.4218751e-10
4.4284723e-10
4.4232643e-10
4.4090281e-10
4.4211804e-10
4.4250006e-10
4.429167e-10
4.4232637e-10
4.4333331e-10
4.4250001e-10
4.4253476e-10
4.4295134e-10
4.4211804e-10
4.4274304e-10
4.4239584e-10
4.4375006e-10
4.4100693e-10
4.4246531e-10
4.4159731e-10
4.4211804e-10
4.4201387e-10
4.4142365e-10
4.4211804e-10
4.4357643e-10
4.4267359e-10
4.4263887e-10
4.413542e-10
4.4222226e-10
4.4274304e-10
4.4180556e-10
4.4229168e-10
4.4156254e-10
4.4107637e-10
4.4187498e-10
4.4211804e-10
4.4263887e-10
4.4190976e-10
4.4267365e-10
4.4340279e-10
4.4218751e-10
4.4281256e-10
4.4277776e-10
4.4236115e-10
4.4145831e-10
4.417014e-10
4.4093751e-10
4.4142365e-10
4.4236106e-10
4.4152776e-10
4.4211809e-10
4.4319448e-10
4.4152781e-10
4.4204862e-10
4.4027779e-10
4.3958334e-10
4.4048612e-10
4.4114584e-10
4.4256948e-10
4.4218751e-10
4.4267359e-10
4.4104168e-10
4.3947918e-10
4.4041665e-10
4.4027779e-10
4.4017362e-10
4.3802084e-10
4.412152e-10
4.4104168e-10
4.3934026e-10
4.3982634e-10
4.4201393e-10
4.4072912e-10
4.3965281e-10
4.4180556e-10
4.4083334e-10
4.4027773e-10
4.3854165e-10
4.3895834e-10
4.3996529e-10
4.3951387e-10
4.3989581e-10
4.3975698e-10
4.3798609e-10
4.3934026e-10
4.4083329e-10
4.3895834e-10
4.4024301e-10
4.3937495e-10
4.3934023e-10
4.3892362e-10
4.4003473e-10
4.3958329e-10
4.3847223e-10
4.4187504e-10
4.3836806e-10
4.3920143e-10
4.401389e-10
4.395139e-10
4.3996526e-10
4.3725695e-10
4.4003479e-10
4.3906245e-10
4.3923615e-10
4.4045143e-10
4.4006945e-10
4.4184029e-10
4.3989587e-10
4.3934026e-10
4.4052084e-10
4.4076393e-10
4.3875004e-10
4.3913195e-10
4.4024309e-10
4.3829859e-10
4.4072918e-10
4.3937506e-10
4.4052081e-10
4.4069445e-10
4.4180556e-10
4.4027773e-10
4.3968754e-10
4.4000004e-10
4.3902781e-10
4.3972223e-10
4.3947918e-10
4.397917e-10
4.4076393e-10
4.3659723e-10
4.3861112e-10
4.3864581e-10
4.4034718e-10
4.4031256e-10
4.3972223e-10
4.3756948e-10
4.3802087e-10
4.3829859e-10
4.3770834e-10
4.3788193e-10
4.3774306e-10
4.3861112e-10
4.3614584e-10
4.3753476e-10
4.3725695e-10
4.3569448e-10
4.3600698e-10
4.3708337e-10
4.3631943e-10
4.3687504e-10
4.3545142e-10
4.3611115e-10
4.3628473e-10
4.3604167e-10
4.3649306e-10
4.3631948e-10
4.3517362e-10
4.3479165e-10
4.3531248e-10
4.3458334e-10
4.3590276e-10
4.3413195e-10
4.3611115e-10
4.3663195e-10
4.3576392e-10
4.3486109e-10
4.3458329e-10
4.3590276e-10
4.3447917e-10
4.3315967e-10
4.3569448e-10
4.3701387e-10
4.3489581e-10
4.3652776e-10
4.3715279e-10
4.3732643e-10
4.3694445e-10
4.360764e-10
4.3604167e-10
4.3680551e-10
4.3517362e-10
4.3777781e-10
4.382639e-10
4.3631943e-10
4.3559034e-10
4.3746529e-10
4.3770834e-10
4.3708337e-10
4.3555559e-10
4.3638895e-10
4.3750001e-10
4.3562498e-10
4.3777776e-10
4.3819443e-10
4.3704862e-10
4.3760423e-10
4.3614584e-10
4.3756943e-10
4.3750001e-10
4.3718751e-10
4.3611115e-10
4.3673609e-10
4.3711804e-10
4.387847e-10
4.3659718e-10
4.3663195e-10
4.3687504e-10
4.375694e-10
4.3843748e-10
4.3628473e-10
4.3753476e-10
4.3593756e-10
4.3666665e-10
4.3656248e-10
4.3618056e-10
4.3729165e-10
4.363889e-10
4.354167e-10
4.3704856e-10
4.3663195e-10
4.3767365e-10
4.3593745e-10
4.3496529e-10
4.3569445e-10
4.3256942e-10
4.3520831e-10
4.356597e-10
4.3392362e-10
4.3430554e-10
4.335069e-10
4.3645837e-10
4.3465276e-10
4.3222226e-10
4.3402781e-10
4.328472e-10
4.3302084e-10
4.3503473e-10
4.3385415e-10
4.366667e-10
4.3395831e-10
4.3451387e-10
4.3517362e-10
4.3621531e-10
4.3468751e-10
4.3333337e-10
4.3510415e-10
4.3309031e-10
4.3350695e-10
4.3642365e-10
4.335764e-10
4.3493062e-10
4.3197915e-10
4.3298609e-10
4.313889e-10
4.3361112e-10
4.3423615e-10
4.3315973e-10
4.329167e-10
4.3309026e-10
4.3381945e-10
4.3340284e-10
4.3277776e-10
4.3177087e-10
4.3420142e-10
4.3288192e-10
4.3385417e-10
4.313889e-10
4.3309031e-10
4.3388887e-10
4.3197915e-10
4.3187498e-10
4.3295134e-10
4.3500004e-10
4.3173612e-10
4.3309031e-10
4.3319442e-10
4.3270834e-10
4.3190967e-10
4.345139e-10
4.332639e-10
4.3461801e-10
4.3371529e-10
4.344097e-10
4.3423609e-10
4.3468754e-10
4.3302084e-10
4.3315967e-10
4.3392362e-10
4.3333337e-10
4.351389e-10
4.3336812e-10
4.3402779e-10
4.3392362e-10
4.3329859e-10
4.3201387e-10
4.3336806e-10
4.3343748e-10
4.3288198e-10
4.3281251e-10
4.3201387e-10
4.3315973e-10
4.3569448e-10
4.3430559e-10
4.3531254e-10
4.3368054e-10
4.3291667e-10
4.3468754e-10
4.3312498e-10
4.3343754e-10
4.310764e-10
4.3413195e-10
4.3190976e-10
4.3274306e-10
4.3354165e-10
4.3121526e-10
4.3503479e-10
4.3430559e-10
4.3125004e-10
4.3315973e-10
4.3208337e-10
4.3309031e-10
4.3104167e-10
4.329514e-10
4.335417e-10
4.335764e-10
4.3347223e-10
4.335764e-10
4.335764e-10
4.3388887e-10
4.3260417e-10
4.335417e-10
4.3163192e-10
4.3159723e-10
4.319792e-10
4.3017362e-10
4.3267359e-10
4.3288198e-10
4.3114584e-10
4.3149306e-10
4.3319448e-10
4.3229167e-10
4.3270829e-10
4.3045142e-10
4.3381945e-10
4.3298615e-10
4.3274306e-10
4.3125001e-10
4.329514e-10
4.3312504e-10
4.3229167e-10
4.3232637e-10
4.3229167e-10
4.3239584e-10
4.3187498e-10
4.3072912e-10
4.3354165e-10
4.3315979e-10
4.3260423e-10
4.3284723e-10
4.340972e-10
4.3201387e-10
4.3083329e-10
4.3263892e-10
4.3246529e-10
4.3437501e-10
4.3038195e-10
4.3204856e-10
4.325347e-10
4.317014e-10
4.3173609e-10
4.3218748e-10
4.3170145e-10
4.3250001e-10
4.3128467e-10
4.3229167e-10
4.3093751e-10
4.3034726e-10
4.3086804e-10
4.3097226e-10
4.2874998e-10
4.2996526e-10
4.3256942e-10
4.3225695e-10
4.3246531e-10
4.3041665e-10
4.3128473e-10
4.2993056e-10
4.2999998e-10
4.3086809e-10
4.2996529e-10
4.3225695e-10
4.3010415e-10
4.3256948e-10
4.3083334e-10
4.2979165e-10
4.2993056e-10
4.3156248e-10
4.290972e-10
4.3142359e-10
4.2888881e-10
4.2791667e-10
4.2906251e-10
4.2767365e-10
4.2899304e-10
4.2902779e-10
4.2885415e-10
4.279167e-10
4.2972223e-10
4.2729167e-10
4.2923615e-10
4.2871529e-10
4.2569445e-10
4.2781256e-10
4.2944442e-10
4.2621526e-10
4.2798615e-10
4.263889e-10
4.2690973e-10
4.267014e-10
4.279514e-10
4.2749995e-10
4.2697915e-10
4.2496529e-10
4.2635417e-10
4.2791667e-10
4.2739579e-10
4.2642359e-10
4.2763892e-10
4.2611109e-10
4.2774306e-10
4.2597226e-10
4.2788192e-10
4.2656254e-10
4.2815973e-10
4.2763892e-10
4.2899304e-10
4.2711809e-10
4.2892367e-10
4.272222e-10
4.2868059e-10
4.2666665e-10
4.2784723e-10
4.256597e-10
4.2829862e-10
4.2767365e-10
4.2833337e-10
4.2930554e-10
4.2704862e-10
4.2663195e-10
4.2732637e-10
4.2756942e-10
4.2809026e-10
4.2513892e-10
4.2621526e-10
4.2701387e-10
4.2788192e-10
4.2618056e-10
4.2618054e-10
4.2708337e-10
4.2680556e-10
4.2604167e-10
4.2604162e-10
4.2618056e-10
4.245139e-10
4.2777781e-10
4.2499998e-10
4.2545137e-10
4.2399309e-10
4.245139e-10
4.2684029e-10
4.2708331e-10
4.256597e-10
4.2597226e-10
4.2489581e-10
4.2440973e-10
4.2767359e-10
4.2576387e-10
4.2538195e-10
4.2652776e-10
4.2506945e-10
4.2576392e-10
4.2753476e-10
4.2576387e-10
4.2583334e-10
4.2559029e-10
4.2586804e-10
4.2704862e-10
4.2559029e-10
4.2701392e-10
4.2586809e-10
4.2576392e-10
4.2631942e-10
4.2743054e-10
4.2739579e-10
4.2593751e-10
4.2767359e-10
4.2625001e-10
4.2576387e-10
4.2753476e-10
4.267014e-10
4.2663192e-10
4.235417e-10
4.2916667e-10
4.2736112e-10
4.2621526e-10
4.2864581e-10
4.279514e-10
4.2680556e-10
4.2690973e-10
4.2680556e-10
4.2666665e-10
4.2770834e-10
4.2597226e-10
4.260764e-10
4.2597226e-10
4.269792e-10
4.2625001e-10
4.2635412e-10
4.2715284e-10
4.2687504e-10
4.282639e-10
4.2673612e-10
4.2694445e-10
4.2656248e-10
4.2704862e-10
4.2618056e-10
4.2631948e-10
4.2618056e-10
4.2531254e-10
4.2572917e-10
4.2642359e-10
4.2677087e-10
4.2680556e-10
4.2649306e-10
4.2621531e-10
4.2864581e-10
4.2649306e-10
4.2631948e-10
4.2486115e-10
4.2499998e-10
4.2510415e-10
4.2569445e-10
4.2468751e-10
4.2586809e-10
4.2444448e-10
4.2427084e-10
4.2739579e-10
4.2482634e-10
4.2635417e-10
4.2677087e-10
4.2524306e-10
4.2416667e-10
4.251042e-10
4.2427084e-10
4.269792e-10
4.2666665e-10
4.2510415e-10
4.248264e-10
4.2555554e-10
4.2611115e-10
4.2451387e-10
4.2548606e-10
4.2347223e-10
4.2434026e-10
4.2364587e-10
4.2579862e-10
4.2229167e-10
4.248264e-10
4.2545142e-10
4.2614584e-10
4.2493056e-10
4.2649301e-10
4.2368059e-10
4.229167e-10
4.2572917e-10
4.2604167e-10
4.2329862e-10
4.2489581e-10
4.2333337e-10
4.2562501e-10
4.2336806e-10
4.2423609e-10
4.2590276e-10
4.2458334e-10
4.2548612e-10
4.2645837e-10
4.2461806e-10
4.2423609e-10
4.2427084e-10
4.2572917e-10
4.2781251e-10
4.2503473e-10
4.2576392e-10
4.2486109e-10
4.2472223e-10
4.2479165e-10
4.2434026e-10
4.2677081e-10
4.2468751e-10
4.251042e-10
4.2347223e-10
4.2503473e-10
4.2465276e-10
4.2572917e-10
4.235764e-10
4.2468751e-10
4.2690973e-10
4.2364587e-10
4.2399304e-10
4.2559023e-10
4.2329862e-10
4.2427084e-10
4.2333331e-10
4.222222e-10
4.2236112e-10
4.2371529e-10
4.2590273e-10
4.2298615e-10
4.2420142e-10
4.2364587e-10
4.2270834e-10
4.225347e-10
4.2309031e-10
4.225347e-10
4.2250001e-10
4.2329862e-10
4.1972223e-10
4.2250001e-10
4.2249995e-10
4.2288198e-10
4.2385417e-10
4.1993056e-10
4.2003473e-10
4.2093751e-10
4.2187503e-10
4.2274304e-10
4.2173612e-10
4.2204862e-10
4.2163192e-10
4.2256948e-10
4.2121531e-10
4.2104173e-10
4.2121531e-10
4.2027778e-10
4.213889e-10
4.2052084e-10
4.2062498e-10
4.2194445e-10
4.235764e-10
4.2072917e-10
4.222222e-10
4.2159723e-10
4.1951387e-10
4.1899303e-10
4.203472e-10
4.2079862e-10
4.1875003e-10
4.1986115e-10
4.2170145e-10
4.219792e-10
4.2090281e-10
4.2017362e-10
4.1930553e-10
4.213889e-10
4.2024309e-10
4.2118056e-10
4.1968751e-10
4.2128473e-10
4.1916667e-10
4.1993056e-10
4.1972223e-10
4.2149306e-10
4.1906245e-10
4.2340276e-10
4.2045137e-10
4.1947923e-10
4.1861112e-10
4.210764e-10
4.2017362e-10
4.1972217e-10
4.2097226e-10
4.2027778e-10
4.2020837e-10
4.2006942e-10
4.1996528e-10
4.2250001e-10
4.1993056e-10
4.2100698e-10
4.2017356e-10
4.2076392e-10
4.1909726e-10
4.2093751e-10
4.2003473e-10
4.2017362e-10
4.190972e-10
4.2038195e-10
4.216667e-10
4.2114584e-10
4.1958328e-10
4.2069448e-10
4.1947917e-10
4.2083334e-10
4.1767365e-10
4.2090276e-10
4.2090281e-10
4.2093756e-10
4.2027778e-10
4.1836806e-10
4.210764e-10
4.1833331e-10
4.1760417e-10
4.2083328e-10
4.1899309e-10
4.2072917e-10
4.1954865e-10
4.190972e-10
4.1902778e-10
4.198264e-10
4.2031248e-10
4.2041665e-10
4.1999998e-10
4.1965281e-10
4.1815973e-10
4.1934031e-10
4.1895834e-10
4.1819448e-10
4.1961806e-10
4.1937501e-10
4.1829859e-10
4.1770834e-10
4.190972e-10
4.2006945e-10
4.2062498e-10
4.2097226e-10
4.2125001e-10
4.201389e-10
4.1996528e-10
4.2086803e-10
4.1871528e-10
4.2086803e-10
4.1871534e-10
4.1968751e-10
4.191319e-10
4.2045142e-10
4.2010415e-10
4.2000003e-10
4.2006945e-10
4.2090276e-10
4.210764e-10
4.2010415e-10
4.2006942e-10
4.2045137e-10
4.1937506e-10
4.2000003e-10
4.2024306e-10
4.1968751e-10
4.1972223e-10
4.1986115e-10
4.2076387e-10
4.1916667e-10
4.1916667e-10
4.1930553e-10
4.2006945e-10
4.1961801e-10
4.1902778e-10
4.2003478e-10
4.1888887e-10
4.1840278e-10
4.1746528e-10
4.1756948e-10
4.1690973e-10
4.1815973e-10
4.187847e-10
4.1833331e-10
4.2003478e-10
4.2003478e-10
4.1729167e-10
4.1895834e-10
4.1829862e-10
4.1763892e-10
4.1652781e-10
4.187847e-10
4.163889e-10
4.1763892e-10
4.179514e-10
4.1871528e-10
4.1763892e-10
4.1791667e-10
4.1781251e-10
4.1812498e-10
4.1881945e-10
4.1729167e-10
4.1565976e-10
4.201389e-10
4.1760417e-10
4.182292e-10
4.1708337e-10
4.1590276e-10
4.1645831e-10
4.1746528e-10
4.1767359e-10
4.1777781e-10
4.1784723e-10
4.1642365e-10
4.1649306e-10
4.1815973e-10
4.1739584e-10
4.185069e-10
4.1663192e-10
4.1881945e-10
4.1868059e-10
4.1770834e-10
4.1746531e-10
4.2083328e-10
4.1659723e-10
4.1836812e-10
4.1600692e-10
4.1895831e-10
4.1815973e-10
4.1781251e-10
4.1628473e-10
4.1729165e-10
4.1732637e-10
4.1954859e-10
4.1732642e-10
4.1920142e-10
4.1767365e-10
4.1895834e-10
4.1732637e-10
4.1833326e-10
4.1850695e-10
4.182639e-10
4.1774306e-10
4.1736112e-10
4.1899309e-10
4.1961806e-10
4.1965281e-10
4.1840278e-10
4.1642359e-10
4.1881945e-10
4.1729167e-10
4.2045137e-10
4.1520831e-10
4.1902778e-10
4.1677081e-10
4.1677087e-10
4.1788192e-10
4.1805556e-10
4.1677081e-10
4.1555559e-10
4.1545137e-10
4.1781245e-10
4.1361109e-10
4.160764e-10
4.1611109e-10
4.153472e-10
4.1527778e-10
4.1597226e-10
4.156597e-10
4.1618056e-10
4.1361115e-10
4.1611109e-10
4.1750001e-10
4.1593751e-10
4.1420137e-10
4.1517356e-10
4.1569448e-10
4.1545142e-10
4.1569448e-10
4.1590276e-10
4.1520837e-10
4.1687498e-10
4.1475698e-10
4.1656253e-10
4.1534726e-10
4.163889e-10
4.1541665e-10
4.1802084e-10
4.1704862e-10
4.1475698e-10
4.1604162e-10
4.1680556e-10
4.1659723e-10
4.153472e-10
4.1656248e-10
4.1694445e-10
4.1524306e-10
4.1527778e-10
4.1486115e-10
4.1670145e-10
4.1381945e-10
4.1458334e-10
4.1434026e-10
4.1472223e-10
4.1600698e-10
4.145139e-10
4.1472217e-10
4.1649301e-10
4.1190973e-10
4.1499998e-10
4.1340276e-10
4.1267362e-10
4.1364584e-10
4.1329862e-10
4.1444448e-10
4.1409726e-10
4.1364584e-10
4.1336806e-10
4.1284723e-10
4.153819e-10
4.1215281e-10
4.1510415e-10
4.1444448e-10
4.1263892e-10
4.1309028e-10
4.1309026e-10
4.1225701e-10
4.120139e-10
4.1458337e-10
4.1406251e-10
4.1309026e-10
4.1375001e-10
4.1378478e-10
4.1322917e-10
4.1333331e-10
4.1395834e-10
4.1194442e-10
4.1350692e-10
4.1385415e-10
4.129514e-10
4.1420142e-10
4.1548612e-10
4.1232642e-10
4.120139e-10
4.135417e-10
4.1371526e-10
4.1385417e-10
4.1225692e-10
4.1270837e-10
4.1253473e-10
4.1149303e-10
4.1145837e-10
4.1163195e-10
4.1475692e-10
4.1354167e-10
4.1302084e-10
4.1284723e-10
4.1274309e-10
4.1416667e-10
4.1340276e-10
4.1256948e-10
4.138889e-10
4.1288198e-10
4.1374998e-10
4.1468751e-10
4.1399303e-10
4.1531253e-10
4.1489581e-10
4.1545137e-10
4.1395834e-10
4.1333331e-10
4.1371523e-10
4.1493056e-10
4.1614584e-10
4.1635417e-10
4.135764e-10
4.1465281e-10
4.1524306e-10
4.1475692e-10
4.1576392e-10
4.1437495e-10
4.1440973e-10
4.1711809e-10
4.1663195e-10
4.1194445e-10
4.1420142e-10
4.1604167e-10
4.1618062e-10
4.1548612e-10
4.1468751e-10
4.1350692e-10
4.1524309e-10
4.1486115e-10
4.1545137e-10
4.1506945e-10
4.141319e-10
4.1312503e-10
4.1170142e-10
4.1614584e-10
4.1236112e-10
4.1350695e-10
4.1388887e-10
4.1246526e-10
4.1288198e-10
4.122222e-10
4.1270837e-10
4.1378473e-10
4.1493051e-10
4.1416667e-10
4.1152781e-10
4.1222223e-10
4.1229167e-10
4.1444442e-10
4.1298615e-10
4.1298609e-10
4.110764e-10
4.1572917e-10
4.1281253e-10
4.1194442e-10
4.1041665e-10
4.1069445e-10
4.1201387e-10
4.1371528e-10
4.1434026e-10
4.1312503e-10
4.1159726e-10
4.1427084e-10
4.1222223e-10
4.1302084e-10
4.1302084e-10
4.1343751e-10
4.1288192e-10
4.1333337e-10
4.1295142e-10
4.1239581e-10
4.1545137e-10
4.1000003e-10
4.126042e-10
4.1420137e-10
4.1461806e-10
4.1423609e-10
4.1277781e-10
4.1201387e-10
4.1277778e-10
4.1135417e-10
4.1211806e-10
4.1222223e-10
4.0993056e-10
4.1263887e-10
4.1322912e-10
4.1215278e-10
4.1086806e-10
4.1246528e-10
4.1246531e-10
4.1208334e-10
4.1340276e-10
4.1340276e-10
4.1177084e-10
4.1236112e-10
4.1208334e-10
4.1368053e-10
4.1524306e-10
4.1371528e-10
4.1305556e-10
4.1156251e-10
4.1340276e-10
4.1336806e-10
4.117014e-10
4.1315973e-10
4.1399309e-10
4.1232642e-10
4.1069448e-10
4.1281248e-10
4.1215276e-10
4.1388887e-10
4.123264e-10
4.1298615e-10
4.1437501e-10
4.1343748e-10
4.1243056e-10
4.1277778e-10
4.1468751e-10
4.1309031e-10
4.1291667e-10
4.1406245e-10
4.1559028e-10
4.1270831e-10
4.1267362e-10
4.1343748e-10
4.1395834e-10
4.1336803e-10
4.1260417e-10
4.1385417e-10
4.1208334e-10
4.1138887e-10
4.1111109e-10
4.1333334e-10
4.1253473e-10
4.1218748e-10
4.1083331e-10
4.1006945e-10
4.1177081e-10
4.0930553e-10
4.1434026e-10
4.1059031e-10
4.0916665e-10
4.1152778e-10
4.110764e-10
4.1218751e-10
4.1184031e-10
4.1055559e-10
4.0902778e-10
4.1024306e-10
4.1069445e-10
4.0979165e-10
4.1006942e-10
4.102084e-10
4.1079859e-10
4.1125001e-10
4.1149309e-10
4.1038195e-10
4.1159726e-10
4.094444e-10
4.1156248e-10
4.1215281e-10
4.1145831e-10
4.1211803e-10
4.104514e-10
4.1052084e-10
4.0975692e-10
4.0989584e-10
4.1229165e-10
4.0979167e-10
4.1197915e-10
4.1194445e-10
4.117014e-10
4.110764e-10
4.1086803e-10
4.107639e-10
4.129167e-10
4.1170142e-10
4.1100695e-10
4.1229167e-10
4.1180556e-10
4.1354167e-10
4.1104167e-10
4.1152781e-10
4.1111112e-10
4.0934028e-10
4.1243059e-10
4.094097e-10
4.1197915e-10
4.117014e-10
4.1218753e-10
4.1031256e-10
4.0868056e-10
4.1194445e-10
4.1072917e-10
4.1138887e-10
4.1194442e-10
4.1072917e-10
4.0961806e-10
4.1152781e-10
4.0906248e-10
4.1041667e-10
4.1166667e-10
4.1145831e-10
4.0996528e-10
4.1059034e-10
4.0909723e-10
4.0968745e-10
4.1010423e-10
4.1052084e-10
4.0864584e-10
4.0968751e-10
4.0788198e-10
4.0993053e-10
4.0854167e-10
4.0909723e-10
4.0850695e-10
4.1062498e-10
4.0906253e-10
4.0944442e-10
4.0968748e-10
4.1204862e-10
4.0979167e-10
4.0975698e-10
4.0732639e-10
4.0906248e-10
4.0881945e-10
4.1111112e-10
4.0996531e-10
4.1086809e-10
4.1111109e-10
4.1024309e-10
4.0972223e-10
4.0934028e-10
4.0986112e-10
4.094792e-10
4.087847e-10
4.101389e-10
4.079167e-10
4.0944445e-10
4.109722e-10
4.0965278e-10
4.1118053e-10
4.0930556e-10
4.1003473e-10
4.0868056e-10
4.1000003e-10
4.1013892e-10
4.0947917e-10
4.0885417e-10
4.0899306e-10
4.085417e-10
4.0913195e-10
4.0899306e-10
4.0954856e-10
4.0809031e-10
4.0909723e-10
4.0899309e-10
4.0923612e-10
4.0513889e-10
4.0635417e-10
4.0920139e-10
4.0645834e-10
4.0843756e-10
4.098264e-10
4.0777778e-10
4.0680551e-10
4.0798609e-10
4.0760414e-10
4.0812501e-10
4.069792e-10
4.0881945e-10
4.0732642e-10
4.0607639e-10
4.0666664e-10
4.0736112e-10
4.0909723e-10
4.0750001e-10
4.0729164e-10
4.0565973e-10
4.0902781e-10
4.0875003e-10
4.0819448e-10
4.0805551e-10
4.0927081e-10
4.0753473e-10
4.0777784e-10
4.0784723e-10
4.0826392e-10
4.0680556e-10
4.0666667e-10
4.0781253e-10
4.0795139e-10
4.0788198e-10
4.0659723e-10
4.0798612e-10
4.0524309e-10
4.0697917e-10
4.0548617e-10
4.0628473e-10
4.0663195e-10
4.0625003e-10
4.0503478e-10
4.0638884e-10
4.065972e-10
4.0593748e-10
4.0593756e-10
4.072222e-10
4.0628476e-10
4.053472e-10
4.0847226e-10
4.0645834e-10
4.0659726e-10
4.076042e-10
4.0875001e-10
4.0677084e-10
4.0635417e-10
4.0753476e-10
4.0534723e-10
4.0621531e-10
4.0704862e-10
4.0590276e-10
4.0725695e-10
4.0590276e-10
4.0631948e-10
4.0913195e-10
4.060417e-10
4.0513889e-10
4.0708337e-10
4.0732637e-10
4.0451389e-10
4.0548614e-10
4.0586806e-10
4.0635417e-10
4.0475698e-10
4.0614584e-10
4.0618056e-10
4.0496528e-10
4.0673609e-10
4.0614584e-10
4.0506945e-10
4.0565976e-10
4.0579862e-10
4.0718751e-10
4.0638887e-10
4.0482637e-10
4.0527781e-10
4.0479164e-10
4.0677084e-10
4.0468748e-10
4.0444448e-10
4.0666664e-10
4.0472223e-10
4.0524306e-10
4.0475695e-10
4.0520834e-10
4.0461803e-10
4.0524306e-10
4.0496528e-10
4.0520837e-10
4.053472e-10
4.0486109e-10
4.0687501e-10
4.062847e-10
4.0277776e-10
4.0802084e-10
4.0569445e-10
4.0493056e-10
4.081597e-10
4.0482642e-10
4.0458337e-10
4.0600692e-10
4.0420139e-10
4.0510414e-10
4.056597e-10
4.0628473e-10
4.0621528e-10
4.0701392e-10
4.0524306e-10
4.0690973e-10
4.0576389e-10
4.0597223e-10
4.0500001e-10
4.0503473e-10
4.0704856e-10
4.0465278e-10
4.0510414e-10
4.0673606e-10
4.0517359e-10
4.0357639e-10
4.0638889e-10
4.0562498e-10
4.0666659e-10
4.0486109e-10
4.0562498e-10
4.0607639e-10
4.0704856e-10
4.0569445e-10
4.0625003e-10
4.0624998e-10
4.0475695e-10
4.0718748e-10
4.0663195e-10
4.0545137e-10
4.0750003e-10
4.0718751e-10
4.0694448e-10
4.0635417e-10
4.0541664e-10
4.0559026e-10
4.0697917e-10
4.0722223e-10
4.0666667e-10
4.0690973e-10
4.0642362e-10
4.0482642e-10
4.0576389e-10
4.0621531e-10
4.059722e-10
4.0527781e-10
4.0805551e-10
4.0684026e-10
4.1010417e-10
4.0701389e-10
4.0732639e-10
4.0947917e-10
4.0913195e-10
4.0704859e-10
4.0725695e-10
4.0743053e-10
4.0777778e-10
4.0788192e-10
4.0638892e-10
4.0767362e-10
4.0753478e-10
4.0972226e-10
4.0701389e-10
4.090972e-10
4.0843751e-10
4.0781251e-10
4.0659723e-10
4.0895831e-10
4.0836809e-10
4.0711809e-10
4.0864589e-10
4.0979167e-10
4.0812501e-10
4.0878473e-10
4.0822917e-10
4.0871528e-10
4.0774306e-10
4.0927084e-10
4.0861109e-10
4.0739581e-10
4.0784723e-10
4.0656253e-10
4.0774306e-10
4.0878476e-10
4.0809031e-10
4.0704859e-10
4.0934031e-10
4.0819448e-10
4.0902781e-10
4.0767362e-10
4.0694448e-10
4.0739584e-10
4.0715281e-10
4.0722223e-10
4.0618056e-10
4.0750001e-10
4.0607637e-10
4.0583331e-10
4.0649306e-10
4.0694448e-10
4.0597226e-10
4.0749998e-10
4.0583337e-10
4.0586806e-10
4.0684028e-10
4.0590276e-10
4.0690973e-10
4.0732637e-10
4.0802084e-10
4.0694439e-10
4.0746528e-10
4.0572917e-10
4.0548612e-10
4.0729164e-10
4.0670142e-10
4.0447917e-10
4.078472e-10
4.0732639e-10
4.0434028e-10
4.0708337e-10
4.0649303e-10
4.0638887e-10
4.0652781e-10
4.0756948e-10
4.0718751e-10
4.0576392e-10
4.0649303e-10
4.0701387e-10
4.0756945e-10
4.0770837e-10
4.0663195e-10
4.0565967e-10
4.0791667e-10
4.0600695e-10
4.0645831e-10
4.0763887e-10
4.0517359e-10
4.0722226e-10
4.0416664e-10
4.062847e-10
4.0489587e-10
4.0465273e-10
4.0531256e-10
4.0444445e-10
4.0638892e-10
4.0677084e-10
4.0628473e-10
4.0593748e-10
4.0649306e-10
4.0496528e-10
4.047222e-10
4.0368053e-10
4.0562498e-10
4.0555548e-10
4.0614584e-10
4.0427081e-10
4.0503473e-10
4.0458334e-10
4.0527778e-10
4.054167e-10
4.0295139e-10
4.0531256e-10
4.0250001e-10
4.0368056e-10
4.0524306e-10
4.0131945e-10
4.0371528e-10
4.0454859e-10
4.028472e-10
4.0413198e-10
4.0336809e-10
4.0552081e-10
4.0263892e-10
4.0333331e-10
4.0378476e-10
4.0201387e-10
4.0288195e-10
4.0190973e-10
4.0364587e-10
4.0465278e-10
4.0305556e-10
4.0611112e-10
4.0333328e-10
4.0368053e-10
4.0079862e-10
4.0392364e-10
4.0430556e-10
4.0385417e-10
4.0187503e-10
4.0493059e-10
4.0371528e-10
4.0378467e-10
4.0093751e-10
4.0555559e-10
4.0184023e-10
4.0552084e-10
4.0243056e-10
4.0354164e-10
4.0527776e-10
4.0156256e-10
4.0170142e-10
4.0388887e-10
4.0062498e-10
4.0295142e-10
4.0045142e-10
4.0302084e-10
4.0340278e-10
4.0170139e-10
4.0027778e-10
4.0340276e-10
4.0163192e-10
4.0163195e-10
4.0107639e-10
4.0524306e-10
4.0149306e-10
4.0461803e-10
4.0243053e-10
4.0343753e-10
4.0211806e-10
4.0350692e-10
4.0395831e-10
4.028472e-10
4.0277776e-10
4.0145834e-10
4.0399306e-10
4.0319445e-10
4.0118056e-10
4.0340278e-10
4.0281251e-10
4.0159723e-10
4.0111109e-10
4.0361109e-10
4.0326395e-10
4.0177084e-10
4.0138892e-10
4.0263892e-10
4.0222223e-10
4.0256945e-10
4.0149306e-10
4.0156248e-10
4.0159726e-10
4.0024306e-10
4.0184026e-10
4.0173609e-10
4.0249998e-10
4.0309028e-10
4.0315967e-10
4.0246528e-10
4.0281248e-10
4.0256942e-10
4.0218748e-10
4.0048612e-10
3.9954859e-10
4.0277776e-10
4.0229164e-10
4.0083331e-10
4.0125003e-10
4.0114584e-10
4.0065973e-10
4.0104167e-10
3.9854164e-10
4.0138889e-10
4.0256945e-10
3.9989581e-10
4.0100698e-10
4.0211806e-10
4.0187501e-10
3.9989587e-10
4.0131945e-10
4.0197917e-10
4.0131951e-10
4.0076387e-10
4.0145831e-10
4.0180553e-10
4.0135417e-10
4.0128476e-10
4.0131948e-10
4.0260417e-10
4.0149309e-10
4.0243059e-10
4.0250001e-10
4.0201387e-10
4.0124998e-10
4.0107639e-10
4.0350695e-10
4.0149301e-10
4.0107637e-10
4.0055553e-10
4.022917e-10
4.0246528e-10
4.0225695e-10
4.0138887e-10
4.0357639e-10
4.0093748e-10
4.0163195e-10
4.0236112e-10
4.0343751e-10
4.0222223e-10
4.0305556e-10
4.0350698e-10
4.0378473e-10
4.0052084e-10
4.0149306e-10
4.0246528e-10
4.0215278e-10
4.0027778e-10
4.0093753e-10
4.0177084e-10
4.0166662e-10
4.0027776e-10
3.9951392e-10
4.0166664e-10
4.0135417e-10
4.0138889e-10
4.006597e-10
4.0225695e-10
3.9982639e-10
4.0059026e-10
4.0197917e-10
3.9968751e-10
3.9986112e-10
3.9920137e-10
3.9913195e-10
4.0145831e-10
4.0079862e-10
3.9979167e-10
4.0079862e-10
4.0159723e-10
3.9989587e-10
3.9854167e-10
3.9881945e-10
4.0055556e-10
4.0079862e-10
3.9951392e-10
4.0020834e-10
3.9871528e-10
3.9940973e-10
4.0128467e-10
4.0079864e-10
3.9840278e-10
3.9881948e-10
3.9770828e-10
3.9982639e-10
3.9722226e-10
3.9819448e-10
4.0118053e-10
3.9812501e-10
3.9812498e-10
3.9899303e-10
4.0013892e-10
3.9763889e-10
3.990972e-10
3.9999998e-10
4.0076389e-10
4.0072914e-10
3.9930559e-10
3.9822914e-10
3.9958334e-10
4.0090281e-10
4.0010417e-10
3.9951387e-10
4.0125003e-10
4.0017362e-10
4.0045137e-10
4.0250001e-10
4.0027778e-10
4.0059028e-10
4.0041664e-10
4.0086809e-10
3.9937506e-10
3.9916667e-10
4.0149312e-10
4.0173609e-10
4.0215278e-10
4.0256945e-10
4.0045137e-10
4.0131945e-10
4.0017364e-10
3.9798612e-10
4.0048609e-10
4.0062501e-10
3.9940973e-10
4.0062498e-10
4.010417e-10
4.0017359e-10
4.0142362e-10
4.006597e-10
4.0013892e-10
4.0072917e-10
4.0024306e-10
3.9895831e-10
3.9996528e-10
4.0048612e-10
3.9937503e-10
4.0059028e-10
3.9850698e-10
3.987847e-10
3.9885417e-10
4.0156251e-10
3.9961806e-10
3.9989578e-10
4.0031248e-10
4.0034723e-10
4.0086806e-10
3.9951392e-10
3.9975698e-10
4.0180553e-10
3.9913195e-10
4.0024306e-10
4.0013889e-10
4.0208334e-10
4.0104167e-10
4.010417e-10
4.0020834e-10
4.0204862e-10
3.9965278e-10
4.0083334e-10
3.9895831e-10
3.9968751e-10
4.0072917e-10
4.0142362e-10
4.0135417e-10
4.0055556e-10
4.0006942e-10
4.0000001e-10
3.9972226e-10
4.0218751e-10
3.9875001e-10
4.0125003e-10
3.9895831e-10
3.9920142e-10
4.0065973e-10
4.001042e-10
3.9906253e-10
4.0027776e-10
4.0152778e-10
4.0027778e-10
4.0163198e-10
3.9888889e-10
4.0128476e-10
3.9982642e-10
4.0003476e-10
3.990972e-10
4.0225695e-10
3.987847e-10
3.9951387e-10
4.0017362e-10
4.026042e-10
3.9920139e-10
3.9868056e-10
4.0000003e-10
3.9833337e-10
4.0118056e-10
3.9961806e-10
4.0069445e-10
4.0086809e-10
3.9996526e-10
3.9979164e-10
3.9947917e-10
4.0090278e-10
4.0194445e-10
4.0027781e-10
3.9774303e-10
3.9913195e-10
3.9916664e-10
4.0027778e-10
3.9947914e-10
3.9975695e-10
3.9916667e-10
3.9951392e-10
4.0076389e-10
3.9986109e-10
3.9961806e-10
4.0027781e-10
3.9819442e-10
3.9857637e-10
4.0128473e-10
4.0125001e-10
4.0024303e-10
3.9947917e-10
3.9923614e-10
4.0072914e-10
4.0013892e-10
3.9927084e-10
4.0006945e-10
3.9885417e-10
3.9819445e-10
3.9618056e-10
3.9902781e-10
3.9937503e-10
3.978472e-10
3.9840276e-10
3.9788198e-10
3.9864589e-10
3.9798612e-10
3.9781248e-10
3.9906245e-10
3.9829862e-10
3.9680559e-10
3.9756945e-10
3.9833331e-10
3.9770834e-10
3.9847226e-10
3.9607637e-10
3.9618053e-10
3.9753473e-10
3.9711801e-10
3.9708334e-10
3.9798612e-10
3.9760414e-10
3.9812503e-10
3.9652778e-10
3.9538195e-10
3.9812503e-10
3.9545137e-10
3.9937498e-10
3.9843751e-10
3.9937501e-10
3.9927081e-10
3.9850695e-10
3.9937503e-10
3.9958337e-10
3.9791664e-10
3.9708337e-10
3.9875003e-10
3.9888892e-10
3.9854167e-10
3.9777778e-10
3.9826389e-10
3.9732639e-10
3.9652778e-10
3.9732639e-10
3.991667e-10
3.979167e-10
3.9937503e-10
3.9746528e-10
3.9812501e-10
3.9784723e-10
3.9791664e-10
3.9704862e-10
3.9718751e-10
3.9788192e-10
3.9979164e-10
3.9704864e-10
3.9815973e-10
3.9677087e-10
3.9788195e-10
3.9826389e-10
3.9774306e-10
4.0052084e-10
3.9815973e-10
3.966667e-10
3.9868056e-10
3.9781245e-10
3.9791667e-10
3.9593751e-10
3.9684028e-10
3.9638892e-10
3.9645831e-10
3.9961806e-10
3.9649309e-10
3.9923612e-10
3.9687501e-10
3.9701392e-10
3.9465278e-10
3.9718748e-10
3.9704864e-10
3.9777776e-10
3.9795139e-10
3.9694445e-10
3.9729164e-10
3.9659726e-10
3.9920145e-10
3.9937503e-10
3.9590276e-10
3.9777776e-10
3.9812501e-10
3.9815973e-10
3.9892364e-10
3.9694442e-10
3.9743059e-10
3.9583337e-10
3.9590281e-10
3.9590276e-10
3.9531253e-10
3.9583334e-10
3.94618e-10
3.9541667e-10
3.9913195e-10
3.9631942e-10
3.985417e-10
3.976042e-10
3.9718751e-10
3.9812501e-10
3.984722e-10
3.9923609e-10
3.9631945e-10
3.9927084e-10
3.9840278e-10
3.9538195e-10
3.9774306e-10
3.9871528e-10
4.0010414e-10
3.9881945e-10
3.9809031e-10
3.9583334e-10
3.9934031e-10
3.9826392e-10
3.9836809e-10
3.9805556e-10
3.9649306e-10
3.975347e-10
3.9840276e-10
3.9649306e-10
3.9809028e-10
3.9704864e-10
3.994792e-10
3.9711806e-10
3.9812498e-10
3.9982639e-10
3.9927087e-10
3.9840276e-10
3.9645834e-10
3.9715278e-10
3.9791667e-10
3.9809026e-10
3.9680556e-10
3.9777778e-10
3.9954859e-10
3.9590276e-10
3.979167e-10
3.9701389e-10
3.9684026e-10
3.9815973e-10
3.9878473e-10
3.9864578e-10
3.9618056e-10
3.9756951e-10
3.9916667e-10
3.9819445e-10
3.9645834e-10
3.9756945e-10
3.9781256e-10
3.9847223e-10
3.9965278e-10
3.9906248e-10
3.9711801e-10
3.9781253e-10
3.9788189e-10
3.9868053e-10
3.9972223e-10
3.9979167e-10
3.9854164e-10
3.9802084e-10
3.9638892e-10
3.9850692e-10
3.9829862e-10
3.9750001e-10
3.9850692e-10
3.9968751e-10
3.9906253e-10
3.9930559e-10
3.9756942e-10
3.9753476e-10
3.9850692e-10
3.9638889e-10
3.9565973e-10
3.984722e-10
3.9736112e-10
3.9756945e-10
3.9725695e-10
3.9663198e-10
3.9663198e-10
3.9711806e-10
3.9857642e-10
3.9708334e-10
3.9607639e-10
3.9718753e-10
3.9638887e-10
3.9687498e-10
3.9690973e-10
3.9673612e-10
3.9513889e-10
3.9947917e-10
3.9743053e-10
3.9656253e-10
3.9694448e-10
3.9732639e-10
3.9576392e-10
3.9517359e-10
3.9895831e-10
3.9604164e-10
3.9677081e-10
3.9746531e-10
3.9652778e-10
3.9590278e-10
3.9704862e-10
3.9673612e-10
3.9631945e-10
3.9600692e-10
3.9920139e-10
3.9850692e-10
3.9607639e-10
3.9510417e-10
3.9857639e-10
3.9583331e-10
3.9770837e-10
3.9447914e-10
3.9750003e-10
3.9590276e-10
3.9579862e-10
3.9559025e-10
3.9687498e-10
3.9652778e-10
3.9795142e-10
3.963542e-10
3.9781253e-10
3.9694448e-10
3.9635417e-10
3.9732639e-10
3.9715276e-10
3.9538195e-10
3.9743056e-10
3.9822917e-10
3.9802084e-10
3.9586812e-10
3.969097e-10
3.9593751e-10
3.9663192e-10
3.9520842e-10
3.9756945e-10
3.9531253e-10
3.9715278e-10
3.953125e-10
3.9638889e-10
3.9673609e-10
3.9590278e-10
3.9715278e-10
3.9420139e-10
3.9510414e-10
3.9663195e-10
3.9621528e-10
3.972222e-10
3.959722e-10
3.9496528e-10
3.9506945e-10
3.9548609e-10
3.9729167e-10
3.9604167e-10
3.9607639e-10
3.9701389e-10
3.9666667e-10
3.95625e-10
3.9555553e-10
3.9708337e-10
3.9645831e-10
3.951042e-10
3.9572917e-10
3.9638887e-10
3.9381945e-10
3.9548612e-10
3.9763892e-10
3.9499998e-10
3.953125e-10
3.9427087e-10
3.9541662e-10
3.9513889e-10
3.9447917e-10
3.9267362e-10
3.9430556e-10
3.9454862e-10
3.9298612e-10
3.9388889e-10
3.9423609e-10
3.9461803e-10
3.9444442e-10
3.9638881e-10
3.9503473e-10
3.9354164e-10
3.9611109e-10
3.9506942e-10
3.9486114e-10
3.9513892e-10
3.9621531e-10
3.9711809e-10
3.9649306e-10
3.9496528e-10
3.9489581e-10
3.9420139e-10
3.9576387e-10
3.9482637e-10
3.9572917e-10
3.9604167e-10
3.9406248e-10
3.9499998e-10
3.9597225e-10
3.9559031e-10
3.9399306e-10
3.9388895e-10
3.9388889e-10
3.9510414e-10
3.9572914e-10
3.9486109e-10
3.9500003e-10
3.938542e-10
3.9166664e-10
3.9583334e-10
3.921875e-10
3.9565973e-10
3.9399303e-10
3.9166667e-10
3.9538195e-10
3.9170139e-10
3.9243059e-10
3.9298614e-10
3.9302084e-10
3.9482637e-10
3.9340275e-10
3.9350692e-10
3.9319445e-10
3.953472e-10
3.9184031e-10
3.9541667e-10
3.9152775e-10
3.9374998e-10
3.9340281e-10
3.9326387e-10
3.9357639e-10
3.926042e-10
3.919792e-10
3.9295139e-10
3.9354164e-10
3.9340275e-10
3.934375e-10
3.9413195e-10
3.9531256e-10
3.9274309e-10
3.9329859e-10
3.9142362e-10
3.9375003e-10
3.9305553e-10
3.9295139e-10
3.9135417e-10
3.9291664e-10
3.937847e-10
3.9364584e-10
3.9142364e-10
3.9381945e-10
3.9364581e-10
3.9093748e-10
3.9420139e-10
3.9440973e-10
3.9291667e-10
3.9329862e-10
3.9454864e-10
3.9385417e-10
3.9118053e-10
3.934375e-10
3.9368056e-10
3.93125e-10
3.9288198e-10
3.9392364e-10
3.9170139e-10
3.940625e-10
3.9201387e-10
3.9378467e-10
3.9138889e-10
3.9256942e-10
3.9208334e-10
3.9368053e-10
3.9375003e-10
3.9350695e-10
3.940625e-10
3.9166667e-10
3.9364584e-10
3.9267362e-10
3.9423612e-10
3.9270837e-10
3.9374998e-10
3.940625e-10
3.9364578e-10
3.9232637e-10
3.9302084e-10
3.9354167e-10
3.9249998e-10
3.9309025e-10
3.919792e-10
3.9368056e-10
3.9201389e-10
3.9274306e-10
3.9368053e-10
3.9336809e-10
3.9173612e-10
3.9447917e-10
3.931597e-10
3.9437498e-10
3.9378475e-10
3.9277781e-10
3.9434028e-10
3.9166664e-10
3.925347e-10
3.912847e-10
3.9315973e-10
3.9399309e-10
3.9361109e-10
3.915625e-10
3.9274303e-10
3.9170139e-10
3.9333334e-10
3.9225695e-10
3.9243059e-10
3.9263889e-10
3.9128473e-10
3.9263892e-10
3.921875e-10
3.9291667e-10
3.9177081e-10
3.9357639e-10
3.9246528e-10
3.9163192e-10
3.9211806e-10
3.9326389e-10
3.9121531e-10
3.9343753e-10
3.9440973e-10
3.9305556e-10
3.9322917e-10
3.9350698e-10
3.9392364e-10
3.9326387e-10
3.9267359e-10
3.9413195e-10
3.9472223e-10
3.9440973e-10
3.9177081e-10
3.9319445e-10
3.9246528e-10
3.9249998e-10
3.931597e-10
3.9322917e-10
3.9253473e-10
3.9354173e-10
3.9354164e-10
3.9229167e-10
3.9177087e-10
3.9416664e-10
3.940625e-10
3.9333331e-10
3.9347225e-10
3.9239584e-10
3.9309028e-10
3.9423609e-10
3.9309028e-10
3.9263892e-10
3.9211806e-10
3.9177084e-10
3.9121531e-10
3.9329862e-10
3.9447912e-10
3.9059025e-10
3.9236112e-10
3.9277775e-10
3.9364587e-10
3.9104167e-10
3.9194442e-10
3.9190973e-10
3.9208337e-10
3.921875e-10
3.9364587e-10
3.9194445e-10
3.9253475e-10
3.9274306e-10
3.9128473e-10
3.9270837e-10
3.9298606e-10
3.9239581e-10
3.9243059e-10
3.9392364e-10
3.9333331e-10
3.9243059e-10
3.9350698e-10
3.9288192e-10
3.9125003e-10
3.9072914e-10
3.9232637e-10
3.9329859e-10
3.9208334e-10
3.9361112e-10
3.9194442e-10
3.9159728e-10
3.9104173e-10
3.9288187e-10
3.931597e-10
3.9236114e-10
3.9135417e-10
3.9225695e-10
3.9208334e-10
3.9177078e-10
3.9336806e-10
3.9270837e-10
3.9298612e-10
3.9305553e-10
3.9083334e-10
3.91875e-10
3.9211803e-10
3.9409725e-10
3.9329862e-10
3.9402775e-10
3.9243059e-10
3.9246528e-10
3.9326392e-10
3.9274309e-10
3.9371525e-10
3.9298612e-10
3.9371528e-10
3.947917e-10
3.9364581e-10
3.938542e-10
3.9173609e-10
3.9270831e-10
3.9232637e-10
3.9343748e-10
3.9284723e-10
3.9347225e-10
3.9465273e-10
3.9253475e-10
3.9503473e-10
3.9392356e-10
3.9385417e-10
3.9395834e-10
3.9368053e-10
3.9291664e-10
3.9381948e-10
3.9388887e-10
3.9402778e-10
3.9406253e-10
3.9361112e-10
3.9274306e-10
3.9302084e-10
3.9225695e-10
3.9312498e-10
3.9315975e-10
3.9326392e-10
3.929167e-10
3.9163195e-10
3.9288189e-10
3.9142364e-10
3.9305559e-10
3.9364581e-10
3.9118053e-10
3.9291667e-10
3.9347225e-10
3.9340275e-10
3.9243056e-10
3.8944442e-10
3.9427081e-10
3.9121525e-10
3.9270828e-10
3.9263892e-10
3.9180559e-10
3.9336803e-10
3.9392362e-10
3.912847e-10
3.9236114e-10
3.9184025e-10
3.9166664e-10
3.9124998e-10
3.9302075e-10
3.9076387e-10
3.8986112e-10
3.890972e-10
3.9003475e-10
3.9052084e-10
3.9031253e-10
3.9177087e-10
3.8920137e-10
3.903125e-10
3.9062498e-10
3.8909723e-10
3.8874995e-10
3.91875e-10
3.8902778e-10
3.9166664e-10
3.9222223e-10
3.9194445e-10
3.9093748e-10
3.9180556e-10
3.897222e-10
3.9159723e-10
3.9145834e-10
3.9041664e-10
3.9003475e-10
3.9114584e-10
3.9107639e-10
3.8975698e-10
3.9163192e-10
3.9076392e-10
3.896875e-10
3.9059025e-10
3.9135417e-10
3.9024309e-10
3.93125e-10
3.8878473e-10
3.9201392e-10
3.9017359e-10
3.9052084e-10
3.9156245e-10
3.928125e-10
3.9045139e-10
3.9427078e-10
3.9128473e-10
3.9295139e-10
3.9104162e-10
3.9263892e-10
3.9149306e-10
3.9454864e-10
3.8958331e-10
3.928472e-10
3.9312498e-10
3.9354167e-10
3.9111112e-10
3.9461803e-10
3.9170142e-10
3.9295142e-10
3.9253473e-10
3.9138887e-10
3.9295139e-10
3.9215275e-10
3.9364584e-10
3.9156245e-10
3.9336803e-10
3.9128473e-10
3.9326392e-10
3.9451387e-10
3.9322917e-10
3.9427087e-10
3.9371528e-10
3.903472e-10
3.9274303e-10
3.9343753e-10
3.9201392e-10
3.9270831e-10
3.9298609e-10
3.915972e-10
3.8965281e-10
3.9180556e-10
3.9291667e-10
3.9357639e-10
3.9309025e-10
3.9256942e-10
3.9232639e-10
3.9145834e-10
3.9392364e-10
3.9375003e-10
3.9472225e-10
3.9326387e-10
3.9319442e-10
3.9034723e-10
3.9156253e-10
3.9170142e-10
3.9312498e-10
3.91875e-10
3.9395831e-10
3.9194445e-10
3.9184025e-10
3.9267362e-10
3.9229167e-10
3.9458331e-10
3.9225698e-10
3.9152781e-10
3.9125003e-10
3.9135417e-10
3.9170142e-10
3.9111112e-10
3.928125e-10
3.9253475e-10
3.906597e-10
3.9246525e-10
3.9256948e-10
3.9135417e-10
3.9201389e-10
3.9065973e-10
3.9079862e-10
3.93125e-10
3.9055556e-10
3.9125e-10
3.9083331e-10
3.9138892e-10
3.909722e-10
3.9083334e-10
3.9034723e-10
3.9243059e-10
3.9170142e-10
3.8982634e-10
3.9003473e-10
3.9291664e-10
3.9166664e-10
3.9017359e-10
3.9104167e-10
3.9059028e-10
3.9024309e-10
3.9156248e-10
3.9027778e-10
3.9215278e-10
3.8923612e-10
3.8972217e-10
3.903472e-10
3.8899306e-10
3.9055559e-10
3.9128473e-10
3.8940973e-10
3.9201387e-10
3.8899303e-10
3.9038195e-10
3.9017362e-10
3.9204864e-10
3.9163198e-10
3.9031253e-10
3.8819442e-10
3.903472e-10
3.8944442e-10
3.9045134e-10
3.8927081e-10
3.8909723e-10
3.9052084e-10
3.9041667e-10
3.8888889e-10
3.8756942e-10
3.8802084e-10
3.8944442e-10
3.8788198e-10
3.8899306e-10
3.8833331e-10
3.8788195e-10
3.8875e-10
3.8954864e-10
3.8607637e-10
3.894792e-10
3.8934025e-10
3.8777775e-10
3.8791667e-10
3.8659725e-10
3.8999998e-10
3.8857639e-10
3.904167e-10
3.8868056e-10
3.896875e-10
3.8975695e-10
3.8847225e-10
3.8743059e-10
3.8885417e-10
3.9052087e-10
3.8777778e-10
3.9045139e-10
3.890625e-10
3.9038195e-10
3.8875e-10
3.8798612e-10
3.8861114e-10
3.89375e-10
3.8881942e-10
3.8767359e-10
3.8965281e-10
3.8763884e-10
3.9010417e-10
3.8864581e-10
3.8906248e-10
3.8670134e-10
3.8913195e-10
3.8888887e-10
3.882292e-10
3.8777784e-10
3.8729167e-10
3.8833337e-10
3.8854167e-10
3.8861112e-10
3.8868056e-10
3.9038198e-10
3.9062498e-10
3.9e-10
3.9017362e-10
3.8895831e-10
3.8822917e-10
3.8763892e-10
3.8861112e-10
3.8934025e-10
3.8798612e-10
3.8868053e-10
3.8871531e-10
3.8767362e-10
3.8805556e-10
3.8923614e-10
3.8885414e-10
3.9006945e-10
3.8850695e-10
3.8920139e-10
3.88125e-10
3.8579862e-10
3.8704859e-10
3.8857639e-10
3.8781253e-10
3.8895837e-10
3.8767362e-10
3.8930556e-10
3.8913192e-10
3.8805556e-10
3.903125e-10
3.8809028e-10
3.862847e-10
3.8670142e-10
3.8715278e-10
3.8871523e-10
3.887847e-10
3.8836809e-10
3.8753475e-10
3.8888889e-10
3.8899306e-10
3.8895831e-10
3.86875e-10
3.8902781e-10
3.8569448e-10
3.8878467e-10
3.9027781e-10
3.8784723e-10
3.8725695e-10
3.8899306e-10
3.8725692e-10
3.8954859e-10
3.8767362e-10
3.8892362e-10
3.8777781e-10
3.8979164e-10
3.8624995e-10
3.8920139e-10
3.878472e-10
3.86875e-10
3.8944442e-10
3.8798612e-10
3.9093748e-10
3.8822914e-10
3.8847225e-10
3.8802084e-10
3.8694445e-10
3.8874998e-10
3.8923609e-10
3.8913195e-10
3.8826392e-10
3.8746528e-10
3.8770837e-10
3.8881948e-10
3.9145831e-10
3.8815973e-10
3.8854164e-10
3.890625e-10
3.8965281e-10
3.8989581e-10
3.9013892e-10
3.8951389e-10
3.8923612e-10
3.9e-10
3.904167e-10
3.9083331e-10
3.9069442e-10
3.8871528e-10
3.8888887e-10
3.8996525e-10
3.8982639e-10
3.8979167e-10
3.8864587e-10
3.8961806e-10
3.8913195e-10
3.884375e-10
3.8802087e-10
3.8947914e-10
3.8868053e-10
3.8927081e-10
3.8965275e-10
3.8822917e-10
3.8920139e-10
3.8819445e-10
3.8958337e-10
3.8819448e-10
3.8895837e-10
3.8979167e-10
3.8819448e-10
3.8871528e-10
3.8663195e-10
3.8961806e-10
3.896875e-10
3.8909723e-10
3.8885417e-10
3.8725698e-10
3.8770837e-10
3.8982637e-10
3.9104167e-10
3.8902778e-10
3.8829862e-10
3.91875e-10
3.8829862e-10
3.8881942e-10
3.8809028e-10
3.9027781e-10
3.8628475e-10
3.8850695e-10
3.8861112e-10
3.8895831e-10
3.8756945e-10
3.8996525e-10
3.8892362e-10
3.8965275e-10
3.8909725e-10
3.8982637e-10
3.8868056e-10
3.8954859e-10
3.8881945e-10
3.8864587e-10
3.8864584e-10
3.8777778e-10
3.9114584e-10
3.9024306e-10
3.8958337e-10
3.9017364e-10
3.9055556e-10
3.8996528e-10
3.9010417e-10
3.8739584e-10
3.9104167e-10
3.890625e-10
3.8958337e-10
3.8767362e-10
3.8909723e-10
3.8843753e-10
3.8878473e-10
3.9149303e-10
3.8788198e-10
3.8909723e-10
3.903472e-10
3.9010423e-10
3.8892362e-10
3.8888889e-10
3.9079862e-10
3.8843753e-10
3.9017356e-10
3.8590278e-10
3.8840275e-10
3.8920142e-10
3.8843748e-10
3.8975695e-10
3.8892364e-10
3.8875e-10
3.884375e-10
3.8809028e-10
3.8829862e-10
3.8826387e-10
3.8857639e-10
3.8805553e-10
3.8732637e-10
3.8774306e-10
3.8923609e-10
3.8718745e-10
3.8760417e-10
3.8920134e-10
3.8708331e-10
3.8861112e-10
3.8847223e-10
3.8798614e-10
3.8739584e-10
3.8875003e-10
3.8805559e-10
3.8885417e-10
3.8864587e-10
3.8802084e-10
3.9e-10
3.9031253e-10
3.8892364e-10
3.8951389e-10
3.8927081e-10
3.9048609e-10
3.8819445e-10
3.8965278e-10
3.8958328e-10
3.8951389e-10
3.8979164e-10
3.8767364e-10
3.8975698e-10
3.8989587e-10
3.88368e-10
3.8833337e-10
3.8986112e-10
3.9003473e-10
3.8881942e-10
3.8857639e-10
3.8805556e-10
3.8715281e-10
3.879167e-10
3.8881945e-10
3.8906248e-10
3.8569448e-10
3.8753475e-10
3.8638884e-10
3.8798609e-10
3.8857639e-10
3.8736114e-10
3.8798612e-10
3.8788192e-10
3.8895834e-10
3.8611114e-10
3.8805556e-10
3.8906245e-10
3.884375e-10
3.9003473e-10
3.8854164e-10
3.8722225e-10
3.8729167e-10
3.8743056e-10
3.8746525e-10
3.8725698e-10
3.8732639e-10
3.8927081e-10
3.8881948e-10
3.8763889e-10
3.875e-10
3.8972223e-10
3.8857639e-10
3.8878473e-10
3.8753475e-10
3.8729164e-10
3.8631945e-10
3.8819442e-10
3.8833334e-10
3.8652778e-10
3.8965278e-10
3.8677081e-10
3.8628473e-10
3.8958337e-10
3.8854167e-10
3.8854167e-10
3.8708331e-10
3.8736114e-10
3.8659725e-10
3.8861114e-10
3.876042e-10
3.8770839e-10
3.8840275e-10
3.8760417e-10
3.8690975e-10
3.8829862e-10
3.8798612e-10
3.8805559e-10
3.8850695e-10
3.8881942e-10
3.8576387e-10
3.8836809e-10
3.8888884e-10
3.865625e-10
3.8899306e-10
3.8815973e-10
3.8704862e-10
3.8815973e-10
3.8732642e-10
3.8920139e-10
3.8774306e-10
3.8885417e-10
3.8840275e-10
3.8767367e-10
3.8875e-10
3.9027773e-10
3.8795142e-10
3.8847223e-10
3.8802084e-10
3.8996528e-10
3.8840278e-10
3.8892364e-10
3.8791664e-10
3.8809031e-10
3.881597e-10
3.875e-10
3.8927081e-10
3.8843745e-10
3.8729167e-10
3.8809028e-10
3.8635414e-10
3.8763892e-10
3.8819442e-10
3.8875003e-10
3.888542e-10
3.8854164e-10
3.8774303e-10
3.865972e-10
3.8635417e-10
3.8739584e-10
3.8944442e-10
3.8833334e-10
3.90625e-10
3.8885417e-10
3.8833337e-10
3.854167e-10
3.879167e-10
3.8645834e-10
3.8635417e-10
3.9031248e-10
3.8770834e-10
3.8659731e-10
3.8826392e-10
3.840625e-10
3.878472e-10
3.8815973e-10
3.8746528e-10
3.8809031e-10
3.8885417e-10
3.8756945e-10
3.8805556e-10
3.8781253e-10
3.8715275e-10
3.875347e-10
3.8743059e-10
3.8809028e-10
3.8663195e-10
3.8878475e-10
3.8590275e-10
3.8857639e-10
3.8829859e-10
3.8857639e-10
3.8868059e-10
3.8833334e-10
3.8888889e-10
3.871875e-10
3.8809025e-10
3.8784723e-10
3.8809028e-10
3.878125e-10
3.8753473e-10
3.8947914e-10
3.884722e-10
3.8732637e-10
3.8857639e-10
3.8850692e-10
3.8576387e-10
3.8715281e-10
3.8767362e-10
3.8680556e-10
3.8631945e-10
3.8840281e-10
3.8722223e-10
3.8694442e-10
3.8711806e-10
3.896875e-10
3.8774306e-10
3.884375e-10
3.8680559e-10
3.8680553e-10
3.8885417e-10
3.8767362e-10
3.8864581e-10
3.8996528e-10
3.8732642e-10
3.8687498e-10
3.8822914e-10
3.8798606e-10
3.8760414e-10
3.8774306e-10
3.8881942e-10
3.8847223e-10
3.8875003e-10
3.8680556e-10
3.8850695e-10
3.8871534e-10
3.8875003e-10
3.8725698e-10
3.8868056e-10
3.8652778e-10
3.8913195e-10
3.8878473e-10
3.8871528e-10
3.9006942e-10
3.88125e-10
3.8708337e-10
3.8878473e-10
3.8944442e-10
3.8951389e-10
3.8930556e-10
3.8961803e-10
3.8913195e-10
3.9045134e-10
3.8850695e-10
3.8798612e-10
3.8913195e-10
3.8913195e-10
3.8708334e-10
3.8756945e-10
3.881597e-10
3.8697914e-10
3.8885417e-10
3.8965281e-10
3.8826392e-10
3.8694445e-10
3.8569448e-10
3.8677087e-10
3.8763887e-10
3.8663195e-10
3.8923609e-10
3.8600692e-10
3.8781248e-10
3.850347e-10
3.8677087e-10
3.8715281e-10
3.881597e-10
3.8732642e-10
3.8645834e-10
3.8687498e-10
3.8583334e-10
3.8729164e-10
3.8645831e-10
3.875e-10
3.8642364e-10
3.8871528e-10
3.8704859e-10
3.8673609e-10
3.8892362e-10
3.8611114e-10
3.8506942e-10
3.8510417e-10
3.8746531e-10
3.8885417e-10
3.8697917e-10
3.8604164e-10
3.8645831e-10
3.8760414e-10
3.8850695e-10
3.8701395e-10
3.8666667e-10
3.8690973e-10
3.8663195e-10
3.8815978e-10
3.8697917e-10
3.8708334e-10
3.871875e-10
3.8552084e-10
3.8565973e-10
3.8576389e-10
3.8788195e-10
3.8739584e-10
3.8600689e-10
3.8520831e-10
3.8562498e-10
3.8430556e-10
3.8600692e-10
3.8649309e-10
3.8694445e-10
3.8677084e-10
3.8593748e-10
3.854167e-10
3.850347e-10
3.8628473e-10
3.850347e-10
3.8687498e-10
3.8746528e-10
3.8597223e-10
3.8461803e-10
3.8645834e-10
3.8715278e-10
3.8631948e-10
3.8781248e-10
3.8461803e-10
3.8552084e-10
3.8506945e-10
3.8663195e-10
3.8510417e-10
3.8614584e-10
3.8326387e-10
3.8486109e-10
3.8475695e-10
3.840625e-10
3.8423612e-10
3.8385414e-10
3.8374998e-10
3.8590275e-10
3.8416664e-10
3.8524306e-10
3.8368059e-10
3.85625e-10
3.8267362e-10
3.8475695e-10
3.8381945e-10
3.8444445e-10
3.8364581e-10
3.8319448e-10
3.8413195e-10
3.846875e-10
3.8333337e-10
3.8326392e-10
3.8475695e-10
3.8385417e-10
3.8409725e-10
3.8388889e-10
3.8309028e-10
3.8458337e-10
3.8281248e-10
3.8388889e-10
3.8465273e-10
3.8336806e-10
3.844097e-10
3.8451389e-10
3.8350698e-10
3.8406248e-10
3.8364584e-10
3.8375003e-10
3.8333331e-10
3.8361114e-10
3.844792e-10
3.8208331e-10
3.8458337e-10
3.8361109e-10
3.8295142e-10
3.8305553e-10
3.821875e-10
3.8302084e-10
3.8295142e-10
3.8256945e-10
3.8215281e-10
3.828125e-10
3.8354167e-10
3.8350692e-10
3.8555559e-10
3.8434028e-10
3.8215281e-10
3.832292e-10
3.8069448e-10
3.8402778e-10
3.8180559e-10
3.8368053e-10
3.8458334e-10
3.8253473e-10
3.853472e-10
3.8413192e-10
3.8329862e-10
3.8322917e-10
3.8333337e-10
