-2.1825e-11
-2.1524999e-11
-2.1925e-11
-2.0825e-11
-2.3175e-11
-2.3049999e-11
-2.15e-11
-2.2125e-11
-2.1625e-11
-2.125e-11
-2.2049999e-11
-2.1024999e-11
-2.2225e-11
-2.2225e-11
-2.1699999e-11
-2.2324999e-11
-2.2175e-11
-2.2199999e-11
-2.0925e-11
-2.2149999e-11
-2.2049999e-11
-2.2374999e-11
-2.1875e-11
-2.1775e-11
-2.0549999e-11
-2.2275e-11
-2.1474999e-11
-2.1725e-11
-2.0849999e-11
-2.2574999e-11
-2.2975e-11
-2.1925e-11
-2.15e-11
-2.1775e-11
-2.1799999e-11
-2.0649999e-11
-2.23e-11
-2.0875e-11
-2.2049999e-11
-2.165e-11
-2.1124999e-11
-2.1074999e-11
-2.1899999e-11
-2.0699999e-11
-2.2149999e-11
-2.15e-11
-2.1825e-11
-2.1849999e-11
-2.025e-11
-2.1074999e-11
-2.2025e-11
-2.1799999e-11
-2.285e-11
-2.155e-11
-2.1524999e-11
-2.2025e-11
-2.1899999e-11
-2.0449999e-11
-2.0375e-11
-2.25e-11
-2.0324999e-11
-2.2424999e-11
-2.1949999e-11
-2.2424999e-11
-2.1374999e-11
-2.2199999e-11
-2.11e-11
-2.025e-11
-2.1675e-11
-2.145e-11
-2.0875e-11
-2.1725e-11
-2.0925e-11
-2.1925e-11
-2.105e-11
-2.255e-11
-2.1574999e-11
-2.1174999e-11
-2.1675e-11
-2.0775e-11
-2.1374999e-11
-2.0625e-11
-2.1474999e-11
-2.1574999e-11
-2.01e-11
-2.2674999e-11
-2.2075e-11
-2.1324999e-11
-2.3025e-11
-2.135e-11
-2.2474999e-11
-2.0775e-11
-2.2975e-11
-1.9575e-11
-2.1374999e-11
-2.0975e-11
-2.125e-11
-2.0675e-11
-2.2125e-11
-2.2374999e-11
-2.2724999e-11
-2.0074999e-11
-2.14e-11
-2.2524999e-11
-2.1949999e-11
-2.1474999e-11
-2.0875e-11
-2.1699999e-11
-2.16e-11
-2.105e-11
-2.225e-11
-2.2175e-11
-2.145e-11
-2.1625e-11
-2.245e-11
-2.0849999e-11
-1.9074999e-11
-2.03e-11
-2.135e-11
-2.16e-11
-2.28e-11
-2.1675e-11
-2.3049999e-11
-2.225e-11
-1.9125e-11
-2.1374999e-11
-2.2175e-11
-2.115e-11
-2.2424999e-11
-2.1374999e-11
-2.23e-11
-2.165e-11
-2.1074999e-11
-2.1749999e-11
-2.1975e-11
-2.1274999e-11
-2.1849999e-11
-2.2324999e-11
-2.2075e-11
-2.1574999e-11
-2.255e-11
-2.2424999e-11
-2.3349999e-11
-2.2424999e-11
-2.1849999e-11
-2.1675e-11
-2.0925e-11
-2.3149999e-11
-2.1725e-11
-2.1374999e-11
-2.255e-11
-2.2474999e-11
-2.0575e-11
-2.1725e-11
-2.24e-11
-2.1224999e-11
-2.24e-11
-2.1424999e-11
-2.1799999e-11
-2.1124999e-11
-2.2824999e-11
-2.1324999e-11
-2.23e-11
-2.1474999e-11
-2.1124999e-11
-2.0849999e-11
-2.1474999e-11
-2.1749999e-11
-2.3199999e-11
-2.1999999e-11
-2.2175e-11
-2.1949999e-11
-2.1899999e-11
-2.1799999e-11
-2.1699999e-11
-2.16e-11
-2.1775e-11
-2.2524999e-11
-2.1274999e-11
-2.03e-11
-2.295e-11
-2.2075e-11
-2.2275e-11
-2.225e-11
-2e-11
-2.28e-11
-2.145e-11
-2.2624999e-11
-2.3125e-11
-2.1274999e-11
-2.2624999e-11
-2.2574999e-11
-2.2524999e-11
-2.2175e-11
-2.2624999e-11
-2.2199999e-11
-2.0375e-11
-2.1725e-11
-2.2275e-11
-2.1725e-11
-2.1074999e-11
-2.0575e-11
-2.1825e-11
-2.3175e-11
-2.1224999e-11
-2.2474999e-11
-2e-11
-2.1999999e-11
-2.1699999e-11
-2.1124999e-11
-2.2175e-11
-2.2925e-11
-2.0725e-11
-2.2524999e-11
-2.1999999e-11
-2.1675e-11
-2.13e-11
-2.1925e-11
-2.0775e-11
-2.14e-11
-2.1675e-11
-2.2099999e-11
-2.0825e-11
-2.005e-11
-2.015e-11
-2.1825e-11
-2.145e-11
-2.225e-11
-2.1374999e-11
-2.23e-11
-2.1749999e-11
-2.165e-11
-2.1749999e-11
-2.1799999e-11
-2.0949999e-11
-2.0925e-11
-2.1875e-11
-2.2275e-11
-2.02e-11
-2.2199999e-11
-2.1e-11
-2.0925e-11
-2.1675e-11
-2.0725e-11
-2.0349999e-11
-2.0675e-11
-2.235e-11
-2.1424999e-11
-2.125e-11
-2.1625e-11
-1.9699999e-11
-2.14e-11
-2.1124999e-11
-2.2275e-11
-2.2149999e-11
-2.125e-11
-2.025e-11
-2.1e-11
-2.1024999e-11
-2.155e-11
-2.0375e-11
-2.25e-11
-2.2149999e-11
-2.1949999e-11
-2.3175e-11
-2.155e-11
-2.2199999e-11
-2.2724999e-11
-2.295e-11
-2.2975e-11
-2.2674999e-11
-2.2474999e-11
-2.3724999e-11
-2.235e-11
-2.2875001e-11
-2.2524999e-11
-2.2875001e-11
-2.0925e-11
-2.2225e-11
-2.3375e-11
-2.1975e-11
-2.1849999e-11
-2.1749999e-11
-2.27e-11
-2.2049999e-11
-2.2474999e-11
-2.265e-11
-2.41e-11
-2.2624999e-11
-2.1949999e-11
-2.1074999e-11
-2.2574999e-11
-2.355e-11
-2.2774999e-11
-2.3199999e-11
-2.3225e-11
-2.295e-11
-2.2774999e-11
-2.1124999e-11
-2.11e-11
-2.28e-11
-2.26e-11
-2.1825e-11
-2.2524999e-11
-2.3125e-11
-2.2674999e-11
-2.265e-11
-2.0525e-11
-2.13e-11
-2.1124999e-11
-2.0675e-11
-2.2175e-11
-2.3149999e-11
-2.015e-11
-2.0425e-11
-2.0475e-11
-2.1524999e-11
-2.125e-11
-2.15e-11
-2.2324999e-11
-2.1625e-11
-2.3275e-11
-2.2099999e-11
-2.0825e-11
-2.3249999e-11
-2.1799999e-11
-2.3625e-11
-2.23e-11
-2.2125e-11
-2.1949999e-11
-2.27e-11
-2.2075e-11
-2.2674999e-11
-2.0975e-11
-2.15e-11
-2.1875e-11
-2.245e-11
-2.295e-11
-2.0949999e-11
-2.1925e-11
-2.2574999e-11
-2.1699999e-11
-2.1625e-11
-2.1899999e-11
-2.23e-11
-2.25e-11
-2.27e-11
-2.1024999e-11
-2.1124999e-11
-2.1849999e-11
-2.0949999e-11
-2.105e-11
-2.235e-11
-2.0749999e-11
-2.1625e-11
-2.1949999e-11
-2.1324999e-11
-2.1e-11
-2.1775e-11
-2.0725e-11
-1.9199999e-11
-2.1124999e-11
-2.1775e-11
-2.1799999e-11
-2.1524999e-11
-2.23e-11
-2.285e-11
-2.2875001e-11
-2.1925e-11
-2.255e-11
-2.2999999e-11
-2.1999999e-11
-2.2925e-11
-2.12e-11
-2.235e-11
-2.2374999e-11
-2.1124999e-11
-2.1174999e-11
-2.1925e-11
-2.23e-11
-2.2149999e-11
-2.1725e-11
-2.1625e-11
-2.2125e-11
-2.2424999e-11
-2.115e-11
-2.1825e-11
-2.2574999e-11
-2.2474999e-11
-2.105e-11
-2.2374999e-11
-2.3225e-11
-2.1324999e-11
-2.1875e-11
-2.4024999e-11
-2.2975e-11
-2.2424999e-11
-2.3449999e-11
-2.1975e-11
-2.25e-11
-2.2574999e-11
-2.12e-11
-2.255e-11
-2.255e-11
-2.2275e-11
-2.0649999e-11
-2.145e-11
-2.1849999e-11
-2.115e-11
-2.2999999e-11
-2.2975e-11
-2.1374999e-11
-2.3025e-11
-2.1975e-11
-2.1625e-11
-2.2824999e-11
-2.135e-11
-2.3349999e-11
-2.225e-11
-2.165e-11
-2.2225e-11
-2.1875e-11
-2.0849999e-11
-2.115e-11
-2.1574999e-11
-2.105e-11
-2.025e-11
-2.2175e-11
-2.1474999e-11
-2.1675e-11
-2.1975e-11
-2.1749999e-11
-2.0899999e-11
-2.1524999e-11
-2.0849999e-11
-2.2199999e-11
-2.1524999e-11
-2.115e-11
-2.1949999e-11
-2.2175e-11
-2.1825e-11
-2.1374999e-11
-2.165e-11
-2.0825e-11
-2.1725e-11
-2.1574999e-11
-2.1999999e-11
-2.2724999e-11
-2.1949999e-11
-2.2374999e-11
-2.2049999e-11
-2.2199999e-11
-2.0625e-11
-1.9974999e-11
-2.235e-11
-1.99e-11
-2.1725e-11
-2.1899999e-11
-2.2199999e-11
-2.02e-11
-2.025e-11
-2.0324999e-11
-2.0925e-11
-2.275e-11
-2.16e-11
-2.11e-11
-1.9549999e-11
-2.0925e-11
-2.1374999e-11
-2.0775e-11
-2.0124999e-11
-2.29e-11
-2.1374999e-11
-2.1949999e-11
-2.0899999e-11
-2.02e-11
-2.015e-11
-2.1524999e-11
-2.1224999e-11
-2.1699999e-11
-2.1875e-11
-2.2374999e-11
-2.285e-11
-2.2975e-11
-2.12e-11
-2.1074999e-11
-2.2175e-11
-2.2624999e-11
-2.16e-11
-2.1625e-11
-2.225e-11
-2.1625e-11
-2.3525e-11
-2.2199999e-11
-2.3275e-11
-2.1074999e-11
-2.115e-11
-2.2975e-11
-2.1775e-11
-2.2824999e-11
-2.2025e-11
-2.2774999e-11
-2.1725e-11
-2.1925e-11
-2.0425e-11
-2.255e-11
-2.0575e-11
-2.2374999e-11
-2.0725e-11
-2.15e-11
-2.2049999e-11
-2.1899999e-11
-2.2125e-11
-2.1775e-11
-2.3149999e-11
-2.1999999e-11
-2.2674999e-11
-2.3625e-11
-2.6825001e-11
-2.7049999e-11
-2.79e-11
-2.9625e-11
-3.2350001e-11
-3.2975001e-11
-3.585e-11
-3.9449999e-11
-4.0374995e-11
-4.3224996e-11
-4.4549999e-11
-4.6399995e-11
-4.9299991e-11
-5.0849991e-11
-5.2974999e-11
-5.3549991e-11
-5.3899992e-11
-5.5549988e-11
-5.4949992e-11
-5.6024983e-11
-5.6074988e-11
-5.5149992e-11
-5.6274995e-11
-5.5774992e-11
-5.642499e-11
-5.6799992e-11
-5.4249986e-11
-5.4949992e-11
-5.507499e-11
-5.4399988e-11
-5.4424992e-11
-5.519999e-11
-5.3749991e-11
-5.4949992e-11
-5.424999e-11
-5.4574994e-11
-5.2024988e-11
-5.2799997e-11
-5.3274992e-11
-5.2799997e-11
-5.2649992e-11
-5.1774994e-11
-5.144999e-11
-5.2624995e-11
-5.009999e-11
-5.1049991e-11
-5.0449995e-11
-5.1549987e-11
-4.8849993e-11
-5.0374992e-11
-4.894999e-11
-4.7849991e-11
-4.8324997e-11
-4.8324993e-11
-4.7499994e-11
-4.7524994e-11
-4.7749995e-11
-4.7124988e-11
-4.5824993e-11
-4.4549989e-11
-4.5874998e-11
-4.5724997e-11
-4.6824992e-11
-4.5649994e-11
-4.3199996e-11
-4.4774996e-11
-4.5149995e-11
-4.5124997e-11
-4.3399999e-11
-4.4074997e-11
-4.3699995e-11
-4.3899995e-11
-4.3424996e-11
-4.3149997e-11
-4.3724996e-11
-4.1899997e-11
-4.2974999e-11
-4.2924997e-11
-4.0899999e-11
-4.1299995e-11
-4.2000001e-11
-4.1599994e-11
-4.1599998e-11
-4.1574997e-11
-4.0225e-11
-4.0924996e-11
-3.8899998e-11
-3.8725002e-11
-3.9749998e-11
-4.1099998e-11
-3.9424998e-11
-3.98e-11
-4.0249998e-11
-3.9174997e-11
-3.9049999e-11
-3.9624998e-11
-3.9974996e-11
-3.6750002e-11
-3.7725e-11
-3.9024995e-11
-3.8049997e-11
-3.8525003e-11
-3.8324999e-11
-3.7425001e-11
-3.6825001e-11
-3.9749998e-11
-3.8575001e-11
-3.75e-11
-3.7575002e-11
-3.6875e-11
-3.6425002e-11
-3.7074999e-11
-3.7925e-11
-3.5375002e-11
-3.6275e-11
-3.6800001e-11
-3.6750002e-11
-3.7150002e-11
-3.5099999e-11
-3.355e-11
-3.625e-11
-3.7625e-11
-3.6425002e-11
-3.5875001e-11
-3.5975001e-11
-3.4750001e-11
-3.4474999e-11
-3.3675e-11
-3.4674999e-11
-3.4049999e-11
-3.605e-11
-3.5075002e-11
-3.5025e-11
-3.325e-11
-3.4725001e-11
-3.47e-11
-3.4150002e-11
-3.4325001e-11
-3.325e-11
-3.4275e-11
-3.3700001e-11
-3.3949999e-11
-3.2450001e-11
-3.3925002e-11
-3.4150002e-11
-3.4100001e-11
-3.305e-11
-3.295e-11
-3.3124999e-11
-3.1575e-11
-3.3625002e-11
-3.2150001e-11
-3.2550001e-11
-3.2050002e-11
-3.2275002e-11
-3.1500001e-11
-3.2675002e-11
-3.1825001e-11
-3.1549999e-11
-3.1300001e-11
-3.2725e-11
-3.2025001e-11
-3.1974999e-11
-3.1650002e-11
-3.1874999e-11
-2.9875002e-11
-3.2350001e-11
-3.2375002e-11
-3.1725001e-11
-3.1500001e-11
-3.1049999e-11
-3.0975e-11
-3.1125002e-11
-3.085e-11
-3.1300001e-11
-3.1525001e-11
-3.16e-11
-3.075e-11
-2.805e-11
-3.1249999e-11
-3.2399999e-11
-3.0125e-11
-3.0150001e-11
-3.0225e-11
-3.1325002e-11
-3.1825001e-11
-3.1825001e-11
-3.1549999e-11
-3.0225e-11
-3.0924999e-11
-3.1725001e-11
-3.0199999e-11
-2.8750001e-11
-3.095e-11
-3.1725001e-11
-3.0524999e-11
-3.075e-11
-2.94e-11
-3.1125002e-11
-2.92e-11
-3.1475e-11
-2.9875002e-11
-2.9975002e-11
-3.1100001e-11
-2.9625e-11
-3.0324999e-11
-3.1200001e-11
-2.9150002e-11
-2.8925e-11
-3.0299999e-11
-2.9225001e-11
-3.0125e-11
-3.055e-11
-2.8775e-11
-2.89e-11
-2.9574999e-11
-2.9975002e-11
-3.1300001e-11
-2.8525e-11
-3.0175001e-11
-2.8850001e-11
-2.91e-11
-2.9174999e-11
-2.7149999e-11
-2.7674999e-11
-2.8625e-11
-2.8325e-11
-2.8550001e-11
-2.9150002e-11
-3.0099999e-11
-2.8800001e-11
-2.9325001e-11
-2.825e-11
-3.0824999e-11
-2.9150002e-11
-2.9250002e-11
-2.8275e-11
-2.7350001e-11
-2.8525e-11
-2.9750001e-11
-2.95e-11
-2.8625e-11
-2.815e-11
-2.8700001e-11
-3.0900001e-11
-2.9950001e-11
-2.8349999e-11
-2.8800001e-11
-2.9024999e-11
-2.9899999e-11
-2.8475e-11
-2.82e-11
-2.8399999e-11
-2.8500001e-11
-2.8675e-11
-2.94e-11
-2.7250001e-11
-2.785e-11
-2.805e-11
-2.6999999e-11
-2.7525e-11
-2.9e-11
-2.9574999e-11
-2.8175001e-11
-2.7375e-11
-2.81e-11
-2.8299999e-11
-2.77e-11
-2.8700001e-11
-2.9950001e-11
-2.905e-11
-2.6374999e-11
-2.795e-11
-2.8025001e-11
-2.9574999e-11
-2.755e-11
-2.8675e-11
-2.8425e-11
-2.7925001e-11
-2.7500001e-11
-2.8725e-11
-2.8225e-11
-2.8625e-11
-2.8325e-11
-2.7575e-11
-2.8e-11
-2.8425e-11
-2.7975001e-11
-2.7425e-11
-2.5675e-11
-2.9274999e-11
-2.8e-11
-2.7250001e-11
-2.7824999e-11
-2.7325e-11
-2.8075001e-11
-2.8e-11
-2.89e-11
-2.755e-11
-2.7724999e-11
-2.7774999e-11
-2.7500001e-11
-2.8425e-11
-2.7425e-11
-3.0025e-11
-2.7774999e-11
-2.7824999e-11
-2.7175e-11
-2.675e-11
-2.7425e-11
-2.76e-11
-2.7674999e-11
-2.7025e-11
-2.7500001e-11
-2.67e-11
-2.8575e-11
-2.6825001e-11
-2.5699999e-11
-2.6875e-11
-2.815e-11
-2.8525e-11
-2.8375e-11
-2.5949999e-11
-2.695e-11
-2.8325e-11
-2.7475e-11
-2.625e-11
-2.7325e-11
-2.5975e-11
-2.7925001e-11
-2.6324999e-11
-2.7450001e-11
-2.69e-11
-2.645e-11
-2.6574999e-11
-2.4775e-11
-2.5625e-11
-2.635e-11
-2.5799999e-11
-2.675e-11
-2.675e-11
-2.5899999e-11
-2.66e-11
-2.7025e-11
-2.6675001e-11
-2.7525e-11
-2.7049999e-11
-2.4425e-11
-2.5975e-11
-2.5925e-11
-2.5375001e-11
-2.6625001e-11
-2.6025e-11
-2.6625001e-11
-2.7225e-11
-2.5475001e-11
-2.5324999e-11
-2.5875e-11
-2.7225e-11
-2.6975e-11
-2.7225e-11
-2.7450001e-11
-2.6324999e-11
-2.63e-11
-2.6200001e-11
-2.635e-11
-2.7375e-11
-2.6524999e-11
-2.7425e-11
-2.5699999e-11
-2.805e-11
-2.7375e-11
-2.6025e-11
-2.6474999e-11
-2.7300001e-11
-2.65e-11
-2.6175e-11
-2.54e-11
-2.55e-11
-2.8349999e-11
-2.7099999e-11
-2.5849999e-11
-2.5649999e-11
-2.6675001e-11
-2.7425e-11
-2.5749999e-11
-2.4475e-11
-2.6975e-11
-2.655e-11
-2.6150001e-11
-2.6574999e-11
-2.6150001e-11
-2.675e-11
-2.5825e-11
-2.4725e-11
-2.7300001e-11
-2.525e-11
-2.4625e-11
-2.5e-11
-2.7425e-11
-2.5975e-11
-2.6150001e-11
-2.7525e-11
-2.76e-11
-2.665e-11
-2.6675001e-11
-2.6925e-11
-2.635e-11
-2.9425001e-11
-2.5899999e-11
-2.54e-11
-2.7149999e-11
-2.8425e-11
-2.6925e-11
-2.5849999e-11
-2.625e-11
-2.6625001e-11
-2.7025e-11
-2.5975e-11
-2.6524999e-11
-2.5425001e-11
-2.5649999e-11
-2.5525001e-11
-2.6725001e-11
-2.52e-11
-2.66e-11
-2.55e-11
-2.6225e-11
-2.5799999e-11
-2.555e-11
-2.6825001e-11
-2.7400001e-11
-2.5375001e-11
-2.6775001e-11
-2.53e-11
-2.4175001e-11
-2.5475001e-11
-2.5949999e-11
-2.625e-11
-2.69e-11
-2.5849999e-11
-2.51e-11
-2.6275e-11
-2.5375001e-11
-2.655e-11
-2.6625001e-11
-2.6625001e-11
-2.6725001e-11
-2.515e-11
-2.56e-11
-2.6225e-11
-2.6725001e-11
-2.5525001e-11
-2.5875e-11
-2.4e-11
-2.555e-11
-2.4325e-11
-2.5975e-11
-2.5575e-11
-2.5475001e-11
-2.5675e-11
-2.6925e-11
-2.6474999e-11
-2.5725e-11
-2.5975e-11
-2.5675e-11
-2.6200001e-11
-2.4575e-11
-2.4725e-11
-2.4549999e-11
-2.4475e-11
-2.4800001e-11
-2.69e-11
-2.6000001e-11
-2.6625001e-11
-2.5024999e-11
-2.5749999e-11
-2.5975e-11
-2.6100001e-11
-2.495e-11
-2.5425001e-11
-2.655e-11
-2.4599999e-11
-2.6275e-11
-2.7099999e-11
-2.5324999e-11
-2.535e-11
-2.5725e-11
-2.3824999e-11
-2.6200001e-11
-2.6125e-11
-2.8075001e-11
-2.535e-11
-2.4649999e-11
-2.55e-11
-2.49e-11
-2.4125001e-11
-2.52e-11
-2.545e-11
-2.685e-11
-2.6524999e-11
-2.5949999e-11
-2.5124999e-11
-2.525e-11
-2.66e-11
-2.56e-11
-2.7500001e-11
-2.4775e-11
-2.64e-11
-2.7425e-11
-2.515e-11
-2.5899999e-11
-2.5475001e-11
-2.5899999e-11
-2.5899999e-11
-2.6075e-11
-2.635e-11
-2.43e-11
-2.4599999e-11
-2.5525001e-11
-2.5649999e-11
-2.3149999e-11
-2.6175e-11
-2.675e-11
-2.6275e-11
-2.55e-11
-2.6000001e-11
-2.3225e-11
-2.54e-11
-2.535e-11
-2.6324999e-11
-2.5274999e-11
-2.4875e-11
-2.5124999e-11
-2.6050001e-11
-2.3500001e-11
-2.525e-11
-2.5475001e-11
-2.4625e-11
-2.225e-11
-2.6025e-11
-2.4399999e-11
-2.5975e-11
-2.535e-11
-2.5649999e-11
-2.5e-11
-2.4875e-11
-2.4399999e-11
-2.4399999e-11
-2.5575e-11
-2.3824999e-11
-2.41e-11
-2.5625e-11
-2.4525e-11
-2.4850001e-11
-2.405e-11
-2.3974999e-11
-2.5699999e-11
-2.65e-11
-2.55e-11
-2.5925e-11
-2.5849999e-11
-2.5425001e-11
-2.4349999e-11
-2.53e-11
-2.6175e-11
-2.625e-11
-2.55e-11
-2.7450001e-11
-2.5749999e-11
-2.5825e-11
-2.545e-11
-2.4850001e-11
-2.4575e-11
-2.4425e-11
-2.42e-11
-2.6100001e-11
-2.5375001e-11
-2.5174999e-11
-2.5475001e-11
-2.6150001e-11
-2.555e-11
-2.43e-11
-2.6150001e-11
-2.4625e-11
-2.4275e-11
-2.5675e-11
-2.5224999e-11
-2.5725e-11
-2.5024999e-11
-2.5174999e-11
-2.4599999e-11
-2.6225e-11
-2.525e-11
-2.5975e-11
-2.5899999e-11
-2.6275e-11
-2.5775e-11
-2.6275e-11
-2.5799999e-11
-2.3249999e-11
-2.5174999e-11
-2.4349999e-11
-2.3575e-11
-2.4825e-11
-2.4425e-11
-2.4775e-11
-2.37e-11
-2.6725001e-11
-2.425e-11
-2.5324999e-11
-2.38e-11
-2.4750001e-11
-2.4525e-11
-2.5575e-11
-2.5124999e-11
-2.4825e-11
-2.4800001e-11
-2.42e-11
-2.545e-11
-2.415e-11
-2.6100001e-11
-2.4074999e-11
-2.41e-11
-2.4e-11
-2.41e-11
-2.4074999e-11
-2.42e-11
-2.43e-11
-2.5e-11
-2.4599999e-11
-2.3399999e-11
-2.285e-11
-2.3375e-11
-2.4024999e-11
-2.4074999e-11
-2.4399999e-11
-2.6275e-11
-2.375e-11
-2.3874999e-11
-2.4675e-11
-2.4699999e-11
-2.4525e-11
-2.3575e-11
-2.405e-11
-2.385e-11
-2.535e-11
-2.3099999e-11
-2.4850001e-11
-2.5124999e-11
-2.3475e-11
-2.3425e-11
-2.3525e-11
-2.37e-11
-2.2225e-11
-2.3774999e-11
-2.5949999e-11
-2.3375e-11
-2.4024999e-11
-2.3299999e-11
-2.49e-11
-2.4549999e-11
-2.37e-11
-2.4325e-11
-2.4074999e-11
-2.52e-11
-2.4675e-11
-2.4925e-11
-2.4475e-11
-2.3575e-11
-2.53e-11
-2.42e-11
-2.5224999e-11
-2.5675e-11
-2.405e-11
-2.535e-11
-2.5475001e-11
-2.5525001e-11
-2.385e-11
-2.55e-11
-2.49e-11
-2.3399999e-11
-2.3399999e-11
-2.53e-11
-2.4325e-11
-2.4699999e-11
-2.4974999e-11
-2.3149999e-11
-2.5024999e-11
-2.4575e-11
-2.5024999e-11
-2.4675e-11
-2.5e-11
-2.545e-11
-2.4449999e-11
-2.5875e-11
-2.4475e-11
-2.5799999e-11
-2.4475e-11
-2.535e-11
-2.5425001e-11
-2.5074999e-11
-2.43e-11
-2.515e-11
-2.5525001e-11
-2.2999999e-11
-2.3774999e-11
-2.6000001e-11
-2.39e-11
-2.4525e-11
-2.4575e-11
-2.4275e-11
-2.5074999e-11
-2.2624999e-11
-2.405e-11
-2.3075e-11
-2.655e-11
-2.4625e-11
-2.4599999e-11
-2.4625e-11
-2.4825e-11
-2.4625e-11
-2.49e-11
-2.5224999e-11
-2.3625e-11
-2.495e-11
-2.355e-11
-2.42e-11
-2.43e-11
-2.515e-11
-2.4499999e-11
-2.4750001e-11
-2.2975e-11
-2.4399999e-11
-2.3625e-11
-2.3175e-11
-2.27e-11
-2.405e-11
-2.385e-11
-2.3575e-11
-2.3125e-11
-2.385e-11
-2.42e-11
-2.43e-11
-2.4599999e-11
-2.4475e-11
-2.3674999e-11
-2.495e-11
-2.405e-11
-2.365e-11
-2.2674999e-11
-2.4074999e-11
-2.1424999e-11
-2.265e-11
-2.385e-11
-2.275e-11
-2.3049999e-11
-2.3225e-11
-2.2374999e-11
-2.4399999e-11
-2.4850001e-11
-2.4275e-11
-2.5625e-11
-2.3724999e-11
-2.42e-11
-2.3874999e-11
-2.3149999e-11
-2.5224999e-11
-2.5e-11
-2.4499999e-11
-2.4225e-11
-2.4349999e-11
-2.385e-11
-2.3575e-11
-2.425e-11
-2.4375e-11
-2.4850001e-11
-2.3874999e-11
-2.3125e-11
-2.395e-11
-2.3500001e-11
-2.4425e-11
-2.37e-11
-2.43e-11
-2.4549999e-11
-2.4325e-11
-2.4475e-11
-2.4725e-11
-2.1675e-11
-2.4225e-11
-2.37e-11
-2.4325e-11
-2.52e-11
-2.5675e-11
-2.4549999e-11
-2.4974999e-11
-2.5124999e-11
-2.3325e-11
-2.4750001e-11
-2.4549999e-11
-2.4649999e-11
-2.3449999e-11
-2.49e-11
-2.4024999e-11
-2.3874999e-11
-2.3299999e-11
-2.3475e-11
-2.4024999e-11
-2.4e-11
-2.5475001e-11
-2.3824999e-11
-2.545e-11
-2.3099999e-11
-2.365e-11
-2.3025e-11
-2.3199999e-11
-2.5274999e-11
-2.4599999e-11
-2.4974999e-11
-2.545e-11
-2.6125e-11
-2.3974999e-11
-2.5224999e-11
-2.4675e-11
-2.4750001e-11
-2.4549999e-11
-2.4225e-11
-2.5525001e-11
-2.4725e-11
-2.3625e-11
-2.4e-11
-2.3575e-11
-2.4775e-11
-2.3049999e-11
-2.355e-11
-2.4525e-11
-2.3249999e-11
-2.2674999e-11
-2.4449999e-11
-2.4449999e-11
-2.5475001e-11
-2.3225e-11
-2.5425001e-11
-2.3375e-11
-2.3299999e-11
-2.3349999e-11
-2.4449999e-11
-2.5224999e-11
-2.39e-11
-2.3075e-11
-2.4499999e-11
-2.3824999e-11
-2.37e-11
-2.4599999e-11
-2.235e-11
-2.3149999e-11
-2.3025e-11
-2.4525e-11
-2.395e-11
-2.1999999e-11
-2.395e-11
-2.405e-11
-2.2099999e-11
-2.3199999e-11
-2.515e-11
-2.4750001e-11
-2.3025e-11
-2.4599999e-11
-2.385e-11
-2.4349999e-11
-2.4e-11
-2.3475e-11
-2.385e-11
-2.1675e-11
-2.53e-11
-2.53e-11
-2.4275e-11
-2.1899999e-11
-2.3824999e-11
-2.3099999e-11
-2.3575e-11
-2.4625e-11
-2.4449999e-11
-2.3674999e-11
-2.4275e-11
-2.275e-11
-2.4425e-11
-2.5899999e-11
-2.495e-11
-2.4750001e-11
-2.515e-11
-2.27e-11
-2.495e-11
-2.3375e-11
-2.3774999e-11
-2.5925e-11
-2.5324999e-11
-2.5024999e-11
-2.385e-11
-2.26e-11
-2.3625e-11
-2.3724999e-11
-2.525e-11
-2.5174999e-11
-2.3375e-11
-2.6100001e-11
-2.2975e-11
-2.4775e-11
-2.4850001e-11
-2.4024999e-11
-2.41e-11
-2.4275e-11
-2.355e-11
-2.5274999e-11
-2.5324999e-11
-2.4549999e-11
-2.4974999e-11
-2.235e-11
-2.4074999e-11
-2.3475e-11
-2.5625e-11
-2.42e-11
-2.365e-11
-2.3874999e-11
-2.5074999e-11
-2.3625e-11
-2.3525e-11
-2.4475e-11
-2.375e-11
-2.3199999e-11
-2.3475e-11
-2.3275e-11
-2.41e-11
-2.4649999e-11
-2.4175001e-11
-2.495e-11
-2.3325e-11
-2.4325e-11
-2.2774999e-11
-2.4499999e-11
-2.265e-11
-2.3349999e-11
-2.2724999e-11
-2.3874999e-11
-2.3525e-11
-2.42e-11
-2.385e-11
-2.3874999e-11
-2.3149999e-11
-2.2225e-11
-2.3175e-11
-2.52e-11
-2.355e-11
-2.4575e-11
-2.3525e-11
-2.3924999e-11
-2.165e-11
-2.3874999e-11
-2.4175001e-11
-2.41e-11
-2.495e-11
-2.355e-11
-2.425e-11
-2.4800001e-11
-2.3025e-11
-2.42e-11
-2.2374999e-11
-2.3325e-11
-2.3099999e-11
-2.355e-11
-2.365e-11
-2.4925e-11
-2.1474999e-11
-2.39e-11
-2.4750001e-11
-2.4974999e-11
-2.4175001e-11
-2.4e-11
-2.4850001e-11
-2.4175001e-11
-2.52e-11
-2.5224999e-11
-2.5224999e-11
-2.3349999e-11
-2.4425e-11
-2.4e-11
-2.4549999e-11
-2.3625e-11
-2.3475e-11
-2.37e-11
-2.36e-11
-2.5e-11
-2.3774999e-11
-2.4125001e-11
-2.4024999e-11
-2.5224999e-11
-2.3874999e-11
-2.2199999e-11
-2.275e-11
-2.3099999e-11
-2.41e-11
-2.41e-11
-2.37e-11
-2.4925e-11
-2.3724999e-11
-2.405e-11
-2.3924999e-11
-2.2574999e-11
-2.425e-11
-2.3874999e-11
-2.2999999e-11
-2.36e-11
-2.24e-11
-2.3575e-11
-2.39e-11
-2.3325e-11
-2.2724999e-11
-2.36e-11
-2.2975e-11
-2.265e-11
-2.2125e-11
-2.4549999e-11
-2.3325e-11
-2.2149999e-11
-2.4349999e-11
-2.3249999e-11
-2.4074999e-11
-2.1925e-11
-2.3299999e-11
-2.4074999e-11
-2.2999999e-11
-2.5224999e-11
-2.2925e-11
-2.2574999e-11
-2.3199999e-11
-2.2374999e-11
-2.3049999e-11
-2.3500001e-11
-2.28e-11
-2.355e-11
-2.3625e-11
-2.3375e-11
-2.3375e-11
-2.2999999e-11
-2.42e-11
-2.2999999e-11
-2.3075e-11
-2.3075e-11
-2.3249999e-11
-2.3099999e-11
-2.3974999e-11
-2.1574999e-11
-2.25e-11
-2.4399999e-11
-2.265e-11
-2.415e-11
-2.3125e-11
-2.4275e-11
-2.265e-11
-2.4349999e-11
-2.4475e-11
-2.3099999e-11
-2.5174999e-11
-2.27e-11
-2.3449999e-11
-2.28e-11
-2.3625e-11
-2.27e-11
-2.3375e-11
-2.3275e-11
-2.525e-11
-2.2925e-11
-2.2199999e-11
-2.28e-11
-2.3175e-11
-2.2824999e-11
-2.28e-11
-2.355e-11
-2.3025e-11
-2.29e-11
-2.0675e-11
-2.41e-11
-2.5274999e-11
-2.235e-11
-2.4599999e-11
-2.265e-11
-2.5475001e-11
-2.38e-11
-2.1849999e-11
-2.52e-11
-2.4649999e-11
-2.2925e-11
-2.4425e-11
-2.3575e-11
-2.3349999e-11
-2.415e-11
-2.3375e-11
-2.26e-11
-2.4175001e-11
-2.1799999e-11
-2.3199999e-11
-2.285e-11
-2.4375e-11
-2.4649999e-11
-2.3625e-11
-2.375e-11
-2.3625e-11
-2.4575e-11
-2.2724999e-11
-2.295e-11
-2.2424999e-11
-2.2374999e-11
-2.36e-11
-2.2125e-11
-2.2524999e-11
-2.365e-11
-2.2975e-11
-2.4175001e-11
-2.41e-11
-2.36e-11
-2.2524999e-11
-2.4024999e-11
-2.3199999e-11
-2.4074999e-11
-2.2724999e-11
-2.3824999e-11
-2.3924999e-11
-2.3399999e-11
-2.2624999e-11
-2.16e-11
-2.4575e-11
-2.3075e-11
-2.355e-11
-2.285e-11
-2.2474999e-11
-2.2999999e-11
-2.3099999e-11
-2.2925e-11
-2.2674999e-11
-2.285e-11
-2.3025e-11
-2.2925e-11
-2.2574999e-11
-2.2474999e-11
-2.3500001e-11
-2.2099999e-11
-2.27e-11
-2.3299999e-11
-2.4024999e-11
-2.2975e-11
-2.3025e-11
-2.365e-11
-2.285e-11
-2.4024999e-11
-2.3625e-11
-2.28e-11
-2.4074999e-11
-2.5e-11
-2.3425e-11
-2.515e-11
-2.43e-11
-2.41e-11
-2.4125001e-11
-2.365e-11
-2.4e-11
-2.4225e-11
-2.3449999e-11
-2.3325e-11
-2.36e-11
-2.2875001e-11
-2.3275e-11
-2.3575e-11
-2.4775e-11
-2.3575e-11
-2.385e-11
-2.5475001e-11
-2.3475e-11
-2.4499999e-11
-2.3225e-11
-2.2999999e-11
-2.3475e-11
-2.3125e-11
-2.5324999e-11
-2.3500001e-11
-2.4825e-11
-2.2424999e-11
-2.2674999e-11
-2.4349999e-11
-2.2275e-11
-2.355e-11
-2.235e-11
-2.2374999e-11
-2.1875e-11
-2.295e-11
-2.4549999e-11
-2.4175001e-11
-2.3149999e-11
-2.4074999e-11
-2.3525e-11
-2.5024999e-11
-2.2225e-11
-2.2374999e-11
-2.2875001e-11
-2.3724999e-11
-2.265e-11
-2.2474999e-11
-2.4349999e-11
-2.365e-11
-2.3375e-11
-2.285e-11
-2.265e-11
-2.3500001e-11
-2.3625e-11
-2.3275e-11
-2.4024999e-11
-2.4225e-11
-2.3774999e-11
-2.2424999e-11
-2.1975e-11
-2.42e-11
-2.3025e-11
-2.27e-11
-2.4750001e-11
-2.4649999e-11
-2.4074999e-11
-2.3349999e-11
-2.2075e-11
-2.3724999e-11
-2.425e-11
-2.23e-11
-2.3349999e-11
-2.3099999e-11
-2.43e-11
-2.275e-11
-2.3099999e-11
-2.3500001e-11
-2.3149999e-11
-2.3974999e-11
-2.26e-11
-2.275e-11
-2.385e-11
-2.405e-11
-2.425e-11
-2.3399999e-11
-2.3275e-11
-2.3575e-11
-2.3500001e-11
-2.3349999e-11
-2.3824999e-11
-2.0599999e-11
-2.2724999e-11
-2.5e-11
-2.2075e-11
-2.4599999e-11
-2.4725e-11
-2.375e-11
-2.3824999e-11
-2.2925e-11
-2.295e-11
-2.16e-11
-2.29e-11
-2.24e-11
-2.3974999e-11
-2.2925e-11
-2.2824999e-11
-2.3175e-11
-2.285e-11
-2.3475e-11
-2.405e-11
-2.38e-11
-2.405e-11
-2.1975e-11
-2.2075e-11
-2.4225e-11
-2.2824999e-11
-2.3275e-11
-2.3199999e-11
-2.3149999e-11
-2.3149999e-11
-2.2774999e-11
-2.275e-11
-2.4225e-11
-2.3125e-11
-2.375e-11
-2.2875001e-11
-2.39e-11
-2.4775e-11
-2.4675e-11
-2.3075e-11
-2.3500001e-11
-2.3075e-11
-2.355e-11
-2.3625e-11
-2.4599999e-11
-2.4074999e-11
-2.505e-11
-2.4499999e-11
-2.3299999e-11
-2.39e-11
-2.27e-11
-2.3774999e-11
-2.3325e-11
-2.515e-11
-2.2674999e-11
-2.265e-11
-2.355e-11
-2.3625e-11
-2.4775e-11
-2.4e-11
-2.2674999e-11
-2.2999999e-11
-2.385e-11
-2.2975e-11
-2.4850001e-11
-2.6000001e-11
-2.3175e-11
-2.4425e-11
-2.3375e-11
-2.415e-11
-2.36e-11
-2.3625e-11
-2.245e-11
-2.425e-11
-2.29e-11
-2.3175e-11
-2.4475e-11
-2.2674999e-11
-2.3099999e-11
-2.3449999e-11
-2.2624999e-11
-2.3500001e-11
-2.42e-11
-2.4175001e-11
-2.415e-11
-2.3149999e-11
-2.3500001e-11
-2.2049999e-11
-2.2975e-11
-2.2049999e-11
-2.2999999e-11
-2.165e-11
-2.41e-11
-2.3724999e-11
-2.37e-11
-2.3974999e-11
-2.3325e-11
-2.3025e-11
-2.295e-11
-2.245e-11
-2.135e-11
-2.0875e-11
-2.365e-11
-2.3199999e-11
-2.3924999e-11
-2.3500001e-11
-2.4125001e-11
-2.2674999e-11
-2.3149999e-11
-2.4349999e-11
-2.3575e-11
-2.3575e-11
-2.3575e-11
-2.2175e-11
-2.2574999e-11
-2.4074999e-11
-2.3399999e-11
-2.1825e-11
-2.375e-11
-2.2724999e-11
-2.355e-11
-2.3399999e-11
-2.2374999e-11
-2.2225e-11
-2.4875e-11
-2.3575e-11
-2.2424999e-11
-2.3325e-11
-2.4750001e-11
-2.3125e-11
-2.3149999e-11
-2.2975e-11
-2.3425e-11
-2.26e-11
-2.1775e-11
-2.3299999e-11
-2.3475e-11
-2.3175e-11
-2.245e-11
-2.26e-11
-2.4549999e-11
-2.5e-11
-2.3349999e-11
-2.2925e-11
-2.3924999e-11
-2.3325e-11
-2.385e-11
-2.3325e-11
-2.26e-11
-2.515e-11
-2.405e-11
-2.3774999e-11
-2.3625e-11
-2.2524999e-11
-2.36e-11
-2.3049999e-11
-2.3099999e-11
-2.3500001e-11
-2.3349999e-11
-2.3449999e-11
-2.3375e-11
-2.4024999e-11
-2.1949999e-11
-2.3449999e-11
-2.1224999e-11
-2.3874999e-11
-2.3175e-11
-2.1749999e-11
-2.265e-11
-2.405e-11
-2.2025e-11
-2.2624999e-11
-2.4375e-11
-2.0899999e-11
-2.3299999e-11
-2.2075e-11
-2.2175e-11
-2.2975e-11
-2.36e-11
-2.3674999e-11
-2.4425e-11
-2.3075e-11
-2.2149999e-11
-2.2624999e-11
-2.2275e-11
-2.16e-11
-2.3225e-11
-2.275e-11
-2.28e-11
-2.125e-11
-2.2275e-11
-2.3075e-11
-2.38e-11
-2.255e-11
-2.3125e-11
-2.29e-11
-2.3525e-11
-2.2999999e-11
-2.2674999e-11
-2.25e-11
-2.0699999e-11
-2.0675e-11
-2.36e-11
-2.3325e-11
-2.2824999e-11
-2.2474999e-11
-2.3325e-11
-2.3099999e-11
-2.385e-11
-2.2875001e-11
-2.3625e-11
-2.2925e-11
-2.36e-11
-2.235e-11
-2.285e-11
-2.3349999e-11
-2.3325e-11
-2.3199999e-11
-2.3199999e-11
-2.3625e-11
-2.1699999e-11
-2.3299999e-11
-2.3449999e-11
-2.24e-11
-2.4325e-11
-2.28e-11
-2.27e-11
-2.1474999e-11
-2.255e-11
-2.2624999e-11
-2.1849999e-11
-2.225e-11
-2.235e-11
-2.2474999e-11
-2.4475e-11
-2.2774999e-11
-2.24e-11
-2.13e-11
-2.2724999e-11
-2.4074999e-11
-2.1875e-11
-2.2674999e-11
-2.4375e-11
-2.3349999e-11
-2.2975e-11
-2.2824999e-11
-2.3449999e-11
-2.3225e-11
-2.3125e-11
-2.23e-11
-2.3924999e-11
-2.3525e-11
-2.16e-11
-2.4325e-11
-2.295e-11
-2.1975e-11
-2.1775e-11
-2.2925e-11
-2.3149999e-11
-2.3075e-11
-2.1925e-11
-2.3175e-11
-2.2624999e-11
-2.3125e-11
-2.24e-11
-2.245e-11
-2.4425e-11
-2.3125e-11
-2.2324999e-11
-2.2149999e-11
-2.1124999e-11
-2.1849999e-11
-2.4024999e-11
-1.9924999e-11
-2.1925e-11
-2.0725e-11
-2.2199999e-11
-2.265e-11
-2.245e-11
-2.2025e-11
-2.3375e-11
-2.2875001e-11
-2.27e-11
-2.2774999e-11
-2.2025e-11
-2.3500001e-11
-2.29e-11
-2.24e-11
-2.255e-11
-2.4074999e-11
-2.4325e-11
-2.2624999e-11
-2.2025e-11
-2.2374999e-11
-2.2275e-11
-2.25e-11
-2.2175e-11
-2.275e-11
-2.28e-11
-2.2075e-11
-2.3125e-11
-2.2774999e-11
-2.1725e-11
-2.2524999e-11
-2.255e-11
-2.2624999e-11
-2.3399999e-11
-2.1524999e-11
-2.0925e-11
-2.2374999e-11
-2.43e-11
-2.3249999e-11
-2.2149999e-11
-2.2975e-11
-2.2574999e-11
-2.1424999e-11
-2.295e-11
-2.3149999e-11
-2.1825e-11
-2.1024999e-11
-2.3575e-11
-2.2225e-11
-2.2925e-11
-2.26e-11
-2.23e-11
-2.2175e-11
-2.15e-11
-2.2125e-11
-2.1749999e-11
-2.26e-11
-2.3199999e-11
-2.2374999e-11
-2.29e-11
-2.36e-11
-2.1749999e-11
-2.2275e-11
-2.2324999e-11
-2.3575e-11
-2.135e-11
-2.3924999e-11
-2.2075e-11
-2.4074999e-11
-2.1775e-11
-2.1825e-11
-2.4225e-11
-2.1899999e-11
-2.165e-11
-2.2225e-11
-2.3199999e-11
-2.29e-11
-2.13e-11
-2.27e-11
-2.1e-11
-2.2999999e-11
-2.1524999e-11
-2.3349999e-11
-2.2975e-11
-2.2199999e-11
-2.1424999e-11
-2.2324999e-11
-2.3075e-11
-2.38e-11
-2.1699999e-11
-2.29e-11
-2.26e-11
-2.1124999e-11
-2.2999999e-11
-2.155e-11
-2.1849999e-11
-2.26e-11
-2.3225e-11
-2.1925e-11
-2.245e-11
-2.3299999e-11
-2.2774999e-11
-2.1274999e-11
-2.1875e-11
-2.1875e-11
-2.3449999e-11
-2.405e-11
-2.2075e-11
-2.2175e-11
-2.1625e-11
-2.12e-11
-2.2424999e-11
-2.24e-11
-2.27e-11
-2.2275e-11
-2.29e-11
-2.2075e-11
-2.295e-11
-2.2025e-11
-2.255e-11
-2.265e-11
-2.2025e-11
-2.43e-11
-2.1825e-11
-2.2025e-11
-2.2424999e-11
-2.1574999e-11
-2.1775e-11
-2.24e-11
-2.2225e-11
-2.1374999e-11
-2.1975e-11
-2.3525e-11
-2.1424999e-11
-2.135e-11
-2.26e-11
-2.2374999e-11
-2.3049999e-11
-2.2824999e-11
-2.385e-11
-2.3575e-11
-2.27e-11
-2.2175e-11
-2.245e-11
-2.2099999e-11
-2.2824999e-11
-2.245e-11
-2.285e-11
-2.2474999e-11
-2.0425e-11
-2.3075e-11
-2.2275e-11
-2.275e-11
-2.2275e-11
-2.2049999e-11
-2.255e-11
-2.23e-11
-2.275e-11
-2.2099999e-11
-2.3275e-11
-2.3625e-11
-2.3175e-11
-2.2574999e-11
-2.1825e-11
-2.1174999e-11
-2.12e-11
-2.1274999e-11
-2.2424999e-11
-2.4e-11
-2.2049999e-11
-2.225e-11
-2.2624999e-11
-2.3125e-11
-2.2374999e-11
-2.1875e-11
-2.2524999e-11
-2.1625e-11
-2.145e-11
-2.3025e-11
-2.3325e-11
-2.2374999e-11
-2.54e-11
-2.3225e-11
-2.2975e-11
-2.295e-11
-2.3249999e-11
-2.1799999e-11
-2.4325e-11
-2.245e-11
-2.3824999e-11
-2.2474999e-11
-2.2324999e-11
-2.3525e-11
-2.295e-11
-2.2474999e-11
-2.4425e-11
-2.2524999e-11
-2.3249999e-11
-2.255e-11
-2.295e-11
-2.2199999e-11
-2.425e-11
-2.27e-11
-2.42e-11
-2.2025e-11
-2.2674999e-11
-2.2075e-11
-2.2324999e-11
-2.385e-11
-2.1899999e-11
-2.355e-11
-2.3525e-11
-2.405e-11
-2.3375e-11
-2.1625e-11
-2.3075e-11
-2.2474999e-11
-2.3325e-11
-2.3249999e-11
-2.2199999e-11
-2.125e-11
-2.2049999e-11
-2.2674999e-11
-2.2424999e-11
-2.295e-11
-2.425e-11
-2.28e-11
-2.1024999e-11
-2.2125e-11
-2.1474999e-11
-2.0525e-11
-2.1949999e-11
-2.275e-11
-2.1875e-11
-2.0849999e-11
-2.16e-11
-2.3325e-11
-2.2524999e-11
-2.2275e-11
-2.265e-11
-2.2275e-11
-2.3399999e-11
-2.3399999e-11
-2.1849999e-11
-2.2999999e-11
-2.25e-11
-2.2774999e-11
-2.1374999e-11
-2.3125e-11
-2.1899999e-11
-2.225e-11
-2.2324999e-11
-2.285e-11
-2.1975e-11
-2.1324999e-11
-2.43e-11
-2.1749999e-11
-2.4575e-11
-2.285e-11
-2.26e-11
-2.295e-11
-2.3099999e-11
-2.1224999e-11
-2.49e-11
-2.355e-11
-2.3125e-11
-2.3149999e-11
-2.3874999e-11
-2.0949999e-11
-2.2125e-11
-2.42e-11
-2.2624999e-11
-2.2975e-11
-2.39e-11
-2.3099999e-11
-2.3225e-11
-2.4024999e-11
-2.2975e-11
-2.2875001e-11
-2.255e-11
-2.42e-11
-2.3125e-11
-2.26e-11
-2.2774999e-11
-2.3225e-11
-2.295e-11
-2.25e-11
-2.3075e-11
-2.2075e-11
-2.3525e-11
-2.265e-11
-2.3375e-11
-2.2674999e-11
-2.26e-11
-2.3425e-11
-2.1725e-11
-2.29e-11
-2.4e-11
-2.3475e-11
-2.3175e-11
-2.2999999e-11
-2.2075e-11
-2.3974999e-11
-2.3525e-11
-2.2324999e-11
-2.4275e-11
-2.3375e-11
-2.3025e-11
-2.2125e-11
-2.3349999e-11
-2.2524999e-11
-2.235e-11
-2.3225e-11
-2.285e-11
-2.375e-11
-2.23e-11
-2.225e-11
-2.3225e-11
-2.3425e-11
-2.2999999e-11
-2.145e-11
-2.3125e-11
-2.5274999e-11
-2.2175e-11
-2.3449999e-11
-2.27e-11
-2.155e-11
-2.3249999e-11
-2.3475e-11
-2.29e-11
-2.26e-11
-2.26e-11
-2.1825e-11
-2.155e-11
-2.505e-11
-2.1124999e-11
-2.43e-11
-2.3225e-11
-2.295e-11
-2.2199999e-11
-2.2574999e-11
-2.3049999e-11
-2.295e-11
-2.2225e-11
-2.4225e-11
-2.3149999e-11
-2.27e-11
-2.2524999e-11
-2.1324999e-11
-2.1849999e-11
-2.3099999e-11
-2.1224999e-11
-2.3149999e-11
-2.1849999e-11
-2.3075e-11
-2.295e-11
-2.1775e-11
-2.2125e-11
-2.3199999e-11
-2.3449999e-11
-2.28e-11
-2.2624999e-11
-1.8999999e-11
-2.3199999e-11
-2.3149999e-11
-2.2149999e-11
-2.3924999e-11
-2.2324999e-11
-2.2999999e-11
-2.2199999e-11
-2.2925e-11
-2.3199999e-11
-2.385e-11
-2.2925e-11
-2.2275e-11
-2.1699999e-11
-2.1675e-11
-2.2975e-11
-2.2474999e-11
-2.1625e-11
-2.2175e-11
-2.13e-11
-2.2774999e-11
-2.25e-11
-2.2374999e-11
-2.2925e-11
-2.1324999e-11
-2.1925e-11
-2.1875e-11
-2.1274999e-11
-2.2175e-11
-2.3425e-11
-2.275e-11
-2.0825e-11
-2.2674999e-11
-2.1324999e-11
-2.13e-11
-2.1875e-11
-2.28e-11
-2.3075e-11
-2.0775e-11
-2.1949999e-11
-2.1725e-11
-2.0775e-11
-2.385e-11
-2.2524999e-11
-2.1749999e-11
-2.2474999e-11
-2.2149999e-11
-2.13e-11
-2.3449999e-11
-2.275e-11
-2.295e-11
-2.2975e-11
-2.2774999e-11
-2.26e-11
-2.2824999e-11
-2.295e-11
-2.165e-11
-2.27e-11
-2.2424999e-11
-2.2175e-11
-2.255e-11
-2.3075e-11
-2.2175e-11
-2.26e-11
-2.0825e-11
-2.3349999e-11
-2.285e-11
-2.2225e-11
-1.9824999e-11
-2.3275e-11
-2.1574999e-11
-2.255e-11
-2.2824999e-11
-2.2674999e-11
-2.3025e-11
-2.105e-11
-2.3175e-11
-2.1124999e-11
-2.265e-11
-2.3199999e-11
-2.26e-11
-2.1174999e-11
-2.36e-11
-2.2125e-11
-2.23e-11
-2.295e-11
-2.3175e-11
-2.2175e-11
-2.2824999e-11
-2.14e-11
-2.2374999e-11
-2.3049999e-11
-2.0525e-11
-2.39e-11
-2.27e-11
-2.115e-11
-2.225e-11
-2.4175001e-11
-2.1124999e-11
-2.2099999e-11
-2.1825e-11
-2.1124999e-11
-2.1024999e-11
-2.27e-11
-2.2374999e-11
-2.2424999e-11
-2.1899999e-11
-2.295e-11
-2.1975e-11
-2.1949999e-11
-2.2025e-11
-2.2275e-11
-2.2524999e-11
-2.3299999e-11
-2.2374999e-11
-2.1749999e-11
-2.1799999e-11
-2.16e-11
-2.3425e-11
-2.3824999e-11
-2.2099999e-11
-2.285e-11
-2.245e-11
-2.2275e-11
-2.1474999e-11
-2.3249999e-11
-2.26e-11
-2.0449999e-11
-2.1424999e-11
-2.2824999e-11
-2.365e-11
-2.165e-11
-2.1524999e-11
-2.115e-11
-2.2774999e-11
-2.115e-11
-2.3974999e-11
-2.2524999e-11
-2.255e-11
-2.265e-11
-2.23e-11
-2.1875e-11
-2.13e-11
-2.1925e-11
-2.2049999e-11
-2.155e-11
-2.2374999e-11
-2.29e-11
-2.11e-11
-2.115e-11
-2.1675e-11
-2.3049999e-11
-2.165e-11
-2.275e-11
-2.375e-11
-2.2975e-11
-2.27e-11
-2.1849999e-11
-2.1524999e-11
-2.1925e-11
-2.2275e-11
-2.1949999e-11
-2.2374999e-11
-2.1024999e-11
-2.2624999e-11
-2.1799999e-11
-2.285e-11
-2.0849999e-11
-2.3049999e-11
-2.165e-11
-2.0675e-11
-2.1024999e-11
-2.1574999e-11
-2.235e-11
-2.2674999e-11
-2.15e-11
-2.1699999e-11
-2.1849999e-11
-2.3674999e-11
-2.1949999e-11
-2.2374999e-11
-2.1224999e-11
-2.1725e-11
-2.2524999e-11
-2.145e-11
-2.265e-11
-2.1699999e-11
-2.23e-11
-2.2149999e-11
-2.3225e-11
-2.1875e-11
-2.2674999e-11
-2.1699999e-11
-2.3225e-11
-2.2824999e-11
-2.16e-11
-2.1775e-11
-2.2324999e-11
-2.3225e-11
-2.1474999e-11
-2.3475e-11
-2.285e-11
-2.2724999e-11
-2.275e-11
-2.2724999e-11
-2.37e-11
-2.2774999e-11
-2.1975e-11
-2.1999999e-11
-2.2524999e-11
-2.0949999e-11
-2.255e-11
-2.2049999e-11
-2.285e-11
-2.2999999e-11
-2.2524999e-11
-2.1274999e-11
-2.25e-11
-2.2225e-11
-2.0349999e-11
-2.3199999e-11
-2.1799999e-11
-1.995e-11
-2.125e-11
-2.1949999e-11
-2.245e-11
-2.2099999e-11
-2.2175e-11
-2.2125e-11
-2.1524999e-11
-2.1224999e-11
-2.115e-11
-2.3674999e-11
-2.2025e-11
-2.1899999e-11
-2.2674999e-11
-2.2075e-11
-2.14e-11
-2.2424999e-11
-2.225e-11
-2.2724999e-11
-2.235e-11
-2.16e-11
-2.29e-11
-2.1524999e-11
-2.2424999e-11
-2.255e-11
-2.225e-11
-2.2774999e-11
-2.3099999e-11
-2.2975e-11
-2.4125001e-11
-2.1799999e-11
-2.2925e-11
-2.245e-11
-2.2975e-11
-2.3575e-11
-2.14e-11
-2.24e-11
-2.26e-11
-2.3149999e-11
-2.285e-11
-2.1424999e-11
-2.1875e-11
-2.2275e-11
-2.2724999e-11
-2.3325e-11
-2.2574999e-11
-2.37e-11
-2.135e-11
-2.2149999e-11
-2.27e-11
-2.1775e-11
-2.2524999e-11
-2.1999999e-11
-2.4525e-11
-2.3399999e-11
-2.23e-11
-2.3349999e-11
-2.1625e-11
-2.28e-11
-2.24e-11
-2.1999999e-11
-2.2674999e-11
-2.295e-11
-2.3500001e-11
-2.2324999e-11
-2.0875e-11
-2.1899999e-11
-2.1675e-11
-2.4024999e-11
-2.2975e-11
-2.2574999e-11
-2.3249999e-11
-2.2199999e-11
-2.0274999e-11
-2.225e-11
-2.2049999e-11
-2.1775e-11
-2.3175e-11
-2.225e-11
-2.135e-11
-2.1875e-11
-2.3349999e-11
-2.3525e-11
-2.2225e-11
-2.1799999e-11
-2.3149999e-11
-2.2275e-11
-2.1474999e-11
-2.165e-11
-2.2424999e-11
-2.3025e-11
-2.1975e-11
-2.3375e-11
-2.3924999e-11
-2.1999999e-11
-2.3225e-11
-2.2624999e-11
-2.2875001e-11
-2.2975e-11
-2.1999999e-11
-2.4275e-11
-2.3225e-11
-2.2125e-11
-2.1849999e-11
-2.235e-11
-2.3225e-11
-2.28e-11
-2.4175001e-11
-2.385e-11
-2.225e-11
-2.2374999e-11
-2.2724999e-11
-2.1675e-11
-2.3375e-11
-2.0599999e-11
-2.0549999e-11
-2.1524999e-11
-2.2374999e-11
-1.9874999e-11
-2.1274999e-11
-2.1424999e-11
-2.1625e-11
-2.2125e-11
-2.27e-11
-2.2374999e-11
-1.9549999e-11
-2.105e-11
-2.1775e-11
-2.0699999e-11
-2.1925e-11
-2.1699999e-11
-2.005e-11
-2.2574999e-11
-2.0849999e-11
-2.2374999e-11
-2.0925e-11
-2.1949999e-11
-2.0725e-11
-2.235e-11
-2.245e-11
-2.165e-11
-2.25e-11
-2.1024999e-11
-2.26e-11
-2.1999999e-11
-2.1699999e-11
-2.225e-11
-2.1675e-11
-2.0449999e-11
-2.0775e-11
-2.165e-11
-2.105e-11
-2.0349999e-11
-1.8974999e-11
-2.155e-11
-2.3525e-11
-2.0949999e-11
-2.1725e-11
-2.23e-11
-2.2999999e-11
-2.125e-11
-2.2624999e-11
-2.115e-11
-2.1999999e-11
-2.28e-11
-2.125e-11
-2.225e-11
-2.1474999e-11
-2.0775e-11
-2.2075e-11
-2.2025e-11
-2.25e-11
-2.1725e-11
-2.245e-11
-2.28e-11
-2.1899999e-11
-2.0899999e-11
-2.255e-11
-2.1474999e-11
-2.115e-11
-2.11e-11
-2.0849999e-11
-2.3575e-11
-2.1625e-11
-2.37e-11
-2.1899999e-11
-2.1324999e-11
-2.2624999e-11
-2.0825e-11
-2.1374999e-11
-2.2999999e-11
-2.11e-11
-2.1675e-11
-2.145e-11
-2.1675e-11
-2.1975e-11
-2.1474999e-11
-2.28e-11
-2.0675e-11
-2.1775e-11
-2.25e-11
-2.105e-11
-2.23e-11
-2.2975e-11
-2.1799999e-11
-2.1949999e-11
-2.16e-11
-2.1675e-11
-2.3824999e-11
-2.0899999e-11
-2.2374999e-11
-2.2925e-11
-2.145e-11
-2.2025e-11
-2.24e-11
-2.1899999e-11
-2.0975e-11
-1.98e-11
-2.2374999e-11
-2.0749999e-11
-2.0949999e-11
-2.1699999e-11
-2.1825e-11
-2.1775e-11
-2.0899999e-11
-2.0849999e-11
-2.0949999e-11
-2.1024999e-11
-2.2125e-11
-2.1474999e-11
-2.0349999e-11
-2.255e-11
-2.1124999e-11
-2.0899999e-11
-2.1775e-11
-2.235e-11
-2.1699999e-11
-2.0899999e-11
-2.2524999e-11
-2.1524999e-11
-2.2724999e-11
-2.1224999e-11
-2.1975e-11
-2.1625e-11
-2.2049999e-11
-2.3199999e-11
-2.3625e-11
-2.3075e-11
-2.2824999e-11
-2.0475e-11
-2.225e-11
-2.0224999e-11
-2.3049999e-11
-2.23e-11
-2.0699999e-11
-2.0625e-11
-2.2824999e-11
-2.2774999e-11
-2.3075e-11
-2.1949999e-11
-2.2025e-11
-2.1224999e-11
-2.3099999e-11
-2.0975e-11
-2.025e-11
-2.26e-11
-2.13e-11
-2.1374999e-11
-2.3525e-11
-2.2149999e-11
-2.1725e-11
-2.2524999e-11
-2.2975e-11
-2.2099999e-11
-2.2875001e-11
-2.1699999e-11
-2.11e-11
-2.3299999e-11
-2.1775e-11
-2.3824999e-11
-2.0775e-11
-2.2574999e-11
-2.2724999e-11
-2.23e-11
-2.0875e-11
-2.3824999e-11
-2.0525e-11
-2.2925e-11
-2.275e-11
-2.2999999e-11
-2.2275e-11
-2.355e-11
-2.155e-11
-2.155e-11
-2.0425e-11
-2.225e-11
-2.1975e-11
-2.26e-11
-2.1625e-11
-2.3525e-11
-2.2025e-11
-2.2199999e-11
-2.0749999e-11
-2.26e-11
-2.2474999e-11
-2.23e-11
-2.3724999e-11
-2.0749999e-11
-2.235e-11
-2.125e-11
-2.4225e-11
-2.3075e-11
-2.1799999e-11
-2.1424999e-11
-2.1849999e-11
-2.2324999e-11
-2.1675e-11
-2.1324999e-11
-1.975e-11
-2.1024999e-11
-2.0649999e-11
-2.2674999e-11
-2.1324999e-11
-2.1799999e-11
-2.1074999e-11
-2.1849999e-11
-2.1949999e-11
-2.2324999e-11
-2.1849999e-11
-2.3149999e-11
-2.2674999e-11
-2.3974999e-11
-2.1524999e-11
-2.2999999e-11
-2.3874999e-11
-2.16e-11
-2.145e-11
-2.115e-11
-2.2025e-11
-2.235e-11
-2.1675e-11
-2.2374999e-11
-2.3275e-11
-2.2674999e-11
-2.2149999e-11
-2.1749999e-11
-2.3275e-11
-2.0599999e-11
-2.255e-11
-2.275e-11
-2.3475e-11
-2.2524999e-11
-2.2824999e-11
-2.255e-11
-2.1474999e-11
-2.0475e-11
-2.2199999e-11
-2.265e-11
-2.2125e-11
-2.3099999e-11
-2.2574999e-11
-2.1899999e-11
-2.2225e-11
-2.43e-11
-2.3199999e-11
-2.1625e-11
-2.2049999e-11
-2.43e-11
-2.1999999e-11
-2.3299999e-11
-2.3249999e-11
-2.135e-11
-2.3049999e-11
-2.3449999e-11
-2.24e-11
-2.2275e-11
-2.1849999e-11
-2.1949999e-11
-2.1949999e-11
-2.24e-11
-2.3199999e-11
-2.1e-11
-2.1699999e-11
-2.2225e-11
-2.1899999e-11
-2.2925e-11
-2.1899999e-11
-2.0949999e-11
-2.0649999e-11
-2.3049999e-11
-2.1675e-11
-2.11e-11
-2.245e-11
-2.2374999e-11
-2.2175e-11
-2.115e-11
-2.15e-11
-2.1574999e-11
-2.27e-11
-2.295e-11
-2.2025e-11
-2.015e-11
-2.2524999e-11
-2.12e-11
-2.1424999e-11
-2.145e-11
-2.3125e-11
-2.1899999e-11
-2.1949999e-11
-2.2125e-11
-2.1524999e-11
-2.2374999e-11
-2.0575e-11
-2.3175e-11
-2.0799999e-11
-2.13e-11
-2.2149999e-11
-2.2724999e-11
-2.28e-11
-2.1024999e-11
-2.1574999e-11
-2.26e-11
-2.0475e-11
-2.0949999e-11
-2.1849999e-11
-2.1174999e-11
-2.24e-11
-2.1825e-11
-2.165e-11
-2.0525e-11
-2.14e-11
-2.2075e-11
-2.0925e-11
-2.2574999e-11
-1.9774999e-11
-2.11e-11
-2.0575e-11
-2.2075e-11
-2.1799999e-11
-2.1999999e-11
-2.0649999e-11
-2.15e-11
-2.0799999e-11
-2.0649999e-11
-2.1699999e-11
-2.28e-11
-2.1474999e-11
-2.24e-11
-2.23e-11
-2.0899999e-11
-2.2724999e-11
-2.2125e-11
-2.03e-11
-2.1849999e-11
-2.1699999e-11
-2.0799999e-11
-2.1699999e-11
-1.9275e-11
-2.1899999e-11
-2.1975e-11
-2.3025e-11
-2.12e-11
-2.24e-11
-2.1324999e-11
-2.2374999e-11
-2.0799999e-11
-2.1024999e-11
-2.0899999e-11
-2.15e-11
-2.28e-11
-2.0949999e-11
-2.1e-11
-2.2175e-11
-2.0649999e-11
-2.1324999e-11
-2.1749999e-11
-2.37e-11
-2.1799999e-11
-2.2999999e-11
-2.2474999e-11
-2.1e-11
-2.1949999e-11
-2.3075e-11
-2.225e-11
-2.3199999e-11
-2.0549999e-11
-2.1899999e-11
-2.14e-11
-2.2324999e-11
-2.2225e-11
-2.1224999e-11
-2.2199999e-11
-2.1925e-11
-2.1024999e-11
-2.37e-11
-2.2275e-11
-2.2474999e-11
-2.2149999e-11
-2.2724999e-11
-2.3149999e-11
-2.0875e-11
-2.0675e-11
-2.2275e-11
-2.1124999e-11
-2.14e-11
-2.1574999e-11
-2.1849999e-11
-2.0975e-11
-2.1699999e-11
-2.2025e-11
-2.15e-11
-2.2724999e-11
-2.2975e-11
-2.0549999e-11
-2.1074999e-11
-2.0949999e-11
-2.165e-11
-2.3425e-11
-2.1999999e-11
-2.3149999e-11
-2.1474999e-11
-2.1875e-11
-2.1324999e-11
-2.0849999e-11
-2.1124999e-11
-2.2474999e-11
-2.135e-11
-2.1925e-11
-2.36e-11
-2.1875e-11
-2.0799999e-11
-2.115e-11
-2.27e-11
-2.1825e-11
-2.265e-11
-2.1899999e-11
-2.25e-11
-2.1799999e-11
-2.135e-11
-2.1775e-11
-2.125e-11
-2.2025e-11
-2.1949999e-11
-2.0675e-11
-2.0949999e-11
-2.1949999e-11
-2.2099999e-11
-2.1725e-11
-2.1875e-11
-2.1875e-11
-2.145e-11
-2.2099999e-11
-1.9974999e-11
-2.1999999e-11
-2.2324999e-11
-2.1574999e-11
-2.3149999e-11
-2.165e-11
-2.0749999e-11
-2.28e-11
-2.155e-11
-2.1424999e-11
-2.255e-11
-2.1825e-11
-2.295e-11
-2.1524999e-11
-2.2574999e-11
-2.2275e-11
-2.2049999e-11
-2.0349999e-11
-2.115e-11
-2.25e-11
-2.255e-11
-2.2025e-11
-2.3099999e-11
-2.3249999e-11
-2.2875001e-11
-2.1424999e-11
-2.1124999e-11
-2.2574999e-11
-2.2574999e-11
-2.3149999e-11
-2.2125e-11
-2.2474999e-11
-2.11e-11
-2.4675e-11
-2.105e-11
-2.2099999e-11
-2.1424999e-11
-2.145e-11
-2.2175e-11
-2.13e-11
-2.1749999e-11
-2.2225e-11
-2.24e-11
-2.295e-11
-2.285e-11
-2.1524999e-11
-2.2324999e-11
-2.3924999e-11
-2.145e-11
-2.255e-11
-2.2199999e-11
-2.115e-11
-2.0849999e-11
-2.1124999e-11
-2.2199999e-11
-2.255e-11
-2.1699999e-11
-2.3025e-11
-2.1074999e-11
-2.285e-11
-2.3049999e-11
-2.0449999e-11
-2.29e-11
-2.36e-11
-2.1949999e-11
-2.2025e-11
-2.13e-11
-2.2149999e-11
-2.1625e-11
-2.2925e-11
-2.1474999e-11
-2.2049999e-11
-2.3075e-11
-2.0649999e-11
-2.265e-11
-2.3225e-11
-2.1374999e-11
-2.3425e-11
-2.2049999e-11
-2.235e-11
-2.27e-11
-2.2175e-11
-2.1699999e-11
-2.295e-11
-2.2774999e-11
-2.24e-11
-2.0499999e-11
-2.1799999e-11
-2.26e-11
-2.25e-11
-2.0649999e-11
-2.1224999e-11
-2.0899999e-11
-2.15e-11
-2.3275e-11
-2.1574999e-11
-2.2225e-11
-2.3099999e-11
-2.235e-11
-2.135e-11
-2.15e-11
-2.16e-11
-2.145e-11
-2.1574999e-11
-2.245e-11
-2.1775e-11
-2.355e-11
-2.13e-11
-2.28e-11
-2.025e-11
-2.0749999e-11
-2.3674999e-11
-2.1925e-11
-2.2574999e-11
-2.1749999e-11
-2.3724999e-11
-2.2824999e-11
-2.3475e-11
-2.1274999e-11
-2.0599999e-11
-2.3824999e-11
-2.3199999e-11
-2.2875001e-11
-2.415e-11
-2.1524999e-11
-2.4225e-11
-2.1625e-11
-2.2149999e-11
-2.1224999e-11
-2.2999999e-11
-2.2975e-11
-2.37e-11
-2.26e-11
-2.2125e-11
-2.11e-11
-2.4699999e-11
-2.2824999e-11
-2.355e-11
-2.2374999e-11
-2.3299999e-11
-2.2925e-11
-2.1725e-11
-2.36e-11
-2.3149999e-11
-2.28e-11
-2.2975e-11
-2.2049999e-11
-2.1849999e-11
-2.1925e-11
-2.23e-11
-2.26e-11
-2.1999999e-11
-2.28e-11
-2.3349999e-11
-2.15e-11
-2.28e-11
-2.2674999e-11
-2.165e-11
-2.275e-11
-2.1274999e-11
-2.4449999e-11
-2.24e-11
-2.3774999e-11
-2.365e-11
-2.2125e-11
-2.1899999e-11
-2.2199999e-11
-2.15e-11
-2.28e-11
-2.1749999e-11
-2.1675e-11
-2.25e-11
-2.115e-11
-2.0575e-11
-2.1324999e-11
-2.1999999e-11
-2.2275e-11
-2.2075e-11
-2.1675e-11
-2.245e-11
-2.1875e-11
-2.29e-11
-2.3075e-11
-2.0449999e-11
-2.1074999e-11
-2.1224999e-11
-2.1474999e-11
-2.2474999e-11
-2.02e-11
-2.3275e-11
-2.1999999e-11
-2.1725e-11
-2.29e-11
-2.2025e-11
-2.105e-11
-2.1949999e-11
-2.0899999e-11
-2.1474999e-11
-2.1999999e-11
-2.285e-11
-2.3175e-11
-2.2275e-11
-2.2674999e-11
-2.1825e-11
-2.2574999e-11
-2.0625e-11
-2.28e-11
-2.125e-11
-2.1825e-11
-2.0825e-11
-2.0749999e-11
-2.1825e-11
-2.16e-11
-2.26e-11
-2.1574999e-11
-2.2724999e-11
-2.37e-11
-2.1799999e-11
-2.3399999e-11
-2.2125e-11
-2.1675e-11
-2.29e-11
-2.1224999e-11
-2.1975e-11
-2.2824999e-11
-2.24e-11
-2.29e-11
-2.2025e-11
-2.2524999e-11
-2.2824999e-11
-2.11e-11
-2.1999999e-11
-2.3025e-11
-2.115e-11
-2.1324999e-11
-2.1374999e-11
-2.2474999e-11
-2.2524999e-11
-2.1699999e-11
-2.2374999e-11
-2.0775e-11
-2.1775e-11
-2.3099999e-11
-2.0975e-11
-2.2099999e-11
-2.11e-11
-2.3099999e-11
-2.1274999e-11
-2.3025e-11
-2.2149999e-11
-2.2175e-11
-2.235e-11
-2.2374999e-11
-2.2999999e-11
-2.105e-11
-2.2925e-11
-2.2275e-11
-2.4024999e-11
-2.295e-11
-2.1e-11
-2.1799999e-11
-2.2275e-11
-2.1799999e-11
-2.2774999e-11
-1.975e-11
-2.2975e-11
-2.225e-11
-2.2424999e-11
-2.1524999e-11
-2.1374999e-11
-2.0849999e-11
-2.355e-11
-2.285e-11
-1.9149999e-11
-2.0825e-11
-2.1749999e-11
-2.1699999e-11
-2.225e-11
-2.0899999e-11
-2.2724999e-11
-2.1749999e-11
-2.2049999e-11
-2.255e-11
-2.1725e-11
-2.1725e-11
-2.0975e-11
-2.0399999e-11
-2.0749999e-11
-2.165e-11
-2.1825e-11
-2.275e-11
-2.2025e-11
-2.0775e-11
-2.2875001e-11
-1.9625e-11
-2.2474999e-11
-2.1074999e-11
-2.2049999e-11
-2.2075e-11
-2.1424999e-11
-2.2149999e-11
-2.135e-11
-2.265e-11
-2.2674999e-11
-2.3225e-11
-2.3299999e-11
-2.1875e-11
-2.275e-11
-2.2275e-11
-2.1749999e-11
-2.3175e-11
-2.25e-11
-2.2199999e-11
-2.155e-11
-2.1825e-11
-2.2574999e-11
-2.3149999e-11
-2.2574999e-11
-2.2925e-11
-2.3625e-11
-2.2474999e-11
-2.2975e-11
-2.245e-11
-2.1574999e-11
-2.23e-11
-2.3225e-11
-2.3099999e-11
-2.1849999e-11
-2.2674999e-11
-2.3375e-11
-2.3075e-11
-2.3325e-11
-2.1849999e-11
-2.1949999e-11
-2.145e-11
-2.1875e-11
-2.1949999e-11
-2.15e-11
-2.1799999e-11
-2.2925e-11
-2.285e-11
-2.2049999e-11
-2.2574999e-11
-2.1699999e-11
-2.1749999e-11
-2.2025e-11
-2.225e-11
-2.2524999e-11
-2.15e-11
-2.2774999e-11
-2.2574999e-11
-2.2674999e-11
-2.1925e-11
-2.2075e-11
-2.3275e-11
-2.1675e-11
-2.1574999e-11
-2.0599999e-11
-2.24e-11
-2.2774999e-11
-2.2075e-11
-2.1374999e-11
-2.0224999e-11
-2.1699999e-11
-2.2574999e-11
-2.1174999e-11
-2.1899999e-11
-2.0849999e-11
-2.1875e-11
-2.0699999e-11
-2.1324999e-11
-2.26e-11
-2.24e-11
-2.1775e-11
-2.2099999e-11
-2.1825e-11
-2.1574999e-11
-2.2125e-11
-2.3149999e-11
-2.0799999e-11
-2.13e-11
-2.1274999e-11
-2.1574999e-11
-2.1849999e-11
-2.2149999e-11
-2.2424999e-11
-2.1424999e-11
-2.3325e-11
-2.0799999e-11
-2.165e-11
-2.2099999e-11
-2.2149999e-11
-2.2149999e-11
-2.2374999e-11
-2.1825e-11
-2.1625e-11
-2.0675e-11
-2.3175e-11
-2.1725e-11
-2.2099999e-11
-2.1725e-11
-2.16e-11
-2.115e-11
-2.105e-11
-2.2524999e-11
-2.2624999e-11
-2.2674999e-11
-2.2824999e-11
-2.27e-11
-2.3049999e-11
-2.1999999e-11
-2.0925e-11
-2.1625e-11
-2.26e-11
-2.105e-11
-2.285e-11
-2.26e-11
-2.275e-11
-2.2925e-11
-2.1825e-11
-2.3575e-11
-2.2149999e-11
-2.1174999e-11
-2.23e-11
-2.2474999e-11
-2.1424999e-11
-2.3125e-11
-2.2225e-11
-2.1825e-11
-2.29e-11
-2.2075e-11
-2.2374999e-11
-2.2099999e-11
-2.1725e-11
-2.2424999e-11
-2.25e-11
-2.1875e-11
-2.295e-11
-2.2875001e-11
-2.2975e-11
-2.0725e-11
-2.24e-11
-2.25e-11
-2.1775e-11
-2.0725e-11
-2.0549999e-11
-2.1725e-11
-2.1749999e-11
-2.2474999e-11
-2.0799999e-11
-2.1799999e-11
-2.2824999e-11
-2.12e-11
-2.3025e-11
-2.16e-11
-2.0899999e-11
-2.2574999e-11
-2.3249999e-11
-2.13e-11
-2.0849999e-11
-2.0875e-11
-2.1999999e-11
-2.1949999e-11
-2.0799999e-11
-2.2474999e-11
-2.1999999e-11
-1.9649999e-11
-2.1224999e-11
-2.1725e-11
-2.1174999e-11
-2.165e-11
-2.0925e-11
-2.1899999e-11
-2.145e-11
-2.0224999e-11
-2.225e-11
-2.0949999e-11
-2.1374999e-11
-2.2374999e-11
-2.2099999e-11
-2.13e-11
-2.23e-11
-2.0899999e-11
-2.24e-11
-1.995e-11
-2.135e-11
-2.0499999e-11
-2.2824999e-11
-2.2199999e-11
-2.16e-11
-1.98e-11
-2.0925e-11
-2.1975e-11
-2.1725e-11
-2.2099999e-11
-2.0725e-11
-2.1574999e-11
-2.125e-11
-2.23e-11
-2.13e-11
-2.1899999e-11
-2.225e-11
-2.135e-11
-2.0975e-11
-2.1749999e-11
-2.14e-11
-2.0699999e-11
-2.1574999e-11
-2.29e-11
-2.1274999e-11
-2.1949999e-11
-2.1675e-11
-2.2125e-11
-2.1749999e-11
-2.1899999e-11
-2.1899999e-11
-2.0925e-11
-2.225e-11
-2.0975e-11
-2.3175e-11
-2.1699999e-11
-2.2574999e-11
-2.0399999e-11
-2.225e-11
-1.9549999e-11
-2.135e-11
-2.155e-11
-2.0975e-11
-2.24e-11
-2.0775e-11
-2.2674999e-11
-2.155e-11
-2.1625e-11
-2.0949999e-11
-2.2324999e-11
-2.1849999e-11
-2.2275e-11
-2.1574999e-11
-2.2275e-11
-2.0925e-11
-2.2075e-11
-2.255e-11
-2.235e-11
-2.1749999e-11
-2.2774999e-11
-2.1524999e-11
-2.1675e-11
-2.1725e-11
-2.1975e-11
-2.275e-11
-2.2724999e-11
-2.1999999e-11
-2.125e-11
-2.1224999e-11
-2.0575e-11
-2.295e-11
-2.1324999e-11
-2.2125e-11
-2.3375e-11
-2.24e-11
-2.135e-11
-2.0849999e-11
-2.1975e-11
-2.1474999e-11
-2.1474999e-11
-2.2225e-11
-2.0599999e-11
-2.2824999e-11
-2.0174999e-11
-2.1274999e-11
-2.1999999e-11
-2.0825e-11
-2.125e-11
-2.0449999e-11
-2.005e-11
-2.245e-11
-2.2574999e-11
-2.24e-11
-2.2275e-11
-2.0899999e-11
-2.1975e-11
-2.1675e-11
-2.3625e-11
-2.15e-11
-2.1749999e-11
-2.0649999e-11
-2.2075e-11
-2.2824999e-11
-2.1899999e-11
-2.1849999e-11
-2.23e-11
-1.9649999e-11
-2.295e-11
-2.1775e-11
-2.2225e-11
-2.1749999e-11
-2.115e-11
-2.245e-11
-2.265e-11
-2.15e-11
-2.1424999e-11
-2.3399999e-11
-2.0749999e-11
-2.105e-11
-2.1574999e-11
-2.29e-11
-2.12e-11
-2.2875001e-11
-2.1799999e-11
-2.2175e-11
-2.3299999e-11
-2.3500001e-11
-2.2275e-11
-2.265e-11
-2.13e-11
-2.3500001e-11
-2.3375e-11
-2.3099999e-11
-2.1749999e-11
-2.2125e-11
-2.265e-11
-2.1949999e-11
-2.2574999e-11
-2.37e-11
-2.26e-11
-2.2199999e-11
-2.1675e-11
-2.1749999e-11
-2.2324999e-11
-2.2049999e-11
-2.1849999e-11
-2.225e-11
-2.37e-11
-2.2199999e-11
-2.1675e-11
-2.1e-11
-2.1775e-11
-2.3525e-11
-2.0675e-11
-2.24e-11
-2.245e-11
-2.225e-11
-2.1424999e-11
-2.2199999e-11
-2.2824999e-11
-2.2099999e-11
-2.2975e-11
-2.2324999e-11
-2.2374999e-11
-2.3199999e-11
-2.1699999e-11
-2.2975e-11
-2.0775e-11
-2.2099999e-11
-2.1725e-11
-2.3774999e-11
-2.1925e-11
-2.235e-11
-2.1825e-11
-2.155e-11
-2.255e-11
-2.0349999e-11
-2.3525e-11
-2.2199999e-11
-2.2724999e-11
-2.2875001e-11
-2.3175e-11
-2.2474999e-11
-2.165e-11
-2.2374999e-11
-2.25e-11
-2.2275e-11
-2.0849999e-11
-2.1e-11
-2.2225e-11
-2.11e-11
-2.2724999e-11
-2.2324999e-11
-2.1274999e-11
-2.0925e-11
-2.1849999e-11
-2.1975e-11
-2.2125e-11
-2.1699999e-11
-2.3275e-11
-2.1799999e-11
-2.1374999e-11
-2.295e-11
-2.1925e-11
-2.2975e-11
-2.0799999e-11
-2.1625e-11
-2.1899999e-11
-2.2424999e-11
-2.145e-11
-2.255e-11
-2.155e-11
-2.1274999e-11
-2.12e-11
-2.0599999e-11
-2.1374999e-11
-2.2524999e-11
-2.1424999e-11
-2.2324999e-11
-2.13e-11
-2.1899999e-11
-2.245e-11
-2.1749999e-11
-2.0825e-11
-2.1274999e-11
-2.2025e-11
-2.0675e-11
-2.28e-11
-2.1749999e-11
-2.2075e-11
-2.28e-11
-2.1374999e-11
-2.25e-11
-2.1574999e-11
-2.2099999e-11
-2.0425e-11
-2.12e-11
-2.1124999e-11
-2.0925e-11
-2.1424999e-11
-2.3774999e-11
-2.1699999e-11
-2.2624999e-11
-2.1174999e-11
-2.145e-11
-2.1925e-11
-2.2049999e-11
-2.0849999e-11
-2.11e-11
-2.0849999e-11
-2.1374999e-11
-2.1124999e-11
-2.3175e-11
-2.1899999e-11
-2.2424999e-11
-2.1775e-11
-2.23e-11
-2.1975e-11
-2.125e-11
-2.1899999e-11
-2.165e-11
-2.1999999e-11
-2.26e-11
-2.1749999e-11
-2.0725e-11
-2.1324999e-11
-2.2149999e-11
-2.1124999e-11
-2.2125e-11
-2.0699999e-11
-2.1799999e-11
-2.0849999e-11
-2.0675e-11
-2.14e-11
-2.0675e-11
-2.1949999e-11
-2.0799999e-11
-2.1999999e-11
-2.285e-11
-2.1274999e-11
-2.135e-11
-2.2075e-11
-2.2075e-11
-2.15e-11
-2.1524999e-11
-2.2975e-11
-2.2175e-11
-2.1324999e-11
-2.225e-11
-2.015e-11
-2.0825e-11
-2.145e-11
-2.1925e-11
-2.225e-11
-2.2225e-11
-2.145e-11
-2.105e-11
-2.1825e-11
-2.1e-11
-2.0499999e-11
-2.1e-11
-2.245e-11
-2.1524999e-11
-2.0825e-11
-2.1749999e-11
-2.2199999e-11
-2.2374999e-11
-2.16e-11
-2.1474999e-11
-2.0399999e-11
-2.155e-11
-2.15e-11
-2.13e-11
-2.3025e-11
-2.2424999e-11
-2.1274999e-11
-2.11e-11
-2.1975e-11
-2.0975e-11
-2.3449999e-11
-2.26e-11
-2.115e-11
-2.1825e-11
-2.16e-11
-2.1849999e-11
-2.1949999e-11
-2.1424999e-11
-2.1949999e-11
-2.23e-11
-2.3625e-11
-2.1474999e-11
-2.2324999e-11
-2.27e-11
-2.01e-11
-2.3625e-11
-2.1999999e-11
-2.2374999e-11
-2.0449999e-11
-2.2674999e-11
-2.0925e-11
-2.2424999e-11
-2.2624999e-11
-2.0825e-11
-2.2049999e-11
-2.1474999e-11
-2.1925e-11
-2.2875001e-11
-2.1849999e-11
-2.1899999e-11
-2.2199999e-11
-2.1975e-11
-2.1524999e-11
-2.235e-11
-2.2925e-11
-2.255e-11
-2.145e-11
-2.1699999e-11
-2.0899999e-11
-2.1124999e-11
-2.0625e-11
-2.3625e-11
-2.15e-11
-2.2324999e-11
-2.1174999e-11
-2.1675e-11
-2.3025e-11
-2.2225e-11
-2.1625e-11
-2.1799999e-11
-2.1749999e-11
-2.0324999e-11
-2.0124999e-11
-2.28e-11
-2.165e-11
-2.13e-11
-2.2099999e-11
-2.3974999e-11
-2.15e-11
-2.2125e-11
-2.2125e-11
-2.13e-11
-2.0975e-11
-2.1899999e-11
-1.9349999e-11
-2.3724999e-11
-2.0575e-11
-2.1825e-11
-2.0599999e-11
-2.1725e-11
-2.1124999e-11
-2.1875e-11
-2.255e-11
-2.27e-11
-2.0549999e-11
-2.2574999e-11
-2.1899999e-11
-2.2099999e-11
-2.16e-11
-2.2724999e-11
-2.255e-11
-2.2049999e-11
-2.2674999e-11
-2.16e-11
-2.2099999e-11
-2.1174999e-11
-2.23e-11
-2.1875e-11
-2.0875e-11
-2.2574999e-11
-2.2724999e-11
-2.1625e-11
-2.0625e-11
-2.1424999e-11
-2e-11
-2.1474999e-11
-2.2225e-11
-2.0124999e-11
-2.1124999e-11
-2.0925e-11
-2.2574999e-11
-2.1949999e-11
-2.1925e-11
-2.155e-11
-2.1725e-11
-2.0799999e-11
-2.375e-11
-2.235e-11
-2.2875001e-11
-2.2674999e-11
-2.145e-11
-2.1849999e-11
-2.0775e-11
-2.105e-11
-2.2275e-11
-2.1e-11
-2.165e-11
-2.1074999e-11
-2.0875e-11
-2.23e-11
-2.26e-11
-2.1324999e-11
-2.0549999e-11
-2.115e-11
-2.2824999e-11
-2.03e-11
-2.3449999e-11
-2.1925e-11
-2.1625e-11
-2.225e-11
-2.2049999e-11
-2.15e-11
-1.975e-11
-2.23e-11
-2.2025e-11
-2.365e-11
-2.2149999e-11
-2.0549999e-11
-1.9549999e-11
-2.0174999e-11
-2.2025e-11
-2.2099999e-11
-2.115e-11
-2.2049999e-11
-2.1775e-11
-2.2149999e-11
-2.2225e-11
-2.1274999e-11
-2.1524999e-11
-2.2275e-11
-2.3075e-11
-2.105e-11
-2e-11
-2.1124999e-11
-2.1975e-11
-2.1024999e-11
-2.1174999e-11
-2.2275e-11
-2.2125e-11
-2.0975e-11
-2.11e-11
-2.1749999e-11
-2.13e-11
-2.1775e-11
-2.255e-11
-2.2149999e-11
-2.1675e-11
-1.9024999e-11
-2.1424999e-11
-2.0375e-11
-2.2099999e-11
-2.11e-11
-1.9625e-11
-2.255e-11
-2.1899999e-11
-2.11e-11
-2.12e-11
-2.16e-11
-2.1925e-11
-2.2925e-11
-2.015e-11
-2.0825e-11
-2.1725e-11
-2.1474999e-11
-2.0599999e-11
-2.1675e-11
-2.155e-11
-2.1e-11
-2.25e-11
-2.1775e-11
-2.145e-11
-2.1024999e-11
-2.29e-11
-2.125e-11
-2.26e-11
-2.165e-11
-2.2524999e-11
-2.14e-11
-2.03e-11
-2.165e-11
-2.2474999e-11
-2.1074999e-11
-2.0975e-11
-2.4024999e-11
-2.0599999e-11
-2.1799999e-11
-2.0599999e-11
-2.2975e-11
-2.1799999e-11
-2.2925e-11
-2.1975e-11
-2.2125e-11
-2.11e-11
-2.4599999e-11
-2.1574999e-11
-2.1875e-11
-2.3025e-11
-2.0899999e-11
-2.3175e-11
-2.2474999e-11
-2.2374999e-11
-2.1849999e-11
-2.2424999e-11
-2.225e-11
-2.2624999e-11
-2.1274999e-11
-2.3125e-11
-2.2225e-11
-2.1625e-11
-2.3299999e-11
-2.23e-11
-2.2524999e-11
-2.225e-11
-2.2925e-11
-2.29e-11
-2.1274999e-11
-2.2099999e-11
-2.2175e-11
-2.1074999e-11
-2.23e-11
-2.2099999e-11
-2.1725e-11
-2.3774999e-11
-2.1625e-11
-2.2574999e-11
-2.2125e-11
-2.1124999e-11
-2.2374999e-11
-2.115e-11
-2.245e-11
-2.1875e-11
-2.1899999e-11
-2.125e-11
-2.28e-11
-2.2049999e-11
-2.3125e-11
-2.115e-11
-2.3075e-11
-2.0425e-11
-2.1925e-11
-2.3175e-11
-2.125e-11
-2.0224999e-11
-2.14e-11
-2.0899999e-11
-2.225e-11
-2.2099999e-11
-2.2199999e-11
-2.15e-11
-2.115e-11
-2.4e-11
-2.1274999e-11
-2.0949999e-11
-2.115e-11
-2.2275e-11
-2.1374999e-11
-2.23e-11
-2.1474999e-11
-2.1899999e-11
-2.1849999e-11
-2.1875e-11
-2.155e-11
-2.235e-11
-2.1725e-11
-2.1374999e-11
-2.2975e-11
-2.3099999e-11
-2.225e-11
-2.2099999e-11
-2.2574999e-11
-2.2424999e-11
-2.3425e-11
-2.15e-11
-2.11e-11
-2.13e-11
-2.0575e-11
-2.1574999e-11
-2.25e-11
-2.13e-11
-2.2099999e-11
-2.0899999e-11
-2.15e-11
-2.0825e-11
-2.1799999e-11
-2.01e-11
-2.2524999e-11
-2.25e-11
-2.1e-11
-2.2199999e-11
-2.1524999e-11
-2.1775e-11
-2.0499999e-11
-2.1574999e-11
-2.1825e-11
-2.2199999e-11
-2.1625e-11
-2.2099999e-11
-2.165e-11
-2.235e-11
-2.2774999e-11
-2.2374999e-11
-2.115e-11
-2.1675e-11
-2.2025e-11
-2.2424999e-11
-2.1999999e-11
-2.225e-11
-2.0475e-11
-2.23e-11
-2.1524999e-11
-2.1825e-11
-2.3049999e-11
-2.1725e-11
-2.2674999e-11
-2.0675e-11
-2.1825e-11
-2.2175e-11
-2.1324999e-11
-2.28e-11
-2.24e-11
-2.2225e-11
-2.2099999e-11
-2.2474999e-11
-2.2824999e-11
-2.135e-11
-2.24e-11
-2.0224999e-11
-2.1875e-11
-2.165e-11
-2.0599999e-11
-2.3025e-11
-2.0549999e-11
-2.245e-11
-2.2999999e-11
-2.1799999e-11
-2.0625e-11
-2.145e-11
-2.2049999e-11
-2.155e-11
-2.225e-11
-2.3075e-11
-2.2999999e-11
-2.0699999e-11
-2.1524999e-11
-2.1074999e-11
-2.0549999e-11
-2.025e-11
-2.1174999e-11
-2.0749999e-11
-2.2999999e-11
-2.0975e-11
-2.0899999e-11
-1.9974999e-11
-2.1474999e-11
-2.0174999e-11
-2.0525e-11
-2.2424999e-11
-2.16e-11
-2.0749999e-11
-2.0375e-11
-2.255e-11
-2.01e-11
-2.1374999e-11
-2.145e-11
-2.23e-11
-2.2674999e-11
-2.285e-11
-2.155e-11
-2.16e-11
-1.9449999e-11
-2.165e-11
-2.155e-11
-2.1074999e-11
-2.1699999e-11
-2.15e-11
-2.15e-11
-2.0975e-11
-2.2624999e-11
-2.105e-11
-2.025e-11
-2.1574999e-11
-2.1474999e-11
-2.285e-11
-2.1699999e-11
-2.1675e-11
-2.1749999e-11
-2.3025e-11
-2.015e-11
-2.1775e-11
-2.2474999e-11
-2.1925e-11
-2.145e-11
-2.13e-11
-2.0949999e-11
-2.11e-11
-2.2824999e-11
-2.2674999e-11
-2.0849999e-11
-2.1999999e-11
-2.0675e-11
-2.2474999e-11
-2.235e-11
-2.1424999e-11
-2.2424999e-11
-2.0975e-11
-2.1949999e-11
-2.15e-11
-2.1975e-11
-2.3175e-11
-1.9199999e-11
-2.27e-11
-2.2724999e-11
-2.0425e-11
-2.1574999e-11
-2.295e-11
-2.1324999e-11
-2.245e-11
-2.0399999e-11
-2.1675e-11
-2.2474999e-11
-2.1699999e-11
-2.165e-11
-2.0499999e-11
-2.0549999e-11
-2.0949999e-11
-2.1925e-11
-2.1849999e-11
-2.1849999e-11
-2.005e-11
-2.1374999e-11
-2.0649999e-11
-2.1699999e-11
-2.0825e-11
-2.2199999e-11
-2.2875001e-11
-2.0599999e-11
-2.1324999e-11
-2.0675e-11
-2.12e-11
-2.0725e-11
-2.2199999e-11
-2.23e-11
-2.2225e-11
-1.9449999e-11
-2.145e-11
-2.1999999e-11
-2.0799999e-11
-2.155e-11
-2.1524999e-11
-2.3275e-11
-2.1975e-11
-2.0949999e-11
-2.0449999e-11
-2.255e-11
-2.1675e-11
-2.115e-11
-2.16e-11
-2.1124999e-11
-2.14e-11
-2.015e-11
-2.2374999e-11
-2.2275e-11
-2.0324999e-11
-2.2275e-11
-2.1775e-11
-2.14e-11
-2.2049999e-11
-2.1574999e-11
-2.11e-11
-2.3500001e-11
-2.125e-11
-1.9625e-11
-2.1174999e-11
-2.0649999e-11
-2.12e-11
-2.2149999e-11
-2.2324999e-11
-2.15e-11
-2.0649999e-11
-2.0725e-11
-2.1524999e-11
-2.1699999e-11
-2.1124999e-11
-2.1574999e-11
-2.2875001e-11
-1.9924999e-11
-2.2199999e-11
-2.1174999e-11
-2.165e-11
-2.2149999e-11
-2.1975e-11
-2.0875e-11
-1.9874999e-11
-2.145e-11
-2.155e-11
-2.1374999e-11
-2.1424999e-11
-2.1749999e-11
-2.0899999e-11
-2.23e-11
-2.0475e-11
-2.0124999e-11
-2.0649999e-11
-2.1849999e-11
-2.115e-11
-2e-11
-2.1124999e-11
-2.1975e-11
-2.1374999e-11
-2.13e-11
-2.1e-11
-1.9724999e-11
-2.025e-11
-2.0849999e-11
-2.0599999e-11
-2.2674999e-11
-2.1775e-11
-1.9974999e-11
-2.115e-11
-2.2624999e-11
-2.0699999e-11
-2.1625e-11
-2.0899999e-11
-2.1875e-11
-2.1474999e-11
-2.16e-11
-2.135e-11
-2.1574999e-11
-2.2099999e-11
-2.0399999e-11
-2.0649999e-11
-2.0849999e-11
-2.1224999e-11
-2.1174999e-11
-2.1875e-11
-2.11e-11
-2.2225e-11
-2.0499999e-11
-2.0499999e-11
-2.1899999e-11
-2.1875e-11
-2.2125e-11
-2.015e-11
-2.0324999e-11
-2.2524999e-11
-2.0575e-11
-2.155e-11
-2.1975e-11
-2.0324999e-11
-2.125e-11
-2.1775e-11
-2.1799999e-11
-1.9275e-11
-2.1574999e-11
-2.105e-11
-2.0849999e-11
-2.0675e-11
-2.115e-11
-2.0749999e-11
-2.0799999e-11
-2.0475e-11
-2.1124999e-11
-2.0399999e-11
-2.0925e-11
-2.2474999e-11
-2.115e-11
-2.16e-11
-2.1949999e-11
-2.0825e-11
-2.0324999e-11
-2.1174999e-11
-2.1e-11
-2.37e-11
-2.145e-11
-2.0925e-11
-2.0975e-11
-2.1875e-11
-2.1625e-11
-2.1574999e-11
-2.1324999e-11
-2.1124999e-11
-2.0949999e-11
-2.2175e-11
-2.0375e-11
-2.2025e-11
-2.0899999e-11
-2.13e-11
-2.155e-11
-2.2199999e-11
-2.1949999e-11
-2.2025e-11
-2.115e-11
-2.165e-11
-2.0799999e-11
-2.3275e-11
-2.1799999e-11
-2.25e-11
-2.0449999e-11
-2.1799999e-11
-2.2624999e-11
-2.1899999e-11
-2.125e-11
-2.25e-11
-2.145e-11
-2.165e-11
-2.285e-11
-2.1699999e-11
-2.1675e-11
-2.3225e-11
-2.1699999e-11
-2.1999999e-11
-2.27e-11
-2.24e-11
-2.0349999e-11
-2.0525e-11
-2.225e-11
-2.3724999e-11
-2.1574999e-11
-2.2175e-11
-1.995e-11
-2.25e-11
-2.105e-11
-2.1775e-11
-2.235e-11
-2.1999999e-11
-2.1749999e-11
-2.2925e-11
-2.25e-11
-2.1949999e-11
-2.11e-11
-2.13e-11
-2.1074999e-11
-2.1849999e-11
-2.12e-11
-2.2574999e-11
-2.26e-11
-2.1949999e-11
-2.225e-11
-2.24e-11
-2.1324999e-11
-2.2674999e-11
-2.0825e-11
-2.0799999e-11
-2.0649999e-11
-2.1849999e-11
-2.125e-11
-2.1925e-11
-2.1799999e-11
-2.1949999e-11
-2.295e-11
-2.23e-11
-2.1374999e-11
-2.12e-11
-2.115e-11
-2.0625e-11
-2.0575e-11
-2.1524999e-11
-2.0625e-11
-2.2149999e-11
-2.23e-11
-2.15e-11
-2.2324999e-11
-2.1749999e-11
-2.1825e-11
-2.1424999e-11
-2.3325e-11
-1.99e-11
-2.2774999e-11
-2.2724999e-11
-2.1775e-11
-2.1825e-11
-2.1925e-11
-2.1999999e-11
-2.1849999e-11
-2.1775e-11
-2.3774999e-11
-2.1899999e-11
-2.2149999e-11
-2.4499999e-11
-2.2824999e-11
-2.2474999e-11
-2.3375e-11
-2.3774999e-11
-2.2774999e-11
-2.3049999e-11
-2.2175e-11
-2.25e-11
-2.15e-11
-2.2424999e-11
-2.1274999e-11
-2.1574999e-11
-2.3199999e-11
-2.285e-11
-2.3349999e-11
-2.2275e-11
-2.2424999e-11
-2.1725e-11
-2.25e-11
-2.3049999e-11
-2.165e-11
-2.2149999e-11
-2.1899999e-11
-2.0925e-11
-2.23e-11
-2.23e-11
-2.145e-11
-2.24e-11
-2.1875e-11
-2.1775e-11
-2.2049999e-11
-2.0575e-11
-2.2474999e-11
-2.1574999e-11
-2.2199999e-11
-2.1675e-11
-2.1825e-11
-2.155e-11
-2.235e-11
-2.2049999e-11
-2.3025e-11
-2.1825e-11
-2.1775e-11
-2.1474999e-11
-2.1174999e-11
-2.2149999e-11
-2.2925e-11
-2.125e-11
-2.3325e-11
-2.015e-11
-2.15e-11
-2.1775e-11
-2.1775e-11
-1.9499999e-11
-2.3125e-11
-2.0349999e-11
-2.265e-11
-2.125e-11
-2.0599999e-11
-2.1749999e-11
-2.2125e-11
-2.03e-11
-2.1074999e-11
-2.1825e-11
-2.12e-11
-2.235e-11
-2.2199999e-11
-2.3249999e-11
-2.1625e-11
-2.36e-11
-2.1975e-11
-2.2774999e-11
-2.3500001e-11
-2.275e-11
-2.29e-11
-2.2774999e-11
-2.1849999e-11
-2.3399999e-11
-2.25e-11
-2.2324999e-11
-2.2824999e-11
-2.2225e-11
-2.365e-11
-2.1675e-11
-2.225e-11
-2.4725e-11
-2.285e-11
-2.1875e-11
-2.0975e-11
-2.3075e-11
-2.15e-11
-2.0525e-11
-2.2574999e-11
-2.1124999e-11
-2.3375e-11
-2.3375e-11
-2.1999999e-11
-2.1074999e-11
-2.2225e-11
-2.1274999e-11
-2.3275e-11
-2.25e-11
-2.23e-11
-2.3575e-11
-2.1875e-11
-2.2199999e-11
-2.145e-11
-2.2474999e-11
-2.2574999e-11
-2.2524999e-11
-2.27e-11
-2.2025e-11
-2.2025e-11
-2.1124999e-11
-2.3375e-11
-2.25e-11
-2.25e-11
-2.2374999e-11
-2.1524999e-11
-2.2175e-11
-2.29e-11
-2.26e-11
-2.2875001e-11
-2.165e-11
-2.1675e-11
-2.2424999e-11
-2.3425e-11
-2.2199999e-11
-2.15e-11
-2.2474999e-11
-2.235e-11
-2.0775e-11
-2.1999999e-11
-2.0925e-11
-2.0925e-11
-2.0799999e-11
-2.225e-11
-2.2824999e-11
-2.16e-11
-2.1174999e-11
-2.3475e-11
-2.2149999e-11
-2.2724999e-11
-2.27e-11
-2.0899999e-11
-2.0349999e-11
-2.1875e-11
-2.0575e-11
-2.1849999e-11
-2.2025e-11
-2.2674999e-11
-2.2025e-11
-2.13e-11
-2.1374999e-11
-2.0625e-11
-2.005e-11
-2.24e-11
-2.0425e-11
-2.1775e-11
-2.0875e-11
-2.12e-11
-2.1424999e-11
-2.0775e-11
-1.985e-11
-2.1625e-11
-2.0899999e-11
-2.2374999e-11
-2.145e-11
-2.1224999e-11
-2.1174999e-11
-2.13e-11
-2.23e-11
-2.1899999e-11
-2.1474999e-11
-2.245e-11
-2.15e-11
-2.0825e-11
-2.0399999e-11
-2.0675e-11
-2.2125e-11
-1.9649999e-11
-2.105e-11
-2.0975e-11
-2.2125e-11
-2.1949999e-11
-2.12e-11
-2.155e-11
-2.145e-11
-2.2275e-11
-2.0174999e-11
-2.1024999e-11
-2.135e-11
-2.1524999e-11
-2.1574999e-11
-2.1124999e-11
-2.2049999e-11
-2.135e-11
-2.165e-11
-2.0499999e-11
-2.1775e-11
-2.1374999e-11
-2.1424999e-11
-2.1899999e-11
-2.225e-11
-2.3049999e-11
-2.1975e-11
-2.115e-11
-2.1999999e-11
-2.3375e-11
-2.1875e-11
-2.225e-11
-2.1875e-11
-2.0449999e-11
-2.14e-11
-2.0975e-11
-2.0775e-11
-2.26e-11
-2.11e-11
-2.155e-11
-2.0324999e-11
-2.15e-11
-2.225e-11
-2.1949999e-11
-2.255e-11
-2.125e-11
-2.2275e-11
-2.155e-11
-2.125e-11
-2.0399999e-11
-2.1424999e-11
-2.2075e-11
-2.24e-11
-2.29e-11
-2.2199999e-11
-2.2999999e-11
-2.0349999e-11
-2.2125e-11
-2.12e-11
-2.12e-11
-2.0575e-11
-2.2175e-11
-2.135e-11
-2.2724999e-11
-2.13e-11
-2.13e-11
-2.1849999e-11
-2.0399999e-11
-2.2324999e-11
-2.3049999e-11
-2.3149999e-11
-2.0799999e-11
-2.135e-11
-2.3025e-11
-2.0324999e-11
-2.1899999e-11
-2.1949999e-11
-2.1725e-11
-2.2025e-11
-2.15e-11
-2.1574999e-11
-2.1725e-11
-2.1324999e-11
-2.25e-11
-2.1825e-11
-2.1324999e-11
-2.2574999e-11
-2.225e-11
-2.105e-11
-2.2424999e-11
-2.1324999e-11
-2.1524999e-11
-2.0975e-11
-2.0949999e-11
-2.0124999e-11
-2.1e-11
-2.1174999e-11
-2.2049999e-11
-2.3325e-11
-2.285e-11
-2.0899999e-11
-2.0975e-11
-2.0549999e-11
-2.0475e-11
-2.0975e-11
-2.26e-11
-2.125e-11
-2.145e-11
-2.1074999e-11
-2.145e-11
-2.1024999e-11
-1.9874999e-11
-1.975e-11
-2.165e-11
-2.1124999e-11
-2.0475e-11
-2.165e-11
-2.0925e-11
-2.2125e-11
-2.16e-11
-2.255e-11
-2.1775e-11
-2.025e-11
-2.1174999e-11
-2.2125e-11
-2.0449999e-11
-2.2125e-11
-1.9175e-11
-2.0124999e-11
-2.135e-11
-2.1625e-11
-2.1925e-11
-2.2225e-11
-2.2474999e-11
-2.0975e-11
-2.1424999e-11
-2.1e-11
-2.1675e-11
-2.1749999e-11
-2.0699999e-11
-2.0425e-11
-2.165e-11
