-6.5535702e-11
-6.7053564e-11
-6.5922615e-11
-6.5476187e-11
-6.8095238e-11
-6.8422608e-11
-6.7410702e-11
-6.6815463e-11
-6.6220224e-11
-6.7202369e-11
-6.5714281e-11
-6.5744042e-11
-6.5297608e-11
-6.8541658e-11
-6.7113079e-11
-6.6874985e-11
-6.7113086e-11
-6.6339281e-11
-6.6547608e-11
-6.5982136e-11
-6.6011897e-11
-6.610118e-11
-6.5267847e-11
-6.6755941e-11
-6.5357129e-11
-6.6547615e-11
-6.6369042e-11
-6.7083325e-11
-6.8720224e-11
-6.6011897e-11
-6.7172608e-11
-6.6517847e-11
-6.7172608e-11
-6.6339274e-11
-6.485118e-11
-6.5654752e-11
-6.4999992e-11
-6.4880941e-11
-6.5386897e-11
-6.5297608e-11
-6.6934513e-11
-6.4255948e-11
-6.5892847e-11
-6.6279753e-11
-6.5208332e-11
-6.610118e-11
-6.5119035e-11
-6.6160702e-11
-6.4136904e-11
-6.4613093e-11
-6.5744042e-11
-6.8809528e-11
-6.4970224e-11
-6.7827376e-11
-6.6160702e-11
-6.5119042e-11
-6.714284e-11
-6.4285702e-11
-6.5416658e-11
-6.4523796e-11
-6.4761897e-11
-6.6577376e-11
-6.485118e-11
-6.690476e-11
-6.5833325e-11
-6.4672614e-11
-6.4702375e-11
-6.5595231e-11
-6.505952e-11
-6.4702382e-11
-6.4999992e-11
-6.3541651e-11
-6.5267847e-11
-6.5446419e-11
-6.5922608e-11
-6.2678564e-11
-6.58631e-11
-6.369047e-11
-6.3571419e-11
-6.5446426e-11
-6.6755948e-11
-6.5238086e-11
-6.4910709e-11
-6.4672614e-11
-6.5119035e-11
-6.4523803e-11
-6.4464274e-11
-6.4702382e-11
-6.6160709e-11
-6.4999992e-11
-6.6190463e-11
-6.4255948e-11
-6.4880941e-11
-6.4077375e-11
-6.3482136e-11
-6.4910709e-11
-6.4434513e-11
-6.4642854e-11
-6.3601187e-11
-6.538689e-11
-6.4017847e-11
-6.6994042e-11
-6.4047614e-11
-6.3958332e-11
-6.6160709e-11
-6.601189e-11
-6.5238093e-11
-6.4702375e-11
-6.5714274e-11
-6.4255948e-11
-6.610118e-11
-6.4702368e-11
-6.5744042e-11
-6.4613086e-11
-6.4672614e-11
-6.380952e-11
-6.6309513e-11
-6.5892854e-11
-6.6369035e-11
-6.4047614e-11
-6.5386897e-11
-6.5386897e-11
-6.7261897e-11
-6.5535702e-11
-6.514881e-11
-6.556547e-11
-6.5833325e-11
-6.4821426e-11
-6.6517847e-11
-6.5595231e-11
-6.6607136e-11
-6.6517847e-11
-6.6041658e-11
-6.5654752e-11
-6.6428557e-11
-6.6369035e-11
-6.7261897e-11
-6.8005948e-11
-6.6547601e-11
-6.6607136e-11
-6.723213e-11
-6.6309513e-11
-6.6369042e-11
-6.6249992e-11
-6.7916658e-11
-6.6309513e-11
-6.6934513e-11
-6.6398796e-11
-6.589284e-11
-6.6041658e-11
-6.8005948e-11
-6.6934513e-11
-6.6428564e-11
-6.8630941e-11
-6.6249992e-11
-6.5297615e-11
-6.5595231e-11
-6.681547e-11
-6.630952e-11
-6.723213e-11
-6.6011897e-11
-6.5595231e-11
-6.4821426e-11
-6.4047614e-11
-6.6279759e-11
-6.6130941e-11
-6.5505948e-11
-6.431547e-11
-6.4613079e-11
-6.610118e-11
-6.4553571e-11
-6.4970231e-11
-6.4791658e-11
-6.4315477e-11
-6.5654752e-11
-6.6488086e-11
-6.4285709e-11
-6.5029752e-11
-6.5089281e-11
-6.5029752e-11
-6.4583325e-11
-6.5624998e-11
-6.4077375e-11
-6.5595231e-11
-6.5148796e-11
-6.5357129e-11
-6.4880948e-11
-6.5208325e-11
-6.5267847e-11
-6.6845231e-11
-6.4285702e-11
-6.5684513e-11
-6.4345231e-11
-6.4880941e-11
-6.514881e-11
-6.5386904e-11
-6.5982136e-11
-6.4821419e-11
-6.6190463e-11
-6.5267847e-11
-6.5863093e-11
-6.5089274e-11
-6.494047e-11
-6.4374998e-11
-6.5535702e-11
-6.5178564e-11
-6.6011897e-11
-6.4999992e-11
-6.4940463e-11
-6.6041658e-11
-6.5208325e-11
-6.4851187e-11
-6.5327375e-11
-6.372023e-11
-6.6845231e-11
-6.5089281e-11
-6.5178564e-11
-6.6517847e-11
-6.5773803e-11
-6.4672614e-11
-6.6130941e-11
-6.6339274e-11
-6.4970231e-11
-6.6904753e-11
-6.7976173e-11
-6.556547e-11
-6.5029752e-11
-6.4761897e-11
-6.6220238e-11
-6.4196419e-11
-6.443452e-11
-6.4226187e-11
-6.5595238e-11
-6.5744042e-11
-6.5535702e-11
-6.639881e-11
-6.5297608e-11
-6.505952e-11
-6.4910709e-11
-6.5029752e-11
-6.5059513e-11
-6.6309513e-11
-6.6071426e-11
-6.6160709e-11
-6.5714274e-11
-6.6398803e-11
-6.4523796e-11
-6.5922615e-11
-6.6279746e-11
-6.5208332e-11
-6.4255948e-11
-6.5714274e-11
-6.5654752e-11
-6.6011897e-11
-6.3779759e-11
-6.494047e-11
-6.4642854e-11
-6.4166651e-11
-6.4345231e-11
-6.3898803e-11
-6.5297615e-11
-6.4821419e-11
-6.610118e-11
-6.610118e-11
-6.5714274e-11
-6.6577376e-11
-6.4642854e-11
-6.5238086e-11
-6.5446419e-11
-6.547618e-11
-6.5238093e-11
-6.6071412e-11
-6.5684513e-11
-6.6011897e-11
-6.494047e-11
-6.2559527e-11
-6.5029759e-11
-6.5119042e-11
-6.4285702e-11
-6.5863086e-11
-6.4553557e-11
-6.3749991e-11
-6.3363079e-11
-6.5238086e-11
-6.5892847e-11
-6.4761897e-11
-6.3660702e-11
-6.4166658e-11
-6.5773796e-11
-6.5327369e-11
-6.4761897e-11
-6.4761897e-11
-6.494047e-11
-6.6249992e-11
-6.4166658e-11
-6.4553557e-11
-6.4999992e-11
-6.8095231e-11
-6.6696412e-11
-6.660713e-11
-6.4136897e-11
-6.4077368e-11
-6.3660702e-11
-6.6666658e-11
-6.7499992e-11
-6.6220224e-11
-6.4404752e-11
-6.4434513e-11
-6.8095231e-11
-6.556547e-11
-6.6726187e-11
-6.6339281e-11
-6.4553557e-11
-6.5922608e-11
-6.5952376e-11
-6.6309513e-11
-6.3660702e-11
-6.8333325e-11
-6.5148803e-11
-6.672618e-11
-6.7053564e-11
-6.6041651e-11
-6.4970231e-11
-6.4136897e-11
-6.672618e-11
-6.6369035e-11
-6.5327375e-11
-6.6041665e-11
-6.6517847e-11
-6.6874985e-11
-6.547618e-11
-6.6934513e-11
-6.6428564e-11
-6.619047e-11
-6.610118e-11
-6.6428564e-11
-6.4553564e-11
-6.6339281e-11
-6.4553564e-11
-6.7321419e-11
-6.4910709e-11
-6.6874985e-11
-6.4494042e-11
-6.4583325e-11
-6.6398803e-11
-6.5505948e-11
-6.660713e-11
-6.5446412e-11
-6.5982143e-11
-6.6815477e-11
-6.610118e-11
-6.7589281e-11
-6.4791658e-11
-6.663689e-11
-6.4880948e-11
-6.6220231e-11
-6.6904753e-11
-6.4255948e-11
-6.5744042e-11
-6.6041651e-11
-6.6160702e-11
-6.5416658e-11
-6.3839274e-11
-6.4553564e-11
-6.6160709e-11
-6.5654752e-11
-6.4494042e-11
-6.4910709e-11
-6.6309513e-11
-6.6488093e-11
-6.4583325e-11
-6.5386897e-11
-6.360118e-11
-6.3988086e-11
-6.5922615e-11
-6.4999992e-11
-6.4374991e-11
-6.4702368e-11
-6.744047e-11
-6.5654759e-11
-6.4047607e-11
-6.5595238e-11
-6.3660709e-11
-6.5297601e-11
-6.3511897e-11
-6.4970231e-11
-6.3392853e-11
-6.4940463e-11
-6.4077375e-11
-6.556547e-11
-6.4434513e-11
-6.6547608e-11
-6.4880941e-11
-6.4583325e-11
-6.4523796e-11
-6.4672614e-11
-6.4255948e-11
-6.4494042e-11
-6.547618e-11
-6.7470231e-11
-6.4999992e-11
-6.4910709e-11
-6.6041658e-11
-6.4523803e-11
-6.6011897e-11
-6.5654759e-11
-6.6041658e-11
-6.4464281e-11
-6.4166658e-11
-6.619047e-11
-6.589284e-11
-6.6428564e-11
-6.5089281e-11
-6.5654752e-11
-6.5744042e-11
-6.5833325e-11
-6.4851187e-11
-6.5446412e-11
-6.4166658e-11
-6.6547608e-11
-6.494047e-11
-6.6845231e-11
-6.4374991e-11
-6.5505948e-11
-6.6160709e-11
-6.5773803e-11
-6.6874999e-11
-6.4255948e-11
-6.660713e-11
-6.6190463e-11
-6.6339281e-11
-6.5416658e-11
-6.7202369e-11
-6.538689e-11
-6.6249992e-11
-6.5595231e-11
-6.5357129e-11
-6.7797608e-11
-6.6279746e-11
-6.6160702e-11
-6.5565477e-11
-6.6369042e-11
-6.7083318e-11
-6.610118e-11
-6.5267847e-11
-6.5892854e-11
-6.610118e-11
-6.5982136e-11
-6.7410709e-11
-6.7976187e-11
-6.660713e-11
-6.6994042e-11
-6.5416658e-11
-6.5833325e-11
-6.5624992e-11
-6.8184514e-11
-6.744047e-11
-6.5833325e-11
-6.4732129e-11
-6.5357129e-11
-6.5952369e-11
-6.4404752e-11
-6.5208318e-11
-6.5297615e-11
-6.5416658e-11
-6.4613086e-11
-6.3333325e-11
-6.5803557e-11
-6.4583325e-11
-6.4821426e-11
-6.4494035e-11
-6.6071426e-11
-6.3809513e-11
-6.547618e-11
-6.556547e-11
-6.7023803e-11
-6.4374985e-11
-6.4910709e-11
-6.5178557e-11
-6.6369042e-11
-6.6339281e-11
-6.5654759e-11
-6.4851187e-11
-6.2976187e-11
-6.5833325e-11
-6.46131e-11
-6.485118e-11
-6.5863079e-11
-6.5446412e-11
-6.3809513e-11
-6.4464281e-11
-6.4374991e-11
-6.5714274e-11
-6.3124991e-11
-6.4791651e-11
-6.568452e-11
-6.630952e-11
-6.4672614e-11
-6.4166651e-11
-6.3630941e-11
-6.7083325e-11
-6.4732136e-11
-6.5892847e-11
-6.6220231e-11
-6.5803557e-11
-6.4583325e-11
-6.4494042e-11
-6.4345231e-11
-6.3869035e-11
-6.7053557e-11
-6.4613093e-11
-6.2410702e-11
-6.6011897e-11
-6.5654759e-11
-6.5892847e-11
-6.4910709e-11
-6.4494042e-11
-6.6339274e-11
-6.3154752e-11
-6.7946419e-11
-6.752976e-11
-7.044642e-11
-7.2083325e-11
-7.4583326e-11
-7.6339282e-11
-8.2261899e-11
-8.8154754e-11
-9.4285704e-11
-1.0208333e-10
-1.0770832e-10
-1.1660714e-10
-1.2056549e-10
-1.2708334e-10
-1.3279762e-10
-1.3836308e-10
-1.4806545e-10
-1.5139881e-10
-1.5749999e-10
-1.6330357e-10
-1.7023807e-10
-1.7666665e-10
-1.8190476e-10
-1.8717262e-10
-1.9297618e-10
-1.9830357e-10
-2.0154763e-10
-2.0279763e-10
-2.0494048e-10
-2.0523809e-10
-2.0648809e-10
-2.0508928e-10
-2.0869047e-10
-2.0681548e-10
-2.0669641e-10
-2.0625002e-10
-2.0357142e-10
-2.0386903e-10
-2.0002974e-10
-2.0175595e-10
-1.9940474e-10
-1.9860118e-10
-1.9648808e-10
-1.9580358e-10
-1.9223213e-10
-1.910119e-10
-1.8744045e-10
-1.8797618e-10
-1.8407735e-10
-1.8160713e-10
-1.7991071e-10
-1.777381e-10
-1.7497023e-10
-1.7342262e-10
-1.7107141e-10
-1.6872025e-10
-1.6592262e-10
-1.6220238e-10
-1.6151787e-10
-1.5970239e-10
-1.5672617e-10
-1.5360119e-10
-1.525e-10
-1.4883927e-10
-1.5011906e-10
-1.4553572e-10
-1.4517856e-10
-1.4133927e-10
-1.3958332e-10
-1.3815477e-10
-1.3785713e-10
-1.370238e-10
-1.3580355e-10
-1.3330355e-10
-1.3235117e-10
-1.3056549e-10
-1.2758924e-10
-1.2815475e-10
-1.2437498e-10
-1.2523808e-10
-1.2264881e-10
-1.2193452e-10
-1.1940475e-10
-1.1883929e-10
-1.1848214e-10
-1.1678572e-10
-1.1651785e-10
-1.1508927e-10
-1.1479166e-10
-1.1369047e-10
-1.1169642e-10
-1.084226e-10
-1.0973214e-10
-1.0922617e-10
-1.0660713e-10
-1.0872022e-10
-1.0910713e-10
-1.0526784e-10
-1.0434523e-10
-1.0363094e-10
-1.0398808e-10
-1.0309523e-10
-1.027976e-10
-1.0288689e-10
-1.0249999e-10
-1.005357e-10
-1.0056547e-10
-1.0005952e-10
-9.779761e-11
-9.6994031e-11
-9.9345233e-11
-9.7023799e-11
-9.6994031e-11
-9.7410691e-11
-9.5892835e-11
-9.508927e-11
-9.4345219e-11
-9.3898812e-11
-9.3571408e-11
-9.3124987e-11
-9.1398791e-11
-9.1577357e-11
-9.3482132e-11
-9.1577371e-11
-9.241069e-11
-9.3035704e-11
-9.0386892e-11
-9.0178566e-11
-9.0803552e-11
-9.1071414e-11
-9.0744037e-11
-9.0505929e-11
-9.0654755e-11
-8.8988088e-11
-8.8154761e-11
-8.907737e-11
-8.7886899e-11
-8.967261e-11
-8.7470232e-11
-8.5982131e-11
-8.8095212e-11
-8.6577377e-11
-8.4880943e-11
-8.6696414e-11
-8.6369037e-11
-8.470237e-11
-8.5178552e-11
-8.5505936e-11
-8.4017841e-11
-8.398808e-11
-8.345237e-11
-8.3214276e-11
-8.5684515e-11
-8.4583326e-11
-8.3630936e-11
-8.4315471e-11
-8.3214276e-11
-8.3511892e-11
-8.1369037e-11
-8.3869037e-11
-8.2261892e-11
-8.2619037e-11
-8.2440464e-11
-8.4017848e-11
-8.157737e-11
-8.0833326e-11
-8.1994037e-11
-8.1815471e-11
-8.1428558e-11
-8.0119036e-11
-8.2380935e-11
-8.1636892e-11
-8.1279761e-11
-8.095237e-11
-8.107142e-11
-8.2470218e-11
-8.1041653e-11
-8.1964283e-11
-8.1339283e-11
-8.1934515e-11
-8.107142e-11
-8.0148797e-11
-8.2232138e-11
-8.095237e-11
-8.2380949e-11
-8.0624986e-11
-8.1130942e-11
-8.1577377e-11
-8.074403e-11
-8.166666e-11
-8.1398797e-11
-8.1369043e-11
-8.1130935e-11
-8.0297602e-11
-8.3273798e-11
-8.1339276e-11
-8.0386885e-11
-7.9672602e-11
-8.1011899e-11
-8.0059508e-11
-8.1785696e-11
-8.1339276e-11
-7.9999979e-11
-8.1696414e-11
-7.9077363e-11
-8.0386892e-11
-7.8779747e-11
-8.014879e-11
-7.961308e-11
-8.0744043e-11
-7.9166652e-11
-7.9613073e-11
-8.1428558e-11
-7.9553558e-11
-7.8988087e-11
-7.9672609e-11
-7.8571427e-11
-7.9404754e-11
-7.8720232e-11
-7.9672616e-11
-8.0922616e-11
-8.0714276e-11
-7.9851181e-11
-7.919642e-11
-8.0297609e-11
-7.8541652e-11
-7.8958319e-11
-8.1190471e-11
-7.7916659e-11
-7.8958319e-11
-7.8035703e-11
-7.7440464e-11
-7.8392848e-11
-7.9107131e-11
-7.8244029e-11
-7.8124986e-11
-7.8749993e-11
-7.8363087e-11
-7.9255942e-11
-7.785713e-11
-7.9761892e-11
-7.75595e-11
-7.7172609e-11
-7.9047602e-11
-8.044642e-11
-7.889879e-11
-7.8511898e-11
-7.9226181e-11
-7.907737e-11
-7.7142848e-11
-7.7142848e-11
-7.8035703e-11
-7.8392841e-11
-7.7202369e-11
-7.8869029e-11
-7.7767841e-11
-7.8511884e-11
-7.8601181e-11
-7.8601181e-11
-7.8005949e-11
-7.8363087e-11
-7.7470225e-11
-7.6904746e-11
-7.6964268e-11
-7.8363087e-11
-7.711308e-11
-7.7142848e-11
-7.8154747e-11
-7.7053572e-11
-7.660713e-11
-7.7291652e-11
-7.9434515e-11
-7.7172602e-11
-7.6726181e-11
-7.6249992e-11
-7.8511898e-11
-7.6130942e-11
-7.8333319e-11
-7.6517841e-11
-7.7202369e-11
-7.7946413e-11
-7.639879e-11
-7.7619043e-11
-7.6636905e-11
-7.6547609e-11
-7.8244029e-11
-7.7499986e-11
-7.7232137e-11
-7.7440464e-11
-7.711308e-11
-7.7619043e-11
-7.6428565e-11
-7.8482131e-11
-7.5654753e-11
-7.7053558e-11
-7.6607137e-11
-7.8244043e-11
-7.7172616e-11
-7.7648811e-11
-7.6964275e-11
-7.6101181e-11
-7.6666659e-11
-7.7529753e-11
-7.8214275e-11
-7.752976e-11
-7.8690464e-11
-7.7291659e-11
-7.7529753e-11
-7.8928565e-11
-7.7886891e-11
-7.8065464e-11
-7.8303551e-11
-7.919642e-11
-7.5773797e-11
-7.6636898e-11
-7.8124993e-11
-7.7261891e-11
-7.7648804e-11
-7.8422609e-11
-7.6428565e-11
-7.660713e-11
-7.544642e-11
-7.7797609e-11
-7.6130935e-11
-7.7559507e-11
-7.5535703e-11
-7.6011898e-11
-7.6994029e-11
-7.7202369e-11
-7.5267848e-11
-7.6041652e-11
-7.7083319e-11
-7.5714282e-11
-7.6339275e-11
-7.6220218e-11
-7.5446413e-11
-7.4494036e-11
-7.5505949e-11
-7.4226181e-11
-7.6369036e-11
-7.6845232e-11
-7.6369036e-11
-7.4851181e-11
-7.5982137e-11
-7.6428565e-11
-7.7142855e-11
-7.4910703e-11
-7.5446413e-11
-7.6934521e-11
-7.482142e-11
-7.4464282e-11
-7.4196413e-11
-7.6309521e-11
-7.5178565e-11
-7.5892855e-11
-7.4345231e-11
-7.2589282e-11
-7.6130942e-11
-7.3333326e-11
-7.5029753e-11
-7.4702369e-11
-7.4017847e-11
-7.5535703e-11
-7.3779753e-11
-7.3184514e-11
-7.3452369e-11
-7.4047608e-11
-7.440476e-11
-7.3720231e-11
-7.4970224e-11
-7.4672608e-11
-7.5178558e-11
-7.5654753e-11
-7.2380935e-11
-7.5148797e-11
-7.2976188e-11
-7.3660703e-11
-7.4880935e-11
-7.3303558e-11
-7.4642847e-11
-7.491071e-11
-7.5505949e-11
-7.3184514e-11
-7.5238094e-11
-7.4583319e-11
-7.5624985e-11
-7.6279753e-11
-7.4910703e-11
-7.431547e-11
-7.2797601e-11
-7.4851188e-11
-7.6488087e-11
-7.5565457e-11
-7.5803558e-11
-7.482142e-11
-7.5119043e-11
-7.3720224e-11
-7.5267848e-11
-7.6101174e-11
-7.6190471e-11
-7.6309514e-11
-7.5416659e-11
-7.6398797e-11
-7.4434514e-11
-7.5059514e-11
-7.5505935e-11
-7.4761898e-11
-7.4017847e-11
-7.5386898e-11
-7.5148804e-11
-7.4851174e-11
-7.4255942e-11
-7.2172608e-11
-7.5982137e-11
-7.4732137e-11
-7.5595231e-11
-7.4226181e-11
-7.544642e-11
-7.535713e-11
-7.3720224e-11
-7.6428565e-11
-7.491071e-11
-7.6726181e-11
-7.4226181e-11
-7.514879e-11
-7.5267848e-11
-7.5297615e-11
-7.4255949e-11
-7.4434514e-11
-7.4970231e-11
-7.4255935e-11
-7.3601181e-11
-7.5654753e-11
-7.4345231e-11
-7.4791652e-11
-7.4613087e-11
-7.3363086e-11
-7.3452369e-11
-7.4523797e-11
-7.2886891e-11
-7.6041652e-11
-7.3214275e-11
-7.4166659e-11
-7.4880942e-11
-7.4553558e-11
-7.3184521e-11
-7.4583326e-11
-7.5119036e-11
-7.389879e-11
-7.4523797e-11
-7.5505942e-11
-7.3333326e-11
-7.410713e-11
-7.491071e-11
-7.4136898e-11
-7.4583326e-11
-7.336308e-11
-7.3184514e-11
-7.5833326e-11
-7.5238094e-11
-7.5952369e-11
-7.4583326e-11
-7.5119036e-11
-7.4047608e-11
-7.5952369e-11
-7.5327369e-11
-7.6994029e-11
-7.5446413e-11
-7.4970224e-11
-7.339284e-11
-7.3124985e-11
-7.3392854e-11
-7.6339282e-11
-7.6279746e-11
-7.5208319e-11
-7.3869036e-11
-7.3869036e-11
-7.5624985e-11
-7.2410702e-11
-7.4285703e-11
-7.3958326e-11
-7.4791652e-11
-7.3928558e-11
-7.4999992e-11
-7.5238087e-11
-7.5029746e-11
-7.4345224e-11
-7.535713e-11
-7.4136891e-11
-7.5624999e-11
-7.6726181e-11
-7.5892848e-11
-7.3184514e-11
-7.285713e-11
-7.4404746e-11
-7.3660703e-11
-7.4494036e-11
-7.357142e-11
-7.3928565e-11
-7.3898797e-11
-7.5535703e-11
-7.4791652e-11
-7.4077376e-11
-7.6398797e-11
-7.7142841e-11
-7.6130942e-11
-7.4999985e-11
-7.5952369e-11
-7.5327362e-11
-7.4315477e-11
-7.3303565e-11
-7.5119036e-11
-7.4761898e-11
-7.523808e-11
-7.4672615e-11
-7.5029746e-11
-7.4672608e-11
-7.5178565e-11
-7.4910696e-11
-7.3869036e-11
-7.4226181e-11
-7.3005942e-11
-7.4315464e-11
-7.2678565e-11
-7.6249985e-11
-7.3273797e-11
-7.5238094e-11
-7.419642e-11
-7.4464289e-11
-7.2380942e-11
-7.2291659e-11
-7.3690463e-11
-7.2946413e-11
-7.3303558e-11
-7.2410702e-11
-7.4374999e-11
-7.0952369e-11
-7.3244036e-11
-7.5446413e-11
-7.285713e-11
-7.3660709e-11
-7.2410709e-11
-7.4732144e-11
-7.3958326e-11
-7.4910703e-11
-7.4047615e-11
-7.2499992e-11
-7.1636898e-11
-7.315476e-11
-7.1220224e-11
-7.3601181e-11
-7.1964268e-11
-7.3541659e-11
-7.1964282e-11
-7.181547e-11
-7.1577369e-11
-7.1755948e-11
-7.2619036e-11
-7.1488086e-11
-7.336308e-11
-7.3035702e-11
-7.5059507e-11
-7.2232144e-11
-7.4880942e-11
-7.2023797e-11
-7.2738079e-11
-7.3601188e-11
-7.3779746e-11
-7.3363086e-11
-7.398808e-11
-7.3988086e-11
-7.4672608e-11
-7.1874992e-11
-7.3690463e-11
-7.3511898e-11
-7.4136891e-11
-7.3988093e-11
-7.3124992e-11
-7.4285703e-11
-7.3660709e-11
-7.3928565e-11
-7.3214275e-11
-7.5029753e-11
-7.3690463e-11
-7.1904753e-11
-7.5386891e-11
-7.1964268e-11
-7.3839275e-11
-7.4315464e-11
-7.2797601e-11
-7.5119043e-11
-7.3690463e-11
-7.119047e-11
-7.3749992e-11
-7.4494043e-11
-7.3422615e-11
-7.3869029e-11
-7.3273804e-11
-7.4702369e-11
-7.3660703e-11
-7.2738086e-11
-7.1994036e-11
-7.3869029e-11
-7.2083318e-11
-7.3303558e-11
-7.4226174e-11
-7.2886898e-11
-7.2916659e-11
-7.1369036e-11
-7.3541652e-11
-7.3630949e-11
-7.2916652e-11
-7.4315464e-11
-7.3511891e-11
-7.1666659e-11
-7.3630949e-11
-7.3333326e-11
-7.502976e-11
-7.3660703e-11
-7.2380942e-11
-7.3601188e-11
-7.2529746e-11
-7.3035702e-11
-7.2886898e-11
-7.3630942e-11
-7.2380935e-11
-7.4077376e-11
-7.3630942e-11
-7.4166652e-11
-7.3422608e-11
-7.410713e-11
-7.2470231e-11
-7.2797608e-11
-7.285713e-11
-7.3422608e-11
-7.2351181e-11
-7.2380942e-11
-7.1607137e-11
-7.2678565e-11
-7.2648804e-11
-7.3630942e-11
-7.1369036e-11
-7.3214275e-11
-7.2738079e-11
-7.1041652e-11
-7.1488086e-11
-7.1160709e-11
-7.3035709e-11
-7.1845224e-11
-7.0922608e-11
-7.1428564e-11
-7.1755941e-11
-7.2321413e-11
-7.1845231e-11
-7.1428564e-11
-7.3244036e-11
-7.0178564e-11
-7.2767847e-11
-7.1666659e-11
-7.2410702e-11
-7.2678565e-11
-7.1547608e-11
-7.1041652e-11
-7.3065463e-11
-6.9970217e-11
-6.9732144e-11
-7.1577376e-11
-7.4255949e-11
-7.1785702e-11
-7.0654746e-11
-7.3095231e-11
-7.2440463e-11
-7.1041659e-11
-7.1755941e-11
-7.3184514e-11
-7.2559514e-11
-7.107142e-11
-7.1755948e-11
-7.1517847e-11
-7.1369036e-11
-7.2113079e-11
-7.1964268e-11
-7.1696413e-11
-7.1101174e-11
-7.336308e-11
-7.1696413e-11
-7.3035702e-11
-7.2857123e-11
-7.035713e-11
-7.2886905e-11
-7.285713e-11
-7.2440463e-11
-7.2113079e-11
-7.1339275e-11
-7.2142847e-11
-7.357142e-11
-7.2113079e-11
-7.3184514e-11
-7.3988086e-11
-7.2738086e-11
-7.2678558e-11
-7.3541666e-11
-7.2916659e-11
-7.2440463e-11
-7.1994043e-11
-7.3244043e-11
-7.1726174e-11
-7.1041659e-11
-7.3005942e-11
-7.2708325e-11
-7.285713e-11
-7.1726187e-11
-7.1726181e-11
-7.2976181e-11
-7.214284e-11
-7.3511891e-11
-7.2976181e-11
-7.2886898e-11
-7.2023797e-11
-7.1904753e-11
-7.2351181e-11
-7.223213e-11
-7.3273797e-11
-7.1220224e-11
-7.2023797e-11
-7.232142e-11
-7.1666652e-11
-7.1309507e-11
-7.2113079e-11
-7.0327369e-11
-7.1369036e-11
-7.0744043e-11
-7.1398804e-11
-7.110118e-11
-7.2321413e-11
-7.2083325e-11
-7.2172601e-11
-7.0059507e-11
-7.0505941e-11
-7.1755948e-11
-7.181547e-11
-7.0505948e-11
-7.3095224e-11
-7.2470231e-11
-6.9970224e-11
-7.0029746e-11
-7.2202369e-11
-7.1964275e-11
-7.2678565e-11
-7.0803564e-11
-7.0386884e-11
-7.1904746e-11
-7.1071427e-11
-7.2589282e-11
-7.3303558e-11
-7.0952376e-11
-7.1398804e-11
-7.1488086e-11
-7.2232144e-11
-6.9821419e-11
-7.1339268e-11
-7.1041652e-11
-7.2083325e-11
-7.2172615e-11
-7.1398804e-11
-7.2589282e-11
-7.2380942e-11
-7.056547e-11
-7.1309514e-11
-7.1130948e-11
-7.0714268e-11
-7.1904739e-11
-7.110118e-11
-7.2440463e-11
-7.2410709e-11
-6.9226173e-11
-7.1220238e-11
-7.0892847e-11
-7.2380948e-11
-7.169642e-11
-7.1130941e-11
-7.047618e-11
-7.2440463e-11
-7.1934514e-11
-7.1220224e-11
-7.0803564e-11
-7.2767847e-11
-7.0476187e-11
-7.1636898e-11
-7.1874999e-11
-7.0386891e-11
-7.1607137e-11
-7.1934514e-11
-7.0535709e-11
-7.0595231e-11
-7.0803557e-11
-7.110118e-11
-7.047618e-11
-7.0744043e-11
-7.2738093e-11
-7.2470224e-11
-6.9999992e-11
-7.2470224e-11
-7.160713e-11
-7.1190463e-11
-7.1011898e-11
-7.2202369e-11
-7.2142847e-11
-7.0178564e-11
-7.2172608e-11
-7.1309507e-11
-6.8571426e-11
-7.0089282e-11
-7.232142e-11
-7.0922615e-11
-7.1547608e-11
-7.1904746e-11
-7.1309514e-11
-7.1964275e-11
-7.0803564e-11
-7.1577376e-11
-7.1488093e-11
-7.1130941e-11
-7.0178557e-11
-7.1071427e-11
-7.0267854e-11
-7.1755948e-11
-7.1041659e-11
-7.1339282e-11
-7.1339275e-11
-7.2410709e-11
-7.0029753e-11
-7.2589275e-11
-6.940476e-11
-7.0922615e-11
-7.2202369e-11
-7.2023797e-11
-7.0714282e-11
-7.139881e-11
-7.2738086e-11
-7.1398797e-11
-7.089284e-11
-6.9821413e-11
-6.9613079e-11
-7.056547e-11
-7.2380942e-11
-7.0714275e-11
-7.1964275e-11
-7.1755935e-11
-7.0238086e-11
-7.160713e-11
-7.107142e-11
-7.3244029e-11
-6.9880941e-11
-7.1815463e-11
-7.0833325e-11
-7.2380935e-11
-7.232142e-11
-6.869047e-11
-6.985118e-11
-6.8154746e-11
-6.9136898e-11
-7.110118e-11
-7.2916659e-11
-7.1547601e-11
-7.2619043e-11
-7.0863079e-11
-7.1428564e-11
-7.2559521e-11
-7.0922608e-11
-7.2470231e-11
-7.1726187e-11
-7.1041659e-11
-7.2589275e-11
-7.1428558e-11
-7.0982137e-11
-7.3720231e-11
-7.2410702e-11
-7.3095231e-11
-7.1874992e-11
-7.3214282e-11
-7.3422615e-11
-7.1934521e-11
-7.1815456e-11
-7.1488086e-11
-7.2827376e-11
-7.2589275e-11
-7.1220238e-11
-7.1398804e-11
-6.994047e-11
-7.0982144e-11
-7.2351181e-11
-7.160713e-11
-7.1190463e-11
-7.181547e-11
-7.2857137e-11
-7.1815456e-11
-7.2172608e-11
-6.9999999e-11
-7.1577376e-11
-7.2023804e-11
-7.2142847e-11
-7.1994043e-11
-7.1904746e-11
-7.3154753e-11
-7.2380942e-11
-7.098213e-11
-7.0892847e-11
-7.0386898e-11
-7.1488086e-11
-7.0982137e-11
-7.2589282e-11
-7.1636898e-11
-7.2083325e-11
-6.9404753e-11
-7.1964268e-11
-7.2291666e-11
-7.0208325e-11
-7.089284e-11
-7.0446413e-11
-7.1339282e-11
-7.2380942e-11
-7.3065463e-11
-7.1874992e-11
-7.1994043e-11
-7.0892847e-11
-7.1220224e-11
-7.1309514e-11
-7.1488079e-11
-7.0297622e-11
-7.1249992e-11
-7.0684514e-11
-7.0803571e-11
-7.0119043e-11
-6.9136898e-11
-7.1428564e-11
-7.1309514e-11
-7.1517847e-11
-7.110118e-11
-6.9523796e-11
-7.044642e-11
-7.0119036e-11
-7.1666659e-11
-6.9880948e-11
-6.9047608e-11
-6.9494042e-11
-7.2113086e-11
-6.9732137e-11
-7.1874985e-11
-7.0238086e-11
-7.1071413e-11
-7.0952369e-11
-7.0952369e-11
-6.9910702e-11
-7.2113079e-11
-7.0654753e-11
-7.1726181e-11
-7.2559507e-11
-7.2053565e-11
-7.160713e-11
-7.0744043e-11
-7.2113079e-11
-7.1309514e-11
-7.065476e-11
-7.2023797e-11
-7.3065463e-11
-7.2113079e-11
-7.2113086e-11
-7.2589275e-11
-7.0178564e-11
-7.3095224e-11
-7.035713e-11
-7.3601181e-11
-7.1249985e-11
-7.0714275e-11
-7.1309514e-11
-6.9821413e-11
-7.1785709e-11
-7.0505941e-11
-7.1726181e-11
-7.0863079e-11
-7.0624992e-11
-7.0535702e-11
-7.3839275e-11
-7.0119036e-11
-7.0833325e-11
-7.1249985e-11
-7.0773803e-11
-7.0208318e-11
-6.9880934e-11
-6.8363086e-11
-6.8839281e-11
-7.0386898e-11
-7.1041659e-11
-7.0505941e-11
-7.0803564e-11
-7.110118e-11
-6.9077369e-11
-7.0922608e-11
-7.098213e-11
-7.0386891e-11
-7.0833325e-11
-7.0505941e-11
-7.2202369e-11
-7.0357137e-11
-7.119047e-11
-7.2738086e-11
-6.9553564e-11
-7.0833325e-11
-6.8511898e-11
-7.0565477e-11
-7.002976e-11
-7.1041652e-11
-7.0803571e-11
-6.9583325e-11
-7.1517847e-11
-7.0267854e-11
-7.0833325e-11
-7.2113079e-11
-7.1726181e-11
-7.1755948e-11
-7.1458325e-11
-7.2916652e-11
-7.1101187e-11
-7.127976e-11
-7.0416659e-11
-7.2529753e-11
-7.2410709e-11
-7.0327369e-11
-6.9940463e-11
-7.0029753e-11
-7.1696413e-11
-7.1547608e-11
-7.1815477e-11
-7.0029746e-11
-6.9494036e-11
-7.0654746e-11
-6.9999992e-11
-6.9672608e-11
-7.1011898e-11
-7.1339275e-11
-7.0863093e-11
-7.0892854e-11
-6.9702369e-11
-7.0208325e-11
-6.9791652e-11
-7.1071413e-11
-6.9821426e-11
-7.1041652e-11
-7.0178564e-11
-6.8809514e-11
-7.0595231e-11
-6.9672615e-11
-7.0297615e-11
-6.910713e-11
-7.0654746e-11
-6.8898803e-11
-7.0744029e-11
-6.8958325e-11
-6.9374999e-11
-6.9226187e-11
-6.9345231e-11
-7.0863086e-11
-6.9523803e-11
-6.9940463e-11
-6.9464275e-11
-6.9999992e-11
-7.0327376e-11
-6.7321419e-11
-7.2351181e-11
-6.8809514e-11
-6.9404753e-11
-6.9970231e-11
-6.8511898e-11
-6.8541652e-11
-7.110118e-11
-6.922618e-11
-6.9077376e-11
-7.0833325e-11
-7.044642e-11
-7.0595231e-11
-6.9285709e-11
-6.9523796e-11
-6.8988086e-11
-6.9821413e-11
-6.9791652e-11
-7.0744043e-11
-7.0833325e-11
-7.0595231e-11
-7.1279753e-11
-7.1249992e-11
-6.9523796e-11
-7.0982137e-11
-7.0357137e-11
-7.0922615e-11
-6.9999992e-11
-7.0982137e-11
-7.0238086e-11
-6.9910709e-11
-7.1369036e-11
-6.9999992e-11
-7.107142e-11
-6.9851187e-11
-7.0833318e-11
-7.0059514e-11
-7.0565463e-11
-7.1041659e-11
-6.9821419e-11
-6.9553564e-11
-7.0803564e-11
-7.1845231e-11
-7.160713e-11
-6.9999992e-11
-6.9821426e-11
-6.9434514e-11
-6.8779746e-11
-7.1279746e-11
-7.2172608e-11
-6.9821426e-11
-7.2619036e-11
-7.1190463e-11
-7.0803571e-11
-7.0565477e-11
-7.1785702e-11
-6.9136891e-11
-6.9999992e-11
-7.1696413e-11
-7.0505948e-11
-7.1130941e-11
-7.065476e-11
-7.0833318e-11
-7.0386898e-11
-7.0476174e-11
-6.8422608e-11
-7.0922608e-11
-7.2023797e-11
-7.1666652e-11
-7.110118e-11
-7.1279753e-11
-6.9761898e-11
-7.1130934e-11
-7.0059521e-11
-6.9642847e-11
-6.9196419e-11
-7.0624992e-11
-7.1160709e-11
-6.8095231e-11
-7.1160695e-11
-7.0863079e-11
-7.1428564e-11
-7.0744043e-11
-7.2142847e-11
-6.7916658e-11
-6.9999985e-11
-7.0773797e-11
-7.0922615e-11
-7.0773797e-11
-7.0595224e-11
-7.0238079e-11
-7.2113079e-11
-6.994047e-11
-6.8928564e-11
-7.1488093e-11
-7.1339275e-11
-7.0833325e-11
-6.8660702e-11
-7.0386898e-11
-7.2142854e-11
-7.232142e-11
-7.014881e-11
-6.8958325e-11
-7.047618e-11
-6.9374999e-11
-6.9880941e-11
-7.035713e-11
-7.1279746e-11
-7.0267847e-11
-6.8839268e-11
-7.1339275e-11
-7.1458325e-11
-7.2648804e-11
-7.035713e-11
-7.2113093e-11
-7.0863079e-11
-7.1190463e-11
-7.0535702e-11
-7.0892847e-11
-7.0267847e-11
-7.2738086e-11
-6.973213e-11
-6.9999992e-11
-7.0089275e-11
-7.1755941e-11
-7.1964275e-11
-7.1339275e-11
-7.0178564e-11
-7.1517847e-11
-7.1160709e-11
-6.9136898e-11
-6.9672608e-11
-7.0714275e-11
-7.1011898e-11
-6.9851187e-11
-7.0803557e-11
-6.9374992e-11
-6.8809514e-11
-7.1488086e-11
-7.0267847e-11
-7.0297601e-11
-7.1636891e-11
-6.9642847e-11
-6.9642854e-11
-7.0297608e-11
-6.8660709e-11
-7.047618e-11
-7.056547e-11
-7.0476174e-11
-7.0744043e-11
-7.0238093e-11
-7.0505948e-11
-7.0416659e-11
-6.931547e-11
-6.910713e-11
-7.0803564e-11
-7.0803557e-11
-6.9910702e-11
-7.1130934e-11
-7.0624985e-11
-6.9821413e-11
-7.0208325e-11
-7.0714282e-11
-7.1488093e-11
-7.0505941e-11
-7.0238086e-11
-6.9285702e-11
-6.9196419e-11
-6.7291651e-11
-7.0029753e-11
-6.9374985e-11
-7.065476e-11
-6.9523796e-11
-6.985118e-11
-7.136905e-11
-6.8124992e-11
-6.9999992e-11
-7.035713e-11
-6.7440463e-11
-7.1011898e-11
-6.8303557e-11
-6.9464282e-11
-6.9434514e-11
-6.8184514e-11
-6.8988093e-11
-6.8660709e-11
-6.9136905e-11
-6.8928564e-11
-6.9196426e-11
-6.8541658e-11
-6.7648803e-11
-6.9523803e-11
-6.940476e-11
-6.8214281e-11
-6.8541658e-11
-6.9910709e-11
-6.7886897e-11
-6.7857137e-11
-6.964284e-11
-7.0624992e-11
-6.9702376e-11
-6.9166659e-11
-6.8244042e-11
-6.9732137e-11
-6.8928564e-11
-6.8303557e-11
-6.9880934e-11
-6.8422615e-11
-6.9017847e-11
-6.8958318e-11
-6.9345231e-11
-6.8244042e-11
-7.107142e-11
-7.0267854e-11
-6.922618e-11
-6.8392847e-11
-6.8779753e-11
-6.9315463e-11
-6.9672615e-11
-6.9791659e-11
-6.8363086e-11
-6.9345231e-11
-6.7232137e-11
-6.8988086e-11
-6.9702369e-11
-6.9315463e-11
-7.0059521e-11
-6.7797608e-11
-6.8095224e-11
-6.9255948e-11
-6.8988086e-11
-6.8035709e-11
-6.994047e-11
-6.9464275e-11
-6.9374992e-11
-6.8392854e-11
-6.9136898e-11
-6.9642847e-11
-6.7738086e-11
-6.8035702e-11
-6.9494042e-11
-6.9613086e-11
-6.9017854e-11
-6.9017847e-11
-6.8184521e-11
-6.9761898e-11
-6.8988086e-11
-6.9434521e-11
-6.8958318e-11
-6.9136891e-11
-7.2083325e-11
-6.9553557e-11
-7.0089282e-11
-6.9553564e-11
-6.9047615e-11
-7.0714282e-11
-7.0208318e-11
-6.931547e-11
-6.8988086e-11
-6.922618e-11
-7.0922615e-11
-7.035713e-11
-7.0505948e-11
-7.0624992e-11
-6.8928564e-11
-7.0535709e-11
-6.9464275e-11
-7.0952369e-11
-6.8988086e-11
-6.8958325e-11
-6.9553564e-11
-7.1249992e-11
-6.8154753e-11
-7.0089282e-11
-6.8720224e-11
-6.9077376e-11
-7.0178557e-11
-7.0624985e-11
-7.065476e-11
-7.0148803e-11
-7.1339282e-11
-7.0863079e-11
-6.9583325e-11
-7.0238086e-11
-6.9523796e-11
-6.9613086e-11
-6.7589281e-11
-7.1785702e-11
-7.1428564e-11
-7.0535702e-11
-7.0892854e-11
-6.8273796e-11
-6.9464275e-11
-7.0952376e-11
-6.9196419e-11
-7.110118e-11
-6.9374992e-11
-7.0208318e-11
-6.6904746e-11
-6.9017854e-11
-6.8809528e-11
-6.9434514e-11
-6.9523796e-11
-6.9553564e-11
-6.8035702e-11
-6.9999992e-11
-6.9880948e-11
-6.8839281e-11
-6.9791652e-11
-7.0565463e-11
-7.0684514e-11
-6.9970231e-11
-6.9702369e-11
-6.8749992e-11
-6.9583325e-11
-7.0476187e-11
-6.8065463e-11
-6.9077376e-11
-6.7738093e-11
-6.9523803e-11
-6.8363086e-11
-6.9583325e-11
-7.110118e-11
-7.1011891e-11
-6.9821419e-11
-6.7529746e-11
-6.8571426e-11
-6.9255948e-11
-6.8928564e-11
-7.0178564e-11
-6.9880941e-11
-6.8333325e-11
-6.8809514e-11
-6.9315463e-11
-7.0863086e-11
-6.9374999e-11
-6.8124992e-11
-6.9523803e-11
-6.9702376e-11
-6.9196419e-11
-6.9315463e-11
-7.1815463e-11
-7.0267847e-11
-6.9434514e-11
-6.8214268e-11
-6.7857137e-11
-6.9910709e-11
-6.9613086e-11
-7.0208325e-11
-6.9464275e-11
-7.0416666e-11
-6.8095231e-11
-7.047618e-11
-7.0089282e-11
-6.9494042e-11
-6.8839281e-11
-6.9434514e-11
-6.9940463e-11
-6.8898789e-11
-6.7738086e-11
-6.9017847e-11
-6.985118e-11
-6.8482137e-11
-7.0297608e-11
-6.8749992e-11
-7.098213e-11
-6.9583325e-11
-6.9583325e-11
-7.0357137e-11
-6.8452369e-11
-6.7202376e-11
-6.8601187e-11
-6.8898796e-11
-6.8809521e-11
-6.8422615e-11
-6.8452376e-11
-6.7708318e-11
-6.8690463e-11
-6.9523803e-11
-6.7261897e-11
-6.9255948e-11
-7.0595231e-11
-6.994047e-11
-6.9017847e-11
-6.8630948e-11
-6.8839275e-11
-6.8779746e-11
-6.8035702e-11
-6.8958318e-11
-6.8184514e-11
-6.7380941e-11
-6.7738086e-11
-6.7857137e-11
-6.8749992e-11
-6.9255948e-11
-6.8720224e-11
-6.8720224e-11
-6.8214281e-11
-6.7589274e-11
-6.8779753e-11
-6.8035716e-11
-6.8779746e-11
-6.8958318e-11
-6.7589281e-11
-6.9464275e-11
-6.7589274e-11
-6.7470224e-11
-6.9166659e-11
-6.9761898e-11
-6.7589281e-11
-6.7976187e-11
-6.8720231e-11
-6.6636897e-11
-6.8749992e-11
-7.0416659e-11
-6.860118e-11
-6.9077369e-11
-6.8422615e-11
-6.9017847e-11
-6.797618e-11
-6.7648803e-11
-6.7827376e-11
-6.8065463e-11
-6.6785702e-11
-6.8839281e-11
-6.8511898e-11
-6.8244042e-11
-6.9196412e-11
-6.8541652e-11
-6.985118e-11
-6.8571419e-11
-6.8392854e-11
-6.9613086e-11
-6.9880948e-11
-6.9434514e-11
-6.8898803e-11
-6.8779753e-11
-6.8779746e-11
-6.8988093e-11
-6.860118e-11
-6.8095231e-11
-6.8482123e-11
-6.8690477e-11
-7.0267847e-11
-6.8065463e-11
-6.922618e-11
-6.9285709e-11
-6.8779753e-11
-7.0238086e-11
-7.0238093e-11
-7.0773797e-11
-6.9404753e-11
-6.9345231e-11
-6.7708332e-11
-6.910713e-11
-6.8779746e-11
-6.940476e-11
-6.9404753e-11
-7.0535709e-11
-6.9940463e-11
-6.9285702e-11
-6.9136891e-11
-6.9761898e-11
-6.9732123e-11
-6.8869035e-11
-7.0386898e-11
-6.8630934e-11
-7.1785702e-11
-6.8511891e-11
-6.7410702e-11
-6.9166659e-11
-7.0178564e-11
-6.6249992e-11
-6.9642847e-11
-6.9791659e-11
-6.8005941e-11
-6.9047601e-11
-6.815476e-11
-6.8184514e-11
-6.7648796e-11
-6.7499992e-11
-6.8005948e-11
-6.8005948e-11
-6.9761898e-11
-6.9017847e-11
-6.860118e-11
-6.7857137e-11
-6.8630941e-11
-6.8482137e-11
-6.7946412e-11
-6.630952e-11
-6.7797615e-11
-6.8333325e-11
-6.8035702e-11
-6.8511904e-11
-6.8452369e-11
-6.9553564e-11
-6.8779753e-11
-6.9434507e-11
-6.7738086e-11
-6.7172608e-11
-6.9404753e-11
-6.7529746e-11
-6.7738086e-11
-6.9345231e-11
-6.8690463e-11
-6.7261897e-11
-7.047618e-11
-6.7767847e-11
-6.8214275e-11
-6.8630941e-11
-6.7916658e-11
-6.7916658e-11
-6.8511898e-11
-6.985118e-11
-6.8511891e-11
-6.7886904e-11
-6.9464275e-11
-6.8839275e-11
-6.8720231e-11
-6.9553557e-11
-6.6666658e-11
-6.8660709e-11
-6.994047e-11
-6.9880934e-11
-6.8244035e-11
-6.7916658e-11
-6.815476e-11
-6.9613079e-11
-7.044642e-11
-7.0119036e-11
-6.9523796e-11
-6.8839281e-11
-7.0208318e-11
-6.6874992e-11
-6.9523803e-11
-6.7499992e-11
-6.9434514e-11
-6.9017854e-11
-6.9434514e-11
-6.7023796e-11
-6.8184514e-11
-6.8630941e-11
-6.994047e-11
-6.922618e-11
-6.8839268e-11
-6.7946419e-11
-6.8333325e-11
-6.9672615e-11
-6.9553557e-11
-6.8779753e-11
-6.806547e-11
-7.035713e-11
-6.8720238e-11
-6.8392847e-11
-6.9464268e-11
-6.8452369e-11
-6.8303564e-11
-6.8303564e-11
-6.9940463e-11
-6.8392847e-11
-6.9880941e-11
-6.9642847e-11
-6.9285702e-11
-6.8690463e-11
-6.8869042e-11
-6.735118e-11
-7.1041666e-11
-6.8244042e-11
-6.9345231e-11
-6.9821419e-11
-6.8839275e-11
-6.9077376e-11
-6.9642854e-11
-6.6845231e-11
-7.0178564e-11
-6.9136891e-11
-6.7678564e-11
-7.0297608e-11
-6.9166659e-11
-6.8005948e-11
-6.9404753e-11
-6.985118e-11
-6.4970224e-11
-6.7797601e-11
-6.8482137e-11
-6.7886904e-11
-6.7738086e-11
-6.9047615e-11
-6.9702369e-11
-6.8333325e-11
-6.8690463e-11
-6.9315477e-11
-6.8363079e-11
-6.9136898e-11
-6.8452376e-11
-6.8571419e-11
-6.9345231e-11
-6.6101187e-11
-6.8452369e-11
-6.9315463e-11
-6.7886897e-11
-6.8928571e-11
-6.8660709e-11
-6.869047e-11
-6.7559514e-11
-6.7827376e-11
-6.9761898e-11
-6.8333325e-11
-6.9017847e-11
-6.744047e-11
-6.7499992e-11
-6.9196419e-11
-6.8720231e-11
-6.8273796e-11
-6.9434514e-11
-6.8124992e-11
-7.107142e-11
-6.7291651e-11
-6.7916658e-11
-6.9374992e-11
-6.8184514e-11
-6.8184514e-11
-6.7291665e-11
-6.8809514e-11
-6.9107137e-11
-6.7291651e-11
-6.8452369e-11
-6.7797601e-11
-6.6994042e-11
-6.9404746e-11
-6.7380941e-11
-6.7261897e-11
-6.7589281e-11
-6.8720224e-11
-6.8005941e-11
-7.0833325e-11
-6.9434514e-11
-6.9672608e-11
-6.8720224e-11
-6.8422615e-11
-6.8035709e-11
-6.8869035e-11
-6.7261891e-11
-6.8928564e-11
-6.8511898e-11
-7.047618e-11
-6.9732137e-11
-6.6398803e-11
-6.8333318e-11
-6.9999992e-11
-6.8571419e-11
-6.8630934e-11
-6.7946419e-11
-6.860118e-11
-6.8720231e-11
-6.8214275e-11
-6.9732137e-11
-6.9523796e-11
-6.8720224e-11
-6.7619035e-11
-6.9583325e-11
-6.7797601e-11
-6.8124992e-11
-6.735118e-11
-6.9791652e-11
-6.8571412e-11
-6.8333318e-11
-6.9374999e-11
-6.9285709e-11
-6.8869035e-11
-6.8869042e-11
-7.0029753e-11
-6.7410709e-11
-6.8124992e-11
-6.797618e-11
-6.910713e-11
-6.7321412e-11
-6.8511898e-11
-6.7797608e-11
-7.0565477e-11
-6.8095231e-11
-6.7023803e-11
-6.8244042e-11
-6.7708325e-11
-6.8422615e-11
-6.7440463e-11
-6.8333325e-11
-6.8452369e-11
-6.660713e-11
-6.8720231e-11
-6.6755941e-11
-6.6071419e-11
-6.7767847e-11
-6.6041658e-11
-6.7708325e-11
-6.619047e-11
-6.9136891e-11
-6.6994035e-11
-6.6190463e-11
-6.7708318e-11
-6.8303564e-11
-6.6309513e-11
-6.6755948e-11
-6.5505948e-11
-6.7261897e-11
-6.630952e-11
-6.6845231e-11
-6.8244035e-11
-6.7321426e-11
-6.7767847e-11
-6.7619042e-11
-6.8690463e-11
-6.8273803e-11
-6.9255941e-11
-6.6845231e-11
-6.7886891e-11
-6.735118e-11
-6.8005941e-11
-6.6964274e-11
-6.7738093e-11
-6.7232137e-11
-6.7946412e-11
-6.8214281e-11
-6.7023796e-11
-6.8839281e-11
-6.5684513e-11
-6.6994042e-11
-6.8184514e-11
-6.8749985e-11
-6.9077369e-11
-6.7113079e-11
-6.8184514e-11
-6.7589281e-11
-6.8452376e-11
-6.7797615e-11
-6.735118e-11
-6.9017854e-11
-6.8095231e-11
-6.8095231e-11
-6.7380941e-11
-6.8273796e-11
-6.9999992e-11
-6.8839281e-11
-6.7261897e-11
-6.735118e-11
-6.8749992e-11
-6.8214281e-11
-6.9047601e-11
-6.931547e-11
-6.8690463e-11
-6.8214275e-11
-6.8005948e-11
-6.9672608e-11
-6.9166652e-11
-6.6696419e-11
-6.7738086e-11
-7.0208325e-11
-6.9285709e-11
-6.8035702e-11
-6.7083325e-11
-6.7559507e-11
-7.0089275e-11
-6.7767847e-11
-6.9017847e-11
-6.9226173e-11
-7.0119036e-11
-6.8392854e-11
-6.8095231e-11
-6.848213e-11
-6.6815463e-11
-6.8273803e-11
-6.8511898e-11
-6.8124992e-11
-6.7797608e-11
-6.7827376e-11
-6.7589281e-11
-6.7767847e-11
-6.8244035e-11
-6.6934513e-11
-6.9255941e-11
-6.7886897e-11
-6.8452369e-11
-6.6041658e-11
-6.785713e-11
-6.7619035e-11
-6.8958318e-11
-6.8869042e-11
-6.6994042e-11
-6.8273803e-11
-6.815476e-11
-6.7380941e-11
-6.8303564e-11
-6.8303564e-11
-6.9226173e-11
-6.7589281e-11
-6.860118e-11
-6.7589274e-11
-6.8571419e-11
-6.815476e-11
-6.8749992e-11
-6.8363086e-11
-6.6994042e-11
-6.7678564e-11
-6.7886897e-11
-6.5952376e-11
-6.7023796e-11
-6.8869035e-11
-6.7499985e-11
-6.8571426e-11
-6.8839275e-11
-6.7083325e-11
-6.744047e-11
-6.9285709e-11
-6.7172615e-11
-6.6636897e-11
-6.9553557e-11
-6.7380941e-11
-6.8184514e-11
-6.6964281e-11
-6.8214275e-11
-6.7797615e-11
-6.7172615e-11
-6.6994035e-11
-6.7738086e-11
-6.9374992e-11
-6.6874992e-11
-6.672618e-11
-6.6904746e-11
-6.6339281e-11
-6.6964274e-11
-6.672618e-11
-6.8005948e-11
-6.8660709e-11
-6.7648796e-11
-6.744047e-11
-6.806547e-11
-6.940476e-11
-6.8452376e-11
-6.8154753e-11
-6.7619042e-11
-6.7589281e-11
-6.7797608e-11
-6.8541658e-11
-6.910713e-11
-6.7023796e-11
-6.7499992e-11
-6.9196412e-11
-6.8720224e-11
-6.9226187e-11
-6.815476e-11
-6.8333325e-11
-6.8660702e-11
-6.9910702e-11
-6.848213e-11
-6.9285702e-11
-6.8511898e-11
-6.9077376e-11
-6.7440463e-11
-6.8898796e-11
-6.9255941e-11
-6.848213e-11
-6.8601187e-11
-6.9404753e-11
-6.9315463e-11
-6.9404753e-11
-6.8779753e-11
-6.7797608e-11
-6.7410702e-11
-6.9374992e-11
-6.7767847e-11
-6.8214275e-11
-6.7261897e-11
-6.8244035e-11
-6.8809514e-11
-6.7202369e-11
-7.0238086e-11
-6.8035709e-11
-6.6994042e-11
-6.6636897e-11
-6.8511898e-11
-6.6696412e-11
-6.7172608e-11
-6.7380934e-11
-6.9761898e-11
-6.7678571e-11
-6.8005948e-11
-6.7202376e-11
-6.7410709e-11
-6.8095231e-11
-6.8541658e-11
-6.8005948e-11
-6.8184514e-11
-6.7529753e-11
-6.7857137e-11
-6.7946419e-11
-6.6904753e-11
-6.839284e-11
-6.8958318e-11
-6.9464268e-11
-6.7916658e-11
-6.8392854e-11
-6.7916658e-11
-6.7410709e-11
-6.5952369e-11
-6.7886897e-11
-6.7708325e-11
-6.6755948e-11
-6.7797608e-11
-6.5982129e-11
-6.6994035e-11
-6.7589274e-11
-6.8124985e-11
-6.5059513e-11
-6.7380941e-11
-6.6696412e-11
-6.8630941e-11
-6.8482137e-11
-6.6428564e-11
-6.6785702e-11
-6.5684513e-11
-6.7589281e-11
-6.785713e-11
-6.6755948e-11
-6.7916658e-11
-6.6369035e-11
-6.6249992e-11
-6.7827376e-11
-6.7738086e-11
-6.7529753e-11
-6.672618e-11
-6.672618e-11
-6.7380948e-11
-6.7470231e-11
-6.8124992e-11
-6.6517847e-11
-6.7470231e-11
-6.8422608e-11
-6.7886897e-11
-6.6904746e-11
-6.7946426e-11
-6.8541658e-11
-6.5892847e-11
-6.6964281e-11
-6.6726173e-11
-6.8333325e-11
-6.7499985e-11
-6.6666651e-11
-6.7083325e-11
-6.8363086e-11
-6.8124999e-11
-6.7827376e-11
-6.8035716e-11
-6.8630934e-11
-6.6428564e-11
-6.610118e-11
-6.6845238e-11
-6.7321419e-11
-6.7797608e-11
-6.547618e-11
-6.9077369e-11
-6.8660709e-11
-6.8749992e-11
-6.7827376e-11
-6.7499992e-11
-6.7380934e-11
-6.6249992e-11
-6.6666651e-11
-6.5773796e-11
-6.7083318e-11
-6.5982143e-11
-6.6874992e-11
-6.8422608e-11
-6.8214281e-11
-6.6726173e-11
-6.8541658e-11
-6.7291651e-11
-6.7797601e-11
-6.7589281e-11
-6.6488086e-11
-6.6726173e-11
-6.5357136e-11
-6.7648789e-11
-6.660713e-11
-6.8809514e-11
-6.5297601e-11
-6.910713e-11
-6.7172608e-11
-6.8214281e-11
-6.6398803e-11
-6.7797608e-11
-6.6964274e-11
-6.5744042e-11
-6.6755941e-11
-6.8273796e-11
-6.9494036e-11
-6.8452376e-11
-6.7410702e-11
-6.672618e-11
-6.8720231e-11
-6.7023796e-11
-6.8273796e-11
-6.806547e-11
-6.764881e-11
-6.8273796e-11
-6.785713e-11
-6.672618e-11
-6.8065463e-11
-7.0357137e-11
-6.8779753e-11
-6.7767847e-11
-6.5892847e-11
-6.8035702e-11
-6.7410709e-11
-6.7886897e-11
-6.6160702e-11
-6.9315463e-11
-6.7410709e-11
-6.6964274e-11
-6.8244035e-11
-6.9077376e-11
-7.1309507e-11
-6.6964274e-11
-6.785713e-11
-6.8779753e-11
-6.9136898e-11
-6.6726187e-11
-6.9613093e-11
-6.6874992e-11
-6.8422615e-11
-6.860118e-11
-6.6369035e-11
-6.6279746e-11
-6.8541658e-11
-6.735118e-11
-6.8511898e-11
-6.8630948e-11
-6.9047608e-11
-6.8690463e-11
-6.6934513e-11
-6.8482144e-11
-6.7172615e-11
-6.7589274e-11
-6.7619035e-11
-6.7767847e-11
-6.7321426e-11
-6.8809514e-11
-6.7559514e-11
-6.7767847e-11
-6.8660702e-11
-6.7767847e-11
-6.8541658e-11
-7.0744043e-11
-6.6666658e-11
-6.8988086e-11
-6.7767847e-11
-6.7619035e-11
-6.7916651e-11
-6.8273796e-11
-6.8571426e-11
-6.8690463e-11
-6.860118e-11
-6.6755941e-11
-6.6666658e-11
-6.9821426e-11
-6.7827376e-11
-6.7499992e-11
-6.860118e-11
-6.7738086e-11
-6.5178564e-11
-6.9464282e-11
-6.7202369e-11
-6.7797608e-11
-6.735118e-11
-6.6845231e-11
-6.8869035e-11
-6.6547608e-11
-6.8273796e-11
-6.8303564e-11
-6.7410702e-11
-6.672618e-11
-6.7113086e-11
-6.7619035e-11
-6.8988079e-11
-6.7440463e-11
-6.8184514e-11
-6.9821413e-11
-6.7142854e-11
-6.7589281e-11
-6.7321426e-11
-6.6339281e-11
-6.6517847e-11
-6.8005941e-11
-6.6458332e-11
-6.6547615e-11
-6.7083325e-11
-6.860118e-11
-6.9672615e-11
-6.6398803e-11
-6.690476e-11
-6.7648796e-11
-6.8422615e-11
-6.8839275e-11
-6.7648789e-11
-6.8660702e-11
-6.6785702e-11
-6.8333325e-11
-6.8869035e-11
-6.8541658e-11
-6.7083325e-11
-6.7499992e-11
-6.6011897e-11
-6.6874992e-11
-6.7202376e-11
-6.8363086e-11
-6.6517847e-11
-6.8749992e-11
-6.815476e-11
-6.9285702e-11
-6.8482137e-11
-6.8095238e-11
-6.6190463e-11
-6.8958325e-11
-6.6577369e-11
-6.8541658e-11
-6.7202369e-11
-6.660713e-11
-6.8273803e-11
-6.7470231e-11
-6.7321419e-11
-6.8958325e-11
-6.8124992e-11
-6.8095231e-11
-6.5863079e-11
-6.815476e-11
-6.6130941e-11
-6.735118e-11
-6.8630948e-11
-6.8958325e-11
-6.806547e-11
-6.6874992e-11
-6.9196419e-11
-6.7678564e-11
-6.815476e-11
-6.9434514e-11
-6.9642847e-11
-6.7916658e-11
-6.8928564e-11
-6.8630941e-11
-6.5803564e-11
-6.8690463e-11
-6.8898803e-11
-6.7708325e-11
-6.7410702e-11
-6.7142854e-11
-6.7261897e-11
-6.8660709e-11
-6.797618e-11
-6.9017854e-11
-6.8779746e-11
-6.7767854e-11
-6.7083325e-11
-6.8005948e-11
-6.7440463e-11
-6.9434514e-11
-6.9494042e-11
-6.7142847e-11
-6.8184514e-11
-6.7291658e-11
-6.8482137e-11
-6.6041658e-11
-6.785713e-11
-6.797618e-11
-6.815476e-11
-6.6696419e-11
-6.8511904e-11
-6.7976187e-11
-6.9047608e-11
-6.744047e-11
-6.660713e-11
-6.7261897e-11
-6.7172608e-11
-6.7678564e-11
-6.8005948e-11
-6.8005948e-11
-6.8363086e-11
-6.7708325e-11
-6.6904746e-11
-6.5386897e-11
-6.7261897e-11
-6.6369035e-11
-6.7529753e-11
-6.6458318e-11
-6.6815463e-11
-6.7321419e-11
-6.735118e-11
-6.6130948e-11
-6.7648796e-11
-6.6994042e-11
-6.6755948e-11
-6.681547e-11
-6.663689e-11
-6.6815477e-11
-6.8244035e-11
-6.8005948e-11
-6.7113086e-11
-6.735118e-11
-6.7142847e-11
-6.6398796e-11
-6.7559514e-11
-7.0029746e-11
-6.6755948e-11
-6.7410702e-11
-6.7589274e-11
-6.7470231e-11
-6.839284e-11
-6.8630941e-11
-6.6964281e-11
-6.5922608e-11
-6.8184514e-11
-6.848213e-11
-6.7380941e-11
-6.8363086e-11
-6.6309513e-11
-6.7470231e-11
-6.9285702e-11
-6.7678564e-11
-6.7172615e-11
-6.5714281e-11
-6.6815463e-11
-6.8690463e-11
-6.7559514e-11
-6.6964281e-11
-6.7142847e-11
-6.8660702e-11
-6.5982129e-11
-6.7619035e-11
-6.7886897e-11
-6.8273803e-11
-6.7708332e-11
-6.690476e-11
-6.6160702e-11
-6.9047615e-11
-6.8095231e-11
-6.8571426e-11
-6.8005948e-11
-6.8273796e-11
-6.7499992e-11
-6.8809507e-11
-6.8363079e-11
-6.8869035e-11
-6.6964274e-11
-6.8184514e-11
-6.7261891e-11
-6.6845231e-11
-6.6696412e-11
-6.6755948e-11
-6.663689e-11
-6.5952369e-11
-6.6994042e-11
-6.7827376e-11
-6.7678564e-11
-6.9107137e-11
-7.056547e-11
-6.6904753e-11
-6.860118e-11
-6.6041651e-11
-6.7946419e-11
-6.7738093e-11
-6.7202369e-11
-6.6904753e-11
-6.8214275e-11
-6.8244042e-11
-6.8839281e-11
-6.7202376e-11
-6.755952e-11
-6.8422615e-11
-6.8809514e-11
-6.8660709e-11
-6.6874985e-11
-6.7738086e-11
-6.6964274e-11
-6.6964281e-11
-6.7023803e-11
-6.8035709e-11
-6.660713e-11
-6.6279753e-11
-6.9166659e-11
-6.7232137e-11
-6.4642847e-11
-6.6398803e-11
-6.5446412e-11
-6.6309513e-11
-6.7410709e-11
-6.6517847e-11
-6.5922615e-11
-6.7678564e-11
-6.5357129e-11
-6.7142854e-11
-6.6696412e-11
-6.6041658e-11
-6.5595231e-11
-6.6190463e-11
-6.6369035e-11
-6.6249992e-11
-6.6369042e-11
-6.6488093e-11
-6.5744042e-11
-6.7678571e-11
-6.6428564e-11
-6.6249992e-11
-6.6130941e-11
-6.7946419e-11
-6.5029759e-11
-6.485118e-11
-6.5327375e-11
-6.6755948e-11
-6.6994042e-11
-6.6666651e-11
-6.8154753e-11
-6.7380948e-11
-6.6160709e-11
-6.797618e-11
-6.7172615e-11
-6.7172608e-11
-6.8035702e-11
-6.6636897e-11
-6.8988086e-11
-6.7321419e-11
-6.5773796e-11
-6.7886897e-11
-6.9791652e-11
-6.8422615e-11
-6.7083325e-11
-6.8749992e-11
-6.8690463e-11
-6.8124992e-11
-6.5922615e-11
-6.8898803e-11
-6.9613086e-11
-6.9494042e-11
-6.764881e-11
-6.848213e-11
-6.8660709e-11
-6.8869035e-11
-6.8541665e-11
-6.9255948e-11
-6.860118e-11
-6.7738079e-11
-6.7886904e-11
-6.9434514e-11
-6.848213e-11
-6.8571419e-11
-6.8363079e-11
-6.7708318e-11
-6.7053557e-11
-6.7857137e-11
-6.7738093e-11
-6.8839275e-11
-6.9672608e-11
-6.785713e-11
-6.7886897e-11
-6.5863093e-11
-6.8571426e-11
-6.7172615e-11
-6.8124992e-11
-6.7619042e-11
-6.6577376e-11
-6.7589274e-11
-6.7113079e-11
-6.9285702e-11
-6.7827376e-11
-6.7083325e-11
-6.931547e-11
-6.735118e-11
-6.797618e-11
-6.5684513e-11
-6.8244042e-11
-6.7142847e-11
-6.7797601e-11
-6.8630948e-11
-6.7410709e-11
-6.7648789e-11
-6.744047e-11
-6.7708332e-11
-6.7708325e-11
-6.7708318e-11
-6.8303564e-11
-6.8273796e-11
-6.7470224e-11
-6.8154753e-11
-6.5327375e-11
-6.8541658e-11
-6.663689e-11
-6.806547e-11
-6.755952e-11
-6.9255948e-11
-6.7708325e-11
-6.8095231e-11
-6.8005941e-11
-6.9374992e-11
-6.7083325e-11
-6.7738086e-11
-6.6785702e-11
-6.7738079e-11
-6.7886897e-11
-6.5744042e-11
-6.6726187e-11
-6.8422608e-11
-6.6071419e-11
-6.6041658e-11
-6.7202369e-11
-6.7827369e-11
-6.702381e-11
-6.8154753e-11
-6.6666658e-11
-6.8660709e-11
-6.6220231e-11
-6.5327375e-11
-6.6874992e-11
-6.7916658e-11
-6.4821419e-11
-6.6934513e-11
-6.7113093e-11
-6.7886897e-11
-6.690476e-11
-6.6994035e-11
-6.8422615e-11
-6.7589274e-11
-6.7172615e-11
-6.8988086e-11
-6.8095231e-11
-6.8839281e-11
-6.8184514e-11
-6.7619042e-11
-7.0773797e-11
-6.9017847e-11
-6.8839281e-11
-6.8809514e-11
-6.9613086e-11
-6.8749992e-11
-6.994047e-11
-6.8571419e-11
-7.0714268e-11
-6.985118e-11
-6.8511891e-11
-6.8749992e-11
-6.755952e-11
-6.8184514e-11
-6.9642847e-11
-6.8363086e-11
-6.663689e-11
-6.7589274e-11
-6.7946412e-11
-6.8452383e-11
-6.9107137e-11
-6.8541652e-11
-6.8749992e-11
-6.7738079e-11
-6.7738086e-11
-6.7797608e-11
-6.7886897e-11
-6.7797608e-11
-6.8273796e-11
-6.7738086e-11
-6.7321426e-11
-6.7261897e-11
-6.8303564e-11
-6.7797608e-11
-6.7202369e-11
-6.7648803e-11
-6.7232137e-11
-6.8630941e-11
-6.8422608e-11
-6.735118e-11
-6.7380941e-11
-6.7797622e-11
-6.6517847e-11
-6.8333325e-11
-6.8065463e-11
-6.7053557e-11
-6.7291658e-11
-6.6577369e-11
-6.6369049e-11
-6.7886891e-11
-6.7351187e-11
-6.8005948e-11
-6.8779753e-11
-6.6190463e-11
-6.7648803e-11
-6.7291658e-11
-6.8541658e-11
-6.6636904e-11
-6.5505948e-11
-6.6696419e-11
-6.7232137e-11
-6.6934507e-11
-6.7261897e-11
-6.6934513e-11
-6.6339281e-11
-6.7261904e-11
-6.7648803e-11
-6.6726187e-11
-6.6636904e-11
-6.7410702e-11
-6.8571412e-11
-6.7708318e-11
-6.5803557e-11
-6.6517847e-11
-6.5922608e-11
-6.8839281e-11
-6.6904746e-11
-6.6874985e-11
-6.6964267e-11
-6.9285702e-11
-6.7470231e-11
-6.8005941e-11
-6.7827369e-11
-6.6607136e-11
-6.7976173e-11
-6.7053557e-11
-6.610118e-11
-6.8541652e-11
-6.6904753e-11
-6.7678564e-11
-6.7083325e-11
-6.5892847e-11
-6.672618e-11
-6.8809521e-11
-6.7053564e-11
-6.7380941e-11
-6.8244042e-11
-6.5833325e-11
-6.6845231e-11
-6.9196412e-11
-6.7827376e-11
-6.8958325e-11
-6.7142854e-11
-6.7499992e-11
-6.755952e-11
-6.9166652e-11
-6.7172608e-11
-6.6726187e-11
-6.7023796e-11
-6.6547608e-11
-6.8005948e-11
-6.7261897e-11
-6.8095231e-11
-6.8303564e-11
-6.6696419e-11
-6.6874992e-11
-6.7113093e-11
-6.8333325e-11
-6.7380948e-11
-6.8809514e-11
-6.8065463e-11
-6.7499992e-11
-6.6488086e-11
-7.1160702e-11
-6.9910709e-11
-6.6517847e-11
-6.6517847e-11
-6.6130948e-11
-6.8095224e-11
-6.8095231e-11
-6.8511898e-11
-6.7470224e-11
-6.7232137e-11
-6.7827376e-11
-6.6726187e-11
-6.8869035e-11
-6.5535702e-11
-6.681547e-11
-6.5416658e-11
-6.839284e-11
-6.6517847e-11
-6.5833325e-11
-6.5684513e-11
-6.6815477e-11
-6.7589281e-11
-6.7083325e-11
-6.7410709e-11
-6.7113079e-11
-6.5684513e-11
-6.6339274e-11
-6.6994042e-11
-6.6130941e-11
-6.6011897e-11
-6.494047e-11
-6.660713e-11
-6.6488093e-11
-6.8482137e-11
-6.5595231e-11
-6.7708318e-11
-6.8095231e-11
-6.6041651e-11
-6.735118e-11
-6.7113079e-11
-6.7261897e-11
-6.6904753e-11
-6.6458325e-11
-6.6190463e-11
-6.7053571e-11
-6.755952e-11
-6.6726194e-11
-6.8511898e-11
-6.5952376e-11
-6.5446412e-11
-6.7767847e-11
-6.6666665e-11
-6.7202369e-11
-6.7827369e-11
-6.7380941e-11
-6.6517847e-11
-6.5803557e-11
-6.6815477e-11
-6.6428571e-11
-6.7291651e-11
-6.672618e-11
-6.6517847e-11
-6.7261891e-11
-6.7619049e-11
-6.6458325e-11
-6.7261897e-11
-6.6428557e-11
-6.660713e-11
-6.5773803e-11
-6.8511891e-11
-6.5059513e-11
-6.6071426e-11
-6.7261897e-11
-6.8273803e-11
-6.6517847e-11
-6.6279753e-11
-6.7499992e-11
-6.5595231e-11
-6.5357136e-11
-6.7142847e-11
-6.6190463e-11
-6.6130948e-11
-6.5833325e-11
-6.7023796e-11
-6.6845231e-11
-6.4910709e-11
-6.7410702e-11
-6.6547608e-11
-6.8095231e-11
-6.7172608e-11
-6.6755948e-11
-6.690476e-11
-6.7113086e-11
-6.6547601e-11
-6.6874985e-11
-6.5833325e-11
-6.672618e-11
-6.5744042e-11
-6.735118e-11
-6.6428564e-11
-6.5714274e-11
-6.8154753e-11
-6.4613079e-11
-6.7827376e-11
-6.5714274e-11
-6.7470224e-11
-6.6607136e-11
-6.7470224e-11
-6.5624992e-11
-6.8214281e-11
-6.7053564e-11
-6.6994035e-11
-6.5565463e-11
-6.6488093e-11
-6.8660709e-11
-6.6458325e-11
-6.7142847e-11
-6.6845224e-11
-6.6934513e-11
-6.6428564e-11
-6.4851187e-11
-6.6785702e-11
-6.6755948e-11
-6.7946412e-11
-6.6071419e-11
-6.7886897e-11
-6.7886897e-11
-6.5267847e-11
-6.8095231e-11
-6.8422615e-11
-6.660713e-11
-6.6369035e-11
-6.8065463e-11
-6.735118e-11
-6.7172608e-11
-6.7470231e-11
-6.8095231e-11
-6.7083325e-11
-6.7589274e-11
-6.7113086e-11
-6.7053557e-11
-6.672618e-11
-6.6934513e-11
-6.7202369e-11
-6.7678564e-11
-6.6339281e-11
-6.5982136e-11
-6.5446419e-11
-6.7202369e-11
-6.7113079e-11
-6.7410695e-11
-6.6904753e-11
-6.806547e-11
-6.5654759e-11
-6.7023796e-11
-6.601189e-11
-6.9226187e-11
-6.7916658e-11
-6.5327375e-11
-6.7202369e-11
-6.7410709e-11
-6.7738086e-11
-6.7738093e-11
-6.7380941e-11
-6.7380948e-11
-6.7470224e-11
-6.6130934e-11
-6.6279753e-11
-6.7470231e-11
-6.7440463e-11
-6.6517847e-11
-6.8511898e-11
-6.6339274e-11
-6.7648803e-11
-6.6488093e-11
-6.8095231e-11
-6.6220224e-11
-6.8303571e-11
-6.6428564e-11
-6.6994042e-11
-6.6874992e-11
-6.6577376e-11
-6.8124985e-11
-6.8035702e-11
-6.7827376e-11
-6.7083325e-11
-6.735118e-11
-6.9196419e-11
-6.7440463e-11
-6.797618e-11
-6.660713e-11
-6.8333325e-11
-6.7142847e-11
-6.6011897e-11
-6.7946419e-11
-6.8273803e-11
-6.7291651e-11
-6.5505948e-11
-6.7142847e-11
-6.7767847e-11
-6.6696412e-11
-6.6904753e-11
-6.5714281e-11
-6.6785702e-11
-6.7589281e-11
-6.7886891e-11
-6.6607136e-11
-6.6369035e-11
-6.7410709e-11
-6.7499992e-11
-6.5773796e-11
-6.7261891e-11
-6.8095231e-11
-6.797618e-11
-6.8571412e-11
-6.7648803e-11
-6.5744035e-11
-6.6696419e-11
-6.5952369e-11
-6.4672614e-11
-6.5416658e-11
-6.7857137e-11
-6.6458325e-11
-6.6160709e-11
-6.6964267e-11
-6.672618e-11
-6.7559527e-11
-6.6488093e-11
-6.5386897e-11
-6.5833325e-11
-6.6815463e-11
-6.6130948e-11
-6.7916658e-11
-6.7916658e-11
-6.7678564e-11
-6.8809514e-11
-6.5416658e-11
-6.5535702e-11
-6.6666658e-11
-6.547618e-11
-6.6488086e-11
-6.6249992e-11
-6.5833325e-11
-6.630952e-11
-6.5773796e-11
-6.7053564e-11
-6.7053564e-11
-6.6696412e-11
-6.7440463e-11
-6.4494042e-11
-6.485118e-11
-6.5357129e-11
-6.601189e-11
-6.5744035e-11
-6.7738093e-11
-6.6874992e-11
-6.672618e-11
-6.5446412e-11
-6.7232143e-11
-6.7261897e-11
-6.7261891e-11
-6.5744035e-11
-6.5535709e-11
-6.7529753e-11
-6.7023796e-11
-6.6547608e-11
-6.7946419e-11
-6.7589281e-11
-6.6636897e-11
-6.8869035e-11
-6.672618e-11
-6.7738093e-11
-6.5565463e-11
-6.9880934e-11
-6.7648803e-11
-6.8244042e-11
-6.7619042e-11
-6.9583318e-11
-6.877976e-11
-6.7738093e-11
-6.7499992e-11
-6.7648803e-11
-6.7619035e-11
-6.7797622e-11
-6.8422608e-11
-6.8333325e-11
-6.7023803e-11
-6.7678564e-11
-6.9821413e-11
-6.7083325e-11
-6.6517854e-11
-6.672618e-11
-6.8928564e-11
-6.7113079e-11
-6.6994042e-11
-6.7083325e-11
-6.7946412e-11
-6.6994035e-11
-6.7886891e-11
-6.7023796e-11
-6.6964274e-11
-6.7113093e-11
-6.7202369e-11
-6.7857137e-11
-6.889881e-11
-6.8779753e-11
-6.7172615e-11
-6.6488079e-11
-6.7529753e-11
-6.7886897e-11
-6.8690463e-11
-6.7886897e-11
-6.6488086e-11
-6.7559514e-11
-6.6458318e-11
-6.7142847e-11
-6.610118e-11
-6.6488086e-11
-6.7291651e-11
-6.538689e-11
-6.8363079e-11
-6.7202376e-11
-6.8333325e-11
-6.735118e-11
-6.7827369e-11
-6.5773796e-11
-6.797618e-11
-6.7708325e-11
-6.5982129e-11
-6.7083325e-11
-6.4672614e-11
-6.7321419e-11
-6.7499992e-11
-6.660713e-11
-6.8779746e-11
-6.5982136e-11
-6.8511898e-11
-6.6726173e-11
-6.752976e-11
-6.5119035e-11
-6.5654759e-11
-6.5744035e-11
-6.6130948e-11
-6.6428564e-11
-6.6309513e-11
-6.7708318e-11
-6.5446412e-11
-6.6279753e-11
-6.8571419e-11
-6.6696412e-11
-6.6964281e-11
-6.6458318e-11
-6.7916658e-11
-6.5803557e-11
-6.7857137e-11
-6.6458318e-11
-6.7797608e-11
-6.6279753e-11
-6.6369035e-11
-6.610118e-11
-6.6398803e-11
-6.6339281e-11
-6.6964281e-11
-6.6428564e-11
-6.6130941e-11
-6.6398789e-11
-6.660713e-11
-6.663689e-11
-6.5833325e-11
-6.7976187e-11
-6.6041651e-11
-6.5773803e-11
-6.6517847e-11
-6.7619035e-11
-6.610118e-11
-6.5803564e-11
-6.5357136e-11
-6.5892847e-11
-6.6488093e-11
-6.6369035e-11
-6.672618e-11
-6.735118e-11
-6.7619042e-11
-6.7261897e-11
-6.5416658e-11
-6.7648803e-11
-6.6636897e-11
-6.6994042e-11
-6.7410702e-11
-6.7470224e-11
-6.7559514e-11
-6.7678564e-11
-6.7291651e-11
-6.7529746e-11
-6.6309506e-11
-6.6755941e-11
-6.6874992e-11
-6.7797615e-11
-6.5892847e-11
-6.6011897e-11
-6.7142847e-11
-6.7499992e-11
-6.6755948e-11
-6.5803564e-11
-6.6398796e-11
-6.6369042e-11
-6.6041658e-11
-6.6874999e-11
-6.6636897e-11
-6.589284e-11
-6.5297615e-11
-6.7946419e-11
-6.5982129e-11
-6.7172615e-11
-6.7410702e-11
-6.7648796e-11
-6.7946412e-11
-6.7291651e-11
-6.5863086e-11
-6.735118e-11
-6.7410702e-11
-6.797618e-11
-6.7142854e-11
-6.6339281e-11
-6.7202369e-11
-6.6339281e-11
-6.5982123e-11
-6.505952e-11
-6.5178557e-11
-6.7142847e-11
-6.5803564e-11
-6.8244042e-11
-6.7202376e-11
-6.6249992e-11
-6.7142854e-11
-6.5565463e-11
-6.619047e-11
-6.7113086e-11
-6.589284e-11
-6.6220238e-11
-6.6160709e-11
-6.5386897e-11
-6.6279746e-11
-6.5297615e-11
-6.6577376e-11
-6.5535709e-11
-6.7797601e-11
-6.7648796e-11
-6.6636904e-11
-6.5267847e-11
-6.5327375e-11
-6.6011897e-11
-6.6547615e-11
-6.6369035e-11
-6.7619035e-11
-6.6874992e-11
-6.6994035e-11
-6.6547608e-11
-6.5744042e-11
-6.6488093e-11
-6.6458332e-11
-6.610118e-11
-6.7202369e-11
-6.6011897e-11
-6.6934513e-11
-6.556547e-11
-6.6458325e-11
-6.610118e-11
-6.6904753e-11
-6.5803557e-11
-6.610118e-11
-6.6398803e-11
-6.6309506e-11
-6.7172615e-11
-6.735118e-11
-6.5595231e-11
-6.6636897e-11
-6.9166659e-11
-6.5654752e-11
-6.5684513e-11
-6.610118e-11
-6.7291651e-11
-6.6130948e-11
-6.5863086e-11
-6.7380948e-11
-6.7440463e-11
-6.5624992e-11
-6.6755948e-11
-6.5684513e-11
-6.8839268e-11
-6.7886891e-11
-6.610118e-11
-6.8392847e-11
-6.8720224e-11
-6.556547e-11
-6.5982136e-11
-6.6547608e-11
-6.6934513e-11
-6.8035709e-11
-6.7886897e-11
-6.7202369e-11
-6.8571419e-11
-6.8095224e-11
-6.7410709e-11
-6.7202369e-11
-6.7738086e-11
-6.8005941e-11
-6.6636897e-11
-6.723213e-11
-6.8779746e-11
-6.6339274e-11
-6.7767847e-11
-6.7380948e-11
-6.6249992e-11
-6.6934513e-11
-6.7113079e-11
-6.8035702e-11
-6.6249992e-11
-6.7023796e-11
-6.7291658e-11
-6.5803564e-11
-6.6785709e-11
-6.7619035e-11
-6.7232137e-11
-6.6398796e-11
-6.8898803e-11
-6.7113086e-11
-6.6964274e-11
-6.485118e-11
-6.6994042e-11
-6.5059513e-11
-6.797618e-11
-6.6339281e-11
-6.6547601e-11
-6.7767854e-11
-6.630952e-11
-6.5744035e-11
-6.6101187e-11
-6.7440463e-11
-6.6755948e-11
-6.752976e-11
-6.58631e-11
-6.6488086e-11
-6.7083325e-11
-6.5922615e-11
-6.6547615e-11
-6.8392854e-11
-6.6160709e-11
-6.6398796e-11
-6.6041658e-11
-6.6636904e-11
-6.4464274e-11
-6.6666658e-11
-6.6041658e-11
-6.7708325e-11
-6.702381e-11
-6.6666658e-11
-6.6994042e-11
-6.6845231e-11
-6.6517847e-11
-6.6130948e-11
-6.8958318e-11
-6.660713e-11
-6.7321426e-11
-6.7172615e-11
-6.7976187e-11
-6.5505941e-11
-6.8005948e-11
-6.8511898e-11
-6.7440463e-11
-6.8214268e-11
-6.6279753e-11
-6.6577369e-11
-6.7678571e-11
-6.7291651e-11
-6.5952369e-11
-6.7916651e-11
-6.6339281e-11
-6.7380941e-11
-6.7767847e-11
-6.6934513e-11
-6.735118e-11
-6.7172608e-11
-6.785713e-11
-6.7916658e-11
-6.6577376e-11
-6.6071412e-11
-6.4642847e-11
-6.7827376e-11
-6.5892854e-11
-6.7470238e-11
-6.827381e-11
-6.7410709e-11
-6.6696412e-11
-6.735118e-11
-6.7142847e-11
-6.7232137e-11
-6.6428564e-11
-6.735118e-11
-6.6220231e-11
-6.6041658e-11
-6.8779753e-11
-6.7172608e-11
-6.6071426e-11
-6.8809514e-11
-6.7202369e-11
-6.9136891e-11
-6.8541658e-11
-6.8214275e-11
-6.8541652e-11
-7.0029753e-11
-6.7738086e-11
-6.7767847e-11
-6.6696412e-11
-6.8184514e-11
-6.6874985e-11
-6.7886897e-11
-6.7291651e-11
-6.6220238e-11
-6.8005948e-11
-6.7857137e-11
-6.6845231e-11
-6.7678564e-11
-6.806547e-11
-6.714284e-11
-6.7827369e-11
-6.6279746e-11
-6.6577369e-11
-6.610118e-11
-6.7083325e-11
-6.7946419e-11
-6.6994042e-11
-6.6279753e-11
-6.6279746e-11
-6.6249992e-11
-6.7142854e-11
-6.6071419e-11
-6.7053564e-11
-6.8124992e-11
-6.6130941e-11
-6.6249992e-11
-6.8809514e-11
-6.7053564e-11
-6.5148803e-11
-6.6339274e-11
-6.6220238e-11
-6.6874999e-11
-6.6071419e-11
-6.815476e-11
-6.681547e-11
-6.6160709e-11
-6.6011897e-11
-6.6785702e-11
-6.6785709e-11
-6.6874992e-11
-6.7529753e-11
-6.735118e-11
-6.7053564e-11
-6.7113079e-11
-6.8809521e-11
-6.7380941e-11
-6.4910709e-11
-6.6130941e-11
-6.5565477e-11
-6.7946412e-11
-6.5863086e-11
-6.6666658e-11
-6.8065463e-11
-6.7172608e-11
-6.7589274e-11
-6.6845224e-11
-6.7470217e-11
-6.6696419e-11
-6.8095231e-11
-6.7113086e-11
-6.6934513e-11
-6.7678564e-11
-6.8541658e-11
-6.755952e-11
-6.8363086e-11
-6.785713e-11
-6.7113086e-11
-6.7946419e-11
-6.7767847e-11
-6.8928557e-11
-6.7053564e-11
-6.6755941e-11
-6.8035702e-11
-6.7976187e-11
-6.8184514e-11
-6.6964267e-11
-6.7053557e-11
-6.681547e-11
-6.9583325e-11
-6.6220224e-11
-6.9494042e-11
-6.848213e-11
-6.7499992e-11
-6.8839281e-11
-6.785713e-11
-6.6874985e-11
-6.9880934e-11
-6.9583325e-11
-6.5446419e-11
-6.7946419e-11
-6.8273796e-11
-6.8422615e-11
-6.7440463e-11
-6.7321419e-11
-6.8392847e-11
-6.7053557e-11
-6.5297615e-11
-6.8005941e-11
-6.5416658e-11
-6.6874985e-11
-6.7380934e-11
-6.7053564e-11
-6.660713e-11
-6.6279746e-11
-6.6845231e-11
-6.8273796e-11
-6.6517847e-11
-6.6011897e-11
-6.7797615e-11
-6.7023803e-11
-6.7738086e-11
-6.7023796e-11
-6.7827376e-11
-6.7410702e-11
-6.6934513e-11
-6.5982129e-11
-6.7261897e-11
-6.639881e-11
-6.5744042e-11
-6.547618e-11
-6.6755941e-11
-6.5654746e-11
-6.7113093e-11
-6.7946419e-11
-6.5684513e-11
-6.7767847e-11
-6.7976187e-11
-6.8452369e-11
-6.6874985e-11
-6.8035716e-11
-6.8303564e-11
-6.735118e-11
-6.6994042e-11
-6.6398803e-11
-6.7827376e-11
-6.5773796e-11
-6.5327375e-11
-6.6547601e-11
-6.6904753e-11
-6.7321419e-11
-6.6428564e-11
-6.7619035e-11
-6.6458325e-11
-6.5833325e-11
-6.9077376e-11
-6.7827376e-11
-6.848213e-11
-6.7053557e-11
-6.8928564e-11
-6.4642847e-11
-6.7797608e-11
-6.7767847e-11
-6.7172608e-11
-6.5803557e-11
-6.7172608e-11
-6.8124999e-11
-6.6071412e-11
-6.9761905e-11
-6.6220231e-11
-6.7113086e-11
-6.8779753e-11
-6.663689e-11
-6.7589274e-11
-6.8303557e-11
-6.6398803e-11
-6.7113093e-11
-6.6607136e-11
-6.660713e-11
-6.6339274e-11
-6.6785702e-11
-6.6785709e-11
-6.7023796e-11
-6.7976173e-11
-6.7113093e-11
-6.7708332e-11
-6.7380948e-11
-6.7172608e-11
-6.6755948e-11
-6.7440463e-11
-6.7232137e-11
-6.7380941e-11
-6.6934513e-11
-6.735118e-11
-6.6488086e-11
-6.8095238e-11
-6.7559514e-11
-6.8839281e-11
-6.6428564e-11
-6.6130941e-11
-6.6785702e-11
-6.8333325e-11
-6.6964274e-11
-6.7827369e-11
-6.4613093e-11
-6.5089281e-11
-6.6696412e-11
-6.589284e-11
-6.6249992e-11
-6.6071419e-11
-6.6190463e-11
-6.6994042e-11
-6.6636897e-11
-6.7410709e-11
-6.6785702e-11
-6.6934513e-11
-6.6398796e-11
-6.6994042e-11
-6.5624992e-11
-6.6994042e-11
-6.6577376e-11
-6.735118e-11
-6.6190463e-11
-6.7023796e-11
-6.5892847e-11
-6.6190463e-11
-6.6309513e-11
-6.7172615e-11
-6.6190463e-11
-6.4642847e-11
-6.5208325e-11
-6.5624985e-11
-6.4970224e-11
-6.6785709e-11
-6.6726187e-11
-6.4702375e-11
-6.6339274e-11
-6.6666658e-11
-6.6458318e-11
-6.5208318e-11
-6.6428564e-11
-6.7559514e-11
-6.5505948e-11
-6.485118e-11
-6.6458318e-11
-6.5267847e-11
-6.6785709e-11
-6.485118e-11
-6.6904753e-11
-6.4285709e-11
-6.568452e-11
-6.6041658e-11
-6.7142847e-11
-6.4672614e-11
-6.5238086e-11
-6.5029752e-11
-6.5476187e-11
-6.4553571e-11
-6.690476e-11
-6.5208318e-11
-6.6249992e-11
-6.6517847e-11
-6.5119042e-11
-6.6160695e-11
-6.5982136e-11
-6.6160702e-11
-6.4404745e-11
-6.6964274e-11
-6.6577369e-11
-6.5684513e-11
-6.5535709e-11
-6.6964274e-11
-6.6785702e-11
-6.7589274e-11
-6.6994042e-11
-6.7172608e-11
-6.6577376e-11
-6.5982129e-11
-6.6547608e-11
-6.6011897e-11
-6.8244035e-11
-6.8244042e-11
-6.797618e-11
-6.8005948e-11
-6.6309513e-11
-6.672618e-11
-6.7499992e-11
-6.7053571e-11
-6.5803564e-11
-6.8511898e-11
-6.5922615e-11
-6.7648803e-11
-6.6071426e-11
-6.9374992e-11
-6.7113079e-11
-6.7321419e-11
-6.6785702e-11
-6.8422615e-11
-6.6904753e-11
-6.6755948e-11
-6.6815463e-11
-6.8214281e-11
-6.7619042e-11
-6.6577369e-11
-6.6994042e-11
-6.7767847e-11
-6.6220238e-11
-6.6071412e-11
-6.5535709e-11
-6.6874985e-11
-6.6755948e-11
-6.660713e-11
-6.5595224e-11
-6.5446419e-11
-6.6428564e-11
-6.6904753e-11
-6.6964274e-11
-6.6190463e-11
-6.6755948e-11
-6.5744042e-11
-6.6696419e-11
-6.5357129e-11
-6.589284e-11
-6.6071412e-11
-6.6755941e-11
-6.4999992e-11
-6.4553571e-11
-6.6755941e-11
-6.5446419e-11
-6.6160702e-11
-6.6309513e-11
-6.6845231e-11
-6.6160709e-11
-6.556547e-11
-6.4613086e-11
-6.5357143e-11
-6.5773796e-11
-6.7678564e-11
-6.5267847e-11
-6.6428564e-11
-6.4910709e-11
-6.6666658e-11
-6.6934513e-11
-6.6904753e-11
-6.5744035e-11
-6.764881e-11
-6.5505941e-11
-6.6249985e-11
-6.7053557e-11
-6.7053564e-11
-6.5744042e-11
-6.6994035e-11
-6.7857137e-11
-6.7172615e-11
-6.7797601e-11
-6.6428564e-11
-6.5416658e-11
-6.4970231e-11
-6.7202369e-11
-6.7202376e-11
-6.4999985e-11
-6.6785702e-11
-6.9166659e-11
-6.735118e-11
-6.8452376e-11
-6.7767847e-11
-6.8511898e-11
-6.6249992e-11
-6.7321412e-11
-6.7172615e-11
-6.6220224e-11
-6.7529753e-11
-6.6696426e-11
-6.7291665e-11
-6.6934513e-11
-6.7589281e-11
-6.9702376e-11
-6.7172608e-11
-6.7708325e-11
-6.8809514e-11
-6.4404759e-11
-6.7648803e-11
-6.7499992e-11
-6.6874999e-11
-6.6190463e-11
-6.8660702e-11
-6.8303571e-11
-6.7797615e-11
-6.6041658e-11
-6.7142847e-11
-6.6755948e-11
-6.7619042e-11
-6.8392854e-11
-6.556547e-11
-6.619047e-11
-6.5208318e-11
-6.6458318e-11
-6.714284e-11
-6.8095231e-11
-6.7886897e-11
-6.7708318e-11
-6.6874999e-11
-6.6011897e-11
-6.7589281e-11
-6.8303557e-11
-6.5922615e-11
-6.7678564e-11
-6.815476e-11
-6.547618e-11
-6.7410709e-11
-6.7648803e-11
-6.7470224e-11
-6.797618e-11
-6.6934513e-11
-6.4613093e-11
-6.7351187e-11
-6.6220238e-11
-6.6547615e-11
-6.7113086e-11
-6.6696419e-11
-6.7470231e-11
-6.7053557e-11
-6.660713e-11
-6.6041651e-11
-6.5624992e-11
-6.6994035e-11
-6.7589281e-11
-6.663689e-11
-6.5892854e-11
-6.610118e-11
-6.6517847e-11
-6.5684513e-11
-6.5446419e-11
-6.7678564e-11
-6.7589281e-11
-6.6130955e-11
-6.6011897e-11
-6.5922615e-11
-6.7708332e-11
-6.5148796e-11
-6.6220231e-11
-6.6339281e-11
-6.7202369e-11
-6.7589274e-11
-6.610118e-11
-6.744047e-11
-6.5833325e-11
-6.6309513e-11
-6.7172608e-11
-6.5803564e-11
-6.6666658e-11
-6.6041658e-11
-6.6130941e-11
-6.6011897e-11
-6.6994035e-11
-6.4880941e-11
-6.6488093e-11
-6.6666651e-11
-6.6517847e-11
-6.5863079e-11
-6.5922615e-11
-6.7202369e-11
-6.5357129e-11
-6.6160709e-11
-6.7827376e-11
-6.7470224e-11
-6.7113086e-11
-6.6994035e-11
-6.5863079e-11
-6.8244042e-11
-6.5684513e-11
-6.5446412e-11
-6.9196412e-11
-6.755952e-11
-6.6041658e-11
-6.5416658e-11
-6.6755948e-11
-6.7142854e-11
-6.6666658e-11
-6.610118e-11
-6.660713e-11
-6.6488086e-11
-6.5714274e-11
-6.6815463e-11
-6.505952e-11
-6.9196426e-11
-6.6636897e-11
-6.8422608e-11
-6.5714274e-11
-6.6279746e-11
-6.681547e-11
-6.806547e-11
-6.7202369e-11
-6.7232137e-11
-6.538689e-11
-6.7261897e-11
-6.6785702e-11
-6.744047e-11
-6.5922608e-11
-6.7827376e-11
-6.619047e-11
-6.7083325e-11
-6.744047e-11
-6.6517847e-11
-6.6130948e-11
-6.7083325e-11
-6.6428564e-11
-6.6130941e-11
-6.7738093e-11
-6.6666658e-11
-6.5505948e-11
-6.5089281e-11
-6.4613086e-11
-6.6517847e-11
-6.5863086e-11
-6.6339274e-11
-6.6458332e-11
-6.5892847e-11
-6.630952e-11
-6.5029752e-11
-6.5714274e-11
-6.5327375e-11
-6.6577376e-11
-6.6071419e-11
-6.5119035e-11
-6.6636897e-11
-6.6130948e-11
-6.7291658e-11
-6.6071426e-11
-6.5119042e-11
-6.5744042e-11
-6.6279753e-11
-6.5892847e-11
-6.723213e-11
-6.5238093e-11
-6.6755948e-11
-6.5773803e-11
-6.5892854e-11
-6.5535702e-11
-6.6755948e-11
-6.4642854e-11
-6.705355e-11
-6.6874992e-11
-6.6458325e-11
-6.5744042e-11
-6.5982129e-11
-6.6547608e-11
-6.6994035e-11
-6.5773803e-11
-6.672618e-11
-6.6130941e-11
-6.5982129e-11
-6.6160709e-11
-6.690476e-11
-6.4374991e-11
-6.5565463e-11
-6.556547e-11
-6.6577369e-11
-6.4970231e-11
-6.6488093e-11
-6.4374991e-11
-6.6547608e-11
-6.6577369e-11
-6.6011897e-11
-6.6458318e-11
-6.7886904e-11
-6.7738086e-11
-6.8035716e-11
-6.9255948e-11
-6.660713e-11
-6.7678557e-11
-6.4642847e-11
-6.7261897e-11
-6.7708325e-11
-6.6755948e-11
-6.6071419e-11
-6.8184514e-11
-6.6309527e-11
-6.6696412e-11
-6.6874992e-11
-6.6249992e-11
-6.6398803e-11
-6.6071426e-11
-6.7529746e-11
-6.6696412e-11
-6.610118e-11
-6.8124992e-11
-6.7678564e-11
-6.6220238e-11
-6.8333325e-11
-6.6488086e-11
-6.6220224e-11
-6.5624992e-11
-6.5119035e-11
-6.690476e-11
-6.797618e-11
-6.6547608e-11
-6.5267854e-11
-6.6964274e-11
-6.5595231e-11
-6.5327369e-11
-6.714284e-11
-6.6339274e-11
-6.6755948e-11
-6.538689e-11
-6.8214275e-11
-6.6666658e-11
-6.6220224e-11
-6.4791658e-11
-6.6517847e-11
-6.5535702e-11
-6.6279746e-11
-6.5654759e-11
-6.6755948e-11
-6.6755948e-11
-6.3898803e-11
-6.7589274e-11
-6.3928564e-11
-6.690476e-11
-6.6339281e-11
-6.5595231e-11
-6.6428564e-11
-6.6249992e-11
-6.4910702e-11
-6.7321419e-11
-6.6398803e-11
-6.6041658e-11
-6.8988079e-11
-6.7589281e-11
-6.6428557e-11
-6.7261897e-11
-6.4285716e-11
-6.690476e-11
-6.7172608e-11
-6.7232137e-11
-6.8452376e-11
-6.6964281e-11
-6.6309513e-11
-6.4642854e-11
-6.5833318e-11
-6.6428564e-11
-6.6577369e-11
-6.5029752e-11
-6.6071412e-11
-6.5922615e-11
-6.547618e-11
-6.6398803e-11
-6.5327362e-11
-6.5624992e-11
-6.6130948e-11
-6.755952e-11
-6.7053557e-11
-6.6458325e-11
-6.6130941e-11
-6.4702368e-11
-6.723213e-11
-6.6160695e-11
-6.6964281e-11
-6.6398796e-11
-6.6190463e-11
-6.5654759e-11
-6.7113086e-11
-6.7202369e-11
-6.8244042e-11
-6.5416658e-11
-6.5357129e-11
-6.6309513e-11
-6.7470231e-11
-6.6279746e-11
-6.5863086e-11
-6.7023803e-11
-6.6309506e-11
-6.735118e-11
-6.9672615e-11
-6.8005941e-11
-6.6517847e-11
-6.7827376e-11
-6.6904753e-11
-6.8303564e-11
-6.6488086e-11
-6.6369035e-11
-6.6041658e-11
-6.5386904e-11
-6.7232137e-11
-6.6517847e-11
-6.6964281e-11
-6.860118e-11
-6.6696419e-11
-6.6577369e-11
-6.7410709e-11
-6.5714267e-11
-6.9226187e-11
-6.8035702e-11
-6.5833325e-11
-6.6517854e-11
-6.5595231e-11
-6.7083325e-11
-6.6309506e-11
-6.6666651e-11
-6.7172608e-11
-6.6696412e-11
-6.7142847e-11
-6.6904753e-11
-6.7291658e-11
-6.6755941e-11
-6.6964281e-11
-6.6934513e-11
-6.735118e-11
-6.8482144e-11
-6.3809513e-11
-6.7291651e-11
-6.5654759e-11
-6.6845231e-11
-6.5565477e-11
-6.5803564e-11
-6.7113086e-11
-6.6428564e-11
-6.5595224e-11
-6.5238086e-11
-6.5922608e-11
-6.6309506e-11
-6.7083325e-11
-6.6666651e-11
-6.5922615e-11
-6.5119035e-11
-6.7946412e-11
-6.6517847e-11
-6.6488086e-11
-6.6547622e-11
-6.619047e-11
-6.494047e-11
-6.5535702e-11
-6.610118e-11
-6.5922608e-11
-6.6249992e-11
-6.6726187e-11
-6.7708332e-11
-6.5416658e-11
-6.6517854e-11
-6.6488079e-11
-6.7589281e-11
-6.568452e-11
-6.5416658e-11
-6.681547e-11
-6.5535702e-11
-6.6666658e-11
-6.610118e-11
-6.6369035e-11
-6.610118e-11
-6.7678564e-11
-6.5267847e-11
-6.5892847e-11
-6.5952369e-11
-6.5416658e-11
-6.547618e-11
-6.6964281e-11
-6.4285709e-11
-6.8184514e-11
-6.6845231e-11
-6.7113086e-11
-6.6547601e-11
-6.6249985e-11
-6.6011897e-11
-6.6845224e-11
-6.6279753e-11
-6.6458325e-11
-6.6398803e-11
-6.6160702e-11
-6.6249992e-11
-6.4940463e-11
-6.5297615e-11
-6.7023796e-11
-6.5744042e-11
-6.5327369e-11
-6.6845231e-11
-6.7202369e-11
-6.6130948e-11
-6.6994035e-11
-6.672618e-11
-6.4494042e-11
-6.8005948e-11
-6.6428564e-11
-6.6279746e-11
-6.7767847e-11
-6.5505948e-11
-6.3958325e-11
-6.6547608e-11
-6.7053564e-11
-6.6488079e-11
-6.5446419e-11
-6.8630948e-11
-6.9047615e-11
-6.6874985e-11
-6.4940463e-11
-6.6994042e-11
-6.6130948e-11
-6.6428564e-11
-6.6309513e-11
-6.5684513e-11
-6.610118e-11
-6.7142847e-11
-6.6130948e-11
-6.5178564e-11
-6.7410709e-11
-6.5624992e-11
-6.7767847e-11
-6.5892847e-11
-6.6577376e-11
-6.6666658e-11
-6.5297608e-11
-6.6934513e-11
-6.7321419e-11
-6.651784e-11
-6.7232137e-11
-6.547618e-11
-6.672618e-11
-6.6220238e-11
-6.6249992e-11
-6.7529753e-11
-6.672618e-11
-6.672618e-11
-6.6279753e-11
-6.6517847e-11
-6.5863079e-11
-6.5803564e-11
-6.672618e-11
-6.5744035e-11
-6.6547608e-11
-6.8571419e-11
-6.7261904e-11
-6.6130934e-11
-6.7678564e-11
-6.6577369e-11
-6.7380941e-11
-6.8571412e-11
-6.7113086e-11
-6.5892854e-11
-6.6428564e-11
-6.7797601e-11
-6.6904753e-11
-6.5952369e-11
-6.639881e-11
-6.7142854e-11
-6.5803564e-11
-6.7827376e-11
-6.6458318e-11
-6.6577376e-11
-6.7380941e-11
-6.7708325e-11
-6.7113086e-11
-6.7380941e-11
-6.8720231e-11
-6.6547615e-11
-6.6011897e-11
-6.7261897e-11
-6.7767847e-11
-6.5624998e-11
-6.7529753e-11
-6.8839281e-11
-6.6398803e-11
-6.6160702e-11
-6.7589274e-11
-6.7202369e-11
-6.6517847e-11
-6.4464281e-11
-6.8898796e-11
-6.7053571e-11
-6.7946412e-11
-6.8779746e-11
-6.6130941e-11
-6.6845231e-11
-6.6547608e-11
-6.505952e-11
-6.839284e-11
-6.6279753e-11
-6.7827376e-11
-6.8184514e-11
-6.7083325e-11
-6.5952376e-11
-6.6220238e-11
-6.6726187e-11
-6.7261897e-11
-6.6160702e-11
-6.7797615e-11
-6.6785702e-11
-6.8214268e-11
-6.8154753e-11
-6.7499992e-11
-6.8244035e-11
-6.7053564e-11
-6.5982136e-11
-6.8035702e-11
-6.7470231e-11
-6.815476e-11
-6.5654746e-11
-6.5773803e-11
-6.6071419e-11
-6.8511898e-11
-6.6964274e-11
-6.8720224e-11
-6.5982129e-11
-6.6577376e-11
-6.8392847e-11
-6.7410709e-11
-6.6458325e-11
-6.7172608e-11
-6.8363086e-11
-6.7470231e-11
-6.6398796e-11
-6.6249992e-11
-6.6726187e-11
-6.681547e-11
-6.8869035e-11
-6.5386897e-11
-6.8184514e-11
-6.5714281e-11
-6.6666658e-11
-6.6666658e-11
-6.556547e-11
-6.7410709e-11
-6.5803564e-11
-6.6309513e-11
-6.7648803e-11
-6.7529746e-11
-6.7499992e-11
-6.5892854e-11
-6.5059513e-11
-6.7321426e-11
-6.8124992e-11
-6.5595238e-11
-6.6279753e-11
-6.7738079e-11
-6.5535702e-11
-6.5863093e-11
-6.4464281e-11
-6.5535709e-11
-6.6874992e-11
-6.6249992e-11
-6.619047e-11
-6.4791651e-11
-6.630952e-11
-6.4999992e-11
-6.5833325e-11
-6.5238093e-11
-6.5684513e-11
-6.5982129e-11
-6.4404752e-11
-6.5952376e-11
-6.6130934e-11
-6.5744042e-11
-6.3392847e-11
-6.7232143e-11
-6.4732136e-11
-6.663689e-11
-6.6190463e-11
-6.5238093e-11
-6.6369042e-11
-6.4970231e-11
-6.5297608e-11
-6.6339281e-11
-6.485118e-11
-6.4880934e-11
-6.7053557e-11
-6.5982143e-11
-6.6249992e-11
-6.6428564e-11
-6.7321426e-11
-6.4821426e-11
-6.5416658e-11
-6.7499992e-11
-6.5416658e-11
-6.5535702e-11
-6.6488086e-11
-6.7380948e-11
-6.7232137e-11
-6.5327375e-11
-6.6547608e-11
-6.6696426e-11
-6.6994042e-11
-6.5416658e-11
-6.6547622e-11
-6.4732143e-11
-6.6369049e-11
-6.6011897e-11
-6.5833325e-11
-6.7738086e-11
-6.8422615e-11
-6.6249992e-11
-6.735118e-11
-6.8273796e-11
-6.7589281e-11
-6.7767847e-11
-6.6547601e-11
-6.7499992e-11
-6.6279759e-11
-6.7738086e-11
-6.5922615e-11
-6.6934513e-11
-6.8333325e-11
-6.7559514e-11
-6.6488086e-11
-6.7678557e-11
-6.7678564e-11
-6.7559514e-11
-6.7827376e-11
-6.7797608e-11
-6.6994035e-11
-6.6547608e-11
-6.6339274e-11
-6.755952e-11
-6.7083325e-11
-6.6636897e-11
-6.8065463e-11
-6.6696419e-11
-6.6607136e-11
-6.5386897e-11
-6.7380948e-11
-6.785713e-11
-6.7470224e-11
-6.6369042e-11
-6.7827376e-11
-6.5535702e-11
-6.7619035e-11
-6.8630941e-11
-6.6279759e-11
-6.6160709e-11
-6.5803564e-11
-6.6577376e-11
-6.6458325e-11
-6.660713e-11
-6.5238093e-11
-6.6190463e-11
-6.7232137e-11
-6.6994042e-11
-6.6547615e-11
-6.6755941e-11
-6.5922608e-11
-6.5357136e-11
-6.5744042e-11
-6.6160709e-11
-6.5744035e-11
-6.6071412e-11
-6.6369035e-11
-6.7559514e-11
-6.5238086e-11
-6.6071419e-11
-6.5297608e-11
-6.5654746e-11
-6.7619042e-11
-6.505952e-11
-6.7648803e-11
-6.7529753e-11
-6.6845231e-11
-6.5624992e-11
-6.5982129e-11
-6.5863086e-11
-6.6607136e-11
-6.5327375e-11
-6.6160702e-11
-6.5624985e-11
-6.5238086e-11
-6.3958325e-11
-6.4999992e-11
-6.7619035e-11
-6.672618e-11
-6.5416658e-11
-6.7708318e-11
-6.7946419e-11
-6.6071426e-11
-6.6517847e-11
-6.5624992e-11
-6.7886891e-11
-6.6249992e-11
-6.7678564e-11
-6.5446419e-11
-6.7321419e-11
-6.6398796e-11
-6.7113079e-11
-6.5565477e-11
-6.660713e-11
-6.6904753e-11
-6.7202376e-11
-6.6755948e-11
-6.5892854e-11
-6.7708325e-11
-6.8928564e-11
-6.6101173e-11
-6.9077376e-11
-6.6964274e-11
-6.8184514e-11
-6.8482137e-11
-6.797618e-11
-6.6815463e-11
-6.8749985e-11
-6.7261897e-11
-6.5624985e-11
-6.7619035e-11
-6.7440463e-11
-6.7886897e-11
-6.5922608e-11
-6.7232143e-11
-6.5773796e-11
-6.6160709e-11
-6.6666658e-11
-6.6517854e-11
-6.6339274e-11
-6.6904753e-11
-6.6041658e-11
-6.5803564e-11
-6.6874992e-11
-6.8214275e-11
-6.7499985e-11
-6.6755948e-11
-6.4345231e-11
-6.6547608e-11
-6.6845231e-11
-6.5982129e-11
-6.776784e-11
-6.6666658e-11
-6.4464281e-11
-6.5714267e-11
-6.5029752e-11
-6.6071419e-11
-6.5744042e-11
-6.5654759e-11
-6.6011897e-11
-6.6339274e-11
-6.690476e-11
-6.5684513e-11
-6.610118e-11
-6.6904753e-11
-6.494047e-11
-6.5029745e-11
-6.7023803e-11
-6.5178564e-11
-6.4999992e-11
-6.5208325e-11
-6.6488086e-11
-6.610118e-11
-6.3958318e-11
-6.5922615e-11
-6.5565463e-11
-6.4374991e-11
-6.556547e-11
-6.3482136e-11
-6.5892847e-11
-6.6011904e-11
-6.5863086e-11
-6.5327369e-11
-6.4523796e-11
-6.6845231e-11
-6.4999992e-11
-6.3779759e-11
-6.5624992e-11
-6.5982129e-11
-6.4940463e-11
-6.4166658e-11
-6.5863086e-11
-6.6130948e-11
-6.5416658e-11
-6.4404752e-11
-6.610118e-11
-6.7113086e-11
-6.610118e-11
-6.6220231e-11
-6.6964274e-11
-6.5624992e-11
-6.848213e-11
-6.5773796e-11
-6.6398796e-11
-6.6041658e-11
-6.6577376e-11
-6.5714281e-11
-6.5178564e-11
-6.7678564e-11
-6.6577369e-11
-6.4999992e-11
-6.5624992e-11
-6.6220238e-11
-6.5714274e-11
-6.7529746e-11
-6.5863079e-11
-6.5833325e-11
-6.610118e-11
-6.735118e-11
-6.6577376e-11
-6.8095231e-11
-6.9136898e-11
-6.8273796e-11
-6.7767847e-11
-6.8035716e-11
-6.8184514e-11
-6.5624985e-11
-6.7886897e-11
-6.7976187e-11
-6.8035709e-11
-6.785713e-11
-6.7767847e-11
-6.5297615e-11
-6.785713e-11
-6.5178557e-11
-6.7708318e-11
-6.6904753e-11
-6.6666658e-11
-6.7142861e-11
-6.6607136e-11
-6.7113093e-11
-6.6041658e-11
-6.8005948e-11
-6.7380934e-11
-6.6934513e-11
-6.6458332e-11
-6.5863086e-11
-6.6934513e-11
-6.6666658e-11
-6.7202376e-11
-6.6547608e-11
-6.6874992e-11
-6.5922615e-11
-6.702381e-11
-6.7827376e-11
-6.7559514e-11
-6.4880941e-11
-6.7202369e-11
-6.6666658e-11
-6.7499992e-11
-6.6249992e-11
-6.601189e-11
-6.4553557e-11
-6.6726187e-11
-6.6547608e-11
-6.5089281e-11
-6.6845231e-11
-6.6249992e-11
-6.5208325e-11
-6.6279753e-11
-6.6696419e-11
-6.6249992e-11
-6.5148796e-11
-6.6666658e-11
-6.5386897e-11
-6.5505941e-11
-6.5773796e-11
-6.5505941e-11
-6.660713e-11
-6.5892847e-11
-6.6220231e-11
-6.5922615e-11
-6.5714281e-11
-6.556547e-11
-6.755952e-11
