-5.232639e-11
-4.3576389e-11
-5.2013886e-11
-4.8750001e-11
-4.6597223e-11
-5.1979167e-11
-4.2083333e-11
-4.7534723e-11
-5.0833334e-11
-4.3576389e-11
-5.0659723e-11
-5.1284723e-11
-4.9166667e-11
-5.170139e-11
-4.7326389e-11
-4.5208334e-11
-5.2048612e-11
-5.0347223e-11
-4.8055556e-11
-4.9027778e-11
-4.0694444e-11
-5.3090279e-11
-4.8125001e-11
-5.0000001e-11
-4.65625e-11
-4.7222223e-11
-5.2569442e-11
-4.8715278e-11
-4.5555556e-11
-4.6805556e-11
-4.6111111e-11
-4.6979167e-11
-4.8645834e-11
-5.2256945e-11
-4.5729167e-11
-4.8194445e-11
-5.347222e-11
-4.0555555e-11
-5.0104167e-11
-4.9861112e-11
-3.9930555e-11
-5.8055553e-11
-4.3993056e-11
-5.2499997e-11
-5.545139e-11
-4.0763889e-11
-5.4062501e-11
-5.2256945e-11
-4.2083333e-11
-5.045139e-11
-5.420139e-11
-4.3923611e-11
-4.9756945e-11
-4.6909723e-11
-4.9722223e-11
-5.232639e-11
-4.1180555e-11
-5.6111109e-11
-4.8541667e-11
-4.1423611e-11
-5.7395835e-11
-4.8368056e-11
-4.1701389e-11
-5.0868056e-11
-4.7256945e-11
-4.6736112e-11
-4.7291667e-11
-4.1875e-11
-5.5416664e-11
-4.4791667e-11
-4.4861111e-11
-4.9409723e-11
-3.7013888e-11
-5.8055553e-11
-4.0243055e-11
-5.0902779e-11
-4.2083333e-11
-5.1909723e-11
-4.6701389e-11
-4.8020834e-11
-4.7881945e-11
-4.8020834e-11
-5.1909723e-11
-4.8125001e-11
-4.8750001e-11
-4.7222223e-11
-5.0625001e-11
-4.4097222e-11
-4.8958334e-11
-5.0902779e-11
-4.4861111e-11
-4.6388889e-11
-5.2083331e-11
-4.8680556e-11
-4.4131945e-11
-4.9375001e-11
-4.5208334e-11
-4.6076389e-11
-5.1006945e-11
-4.0729167e-11
-5.0659723e-11
-5.0381945e-11
-4.2152778e-11
-4.4340278e-11
-5.0590278e-11
-5.0104167e-11
-4.5173611e-11
-4.8750001e-11
-4.8229167e-11
-4.6458334e-11
-4.9479167e-11
-4.46875e-11
-5.4444442e-11
-4.1145833e-11
-5.4791664e-11
-4.5451389e-11
-4.3784722e-11
-5.5486109e-11
-3.7951389e-11
-5.2048612e-11
-5.284722e-11
-4.4340278e-11
-4.8263889e-11
-5.4444442e-11
-4.3888889e-11
-5.232639e-11
-4.2604167e-11
-4.75e-11
-5.295139e-11
-4.2291667e-11
-5.1215279e-11
-5.3333331e-11
-3.6979166e-11
-5.1180556e-11
-4.9409723e-11
-4.5763889e-11
-4.6527778e-11
-5.0243056e-11
-4.7291667e-11
-4.6701389e-11
-5.0034723e-11
-4.8125001e-11
-4.7847223e-11
-4.3229167e-11
-5.0659723e-11
-4.53125e-11
-4.6354167e-11
-5.138889e-11
-5.2881945e-11
-4.2291667e-11
-5.1284723e-11
-4.5243056e-11
-4.2951389e-11
-4.8680556e-11
-5.0694445e-11
-4.6909723e-11
-4.2881945e-11
-4.9791667e-11
-4.7222223e-11
-4.5520834e-11
-5.0173612e-11
-4.8506945e-11
-4.5625e-11
-5.1041667e-11
-4.8819445e-11
-4.3541667e-11
-5.2465279e-11
-5.2604168e-11
-4.3298611e-11
-4.4513889e-11
-4.7291667e-11
-5.3854168e-11
-4.6284723e-11
-5.0555556e-11
-5.4652775e-11
-4.5173611e-11
-4.6493056e-11
-5.2083331e-11
-4.4756945e-11
-4.3020833e-11
-5.1215279e-11
-3.9895833e-11
-4.7083334e-11
-4.9548612e-11
-4.6180556e-11
-4.9375001e-11
-4.3680556e-11
-5.6458331e-11
-3.7986111e-11
-5.2916664e-11
-4.9479167e-11
-3.78125e-11
-4.9895834e-11
-4.6805556e-11
-4.8229167e-11
-4.9340278e-11
-4.7986112e-11
-4.6527778e-11
-4.9305556e-11
-5.0277778e-11
-4.6458334e-11
-5.0069445e-11
-4.8298612e-11
-4.6111111e-11
-5.3680553e-11
-4.8020834e-11
-4.4305556e-11
-4.9201389e-11
-4.9305556e-11
-5.2152775e-11
-4.2951389e-11
-5.1319445e-11
-4.8298612e-11
-4.6840278e-11
-5.5208331e-11
-4.9166667e-11
-4.6388889e-11
-4.9375001e-11
-4.6111111e-11
-4.8888889e-11
-5.0833334e-11
-4.7638889e-11
-4.8576389e-11
-5.0486112e-11
-4.6527778e-11
-4.8819445e-11
-4.8645834e-11
-4.9965278e-11
-4.2743056e-11
-5.2361109e-11
-4.9722223e-11
-4.5069445e-11
-5.4618057e-11
-4.5798611e-11
-4.7534723e-11
-4.8819445e-11
-4.9479167e-11
-4.5659723e-11
-4.7326389e-11
-4.7916667e-11
-4.4270834e-11
-5.545139e-11
-4.1631944e-11
-5.1215279e-11
-4.8194445e-11
-4.3402778e-11
-5.1666667e-11
-4.6597223e-11
-4.3402778e-11
-5.2499997e-11
-4.7256945e-11
-4.5173611e-11
-4.8715278e-11
-5.3854168e-11
-4.6180556e-11
-4.7534723e-11
-4.6736112e-11
-4.6354167e-11
-4.8958334e-11
-4.2708333e-11
-5.2812501e-11
-5.2708331e-11
-4.5277778e-11
-5.1111112e-11
-4.3090278e-11
-4.7777778e-11
-4.5694445e-11
-5.0000001e-11
-5.013889e-11
-4.8229167e-11
-5.4340279e-11
-4.4791667e-11
-4.4652778e-11
-5.5590272e-11
-4.7673612e-11
-4.7916667e-11
-5.013889e-11
-4.7083334e-11
-5.0625001e-11
-5.2291664e-11
-4.6076389e-11
-5.2187501e-11
-5.1041667e-11
-4.21875e-11
-5.534722e-11
-5.1354167e-11
-4.5277778e-11
-5.1597223e-11
-5.2534723e-11
-5.3159723e-11
-4.40625e-11
-5.1666667e-11
-4.9236112e-11
-4.59375e-11
-5.2013886e-11
-4.7013889e-11
-5.0312501e-11
-4.9861112e-11
-4.5104167e-11
-5.0937501e-11
-4.5625e-11
-5.3020834e-11
-4.8888889e-11
-4.8020834e-11
-5.1458334e-11
-4.8645834e-11
-4.9027778e-11
-4.9479167e-11
-4.982639e-11
-5.2187501e-11
-4.25e-11
-4.9722223e-11
-5.2708331e-11
-4.5729167e-11
-5.0729167e-11
-4.8229167e-11
-5.0694445e-11
-4.9062501e-11
-4.6493056e-11
-4.8923612e-11
-4.7673612e-11
-4.2881945e-11
-5.347222e-11
-4.5694445e-11
-4.5381945e-11
-5.2152775e-11
-4.7152778e-11
-4.8750001e-11
-5.5590279e-11
-4.6527778e-11
-4.6909723e-11
-4.9097223e-11
-4.2604167e-11
-4.8055556e-11
-4.9131945e-11
-4.34375e-11
-5.1736112e-11
-4.75e-11
-4.3263889e-11
-5.4548612e-11
-4.5069445e-11
-4.4201389e-11
-5.3819442e-11
-4.7291667e-11
-4.3472222e-11
-5.1527779e-11
-4.8333334e-11
-3.9027778e-11
-5.1145834e-11
-4.4270834e-11
-4.9027778e-11
-5.5486109e-11
-3.9756944e-11
-5.3506945e-11
-5.0729167e-11
-4.8645834e-11
-4.7395834e-11
-4.5347223e-11
-5.1736112e-11
-4.5138889e-11
-4.9097223e-11
-4.9270834e-11
-5.0347223e-11
-4.1493056e-11
-4.8888889e-11
-5.1597223e-11
-4.6145834e-11
-4.7708334e-11
-5.3611109e-11
-4.5520834e-11
-4.6770834e-11
-5.0034723e-11
-4.6493056e-11
-4.2777778e-11
-4.75e-11
-5.0555556e-11
-4.8263889e-11
-4.4305556e-11
-4.9270834e-11
-5.1111112e-11
-4.0590278e-11
-5.3368057e-11
-5.2361109e-11
-3.9270833e-11
-5.2152775e-11
-4.8993056e-11
-4.0972222e-11
-5.1319445e-11
-4.5069445e-11
-4.7465278e-11
-4.9375001e-11
-4.5798611e-11
-4.8541667e-11
-4.3680556e-11
-5.0069445e-11
-4.3993056e-11
-5.3020834e-11
-4.7430556e-11
-4.7291667e-11
-4.7986112e-11
-4.1458333e-11
-5.3819442e-11
-4.3263889e-11
-5.0416667e-11
-4.9201389e-11
-4.3993056e-11
-4.5208334e-11
-5.4131945e-11
-4.7638889e-11
-4.3368056e-11
-5.0659723e-11
-4.8125001e-11
-4.6736112e-11
-5.2465279e-11
-4.8020834e-11
-4.5729167e-11
-4.8263889e-11
-4.4861111e-11
-4.5798611e-11
-5.170139e-11
-5.1250001e-11
-4.28125e-11
-5.1666667e-11
-4.9097223e-11
-4.5104167e-11
-5.3229168e-11
-4.6006945e-11
-4.3645833e-11
-5.3124997e-11
-4.5e-11
-4.8888889e-11
-5.1319445e-11
-4.3715278e-11
-5.045139e-11
-4.9236112e-11
-4.2569444e-11
-5.6666664e-11
-4.5590278e-11
-4.5868056e-11
-5.2465279e-11
-4.03125e-11
-4.8159723e-11
-5.1041667e-11
-4.5902778e-11
-5.0486112e-11
-4.7465278e-11
-4.4861111e-11
-4.4791667e-11
-4.6076389e-11
-5.1736112e-11
-4.9409723e-11
-4.6111111e-11
-5.1944442e-11
-4.1458333e-11
-5.5208331e-11
-4.6215278e-11
-5.232639e-11
-4.8819445e-11
-4.9895834e-11
-3.9479166e-11
-4.8055556e-11
-4.8750001e-11
-4.8715278e-11
-5.284722e-11
-4.625e-11
-4.6909723e-11
-4.8402778e-11
-4.7256945e-11
-4.8506945e-11
-4.4236111e-11
-5.2152775e-11
-4.9340278e-11
-4.1909722e-11
-4.6770834e-11
-5.0729167e-11
-5.0972223e-11
-4.3090278e-11
-4.7916667e-11
-4.5729167e-11
-5.1631945e-11
-4.6875e-11
-4.7777778e-11
-4.7083334e-11
-4.7986112e-11
-4.7916667e-11
-4.8680556e-11
-4.6631945e-11
-4.7638889e-11
-5.1284723e-11
-4.6701389e-11
-5.6666664e-11
-4.46875e-11
-4.5798611e-11
-4.8993056e-11
-5.2152775e-11
-4.4895834e-11
-5.3993057e-11
-4.9305556e-11
-4.3993056e-11
-4.8750001e-11
-5.0729167e-11
-4.375e-11
-5.232639e-11
-5.0034723e-11
-5.0520834e-11
-5.2013886e-11
-5.0555556e-11
-4.8368056e-11
-4.3923611e-11
-5.2708331e-11
-4.8229167e-11
-4.8194445e-11
-5.107639e-11
-4.7951389e-11
-5.3611109e-11
-5.3819442e-11
-6.1944443e-11
-6.1111109e-11
-6.1840276e-11
-7.4826381e-11
-6.8472214e-11
-7.7326388e-11
-7.6111097e-11
-8.3055549e-11
-8.8159716e-11
-8.1736111e-11
-8.6666653e-11
-9.1111098e-11
-9.4999987e-11
-9.7256939e-11
-9.8958321e-11
-9.8541654e-11
-9.1944438e-11
-1.0600695e-10
-9.972221e-11
-9.7638876e-11
-1.0312499e-10
-9.7256939e-11
-1.0163195e-10
-1.0187499e-10
-1.0093749e-10
-1.0024306e-10
-1.0302083e-10
-9.493055e-11
-1.0059027e-10
-1.0326388e-10
-9.5347216e-11
-9.7638876e-11
-9.7534716e-11
-9.1701383e-11
-9.6666661e-11
-9.7534723e-11
-9.0486098e-11
-9.6736098e-11
-9.7361091e-11
-9.145832e-11
-9.4861112e-11
-9.1284709e-11
-9.0138876e-11
-8.8506945e-11
-9.1319431e-11
-9.1041646e-11
-8.9027764e-11
-8.8715271e-11
-8.6631938e-11
-8.4270826e-11
-8.770832e-11
-8.6875e-11
-8.5104167e-11
-8.3090278e-11
-8.7673618e-11
-8.03125e-11
-8.8819438e-11
-8.1145833e-11
-8.7326375e-11
-7.8958319e-11
-8.6527771e-11
-7.8784722e-11
-8.6909709e-11
-7.9756937e-11
-8.2361104e-11
-8.2430555e-11
-7.9201395e-11
-8.6076389e-11
-7.6284715e-11
-7.5972215e-11
-8.979166e-11
-7.2048603e-11
-7.6319437e-11
-8.416666e-11
-7.0208325e-11
-7.9826389e-11
-7.8680548e-11
-7.5555548e-11
-7.8888882e-11
-7.3472207e-11
-7.7569437e-11
-8.5104167e-11
-6.8402776e-11
-8.4548604e-11
-7.4201388e-11
-7.4999992e-11
-7.4444437e-11
-7.6770833e-11
-7.0069436e-11
-7.2569437e-11
-7.8611104e-11
-7.2743055e-11
-7.6562499e-11
-7.7222215e-11
-7.2326381e-11
-7.152777e-11
-7.5624992e-11
-6.6354165e-11
-7.3854159e-11
-7.0451388e-11
-7.2638881e-11
-7.2951381e-11
-7.0590277e-11
-7.9340277e-11
-7.0520832e-11
-7.7499999e-11
-6.5659728e-11
-7.4340277e-11
-7.6597215e-11
-6.7395832e-11
-7.2499992e-11
-7.6736111e-11
-6.4131943e-11
-7.5729159e-11
-6.7951388e-11
-7.2777777e-11
-7.7847215e-11
-6.7326381e-11
-6.965277e-11
-6.9270825e-11
-6.9444436e-11
-6.7569436e-11
-6.7569436e-11
-6.7881943e-11
-7.4062499e-11
-6.1249998e-11
-7.4791659e-11
-6.6215276e-11
-6.8993047e-11
-7.465277e-11
-5.7048612e-11
-7.1041659e-11
-6.8680547e-11
-6.4444436e-11
-6.8645839e-11
-7.0798603e-11
-6.8576388e-11
-6.2673616e-11
-6.4583325e-11
-6.545138e-11
-7.3333319e-11
-6.1874998e-11
-6.7916665e-11
-6.9166659e-11
-6.2673609e-11
-6.9340284e-11
-5.8715276e-11
-6.9340277e-11
-6.6597214e-11
-6.6041658e-11
-6.4583332e-11
-6.3090276e-11
-6.7499992e-11
-6.6493054e-11
-6.4305547e-11
-7.1979166e-11
-6.576388e-11
-6.9305554e-11
-6.4062505e-11
-6.7395839e-11
-7.5659715e-11
-6.2951387e-11
-6.513888e-11
-6.284722e-11
-6.8888881e-11
-6.3437498e-11
-6.6562506e-11
-6.8159721e-11
-6.2499991e-11
-6.2361102e-11
-6.7812492e-11
-6.4652769e-11
-6.0312498e-11
-6.5277769e-11
-7.3159714e-11
-5.5486109e-11
-6.7708325e-11
-7.0937499e-11
-5.836806e-11
-6.9305547e-11
-6.4201394e-11
-6.1458325e-11
-6.5833332e-11
-6.8263888e-11
-6.4756943e-11
-6.4791665e-11
-6.2534727e-11
-5.940972e-11
-7.0347221e-11
-5.784722e-11
-6.4236109e-11
-6.6597221e-11
-6.1666665e-11
-6.576388e-11
-6.7256943e-11
-5.5277775e-11
-6.1493054e-11
-6.3298609e-11
-5.8368053e-11
-7.2673603e-11
-5.6180553e-11
-6.3576387e-11
-6.5104158e-11
-6.0902776e-11
-5.9513887e-11
-6.6944443e-11
-5.784722e-11
-6.2152769e-11
-6.1840276e-11
-6.0520838e-11
-6.2604165e-11
-6.5798617e-11
-6.0902776e-11
-6.1354165e-11
-6.3194443e-11
-6.0694443e-11
-6.2048616e-11
-6.2256943e-11
-6.7326394e-11
-5.1562501e-11
-6.4166658e-11
-6.190972e-11
-5.6249998e-11
-7.3020832e-11
-5.5416664e-11
-5.909722e-11
-6.6284714e-11
-5.7499998e-11
-6.1249998e-11
-5.6666664e-11
-6.3020832e-11
-5.7187501e-11
-6.2326387e-11
-6.0451387e-11
-6.1076387e-11
-6.3958332e-11
-6.4305554e-11
-5.4652775e-11
-6.1006943e-11
-6.2986109e-11
-5.2604168e-11
-6.4409728e-11
-5.836806e-11
-6.0312505e-11
-6.4652769e-11
-5.4166664e-11
-6.0659727e-11
-5.9340276e-11
-6.4305554e-11
-5.8888887e-11
-5.6111109e-11
-5.8749998e-11
-5.6006939e-11
-6.4722221e-11
-6.1493054e-11
-5.7048612e-11
-6.8888881e-11
-5.1354167e-11
-5.9166665e-11
-6.2916658e-11
-5.586805e-11
-6.6284721e-11
-5.2604168e-11
-6.3506943e-11
-5.5104168e-11
-5.8437498e-11
-6.2569443e-11
-5.659722e-11
-5.899306e-11
-5.8263887e-11
-5.9548616e-11
-5.8819442e-11
-5.2708331e-11
-6.7534721e-11
-6.3472214e-11
-5.2083331e-11
-6.1944443e-11
-5.7777776e-11
-5.8541665e-11
-6.2152776e-11
-5.6666664e-11
-5.8263887e-11
-5.8437498e-11
-5.3090279e-11
-6.7951381e-11
-5.3749998e-11
-5.5034723e-11
-6.4097221e-11
-5.3645834e-11
-6.1354172e-11
-4.9097223e-11
-6.1076394e-11
-6.0347213e-11
-5.6736109e-11
-6.4687498e-11
-5.5798612e-11
-5.9166665e-11
-6.2187498e-11
-5.1041667e-11
-6.2743061e-11
-5.4131939e-11
-5.4305553e-11
-6.1423616e-11
-5.5069442e-11
-5.9201387e-11
-5.8576394e-11
-6.0729165e-11
-5.9479172e-11
-5.7326383e-11
-6.097222e-11
-5.3368057e-11
-5.5173612e-11
-5.7152776e-11
-5.784722e-11
-5.8749998e-11
-5.8506949e-11
-5.7118057e-11
-6.0555554e-11
-5.8576394e-11
-5.6631939e-11
-5.4444442e-11
-6.2083332e-11
-5.6041664e-11
-6.2812498e-11
-5.4270834e-11
-5.4479168e-11
-6.8263881e-11
-4.8611112e-11
-6.0624991e-11
-6.2152776e-11
-4.5659723e-11
-6.5069443e-11
-5.6354168e-11
-5.5763887e-11
-5.6631946e-11
-5.1493056e-11
-5.9444442e-11
-5.0590278e-11
-5.9374991e-11
-4.8020834e-11
-6.2951387e-11
-5.9305554e-11
-5.0555556e-11
-6.6805547e-11
-4.5868056e-11
-6.1319443e-11
-6.0868054e-11
-5.2187501e-11
-6.263888e-11
-5.3819442e-11
-5.847222e-11
-5.4583331e-11
-4.9097223e-11
-6.2638887e-11
-5.784722e-11
-4.7465278e-11
-5.7673605e-11
-5.7534717e-11
-5.2465279e-11
-5.7812501e-11
-5.5034723e-11
-5.6562494e-11
-5.3854168e-11
-5.7638887e-11
-5.9756942e-11
-5.1840279e-11
-5.836806e-11
-5.9305554e-11
-5.4409723e-11
-5.7812501e-11
-6.2326394e-11
-5.1493056e-11
-5.7187501e-11
-5.472222e-11
-5.1562501e-11
-5.8055553e-11
-5.5173612e-11
-5.7187494e-11
-5.4027775e-11
-5.2916664e-11
-5.6631939e-11
-5.6284716e-11
-5.8263887e-11
-5.2187501e-11
-5.3993057e-11
-5.909722e-11
-5.232639e-11
-5.7395835e-11
-5.8645838e-11
-5.2361109e-11
-5.8888887e-11
-5.4618057e-11
-5.5555553e-11
-5.7673612e-11
-5.1666667e-11
-5.7743057e-11
-5.3229168e-11
-5.9965283e-11
-5.2708331e-11
-5.2083331e-11
-6.2743061e-11
-4.9409723e-11
-5.8506942e-11
-6.0138887e-11
-5.1770834e-11
-5.6666664e-11
-5.9305547e-11
-5.5868057e-11
-5.9201394e-11
-5.3159723e-11
-6.0069442e-11
-5.3055553e-11
-5.2604168e-11
-6.1493054e-11
-5.1354167e-11
-5.8645838e-11
-5.4062494e-11
-5.597222e-11
-4.9409723e-11
-5.7395835e-11
-5.9583324e-11
-4.9548612e-11
-5.5798612e-11
-5.7118057e-11
-5.2013886e-11
-6.0451387e-11
-4.9618056e-11
-5.5312501e-11
-6.1180554e-11
-4.8923612e-11
-4.8645834e-11
-5.8298616e-11
-5.4652775e-11
-5.4479168e-11
-5.9131949e-11
-4.8368056e-11
-5.1805553e-11
-5.7256939e-11
-5.7256946e-11
-5.1250001e-11
-5.1458334e-11
-5.5694442e-11
-5.1423612e-11
-6.253472e-11
-5.4444442e-11
-5.3541664e-11
-5.3402775e-11
-5.2812501e-11
-5.7291664e-11
-5.2013886e-11
-5.6006939e-11
-5.9027776e-11
-4.65625e-11
-5.9305554e-11
-5.940972e-11
-4.5902778e-11
-5.8263887e-11
-5.3298612e-11
-5.5243057e-11
-5.670139e-11
-4.9166667e-11
-5.7569442e-11
-5.2361109e-11
-5.3020834e-11
-5.722222e-11
-5.9999991e-11
-5.4166664e-11
-5.7291664e-11
-5.8576394e-11
-4.9166667e-11
-6.3090276e-11
-4.9444445e-11
-5.1979167e-11
-6.2465276e-11
-4.8854167e-11
-5.8090279e-11
-5.8229171e-11
-5.3159723e-11
-5.5208331e-11
-5.3124997e-11
-5.7430553e-11
-5.3229168e-11
-5.4062501e-11
-5.4895834e-11
-5.3368057e-11
-5.6805553e-11
-5.3159723e-11
-5.3298612e-11
-5.8645838e-11
-4.7673612e-11
-6.0312505e-11
-5.4791664e-11
-5.4687501e-11
-5.5173612e-11
-5.6319442e-11
-5.3124997e-11
-5.2256945e-11
-5.1354167e-11
-5.6423612e-11
-5.5902775e-11
-5.1909723e-11
-5.7013887e-11
-5.1805553e-11
-5.482639e-11
-5.2673612e-11
-5.8715276e-11
-5.5694442e-11
-5.3402775e-11
-5.6562494e-11
-5.5104168e-11
-5.5416664e-11
-5.6527776e-11
-5.6458331e-11
-5.6284723e-11
-5.0243056e-11
-5.9062505e-11
-5.4131945e-11
-5.1979167e-11
-5.5763887e-11
-5.7916665e-11
-5.5138887e-11
-4.9097223e-11
-5.5138887e-11
-5.5659723e-11
-5.3923612e-11
-5.0694445e-11
-5.3333331e-11
-5.2604168e-11
-5.8888887e-11
-4.9722223e-11
-5.8437498e-11
-5.8159717e-11
-4.59375e-11
-5.9027776e-11
-5.4062501e-11
-5.222222e-11
-6.2673609e-11
-5.0069445e-11
-5.3402775e-11
-6.1006943e-11
-4.8125001e-11
-5.3090279e-11
-5.5520828e-11
-5.6909723e-11
-5.5034723e-11
-5.1562501e-11
-5.3993057e-11
-5.3124997e-11
-5.3993057e-11
-5.3124997e-11
-5.607639e-11
-5.4826383e-11
-5.1111112e-11
-5.3298612e-11
-5.3402775e-11
-5.3333331e-11
-5.2465279e-11
-5.399305e-11
-5.170139e-11
-5.0034723e-11
-5.4895834e-11
-5.4444442e-11
-5.1805553e-11
-6.2465276e-11
-4.6875e-11
-4.9618056e-11
-6.3055547e-11
-4.982639e-11
-5.5624998e-11
-5.7986109e-11
-5.2187501e-11
-5.3298612e-11
-5.3368057e-11
-5.3611109e-11
-5.4131945e-11
-5.3159723e-11
-5.4513886e-11
-5.0590278e-11
-5.3263886e-11
-6.5312492e-11
-4.8784723e-11
-5.2361109e-11
-5.5659716e-11
-5.6701383e-11
-4.78125e-11
-5.6770835e-11
-5.3541664e-11
-4.7465278e-11
-5.4444442e-11
-5.670139e-11
-5.0173612e-11
-5.5868057e-11
-5.3888886e-11
-5.4444442e-11
-5.3020834e-11
-5.3333331e-11
-5.222222e-11
-5.7326383e-11
-5.6041664e-11
-4.8541667e-11
-5.2881945e-11
-5.4618057e-11
-4.8333334e-11
-6.4340276e-11
-4.8645834e-11
-4.9305556e-11
-5.8958324e-11
-4.982639e-11
-5.4687501e-11
-5.5659723e-11
-5.2673612e-11
-5.6666664e-11
-5.284722e-11
-4.7743056e-11
-5.3854168e-11
-5.0868056e-11
-5.5173612e-11
-5.0416667e-11
-5.7569442e-11
-5.2291664e-11
-4.9930556e-11
-5.7395835e-11
-4.9583334e-11
-5.6423612e-11
-5.2499997e-11
-4.9687501e-11
-5.1041667e-11
-5.972222e-11
-5.0798612e-11
-5.2118056e-11
-5.2395834e-11
-5.0034723e-11
-5.5937501e-11
-5.0625001e-11
-5.3055553e-11
-5.7534717e-11
-4.7395834e-11
-5.4409723e-11
-5.8819442e-11
-4.7048612e-11
-5.6805553e-11
-5.3506945e-11
-5.1041667e-11
-5.4756946e-11
-5.7430553e-11
-4.3055556e-11
-6.3680547e-11
-5.0312501e-11
-5.7291664e-11
-5.1006945e-11
-5.5208331e-11
-5.9097213e-11
-4.40625e-11
-6.4340276e-11
-4.8159723e-11
-4.7673612e-11
-5.6874998e-11
-5.0069445e-11
-5.6354161e-11
-5.4756946e-11
-4.8229167e-11
-5.1458334e-11
-5.6840272e-11
-4.7048612e-11
-5.5937501e-11
-5.1041667e-11
-5.076389e-11
-5.5555553e-11
-5.3645834e-11
-5.3159723e-11
-4.7638889e-11
-5.7430553e-11
-5.3437501e-11
-5.4548612e-11
-4.951389e-11
-4.78125e-11
-5.4236109e-11
-5.3888886e-11
-5.0625001e-11
-5.3020834e-11
-5.1562501e-11
-5.2083331e-11
-5.9930554e-11
-5.0625001e-11
-5.2986109e-11
-5.0486112e-11
-5.0000001e-11
-5.9027769e-11
-4.9722223e-11
-4.9652778e-11
-5.6979161e-11
-5.1909723e-11
-5.3263886e-11
-5.4618057e-11
-5.2256945e-11
-4.8611112e-11
-5.2499997e-11
-4.6840278e-11
-5.5555553e-11
-5.1562501e-11
-5.6458331e-11
-5.0659723e-11
-5.1666667e-11
-5.3993057e-11
-5.0104167e-11
-5.7986109e-11
-5.461805e-11
-4.7465278e-11
-6.0277769e-11
-5.045139e-11
-5.1666667e-11
-5.6666664e-11
-4.9444445e-11
-5.7951383e-11
-5.138889e-11
-5.0416667e-11
-5.4895834e-11
-5.2499997e-11
-5.1527779e-11
-5.5624998e-11
-4.8611112e-11
-5.4479168e-11
-5.1805553e-11
-5.1944442e-11
-5.7395835e-11
-5.1319445e-11
-4.59375e-11
-5.8506949e-11
-4.40625e-11
-5.6354161e-11
-5.3020834e-11
-4.3298611e-11
-5.9513887e-11
-5.1944442e-11
-4.9305556e-11
-5.2638886e-11
-5.2708331e-11
-5.5590272e-11
-4.6805556e-11
-5.4027775e-11
-5.6805553e-11
-4.8125001e-11
-5.7638887e-11
-5.1770834e-11
-4.9409723e-11
-5.5520834e-11
-4.7881945e-11
-5.4652775e-11
-4.8854167e-11
-5.0173612e-11
-6.0520831e-11
-5.0694445e-11
-4.7916667e-11
-6.0937505e-11
-5.0625001e-11
-4.9618056e-11
-6.1111109e-11
-4.4548611e-11
-5.545139e-11
-5.1944442e-11
-4.4965278e-11
-5.2743056e-11
-5.0208334e-11
-5.3541664e-11
-5.232639e-11
-5.2604168e-11
-5.3784723e-11
-4.8437501e-11
-5.3611109e-11
-5.1527779e-11
-4.9652778e-11
-5.3368057e-11
-5.170139e-11
-4.8333334e-11
-5.107639e-11
-5.4965279e-11
-5.4652775e-11
-4.3229167e-11
-5.6284723e-11
-4.8055556e-11
-5.6944442e-11
-5.1250001e-11
-4.6145834e-11
-5.6493057e-11
-5.1770834e-11
-4.5868056e-11
-5.7986109e-11
-5.2465279e-11
-4.6180556e-11
-5.847222e-11
-4.7291667e-11
-5.1284723e-11
-5.4999998e-11
-4.0625e-11
-5.461805e-11
-5.5486109e-11
-4.5694445e-11
-5.1979167e-11
-5.0833334e-11
-4.9444445e-11
-5.3368057e-11
-5.2743056e-11
-4.8645834e-11
-5.0798612e-11
-5.5798612e-11
-5.138889e-11
-5.3055553e-11
-5.1770834e-11
-5.2743056e-11
-5.5104168e-11
-4.7291667e-11
-5.1215279e-11
-5.2256945e-11
-5.0208334e-11
-4.5416667e-11
-5.6215272e-11
-4.9583334e-11
-5.0000001e-11
-4.8472223e-11
-4.9340278e-11
-5.0312501e-11
-5.3298612e-11
-5.5659723e-11
-4.7395834e-11
-5.1180556e-11
-4.8125001e-11
-5.6249998e-11
-5.0277778e-11
-5.5138887e-11
-4.7013889e-11
-5.2569442e-11
-5.3020834e-11
-4.8645834e-11
-5.5937494e-11
-5.1666667e-11
-5.1458334e-11
-4.8437501e-11
-5.5138887e-11
-5.4340279e-11
-4.8750001e-11
-5.0416667e-11
-5.0972223e-11
-4.7673612e-11
-5.878472e-11
-5.2499997e-11
-4.5243056e-11
-5.0347223e-11
-4.7881945e-11
-5.5486109e-11
-4.9270834e-11
-5.3159723e-11
-4.6909723e-11
-5.0312501e-11
-5.8437498e-11
-4.5381945e-11
-5.3541664e-11
-4.9687501e-11
-4.8958334e-11
-5.5520834e-11
-4.59375e-11
-5.4583331e-11
-5.013889e-11
-5.0416667e-11
-5.6631939e-11
-4.8229167e-11
-4.9166667e-11
-5.5416664e-11
-4.8715278e-11
-5.3020834e-11
-5.3020834e-11
-4.9062501e-11
-5.1666667e-11
-5.2048612e-11
-5.2604168e-11
-5.2499997e-11
-5.2743056e-11
-4.78125e-11
-5.5381946e-11
-4.9756945e-11
-5.3749998e-11
-5.222222e-11
-5.0000001e-11
-5.3402775e-11
-5.0243056e-11
-4.8923612e-11
-5.4479168e-11
-4.9166667e-11
-5.5069442e-11
-5.2465279e-11
-4.5555556e-11
-5.722222e-11
-5.4131945e-11
-4.7361112e-11
-5.6458331e-11
-4.9861112e-11
-5.1979167e-11
-5.8368053e-11
-4.3090278e-11
-5.170139e-11
-5.3194442e-11
-4.8055556e-11
-5.7291664e-11
-4.2326389e-11
-5.5659723e-11
-4.8055556e-11
-4.6597223e-11
-5.972222e-11
-4.8541667e-11
-5.2604168e-11
-5.3749998e-11
-4.8923612e-11
-5.7187494e-11
-4.6979167e-11
-5.3263886e-11
-5.1562501e-11
-4.8263889e-11
-5.8715283e-11
-4.5486111e-11
-4.8333334e-11
-5.774305e-11
-4.9687501e-11
-5.4305553e-11
-5.138889e-11
-4.8888889e-11
-6.0520831e-11
-3.7569444e-11
-5.4652775e-11
-5.4444442e-11
-4.3784722e-11
-6.8159721e-11
-3.9930555e-11
-5.2812501e-11
-5.482639e-11
-4.6979167e-11
-5.7881946e-11
-4.5659723e-11
-5.1736112e-11
-5.4583331e-11
-4.5868056e-11
-5.586805e-11
-4.7326389e-11
-5.3715279e-11
-5.4270834e-11
-4.3819445e-11
-5.5416664e-11
-5.1874997e-11
-4.9548612e-11
-5.1944442e-11
-4.9895834e-11
-4.7847223e-11
-5.6354168e-11
-4.7916667e-11
-5.5937494e-11
-4.2222222e-11
-5.1215279e-11
-5.5486109e-11
-4.2013889e-11
-5.2673612e-11
-5.3055553e-11
-4.9340278e-11
-5.6111109e-11
-5.0173612e-11
-5.0069445e-11
-4.9652778e-11
-5.1145834e-11
-5.5208331e-11
-4.3923611e-11
-5.2534723e-11
-5.4027775e-11
-4.8645834e-11
-5.4027775e-11
-4.7465278e-11
-5.3333331e-11
-5.1736112e-11
-4.8020834e-11
-5.5034723e-11
-4.8819445e-11
-5.5381946e-11
-4.6145834e-11
-5.0868056e-11
-5.0833334e-11
-4.8333334e-11
-5.2291664e-11
-5.0555556e-11
-5.4791664e-11
-4.5416667e-11
-5.1770834e-11
-5.6909717e-11
-4.8645834e-11
-4.9895834e-11
-5.1250001e-11
-5.0000001e-11
-4.8784723e-11
-5.0381945e-11
-4.9618056e-11
-5.0902779e-11
-5.6388887e-11
-4.4618056e-11
-5.1284723e-11
-4.7743056e-11
-5.472222e-11
-5.3784723e-11
-4.8506945e-11
-5.2604168e-11
-4.5555556e-11
-5.1319445e-11
-4.9965278e-11
-5.2881945e-11
-4.7534723e-11
-4.5763889e-11
-5.2534723e-11
-5.6319442e-11
-4.5208334e-11
-5.4652775e-11
-4.8576389e-11
-4.6805556e-11
-6.0451387e-11
-4.78125e-11
-4.9548612e-11
-5.5104168e-11
-4.8194445e-11
-4.9548612e-11
-5.2673612e-11
-5.0381945e-11
-4.9305556e-11
-5.3298612e-11
-4.6423611e-11
-5.2534723e-11
-5.2499997e-11
-4.9097223e-11
-5.1527779e-11
-5.0520834e-11
-5.774305e-11
-5.2812501e-11
-4.7152778e-11
-5.2569442e-11
-6.128472e-11
-4.71875e-11
-5.2812501e-11
-4.7222223e-11
-5.5555553e-11
-4.8541667e-11
-5.3541664e-11
-5.4166664e-11
-4.625e-11
-5.2395834e-11
-5.0625001e-11
-5.0104167e-11
-5.4999998e-11
-4.2743056e-11
-5.2708331e-11
-5.357639e-11
-4.9340278e-11
-5.4479168e-11
-4.3472222e-11
-5.472222e-11
-5.2673612e-11
-4.6319445e-11
-5.8333331e-11
-4.5763889e-11
-5.222222e-11
-5.1944442e-11
-5.170139e-11
-4.6805556e-11
-4.8611112e-11
-5.6076383e-11
-4.7465278e-11
-5.6423612e-11
-5.2569442e-11
-4.3159722e-11
-5.5243057e-11
-5.5138887e-11
-4.1597222e-11
-5.2465279e-11
-5.1597223e-11
-4.5729167e-11
-5.0555556e-11
-5.5069442e-11
-4.5069445e-11
-5.0972223e-11
-6.3437498e-11
-4.4513889e-11
-4.6215278e-11
-5.4409723e-11
-4.1458333e-11
-5.5729168e-11
-4.8888889e-11
-5.1319445e-11
-4.6736112e-11
-5.0312501e-11
-5.3020834e-11
-5.1909723e-11
-5.2499997e-11
-4.9479167e-11
-4.8020834e-11
-5.597222e-11
-4.3645833e-11
-5.6284716e-11
-4.6770834e-11
-4.25e-11
-5.170139e-11
-5.4791664e-11
-4.6354167e-11
-5.534722e-11
-4.7916667e-11
-5.972222e-11
-4.2777778e-11
-5.013889e-11
-6.0243054e-11
-3.7743055e-11
-6.2083325e-11
-4.5243056e-11
-5.2187501e-11
-5.9791665e-11
-4.2847222e-11
-5.4374998e-11
-4.7256945e-11
-5.357639e-11
-5.2777775e-11
-4.5486111e-11
-5.3090279e-11
-5.0277778e-11
-4.7222223e-11
-5.7986109e-11
-4.8263889e-11
-4.9965278e-11
-5.0243056e-11
-5.4062501e-11
-4.4166667e-11
-5.3368057e-11
-5.3541664e-11
-4.3819445e-11
-4.9722223e-11
-5.2986109e-11
-4.5763889e-11
-5.2569442e-11
-4.6805556e-11
-5.013889e-11
-4.5416667e-11
-5.076389e-11
-5.045139e-11
-4.9201389e-11
-5.4236109e-11
-4.8125001e-11
-4.9548612e-11
-4.8298612e-11
-5.6180553e-11
-4.40625e-11
-5.0729167e-11
-6.0069442e-11
-4.3854167e-11
-5.5138887e-11
-4.5208334e-11
-5.0312501e-11
-5.4583331e-11
-5.2048612e-11
-4.5659723e-11
-5.3888886e-11
-4.3958334e-11
-4.9097223e-11
-5.1840279e-11
-4.6631945e-11
-4.8020834e-11
-5.6527776e-11
-4.8819445e-11
-5.6180553e-11
-4.4826389e-11
-5.6388887e-11
-4.8680556e-11
-4.6909723e-11
-6.0520831e-11
-4.0763889e-11
-5.0034723e-11
-5.7430553e-11
-4.7638889e-11
-4.8402778e-11
-5.7777776e-11
-4.3993056e-11
-4.9548612e-11
-6.0381943e-11
-4.1527778e-11
-5.6215272e-11
-4.9340278e-11
-4.4826389e-11
-5.8020828e-11
-4.4965278e-11
-4.8506945e-11
-5.5694442e-11
-4.7395834e-11
-5.1111112e-11
-4.7222223e-11
-4.6527778e-11
-5.732639e-11
-4.7256945e-11
-5.0381945e-11
-5.4270834e-11
-4.9131945e-11
-5.1145834e-11
-4.9375001e-11
-5.4548612e-11
-4.8020834e-11
-4.3958334e-11
-5.961806e-11
-4.3923611e-11
-4.9548612e-11
-5.4340279e-11
-4.6215278e-11
-5.3298612e-11
-5.0381945e-11
-4.5034722e-11
-5.4548612e-11
-4.8854167e-11
-4.65625e-11
-4.9583334e-11
-4.7152778e-11
-6.1874998e-11
-4.6597223e-11
-4.6319445e-11
-5.9374998e-11
-4.4652778e-11
-5.0312501e-11
-5.2118056e-11
-4.5625e-11
-5.4999998e-11
-4.7708334e-11
-5.1180556e-11
-5.3402775e-11
-4.9583334e-11
-5.6909717e-11
-3.7951389e-11
-5.5520834e-11
-5.1493056e-11
-4.4548611e-11
-5.232639e-11
-5.2465279e-11
-4.7881945e-11
-5.0520834e-11
-4.8611112e-11
-4.8263889e-11
-4.8958334e-11
-5.045139e-11
-5.1666667e-11
-5.0659723e-11
-5.3229168e-11
-4.7361112e-11
-5.3611109e-11
-4.6701389e-11
-5.1215279e-11
-5.232639e-11
-4.9201389e-11
-4.9548612e-11
-5.3437501e-11
-5.1597223e-11
-4.6666667e-11
-5.013889e-11
-5.1319445e-11
-5.076389e-11
-4.8541667e-11
-4.9201389e-11
-5.3541664e-11
-4.1423611e-11
-5.5381939e-11
-4.8784723e-11
-4.9861112e-11
-4.8125001e-11
-5.3611109e-11
-4.6875e-11
-5.0486112e-11
-5.3333331e-11
-4.1319444e-11
-5.3611109e-11
-4.7708334e-11
-5.0868056e-11
-4.9756945e-11
-5.2256945e-11
-5.2812501e-11
-5.1874997e-11
-5.1631945e-11
-4.7708334e-11
-5.1354167e-11
-4.8472223e-11
-5.3923612e-11
-4.5833334e-11
-5.0277778e-11
-4.9375001e-11
-5.0347223e-11
-5.2048612e-11
-5.045139e-11
-5.3159723e-11
-4.7152778e-11
-5.3506945e-11
-5.076389e-11
-4.9444445e-11
-4.7743056e-11
-5.1874997e-11
-5.045139e-11
-4.9722223e-11
-4.8784723e-11
-5.3819442e-11
-4.40625e-11
-5.420139e-11
-5.0937501e-11
-4.5486111e-11
-5.3298612e-11
-4.9756945e-11
-5.2673612e-11
-5.2499997e-11
-4.8472223e-11
-4.9618056e-11
-4.3888889e-11
-5.7291664e-11
-5.420139e-11
-5.0104167e-11
-5.0173612e-11
-5.0104167e-11
-4.8750001e-11
-4.7256945e-11
-5.6909717e-11
-3.9409722e-11
-5.8437498e-11
-5.2256945e-11
-4.4722222e-11
-5.4687501e-11
-4.8854167e-11
-4.8402778e-11
-5.5034723e-11
-4.4895834e-11
-5.0347223e-11
-5.6944442e-11
-4.4409722e-11
-4.8923612e-11
-5.1805553e-11
-4.5173611e-11
-5.6666664e-11
-4.5486111e-11
-5.3819442e-11
-5.3854168e-11
-4.7361112e-11
-5.4270834e-11
-5.0069445e-11
-5.409722e-11
-4.5104167e-11
-5.3611109e-11
-5.3749998e-11
-4.8784723e-11
-4.9652778e-11
-5.3090279e-11
-4.7881945e-11
-5.5486109e-11
-4.6145834e-11
-5.0520834e-11
-4.9548612e-11
-4.9444445e-11
-5.0312501e-11
-4.6909723e-11
-5.420139e-11
-5.3090279e-11
-4.5868056e-11
-5.4791664e-11
-5.4583331e-11
-3.8819444e-11
-6.1805554e-11
-4.9444445e-11
-4.2743056e-11
-5.7430553e-11
-4.3576389e-11
-5.045139e-11
-5.2743056e-11
-4.4965278e-11
-5.1562501e-11
-5.2465279e-11
-4.4375e-11
-5.3368057e-11
-4.7465278e-11
-4.4965278e-11
-5.482639e-11
-4.5868056e-11
-5.0347223e-11
-4.7222223e-11
-4.9652778e-11
-5.7673612e-11
-4.0486111e-11
-4.9270834e-11
-5.5555553e-11
-4.2083333e-11
-5.5069442e-11
-4.9444445e-11
-5.013889e-11
-5.0798612e-11
-4.34375e-11
-5.8368053e-11
-4.6319445e-11
-4.53125e-11
-5.1736112e-11
-4.5798611e-11
-5.4583331e-11
-4.6631945e-11
-5.1562501e-11
-5.0833334e-11
-4.3819445e-11
-5.1250001e-11
-5.7604168e-11
-5.0000001e-11
-4.5625e-11
-5.7291664e-11
-4.4444445e-11
-4.8437501e-11
-5.0902779e-11
-4.75e-11
-5.2812501e-11
-5.1909723e-11
-4.5833334e-11
-5.3124997e-11
-5.1562501e-11
-4.6180556e-11
-5.0694445e-11
-5.1215279e-11
-4.6597223e-11
-5.232639e-11
-5.3194442e-11
-4.6215278e-11
-5.4861109e-11
-4.5034722e-11
-5.232639e-11
-5.1631945e-11
-4.7361112e-11
-5.3124997e-11
-5.3819442e-11
-4.5590278e-11
-4.9618056e-11
-5.2152775e-11
-4.7916667e-11
-5.2986109e-11
-4.5590278e-11
-5.2048612e-11
-5.1215279e-11
-4.3368056e-11
-5.878472e-11
-4.7604167e-11
-5.1562501e-11
-4.6076389e-11
-4.8055556e-11
-5.6527776e-11
-4.1631944e-11
-5.3368057e-11
-5.5833331e-11
-4.5486111e-11
-5.3888886e-11
-5.1041667e-11
-4.3333333e-11
-5.4409723e-11
-5.2187501e-11
-4.6944445e-11
-5.2708331e-11
-4.9375001e-11
-4.8402778e-11
-5.0486112e-11
-4.7847223e-11
-5.3333331e-11
-4.6041667e-11
-5.5312494e-11
-5.0625001e-11
-3.9930555e-11
-5.3819442e-11
-4.9340278e-11
-4.8854167e-11
-5.1354167e-11
-4.8194445e-11
-4.8125001e-11
-5.3194442e-11
-4.6597223e-11
-4.8541667e-11
-5.2881945e-11
-4.6319445e-11
-4.9131945e-11
-5.0069445e-11
-4.9131945e-11
-4.5138889e-11
-5.3715279e-11
-4.3298611e-11
-5.2118056e-11
-5.3124997e-11
-4.4270834e-11
-5.6770835e-11
-4.8680556e-11
-4.8229167e-11
-5.6423612e-11
-4.4305556e-11
-5.472222e-11
-4.8437501e-11
-4.8472223e-11
-5.1319445e-11
-4.3819445e-11
-5.0034723e-11
-5.0277778e-11
-4.1284722e-11
-5.4965279e-11
-4.9652778e-11
-4.7743056e-11
-4.4548611e-11
-5.409722e-11
-4.8263889e-11
-5.0902779e-11
-4.7534723e-11
-5.3437501e-11
-4.9062501e-11
-4.5243056e-11
-5.4618057e-11
-4.1944444e-11
-5.3263886e-11
-4.9062501e-11
-5.1944442e-11
-5.0000001e-11
-4.34375e-11
-5.3298612e-11
-4.8437501e-11
-4.5347223e-11
-4.7847223e-11
-4.8541667e-11
-4.9618056e-11
-5.357639e-11
-5.4652775e-11
-4.3263889e-11
-5.1493056e-11
-4.9236112e-11
-4.7118056e-11
-5.1840279e-11
-4.5902778e-11
-5.4374998e-11
-4.5833334e-11
-4.9305556e-11
-5.013889e-11
-4.9062501e-11
-5.6458331e-11
-4.3888889e-11
-4.9618056e-11
-4.5208334e-11
-5.3888886e-11
-4.9097223e-11
-5.0798612e-11
-4.8159723e-11
-4.1006944e-11
-5.7986109e-11
-4.8645834e-11
-4.5e-11
-4.7361112e-11
-5.2361109e-11
-4.4826389e-11
-5.3020834e-11
-4.71875e-11
-4.8680556e-11
-5.1770834e-11
-4.8750001e-11
-5.5624998e-11
-4.4409722e-11
-5.0972223e-11
-4.8645834e-11
-5.0069445e-11
-5.0798612e-11
-4.2465278e-11
-5.1458334e-11
-4.9409723e-11
-5.1597223e-11
-4.1840278e-11
-4.8784723e-11
-5.1215279e-11
-5.3888886e-11
-4.6076389e-11
-5.5208331e-11
-5.4548612e-11
-3.7013888e-11
-6.0173616e-11
-4.4618056e-11
-4.8472223e-11
-5.3368057e-11
-4.2986111e-11
-5.3229168e-11
-4.5243056e-11
-4.7569445e-11
-4.9895834e-11
-5.420139e-11
-4.8923612e-11
-4.4722222e-11
-5.1631945e-11
-5.2569442e-11
-5.0798612e-11
-4.6076389e-11
-5.0972223e-11
-5.597222e-11
-3.9513889e-11
-6.0520831e-11
-4.8506945e-11
-4.7395834e-11
-5.670139e-11
-4.8750001e-11
-5.3993057e-11
-4.9479167e-11
-4.6284723e-11
-5.1770834e-11
-5.1111112e-11
-5.347222e-11
-5.4409723e-11
-5.0000001e-11
-5.0277778e-11
-4.2986111e-11
-5.4270834e-11
-4.982639e-11
-4.6701389e-11
-5.3159723e-11
-4.6180556e-11
-4.6527778e-11
-5.1736112e-11
-5.0729167e-11
-4.59375e-11
-5.1319445e-11
-5.2638886e-11
-4.8923612e-11
-5.0208334e-11
-4.8125001e-11
-5.0520834e-11
-4.7361112e-11
-4.6944445e-11
-5.3229168e-11
-4.8923612e-11
-4.5972223e-11
-5.1250001e-11
-5.0868056e-11
-4.2951389e-11
-5.1458334e-11
-4.7847223e-11
-4.3576389e-11
-5.1111112e-11
-4.6111111e-11
-5.0694445e-11
-4.4201389e-11
-5.6666664e-11
-4.3506945e-11
-5.3784723e-11
-4.2743056e-11
-4.7222223e-11
-5.2916664e-11
-4.6111111e-11
-5.4270834e-11
-4.4791667e-11
-5.0798612e-11
-5.1770834e-11
-4.0902778e-11
-5.4513886e-11
-4.9270834e-11
-4.2638889e-11
-5.8854165e-11
-4.6458334e-11
-4.7083334e-11
-5.3749998e-11
-4.1388889e-11
-5.5868057e-11
-4.6805556e-11
-4.5069445e-11
-5.2708331e-11
-4.6770834e-11
-5.1250001e-11
-4.1006944e-11
-5.1979167e-11
-5.0902779e-11
-4.6458334e-11
-5.4652775e-11
-4.4513889e-11
-4.7916667e-11
-5.3437501e-11
-4.9201389e-11
-5.0833334e-11
-5.1944442e-11
-4.5451389e-11
-5.045139e-11
-5.0937501e-11
-4.6597223e-11
-5.2465279e-11
-4.7465278e-11
-5.1284723e-11
-4.8819445e-11
-5.2013886e-11
-4.8402778e-11
-5.0659723e-11
-4.4270834e-11
-5.2708331e-11
-5.0555556e-11
-4.7986112e-11
-5.1909723e-11
-4.5798611e-11
-4.7361112e-11
-5.3611109e-11
-4.6006945e-11
-4.9131945e-11
-4.59375e-11
-4.5520834e-11
-5.0034723e-11
-4.0451389e-11
-5.1354167e-11
-5.1979167e-11
-4.8368056e-11
-5.1805553e-11
-4.5277778e-11
-5.4652775e-11
-5.545139e-11
-3.9826389e-11
-5.732639e-11
-4.7395834e-11
-4.5520834e-11
-5.1666667e-11
-4.4756945e-11
-4.8715278e-11
-5.0972223e-11
-5.0555556e-11
-5.0312501e-11
-4.8923612e-11
-5.4270834e-11
-4.5347223e-11
-4.3923611e-11
-5.7777776e-11
-4.1527778e-11
-5.0972223e-11
-5.3819442e-11
-5.0416667e-11
-4.8333334e-11
-4.625e-11
-4.9722223e-11
-4.5520834e-11
-5.2083331e-11
-4.5555556e-11
-4.4826389e-11
-4.8958334e-11
-5.1840279e-11
-5.0416667e-11
-5.0034723e-11
-5.0729167e-11
-4.5486111e-11
-4.9444445e-11
-4.8923612e-11
-5.5451383e-11
-5.0312501e-11
-5.1770834e-11
-4.8611112e-11
-4.9305556e-11
-4.8159723e-11
-4.9652778e-11
-4.5798611e-11
-5.8715283e-11
-4.7534723e-11
-4.8923612e-11
-5.1979167e-11
-4.4895834e-11
-4.6666667e-11
-4.6493056e-11
-4.9027778e-11
-5.2986109e-11
-4.4618056e-11
-4.5277778e-11
-5.2916664e-11
-4.7152778e-11
-4.6736112e-11
-4.9791667e-11
-5.1527779e-11
-4.2013889e-11
-5.0590278e-11
-5.2569442e-11
-4.3333333e-11
-5.0937501e-11
-5.3368057e-11
-4.8263889e-11
-5.2187501e-11
-4.8715278e-11
-5.1041667e-11
-5.2881945e-11
-4.3298611e-11
-5.2361109e-11
-5.0486112e-11
-4.4201389e-11
-5.5312501e-11
-4.3854167e-11
-5.6041664e-11
-5.3020834e-11
-4.1180555e-11
-5.5243057e-11
-4.3472222e-11
-5.2256945e-11
-4.8055556e-11
-4.9409723e-11
-5.1979167e-11
-3.9756944e-11
-5.4409723e-11
-4.7430556e-11
-4.8125001e-11
-5.357639e-11
-4.2847222e-11
-5.8611109e-11
-4.8819445e-11
-4.9166667e-11
-5.3368057e-11
-4.2986111e-11
-5.4444442e-11
-4.0833333e-11
-5.0104167e-11
-5.5416664e-11
-4.4513889e-11
-4.7777778e-11
-4.9131945e-11
-4.7013889e-11
-4.9166667e-11
-5.1527779e-11
-4.7152778e-11
-4.8402778e-11
-5.5069442e-11
-5.045139e-11
-4.951389e-11
-4.6493056e-11
-5.3611109e-11
-4.7638889e-11
-4.4895834e-11
-5.2291664e-11
-4.28125e-11
-5.2083331e-11
-4.8750001e-11
-4.2118056e-11
-5.7256939e-11
-4.0138889e-11
-4.8923612e-11
-4.8750001e-11
-4.4722222e-11
-5.2499997e-11
-4.3298611e-11
-5.284722e-11
-5.0590278e-11
-4.3993056e-11
-5.170139e-11
-4.34375e-11
-5.0173612e-11
-5.2118056e-11
-4.9131945e-11
-4.6805556e-11
-5.2152775e-11
-4.6458334e-11
-4.8229167e-11
-4.7118056e-11
-4.9722223e-11
-5.3020834e-11
-4.7534723e-11
-4.7604167e-11
-5.1319445e-11
-4.6319445e-11
-4.6458334e-11
-5.5243057e-11
-5.2673612e-11
-4.1111111e-11
-5.1597223e-11
-5.5243057e-11
-4.8159723e-11
-5.0937501e-11
-4.8680556e-11
-5.2395834e-11
-4.8368056e-11
-4.8819445e-11
-4.9479167e-11
-4.53125e-11
-5.2187501e-11
-4.59375e-11
-5.2812501e-11
-4.8923612e-11
-3.8993055e-11
-5.4374998e-11
-4.8333334e-11
-5.1527779e-11
-5.2187501e-11
-4.2430556e-11
-5.5104161e-11
-4.9895834e-11
-4.6666667e-11
-5.7152776e-11
-4.3715278e-11
-5.5902775e-11
-5.0104167e-11
-4.1805556e-11
-5.8055553e-11
-4.3923611e-11
-5.0312501e-11
-4.7951389e-11
-4.2118056e-11
-6.034722e-11
-4.1840278e-11
-5.0972223e-11
-5.4062501e-11
-4.5972223e-11
-5.1111112e-11
-4.8229167e-11
-4.7430556e-11
-5.4479168e-11
-4.9131945e-11
-4.7986112e-11
-4.9791667e-11
-4.8854167e-11
-4.8993056e-11
-5.2013886e-11
-4.6423611e-11
-4.7291667e-11
-5.2395834e-11
-4.3923611e-11
-4.7118056e-11
-5.534722e-11
-4.2916667e-11
-4.6527778e-11
-5.472222e-11
-4.6666667e-11
-5.0000001e-11
-5.4513886e-11
-5.3645834e-11
-4.2465278e-11
-5.472222e-11
-4.9444445e-11
-4.4618056e-11
-5.2916664e-11
-5.1458334e-11
-4.7465278e-11
-4.7951389e-11
-4.3333333e-11
-6.003472e-11
-4.4375e-11
-4.6805556e-11
-5.5069442e-11
-4.4479167e-11
-4.7986112e-11
-4.9305556e-11
-4.7291667e-11
-5.107639e-11
-4.9965278e-11
-4.9131945e-11
-4.9097223e-11
-5.5416664e-11
-3.7291666e-11
-5.3159723e-11
-4.9062501e-11
-4.6180556e-11
-5.2673612e-11
-4.5381945e-11
-5.284722e-11
-4.6527778e-11
-4.8298612e-11
-4.9097223e-11
-4.7395834e-11
-5.2708331e-11
-4.7430556e-11
-5.1770834e-11
-4.8784723e-11
-4.8194445e-11
-5.420139e-11
-4.4305556e-11
-4.8229167e-11
-5.4270834e-11
-4.2291667e-11
-5.7881939e-11
-4.4479167e-11
-5.0243056e-11
-5.4861109e-11
-3.8923611e-11
-5.8749998e-11
-4.59375e-11
-4.1145833e-11
-6.1354165e-11
-4.1354167e-11
-5.7291664e-11
-5.1944442e-11
-4.0451389e-11
-5.472222e-11
-4.9270834e-11
-5.0347223e-11
-4.9687501e-11
-4.7951389e-11
-5.8368053e-11
-4.6041667e-11
-4.71875e-11
-4.34375e-11
-5.3923612e-11
-4.8819445e-11
-5.2083331e-11
-4.7986112e-11
-4.15625e-11
-5.2743056e-11
-5.1423612e-11
-4.9305556e-11
-5.0868056e-11
-4.8680556e-11
-4.7222223e-11
-5.5520828e-11
-4.1944444e-11
-4.9756945e-11
-4.9375001e-11
-5.3923612e-11
-4.46875e-11
-4.6979167e-11
-5.9340283e-11
-4.0729167e-11
-5.8263887e-11
-4.2291667e-11
-5.2916664e-11
-5.6458331e-11
-3.6041666e-11
-5.9756949e-11
-4.8020834e-11
-4.5729167e-11
-5.0729167e-11
-4.7395834e-11
-5.2395834e-11
-4.9687501e-11
-4.9305556e-11
-5.1770834e-11
-4.2395833e-11
-5.3090279e-11
-4.982639e-11
-4.8611112e-11
-4.7083334e-11
-4.5555556e-11
-5.0520834e-11
-4.3055556e-11
-5.5138887e-11
-4.2256944e-11
-5.2638886e-11
-5.2118056e-11
-4.1805556e-11
-5.6770828e-11
-4.8993056e-11
-4.8159723e-11
-5.1041667e-11
-4.5902778e-11
-5.4340272e-11
-4.8854167e-11
-4.5069445e-11
-5.0833334e-11
-5.107639e-11
-4.8576389e-11
-4.7604167e-11
-4.7777778e-11
-4.6666667e-11
-4.8159723e-11
-4.8576389e-11
-4.9409723e-11
-4.8715278e-11
-5.3784723e-11
-4.2847222e-11
-4.3854167e-11
-5.0902779e-11
-4.5208334e-11
-5.2604168e-11
-5.3888886e-11
-4.9201389e-11
-4.9791667e-11
-5.1805553e-11
-4.25e-11
-5.2708331e-11
-4.5243056e-11
-4.7395834e-11
-5.4340279e-11
-4.2743056e-11
-5.222222e-11
-4.6909723e-11
-5.0833334e-11
-4.9375001e-11
-4.3402778e-11
-5.5937501e-11
-4.3402778e-11
-5.2881945e-11
-4.3229167e-11
-4.9270834e-11
-5.3854168e-11
-4.4930556e-11
-4.9583334e-11
-4.8645834e-11
-5.2083331e-11
-4.7986112e-11
-4.7222223e-11
-4.9583334e-11
-4.5347223e-11
-5.3611109e-11
-4.8750001e-11
-4.6944445e-11
-5.7673605e-11
-4.6944445e-11
-5.0173612e-11
-4.5868056e-11
-5.3402775e-11
-4.7916667e-11
-4.9618056e-11
-5.6979168e-11
-4.7048612e-11
-4.9861112e-11
-4.9409723e-11
-5.1805553e-11
-5.0208334e-11
-5.1458334e-11
-4.7638889e-11
-5.0312501e-11
-4.7604167e-11
-4.9409723e-11
-4.6909723e-11
-4.7604167e-11
-4.9062501e-11
-5.2499997e-11
-5.045139e-11
-4.7361112e-11
-4.9548612e-11
-5.5486109e-11
-4.2222222e-11
-6.0104165e-11
-4.2569444e-11
-4.7013889e-11
-5.8159717e-11
-4.6840278e-11
-4.7326389e-11
-5.284722e-11
-4.3888889e-11
-5.5138887e-11
-5.409722e-11
-4.1736111e-11
-5.8263887e-11
-4e-11
-5.2118056e-11
-5.4062501e-11
-3.9097222e-11
-6.0486109e-11
-5.0729167e-11
-4.3993056e-11
-5.4791664e-11
-4.375e-11
-5.3715279e-11
-4.5173611e-11
-4.6909723e-11
-5.472222e-11
-4.4965278e-11
-4.8993056e-11
-5.0520834e-11
-4.7951389e-11
-4.7847223e-11
-5.0590278e-11
-5.2777775e-11
-4.7881945e-11
-4.5972223e-11
-5.0000001e-11
-4.7048612e-11
-5.4444442e-11
-4.5277778e-11
-4.9270834e-11
-5.0520834e-11
-4.0763889e-11
-5.1493056e-11
-4.951389e-11
-4.2187503e-11
-5.3993057e-11
-4.5902778e-11
-4.6840278e-11
-5.0937501e-11
-4.7881945e-11
-5.3854168e-11
-4.4930556e-11
-4.46875e-11
-5.3263886e-11
-3.8194444e-11
-5.6874998e-11
-5.1145834e-11
-4.1180555e-11
-5.4618057e-11
-4.4583334e-11
-4.6875e-11
-5.0277778e-11
-4.4340278e-11
-5.2916664e-11
-4.3402778e-11
-5.4583331e-11
-4.8819445e-11
-4.5243056e-11
-5.4131945e-11
-4.5e-11
-5.2083331e-11
-5.0312501e-11
-4.7881945e-11
-5.1458334e-11
-4.4791667e-11
-4.8680556e-11
-5.3819442e-11
-4.8715278e-11
-4.7673612e-11
-4.9270834e-11
-5.0902779e-11
-5.0034723e-11
-4.6805556e-11
-5.2743056e-11
-5.3541664e-11
-4.2256944e-11
-5.2499997e-11
-4.5763889e-11
-5.3541664e-11
-4.9548612e-11
-4.1180555e-11
-5.6527776e-11
-4.5902778e-11
-3.9895833e-11
-5.6458331e-11
-4.4895834e-11
-5.0243056e-11
-5.0104167e-11
-4.2534722e-11
-5.545139e-11
-4.65625e-11
-5.0659723e-11
-5.3368057e-11
-5.0034723e-11
-4.3645833e-11
-5.4305553e-11
-4.7152778e-11
-4.2256944e-11
-5.6145828e-11
-4.6840278e-11
-5.1493056e-11
-4.9409723e-11
-4.6388889e-11
-4.7951389e-11
-5.2118056e-11
-4.2083333e-11
-4.8645834e-11
-5.0173612e-11
-4.8506945e-11
-4.9791667e-11
-4.6319445e-11
-5.3090279e-11
-5.1493056e-11
-4.2361111e-11
-5.2534723e-11
-4.9895834e-11
-4.5520834e-11
-4.7777778e-11
-4.8506945e-11
-5.2083331e-11
-4.6840278e-11
-4.5416667e-11
-4.6909723e-11
-4.9236112e-11
-5.0243056e-11
-4.6215278e-11
-4.9131945e-11
-5.722222e-11
-4.0868055e-11
-5.3055553e-11
-4.9270834e-11
-4.3645833e-11
-6.0763887e-11
-4.5694445e-11
-4.46875e-11
-5.670139e-11
-4.5763889e-11
-4.7986112e-11
-5.0173612e-11
-4.5694445e-11
-5.0868056e-11
-4.5833334e-11
-5.3090279e-11
-4.8680556e-11
-4.6423611e-11
-5.3090279e-11
-4.4756945e-11
-5.076389e-11
-4.78125e-11
-4.5798611e-11
-5.076389e-11
-4.2083333e-11
-5.9930554e-11
-4.9375001e-11
-4.3680556e-11
-5.3923612e-11
-4.2847222e-11
-5.1041667e-11
-5.3020834e-11
-4.3020833e-11
-5.8784727e-11
-4.2013889e-11
-5.7430553e-11
-4.7256945e-11
-4.6319445e-11
-5.7430553e-11
-4.2881945e-11
-5.1840279e-11
-4.8715278e-11
-5.1527779e-11
-4.6215278e-11
-4.9548612e-11
-5.534722e-11
-4.4652778e-11
-5.222222e-11
-4.6944445e-11
-4.8680556e-11
-5.0694445e-11
-5.1562501e-11
-4.8888889e-11
-4.9965278e-11
-4.7604167e-11
-4.9375001e-11
-4.5520834e-11
-5.2673612e-11
-4.625e-11
-4.8159723e-11
-4.9444445e-11
-5.2430553e-11
-4.3923611e-11
-5.0868056e-11
-5.1979167e-11
-4.3645833e-11
-5.420139e-11
-4.8333334e-11
-4.6215278e-11
-5.4687501e-11
-4.1944444e-11
-5.2083331e-11
-5.5520834e-11
-4.1597222e-11
-5.8194442e-11
-4.6111111e-11
-4.6145834e-11
-5.6458331e-11
-4.5381945e-11
-4.6388889e-11
-5.5902775e-11
-4.5590278e-11
-5.3229168e-11
-4.5069445e-11
-5.3333331e-11
-5.0000001e-11
-4.5208334e-11
-5.597222e-11
-4.6458334e-11
-4.3472222e-11
-5.4618057e-11
-4.7326389e-11
-4.6354167e-11
-5.0416667e-11
-4.7256945e-11
-5.3437501e-11
-4.4027778e-11
-4.9131945e-11
-4.7326389e-11
-4.7916667e-11
-5.1180556e-11
-4.1423611e-11
-5.7395828e-11
-4.7881945e-11
-4.1354167e-11
-5.0347223e-11
-4.78125e-11
-4.8298612e-11
-5.4062501e-11
-4.2256944e-11
-5.295139e-11
-4.8819445e-11
-4.7291667e-11
-5.1840279e-11
-4.1527778e-11
-4.8159723e-11
-5.0000001e-11
-5.170139e-11
-4.8819445e-11
-4.71875e-11
-5.1805553e-11
-4.5798611e-11
-5.4930553e-11
-4.6319445e-11
-5.0937501e-11
-5.347222e-11
-4.4305556e-11
-5.1979167e-11
-5.1284723e-11
-5.5555553e-11
-4.1215278e-11
-5.482639e-11
-4.75e-11
-4.9097223e-11
-5.2465279e-11
-4.7986112e-11
-4.6284723e-11
-5.1666667e-11
-4.8506945e-11
-4.5833334e-11
-5.4374998e-11
-4.7465278e-11
-5.0000001e-11
-4.8159723e-11
-5.7361109e-11
-4.4861111e-11
-4.5069445e-11
-5.3298612e-11
-4.8611112e-11
-4.8680556e-11
-4.9861112e-11
-4.6840278e-11
-5.1874997e-11
-3.6770833e-11
-5.0173612e-11
-5.3611109e-11
-3.9965278e-11
-5.4027775e-11
-4.3020833e-11
-5.3090279e-11
-5.3645834e-11
-4.1736111e-11
-5.5104161e-11
-4.0729167e-11
-5.0659723e-11
-5.1874997e-11
-4.1145833e-11
-4.8576389e-11
-4.75e-11
-5.0381945e-11
-5.0243056e-11
-4.9618056e-11
-4.9861112e-11
-4.8437501e-11
-4.9166667e-11
-4.8888889e-11
-5.4548612e-11
-4.2013889e-11
-5.9409727e-11
-4.5694445e-11
-4.6388889e-11
-5.5173612e-11
-4.8368056e-11
-4.4409722e-11
-5.0000001e-11
-4.7048612e-11
-4.7256945e-11
-4.7152778e-11
-5.0486112e-11
-5.013889e-11
-4.8333334e-11
-4.9097223e-11
-4.6076389e-11
-4.9583334e-11
-4.4513889e-11
-4.78125e-11
-4.7673612e-11
-5.1562501e-11
-5.013889e-11
-4.5208334e-11
-5.0173612e-11
-4.7638889e-11
-4.5138889e-11
-5.8020828e-11
-4.5590278e-11
-4.9375001e-11
-5.1840279e-11
-4.6145834e-11
-4.4513889e-11
-4.5833334e-11
-5.013889e-11
-5.0381945e-11
-4.5555556e-11
-5.1006945e-11
-4.3090278e-11
-5.3090279e-11
-4.8090278e-11
-4.4375e-11
-4.75e-11
-5.1874997e-11
-4.71875e-11
-5.045139e-11
-4.951389e-11
-4.7881945e-11
-5.1145834e-11
-4.7256945e-11
-4.8784723e-11
-4.9062501e-11
-4.9756945e-11
-4.8298612e-11
-4.9756945e-11
-4.5486111e-11
-4.9131945e-11
-5.0555556e-11
-4.5555556e-11
-4.5520834e-11
-4.9687501e-11
-4.2152778e-11
-4.6145834e-11
-5.1423612e-11
-4.65625e-11
-5.013889e-11
-4.9965278e-11
-4.8819445e-11
-4.8611112e-11
-4.9965278e-11
-4.2916667e-11
-4.6319445e-11
-5.6388887e-11
-4.6215278e-11
-5.2916664e-11
-4.46875e-11
-4.8611112e-11
-5.2604168e-11
-4.6493056e-11
-4.9583334e-11
-4.7395834e-11
-5.170139e-11
-5.0555556e-11
-4.3784722e-11
-5.295139e-11
-4.7152778e-11
-4.4375e-11
-4.8229167e-11
-4.4201389e-11
-5.347222e-11
-5.1631945e-11
-4.2673611e-11
-5.1111112e-11
-4.7951389e-11
-4.4131945e-11
-5.6527776e-11
-4.6527778e-11
-4.3958334e-11
-5.4409723e-11
-4.8298612e-11
-4.4340278e-11
-5.4027775e-11
-4.3680556e-11
-5.2430553e-11
-5.1736112e-11
-4.4375e-11
-5.3333331e-11
-4.6006945e-11
-4.5659723e-11
-5.5694442e-11
-4.2395833e-11
-5.0000001e-11
-4.9236112e-11
-4.6631945e-11
-4.8472223e-11
-4.5868056e-11
-4.9166667e-11
-5.2048612e-11
-3.7916666e-11
-6.003472e-11
-4.7847223e-11
-4.2986111e-11
-5.6249998e-11
-4.375e-11
-5.0972223e-11
-5.0520834e-11
-4.7395834e-11
-4.8194445e-11
-4.8194445e-11
-4.1006944e-11
-5.2256945e-11
-4.4270834e-11
-4.59375e-11
-5.6423605e-11
-4.1493056e-11
-4.6388889e-11
-4.9097223e-11
-4.6770834e-11
-5.4479168e-11
-4.7013889e-11
-4.6805556e-11
-4.8819445e-11
-4.6319445e-11
-5.0277778e-11
-4.7395834e-11
-4.71875e-11
-4.7881945e-11
-4.9791667e-11
-4.6527778e-11
-5.045139e-11
-5.0416667e-11
-4.9965278e-11
-5.013889e-11
-4.7534723e-11
-4.8090278e-11
-5.076389e-11
-5.1111112e-11
-4.7534723e-11
-4.8263889e-11
-5.0243056e-11
-4.6631945e-11
-4.6388889e-11
-4.7743056e-11
-4.6041667e-11
-4.7465278e-11
-4.4375e-11
-5.7465272e-11
-4.6597223e-11
-4.6805556e-11
-4.7708334e-11
-5.2812501e-11
-4.9583334e-11
-4.71875e-11
-4.8263889e-11
-4.8125001e-11
-4.7881945e-11
-4.9409723e-11
-4.8680556e-11
-4.6076389e-11
-4.8750001e-11
-5.1145834e-11
-4.9583334e-11
-4.8611112e-11
-5.0034723e-11
-4.8402778e-11
-4.8125001e-11
-5.5069442e-11
-4e-11
-5.3229168e-11
-5.5381946e-11
-4.2465278e-11
-5.7048605e-11
-4.9895834e-11
-4.3263889e-11
-5.4444442e-11
-4.4652778e-11
-5.1319445e-11
-4.5381945e-11
-4.7777778e-11
-5.5069442e-11
-4.4027778e-11
-5.0833334e-11
-5.284722e-11
-4.8854167e-11
-4.6076389e-11
-5.347222e-11
-4.28125e-11
-5.5937494e-11
-5.534722e-11
-4.5138889e-11
-5.0625001e-11
-5.0312501e-11
-5.4583331e-11
-4.9548612e-11
-4.9861112e-11
-4.9166667e-11
-5.6631939e-11
-4.4270834e-11
-5.138889e-11
-5.2673612e-11
-4.6805556e-11
-5.2361109e-11
-4.9097223e-11
-4.6215278e-11
-5.8749991e-11
-4.5069445e-11
-5.3506945e-11
-5.232639e-11
-4.3958334e-11
-5.4826383e-11
-4.4027778e-11
-5.0208334e-11
-5.347222e-11
-4.1944444e-11
-5.7708331e-11
-4.3819445e-11
-5.1215279e-11
-5.1354167e-11
-4.8506945e-11
-4.5972223e-11
-4.8576389e-11
-5.3506945e-11
-4.7013889e-11
-4.9027778e-11
-5.1319445e-11
-4.6388889e-11
-4.9409723e-11
-4.8298612e-11
-4.9722223e-11
-5.2916664e-11
-4.5798611e-11
-4.8645834e-11
-4.8576389e-11
-4.8263889e-11
-4.6736112e-11
-5.3854168e-11
-4.6180556e-11
-5.1736112e-11
-4.9791667e-11
-5.1597223e-11
-4.9965278e-11
-4.8194445e-11
-4.9201389e-11
-4.9861112e-11
-5.4687501e-11
-4.53125e-11
-4.6493056e-11
-4.9895834e-11
-5.295139e-11
-4.2777778e-11
-5.3229168e-11
-4.6840278e-11
-4.7881945e-11
-5.8541665e-11
-4.3263889e-11
-5.4930553e-11
-5.0416667e-11
-4.71875e-11
-4.9062501e-11
-5.3645834e-11
-4.9722223e-11
-4.2430556e-11
-5.1631945e-11
-4.78125e-11
-4.1805556e-11
-5.7152776e-11
-4.7881945e-11
-4.8333334e-11
-5.1562501e-11
-4.6354167e-11
-5.3194442e-11
-5.1458334e-11
-4.5833334e-11
-5.3263886e-11
-4.6493056e-11
-4.8159723e-11
-5.1458334e-11
-4.15625e-11
-5.5937501e-11
-4.9791667e-11
-3.3993055e-11
-5.8263887e-11
-5.3298612e-11
-4.3298611e-11
-4.9305556e-11
-4.09375e-11
-5.3749998e-11
-5.2638886e-11
-3.9513889e-11
-4.9722223e-11
-5.0833334e-11
-4.6805556e-11
-5.4965279e-11
-4.3506945e-11
-5.0729167e-11
-5.2256945e-11
-4.0972222e-11
-5.4444442e-11
-4.5520834e-11
-4.7673612e-11
-5.784722e-11
-4.2916667e-11
-4.7118056e-11
-5.0520834e-11
-4.6111111e-11
-5.138889e-11
-4.7743056e-11
-4.7638889e-11
-5.2430553e-11
-4.8159723e-11
-4.4027778e-11
-4.2673611e-11
-5.5069442e-11
-4.3368056e-11
-5.045139e-11
-4.9375001e-11
-5.0416667e-11
-4.4930556e-11
-4.3715278e-11
-5.347222e-11
-3.8402777e-11
-5.7361109e-11
-4.8333334e-11
-4.5104167e-11
-5.6111109e-11
-4.1840278e-11
-5.0416667e-11
-4.2118059e-11
-5.5798612e-11
-4.6597223e-11
-4.4340278e-11
-5.2743056e-11
-4.1354167e-11
-4.9479167e-11
-5.4444442e-11
-4.4027778e-11
-4.8229167e-11
-4.8298612e-11
-4.1631944e-11
-5.7048612e-11
-4.3506945e-11
-5.2291664e-11
-4.7465278e-11
-5.0104167e-11
-5.0555556e-11
-4.1666667e-11
-4.982639e-11
-5.2534723e-11
-4.7013889e-11
-4.7951389e-11
-4.8298612e-11
-4.4340278e-11
-5.0381945e-11
-4.6701389e-11
-4.5694445e-11
-4.9930556e-11
-4.3333333e-11
-5.4374998e-11
-4.6076389e-11
-4.6215278e-11
-5.1666667e-11
-5.4548612e-11
-4.5381945e-11
-4.9305556e-11
-4.65625e-11
-4.8576389e-11
-5.2638886e-11
-5.1215279e-11
-4.8993056e-11
-4.8576389e-11
-4.6180556e-11
-4.9444445e-11
-4.2361111e-11
-5.0381945e-11
-4.9548612e-11
-3.8506944e-11
-5.9652776e-11
-4.28125e-11
-4.6423611e-11
-5.6840272e-11
-4.3680556e-11
-4.4895834e-11
-5.3298612e-11
-4.3541667e-11
-5.2465279e-11
-4.8854167e-11
-4.0590278e-11
-5.6840272e-11
-4.4930556e-11
-4.7118056e-11
-4.8923612e-11
-4.3993056e-11
-5.2118056e-11
-4.5902778e-11
-5.1354167e-11
-5.1180556e-11
-4.4270834e-11
-5.1354167e-11
-4.8194445e-11
-4.3819445e-11
-5.1597223e-11
-4.8645834e-11
-4.8784723e-11
-5.1805553e-11
-4.9583334e-11
-4.8888889e-11
-4.3888889e-11
-5.0694445e-11
-4.7638889e-11
-5.1666667e-11
-4.4479167e-11
-4.2604167e-11
-5.4687501e-11
-4.34375e-11
-4.2847222e-11
-4.6458334e-11
-5.1180556e-11
-5.3958331e-11
-4.1770833e-11
-5.1666667e-11
-4.5833334e-11
-4.1979167e-11
-5.0277778e-11
-4.9618056e-11
-4.5451389e-11
-4.8888889e-11
-4.3055556e-11
-5.6736109e-11
-3.7083333e-11
-5.0625001e-11
-4.5972223e-11
-4.6631945e-11
-4.1597222e-11
-4.9201389e-11
-4.9375001e-11
-4.8506945e-11
-4.8333334e-11
-4.5347223e-11
-5.1458334e-11
-5.2916664e-11
-4.3645833e-11
-5.1180556e-11
-4.8750001e-11
-4.5381945e-11
-4.78125e-11
-5.4444442e-11
-3.8923611e-11
-5.1736112e-11
-5.2673612e-11
-4.3298611e-11
-5.4548612e-11
-4.6875e-11
-4.4965278e-11
-5.6145835e-11
-4.09375e-11
-5.0694445e-11
-4.9930556e-11
-4.5833334e-11
-4.9062501e-11
-4.8993056e-11
-4.4791667e-11
-5.5833331e-11
-4.1145833e-11
-4.6111111e-11
-5.3333331e-11
-3.9479166e-11
-5.399305e-11
-4.6736112e-11
-4.8020834e-11
-4.5868056e-11
-4.5e-11
-5.5416664e-11
-4.7777778e-11
-4.6631945e-11
-4.625e-11
-4.6944445e-11
-5.2430553e-11
-4.4548611e-11
-5.1111112e-11
-4.4722222e-11
-4.7777778e-11
-5.1493056e-11
-4.46875e-11
-5.013889e-11
-4.8402778e-11
-4.4201389e-11
-5.1909723e-11
-4.8888889e-11
-4.9444445e-11
-4.5972223e-11
-4.8263889e-11
-4.9270834e-11
-4.6493056e-11
-4.9097223e-11
-5.0277778e-11
-5.1562501e-11
-4.2013889e-11
-5.1319445e-11
-5.0243056e-11
-4.375e-11
-4.9166667e-11
-4.5486111e-11
-4.8437501e-11
-4.7708334e-11
-5.0486112e-11
-4.8298612e-11
-4.7847223e-11
-4.0486111e-11
-5.2118056e-11
-4.5173611e-11
-4.4097222e-11
-5.7256939e-11
-4.2395833e-11
-4.8715278e-11
-4.8923612e-11
-4.6284723e-11
-5.1284723e-11
-4.3506945e-11
-5.045139e-11
-4.4548611e-11
-4.6319445e-11
-5.1944442e-11
-4.4652778e-11
-5.3333331e-11
-4.6805556e-11
-4.2881945e-11
-5.6284723e-11
-4.2118056e-11
-4.7604167e-11
-5.2986109e-11
-4.40625e-11
-5.0694445e-11
-5.0729167e-11
-4.6527778e-11
-4.7465278e-11
-4.6944445e-11
-5.1944442e-11
-4.4409722e-11
-5.0937501e-11
-4.9652778e-11
-4.6388889e-11
-5.076389e-11
-4.5868056e-11
-5.2187501e-11
-4.8472223e-11
-4.8819445e-11
-5.0000001e-11
-4.8402778e-11
-4.71875e-11
-5.0729167e-11
-4.3854167e-11
-4.59375e-11
-4.7326389e-11
-5.2291664e-11
-4.9548612e-11
-4.3298611e-11
-4.7638889e-11
-5.3055553e-11
-4.0520833e-11
-5.2534723e-11
-4.982639e-11
-4.3888889e-11
-5.2118056e-11
-5.1111112e-11
-4.7083334e-11
-5.3749998e-11
-4.9756945e-11
-4.4097222e-11
-5.3159723e-11
-4.6388889e-11
-4.7673612e-11
-4.9166667e-11
-4.9062501e-11
-4.5104167e-11
-5.076389e-11
-4.3263889e-11
-5.3541664e-11
-4.6875e-11
-4.6493056e-11
-5.2604168e-11
-4.0798611e-11
-5.6006939e-11
-4.8611112e-11
-4.3854167e-11
-6.1736102e-11
-3.7430555e-11
-4.7743056e-11
-5.4479168e-11
-3.3020833e-11
-5.5277775e-11
-5.2430553e-11
-3.8923611e-11
-4.8125001e-11
-4.9722223e-11
-4.4861111e-11
-5.1527779e-11
-4.8680556e-11
-4.9548612e-11
-4.5416667e-11
-4.8819445e-11
-4.4791667e-11
-4.8020834e-11
-4.8506945e-11
-4.6805556e-11
-4.9236112e-11
-4.7152778e-11
-4.7430556e-11
-4.8159723e-11
-4.4583334e-11
-4.4548611e-11
-5.4305553e-11
-4.8680556e-11
-4.7152778e-11
-5.0659723e-11
-5.0486112e-11
-4.7430556e-11
-5.0625001e-11
-4.4375e-11
-5.0486112e-11
-5.3923612e-11
-4.5416667e-11
-4.4652778e-11
-5.4583331e-11
-4.40625e-11
-4.5451389e-11
-4.8125001e-11
-4.1076389e-11
-5.2534723e-11
-4.6006945e-11
-4.5902778e-11
-5.3611109e-11
-3.9201389e-11
-5.0208334e-11
-5.0277778e-11
-4.8333334e-11
-4.9652778e-11
-4.75e-11
-4.9652778e-11
-4.4131945e-11
-4.6597223e-11
-5.409722e-11
-3.7048611e-11
-5.5486109e-11
-5.295139e-11
-4.3194445e-11
-5.1805553e-11
-4.7708334e-11
-5.013889e-11
-5.2465279e-11
-4.8055556e-11
-5.0798612e-11
-4.5069445e-11
-4.40625e-11
-5.9236102e-11
-4.1006944e-11
-5.9062498e-11
-4.8055556e-11
-4.6979167e-11
-5.1319445e-11
-4.6805556e-11
-5.347222e-11
-4.5243056e-11
-4.7222223e-11
-4.5798611e-11
-5.1354167e-11
-5.0590278e-11
-4.2881945e-11
-5.3888886e-11
-4.9965278e-11
-4.1597222e-11
-5.774305e-11
-4.5208334e-11
-4.7951389e-11
-5.0347223e-11
-5.0104167e-11
-4.7013889e-11
-4.6701389e-11
-5.8923609e-11
-4.6979167e-11
-4.8611112e-11
-4.9444445e-11
-4.6145834e-11
-4.9895834e-11
-4.7638889e-11
-4.8090278e-11
-4.5381945e-11
-4.4305556e-11
-5.4166664e-11
-4.5104167e-11
-4.5208334e-11
-5.1979167e-11
-3.8541666e-11
-5.0208334e-11
-5.1805553e-11
-4.6458334e-11
-4.7569445e-11
-4.9652778e-11
-4.9340278e-11
-4.3993056e-11
-5.472222e-11
-4.7638889e-11
-4.5729167e-11
-4.7916667e-11
-4.7430556e-11
-4.8159723e-11
-4.8194445e-11
-5.0555556e-11
-4.6944445e-11
-4.7986112e-11
-4.5659723e-11
-5.222222e-11
-4.5486111e-11
-4.28125e-11
-5.5104161e-11
-4.3576389e-11
-4.8194445e-11
-4.9201389e-11
-4.21875e-11
-5.2569442e-11
-4.1493056e-11
-4.6493056e-11
-5.847222e-11
-3.9826389e-11
-4.7951389e-11
-5.076389e-11
-4.982639e-11
-4.9131945e-11
-5.2881945e-11
-4.25e-11
-5.6145835e-11
-4.5763889e-11
-4.5138889e-11
-5.0312501e-11
-4.6493056e-11
-4.9062501e-11
-4.8472223e-11
-4.6180556e-11
-5.2083331e-11
-5.0729167e-11
-4.3125e-11
-5.4374998e-11
-4.3576389e-11
-5.1944442e-11
-4.8993056e-11
-4.8090278e-11
-4.8611112e-11
-4.4131945e-11
-4.8576389e-11
-4.7916667e-11
-4.8125001e-11
-4.7673612e-11
-4.9930556e-11
-4.6493056e-11
-5.1805553e-11
-4.4930556e-11
-4.3645833e-11
-5.2395834e-11
-5.1423612e-11
-4.40625e-11
-5.107639e-11
-4.9861112e-11
-4.9930556e-11
-5.2152775e-11
-4.1527778e-11
-5.2743056e-11
-4.6215278e-11
-4.9930556e-11
-5.2361109e-11
-4.6701389e-11
-4.78125e-11
-4.7326389e-11
-5.1006945e-11
-5.2361109e-11
-4.2916667e-11
-4.8506945e-11
-4.7569445e-11
-5.1944442e-11
-4.7951389e-11
-4.3715278e-11
-5.2430553e-11
-4.6909723e-11
-4.6597223e-11
-5.1493056e-11
-4.2013889e-11
-5.1666667e-11
-4.6423611e-11
-4.6909723e-11
-5.0694445e-11
-4.7465278e-11
-4.8506945e-11
-4.6284723e-11
-5.2395834e-11
-4.8055556e-11
-4.7430556e-11
-5.3159723e-11
-4.5173611e-11
-4.982639e-11
-4.6354167e-11
-4.5694445e-11
-5.0486112e-11
-4.8611112e-11
-4.7430556e-11
-4.9097223e-11
-4.8506945e-11
-4.65625e-11
-4.9861112e-11
-4.6319445e-11
-4.7430556e-11
-5.138889e-11
-4.3159722e-11
-5.4062501e-11
-5.013889e-11
-4.6111111e-11
-5.1944442e-11
-4.5902778e-11
-4.6354167e-11
-4.7916667e-11
-4.7847223e-11
-4.8298612e-11
-4.5104167e-11
-5.0347223e-11
-5.0590278e-11
-4.3888889e-11
-5.3749998e-11
-4.9861112e-11
-4.8819445e-11
-5.2256945e-11
-3.9756944e-11
-5.7013887e-11
-4.6597223e-11
-4.9097223e-11
-4.6840278e-11
-4.3541667e-11
-5.0486112e-11
-4.8993056e-11
-4.4409722e-11
-5.0520834e-11
-4.7361112e-11
-4.7013889e-11
-5.4548612e-11
-4.4652778e-11
-4.8750001e-11
-4.7118056e-11
-4.7916667e-11
-4.8298612e-11
-5.0381945e-11
-5.1909723e-11
-4.5381945e-11
-4.6041667e-11
-4.9305556e-11
-5.0868056e-11
-4.5798611e-11
-4.9618056e-11
-4.9618056e-11
-4.8888889e-11
-4.7569445e-11
-4.3854167e-11
-5.5104168e-11
-4.2361111e-11
-4.9861112e-11
-5.3020834e-11
-4.1145833e-11
-5.1979167e-11
-4.5833334e-11
-4.8472223e-11
-5.2604168e-11
-4.2083333e-11
-5.3784723e-11
-4.5e-11
-4.3576389e-11
-5.7708331e-11
-4.6805556e-11
-4.8541667e-11
-4.9444445e-11
-5.1006945e-11
-4.0659722e-11
-5.5902775e-11
-4.3055556e-11
-5.3333331e-11
-4.6006945e-11
-4.5243056e-11
-4.8333334e-11
-5.1180556e-11
-3.3715277e-11
-5.6006946e-11
-5.2499997e-11
-4.2951389e-11
-4.6666667e-11
-4.78125e-11
-4.7222223e-11
-4.4930556e-11
-4.8541667e-11
-4.6180556e-11
-4.8368056e-11
-5.0208334e-11
-4.7673612e-11
-4.1215278e-11
-5.2569442e-11
-4.6701389e-11
-5.0208334e-11
-4.8368056e-11
-5.0937501e-11
-4.3576389e-11
-4.6458334e-11
-5.7743057e-11
-4.2916667e-11
-5.1597223e-11
-5.2638886e-11
-4.4583334e-11
-4.6076389e-11
-4.6423611e-11
-5.4652775e-11
-4.3472222e-11
-4.3090278e-11
-5.4062501e-11
-4.0034722e-11
-5.5138887e-11
-4.9097223e-11
-4.2430556e-11
-4.9895834e-11
-5.1736112e-11
-4.65625e-11
-5.0034723e-11
-4.3368056e-11
-5.0902779e-11
-4.9131945e-11
-4.1840278e-11
-5.295139e-11
-4.1493056e-11
-5.2291664e-11
-5.3715279e-11
-4.1458333e-11
-5.0000001e-11
-4.9027778e-11
-4.9236112e-11
-4.6006945e-11
-5.0034723e-11
-4.9305556e-11
-4.3333333e-11
-5.6006939e-11
-4.8819445e-11
-4.7048612e-11
-4.8506945e-11
-5.013889e-11
-4.46875e-11
-4.7673612e-11
-5.0069445e-11
-4.3263889e-11
-4.8125001e-11
-4.9131945e-11
-5.2187501e-11
-4.8090278e-11
-4.8888889e-11
-4.9166667e-11
-4.8958334e-11
-5.3611109e-11
-4.2430556e-11
-4.9722223e-11
-4.4097222e-11
-4.6770834e-11
-5.2083331e-11
-4.3125e-11
-5.4583331e-11
-4.2361111e-11
-5.2187501e-11
-4.7013889e-11
-4.7569445e-11
-4.9062501e-11
-4.7326389e-11
-5.0173612e-11
-4.8645834e-11
-4.7881945e-11
-4.8680556e-11
-5.0590278e-11
-4.4548611e-11
-4.6354167e-11
-5.2187501e-11
-4.4965278e-11
-4.8055556e-11
-5.1979167e-11
-4.4340278e-11
-5.3159723e-11
-4.2951389e-11
-4.65625e-11
-4.7118056e-11
-4.7430556e-11
-5.5069442e-11
-4.4236111e-11
-5.0416667e-11
-5.3888886e-11
-3.9722222e-11
-5.2986109e-11
-5.1145834e-11
-3.8645833e-11
-5.5277775e-11
-4.5486111e-11
-4.7048612e-11
-5.1458334e-11
-4.6354167e-11
-5.2361109e-11
-4.7048612e-11
-4.5763889e-11
-5.6388887e-11
-4.15625e-11
-4.8993056e-11
-5.3333331e-11
-4.1979167e-11
-4.8958334e-11
-5.0277778e-11
-4.5694445e-11
-5.3159723e-11
-4.6597223e-11
-4.5763889e-11
-5.1979167e-11
-4.0729167e-11
-5.1458334e-11
-4.5520834e-11
-5.1006945e-11
-4.8506945e-11
-4.46875e-11
-5.4305553e-11
-4.7673612e-11
-3.8368055e-11
-5.4270834e-11
-4.8020834e-11
-4.71875e-11
-4.8020834e-11
-4.4826389e-11
-4.4236111e-11
-4.3298611e-11
-5.1979167e-11
-4.5659723e-11
-4.46875e-11
-5.2604168e-11
-4.4965278e-11
-5.1909723e-11
-4.4305556e-11
-4.8159723e-11
-5.1458334e-11
-4.5625e-11
-4.6180556e-11
-5.0902779e-11
-4.7881945e-11
-4.9652778e-11
-4.7152778e-11
-4.7881945e-11
-5.3055553e-11
-4.1875e-11
-5.5277775e-11
-3.9930555e-11
-4.6319445e-11
-6.2326387e-11
-3.3402777e-11
-5.5937501e-11
-5.1284723e-11
-4.25e-11
-5.7430553e-11
-4.2777778e-11
-4.6145834e-11
-5.3368057e-11
-4.5e-11
-5.4965279e-11
-4.3958334e-11
-4.7291667e-11
-5.0416667e-11
-4.0694444e-11
-5.0000001e-11
-4.7083334e-11
-5.2152775e-11
-4.7152778e-11
-4.6076389e-11
-5.284722e-11
-4.9618056e-11
-4.8298612e-11
-4.9965278e-11
-5.0520834e-11
-4.6701389e-11
-4.8298612e-11
-4.9687501e-11
-5.5034723e-11
-4.1631944e-11
-5.0069445e-11
-4.5590278e-11
-4.6006945e-11
-5.7118057e-11
-4.4236111e-11
-5.4687501e-11
-4.65625e-11
-4.25e-11
-5.1527779e-11
-4.9479167e-11
-4.2916667e-11
-5.545139e-11
-4.9270834e-11
-4.2708333e-11
-6.0208331e-11
-3.8923611e-11
-4.65625e-11
-4.982639e-11
-4.4722222e-11
-5.1874997e-11
-4.3020833e-11
-5.0798612e-11
-4.4965278e-11
-5.2534723e-11
-4.7847223e-11
-4.4548611e-11
-4.6770834e-11
-4.8888889e-11
-4.09375e-11
-5.5381946e-11
-4.4097222e-11
-4.9583334e-11
-4.8055556e-11
-4.5902778e-11
-4.9618056e-11
-4.6145834e-11
-5.0381945e-11
-4.8680556e-11
-4.7847223e-11
-4.7673612e-11
-4.6458334e-11
-4.7326389e-11
-5.0173612e-11
-4.5868056e-11
-5.0659723e-11
-4.6701389e-11
-4.9548612e-11
-4.9548612e-11
-4.5694445e-11
-4.5277778e-11
-5.4166664e-11
-4.4618056e-11
-5.138889e-11
-4.5729167e-11
-4.8229167e-11
-5.3402775e-11
-4.0798611e-11
-5.0520834e-11
-4.4201389e-11
-4.9895834e-11
-4.9236112e-11
-4.625e-11
-4.9652778e-11
-4.3263889e-11
-5.2743056e-11
-4.6736112e-11
-4.5173611e-11
-5.3819442e-11
-4.7569445e-11
-5.3020834e-11
-4.3368056e-11
-5.0208334e-11
-4.9131945e-11
-4.6701389e-11
-4.5451389e-11
-4.8993056e-11
-4.1111111e-11
-5.6006939e-11
-4.5729167e-11
-5.0486112e-11
-5.0972223e-11
-4.0902778e-11
-5.3611109e-11
-4.2013889e-11
-4.9027778e-11
-5.0625001e-11
-4.5625e-11
-5.4340279e-11
-4.3298611e-11
-4.7951389e-11
-4.8819445e-11
-4.5451389e-11
-5.0694445e-11
-5.2118056e-11
-4.6145834e-11
-4.59375e-11
-5.4618057e-11
-4.5034722e-11
-5.2465279e-11
-4.5069445e-11
-5.6458331e-11
-4.8506945e-11
-4.4791667e-11
-4.8611112e-11
-5.0000001e-11
-4.8958334e-11
-4.5659723e-11
-5.2465279e-11
-4.9895834e-11
-4.625e-11
-4.46875e-11
-5.5798612e-11
-4.7847223e-11
-4.4166667e-11
-5.6249998e-11
-4.1145833e-11
-4.9166667e-11
-4.8715278e-11
-4.9027778e-11
-5.3368057e-11
-4.3715278e-11
-5.2499997e-11
-4.8854167e-11
-3.8715278e-11
-5.2395834e-11
-4.8750001e-11
-4.8541667e-11
-5.045139e-11
-4.2604167e-11
-5.1041667e-11
-4.8090278e-11
-4.3854167e-11
-5.076389e-11
-5.0347223e-11
-4.4652778e-11
-4.7743056e-11
-4.9270834e-11
-4.9861112e-11
-5.2569442e-11
-4.5833334e-11
-4.7569445e-11
-5.3611109e-11
-4.9375001e-11
-4.4201389e-11
-5.8368053e-11
-4.5486111e-11
-4.4270834e-11
-5.4444442e-11
-4.8958334e-11
-4.7326389e-11
-5.222222e-11
-4.5104167e-11
-4.8750001e-11
-5.4548612e-11
-5.420139e-11
-4.1354167e-11
-4.6458334e-11
-5.1180556e-11
-5.2187501e-11
-4.9618056e-11
-5.4548612e-11
-4.6979167e-11
-4.8784723e-11
-5.409722e-11
-3.9027778e-11
-5.659722e-11
-5.0034723e-11
-4.3159722e-11
-5.5173612e-11
-4.5104167e-11
-5.4374998e-11
-5.107639e-11
-4.8645834e-11
-5.6249998e-11
-4.1979167e-11
-5.1597223e-11
-4.4895834e-11
-4.7222223e-11
-5.3368057e-11
-4.1875e-11
-5.2708331e-11
-4.5972223e-11
-5.3229168e-11
-4.4027778e-11
-5.138889e-11
-4.7083334e-11
-4.8645834e-11
-4.625e-11
-5.3993057e-11
-4.8854167e-11
-5.1250001e-11
-5.0694445e-11
-4.6944445e-11
-5.5312501e-11
-4.5868056e-11
-5.1840279e-11
-5.4270834e-11
-4.4305556e-11
-4.6909723e-11
-5.3368057e-11
-4.5138889e-11
-4.6944445e-11
-5.6006946e-11
-4.3055556e-11
-5.284722e-11
-5.2708331e-11
-4.0625e-11
-5.6111109e-11
-4.3159722e-11
-4.9895834e-11
-4.9965278e-11
-4.1909722e-11
-5.7291664e-11
-4.7916667e-11
-4.4583334e-11
-5.232639e-11
-5.0277778e-11
-4.9027778e-11
-4.8437501e-11
-4.5625e-11
-4.9965278e-11
-5.0520834e-11
-5.0312501e-11
-4.7013889e-11
-5.1631945e-11
-4.4409722e-11
-4.5173611e-11
-4.8506945e-11
-5.2048612e-11
-4.1770833e-11
-4.9722223e-11
-4.8194445e-11
-5.2499997e-11
-4.6215278e-11
-4.59375e-11
-5.4965279e-11
-4.3784722e-11
-4.5173611e-11
-5.9201387e-11
-4.1736111e-11
-4.5069445e-11
-5.107639e-11
-4.1006944e-11
-5.2465279e-11
-4.0381944e-11
-5.5069442e-11
-4.6666667e-11
-5.3194442e-11
-5.2743056e-11
-4.1180555e-11
-5.7951383e-11
-4.53125e-11
-4.1736111e-11
-5.7118057e-11
-4.1631944e-11
-5.2187501e-11
-5.0520834e-11
-4.6701389e-11
-5.0972223e-11
-4.9687501e-11
-4.7361112e-11
-5.2395834e-11
-4.1944444e-11
-4.9791667e-11
-5.6180553e-11
-4.2291667e-11
-5.1493056e-11
-5.4479161e-11
-4.6458334e-11
-4.6180556e-11
-4.7083334e-11
-5.4930553e-11
-4.3333333e-11
-5.222222e-11
-4.5694445e-11
-4.5694445e-11
-5.6111109e-11
-3.9236111e-11
-4.7395834e-11
-5.284722e-11
-4.15625e-11
-5.2743056e-11
-4.71875e-11
-4.3333333e-11
-4.8993056e-11
-4.4513889e-11
-5.1215279e-11
-4.8819445e-11
-4.4236111e-11
-5.3194442e-11
-4.6597223e-11
-4.6944445e-11
-5.5138887e-11
-4.4965278e-11
-5.2013886e-11
-4.3541667e-11
-5.4270834e-11
-4.6736112e-11
-4.5972223e-11
-5.0520834e-11
-4.0902778e-11
-5.0416667e-11
-5.420139e-11
-4e-11
-5.0486112e-11
-5.0104167e-11
-4.1770833e-11
-5.295139e-11
-4.5833334e-11
-5.3680553e-11
-4.2465278e-11
-4.8680556e-11
-5.347222e-11
-4.5694445e-11
-4.8263889e-11
-5.3854168e-11
-5.107639e-11
-4.03125e-11
-5.472222e-11
-5.0659723e-11
-4.5208334e-11
-5.2708331e-11
-4.8541667e-11
-4.9340278e-11
-4.9444445e-11
-4.71875e-11
-4.9965278e-11
-4.8541667e-11
-4.5520834e-11
-4.8229167e-11
-5.1805553e-11
-4.6736112e-11
-5.295139e-11
-5.0277778e-11
-4.8472223e-11
-4.9444445e-11
-4.9722223e-11
-4.6805556e-11
-5.0729167e-11
-4.4895834e-11
-5.0381945e-11
-5.5659716e-11
-4.0520833e-11
-5.3229168e-11
-4.2569444e-11
-5.2465279e-11
-4.4930556e-11
-4.2847222e-11
-5.9444442e-11
-4.0347222e-11
-5.0625001e-11
-5.1423612e-11
-3.8784722e-11
-5.4236109e-11
-4.4201389e-11
-4.3576389e-11
-5.7777776e-11
-4.6909723e-11
-4.4270834e-11
-5.1354167e-11
-4.3333333e-11
-5.5659723e-11
-4.3229167e-11
-4.7638889e-11
-5.0555556e-11
-4.7986112e-11
-5.295139e-11
-4.3194445e-11
-4.8263889e-11
-5.1770834e-11
-3.8194444e-11
-5.2916664e-11
-4.9756945e-11
-4.6909723e-11
-4.6701389e-11
-5.138889e-11
-4.7395834e-11
-4.3159722e-11
-5.1840279e-11
-4.46875e-11
-4.4618056e-11
-4.9201389e-11
-4.8194445e-11
-4.9062501e-11
-5.0034723e-11
-4.6388889e-11
-5.0034723e-11
-4.4583334e-11
-4.7395834e-11
-4.6145834e-11
-4.7951389e-11
-4.6527778e-11
-4.8784723e-11
-4.8854167e-11
-4.7118056e-11
-4.8854167e-11
-4.25e-11
-5.4687501e-11
-4.71875e-11
-4.6666667e-11
-5.0381945e-11
-4.2708333e-11
-5.0590278e-11
-4.8993056e-11
-4.3576389e-11
-5.2395834e-11
-4.2048611e-11
-4.9479167e-11
-5.3229168e-11
-4.0451389e-11
-4.7152778e-11
-5.1631945e-11
-4.6354167e-11
-4.8923612e-11
-4.6944445e-11
-4.5833334e-11
-4.8090278e-11
-5.013889e-11
-4.4131945e-11
-4.8020834e-11
-5.1423612e-11
-4.7395834e-11
-4.3194445e-11
-4.9722223e-11
-5.1215279e-11
-4.1805556e-11
-5.5798605e-11
-4.2916667e-11
-4.7708334e-11
-5.170139e-11
-5.0312501e-11
-4.7847223e-11
-5.0555556e-11
-4.5104167e-11
-4.8715278e-11
-5.0173612e-11
-4.951389e-11
-4.6111111e-11
-4.9236112e-11
-4.8437501e-11
-4.4201389e-11
-5.1458334e-11
-4.3923611e-11
-5.0173612e-11
-5.0416667e-11
-4.9930556e-11
-4.4722222e-11
-4.8402778e-11
-4.7534723e-11
-5.013889e-11
-4.5520834e-11
-4.4618056e-11
-4.9097223e-11
-4.4444445e-11
-5.1284723e-11
-4.5243056e-11
-5.0104167e-11
-4.9166667e-11
-4.2951389e-11
-5.4270834e-11
-4.3958334e-11
-4.6944445e-11
-4.951389e-11
-4.34375e-11
-5.4791664e-11
-4.6458334e-11
-4.2708333e-11
-4.7881945e-11
-5.2256945e-11
-5.1527779e-11
-4.5833334e-11
-4.5902778e-11
-4.7534723e-11
-4.6805556e-11
-5.1215279e-11
-4.3680556e-11
-4.7083334e-11
-4.7881945e-11
-5.1250001e-11
-4.3854167e-11
-4.7916667e-11
-5.420139e-11
-4.7777778e-11
-4.9097223e-11
-4.65625e-11
-4.71875e-11
-4.9548612e-11
-4.9930556e-11
-4.9583334e-11
-4.7743056e-11
-4.8888889e-11
-4.7083334e-11
-4.3506945e-11
-5.1770834e-11
-4.5416667e-11
-4.2534722e-11
-5.3506945e-11
-4.6215278e-11
-5.0972223e-11
-5.3402775e-11
-3.6666666e-11
-5.6319442e-11
-5.0590278e-11
-3.6770833e-11
-5.6909717e-11
-4.2777778e-11
-4.6180556e-11
-5.0381945e-11
-4.5694445e-11
-5.0625001e-11
-4.9236112e-11
-4.3923611e-11
-4.8993056e-11
-4.6736112e-11
-5.1770834e-11
-4.7256945e-11
-4.625e-11
-4.34375e-11
-4.5520834e-11
-5.138889e-11
-4.6527778e-11
-4.5833334e-11
-5.6180553e-11
-4.7847223e-11
-4.7256945e-11
-4.5069445e-11
-4.9375001e-11
-4.9375001e-11
-4.2951389e-11
-5.2361109e-11
-4.4965278e-11
-4.6597223e-11
-5.2013886e-11
-4.8541667e-11
-4.5208334e-11
-4.5e-11
-5.1215279e-11
-5.0034723e-11
-5.0625001e-11
-5.2534723e-11
-4.3819445e-11
-4.8888889e-11
-4.8958334e-11
-4.4895834e-11
-5.2708331e-11
-4.625e-11
-4.8125001e-11
-4.6111111e-11
-4.5416667e-11
-5.4236109e-11
-4.1631944e-11
-5.1527779e-11
-5.2673612e-11
-4.9027778e-11
-4.9930556e-11
-4.8854167e-11
-5.0312501e-11
-4.8125001e-11
-4.0694444e-11
-5.4861109e-11
-4.1527778e-11
-5.295139e-11
-4.7743056e-11
-4.0173611e-11
-5.8854165e-11
-4.0381944e-11
-4.375e-11
-5.1180556e-11
-4.6666667e-11
-4.8229167e-11
-5.357639e-11
-4.0034722e-11
-5.2187501e-11
-5.2291664e-11
-3.6493055e-11
-5.9652776e-11
-4.5173611e-11
-4.7986112e-11
-5.2361109e-11
-4.0520833e-11
-5.711805e-11
-4.1493056e-11
-5.045139e-11
-4.9201389e-11
-4.53125e-11
-4.65625e-11
-5.2465279e-11
-4.4930556e-11
-5.138889e-11
-4.5694445e-11
-4.2534722e-11
-5.107639e-11
-4.4548611e-11
-4.982639e-11
-4.6145834e-11
-4.6701389e-11
-5.5381946e-11
-4.6666667e-11
-4.6979167e-11
-4.7013889e-11
-4.9201389e-11
-4.4965278e-11
-5.0729167e-11
-4.7326389e-11
-4.8645834e-11
-4.7569445e-11
-4.4895834e-11
-5.4340279e-11
-4.3229167e-11
-4.8402778e-11
-4.53125e-11
-4.5972223e-11
-5.2048612e-11
-4.2291667e-11
-5.1145834e-11
-4.9722223e-11
-4.6527778e-11
-4.6701389e-11
-4.8576389e-11
-4.3958334e-11
-4.8750001e-11
-4.5729167e-11
-5.3923612e-11
-4.4027778e-11
-4.1180555e-11
-5.5902775e-11
-4.2604167e-11
-4.8576389e-11
-4.8020834e-11
-4.9409723e-11
-4.9027778e-11
-4.5729167e-11
-4.3090278e-11
-5.0972223e-11
-4.5034722e-11
-5.222222e-11
-5.1979167e-11
-4.6944445e-11
-4.9652778e-11
-4.34375e-11
-5.1284723e-11
-5.6979161e-11
-4.5069445e-11
-4.7083334e-11
-4.8680556e-11
-5.1805553e-11
-4.6006945e-11
-4.5833334e-11
-4.5381945e-11
-5.4062501e-11
-4.0347222e-11
-4.9166667e-11
-4.46875e-11
-4.8298612e-11
-4.8055556e-11
-4.4791667e-11
-5.2812501e-11
-4.8437501e-11
-4.9166667e-11
-4.4652778e-11
-5.0937501e-11
-5.0694445e-11
-4.4548611e-11
-4.8159723e-11
-4.7256945e-11
-4.4166667e-11
-5.2673612e-11
-4.6284723e-11
-4.4756945e-11
-4.9305556e-11
-4.46875e-11
-4.9375001e-11
-4.3715278e-11
-4.7569445e-11
-5.3645834e-11
-4.1527778e-11
-4.5659723e-11
-5.7326383e-11
-3.7847222e-11
-5.6527776e-11
-5.1562501e-11
-4.4201389e-11
-5.2916664e-11
-4.6701389e-11
-4.3159722e-11
-5.107639e-11
-4.7743056e-11
-4.8402778e-11
-4.6284723e-11
-4.6076389e-11
-4.9375001e-11
-4.7465278e-11
-4.9791667e-11
-5.222222e-11
-4.75e-11
-4.6319445e-11
-5.2743056e-11
-4.6145834e-11
-5.5486109e-11
-4.8159723e-11
-4.2083333e-11
-5.1354167e-11
-4.7881945e-11
-4.8958334e-11
-5.1111112e-11
-5.0208334e-11
-4.7534723e-11
-4.8819445e-11
-5.1006945e-11
-4.6909723e-11
-5.1944442e-11
-4.7604167e-11
-4.3576389e-11
-5.3680553e-11
-4.4027778e-11
-4.8125001e-11
-4.8993056e-11
-4.8715278e-11
-4.1041667e-11
-4.951389e-11
-5.3888886e-11
-3.8125e-11
-5.3611109e-11
-4.8923612e-11
-4.5694445e-11
-4.7638889e-11
-4.5902778e-11
-4.4965278e-11
-5.1041667e-11
-5.0381945e-11
-4.4479167e-11
-5.045139e-11
-4.7743056e-11
-4.8333334e-11
-4.4861111e-11
-4.78125e-11
-4.6666667e-11
-4.3541667e-11
-5.0972223e-11
-4.6944445e-11
-4.9236112e-11
-4.9166667e-11
-4.9583334e-11
-4.8854167e-11
-4.7222223e-11
-5.2118056e-11
-4.3993056e-11
-4.8715278e-11
-5.1180556e-11
-4.0069444e-11
-5.5624998e-11
-4.1979167e-11
-4.5694445e-11
-5.4479168e-11
-4.8229167e-11
-4.5e-11
-4.5729167e-11
-5.6145835e-11
-4.4583334e-11
-5.170139e-11
-5.1527779e-11
-4.09375e-11
-5.409722e-11
-4.5034722e-11
-4.6006945e-11
-5.076389e-11
-5.0034723e-11
-4.6354167e-11
-5.6388887e-11
-4.6666667e-11
-4.4201389e-11
-5.3611109e-11
-3.8923611e-11
-5.5034723e-11
-4.4513889e-11
-4.5277778e-11
-5.6666664e-11
-4.28125e-11
-5.107639e-11
-5.1874997e-11
-3.8194444e-11
-5.4548612e-11
-4.375e-11
-4.5243056e-11
-5.076389e-11
-4.5034722e-11
-5.6388887e-11
-4.1666667e-11
-4.7013889e-11
-4.8819445e-11
-4.5590278e-11
-4.3263889e-11
-5.3958331e-11
-4.34375e-11
-4.5590278e-11
-4.9895834e-11
-4.6666667e-11
-5.2881945e-11
-4.8993056e-11
-4.6076389e-11
-5.5590279e-11
-4.3368056e-11
-5.1180556e-11
-4.8784723e-11
-4.4930556e-11
-4.9236112e-11
-4.9618056e-11
-4.3506945e-11
-5.4583331e-11
-4.46875e-11
-4.9930556e-11
-5.0937501e-11
-4.65625e-11
-4.5972223e-11
-5.0694445e-11
-5.1215279e-11
-4.8784723e-11
-4.9722223e-11
-5.0972223e-11
-5.0381945e-11
-5.1006945e-11
-4.4930556e-11
-5.409722e-11
-4.65625e-11
-4.7708334e-11
-4.8090278e-11
-5.222222e-11
-4.5347223e-11
-5.0798612e-11
-5.0937501e-11
-4.5208334e-11
-4.6805556e-11
-5.0694445e-11
-4.2048611e-11
-5.5486109e-11
-4.4583334e-11
-4.8541667e-11
-5.5833331e-11
-4.2951389e-11
-4.6631945e-11
-5.3888886e-11
-4.7048612e-11
-5.107639e-11
-5.2604168e-11
-4.5104167e-11
-4.1979167e-11
-5.7430553e-11
-4.0486111e-11
-4.6076389e-11
-5.8854165e-11
-4.1354167e-11
-4.8125001e-11
-5.0590278e-11
-4.9201389e-11
-5.2881945e-11
-4.3229167e-11
-4.9652778e-11
-5.2395834e-11
-4.6701389e-11
-5.1111112e-11
-4.7708334e-11
-4.4513889e-11
-4.9895834e-11
-5.0590278e-11
-4.6909723e-11
-5.0833334e-11
-4.3229167e-11
-4.8958334e-11
-5.4270834e-11
-4.4965278e-11
-5.3437501e-11
-4.8854167e-11
-4.0833333e-11
-6.190972e-11
-4.3680556e-11
-4.5451389e-11
-5.8194442e-11
-3.9756944e-11
-5.4583331e-11
-4.5034722e-11
-4.8750001e-11
-5.3124997e-11
-4.0798611e-11
-5.2083331e-11
-4.6875e-11
-4.9652778e-11
-4.6354167e-11
-4.8229167e-11
-5.2118056e-11
-4.6666667e-11
-5.3993057e-11
-5.2395834e-11
-4.7326389e-11
-4.6006945e-11
-4.8298612e-11
-4.7777778e-11
-4.59375e-11
-4.8541667e-11
-5.013889e-11
-5.0659723e-11
-4.4548611e-11
-4.6145834e-11
-4.9895834e-11
-4.8611112e-11
-4.5243056e-11
-4.8125001e-11
-5.2013886e-11
-4.0451389e-11
-5.5173612e-11
-5.2465279e-11
-4.4930556e-11
-4.9305556e-11
-4.46875e-11
-4.7743056e-11
-5.5277775e-11
-4.4270834e-11
-5.0312501e-11
-4.8750001e-11
-4.2847222e-11
-4.6388889e-11
-4.6354167e-11
-5.4131945e-11
-4.3125e-11
-5.1458334e-11
-4.8958334e-11
-5.0729167e-11
-4.5763889e-11
-4.951389e-11
-4.71875e-11
-4.8541667e-11
-5.0000001e-11
-4.5208334e-11
-5.0243056e-11
-4.8958334e-11
-4.7916667e-11
-4.8506945e-11
-4.5e-11
-5.6319442e-11
-4.3784722e-11
-5.0069445e-11
-5.5729161e-11
-4.46875e-11
-5.2569442e-11
-4.3576389e-11
-4.8194445e-11
-4.9131945e-11
-4.2777778e-11
-5.0208334e-11
-4.7430556e-11
-4.3680556e-11
-5.3229168e-11
-4.2534722e-11
-5.1909723e-11
-4.8194445e-11
-4.3611111e-11
-5.076389e-11
-4.5277778e-11
-5.1909723e-11
-5.0277778e-11
-4.71875e-11
-5.1874997e-11
-5.0243056e-11
