6.1427624e-10
6.1351968e-10
6.1572364e-10
6.1368421e-10
6.1266447e-10
6.1746708e-10
6.1559213e-10
6.1391447e-10
6.1641448e-10
6.1276317e-10
6.1628286e-10
6.1473687e-10
6.1529609e-10
6.1848676e-10
6.1503291e-10
6.1414474e-10
6.1555927e-10
6.111513e-10
6.167763e-10
6.1618427e-10
6.1618421e-10
6.1773037e-10
6.1496708e-10
6.1565791e-10
6.1625e-10
6.1914479e-10
6.1638161e-10
6.1779598e-10
6.165789e-10
6.1559213e-10
6.1720395e-10
6.1828948e-10
6.1674343e-10
6.1371708e-10
6.1766448e-10
6.1493421e-10
6.1532901e-10
6.1657895e-10
6.1513161e-10
6.1569078e-10
6.1638161e-10
6.1519734e-10
6.1598687e-10
6.1825656e-10
6.1631583e-10
6.1697375e-10
6.1592104e-10
6.1421052e-10
6.1654609e-10
6.1328942e-10
6.1473682e-10
6.1565786e-10
6.1743427e-10
6.1628286e-10
6.1562494e-10
6.1559208e-10
6.1654609e-10
6.165789e-10
6.1585531e-10
6.1582239e-10
6.1559208e-10
6.1674343e-10
6.1430921e-10
6.1565791e-10
6.1555921e-10
6.1546057e-10
6.1605265e-10
6.1634864e-10
6.1654604e-10
6.1546046e-10
6.1611843e-10
6.1549343e-10
6.1378291e-10
6.1621713e-10
6.1332239e-10
6.1476974e-10
6.1621719e-10
6.1483552e-10
6.1351974e-10
6.1236838e-10
6.1605265e-10
6.1220401e-10
6.1325656e-10
6.1381578e-10
6.1286182e-10
6.1384869e-10
6.1421052e-10
6.1398026e-10
6.1328953e-10
6.1463812e-10
6.1098687e-10
6.1253291e-10
6.1203947e-10
6.1421046e-10
6.1276312e-10
6.1213817e-10
6.1296052e-10
6.1230265e-10
6.1404609e-10
6.10625e-10
6.1384869e-10
6.1565791e-10
6.1361843e-10
6.1121708e-10
6.1138156e-10
6.1305921e-10
6.1177635e-10
6.1519734e-10
6.1394734e-10
6.1549349e-10
6.1203947e-10
6.1055921e-10
6.1184213e-10
6.1500005e-10
6.1305921e-10
6.1200661e-10
6.13125e-10
6.1164479e-10
6.1611838e-10
6.1351974e-10
6.1161187e-10
6.1098693e-10
6.1404604e-10
6.1447358e-10
6.1444078e-10
6.1486843e-10
6.1269728e-10
6.1398026e-10
6.1516453e-10
6.1414479e-10
6.1493421e-10
6.1226979e-10
6.1450656e-10
6.1197364e-10
6.1401317e-10
6.1546052e-10
6.1269734e-10
6.1289468e-10
6.1703942e-10
6.155263e-10
6.1733552e-10
6.1444078e-10
6.1601974e-10
6.147039e-10
6.1493427e-10
6.1358557e-10
6.142763e-10
6.1460526e-10
6.1532895e-10
6.1690786e-10
6.1401317e-10
6.1506583e-10
6.1430921e-10
6.1404609e-10
6.1269734e-10
6.1401312e-10
6.1335531e-10
6.1476974e-10
6.1358546e-10
6.1197369e-10
6.1167765e-10
6.1358557e-10
6.1457234e-10
6.124013e-10
6.1348676e-10
6.1394739e-10
6.15625e-10
6.1595395e-10
6.1342104e-10
6.1365124e-10
6.1634864e-10
6.149013e-10
6.13125e-10
6.1421046e-10
6.1279609e-10
6.1855271e-10
6.1483546e-10
6.1717104e-10
6.1378297e-10
6.1381578e-10
6.1315791e-10
6.1371713e-10
6.148026e-10
6.1598682e-10
6.1026312e-10
6.1368427e-10
6.1605254e-10
6.1381578e-10
6.1717104e-10
6.1325656e-10
6.1325656e-10
6.1289479e-10
6.1621708e-10
6.1269745e-10
6.1526317e-10
6.1378291e-10
6.1444078e-10
6.1549349e-10
6.1203947e-10
6.1164473e-10
6.1259869e-10
6.1486838e-10
6.1569078e-10
6.1404598e-10
6.1115135e-10
6.1569078e-10
6.1631572e-10
6.1648682e-10
6.1592098e-10
6.1505271e-10
6.1496708e-10
6.1501968e-10
6.1664474e-10
6.1654609e-10
6.1467109e-10
6.1460531e-10
6.1463812e-10
6.1384875e-10
6.1213817e-10
6.1457234e-10
6.1072369e-10
6.1532895e-10
6.1398026e-10
6.1305921e-10
6.1164473e-10
6.121052e-10
6.125e-10
6.1259869e-10
6.1101973e-10
6.1342115e-10
6.1391447e-10
6.0944078e-10
6.1361843e-10
6.1302624e-10
6.1345395e-10
6.1361843e-10
6.1322369e-10
6.1424338e-10
6.1269728e-10
6.1213812e-10
6.1611849e-10
6.1361843e-10
6.1453942e-10
6.1490124e-10
6.1460526e-10
6.1266453e-10
6.1220401e-10
6.1289473e-10
6.1542765e-10
6.1233557e-10
6.1299338e-10
6.1332239e-10
6.1128291e-10
6.1098687e-10
6.1398026e-10
6.1444078e-10
6.1342109e-10
6.1302641e-10
6.149013e-10
6.1463817e-10
6.1575661e-10
6.125e-10
6.136513e-10
6.14375e-10
6.1249994e-10
6.1305916e-10
6.11875e-10
6.1365124e-10
6.121052e-10
6.1384875e-10
6.1486843e-10
6.114802e-10
6.1279604e-10
6.1184208e-10
6.1151312e-10
6.1253286e-10
6.1131572e-10
6.1407901e-10
6.1398031e-10
6.1411182e-10
6.1328947e-10
6.1207234e-10
6.1187494e-10
6.1138161e-10
6.1197369e-10
6.1480265e-10
6.115789e-10
6.1378286e-10
6.1282901e-10
6.135526e-10
6.1391442e-10
6.1072375e-10
6.1039479e-10
6.1046046e-10
6.1296057e-10
6.126315e-10
6.0970395e-10
6.1641448e-10
6.1345401e-10
6.1404604e-10
6.1138161e-10
6.1351979e-10
6.1384869e-10
6.1302635e-10
6.1585526e-10
6.1325656e-10
6.1223682e-10
6.1243421e-10
6.1144739e-10
6.1223687e-10
6.1335526e-10
6.1388156e-10
6.1444072e-10
6.1444078e-10
6.1092104e-10
6.1292765e-10
6.1273031e-10
6.1444078e-10
6.1161187e-10
6.1361838e-10
6.1210526e-10
6.1444078e-10
6.1358552e-10
6.1148031e-10
6.1072375e-10
6.1398026e-10
6.1075656e-10
6.1161187e-10
6.1661182e-10
6.1361843e-10
6.148026e-10
6.1539468e-10
6.1582239e-10
6.1187505e-10
6.1328942e-10
6.1578936e-10
6.1523026e-10
6.1332234e-10
6.1210526e-10
6.103289e-10
6.1263156e-10
6.1503286e-10
6.1615135e-10
6.130263e-10
6.1638156e-10
6.1506578e-10
6.1263156e-10
6.1328942e-10
6.1289479e-10
6.1430927e-10
6.1398026e-10
6.1134864e-10
6.1161182e-10
6.1434208e-10
6.1342109e-10
6.1246708e-10
6.1128291e-10
6.1305921e-10
6.1282895e-10
6.0921057e-10
6.1230265e-10
6.1141447e-10
6.1463817e-10
6.1394734e-10
6.1131583e-10
6.1016453e-10
6.1226979e-10
6.1118416e-10
6.1273026e-10
6.0957239e-10
6.1085531e-10
6.1266453e-10
6.1144734e-10
6.1072369e-10
6.1036187e-10
6.158552e-10
6.1361843e-10
6.130263e-10
6.1292765e-10
6.1391453e-10
6.1055916e-10
6.1207234e-10
6.1266447e-10
6.1154609e-10
6.0838817e-10
6.1078947e-10
6.1171052e-10
6.1069083e-10
6.125e-10
6.1292765e-10
6.1273026e-10
6.1263156e-10
6.1082239e-10
6.1124994e-10
6.1164473e-10
6.1355254e-10
6.111513e-10
6.1253286e-10
6.1171052e-10
6.1098687e-10
6.1125005e-10
6.1174338e-10
6.125328e-10
6.1296057e-10
6.1223693e-10
6.1078947e-10
6.1223693e-10
6.1101973e-10
6.1371708e-10
6.1345401e-10
6.1296052e-10
6.1223687e-10
6.140789e-10
6.1309208e-10
6.1187511e-10
6.1184219e-10
6.1118416e-10
6.1223687e-10
6.1115135e-10
6.1151328e-10
6.1036187e-10
6.1095395e-10
6.0963812e-10
6.128289e-10
6.1463823e-10
6.0996713e-10
6.1407895e-10
6.1049343e-10
6.1151317e-10
6.1154615e-10
6.13125e-10
6.1128291e-10
6.1220395e-10
6.1296052e-10
6.0996713e-10
6.0999999e-10
6.1151323e-10
6.1230265e-10
6.1325656e-10
6.1391442e-10
6.1253286e-10
6.1253286e-10
6.1342098e-10
6.1289473e-10
6.1187505e-10
6.1194072e-10
6.1217109e-10
6.1207239e-10
6.1414479e-10
6.1253291e-10
6.1289479e-10
6.1226973e-10
6.11875e-10
6.128289e-10
6.1279598e-10
6.1355265e-10
6.1154604e-10
6.1180916e-10
6.1197369e-10
6.105263e-10
6.1322369e-10
6.1529609e-10
6.1407895e-10
6.1190791e-10
6.129276e-10
6.1180927e-10
6.1059208e-10
6.1388161e-10
6.1121708e-10
6.1332228e-10
6.1128291e-10
6.105263e-10
6.1342109e-10
6.1128291e-10
6.1282901e-10
6.1263156e-10
6.1069083e-10
6.1401317e-10
6.1404598e-10
6.1519745e-10
6.1375e-10
6.1325656e-10
6.1282895e-10
6.1111843e-10
6.1269728e-10
6.1013167e-10
6.1269728e-10
6.1286187e-10
6.1381572e-10
6.1177624e-10
6.1332234e-10
6.1315791e-10
6.1282901e-10
6.1414474e-10
6.130263e-10
6.1388161e-10
6.1309213e-10
6.1565786e-10
6.1069083e-10
6.1437494e-10
6.1203947e-10
6.1069083e-10
6.1358546e-10
6.1121708e-10
6.1328953e-10
6.1680921e-10
6.1266442e-10
6.1361838e-10
6.1463812e-10
6.1263156e-10
6.1305927e-10
6.1506578e-10
6.1447369e-10
6.1549338e-10
6.1342104e-10
6.1427624e-10
6.167763e-10
6.1950661e-10
6.2486849e-10
6.280263e-10
6.3753286e-10
6.4141437e-10
6.4555922e-10
6.4940786e-10
6.5230266e-10
6.544737e-10
6.5861849e-10
6.6595396e-10
6.683224e-10
6.7157901e-10
6.7315786e-10
6.75e-10
6.7631573e-10
6.794737e-10
6.80625e-10
6.8651312e-10
6.8638156e-10
6.8789474e-10
6.8506578e-10
6.8578948e-10
6.8953948e-10
6.86875e-10
6.9023026e-10
6.9098677e-10
6.9078948e-10
6.9016454e-10
6.9121703e-10
6.9213818e-10
6.9088812e-10
6.8940786e-10
6.9384865e-10
6.9450662e-10
6.917763e-10
6.9161177e-10
6.9319078e-10
6.9601969e-10
6.942435e-10
6.9407896e-10
6.9312506e-10
6.9539474e-10
6.9904604e-10
6.9707234e-10
6.954276e-10
6.9953948e-10
6.9500006e-10
6.9585526e-10
6.9338812e-10
6.9411188e-10
6.9398026e-10
6.9345402e-10
6.9249995e-10
6.951974e-10
6.9108552e-10
6.9319084e-10
6.9171052e-10
6.9184214e-10
6.9174338e-10
6.9062495e-10
6.9055917e-10
6.9055922e-10
6.9032902e-10
6.911513e-10
6.8950656e-10
6.9e-10
6.9042766e-10
6.8953948e-10
6.9101985e-10
6.9200662e-10
6.902961e-10
6.8911182e-10
6.8917777e-10
6.900987e-10
6.8815786e-10
6.905263e-10
6.9036182e-10
6.8996708e-10
6.8921058e-10
6.9078937e-10
6.8924344e-10
6.8723677e-10
6.8848688e-10
6.8657896e-10
6.8476974e-10
6.8296052e-10
6.8730266e-10
6.8480266e-10
6.8539469e-10
6.8319078e-10
6.852961e-10
6.8398032e-10
6.8388156e-10
6.8246714e-10
6.8437506e-10
6.83125e-10
6.816448e-10
6.8361838e-10
6.8407896e-10
6.8651318e-10
6.8447364e-10
6.8197364e-10
6.8421047e-10
6.8348682e-10
6.8236838e-10
6.8151312e-10
6.8180916e-10
6.8042766e-10
6.8046058e-10
6.8184214e-10
6.7930928e-10
6.822698e-10
6.8092104e-10
6.8115136e-10
6.8161182e-10
6.799013e-10
6.807237e-10
6.8006578e-10
6.8026312e-10
6.7648037e-10
6.786513e-10
6.7835526e-10
6.8003292e-10
6.7736844e-10
6.7907896e-10
6.7743422e-10
6.7838818e-10
6.7694073e-10
6.747698e-10
6.7598682e-10
6.7700662e-10
6.7651323e-10
6.7828948e-10
6.7828948e-10
6.7526318e-10
6.752961e-10
6.7700651e-10
6.8736838e-10
6.8282902e-10
6.8036188e-10
6.8082234e-10
6.7809214e-10
6.8118422e-10
6.7371714e-10
6.7450662e-10
6.7644745e-10
6.7526323e-10
6.71875e-10
6.7588807e-10
6.7565797e-10
6.7184214e-10
6.7519734e-10
6.7325656e-10
6.7157896e-10
6.7269734e-10
6.7335526e-10
6.7273032e-10
6.7325656e-10
6.7157896e-10
6.7194078e-10
6.7361849e-10
6.7223682e-10
6.7118416e-10
6.6970396e-10
6.7223677e-10
6.7138162e-10
6.6858552e-10
6.7141448e-10
6.6805922e-10
6.6746714e-10
6.7213823e-10
6.6500006e-10
6.6967104e-10
6.6898026e-10
6.6792766e-10
6.6838818e-10
6.717763e-10
6.6973688e-10
6.7111844e-10
6.7108558e-10
6.7131578e-10
6.7029604e-10
6.7213818e-10
6.6779604e-10
6.7299344e-10
6.7305916e-10
6.6828948e-10
6.7171063e-10
6.7065797e-10
6.7161182e-10
6.711513e-10
6.7006584e-10
6.7161188e-10
6.694737e-10
6.720724e-10
6.7095396e-10
6.7141454e-10
6.6983552e-10
6.6891448e-10
6.6973688e-10
6.6858552e-10
6.6713812e-10
6.6809214e-10
6.6950656e-10
6.6779604e-10
6.6944078e-10
6.7003286e-10
6.6825662e-10
6.7055922e-10
6.7167755e-10
6.722039e-10
6.6733552e-10
6.7095396e-10
6.6881573e-10
6.6684214e-10
6.6911182e-10
6.6601974e-10
6.6838818e-10
6.6526312e-10
6.6651318e-10
6.6513156e-10
6.6289479e-10
6.6539479e-10
6.6417766e-10
6.6483552e-10
6.6414474e-10
6.6361838e-10
6.6440786e-10
6.642763e-10
6.6493427e-10
6.6276312e-10
6.6246703e-10
6.6375005e-10
6.626974e-10
6.6154598e-10
6.6398026e-10
6.6437505e-10
6.6243422e-10
6.6414474e-10
6.5917771e-10
6.6046058e-10
6.6026312e-10
6.6098682e-10
6.5759864e-10
6.6111838e-10
6.5835531e-10
6.5884864e-10
6.5983558e-10
6.5855271e-10
6.5851968e-10
6.5805922e-10
6.5786188e-10
6.6197375e-10
6.5799349e-10
6.5868422e-10
6.5891442e-10
6.5694072e-10
6.5950662e-10
6.5726979e-10
6.5661182e-10
6.5707234e-10
6.572039e-10
6.5917766e-10
6.5697375e-10
6.5723688e-10
6.5835531e-10
6.5404615e-10
6.576974e-10
6.5763162e-10
6.5651312e-10
6.5779604e-10
6.5516442e-10
6.5595401e-10
6.5786182e-10
6.5621714e-10
6.5582234e-10
6.5901323e-10
6.5819084e-10
6.582237e-10
6.575e-10
6.5848688e-10
6.5828948e-10
6.5917755e-10
6.6069078e-10
6.5924349e-10
6.5644734e-10
6.5450656e-10
6.555263e-10
6.5851974e-10
6.5773031e-10
6.5707229e-10
6.5345385e-10
6.5845396e-10
6.583224e-10
6.5736838e-10
6.590789e-10
6.5723682e-10
6.58125e-10
6.5615136e-10
6.5773031e-10
6.5753286e-10
6.5628292e-10
6.5625e-10
6.5424349e-10
6.5325656e-10
6.545065e-10
6.5388162e-10
6.5302636e-10
6.5500005e-10
6.5555922e-10
6.5463818e-10
6.5720396e-10
6.559211e-10
6.5625e-10
6.5328948e-10
6.5598682e-10
6.5740136e-10
6.5523031e-10
6.5661182e-10
6.5796057e-10
6.5641448e-10
6.554276e-10
6.5503286e-10
6.5726963e-10
6.5404604e-10
6.554276e-10
6.54375e-10
6.5575656e-10
6.5338812e-10
6.5401318e-10
6.5427624e-10
6.5601968e-10
6.5575656e-10
6.5141453e-10
6.5493422e-10
6.5743416e-10
6.5828937e-10
6.55625e-10
6.5282896e-10
6.5542766e-10
6.5315792e-10
6.5437505e-10
6.5279609e-10
6.5282896e-10
6.5470396e-10
6.5361838e-10
6.5249994e-10
6.5249994e-10
6.5217098e-10
6.5065797e-10
6.513487e-10
6.525987e-10
6.5269734e-10
6.5032896e-10
6.4980266e-10
6.490789e-10
6.51875e-10
6.4835531e-10
6.4930922e-10
6.5118416e-10
6.4792766e-10
6.4825656e-10
6.5013156e-10
6.4924349e-10
6.4786182e-10
6.5046057e-10
6.464474e-10
6.4875e-10
6.484539e-10
6.4782896e-10
6.4825656e-10
6.4851974e-10
6.4763162e-10
6.4805922e-10
6.5092104e-10
6.4815786e-10
6.495724e-10
6.48125e-10
6.4819072e-10
6.4868422e-10
6.4875e-10
6.4911176e-10
6.486513e-10
6.505263e-10
6.5078948e-10
6.4891442e-10
6.486513e-10
6.505263e-10
6.4973682e-10
6.4898026e-10
6.471052e-10
6.4815792e-10
6.4799349e-10
6.4799338e-10
6.4664468e-10
6.4769734e-10
6.4575667e-10
6.4894734e-10
6.4680922e-10
6.4796057e-10
6.5092104e-10
6.4641448e-10
6.4953953e-10
6.4953953e-10
6.4861849e-10
6.4796046e-10
6.4861838e-10
6.5029604e-10
6.470724e-10
6.4733552e-10
6.4881572e-10
6.4779604e-10
6.5085526e-10
6.4871714e-10
6.4759864e-10
6.4888162e-10
6.4776318e-10
6.514802e-10
6.4796057e-10
6.4917771e-10
6.4700661e-10
6.4815792e-10
6.5052636e-10
6.4875e-10
6.4559202e-10
6.4763156e-10
6.5046046e-10
6.4934214e-10
6.4743422e-10
6.5e-10
6.473026e-10
6.4726974e-10
6.4878292e-10
6.5095407e-10
6.4743416e-10
6.4881578e-10
6.4924338e-10
6.4766437e-10
6.5072375e-10
6.4766453e-10
6.4726968e-10
6.4710526e-10
6.4809208e-10
6.5065792e-10
6.511513e-10
6.4996719e-10
6.4986838e-10
6.495724e-10
6.4546052e-10
6.4641453e-10
6.4493427e-10
6.464802e-10
6.4815781e-10
6.4542766e-10
6.4618427e-10
6.463487e-10
6.4842104e-10
6.454276e-10
6.4796046e-10
6.4641448e-10
6.4717104e-10
6.4529604e-10
6.4500005e-10
6.4713818e-10
6.4736849e-10
6.4769745e-10
6.4730266e-10
6.4434219e-10
6.4539474e-10
6.4598682e-10
6.4437494e-10
6.4555927e-10
6.4496714e-10
6.4476979e-10
6.45e-10
6.4506578e-10
6.4368416e-10
6.4243422e-10
6.4328942e-10
6.425987e-10
6.4391448e-10
6.4315786e-10
6.4322359e-10
6.4368422e-10
6.4309214e-10
6.4180916e-10
6.4095401e-10
6.4115135e-10
6.421052e-10
6.4361844e-10
6.4180922e-10
6.4328942e-10
6.4490135e-10
6.4368416e-10
6.4371708e-10
6.4592109e-10
6.4378292e-10
6.4414474e-10
6.435526e-10
6.4125e-10
6.4042766e-10
6.4381578e-10
6.4082234e-10
6.419737e-10
6.4467109e-10
6.4332245e-10
6.4361844e-10
6.432237e-10
6.4210526e-10
6.4365135e-10
6.4447364e-10
6.4194083e-10
6.4516442e-10
6.4414479e-10
6.448026e-10
6.4351974e-10
6.4302635e-10
6.4473687e-10
6.4444078e-10
6.4381583e-10
6.4440786e-10
6.4325656e-10
6.4309208e-10
6.4338818e-10
6.425e-10
6.4312494e-10
6.4351974e-10
6.4404609e-10
6.4023026e-10
6.4190792e-10
6.41875e-10
6.4437505e-10
6.4460526e-10
6.4299355e-10
6.419737e-10
6.4200661e-10
6.4144728e-10
6.4325656e-10
6.4200656e-10
6.4144734e-10
6.4036182e-10
6.4256583e-10
6.4213812e-10
6.4049344e-10
6.432237e-10
6.4065797e-10
6.429276e-10
6.419737e-10
6.4062494e-10
6.4049344e-10
6.4131578e-10
6.4148031e-10
6.425987e-10
6.4125e-10
6.4319083e-10
6.4220396e-10
6.3924344e-10
6.4062505e-10
6.3868411e-10
6.4039474e-10
6.4250005e-10
6.4108552e-10
6.4121708e-10
6.4263156e-10
6.4230266e-10
6.4236838e-10
6.4082234e-10
6.450987e-10
6.4233552e-10
6.4279604e-10
6.455263e-10
6.4236844e-10
6.419737e-10
6.3881583e-10
6.3707234e-10
6.4263161e-10
6.4151312e-10
6.4032896e-10
6.4036187e-10
6.4230266e-10
6.411513e-10
6.4026312e-10
6.3901312e-10
6.3842104e-10
6.4009859e-10
6.3769739e-10
6.3921052e-10
6.3921046e-10
6.3799332e-10
6.3848687e-10
6.3881578e-10
6.3526318e-10
6.378289e-10
6.372039e-10
6.4243422e-10
6.403289e-10
6.3677624e-10
6.424013e-10
6.4059202e-10
6.4111844e-10
6.3779604e-10
6.3868422e-10
6.4154609e-10
6.3851974e-10
6.3930922e-10
6.3993422e-10
6.401974e-10
6.414802e-10
6.386513e-10
6.3983552e-10
6.399013e-10
6.4249989e-10
6.3901312e-10
6.4026318e-10
6.3927635e-10
6.3736849e-10
6.4082234e-10
6.4029609e-10
6.401974e-10
6.3930922e-10
6.4118427e-10
6.384539e-10
6.4082234e-10
6.3720396e-10
6.3894739e-10
6.3842104e-10
6.3743422e-10
6.3493422e-10
6.3881572e-10
6.3608552e-10
6.3598682e-10
6.373026e-10
6.3628292e-10
6.3756572e-10
6.375987e-10
6.3654609e-10
6.3532896e-10
6.3848687e-10
6.3769739e-10
6.3680927e-10
6.3868422e-10
6.3947364e-10
6.3888156e-10
6.391776e-10
6.3865135e-10
6.3950661e-10
6.3664468e-10
6.3894734e-10
6.3980266e-10
6.3766442e-10
6.3588818e-10
6.3674344e-10
6.4065792e-10
6.3595396e-10
6.3601974e-10
6.3529598e-10
6.3437505e-10
6.369737e-10
6.3694078e-10
6.387828e-10
6.3529604e-10
6.382237e-10
6.3694078e-10
6.3871708e-10
6.3838812e-10
6.3641442e-10
6.3736844e-10
6.3930922e-10
6.3713812e-10
6.3592109e-10
6.325987e-10
6.3414474e-10
6.3549349e-10
6.364802e-10
6.3703953e-10
6.3615124e-10
6.3608552e-10
6.348026e-10
6.338487e-10
6.3444078e-10
6.335526e-10
6.3358552e-10
6.3453953e-10
6.3210526e-10
6.3167765e-10
6.3184208e-10
6.3299338e-10
6.3697364e-10
6.3368422e-10
6.3345396e-10
6.3286187e-10
6.3595396e-10
6.3585531e-10
6.338487e-10
6.34375e-10
6.3325656e-10
6.3194083e-10
6.3463823e-10
6.3299338e-10
6.3460526e-10
6.3529609e-10
6.3532896e-10
6.3625005e-10
6.3328942e-10
6.3496713e-10
6.33125e-10
6.3618427e-10
6.3618422e-10
6.3486838e-10
6.369737e-10
6.3736844e-10
6.3421057e-10
6.3855266e-10
6.3585537e-10
6.3654609e-10
6.3486838e-10
6.3575656e-10
6.3473687e-10
6.3536187e-10
6.366776e-10
6.3503286e-10
6.3549344e-10
6.3523026e-10
6.3378286e-10
6.3509864e-10
6.3342109e-10
6.3348682e-10
6.3296057e-10
6.3177624e-10
6.3444078e-10
6.3246713e-10
6.3131583e-10
6.327302e-10
6.3273026e-10
6.3187511e-10
6.3378297e-10
6.3338812e-10
6.3243416e-10
6.3220396e-10
6.3335526e-10
6.3532896e-10
6.3273026e-10
6.3473687e-10
6.3404604e-10
6.3263156e-10
6.3365124e-10
6.3299344e-10
6.3585531e-10
6.3065791e-10
6.352302e-10
6.3463818e-10
6.3190791e-10
6.3082234e-10
6.3394739e-10
6.3082234e-10
6.3151312e-10
6.3273026e-10
6.3348687e-10
6.2851968e-10
6.3223682e-10
6.320065e-10
6.2967104e-10
6.3246708e-10
6.2976968e-10
6.30625e-10
6.3263156e-10
6.3493427e-10
6.3111844e-10
6.3062494e-10
6.2996708e-10
6.3042765e-10
6.3187505e-10
6.317763e-10
6.3368416e-10
6.2881583e-10
6.3078948e-10
6.3246708e-10
6.3319083e-10
6.3256572e-10
6.3490135e-10
6.3121719e-10
6.3523026e-10
6.3098693e-10
6.3184208e-10
6.3305927e-10
6.345065e-10
6.3194083e-10
6.3118416e-10
6.3338812e-10
6.354276e-10
6.3305922e-10
6.3371713e-10
6.3671057e-10
6.319078e-10
6.3365141e-10
6.3124994e-10
6.3368427e-10
6.332237e-10
6.3440792e-10
6.3213812e-10
6.3289479e-10
6.3457234e-10
6.3375e-10
6.3286187e-10
6.3559213e-10
6.3249994e-10
6.3253286e-10
6.3371708e-10
6.3542765e-10
6.3391442e-10
6.3437494e-10
6.3345396e-10
6.373026e-10
6.3394734e-10
6.3496702e-10
6.3493427e-10
6.355263e-10
6.3608552e-10
6.3371708e-10
6.3792766e-10
6.3723682e-10
6.3457234e-10
6.360526e-10
6.3401312e-10
6.3368422e-10
6.3368422e-10
6.3516453e-10
6.3565786e-10
6.3263156e-10
6.3401312e-10
6.3532896e-10
6.3302624e-10
6.3384864e-10
6.3407901e-10
6.3694078e-10
6.3200656e-10
6.348026e-10
6.3286187e-10
6.3253291e-10
6.3588818e-10
6.354276e-10
6.3414474e-10
6.338487e-10
6.3233557e-10
6.325987e-10
6.3108552e-10
6.3075661e-10
6.3608563e-10
6.341776e-10
6.3424344e-10
6.3075661e-10
6.3144734e-10
6.3401318e-10
6.342763e-10
6.3828937e-10
6.338487e-10
6.3648031e-10
6.357237e-10
6.3332239e-10
6.3315786e-10
6.3296052e-10
6.3286176e-10
6.3305916e-10
6.3305922e-10
6.3319078e-10
6.3546046e-10
6.3240141e-10
6.3246708e-10
6.3164468e-10
6.3164479e-10
6.3095396e-10
6.3240124e-10
6.3213812e-10
6.3555916e-10
6.3154604e-10
6.3180927e-10
6.3322364e-10
6.3404615e-10
6.3256578e-10
6.3444078e-10
6.3319083e-10
6.3190786e-10
6.2835526e-10
6.291776e-10
6.336513e-10
6.280263e-10
6.3029598e-10
6.2924349e-10
6.3177635e-10
6.3046057e-10
6.3200661e-10
6.2983546e-10
6.3223693e-10
6.3253286e-10
6.336513e-10
6.3282901e-10
6.3190786e-10
6.3299344e-10
6.2950661e-10
6.3088818e-10
6.3266442e-10
6.3131578e-10
6.3319078e-10
6.3296052e-10
6.3269734e-10
6.327302e-10
6.3082239e-10
6.3328942e-10
6.2957239e-10
6.3286176e-10
6.3105271e-10
6.3161187e-10
6.3338818e-10
6.3407896e-10
6.3430911e-10
6.3312494e-10
6.2967098e-10
6.3503292e-10
6.3118416e-10
6.3039474e-10
6.3124994e-10
6.310526e-10
6.3059208e-10
6.3273031e-10
6.2999994e-10
6.3345396e-10
6.3226968e-10
6.3184208e-10
6.3263156e-10
6.2901312e-10
6.3269734e-10
6.3319072e-10
6.3404609e-10
6.3401318e-10
6.3115135e-10
6.3305927e-10
6.3171052e-10
6.3157896e-10
6.3236844e-10
6.299013e-10
6.3207239e-10
6.287828e-10
6.317763e-10
6.3197375e-10
6.29375e-10
6.3552641e-10
6.300328e-10
6.325e-10
6.295065e-10
6.3315786e-10
6.3144739e-10
6.3230265e-10
6.3305938e-10
6.3450661e-10
6.3131578e-10
6.3263156e-10
6.3398031e-10
6.3411187e-10
6.3246708e-10
6.3305922e-10
6.3266448e-10
6.3263156e-10
6.3095401e-10
6.3243416e-10
6.3312494e-10
6.34375e-10
6.335526e-10
6.3157896e-10
6.3371708e-10
6.3282901e-10
6.3246702e-10
6.2983552e-10
6.335526e-10
6.3092104e-10
6.3174349e-10
6.3026312e-10
6.3144734e-10
6.3115135e-10
6.2924344e-10
6.2973682e-10
6.3009864e-10
6.2963812e-10
6.2953942e-10
6.2812494e-10
6.2963817e-10
6.2690786e-10
6.2707239e-10
6.3049344e-10
6.2782896e-10
6.2717109e-10
6.2917754e-10
6.2707239e-10
6.2855265e-10
6.2703948e-10
6.2980265e-10
6.3078948e-10
6.288487e-10
6.2845396e-10
6.2963817e-10
6.2888161e-10
6.2911171e-10
6.2832239e-10
6.2595396e-10
6.2680922e-10
6.2819083e-10
6.3078948e-10
6.2881578e-10
6.282237e-10
6.2819089e-10
6.2874994e-10
6.3003297e-10
6.3019739e-10
6.3190797e-10
6.3157901e-10
6.3098687e-10
6.2894734e-10
6.3006583e-10
6.3157907e-10
6.3236838e-10
6.2940786e-10
6.3065791e-10
6.3200661e-10
6.2921052e-10
6.2930922e-10
6.2819072e-10
6.2904598e-10
6.2980265e-10
6.3013156e-10
6.319737e-10
6.2789474e-10
6.2707239e-10
6.3016448e-10
6.3029604e-10
6.2986844e-10
6.3065791e-10
6.2983557e-10
6.2967115e-10
6.2996708e-10
6.2736843e-10
6.2828953e-10
6.26875e-10
6.2763156e-10
6.3151306e-10
6.3118416e-10
6.2973682e-10
6.2743427e-10
6.2845396e-10
6.2904604e-10
6.2828942e-10
6.2628291e-10
6.2661182e-10
6.2934208e-10
6.2888156e-10
6.2927635e-10
6.2835531e-10
6.2845396e-10
6.2868422e-10
6.2921057e-10
6.2907901e-10
6.2634864e-10
6.304276e-10
6.2687505e-10
6.294737e-10
6.2746713e-10
6.2881583e-10
6.2664474e-10
6.2674349e-10
6.2812494e-10
6.2555916e-10
6.2700656e-10
6.2825656e-10
6.2671052e-10
6.2726968e-10
6.2417765e-10
6.2470396e-10
6.257237e-10
6.2532896e-10
6.2976985e-10
6.2595396e-10
6.2644739e-10
6.2601968e-10
6.2621713e-10
6.2601968e-10
6.2664468e-10
6.2733557e-10
6.2476974e-10
6.260526e-10
6.2457228e-10
6.2743422e-10
6.2559208e-10
6.2654609e-10
6.25e-10
6.2368422e-10
6.2858557e-10
6.2756583e-10
6.2753286e-10
6.2539474e-10
6.2493422e-10
6.2671046e-10
6.2486838e-10
6.2868422e-10
6.2559213e-10
6.2651323e-10
6.2453942e-10
6.2717104e-10
6.2700667e-10
6.2253291e-10
6.2388161e-10
6.2575661e-10
6.250987e-10
6.2746708e-10
6.2552641e-10
6.2740135e-10
6.2592109e-10
6.2671057e-10
6.2608552e-10
6.2516436e-10
6.2562494e-10
6.2549343e-10
6.2832239e-10
6.2476974e-10
6.248026e-10
6.2713817e-10
6.24375e-10
6.2904609e-10
6.2700667e-10
6.2483546e-10
6.2700656e-10
6.2608563e-10
6.2851974e-10
6.2726979e-10
6.2516436e-10
6.2786176e-10
6.2424343e-10
6.2546052e-10
6.2555916e-10
6.2611843e-10
6.2838817e-10
6.252302e-10
6.2832234e-10
6.257237e-10
6.254276e-10
6.2467104e-10
6.2490135e-10
6.2526312e-10
6.2578953e-10
6.2516448e-10
6.2555922e-10
6.2536187e-10
6.2608557e-10
6.278289e-10
6.2674349e-10
6.2388156e-10
6.2368422e-10
6.2641442e-10
6.2779604e-10
6.259539e-10
6.2345396e-10
6.2289474e-10
6.2381572e-10
6.2536182e-10
6.2542754e-10
6.2305922e-10
6.2463823e-10
6.2167754e-10
6.257565e-10
6.2289474e-10
6.2628286e-10
6.235526e-10
6.2381578e-10
6.2424343e-10
6.2085531e-10
6.2526323e-10
6.2171052e-10
6.208552e-10
6.2440791e-10
6.2476974e-10
6.2661182e-10
6.2381583e-10
6.2532896e-10
6.2559219e-10
6.2305916e-10
6.2388156e-10
6.2167765e-10
6.2513161e-10
6.2546046e-10
6.2450656e-10
6.2470401e-10
6.2611838e-10
6.2582239e-10
6.2358552e-10
6.2582239e-10
6.2529604e-10
6.2401312e-10
6.2532896e-10
6.2664474e-10
6.2312505e-10
6.2447364e-10
6.2312494e-10
6.255263e-10
6.2266442e-10
6.2460526e-10
6.2694072e-10
6.2381578e-10
6.2319083e-10
6.2305922e-10
6.2467115e-10
6.274013e-10
6.2546046e-10
6.2634864e-10
6.2644734e-10
6.2509864e-10
6.2503291e-10
6.2766442e-10
6.2335526e-10
6.2572364e-10
6.2480265e-10
6.2552635e-10
6.2473687e-10
6.2450656e-10
6.253289e-10
6.2694089e-10
6.2569078e-10
6.2470396e-10
6.2835531e-10
6.2506578e-10
6.254276e-10
6.248026e-10
6.2523026e-10
6.273026e-10
6.2546052e-10
6.2450656e-10
6.2434213e-10
6.2598676e-10
6.2625e-10
6.2430916e-10
6.2368422e-10
6.2657896e-10
6.2519734e-10
6.2496713e-10
6.2618427e-10
6.2332239e-10
6.2378286e-10
6.2476974e-10
6.2384869e-10
6.224013e-10
6.2457234e-10
6.2493422e-10
6.1960526e-10
6.257237e-10
6.2539468e-10
6.2151323e-10
6.2315786e-10
6.2378291e-10
6.2447369e-10
6.2243422e-10
6.242763e-10
6.2503291e-10
6.2664468e-10
6.2776312e-10
6.2447364e-10
6.2565791e-10
6.2394739e-10
6.2394739e-10
6.2453948e-10
6.2684213e-10
6.2559202e-10
6.2519739e-10
6.2657896e-10
6.2513156e-10
6.2648037e-10
6.2700656e-10
6.2539474e-10
6.2625e-10
6.2437505e-10
6.2575661e-10
6.2322369e-10
6.2411182e-10
6.225e-10
6.2407896e-10
6.2407884e-10
6.2536187e-10
6.2414474e-10
6.2618422e-10
6.248026e-10
6.2559213e-10
6.2467109e-10
6.2868422e-10
6.230263e-10
6.2638156e-10
6.25625e-10
6.2503291e-10
6.2601974e-10
6.2184213e-10
6.2365124e-10
6.2434208e-10
6.2453942e-10
6.2457234e-10
6.2368433e-10
6.2467104e-10
6.2476974e-10
6.2513156e-10
6.2309197e-10
6.249341e-10
6.2398026e-10
6.2480265e-10
6.2796057e-10
6.2325656e-10
6.2661182e-10
6.2325656e-10
6.2513156e-10
6.2694072e-10
6.2842104e-10
6.2555916e-10
6.2440791e-10
6.2368422e-10
6.2625e-10
6.2651312e-10
6.2684213e-10
6.263487e-10
6.2411187e-10
6.2467104e-10
6.2463817e-10
6.2375e-10
6.2444078e-10
6.2414474e-10
6.2569078e-10
6.2559208e-10
6.2440786e-10
6.2407901e-10
6.2536182e-10
6.2276317e-10
6.2440786e-10
6.2309208e-10
6.2332234e-10
6.2450661e-10
6.221052e-10
6.2671052e-10
6.2378291e-10
6.2523031e-10
6.2368416e-10
6.2536182e-10
6.2868422e-10
6.2631583e-10
6.2628286e-10
6.2401317e-10
6.2611838e-10
6.2628291e-10
6.2401306e-10
6.2592104e-10
6.2625005e-10
6.2476974e-10
6.2555916e-10
6.2730254e-10
6.2582234e-10
6.2526323e-10
6.2319083e-10
6.2450656e-10
6.2289479e-10
6.255263e-10
6.2608552e-10
6.2375e-10
6.2289479e-10
6.2154604e-10
6.2555922e-10
6.241776e-10
6.2217098e-10
6.2726974e-10
6.2368416e-10
6.2457228e-10
6.2259869e-10
6.2358546e-10
6.2407901e-10
6.2328942e-10
6.2430922e-10
6.2427641e-10
6.2582234e-10
6.2421052e-10
6.2407901e-10
6.2190786e-10
6.2322369e-10
6.209539e-10
6.2282901e-10
6.2138156e-10
6.2296052e-10
6.2144734e-10
6.2279609e-10
6.2424338e-10
6.225e-10
6.2644734e-10
6.2792765e-10
6.2118433e-10
6.2358546e-10
6.2411187e-10
6.2325656e-10
6.23125e-10
6.23125e-10
6.2437505e-10
6.26875e-10
6.2651317e-10
6.2625e-10
6.2509864e-10
6.240789e-10
6.2506578e-10
6.2490141e-10
6.2766448e-10
6.2289479e-10
6.2743422e-10
6.2345396e-10
6.2351979e-10
6.2401317e-10
6.279276e-10
6.259539e-10
6.2680927e-10
6.2598682e-10
6.2546052e-10
6.2351974e-10
6.2342104e-10
6.217763e-10
6.2134875e-10
6.2546057e-10
6.221052e-10
6.2236843e-10
6.2200656e-10
6.2411187e-10
6.225e-10
6.2378291e-10
6.2375e-10
6.2578942e-10
6.2490135e-10
6.2621713e-10
6.2552624e-10
6.2430922e-10
6.255263e-10
6.2358557e-10
6.2542771e-10
6.2309213e-10
6.2289474e-10
6.2503291e-10
6.2401312e-10
6.2200661e-10
6.2184213e-10
6.2503291e-10
6.2552624e-10
6.2427635e-10
6.2292765e-10
6.2447364e-10
6.2578953e-10
6.2286176e-10
6.2220396e-10
6.2289468e-10
6.2312505e-10
6.2582228e-10
6.2213812e-10
6.211513e-10
6.2174343e-10
6.2243422e-10
6.2223682e-10
6.2092109e-10
6.2322369e-10
6.2588823e-10
6.2157895e-10
6.2180916e-10
6.2276312e-10
6.2493422e-10
6.2134864e-10
6.2460526e-10
6.2319083e-10
6.2246719e-10
6.2151317e-10
6.2309213e-10
6.2174338e-10
6.2078948e-10
6.2282896e-10
6.2259864e-10
6.212828e-10
6.217763e-10
6.2210531e-10
6.2312505e-10
6.2009864e-10
6.2430916e-10
6.2282901e-10
6.2161182e-10
6.2095401e-10
6.2233552e-10
6.254276e-10
6.2019734e-10
6.2230265e-10
6.2125e-10
6.2157901e-10
6.2154598e-10
6.2134858e-10
6.2082234e-10
6.2148031e-10
6.2082239e-10
6.2088812e-10
6.217763e-10
6.2388156e-10
6.2098693e-10
6.2039474e-10
6.2230265e-10
6.2282896e-10
6.2085531e-10
6.2358552e-10
6.2296052e-10
6.2197369e-10
6.1980265e-10
6.224341e-10
6.2213812e-10
6.2536182e-10
6.2259869e-10
6.2184213e-10
6.2592109e-10
6.2134869e-10
6.2171052e-10
6.2220401e-10
6.236513e-10
6.233552e-10
6.2148026e-10
6.2236843e-10
6.2509875e-10
6.2378291e-10
6.2256583e-10
6.2365135e-10
6.2315791e-10
6.2394734e-10
6.2526317e-10
6.2529609e-10
6.2500005e-10
6.2259869e-10
6.230263e-10
6.2269728e-10
6.2476974e-10
6.2249994e-10
6.2578948e-10
6.2082234e-10
6.2250005e-10
6.2453948e-10
6.2259875e-10
6.2483552e-10
6.2361838e-10
6.2315791e-10
6.2266442e-10
6.2335526e-10
6.2615141e-10
6.2368416e-10
6.2240135e-10
6.2319078e-10
6.2246713e-10
6.2259869e-10
6.2559208e-10
6.2197369e-10
6.24375e-10
6.2332239e-10
6.203289e-10
6.2315786e-10
6.23125e-10
6.2490135e-10
6.2539468e-10
6.2559219e-10
6.237828e-10
6.2407901e-10
6.2312505e-10
6.253289e-10
6.2578948e-10
6.2282896e-10
6.2276312e-10
6.2582228e-10
6.2220396e-10
6.2210531e-10
6.199013e-10
6.2263156e-10
6.2338817e-10
6.2279604e-10
6.2292754e-10
6.2585526e-10
6.2351979e-10
6.2453942e-10
6.2388156e-10
6.2424343e-10
6.2230265e-10
6.214802e-10
6.2167765e-10
6.2180916e-10
6.21875e-10
6.2171052e-10
6.2210526e-10
6.2226979e-10
6.2296052e-10
6.216776e-10
6.23125e-10
6.2049349e-10
6.2016453e-10
6.2118422e-10
6.2101974e-10
6.204276e-10
6.2401312e-10
6.217763e-10
6.2082234e-10
6.2325656e-10
6.2266448e-10
6.1756578e-10
6.2328942e-10
6.2226974e-10
6.2131578e-10
6.2184202e-10
6.230263e-10
6.2276312e-10
6.2190786e-10
6.2611832e-10
6.237828e-10
6.2256578e-10
6.2467115e-10
6.2246708e-10
6.229276e-10
6.2322369e-10
6.2335526e-10
6.2230265e-10
6.2266442e-10
6.2368416e-10
6.2167765e-10
6.2059208e-10
6.2240124e-10
6.1999994e-10
6.2088817e-10
6.2055922e-10
6.2177624e-10
6.2141448e-10
6.2164479e-10
6.2036187e-10
6.2164474e-10
6.2164468e-10
6.2256583e-10
6.2539474e-10
6.2246713e-10
6.2154604e-10
6.2213817e-10
6.2282901e-10
6.2259869e-10
6.2171052e-10
6.2174338e-10
6.2296052e-10
6.2230265e-10
6.1901317e-10
6.2282896e-10
6.2351974e-10
6.201315e-10
6.2101979e-10
6.2131578e-10
6.1983557e-10
6.2299338e-10
6.205263e-10
6.2171052e-10
6.2207234e-10
6.1996708e-10
6.2095395e-10
6.1891442e-10
6.2207239e-10
6.1809208e-10
6.2095395e-10
6.217763e-10
6.2273031e-10
6.2345396e-10
6.2154615e-10
6.2299338e-10
6.216776e-10
6.2121708e-10
6.2667765e-10
6.1990135e-10
6.2171052e-10
6.1960526e-10
6.2207239e-10
6.236513e-10
6.2121713e-10
6.2263156e-10
6.2187505e-10
6.2190786e-10
6.2075656e-10
6.2394739e-10
6.2013167e-10
6.2213806e-10
6.2e-10
6.19375e-10
6.1957239e-10
6.1980271e-10
6.2276323e-10
6.2138167e-10
6.2253297e-10
6.1914474e-10
6.2023026e-10
6.2223687e-10
6.2230265e-10
6.2148031e-10
6.2180922e-10
6.1986838e-10
6.2187488e-10
6.2233552e-10
6.2259869e-10
6.1996708e-10
6.2006578e-10
6.2256578e-10
6.199013e-10
6.209539e-10
6.2072364e-10
6.2243416e-10
6.228289e-10
6.1996713e-10
6.1835531e-10
6.2138161e-10
6.2194072e-10
6.2230265e-10
6.2023031e-10
6.2217104e-10
6.2167765e-10
6.2266442e-10
6.217763e-10
6.2092104e-10
6.2240135e-10
6.209539e-10
6.2009869e-10
6.2023031e-10
6.2069078e-10
6.2e-10
6.1904598e-10
6.214802e-10
6.1838817e-10
6.2098687e-10
6.1996713e-10
6.2236838e-10
6.2223676e-10
6.2167765e-10
6.2039474e-10
6.2134864e-10
6.2138156e-10
6.2092104e-10
6.1855265e-10
6.1996713e-10
6.2065786e-10
6.2121702e-10
6.1805927e-10
6.2154604e-10
6.1924343e-10
6.1921052e-10
6.19375e-10
6.2210526e-10
6.1776312e-10
6.1907895e-10
6.2375005e-10
6.2207234e-10
6.1953948e-10
6.2082234e-10
6.2276317e-10
6.1983557e-10
6.2203948e-10
6.2315797e-10
6.2108552e-10
6.2217098e-10
6.210526e-10
6.2088812e-10
6.223026e-10
6.2236843e-10
6.1871708e-10
6.2266448e-10
6.2121702e-10
6.2131572e-10
6.2210526e-10
6.2128297e-10
6.2253291e-10
6.1914479e-10
6.201315e-10
6.2092098e-10
6.2019734e-10
6.1976974e-10
6.1983557e-10
6.2111849e-10
6.2151317e-10
6.1763156e-10
6.2128286e-10
6.1819083e-10
6.1842104e-10
6.2019739e-10
6.2013156e-10
6.2263156e-10
6.1986843e-10
6.2078948e-10
6.1950656e-10
6.1884858e-10
6.1911187e-10
6.1996713e-10
6.2013156e-10
6.2305916e-10
6.1671046e-10
6.2003297e-10
6.2036187e-10
6.2078953e-10
6.2296052e-10
6.1934208e-10
6.2138161e-10
6.2207234e-10
6.1888167e-10
6.2016453e-10
6.2019739e-10
6.1973682e-10
6.1815786e-10
6.2154609e-10
6.205263e-10
6.1993416e-10
6.2111838e-10
6.2174349e-10
6.1914479e-10
6.2171052e-10
6.2125005e-10
6.2023026e-10
6.2134875e-10
6.2190791e-10
6.1937494e-10
6.1917765e-10
6.2207245e-10
6.2009869e-10
6.1973687e-10
6.1970395e-10
6.2151323e-10
6.21875e-10
6.2207234e-10
6.2171057e-10
6.2207234e-10
6.2157901e-10
6.1930922e-10
6.2141448e-10
6.2157895e-10
6.1973682e-10
6.2088817e-10
6.1996713e-10
6.1986843e-10
6.2023026e-10
6.2003291e-10
6.2029604e-10
6.2375e-10
6.1953953e-10
6.2065791e-10
6.1786187e-10
6.2171052e-10
6.2115135e-10
6.2029604e-10
6.2121708e-10
6.2246708e-10
6.1894739e-10
6.1963812e-10
6.1993422e-10
6.1671057e-10
6.1983552e-10
6.1963812e-10
6.184539e-10
6.2055916e-10
6.1680927e-10
6.1697369e-10
6.1641436e-10
6.1789474e-10
6.2026317e-10
6.1733552e-10
6.2121702e-10
6.1661187e-10
6.1881578e-10
6.1733552e-10
6.1694083e-10
6.1572369e-10
6.1654609e-10
6.1782895e-10
6.160526e-10
6.1644739e-10
6.1848687e-10
6.167763e-10
6.1766448e-10
6.1865135e-10
6.1832239e-10
6.2138161e-10
6.1703936e-10
6.1832228e-10
6.157565e-10
6.1786182e-10
6.174013e-10
6.1513156e-10
6.223026e-10
6.1680921e-10
6.1671046e-10
6.190789e-10
6.2118416e-10
6.1812494e-10
6.1851968e-10
6.2026312e-10
6.1871708e-10
6.1782895e-10
6.1812494e-10
6.1746713e-10
6.1957239e-10
6.2016442e-10
6.1967104e-10
6.2085531e-10
6.2174332e-10
6.2006578e-10
6.1891448e-10
6.1901312e-10
6.1796052e-10
6.2088823e-10
6.2161187e-10
6.1993416e-10
6.1967104e-10
6.1914468e-10
6.211513e-10
6.1911182e-10
6.2101974e-10
6.173026e-10
6.1944078e-10
6.170065e-10
6.2e-10
6.1694072e-10
6.1930916e-10
6.2282896e-10
6.2003291e-10
6.1953953e-10
6.2190797e-10
6.2019739e-10
6.1953948e-10
6.1802635e-10
6.2023026e-10
6.2098693e-10
6.1957239e-10
6.2273026e-10
6.2325661e-10
6.1934213e-10
6.2026312e-10
6.1996708e-10
6.2190786e-10
6.2016453e-10
6.2174338e-10
6.2269739e-10
6.1983557e-10
6.2305922e-10
6.2075656e-10
6.2197369e-10
6.1986843e-10
6.2309208e-10
6.2273031e-10
6.210526e-10
6.2138156e-10
6.2289479e-10
6.2128286e-10
6.205263e-10
6.2154604e-10
6.2134864e-10
6.2167765e-10
6.208552e-10
6.2144734e-10
6.2029598e-10
6.2157901e-10
6.2e-10
6.1805921e-10
6.191776e-10
6.2092104e-10
6.2190791e-10
6.1957239e-10
6.2131589e-10
6.2131578e-10
6.2072369e-10
6.185526e-10
6.1904609e-10
6.18125e-10
6.1878286e-10
6.2118422e-10
6.2286182e-10
6.1986843e-10
6.1904598e-10
6.216776e-10
6.1960526e-10
6.2003291e-10
6.2207239e-10
6.1875005e-10
6.205263e-10
6.1809208e-10
6.1842104e-10
6.1753297e-10
6.1756572e-10
6.2171052e-10
6.179276e-10
6.186513e-10
6.185526e-10
6.1950661e-10
6.2043422e-10
6.2026301e-10
6.1909219e-10
6.2030265e-10
6.2103291e-10
6.2115135e-10
6.191776e-10
6.1819072e-10
6.2072375e-10
6.1703959e-10
6.2016448e-10
6.1825656e-10
6.1888161e-10
6.1861838e-10
6.2013161e-10
6.1664474e-10
6.1927635e-10
6.1769734e-10
6.18125e-10
6.1680933e-10
6.1930927e-10
6.1733568e-10
6.1986843e-10
6.1901312e-10
6.1743421e-10
6.1707239e-10
6.1664468e-10
6.1898026e-10
6.1720395e-10
6.1713817e-10
6.1848682e-10
6.1661182e-10
6.1789474e-10
6.1680916e-10
6.1740124e-10
6.1868421e-10
6.1878286e-10
6.1707239e-10
6.1944083e-10
6.174013e-10
6.1825656e-10
6.2055916e-10
6.1684208e-10
6.1809208e-10
6.175e-10
6.1940802e-10
6.1927635e-10
6.2088806e-10
6.1976979e-10
6.1809208e-10
6.1779604e-10
6.175e-10
6.1832234e-10
6.2108557e-10
6.186513e-10
6.1894739e-10
6.1993416e-10
6.2088812e-10
6.165789e-10
6.1713817e-10
6.1868421e-10
6.1809208e-10
6.175e-10
6.1960526e-10
6.1519734e-10
6.1828942e-10
6.1799343e-10
6.1802624e-10
6.1967098e-10
6.1680927e-10
6.2023026e-10
6.1690791e-10
6.1950661e-10
6.1654609e-10
6.1825667e-10
6.1805921e-10
6.1901317e-10
6.1756578e-10
6.1944072e-10
6.1638167e-10
6.1944083e-10
6.1848687e-10
6.1832234e-10
6.1832239e-10
6.1950661e-10
6.2263161e-10
6.2101974e-10
6.1914468e-10
6.1786182e-10
6.191776e-10
6.1917765e-10
6.190789e-10
6.203289e-10
6.1756572e-10
6.2026312e-10
6.1832245e-10
6.1921046e-10
6.205263e-10
6.1799343e-10
6.2039474e-10
6.1779604e-10
6.2197369e-10
6.1773031e-10
6.1944078e-10
6.1848676e-10
6.19375e-10
6.1815791e-10
6.1756578e-10
6.1976974e-10
6.161513e-10
6.1796052e-10
6.1759864e-10
6.1832234e-10
6.1608552e-10
6.1595395e-10
6.2128286e-10
6.1703948e-10
6.1549343e-10
6.1858552e-10
6.1661182e-10
6.1894739e-10
6.1490124e-10
6.1743427e-10
6.1947369e-10
6.1825656e-10
6.1832234e-10
6.1819072e-10
6.1891453e-10
6.160526e-10
6.205263e-10
6.1815797e-10
6.1868421e-10
6.186513e-10
6.1888161e-10
6.1750005e-10
6.1592104e-10
6.1904604e-10
6.1572364e-10
6.1700661e-10
6.1677641e-10
6.1921041e-10
6.1884864e-10
6.1730265e-10
6.1654609e-10
6.1746713e-10
6.1697375e-10
6.1759869e-10
6.1684208e-10
6.1460531e-10
6.1628286e-10
6.1601979e-10
6.1582239e-10
6.1440791e-10
6.1842104e-10
6.1720395e-10
6.173026e-10
6.1572369e-10
6.1809208e-10
6.1697381e-10
6.1763156e-10
6.1654604e-10
6.18125e-10
6.1723676e-10
6.167763e-10
6.1608552e-10
6.1796052e-10
6.1549343e-10
6.1677641e-10
6.1736843e-10
6.1559213e-10
6.1726979e-10
6.1710526e-10
6.1782895e-10
6.1792771e-10
6.16875e-10
6.1766442e-10
6.175e-10
6.1756578e-10
6.159539e-10
6.1996708e-10
6.1641453e-10
6.1493427e-10
6.1690791e-10
6.2036176e-10
6.1634869e-10
6.1766442e-10
6.1723676e-10
6.1684213e-10
6.1736843e-10
6.160526e-10
6.1697364e-10
6.1769734e-10
6.154276e-10
6.1730254e-10
6.1434213e-10
6.1717098e-10
6.1789474e-10
6.1575661e-10
6.1917765e-10
6.1585526e-10
6.1815791e-10
6.1746713e-10
6.2220396e-10
6.1759869e-10
6.1960526e-10
6.1575656e-10
6.1904598e-10
6.1812494e-10
6.1763156e-10
6.1832245e-10
6.1891453e-10
6.1769734e-10
6.1608546e-10
6.1539468e-10
6.1434208e-10
6.1697364e-10
6.1549338e-10
6.173026e-10
6.1713817e-10
6.1944067e-10
6.1697369e-10
6.2095395e-10
6.1483546e-10
6.1736838e-10
6.1641442e-10
6.1851979e-10
6.1654609e-10
6.1503291e-10
6.1667765e-10
6.1621713e-10
6.1674338e-10
6.1628286e-10
6.1638161e-10
6.1569078e-10
6.199013e-10
6.18125e-10
6.1779604e-10
6.1532895e-10
6.1868416e-10
6.1792765e-10
6.1661182e-10
6.1618427e-10
6.1802635e-10
6.1539474e-10
6.1641453e-10
6.1822364e-10
6.1388156e-10
6.1578942e-10
6.1763161e-10
6.163815e-10
6.1789474e-10
6.1759864e-10
6.1565786e-10
6.1845395e-10
6.154276e-10
6.1519734e-10
6.1657895e-10
6.1756583e-10
6.1792754e-10
6.1641442e-10
6.1828942e-10
6.1595395e-10
6.1588817e-10
6.1848682e-10
6.1664474e-10
6.1733552e-10
6.1930927e-10
6.1838817e-10
6.1960526e-10
6.1822364e-10
6.178289e-10
6.1914474e-10
6.1828942e-10
6.1927635e-10
6.1743427e-10
6.1819078e-10
6.1819067e-10
6.1763161e-10
6.1855265e-10
6.1578942e-10
6.1585537e-10
6.1917765e-10
6.1812494e-10
6.1970395e-10
6.1519728e-10
6.1578947e-10
6.1832239e-10
6.1559219e-10
6.1717109e-10
6.1723682e-10
6.1648031e-10
6.1562505e-10
6.15e-10
6.2125e-10
6.1588817e-10
6.1230271e-10
6.1358546e-10
6.1598682e-10
6.1697369e-10
6.1736843e-10
6.1960526e-10
6.18125e-10
6.1625e-10
6.1434208e-10
6.1875005e-10
6.1648026e-10
6.1657895e-10
6.190789e-10
6.1611843e-10
6.1611849e-10
6.1407901e-10
6.148026e-10
6.1621708e-10
6.1595395e-10
6.1789474e-10
6.1684208e-10
6.1569083e-10
6.1473682e-10
6.1611843e-10
6.172039e-10
6.1924349e-10
6.1759869e-10
6.1799349e-10
6.1680927e-10
6.1552635e-10
6.1740124e-10
6.1855265e-10
6.1756572e-10
6.1539468e-10
6.1996702e-10
6.1888161e-10
6.1648031e-10
6.1684202e-10
6.1858552e-10
6.1917771e-10
6.185526e-10
6.1717104e-10
6.180263e-10
6.1717109e-10
6.1624994e-10
6.1667754e-10
6.1664468e-10
6.1585526e-10
6.1930916e-10
6.1779604e-10
6.172039e-10
6.1506578e-10
6.1625e-10
6.1766448e-10
6.1815786e-10
6.1723682e-10
6.1825661e-10
6.1598687e-10
6.1559213e-10
6.1799343e-10
6.1921063e-10
6.139802e-10
6.1710531e-10
6.174013e-10
6.1279604e-10
6.1651317e-10
6.1756583e-10
6.1891442e-10
6.1562505e-10
6.1694078e-10
6.1651317e-10
6.1684213e-10
6.1664468e-10
6.151315e-10
6.1809213e-10
6.155263e-10
6.157565e-10
6.1786182e-10
6.1559213e-10
6.1654604e-10
6.178289e-10
6.1634869e-10
6.1585531e-10
6.1743421e-10
6.1634869e-10
6.1871713e-10
6.1776317e-10
6.1838806e-10
6.1634869e-10
6.1812494e-10
6.1628291e-10
6.1559208e-10
6.1944078e-10
6.1756578e-10
6.1950656e-10
6.1891448e-10
6.174013e-10
6.1671052e-10
6.1779604e-10
6.1914468e-10
6.2088812e-10
6.1947369e-10
6.1519734e-10
6.1779609e-10
6.1822375e-10
6.1671057e-10
6.1832234e-10
6.184539e-10
6.1825661e-10
6.1671052e-10
6.1690786e-10
6.1608557e-10
6.1796052e-10
6.1634869e-10
6.1753291e-10
6.15625e-10
6.151315e-10
6.1595395e-10
6.1871708e-10
6.1509864e-10
6.1513161e-10
6.1753286e-10
6.1957234e-10
6.1536182e-10
6.1773031e-10
6.1796052e-10
6.1654604e-10
6.1736843e-10
6.1611843e-10
6.1815786e-10
6.1730265e-10
6.165789e-10
6.1648031e-10
6.1753291e-10
6.1680921e-10
6.1805921e-10
6.1671052e-10
6.1779604e-10
6.172039e-10
6.1575656e-10
6.154276e-10
6.1575656e-10
6.1493421e-10
6.1476974e-10
6.1532895e-10
6.161513e-10
6.130263e-10
6.1526312e-10
6.1661182e-10
6.1457239e-10
6.1299338e-10
6.1394734e-10
6.1634869e-10
6.1358546e-10
6.1305916e-10
6.1828942e-10
6.1625e-10
6.1289479e-10
6.1759864e-10
6.1536182e-10
6.1618416e-10
6.1601968e-10
6.1559208e-10
6.1601968e-10
6.1953942e-10
6.1753291e-10
6.1536187e-10
6.1312505e-10
6.1881578e-10
6.1654609e-10
6.1226968e-10
6.1332239e-10
6.1680927e-10
6.1740135e-10
6.1582245e-10
6.1674349e-10
6.1605254e-10
6.173026e-10
6.1703942e-10
6.1421052e-10
6.1944078e-10
6.1460526e-10
6.1625e-10
6.1638161e-10
6.1654604e-10
6.1513161e-10
6.1424349e-10
6.1648026e-10
6.1476974e-10
6.1463812e-10
6.153289e-10
6.1546052e-10
6.1375e-10
6.1483557e-10
6.1562505e-10
6.1648026e-10
6.1388156e-10
6.1523026e-10
6.1296052e-10
6.1351979e-10
6.1319083e-10
6.1319078e-10
6.1707234e-10
6.1572364e-10
6.1654609e-10
6.1467109e-10
6.160526e-10
6.1565786e-10
6.1486843e-10
6.1740135e-10
6.1786187e-10
6.1740135e-10
6.1394739e-10
6.1628286e-10
6.1463812e-10
6.1588812e-10
6.1496713e-10
6.1473682e-10
6.1575667e-10
6.1375e-10
6.1753291e-10
6.1759858e-10
6.1759869e-10
6.1325656e-10
6.1559213e-10
6.1858552e-10
6.1766442e-10
6.15e-10
6.1842104e-10
6.1631583e-10
6.1634864e-10
6.1759869e-10
6.1467109e-10
6.1654604e-10
6.1651317e-10
6.1674332e-10
6.1421057e-10
6.1628297e-10
6.1332228e-10
6.1207234e-10
6.1358546e-10
6.1496713e-10
6.1513156e-10
6.1355265e-10
6.1467109e-10
6.1680927e-10
6.1536182e-10
6.1414474e-10
6.1516442e-10
6.1453947e-10
6.1243416e-10
6.1296052e-10
6.1470395e-10
6.13125e-10
6.1559208e-10
6.1388156e-10
6.1713817e-10
6.15625e-10
6.1585526e-10
6.1434208e-10
6.1539468e-10
6.1690786e-10
6.1582234e-10
6.1713823e-10
6.1625e-10
6.1434208e-10
6.1684213e-10
6.1453947e-10
6.1851974e-10
6.1861843e-10
6.1835526e-10
6.1516442e-10
6.1898026e-10
6.1746713e-10
6.1476974e-10
6.16875e-10
6.1434208e-10
6.1421057e-10
6.1878291e-10
6.1671052e-10
6.1694083e-10
6.1703936e-10
6.1773031e-10
6.1756578e-10
6.1736849e-10
6.1654604e-10
6.1503297e-10
6.1638161e-10
6.1476974e-10
6.1473682e-10
6.194078e-10
6.1743421e-10
6.1796057e-10
6.1707234e-10
6.1398031e-10
6.1664474e-10
6.1835526e-10
6.1453947e-10
6.1572364e-10
6.1641453e-10
6.1815786e-10
6.1625005e-10
6.1585531e-10
6.18125e-10
6.16875e-10
6.1299338e-10
6.1398031e-10
6.1414479e-10
6.1552635e-10
6.1427624e-10
6.1345401e-10
6.1595395e-10
6.1723676e-10
6.1424343e-10
6.1358552e-10
6.1713817e-10
6.1424338e-10
6.1624988e-10
6.1756572e-10
6.1476974e-10
6.1845395e-10
6.1569078e-10
6.1710526e-10
6.1733552e-10
6.1513156e-10
6.1684208e-10
6.1421057e-10
6.1595395e-10
6.1450661e-10
6.1233552e-10
6.1305916e-10
6.1473682e-10
6.1437505e-10
6.134539e-10
6.1509869e-10
6.1529604e-10
6.1697375e-10
6.151315e-10
6.1243416e-10
6.1319083e-10
6.1779604e-10
6.1631578e-10
6.1546046e-10
6.1322369e-10
6.14375e-10
6.1358552e-10
6.1625e-10
6.1457234e-10
6.1430921e-10
6.1401312e-10
6.1832245e-10
6.1457234e-10
6.1328947e-10
6.1546052e-10
6.1532895e-10
6.1598687e-10
6.1697369e-10
6.136513e-10
6.179276e-10
6.1720395e-10
6.1523031e-10
6.1671052e-10
6.165789e-10
6.1648026e-10
6.1625e-10
6.1654604e-10
6.1782895e-10
6.1523026e-10
6.1763156e-10
6.1348682e-10
6.1976968e-10
6.1625e-10
6.1697375e-10
6.148026e-10
6.1421046e-10
6.1654604e-10
6.135526e-10
6.1585526e-10
6.1516442e-10
6.1138161e-10
6.1644734e-10
6.175e-10
6.1414468e-10
6.1460531e-10
6.15e-10
6.1769728e-10
6.1713817e-10
6.1796052e-10
6.1861832e-10
6.1815786e-10
6.1595395e-10
6.1700661e-10
6.1917771e-10
6.1726979e-10
6.1526317e-10
6.1976968e-10
6.1799349e-10
6.1904604e-10
6.1766448e-10
6.1851974e-10
6.196052e-10
6.161513e-10
6.1654609e-10
6.152302e-10
6.1473687e-10
6.1529609e-10
6.1506578e-10
6.1598682e-10
6.1411187e-10
6.1460526e-10
6.1493421e-10
6.1467104e-10
6.1434219e-10
6.1657895e-10
6.1569078e-10
6.1592109e-10
6.1467109e-10
6.1434213e-10
6.149013e-10
6.1759869e-10
6.1911187e-10
6.1450656e-10
6.1664474e-10
6.1555927e-10
6.158552e-10
6.1717109e-10
6.1516453e-10
6.1766436e-10
6.1605265e-10
6.1473687e-10
6.1828953e-10
6.1523026e-10
6.1444078e-10
6.1621713e-10
6.1819072e-10
6.1503291e-10
6.1365124e-10
6.1838817e-10
6.16875e-10
6.1611849e-10
6.1796052e-10
6.1605271e-10
6.1450661e-10
6.1467098e-10
6.1694072e-10
6.178289e-10
6.1832245e-10
6.1700661e-10
6.1608552e-10
6.1726962e-10
6.1773026e-10
6.1713817e-10
6.1598687e-10
6.1710526e-10
6.1730254e-10
6.1549343e-10
6.1855265e-10
6.1805916e-10
6.1608557e-10
6.1546052e-10
6.194078e-10
6.1713817e-10
6.1621713e-10
6.1805933e-10
6.1871713e-10
6.2016453e-10
6.1539468e-10
6.1503291e-10
6.1901312e-10
6.15625e-10
6.1717104e-10
6.1601974e-10
6.2144734e-10
6.2026312e-10
6.1657895e-10
6.1976962e-10
6.1822364e-10
6.1924343e-10
6.1947381e-10
6.1967104e-10
6.2049338e-10
6.1592109e-10
6.1868421e-10
6.175e-10
6.1944078e-10
6.1779609e-10
6.1782895e-10
6.2065786e-10
6.1717104e-10
6.1664474e-10
6.1937505e-10
6.1917765e-10
6.1769739e-10
6.1723682e-10
6.1759869e-10
6.1855254e-10
6.191776e-10
6.197039e-10
6.1746713e-10
6.1753286e-10
6.1779609e-10
6.1953953e-10
6.1782895e-10
6.1700661e-10
6.1858552e-10
6.1940791e-10
6.18125e-10
6.1967098e-10
6.1671057e-10
6.1967109e-10
6.176315e-10
6.184539e-10
6.1694078e-10
6.1898026e-10
6.1868416e-10
6.1598687e-10
6.1654609e-10
6.1950656e-10
6.1707234e-10
6.1634869e-10
6.1828942e-10
6.2e-10
6.1611843e-10
6.1713812e-10
6.1868416e-10
6.1802635e-10
6.1578947e-10
6.1786187e-10
6.2029604e-10
6.1713812e-10
6.1677635e-10
6.2049343e-10
6.1585531e-10
6.1930922e-10
6.1769734e-10
6.1621713e-10
6.1684208e-10
6.1697369e-10
6.1828948e-10
6.1667765e-10
6.1667765e-10
6.1776317e-10
6.1904604e-10
6.1779604e-10
6.1776317e-10
6.2134864e-10
6.1901312e-10
6.1700645e-10
6.2233552e-10
6.1516442e-10
6.1914468e-10
6.1924343e-10
6.1950661e-10
6.167763e-10
6.1453953e-10
6.161513e-10
6.1523026e-10
6.1641453e-10
6.1838817e-10
6.1677624e-10
6.1845395e-10
6.1470384e-10
6.1532895e-10
6.1631572e-10
6.1559213e-10
6.1493427e-10
6.1644739e-10
6.1506578e-10
6.1776312e-10
6.180263e-10
6.1825661e-10
6.1542765e-10
6.1532895e-10
6.1828948e-10
6.1878291e-10
6.1621708e-10
6.1690797e-10
6.1881578e-10
6.1634864e-10
6.1470401e-10
6.1470395e-10
6.1529609e-10
6.1664468e-10
6.1743416e-10
6.1736843e-10
6.1638156e-10
6.1657895e-10
6.1733552e-10
6.1690786e-10
6.1707234e-10
6.1815786e-10
6.1848687e-10
6.1842104e-10
6.1717104e-10
6.1730265e-10
6.1496713e-10
6.1707234e-10
6.1608552e-10
6.173026e-10
6.1779604e-10
6.2072364e-10
6.1802635e-10
6.1782895e-10
6.2019739e-10
6.1953948e-10
6.1700661e-10
6.184539e-10
6.1871708e-10
6.20625e-10
6.1950656e-10
6.1921052e-10
6.1871719e-10
6.1822375e-10
6.1736838e-10
6.1911182e-10
6.18125e-10
6.1822364e-10
6.1924349e-10
6.2085526e-10
6.1766448e-10
6.1970395e-10
6.1953948e-10
6.2075656e-10
6.1894734e-10
6.2082234e-10
6.184539e-10
6.205263e-10
6.2036182e-10
6.1924343e-10
6.2006583e-10
6.1884869e-10
6.2026317e-10
6.2101974e-10
6.1957228e-10
6.1825661e-10
6.2032895e-10
6.2161182e-10
6.1980265e-10
6.2006572e-10
6.1861843e-10
6.2042765e-10
6.1888161e-10
6.1789474e-10
6.1832239e-10
6.1792754e-10
6.2174343e-10
6.1611838e-10
6.1812494e-10
6.1671052e-10
6.1661187e-10
6.2085526e-10
6.1736843e-10
6.1726974e-10
6.1509864e-10
6.1822369e-10
6.1967104e-10
6.173026e-10
6.1805921e-10
6.1713817e-10
6.1651323e-10
6.157565e-10
6.1625e-10
6.1697369e-10
6.1792765e-10
6.1726974e-10
6.1773031e-10
6.1730265e-10
6.1805921e-10
6.1578936e-10
6.1657895e-10
6.170065e-10
6.1654604e-10
6.1690791e-10
6.1457239e-10
6.1582228e-10
6.1381583e-10
6.1628286e-10
6.1450661e-10
6.1444078e-10
6.1483552e-10
6.1470395e-10
6.1430927e-10
6.1365135e-10
6.1506578e-10
6.154276e-10
6.1605254e-10
6.1578942e-10
6.1546052e-10
6.1601974e-10
6.1611838e-10
6.1634869e-10
6.1555921e-10
6.1782895e-10
6.1779604e-10
6.1773026e-10
6.1861843e-10
6.1444078e-10
6.1884869e-10
6.1483552e-10
6.1299343e-10
6.1608552e-10
6.1631572e-10
6.1572364e-10
6.1657895e-10
6.1266442e-10
6.1634864e-10
6.1440791e-10
6.1651312e-10
6.1368416e-10
6.142763e-10
6.1509864e-10
6.1888161e-10
6.1671052e-10
6.1776317e-10
6.1736843e-10
6.1667765e-10
6.1519739e-10
6.1713812e-10
6.1305927e-10
6.1536182e-10
6.1526323e-10
6.1546057e-10
6.1809213e-10
6.1509869e-10
6.1440791e-10
6.166776e-10
6.1661182e-10
6.1444078e-10
6.1661182e-10
6.1651317e-10
6.1674338e-10
6.1776317e-10
6.178289e-10
6.1776317e-10
6.1559213e-10
6.1611843e-10
6.1424338e-10
6.133552e-10
6.1654609e-10
6.1401317e-10
6.1592109e-10
6.1796063e-10
6.1684208e-10
6.1371708e-10
6.1460526e-10
6.1825656e-10
6.1404604e-10
6.1644734e-10
6.1398026e-10
6.1421057e-10
6.1328942e-10
6.1697358e-10
6.173026e-10
6.1776317e-10
6.1411187e-10
6.1542765e-10
6.1578947e-10
6.141776e-10
6.1394739e-10
6.1736849e-10
6.1759869e-10
6.1457234e-10
6.1539468e-10
6.1753286e-10
6.1447364e-10
6.1351974e-10
6.1496702e-10
6.1292765e-10
6.1782895e-10
6.1523026e-10
6.1463812e-10
6.1457234e-10
6.136513e-10
6.1414468e-10
6.1450661e-10
6.1769739e-10
6.1654604e-10
6.1815786e-10
6.1430927e-10
6.1516442e-10
6.1562505e-10
6.1546057e-10
6.1523031e-10
6.1605265e-10
6.1618427e-10
6.1809213e-10
6.1700656e-10
6.15625e-10
6.1674343e-10
6.1578942e-10
6.167763e-10
6.1526312e-10
6.155263e-10
6.1799338e-10
6.1809208e-10
6.1809213e-10
6.1634869e-10
6.1756578e-10
6.1493416e-10
6.1532895e-10
6.1769734e-10
6.1509869e-10
6.1348682e-10
6.1546046e-10
6.1608557e-10
6.1631572e-10
6.1401317e-10
6.1690786e-10
6.1299338e-10
6.1707239e-10
6.1555921e-10
6.1773031e-10
6.1746713e-10
6.159539e-10
6.1677624e-10
6.1684213e-10
6.186513e-10
6.1615124e-10
6.180263e-10
6.1796052e-10
6.188815e-10
6.1773026e-10
6.1720401e-10
6.1861838e-10
6.1631583e-10
6.1753297e-10
6.1644734e-10
6.1529609e-10
6.2026317e-10
6.1848676e-10
6.1858552e-10
6.1654609e-10
6.1891448e-10
6.1802635e-10
6.1901312e-10
6.178289e-10
6.1894728e-10
6.1861838e-10
6.1782895e-10
6.1865135e-10
6.1825661e-10
6.1763156e-10
6.1911187e-10
6.1476974e-10
6.1756578e-10
6.1894734e-10
6.1838817e-10
6.175e-10
6.174013e-10
6.1694078e-10
6.179276e-10
6.1763161e-10
6.1476974e-10
6.1861843e-10
6.172039e-10
6.1661182e-10
6.1657895e-10
6.1835531e-10
6.2006578e-10
6.1756578e-10
6.1723687e-10
6.1625e-10
6.1628286e-10
6.1654609e-10
6.1552635e-10
6.1651317e-10
6.1875005e-10
6.1769734e-10
6.1792765e-10
6.1411182e-10
6.1582234e-10
6.2065786e-10
6.1621708e-10
6.1878291e-10
6.1690797e-10
6.155591e-10
6.1940791e-10
6.199013e-10
6.1694078e-10
6.1674343e-10
6.18125e-10
6.1822369e-10
6.1865135e-10
6.1973687e-10
6.1529598e-10
6.1861843e-10
6.15625e-10
6.1486832e-10
6.2036176e-10
6.1625005e-10
6.1861843e-10
6.1690791e-10
6.1588817e-10
6.1595395e-10
6.1756583e-10
6.1615141e-10
6.1559219e-10
6.1572369e-10
6.1496713e-10
6.1532895e-10
6.1894739e-10
6.1513156e-10
6.1536182e-10
6.166776e-10
6.1674343e-10
6.15625e-10
6.15e-10
6.1526317e-10
6.178289e-10
6.1503291e-10
6.1717104e-10
6.1621713e-10
6.1424354e-10
6.1664468e-10
6.1407901e-10
6.1526317e-10
6.1789479e-10
6.1575661e-10
6.1592098e-10
6.161513e-10
6.1430921e-10
6.1529609e-10
6.1565791e-10
6.1621713e-10
6.1585526e-10
6.1414474e-10
6.1898026e-10
6.1657895e-10
6.1611838e-10
6.1625e-10
6.175e-10
6.1592104e-10
6.1552635e-10
6.1789468e-10
6.1401312e-10
6.156578e-10
6.1519734e-10
6.1746713e-10
6.1680927e-10
6.1457239e-10
6.148026e-10
6.1664474e-10
6.1713817e-10
6.1513156e-10
6.161513e-10
6.1684213e-10
6.1657895e-10
6.1707239e-10
6.1332239e-10
6.1575656e-10
6.16875e-10
6.1726974e-10
6.1651317e-10
6.1736843e-10
6.1559213e-10
6.179276e-10
6.1671057e-10
6.1585537e-10
6.1845395e-10
6.1848682e-10
6.2029604e-10
6.1766453e-10
6.1598682e-10
6.1963817e-10
6.2009864e-10
6.2118422e-10
6.1815786e-10
6.1950661e-10
6.1838817e-10
6.1822375e-10
6.2134869e-10
6.1674343e-10
6.15e-10
6.1930922e-10
6.1976979e-10
6.1779604e-10
6.1634864e-10
6.1789468e-10
6.1894734e-10
6.1779604e-10
6.1506583e-10
6.1697369e-10
6.1657895e-10
6.1822364e-10
6.1618427e-10
6.1805921e-10
6.1694078e-10
6.1690791e-10
6.1904598e-10
6.1651317e-10
6.1690786e-10
6.1937494e-10
6.175e-10
6.178289e-10
6.1680921e-10
6.1868421e-10
6.1736843e-10
6.1611838e-10
6.1815797e-10
6.1723682e-10
6.1634864e-10
6.175e-10
6.1503286e-10
6.1621708e-10
6.1789479e-10
6.2075661e-10
6.1700645e-10
6.1621708e-10
6.1707239e-10
6.1519734e-10
6.1786187e-10
6.1578942e-10
6.1766442e-10
6.1661182e-10
6.1460531e-10
6.1805921e-10
6.1536187e-10
6.1628286e-10
6.1848676e-10
6.1694078e-10
6.1654609e-10
6.1486838e-10
6.1871708e-10
6.1776317e-10
6.1812505e-10
6.1467109e-10
6.1611843e-10
6.1756583e-10
6.1967098e-10
6.1736843e-10
6.1536182e-10
6.1884869e-10
6.1569078e-10
6.1891448e-10
6.1470401e-10
6.1756578e-10
6.1496708e-10
6.1644745e-10
6.1950661e-10
6.180263e-10
6.1500005e-10
6.1641448e-10
6.1703942e-10
6.1819078e-10
6.1457239e-10
6.1457234e-10
6.1769728e-10
6.1815786e-10
6.1769739e-10
6.1657895e-10
6.1786176e-10
6.1690791e-10
6.1601968e-10
6.1618416e-10
6.1648031e-10
6.1898026e-10
6.1539474e-10
6.1381578e-10
6.1713806e-10
6.1671052e-10
6.1680927e-10
6.1700656e-10
6.1875e-10
6.1832234e-10
6.1555916e-10
6.1763156e-10
6.1569078e-10
6.1901317e-10
6.1710531e-10
6.189802e-10
6.1638156e-10
6.1503291e-10
6.1279604e-10
6.18125e-10
6.1546052e-10
6.1516442e-10
6.1368427e-10
6.1661187e-10
6.1648031e-10
6.1506578e-10
6.1621713e-10
6.1601968e-10
6.1404609e-10
6.1542754e-10
6.1536182e-10
6.1684213e-10
6.1546052e-10
6.155591e-10
6.161513e-10
6.1259869e-10
6.1506578e-10
6.1582239e-10
6.125e-10
6.1223693e-10
6.1148026e-10
6.1707239e-10
6.1322369e-10
6.1575656e-10
6.1447375e-10
6.149013e-10
6.1703948e-10
6.1536182e-10
6.1256583e-10
6.1500005e-10
6.1309208e-10
6.1506578e-10
6.1467109e-10
6.152302e-10
6.1424338e-10
6.1536182e-10
6.1203947e-10
6.1236838e-10
6.1434202e-10
6.1496713e-10
6.1490135e-10
6.1358546e-10
6.1546057e-10
6.1309208e-10
6.1763156e-10
6.1467104e-10
6.1641453e-10
6.1450661e-10
6.1506578e-10
6.1384869e-10
6.1828959e-10
6.166776e-10
6.1381572e-10
6.1756583e-10
6.1338823e-10
6.1338812e-10
6.1394734e-10
6.1328947e-10
6.1414474e-10
6.1773026e-10
6.1483552e-10
6.1832239e-10
6.1657895e-10
6.1776317e-10
6.1575661e-10
6.1615135e-10
6.1786182e-10
6.1565791e-10
6.1976974e-10
6.2072358e-10
6.1723682e-10
6.1717109e-10
6.1953942e-10
6.1684213e-10
6.1654609e-10
6.18125e-10
6.1786182e-10
6.1667765e-10
6.1463812e-10
6.153289e-10
6.157565e-10
6.1924343e-10
6.1832228e-10
6.1536193e-10
6.1447369e-10
6.1648026e-10
6.1819078e-10
6.1644728e-10
6.1470401e-10
6.1753286e-10
6.1657895e-10
6.1651323e-10
6.148026e-10
6.1430916e-10
6.1648037e-10
6.1476974e-10
6.1766442e-10
6.1348676e-10
6.1411176e-10
6.1733546e-10
6.1440791e-10
6.1480265e-10
6.1276312e-10
6.1565791e-10
6.1328947e-10
6.133552e-10
6.1299338e-10
6.14375e-10
6.1305921e-10
6.1407895e-10
6.1480254e-10
6.1572364e-10
6.1572369e-10
6.1572364e-10
6.1654604e-10
6.1549332e-10
6.1625005e-10
6.1733557e-10
6.1615141e-10
6.1601974e-10
6.1575656e-10
6.1322369e-10
6.1358552e-10
6.1707245e-10
6.1661187e-10
6.1421046e-10
6.1730254e-10
6.1651323e-10
6.1585526e-10
6.1506578e-10
6.1575656e-10
6.1486843e-10
6.1496713e-10
6.1569078e-10
6.1871713e-10
6.1621708e-10
6.1562505e-10
6.1476974e-10
6.1618427e-10
6.1671052e-10
6.1578947e-10
6.1523031e-10
6.147039e-10
6.1368427e-10
6.1532901e-10
6.1578947e-10
6.1473687e-10
6.1536182e-10
6.1365124e-10
6.1595395e-10
6.161513e-10
6.1779604e-10
6.1618421e-10
6.1476968e-10
6.1615135e-10
6.1819083e-10
6.132565e-10
6.1776317e-10
6.1740135e-10
6.1786182e-10
6.1667765e-10
6.1858557e-10
6.1575656e-10
6.1769745e-10
6.1746713e-10
6.1638161e-10
6.1529604e-10
6.1575656e-10
6.1444078e-10
6.1444078e-10
6.1598682e-10
6.1634869e-10
6.1569078e-10
6.159539e-10
6.1523026e-10
6.1585531e-10
6.1276317e-10
6.1453947e-10
6.1384875e-10
6.1463823e-10
6.1516447e-10
6.141776e-10
6.1302624e-10
6.155263e-10
6.1440791e-10
6.1434219e-10
6.155263e-10
6.1572364e-10
6.1440791e-10
6.146052e-10
6.1273031e-10
6.1460531e-10
6.1401312e-10
6.1493427e-10
6.1388156e-10
6.1394734e-10
6.1404615e-10
6.1608552e-10
6.1358546e-10
6.1648026e-10
6.1401323e-10
6.1305921e-10
6.1552635e-10
6.1582239e-10
6.1467104e-10
6.1513156e-10
6.15625e-10
6.1483563e-10
6.1618421e-10
6.1641442e-10
6.1078947e-10
6.1453947e-10
6.1674338e-10
6.1286176e-10
6.1467109e-10
6.1516453e-10
6.1664468e-10
6.1585526e-10
6.1246713e-10
6.1634858e-10
6.1615135e-10
6.1769728e-10
6.1674338e-10
6.1605265e-10
6.1378286e-10
6.1631578e-10
6.1611849e-10
6.1490124e-10
6.1171052e-10
6.1799343e-10
6.1398031e-10
6.1717109e-10
6.1421057e-10
6.1891442e-10
6.1858552e-10
6.1473687e-10
6.1723682e-10
6.1605254e-10
6.1717109e-10
6.157565e-10
6.1726979e-10
6.1802635e-10
6.1661182e-10
6.1578947e-10
6.1467104e-10
6.1394739e-10
6.1595395e-10
6.1523031e-10
6.1569078e-10
6.1815791e-10
6.1717109e-10
6.1690786e-10
6.1634869e-10
6.155263e-10
6.1789474e-10
6.1950667e-10
6.1657895e-10
6.1536187e-10
6.1542765e-10
6.167763e-10
6.16875e-10
6.1638156e-10
6.1578942e-10
6.1513156e-10
6.1667765e-10
6.1509869e-10
6.1519739e-10
6.1625e-10
6.1618427e-10
6.1509864e-10
6.1680921e-10
6.1835531e-10
6.1286182e-10
6.1476974e-10
6.1388156e-10
6.1503291e-10
6.1684208e-10
6.1440791e-10
6.1598693e-10
6.15625e-10
6.1644739e-10
6.16875e-10
6.1595395e-10
6.1404615e-10
6.167763e-10
6.1523026e-10
6.1539474e-10
6.1486849e-10
6.1460526e-10
6.1881572e-10
6.1582239e-10
6.1516447e-10
6.1486843e-10
6.1519739e-10
6.1671052e-10
6.1726968e-10
6.1394734e-10
6.1266442e-10
6.1667765e-10
6.1776317e-10
6.1631578e-10
6.1611838e-10
6.1648031e-10
6.1631572e-10
6.1582234e-10
6.1319078e-10
6.1921052e-10
6.1782895e-10
6.1848682e-10
6.1671052e-10
6.1677635e-10
6.1611843e-10
6.1450661e-10
6.175328e-10
6.1671057e-10
6.1375e-10
6.1335526e-10
6.1799343e-10
6.1388156e-10
6.15e-10
6.1233552e-10
6.173026e-10
6.1279604e-10
6.1338812e-10
6.154276e-10
6.1378291e-10
6.1493421e-10
6.1440791e-10
6.146052e-10
6.1654604e-10
6.1154609e-10
6.1473687e-10
6.1559208e-10
6.1335531e-10
6.1368416e-10
6.1381578e-10
6.1434213e-10
6.1148026e-10
6.1384869e-10
6.0973682e-10
6.1559219e-10
6.1371724e-10
6.1536182e-10
6.15625e-10
6.154276e-10
6.1203947e-10
6.1309208e-10
6.1276312e-10
6.1355265e-10
6.1328947e-10
6.151315e-10
6.1559202e-10
6.1437494e-10
6.1184208e-10
6.1506578e-10
6.1644739e-10
6.1503291e-10
6.1430921e-10
6.160526e-10
6.1493421e-10
6.1263161e-10
6.1305921e-10
6.1506578e-10
6.1723687e-10
6.160526e-10
6.1440791e-10
6.1365135e-10
6.1661187e-10
6.1276312e-10
6.1447364e-10
6.1578942e-10
6.1601974e-10
6.1430921e-10
6.1404615e-10
6.1519734e-10
6.1565791e-10
6.1552619e-10
6.1319083e-10
6.1766453e-10
6.1565791e-10
6.1457239e-10
6.15e-10
6.1532895e-10
6.1565791e-10
6.1648026e-10
6.1621702e-10
6.1296052e-10
6.1253291e-10
6.13125e-10
6.1661182e-10
6.1697369e-10
6.1371702e-10
6.1421052e-10
6.1332234e-10
6.1184213e-10
6.1305921e-10
6.1351974e-10
6.15625e-10
6.125e-10
6.1230265e-10
6.1421057e-10
6.1394745e-10
6.1388167e-10
6.1194089e-10
6.1453947e-10
6.1315797e-10
6.1230265e-10
6.1444078e-10
6.1072375e-10
6.153289e-10
6.1355265e-10
6.1332239e-10
6.1444078e-10
6.1585531e-10
6.1384875e-10
6.1203947e-10
6.13125e-10
6.1161182e-10
6.1292765e-10
6.1480265e-10
6.1569072e-10
6.1289473e-10
6.1309213e-10
6.130591e-10
6.1210526e-10
6.1328947e-10
6.1490135e-10
6.148026e-10
6.1539474e-10
6.1486843e-10
6.1430921e-10
6.1585526e-10
6.1536182e-10
6.1203942e-10
6.1651317e-10
6.1269739e-10
6.1575656e-10
6.1546057e-10
6.173026e-10
6.1414474e-10
6.13125e-10
6.1585526e-10
6.1519739e-10
6.1703948e-10
6.1654609e-10
6.1476974e-10
6.1634869e-10
6.1414474e-10
6.13125e-10
6.15625e-10
6.1565791e-10
6.1523026e-10
6.1345395e-10
6.1381578e-10
6.161513e-10
6.1384869e-10
6.1776317e-10
6.1549343e-10
6.1674343e-10
6.1523026e-10
6.1490124e-10
6.1638167e-10
6.1467109e-10
6.16875e-10
6.1500005e-10
6.1490135e-10
6.1440786e-10
6.14375e-10
6.1473687e-10
6.1289473e-10
6.1562494e-10
6.15625e-10
6.1608557e-10
6.1473687e-10
6.1440791e-10
6.1453947e-10
6.1588812e-10
6.1526312e-10
6.1680927e-10
6.146052e-10
6.1588817e-10
6.1457245e-10
6.1523037e-10
6.1440791e-10
6.1625e-10
6.1345395e-10
6.1523031e-10
6.1351974e-10
6.1496708e-10
6.1549343e-10
6.1375e-10
6.1453947e-10
6.1358552e-10
6.1470395e-10
6.1440791e-10
6.1404609e-10
6.1296052e-10
6.1273026e-10
6.1309213e-10
6.1246719e-10
6.1355265e-10
6.1467104e-10
6.1302635e-10
6.130263e-10
6.1345395e-10
6.1493427e-10
6.1430921e-10
6.1332234e-10
6.1559213e-10
6.1453942e-10
6.1319078e-10
6.1453947e-10
6.1578953e-10
6.1200661e-10
6.1305916e-10
6.1519739e-10
6.1345395e-10
6.1486849e-10
6.1361832e-10
6.16875e-10
6.1450656e-10
6.1608546e-10
6.1572364e-10
6.1394745e-10
6.1516447e-10
6.1575656e-10
6.1378291e-10
6.1299338e-10
6.1318422e-10
6.1265791e-10
6.153289e-10
6.1434213e-10
6.1526317e-10
6.1197375e-10
6.1401312e-10
6.145065e-10
6.1490135e-10
6.1299338e-10
6.1302624e-10
6.1460531e-10
6.1092109e-10
6.15625e-10
6.1460526e-10
6.1453942e-10
6.1440791e-10
6.1328942e-10
6.1427624e-10
6.1358552e-10
6.1605254e-10
6.1453947e-10
6.1144734e-10
6.155263e-10
6.1519734e-10
6.1473687e-10
6.1463812e-10
6.1565791e-10
6.1572364e-10
6.1572364e-10
6.1644739e-10
6.1453942e-10
6.1717104e-10
6.149013e-10
6.1569078e-10
6.1555933e-10
6.1572369e-10
6.1480265e-10
6.1529604e-10
6.1680916e-10
6.1351974e-10
6.1513156e-10
6.1740141e-10
6.1490124e-10
6.1476974e-10
6.1342109e-10
6.1473682e-10
6.1476968e-10
6.1430916e-10
6.1384869e-10
6.1236838e-10
6.1578942e-10
6.1476974e-10
6.1657895e-10
6.1740141e-10
6.1555921e-10
6.1657895e-10
6.1657895e-10
6.1726979e-10
6.1595395e-10
6.1381583e-10
6.1414474e-10
6.1217098e-10
6.1782895e-10
6.1493427e-10
6.1230265e-10
6.121052e-10
6.1259869e-10
6.1414474e-10
6.1493416e-10
6.129276e-10
6.145065e-10
6.1292754e-10
6.1240124e-10
6.1319078e-10
6.1315791e-10
6.1430916e-10
6.1473687e-10
6.1434213e-10
6.1180916e-10
6.1460526e-10
6.148026e-10
6.1483557e-10
6.1608552e-10
6.1490135e-10
6.1585526e-10
6.1128291e-10
6.1292765e-10
6.1480265e-10
6.1496708e-10
6.1305916e-10
6.1598682e-10
6.1483557e-10
6.1549343e-10
6.1496713e-10
6.1585531e-10
6.1707234e-10
6.1309213e-10
6.1575656e-10
6.1427635e-10
6.1358552e-10
6.1332234e-10
6.1338812e-10
6.167763e-10
6.1338812e-10
6.1736849e-10
6.1355265e-10
6.1404604e-10
6.1631578e-10
6.1444078e-10
6.1460526e-10
6.1671063e-10
6.1289479e-10
6.1802635e-10
6.1437494e-10
6.1516447e-10
6.1259875e-10
6.1309213e-10
6.148026e-10
6.1473682e-10
6.1634858e-10
6.1615141e-10
6.1345401e-10
6.1457234e-10
6.1786187e-10
6.155263e-10
6.1763161e-10
6.1615135e-10
6.1404609e-10
6.1815791e-10
6.1631572e-10
6.1490135e-10
6.1621713e-10
6.1631578e-10
6.1552624e-10
6.1134869e-10
6.1697358e-10
6.1476974e-10
6.1697364e-10
6.1532901e-10
6.1625e-10
6.1628286e-10
6.1615141e-10
6.1384864e-10
6.1565791e-10
6.1578936e-10
6.1684213e-10
6.1759869e-10
6.1440791e-10
6.1378297e-10
6.1769734e-10
6.1578947e-10
6.1828959e-10
6.1743427e-10
6.1592109e-10
6.165789e-10
6.1674338e-10
6.192763e-10
6.1621713e-10
6.1671052e-10
6.1638156e-10
6.1572364e-10
6.1697364e-10
6.1503291e-10
6.1467098e-10
6.1654609e-10
6.1684213e-10
6.1513156e-10
6.1631578e-10
6.175e-10
6.1819078e-10
6.1657901e-10
6.1549349e-10
6.1641442e-10
6.1631578e-10
6.1664474e-10
6.1342098e-10
6.1628286e-10
6.1523026e-10
6.145065e-10
6.1654609e-10
6.1473687e-10
6.1444078e-10
6.1631578e-10
6.1611843e-10
6.1526312e-10
6.1592104e-10
6.1338817e-10
6.1621708e-10
6.1398026e-10
6.1322364e-10
6.158552e-10
6.1345395e-10
6.1460526e-10
6.1532895e-10
6.1463812e-10
6.1253286e-10
6.1388161e-10
6.1615135e-10
6.1414474e-10
6.1611843e-10
6.1427635e-10
6.1717104e-10
6.1470401e-10
6.1523031e-10
6.1328942e-10
6.1782901e-10
6.1437494e-10
6.1526312e-10
6.160526e-10
6.1625e-10
6.1694078e-10
6.1648014e-10
6.1605265e-10
6.1539468e-10
6.1786182e-10
6.1450656e-10
6.1332234e-10
6.1384869e-10
6.1710526e-10
6.1430916e-10
6.1516447e-10
6.1457228e-10
6.1717104e-10
6.1582234e-10
6.1516442e-10
6.1437505e-10
6.1309213e-10
6.1437505e-10
6.1519728e-10
6.1532895e-10
6.1641448e-10
6.1378286e-10
6.1365135e-10
6.1529609e-10
6.1315786e-10
6.1677635e-10
6.1236838e-10
6.1263156e-10
6.1437505e-10
6.118091e-10
6.1674338e-10
6.1467104e-10
6.1631572e-10
6.1723687e-10
6.1618427e-10
6.1588817e-10
6.18125e-10
6.1726974e-10
6.1381583e-10
6.1559208e-10
6.1710526e-10
6.1358557e-10
6.1532901e-10
6.1595401e-10
6.1401323e-10
6.1513156e-10
6.1266447e-10
6.1177635e-10
6.1493416e-10
6.1503286e-10
6.1628286e-10
6.102302e-10
6.1243421e-10
6.1601974e-10
6.1519739e-10
6.1457234e-10
6.1493421e-10
6.1546046e-10
6.1263156e-10
6.1407901e-10
6.1424338e-10
6.1134869e-10
6.1608563e-10
6.1457239e-10
6.1246713e-10
6.1151317e-10
6.135526e-10
6.1299343e-10
6.1309208e-10
6.1256583e-10
6.1348682e-10
6.1391447e-10
6.115789e-10
6.1207234e-10
6.1253297e-10
6.1476974e-10
6.1276312e-10
6.1184208e-10
6.1279604e-10
6.1144739e-10
6.1440786e-10
6.105263e-10
6.1608546e-10
6.130263e-10
6.1424349e-10
6.1296052e-10
6.1374994e-10
6.1263156e-10
6.109539e-10
6.1348682e-10
6.1243421e-10
6.1253291e-10
6.1082234e-10
6.1394734e-10
6.1180921e-10
6.1213817e-10
6.1240135e-10
6.11875e-10
6.1319083e-10
6.1207234e-10
6.1128286e-10
6.125e-10
6.1388161e-10
6.1473687e-10
6.136513e-10
6.1391442e-10
6.1273026e-10
6.1411187e-10
6.1447369e-10
6.124013e-10
6.1532895e-10
6.1588812e-10
6.1496713e-10
6.1374994e-10
6.1342109e-10
6.175e-10
6.1276312e-10
6.1378291e-10
6.1473687e-10
6.136513e-10
6.1605265e-10
6.1358552e-10
6.1516453e-10
6.1743416e-10
6.1671057e-10
6.1513156e-10
6.1453953e-10
6.1496708e-10
6.1552635e-10
6.16875e-10
6.1569078e-10
6.1296057e-10
6.1720395e-10
6.1605265e-10
6.1483552e-10
6.1424349e-10
6.1539474e-10
6.1319072e-10
6.128289e-10
6.1269728e-10
6.141776e-10
6.122039e-10
6.1664474e-10
6.155263e-10
6.1710526e-10
6.1351974e-10
6.1266442e-10
6.1253291e-10
6.1190791e-10
6.1154598e-10
6.1588817e-10
6.1348687e-10
6.1361838e-10
6.1016447e-10
6.1473676e-10
6.1375e-10
6.1092104e-10
6.1358552e-10
6.1342104e-10
6.1398031e-10
6.1246708e-10
6.1305921e-10
6.1236843e-10
6.1223687e-10
6.1253291e-10
6.1447369e-10
6.1325661e-10
6.1194078e-10
6.135526e-10
6.1259875e-10
6.1220395e-10
6.1233552e-10
6.1131583e-10
6.1259864e-10
6.1167765e-10
6.1250005e-10
6.0976973e-10
6.1371713e-10
6.1243421e-10
6.1302624e-10
6.1203947e-10
6.1125005e-10
6.1253291e-10
6.0911182e-10
6.1065797e-10
6.121052e-10
6.1226973e-10
6.1282895e-10
6.1286187e-10
6.104276e-10
6.1335526e-10
6.1236838e-10
6.1430921e-10
6.1154604e-10
6.1065786e-10
6.1342104e-10
6.1138161e-10
6.1141447e-10
6.0950661e-10
6.1046057e-10
6.1197364e-10
6.1046052e-10
6.1315791e-10
6.1325656e-10
6.1236838e-10
6.109539e-10
6.1263156e-10
6.135526e-10
6.1144739e-10
6.1141447e-10
6.1026312e-10
6.1095401e-10
6.1220395e-10
6.0973682e-10
6.1190786e-10
6.1128286e-10
6.1019739e-10
6.1226979e-10
6.1032895e-10
6.0924338e-10
6.099013e-10
6.0983557e-10
6.0914468e-10
6.0901312e-10
6.1226973e-10
6.1161182e-10
6.1125e-10
6.1111843e-10
6.1174343e-10
6.1289473e-10
6.1190791e-10
6.1263161e-10
6.1378291e-10
6.1220395e-10
6.1450661e-10
6.1138161e-10
6.125e-10
6.0934208e-10
6.1072369e-10
6.136841e-10
6.1296052e-10
6.116776e-10
6.1585531e-10
6.1388156e-10
6.1378297e-10
6.1161182e-10
6.1486849e-10
6.1131589e-10
6.1302624e-10
6.1226979e-10
6.1437505e-10
6.1309208e-10
6.1273026e-10
6.1309213e-10
6.1263161e-10
6.1246719e-10
6.1483552e-10
6.1519745e-10
6.1559213e-10
6.1506578e-10
6.1371719e-10
6.1460526e-10
6.1177635e-10
6.1279604e-10
6.1401306e-10
6.1391447e-10
6.1374994e-10
6.1414474e-10
6.1200661e-10
6.106578e-10
6.1444078e-10
6.117763e-10
6.1582234e-10
6.1328942e-10
6.1299349e-10
6.1315786e-10
6.1358546e-10
6.1414474e-10
6.1230265e-10
6.1513156e-10
6.1207234e-10
6.1342104e-10
6.1269734e-10
6.1101973e-10
6.128289e-10
6.1042765e-10
6.1325656e-10
6.1217098e-10
6.1213812e-10
6.1194078e-10
6.1184202e-10
6.0878286e-10
6.1134869e-10
6.1302635e-10
6.1263156e-10
6.125328e-10
6.1105254e-10
6.1312505e-10
6.1378297e-10
6.1361838e-10
6.0930916e-10
6.1286182e-10
6.1098682e-10
6.123026e-10
6.1213812e-10
6.1368421e-10
6.1299338e-10
6.1128302e-10
6.1194083e-10
6.1046057e-10
6.1194083e-10
6.1065786e-10
6.1006583e-10
6.1256583e-10
6.1115135e-10
6.1342109e-10
6.1243427e-10
6.1296052e-10
6.1164473e-10
6.1246708e-10
6.127302e-10
6.1161182e-10
6.149013e-10
6.1391453e-10
6.1355254e-10
6.148026e-10
6.1236843e-10
6.1299349e-10
6.1111843e-10
6.1361838e-10
6.155263e-10
6.13125e-10
6.1138161e-10
6.1223682e-10
6.1404604e-10
6.114802e-10
6.1207234e-10
6.1332228e-10
6.1029609e-10
6.1105265e-10
6.1305916e-10
6.1256578e-10
6.1424338e-10
6.129276e-10
6.0904615e-10
6.1348687e-10
6.1134864e-10
6.1404609e-10
6.1296046e-10
6.1325656e-10
6.1180916e-10
6.1006583e-10
6.0934208e-10
6.1309208e-10
6.1167765e-10
6.1539468e-10
6.115789e-10
6.1197369e-10
6.15e-10
6.100328e-10
6.1101973e-10
6.1101973e-10
6.125e-10
6.1013161e-10
6.1118416e-10
6.121052e-10
6.1200661e-10
6.1213812e-10
6.114802e-10
6.1026317e-10
6.1006578e-10
6.1078942e-10
6.1217098e-10
6.146052e-10
6.1384864e-10
6.1463817e-10
6.1223693e-10
6.1322369e-10
6.1611843e-10
6.1151306e-10
6.1049343e-10
6.1157901e-10
6.1164473e-10
6.1259869e-10
6.0871708e-10
6.1342109e-10
6.1345395e-10
