-6.1193169e-11
-6.1193176e-11
-6.0198853e-11
-5.9346583e-11
-5.8806807e-11
-5.9744314e-11
-6.0710222e-11
-6.0681807e-11
-5.8664767e-11
-6.0624991e-11
-6.1846583e-11
-6.1420452e-11
-6.0255682e-11
-6.0738629e-11
-6.0284083e-11
-6.0539768e-11
-6.2414768e-11
-6.0028399e-11
-6.1903399e-11
-6.1619314e-11
-5.9943168e-11
-6.3181821e-11
-5.9034083e-11
-5.951703e-11
-5.9630675e-11
-6.1448853e-11
-6.1278399e-11
-6.0624998e-11
-6.0568169e-11
-6.1477268e-11
-6.1534083e-11
-5.9999991e-11
-6.0568175e-11
-6.1278399e-11
-6.4374998e-11
-6.2187484e-11
-5.9687491e-11
-6.1249998e-11
-6.1477268e-11
-5.8920445e-11
-5.6704533e-11
-6.0369307e-11
-5.7897721e-11
-6.3011367e-11
-5.8863629e-11
-5.926136e-11
-6.0767044e-11
-5.769886e-11
-6.4403406e-11
-6.3380676e-11
-5.934659e-11
-5.7926133e-11
-5.8664767e-11
-6.1363629e-11
-6.1335222e-11
-6.0738629e-11
-5.889203e-11
-5.7755675e-11
-6.0965906e-11
-5.7471587e-11
-5.934659e-11
-6.1249998e-11
-5.7926133e-11
-6.176136e-11
-5.8721583e-11
-6.2585222e-11
-6.2812491e-11
-5.7556807e-11
-5.7613626e-11
-5.9801129e-11
-5.8494314e-11
-5.9488629e-11
-5.9545452e-11
-5.9176136e-11
-5.7073849e-11
-6.2102268e-11
-5.7897718e-11
-6.1789768e-11
-6.3011353e-11
-5.9687484e-11
-6.1676129e-11
-6.0539768e-11
-5.8778399e-11
-6.2698853e-11
-5.9488636e-11
-5.707386e-11
-6.2017044e-11
-6.0142037e-11
-5.9545445e-11
-6.090909e-11
-5.8181814e-11
-5.8977268e-11
-5.9517044e-11
-5.8977268e-11
-6.2045452e-11
-5.795454e-11
-6.0056814e-11
-5.9204537e-11
-6.0653406e-11
-5.7045448e-11
-5.9403399e-11
-6.0056821e-11
-6.0056807e-11
-5.9630675e-11
-5.7073856e-11
-5.9829537e-11
-6.1732945e-11
-5.8238629e-11
-6.0312491e-11
-5.7897721e-11
-5.7897721e-11
-6.0880676e-11
-6.2670452e-11
-5.795454e-11
-5.8181807e-11
-5.8437498e-11
-5.988636e-11
-5.9914768e-11
-6.0909083e-11
-6.0710222e-11
-5.7528406e-11
-6.261363e-11
-6.0738629e-11
-5.863636e-11
-6.0397715e-11
-5.9119314e-11
-5.8153402e-11
-5.9374998e-11
-5.8920452e-11
-5.9517037e-11
-5.988636e-11
-6.1164768e-11
-5.8607945e-11
-6.2159083e-11
-5.9346583e-11
-6.0170452e-11
-5.9346583e-11
-5.9005675e-11
-6.0511353e-11
-5.9659083e-11
-5.9659083e-11
-6.1107945e-11
-5.7812491e-11
-5.9886367e-11
-6.1079537e-11
-6.0284083e-11
-5.9971583e-11
-5.9659083e-11
-5.9403399e-11
-6.0965899e-11
-5.9289768e-11
-5.9062491e-11
-6.2499998e-11
-5.6761353e-11
-5.8011353e-11
-5.9772715e-11
-5.9772721e-11
-5.9886353e-11
-5.9261353e-11
-6.1051122e-11
-5.6164771e-11
-5.8210221e-11
-5.6874994e-11
-5.8778399e-11
-5.8323853e-11
-6.0539768e-11
-5.7386363e-11
-5.8835221e-11
-5.7982948e-11
-5.9829537e-11
-5.5937498e-11
-5.9289768e-11
-5.7528406e-11
-5.7102264e-11
-6.1505676e-11
-5.8437491e-11
-6.2443169e-11
-5.8494314e-11
-6.2755676e-11
-6.144886e-11
-5.872159e-11
-6.2017037e-11
-5.8096583e-11
-6.1249998e-11
-6.0056814e-11
-5.8721583e-11
-6.1079537e-11
-5.8465906e-11
-5.9346583e-11
-5.8068175e-11
-5.9176129e-11
-6.0482945e-11
-5.7727264e-11
-6.2642037e-11
-6.2159076e-11
-6.0454537e-11
-6.1931814e-11
-6.292613e-11
-5.9630675e-11
-6.0170452e-11
-6.0568169e-11
-5.6420448e-11
-6.1022722e-11
-5.7727264e-11
-5.9289768e-11
-5.9630682e-11
-6.2585215e-11
-5.8607952e-11
-5.8494307e-11
-5.9289768e-11
-5.8920445e-11
-5.9403406e-11
-5.6647721e-11
-5.9687491e-11
-6.0454537e-11
-5.6988633e-11
-5.9886353e-11
-5.926136e-11
-5.8920445e-11
-5.9005682e-11
-6.0767044e-11
-5.7897721e-11
-5.8806814e-11
-5.8380675e-11
-6.2471577e-11
-5.9772721e-11
-6.1051129e-11
-5.926136e-11
-5.8863629e-11
-6.2357945e-11
-6.2869314e-11
-6.0880676e-11
-6.0227268e-11
-5.9857952e-11
-6.0681814e-11
-6.0369314e-11
-6.1562491e-11
-5.8295452e-11
-5.8124991e-11
-6.1420452e-11
-6.1562498e-11
-5.8863629e-11
-6.0312484e-11
-6.0909083e-11
-5.6221586e-11
-6.1164768e-11
-6.2130676e-11
-5.4488632e-11
-6.2102261e-11
-5.9431807e-11
-6.0170445e-11
-6.1818176e-11
-6.0738629e-11
-5.670454e-11
-6.1960222e-11
-5.6619317e-11
-6.0255675e-11
-6.2073853e-11
-6.1107945e-11
-5.9488629e-11
-5.7698856e-11
-6.0426129e-11
-5.8437491e-11
-5.8068175e-11
-5.9176129e-11
-6.0255682e-11
-6.0624998e-11
-5.8522721e-11
-6.261363e-11
-5.9147715e-11
-5.8892037e-11
-5.8806807e-11
-6.1903399e-11
-5.988636e-11
-5.6505679e-11
-5.8863629e-11
-5.9573853e-11
-5.926136e-11
-6.051136e-11
-6.1022715e-11
-6.1505682e-11
-6.1505682e-11
-5.9403406e-11
-6.2613636e-11
-5.7585225e-11
-6.019886e-11
-5.9886353e-11
-5.9687498e-11
-5.9943168e-11
-5.7215899e-11
-6.2755676e-11
-5.9460221e-11
-5.6335218e-11
-6.1846583e-11
-6.1306814e-11
-5.8124991e-11
-5.840909e-11
-5.8096587e-11
-5.9744314e-11
-5.9090899e-11
-5.9488629e-11
-5.9062498e-11
-6.19318e-11
-5.9176136e-11
-6.0397722e-11
-5.9204537e-11
-6.0710215e-11
-6.1107945e-11
-5.8465906e-11
-6.0738629e-11
-6.0028399e-11
-5.8693175e-11
-6.0028399e-11
-5.8579537e-11
-6.0085215e-11
-6.1704537e-11
-6.051136e-11
-6.1789761e-11
-6.1931807e-11
-6.0511353e-11
-5.6931813e-11
-5.769886e-11
-5.8465906e-11
-5.9062498e-11
-5.7840902e-11
-6.0596576e-11
-6.2585222e-11
-5.9999998e-11
-5.9630682e-11
-6.176136e-11
-5.9602268e-11
-5.8749998e-11
-5.7840899e-11
-5.7130679e-11
-6.2045445e-11
-5.8380682e-11
-6.0340899e-11
-5.9488629e-11
-5.8380675e-11
-5.6676129e-11
-5.8721576e-11
-6.1193169e-11
-5.8352261e-11
-6.0852268e-11
-5.9602268e-11
-6.0909083e-11
-5.9318168e-11
-5.9090906e-11
-5.9772728e-11
-6.2073853e-11
-5.8380682e-11
-6.0227261e-11
-6.0596576e-11
-5.9119314e-11
-5.8636353e-11
-5.9857945e-11
-5.957386e-11
-5.9374991e-11
-5.7670448e-11
-6.1619307e-11
-5.9772715e-11
-5.9062498e-11
-5.7471583e-11
-5.9999991e-11
-6.1193176e-11
-6.051136e-11
-5.8380675e-11
-5.9176129e-11
-5.7102267e-11
-5.9090906e-11
-6.3494314e-11
-5.9090899e-11
-5.934659e-11
-6.0426129e-11
-5.9659083e-11
-5.7528402e-11
-5.6647721e-11
-6.0681814e-11
-6.0426129e-11
-5.7357952e-11
-6.0056814e-11
-6.0482945e-11
-6.0624998e-11
-6.0142044e-11
-5.926136e-11
-5.8977261e-11
-6.0340906e-11
-5.738636e-11
-6.0482945e-11
-5.9829544e-11
-6.1477261e-11
-5.9090906e-11
-5.8806814e-11
-6.113636e-11
-5.8721583e-11
-6.0085222e-11
-5.6448856e-11
-6.00568e-11
-5.9744314e-11
-6.323863e-11
-6.019886e-11
-5.8778399e-11
-5.9772721e-11
-6.0198853e-11
-5.7528406e-11
-6.1079537e-11
-5.9602275e-11
-5.9403399e-11
-6.1249998e-11
-6.1221583e-11
-5.5823859e-11
-5.9034083e-11
-5.894886e-11
-6.1136367e-11
-5.9119314e-11
-6.1903406e-11
-6.0028406e-11
-5.8863629e-11
-5.8778399e-11
-6.1079537e-11
-6.0113629e-11
-5.8778406e-11
-6.1562491e-11
-6.2017037e-11
-5.9687484e-11
-5.8409083e-11
-6.0624998e-11
-5.8664767e-11
-6.0539761e-11
-6.1335215e-11
-6.0795445e-11
-5.8835228e-11
-6.0198853e-11
-5.9801129e-11
-5.7187498e-11
-6.0568175e-11
-5.9715906e-11
-5.8806807e-11
-5.8295452e-11
-6.0681807e-11
-6.1420445e-11
-6.1505676e-11
-6.0170452e-11
-5.9857945e-11
-5.9374998e-11
-5.957386e-11
-6.1392037e-11
-5.9602275e-11
-6.269886e-11
-6.292613e-11
-6.1874998e-11
-6.2386353e-11
-6.051136e-11
-6.3380676e-11
-6.0198853e-11
-6.3295452e-11
-6.1306814e-11
-5.7443182e-11
-5.9204544e-11
-6.0539768e-11
-6.1619314e-11
-6.0085222e-11
-6.1960222e-11
-6.1676123e-11
-6.0255675e-11
-6.0113629e-11
-6.2159083e-11
-5.9346583e-11
-5.8153406e-11
-6.0369314e-11
-6.0568175e-11
-5.8977268e-11
-6.0085222e-11
-6.0653399e-11
-5.8693175e-11
-5.9744314e-11
-6.0284083e-11
-5.8352267e-11
-6.0539768e-11
-5.769886e-11
-6.0255675e-11
-5.9943175e-11
-5.9630675e-11
-5.9488629e-11
-6.1306814e-11
-5.8806807e-11
-5.9147715e-11
-5.8551136e-11
-6.1335229e-11
-6.2102268e-11
-6.363636e-11
-6.0340906e-11
-6.1903406e-11
-6.0085222e-11
-5.8607952e-11
-6.1420452e-11
-5.872159e-11
-5.6335218e-11
-6.0056814e-11
-5.6960218e-11
-6.0454537e-11
-6.1448853e-11
-6.0767044e-11
-6.1448853e-11
-6.1392037e-11
-5.9829537e-11
-6.2130669e-11
-6.1647715e-11
-6.1903399e-11
-5.7471583e-11
-6.3607945e-11
-5.9801136e-11
-5.7727267e-11
-5.8863629e-11
-5.8579537e-11
-6.261363e-11
-6.9914768e-11
-7.7471585e-11
-8.9460217e-11
-1.0426136e-10
-1.0730113e-10
-1.1076704e-10
-1.0954546e-10
-1.150284e-10
-1.1110795e-10
-1.1258523e-10
-1.1613635e-10
-1.1420454e-10
-1.1494317e-10
-1.1230113e-10
-1.0667612e-10
-1.1088067e-10
-1.0207386e-10
-1.0684657e-10
-1.0454546e-10
-1.0136363e-10
-1.009943e-10
-1.0022726e-10
-9.9659087e-11
-9.7528409e-11
-9.593748e-11
-9.4715902e-11
-9.1136348e-11
-9.2642033e-11
-9.1164763e-11
-9.2528402e-11
-8.7954533e-11
-8.7698855e-11
-8.6761348e-11
-8.6420447e-11
-8.5937486e-11
-8.3267039e-11
-8.2698855e-11
-8.1335216e-11
-8.2187486e-11
-7.9034085e-11
-8.0340894e-11
-8.0227262e-11
-7.7585223e-11
-7.8125e-11
-7.9204539e-11
-7.892044e-11
-7.2869308e-11
-7.65909e-11
-7.4857946e-11
-7.6874992e-11
-7.3267045e-11
-7.5511361e-11
-7.5255684e-11
-7.3948854e-11
-7.3323854e-11
-6.9914761e-11
-6.7812485e-11
-7.3465893e-11
-7.1704531e-11
-7.0454538e-11
-6.9374992e-11
-6.8977261e-11
-7.0880683e-11
-7.0482946e-11
-6.97159e-11
-7.1051123e-11
-7.1136354e-11
-6.9573854e-11
-6.5142045e-11
-7.0795446e-11
-7.0142038e-11
-6.8835222e-11
-6.9062492e-11
-7.1647722e-11
-7.0596591e-11
-6.81534e-11
-6.4431814e-11
-6.8494307e-11
-6.8181807e-11
-6.6619314e-11
-6.8749985e-11
-7.042613e-11
-6.761363e-11
-6.6448853e-11
-6.5568169e-11
-6.8948854e-11
-6.6874992e-11
-6.5539761e-11
-6.7443176e-11
-6.7499992e-11
-6.6164768e-11
-6.6079538e-11
-6.3607945e-11
-6.4005676e-11
-6.9687492e-11
-6.5795445e-11
-6.6590906e-11
-6.7329538e-11
-6.7613623e-11
-6.4715899e-11
-6.4545452e-11
-6.3607959e-11
-6.6164761e-11
-6.605113e-11
-6.6221584e-11
-6.4914768e-11
-6.4545445e-11
-6.4886353e-11
-6.4232945e-11
-6.4346584e-11
-6.4715899e-11
-6.4517038e-11
-6.5142038e-11
-6.5767031e-11
-6.5142038e-11
-6.5880676e-11
-6.3977268e-11
-6.6221577e-11
-6.3579537e-11
-6.4062491e-11
-6.7357946e-11
-6.5454538e-11
-6.5710215e-11
-6.6278406e-11
-6.3295445e-11
-6.8721591e-11
-6.2528399e-11
-6.5795445e-11
-6.4062491e-11
-6.417613e-11
-6.6789761e-11
-6.7045446e-11
-6.3721584e-11
-6.4346584e-11
-6.6448853e-11
-6.4857945e-11
-6.5482945e-11
-6.4431807e-11
-6.2784083e-11
-6.5852275e-11
-6.488636e-11
-6.4318176e-11
-6.5198853e-11
-6.2386353e-11
-6.1647715e-11
-6.6051123e-11
-6.6107946e-11
-6.2073853e-11
-6.4062491e-11
-6.4829538e-11
-6.6022715e-11
-6.6107952e-11
-6.230113e-11
-6.6846584e-11
-6.5767038e-11
-6.5454538e-11
-6.2812498e-11
-6.5255683e-11
-6.8039768e-11
-6.1562484e-11
-6.7102261e-11
-6.3380683e-11
-6.3323853e-11
-6.1392037e-11
-6.5539768e-11
-6.2698853e-11
-6.0369314e-11
-6.4431807e-11
-6.4999998e-11
-6.6193169e-11
-6.6335222e-11
-6.3579537e-11
-6.3409084e-11
-6.0596583e-11
-6.3835222e-11
-6.3664768e-11
-6.1278399e-11
-6.1562498e-11
-6.4034091e-11
-6.1960222e-11
-6.2471583e-11
-6.3181807e-11
-6.3181807e-11
-6.301136e-11
-6.2642037e-11
-6.3409084e-11
-6.1363629e-11
-6.3267037e-11
-6.1306807e-11
-6.0170452e-11
-6.2727261e-11
-5.9857945e-11
-6.4772722e-11
-6.139203e-11
-6.6732946e-11
-6.4090899e-11
-6.3068176e-11
-6.3948853e-11
-6.3579537e-11
-6.1221576e-11
-6.5085222e-11
-6.2897722e-11
-6.198863e-11
-6.2073853e-11
-6.5255683e-11
-6.3948853e-11
-5.9659083e-11
-6.1619307e-11
-6.2812491e-11
-6.5085215e-11
-6.3039761e-11
-6.0312491e-11
-6.2897715e-11
-6.0965906e-11
-5.8437491e-11
-6.3522715e-11
-5.9119314e-11
-6.1420452e-11
-6.1789768e-11
-6.1960222e-11
-6.4147722e-11
-6.323863e-11
-6.0340906e-11
-6.4204538e-11
-6.4147729e-11
-6.1789761e-11
-6.3295452e-11
-6.2585215e-11
-6.4914768e-11
-6.238636e-11
-6.3409084e-11
-5.7443172e-11
-6.4403399e-11
-6.1477275e-11
-6.3295452e-11
-6.4147715e-11
-6.1818169e-11
-6.1704537e-11
-6.7727268e-11
-5.9630675e-11
-6.6732952e-11
-6.4374985e-11
-6.3039768e-11
-5.9318175e-11
-6.6107946e-11
-6.4602261e-11
-6.4403399e-11
-6.1164768e-11
-6.1534083e-11
-5.9659083e-11
-6.2727268e-11
-6.0795452e-11
-6.3323853e-11
-6.1505676e-11
-6.1278399e-11
-6.5965906e-11
-6.1335222e-11
-6.5454538e-11
-6.3465899e-11
-6.2443169e-11
-6.2499998e-11
-6.4687491e-11
-6.3721577e-11
-6.417613e-11
-6.3551123e-11
-6.4573853e-11
-6.2471577e-11
-6.2272715e-11
-6.4857945e-11
-6.2784083e-11
-6.1022722e-11
-6.2954537e-11
-6.4289768e-11
-6.1107945e-11
-6.0198853e-11
-6.3778399e-11
-6.2017037e-11
-6.4374998e-11
-6.3579537e-11
-6.0255682e-11
-6.1704537e-11
-6.1420452e-11
-6.3437491e-11
-6.2812491e-11
-6.1136353e-11
-6.5255676e-11
-5.9346583e-11
-6.5624992e-11
-6.3380676e-11
-6.4289768e-11
-6.3693169e-11
-6.3636353e-11
-6.230113e-11
-6.3181807e-11
-6.1193176e-11
-6.6107946e-11
-6.3153399e-11
-6.3181814e-11
-6.5909077e-11
-6.4403399e-11
-6.5624992e-11
-6.051136e-11
-6.153409e-11
-6.1392037e-11
-6.0340899e-11
-6.3295452e-11
-6.323863e-11
-6.2982945e-11
-6.0909083e-11
-6.3124998e-11
-6.6534084e-11
-6.1221583e-11
-6.3210222e-11
-6.0681807e-11
-6.176136e-11
-6.4232945e-11
-6.0681814e-11
-6.1278406e-11
-6.0227268e-11
-6.4062491e-11
-6.448863e-11
-5.894886e-11
-6.0255675e-11
-6.176136e-11
-6.4943176e-11
-6.292613e-11
-6.0994314e-11
-6.2102268e-11
-6.1960222e-11
-6.0056814e-11
-6.1619314e-11
-6.4573853e-11
-6.0085222e-11
-6.1846576e-11
-6.2187491e-11
-6.3522722e-11
-6.0312491e-11
-6.2159083e-11
-6.2585222e-11
-6.1420445e-11
-6.480113e-11
-5.9914768e-11
-6.4090892e-11
-6.2244307e-11
-6.2954537e-11
-6.2272722e-11
-6.3494307e-11
-6.2386353e-11
-6.6278399e-11
-6.0142044e-11
-6.4829538e-11
-6.2130676e-11
-6.2698853e-11
-6.0539768e-11
-6.2499991e-11
-6.2244314e-11
-6.059659e-11
-6.1562498e-11
-5.8551136e-11
-5.7187498e-11
-6.5056814e-11
-6.0767044e-11
-6.1363629e-11
-6.2215906e-11
-6.2528399e-11
-6.1534083e-11
-6.4687491e-11
-6.0113636e-11
-6.0198853e-11
-6.3835222e-11
-6.0056814e-11
-6.3721591e-11
-6.3039768e-11
-5.8352267e-11
-6.1562491e-11
-6.1534083e-11
-6.2528399e-11
-6.0227268e-11
-6.3380669e-11
-6.2471583e-11
-6.1193169e-11
-6.198863e-11
-6.3039761e-11
-6.1335222e-11
-6.0653399e-11
-5.9573853e-11
-6.3948853e-11
-6.4034091e-11
-6.4204538e-11
-6.3977261e-11
-6.0340906e-11
-5.9999991e-11
-6.1676136e-11
-5.9602275e-11
-6.0937491e-11
-6.3522715e-11
-6.184659e-11
-6.5823853e-11
-6.1903399e-11
-6.2926137e-11
-6.3181807e-11
-6.5028406e-11
-6.1960215e-11
-6.2499991e-11
-6.2187491e-11
-6.1704537e-11
-6.2840906e-11
-6.082386e-11
-5.9602268e-11
-5.8721583e-11
-6.363636e-11
-6.3210222e-11
-6.122159e-11
-6.0710222e-11
-6.1789761e-11
-6.2784083e-11
-6.2130676e-11
-6.1363636e-11
-6.0198853e-11
-6.0653399e-11
-6.4232945e-11
-6.1022722e-11
-6.1789768e-11
-6.4374998e-11
-6.1079537e-11
-6.1420445e-11
-6.1704537e-11
-6.1562491e-11
-6.1903399e-11
-6.1619314e-11
-6.1903406e-11
-5.9801129e-11
-6.0681814e-11
-5.8693168e-11
-6.1278399e-11
-6.3607945e-11
-6.2357945e-11
-6.4829531e-11
-6.176136e-11
-6.2130676e-11
-6.3068169e-11
-6.0965906e-11
-6.4034084e-11
-6.0937491e-11
-6.2045452e-11
-6.2755669e-11
-6.0624998e-11
-6.2329537e-11
-6.3039768e-11
-5.795454e-11
-6.2017037e-11
-6.3693169e-11
-6.2357945e-11
-5.9943168e-11
-6.261363e-11
-6.4374991e-11
-6.2812491e-11
-6.1931814e-11
-5.9744314e-11
-6.1392037e-11
-5.9460215e-11
-6.2102261e-11
-6.1335222e-11
-6.0369314e-11
-5.9034083e-11
-6.4374998e-11
-6.2272722e-11
-6.323863e-11
-6.0909083e-11
-6.1079537e-11
-6.0880669e-11
-6.198863e-11
-6.0340906e-11
-6.1789768e-11
-6.1420452e-11
-6.3011353e-11
-6.2897722e-11
-6.1477261e-11
-6.0142044e-11
-6.1221583e-11
-6.3465899e-11
-6.1136353e-11
-6.2443176e-11
-6.0681807e-11
-5.9545445e-11
-6.2073853e-11
-6.1846583e-11
-6.2272722e-11
-6.1477261e-11
-6.0596583e-11
-6.2954537e-11
-5.9517037e-11
-6.301136e-11
-6.0454537e-11
-6.3352261e-11
-6.0056807e-11
-5.9374998e-11
-6.3892037e-11
-6.0852268e-11
-6.2159083e-11
-6.1107945e-11
-6.1136367e-11
-6.0454537e-11
-6.4034084e-11
-6.0539768e-11
-6.4687498e-11
-5.9517037e-11
-5.9659083e-11
-6.3948853e-11
-5.9090906e-11
-6.0795445e-11
-6.1704537e-11
-6.3323853e-11
-6.2698853e-11
-6.2528399e-11
-6.0568175e-11
-5.8465899e-11
-6.323863e-11
-5.9943168e-11
-6.1221576e-11
-6.0340906e-11
-6.0880682e-11
-6.2357952e-11
-6.0539768e-11
-6.0624998e-11
-6.1477268e-11
-5.8835221e-11
-6.1704537e-11
-6.2812498e-11
-6.3295452e-11
-6.2698853e-11
-6.2755683e-11
-5.9715906e-11
-6.0482952e-11
-6.480113e-11
-6.3068176e-11
-6.3153399e-11
-6.2869314e-11
-6.0738629e-11
-6.5511353e-11
-6.2414768e-11
-6.3721577e-11
-6.6789768e-11
-6.1107945e-11
-6.4943169e-11
-6.5795445e-11
-6.3437491e-11
-6.4573853e-11
-6.3380669e-11
-6.1249984e-11
-6.6193176e-11
-6.2102268e-11
-6.2954537e-11
-6.1960222e-11
-6.3664768e-11
-6.1590899e-11
-6.051136e-11
-6.113636e-11
-6.2642037e-11
-6.1278406e-11
-6.5426123e-11
-6.2187491e-11
-6.1732952e-11
-6.2386353e-11
-6.1193176e-11
-6.051136e-11
-6.0113629e-11
-6.2897722e-11
-6.2642044e-11
-6.4630676e-11
-6.1164768e-11
-6.301136e-11
-6.4090906e-11
-6.1960222e-11
-6.3892037e-11
-5.9431807e-11
-6.0312491e-11
-5.9829537e-11
-6.2414768e-11
-6.113636e-11
-6.3181814e-11
-6.0113629e-11
-6.0113636e-11
-6.3522722e-11
-6.198863e-11
-6.0198853e-11
-6.0113636e-11
-6.4346577e-11
-6.2159083e-11
-6.1704537e-11
-6.0653399e-11
-6.2556807e-11
-6.2499998e-11
-5.9090899e-11
-6.2755669e-11
-6.0624991e-11
-5.6874994e-11
-6.0767037e-11
-6.1079537e-11
-5.8948853e-11
-6.417613e-11
-6.0568169e-11
-6.0085228e-11
-6.1335215e-11
-6.1619314e-11
-6.2244314e-11
-6.3437491e-11
-6.1676136e-11
-6.122159e-11
-6.2272722e-11
-5.9943182e-11
-5.863636e-11
-6.2642037e-11
-6.0227261e-11
-5.9914768e-11
-6.2187498e-11
-5.9999991e-11
-6.3920445e-11
-6.2528406e-11
-6.1789768e-11
-6.2755669e-11
-5.934659e-11
-6.238636e-11
-6.2045452e-11
-6.1704537e-11
-6.1278399e-11
-5.724431e-11
-6.0454537e-11
-6.0198853e-11
-5.8125001e-11
-6.4119314e-11
-5.8892037e-11
-6.230113e-11
-6.1590899e-11
-6.1278399e-11
-6.3920438e-11
-5.9744314e-11
-6.3465899e-11
-6.1022722e-11
-6.0795452e-11
-6.3011353e-11
-6.0795445e-11
-5.8920445e-11
-6.2499998e-11
-6.1107945e-11
-6.2471583e-11
-6.1903399e-11
-6.2045452e-11
-5.9460221e-11
-6.4659084e-11
-6.1335222e-11
-6.247159e-11
-6.0795452e-11
-6.1647722e-11
-6.1363629e-11
-6.3636353e-11
-6.0170445e-11
-6.269886e-11
-6.0965899e-11
-6.2727268e-11
-5.8749998e-11
-5.988636e-11
-6.1534083e-11
-6.0937498e-11
-6.1761353e-11
-6.1051136e-11
-6.1846583e-11
-5.9176129e-11
-6.2698853e-11
-5.7727267e-11
-6.3352268e-11
-6.1590906e-11
-6.1363629e-11
-6.3295452e-11
-6.4403399e-11
-6.2585222e-11
-5.8977268e-11
-6.1448853e-11
-5.9346583e-11
-6.1335222e-11
-6.3465899e-11
-5.8437484e-11
-6.1420452e-11
-6.0738636e-11
-5.8892044e-11
-6.2443169e-11
-6.2045452e-11
-6.3693169e-11
-6.0426136e-11
-6.1931807e-11
-6.0454537e-11
-6.0170452e-11
-6.1505676e-11
-6.1789768e-11
-6.2017037e-11
-6.2130669e-11
-6.2471583e-11
-6.2272722e-11
-5.997159e-11
-6.3494314e-11
-6.2301136e-11
-6.1249998e-11
-6.3494314e-11
-6.2755683e-11
-6.1960222e-11
-6.2017037e-11
-6.0681814e-11
-6.1562491e-11
-6.0823853e-11
-5.9687491e-11
-6.2897722e-11
-6.2329537e-11
-6.2215906e-11
-5.7045445e-11
-6.0767037e-11
-6.4005676e-11
-5.7698856e-11
-6.1193176e-11
-6.2471583e-11
-6.139203e-11
-6.0710222e-11
-6.0965906e-11
-6.3011367e-11
-5.8437498e-11
-6.2215906e-11
-6.0767044e-11
-6.0653399e-11
-5.8863629e-11
-6.198863e-11
-6.1789768e-11
-6.3210215e-11
-6.1079537e-11
-6.4431814e-11
-5.9943175e-11
-6.0596576e-11
-5.9431814e-11
-6.051136e-11
-6.1505682e-11
-6.2499998e-11
-6.4119307e-11
-6.2329537e-11
-6.1249998e-11
-6.1306814e-11
-6.2499991e-11
-6.2840899e-11
-6.0198853e-11
-6.1676129e-11
-6.1164768e-11
-5.9289768e-11
-5.9744314e-11
-6.0170445e-11
-5.9829537e-11
-6.1221583e-11
-6.2443183e-11
-5.9545452e-11
-6.059659e-11
-5.8522721e-11
-6.0482945e-11
-5.9914761e-11
-6.2585222e-11
-6.1846583e-11
-6.0624998e-11
-5.965909e-11
-5.9318168e-11
-6.0454537e-11
-6.207386e-11
-5.8409083e-11
-6.3267044e-11
-6.3721591e-11
-6.238636e-11
-6.1193169e-11
-5.9289768e-11
-6.1647722e-11
-6.363636e-11
-6.3664768e-11
-6.2556814e-11
-6.0539768e-11
-5.9488629e-11
-6.4005676e-11
-6.1562491e-11
-6.230113e-11
-5.9062484e-11
-6.2244314e-11
-6.3039768e-11
-5.863636e-11
-6.2215906e-11
-6.2556807e-11
-5.9062491e-11
-5.801136e-11
-6.1505682e-11
-5.9460221e-11
-5.9687491e-11
-6.1874998e-11
-5.8778399e-11
-6.3124998e-11
-6.0624998e-11
-5.7329544e-11
-6.2727268e-11
-6.0823853e-11
-6.2244314e-11
-6.1363629e-11
-6.1306807e-11
-5.9431814e-11
-6.0767044e-11
-5.8892044e-11
-5.9147721e-11
-6.0994314e-11
-5.9857945e-11
-6.1903399e-11
-5.8607945e-11
-6.1647715e-11
-5.9999998e-11
-6.1136353e-11
-6.238636e-11
-6.1306814e-11
-6.1761353e-11
-6.0369314e-11
-6.2159083e-11
-5.9062498e-11
-6.0624998e-11
-6.2102268e-11
-6.1647722e-11
-6.0170445e-11
-6.2812491e-11
-6.0653406e-11
-5.8920452e-11
-5.7982952e-11
-6.238636e-11
-5.8409083e-11
-5.8181814e-11
-6.2130676e-11
-6.3267037e-11
-6.1789768e-11
-6.261363e-11
-5.9147721e-11
-6.1704537e-11
-6.0170452e-11
-6.0710222e-11
-5.9403399e-11
-6.0653406e-11
-6.1477275e-11
-6.2130676e-11
-6.0852261e-11
-5.9431814e-11
-6.1249998e-11
-6.2954537e-11
-5.9573853e-11
-5.9772715e-11
-6.332386e-11
-5.9914768e-11
-6.2755676e-11
-6.0255675e-11
-6.1534083e-11
-6.0795445e-11
-5.7897718e-11
-6.1335222e-11
-6.0653399e-11
-6.1164768e-11
-5.9147721e-11
-6.4715892e-11
-6.1306821e-11
-6.0255675e-11
-5.9460221e-11
-5.8210214e-11
-5.9147721e-11
-6.3948853e-11
-5.8920452e-11
-6.1477268e-11
-5.9062491e-11
-6.082386e-11
-6.232953e-11
-5.6846586e-11
-6.3039768e-11
-5.8579537e-11
-5.9062491e-11
-5.9090906e-11
-6.2784083e-11
-6.0909083e-11
-6.3323853e-11
-6.0397728e-11
-6.1960222e-11
-6.2471577e-11
-6.1249984e-11
-6.059659e-11
-5.6676129e-11
-6.1335215e-11
-6.2215899e-11
-6.0482945e-11
-6.1732952e-11
-5.9147728e-11
-5.9772715e-11
-6.113636e-11
-6.1164768e-11
-5.9062491e-11
-6.0454537e-11
-6.1249991e-11
-6.1534083e-11
-6.1903399e-11
-6.1732952e-11
-6.2499998e-11
-5.6931806e-11
-6.1818176e-11
-6.1022722e-11
-6.2755676e-11
-5.9857945e-11
-5.9829544e-11
-5.8892037e-11
-6.2585215e-11
-6.1505676e-11
-6.082386e-11
-6.0085222e-11
-6.0852261e-11
-6.1903399e-11
-6.076703e-11
-6.1335222e-11
-5.9914768e-11
-5.8920452e-11
-6.0937491e-11
-6.1789768e-11
-6.1079537e-11
-5.8210221e-11
-6.2528406e-11
-5.8835221e-11
-6.1534083e-11
-5.9744314e-11
-6.1420445e-11
-5.9403399e-11
-6.1789768e-11
-6.0767037e-11
-6.1562491e-11
-6.0454544e-11
-5.934659e-11
-6.1988623e-11
-5.8352267e-11
-5.8920452e-11
-6.0965899e-11
-5.9034083e-11
-6.1505676e-11
-5.8607945e-11
-6.0710222e-11
-6.082386e-11
-5.9460221e-11
-6.1136353e-11
-6.0340899e-11
-5.8977274e-11
-6.0767044e-11
-5.6136363e-11
-6.2642037e-11
-6.198863e-11
-5.8920445e-11
-6.0482952e-11
-5.8409083e-11
-6.1278406e-11
-5.7585218e-11
-6.1647722e-11
-6.1278399e-11
-6.0028399e-11
-6.0028399e-11
-6.0624991e-11
-6.3323853e-11
-5.7954534e-11
-5.9602268e-11
-6.3494314e-11
-6.0568175e-11
-5.9857945e-11
-6.1051129e-11
-5.7414771e-11
-6.059659e-11
-6.1903406e-11
-6.0142037e-11
-6.1278406e-11
-5.6647718e-11
-5.9744307e-11
-5.7443182e-11
-6.2755676e-11
-6.4431814e-11
-6.0852268e-11
-6.0227261e-11
-6.0482945e-11
-6.1590906e-11
-6.1420445e-11
-5.7613633e-11
-5.8835221e-11
-6.0284083e-11
-6.2329537e-11
-5.9232952e-11
-6.1505676e-11
-6.0113629e-11
-5.8267037e-11
-6.4573853e-11
-6.1704537e-11
-6.1789768e-11
-6.0994321e-11
-6.4517038e-11
-5.9261353e-11
-5.9801129e-11
-6.3607945e-11
-6.1818169e-11
-5.9119314e-11
-5.9346583e-11
-6.3352268e-11
-6.0568175e-11
-6.2414768e-11
-6.269886e-11
-6.2017037e-11
-6.0994314e-11
-5.9772721e-11
-6.1789768e-11
-6.1732945e-11
-6.1676129e-11
-6.0880676e-11
-5.9119314e-11
-6.238636e-11
-5.8664767e-11
-6.1676129e-11
-6.0511353e-11
-6.2755676e-11
-5.9289768e-11
-6.1193169e-11
-6.1051136e-11
-6.0397715e-11
-5.8409083e-11
-5.801136e-11
-6.1363629e-11
-5.8210221e-11
-6.0056807e-11
-6.184659e-11
-5.8522721e-11
-5.9659083e-11
-6.0852268e-11
-6.0142044e-11
-6.1249998e-11
-6.2073853e-11
-6.0340906e-11
-6.1704537e-11
-5.9602261e-11
-5.9573853e-11
-6.1136353e-11
-6.1249991e-11
-5.9630675e-11
-5.9914768e-11
-5.8607945e-11
-6.0710222e-11
-6.3210222e-11
-5.8778399e-11
-6.2982945e-11
-5.9943175e-11
-6.1420452e-11
-6.0795452e-11
-6.1249991e-11
-6.0795445e-11
-5.9545452e-11
-6.0823853e-11
-5.9630668e-11
-6.1789768e-11
-6.0227268e-11
-5.7130679e-11
-6.019886e-11
-5.9687491e-11
-6.0965899e-11
-6.207386e-11
-6.0454537e-11
-6.0397722e-11
-6.2045452e-11
-5.9715906e-11
-6.0681807e-11
-6.0738629e-11
-5.863636e-11
-6.2045452e-11
-6.0909083e-11
-5.8380675e-11
-6.0653399e-11
-5.676136e-11
-5.9602268e-11
-6.1647722e-11
-6.0738629e-11
-6.1619314e-11
-6.4147715e-11
-5.9488629e-11
-5.8380675e-11
-6.1306821e-11
-6.0880669e-11
-5.7613626e-11
-6.2840906e-11
-5.8096583e-11
-5.9403399e-11
-6.3437484e-11
-5.9545452e-11
-5.7954534e-11
-6.2869307e-11
-6.2982945e-11
-6.1903406e-11
-5.9346583e-11
-6.0028406e-11
-6.0823853e-11
-6.0795445e-11
-6.051136e-11
-6.2272715e-11
-6.1335222e-11
-5.8948853e-11
-6.0426129e-11
-5.5596583e-11
-5.9545452e-11
-6.1676129e-11
-6.1960215e-11
-6.2784083e-11
-5.4999994e-11
-6.1903399e-11
-6.0823853e-11
-6.0624998e-11
-6.1051129e-11
-5.9630682e-11
-5.8096583e-11
-6.1704537e-11
-6.0880682e-11
-5.9971583e-11
-5.9261353e-11
-5.9147721e-11
-5.9289768e-11
-6.1647715e-11
-5.9403413e-11
-5.9715906e-11
-6.1022715e-11
-6.1392044e-11
-6.1477268e-11
-6.1164768e-11
-6.0994314e-11
-6.0170452e-11
-6.238636e-11
-6.1392037e-11
-6.3551137e-11
-6.0227261e-11
-6.2585222e-11
-6.0738629e-11
-6.0198853e-11
-6.1534083e-11
-6.0284083e-11
-6.0738629e-11
-6.0710222e-11
-6.3721584e-11
-6.1676136e-11
-6.0454544e-11
-6.2386353e-11
-5.6278402e-11
-6.1107945e-11
-6.0568169e-11
-6.0028399e-11
-6.2812498e-11
-6.0198853e-11
-5.9744321e-11
-6.1534083e-11
-5.8977268e-11
-6.076703e-11
-6.0738622e-11
-5.8778399e-11
-6.0198853e-11
-6.1278399e-11
-6.1363623e-11
-6.0340899e-11
-5.8835221e-11
-5.8835221e-11
-5.8437498e-11
-6.1448853e-11
-5.9659083e-11
-6.1534083e-11
-6.2954537e-11
-6.1022715e-11
-5.9147728e-11
-6.0965899e-11
-6.1534083e-11
-5.7301133e-11
-5.7215909e-11
-5.9943168e-11
-5.9176129e-11
-6.1505676e-11
-6.019886e-11
-6.0028399e-11
-5.8352261e-11
-6.3636367e-11
-6.0227268e-11
-6.0653399e-11
-5.7471583e-11
-6.3039768e-11
-5.9687498e-11
-5.9801136e-11
-6.1789768e-11
-6.0312484e-11
-5.8011353e-11
-5.957386e-11
-5.926136e-11
-6.1164768e-11
-6.0482945e-11
-5.9801136e-11
-6.0255675e-11
-5.9289768e-11
-5.9318175e-11
-5.5965902e-11
-5.8920445e-11
-6.0113622e-11
-5.676136e-11
-6.1051129e-11
-5.9232945e-11
-5.9914768e-11
-6.2272722e-11
-5.9090906e-11
-5.9857952e-11
-5.9914768e-11
-5.9914768e-11
-6.1107945e-11
-6.2329537e-11
-5.9687491e-11
-5.9204537e-11
-6.1704537e-11
-6.0340899e-11
-6.0085222e-11
-6.1249998e-11
-5.6846583e-11
-6.0880682e-11
-6.1676129e-11
-5.7642037e-11
-6.3323853e-11
-5.9602275e-11
-6.2414768e-11
-5.9715899e-11
-6.0937498e-11
-5.863636e-11
-6.0909083e-11
-5.7585218e-11
-5.8835221e-11
-5.9119314e-11
-6.0113629e-11
-5.8749998e-11
-6.0852261e-11
-6.1448853e-11
-6.1761353e-11
-6.3124998e-11
-5.7784087e-11
-5.9374998e-11
-5.9602268e-11
-5.9857945e-11
-5.8153402e-11
-6.0852261e-11
-5.9602268e-11
-5.6477267e-11
-5.6704533e-11
-6.2670452e-11
-5.7869317e-11
-6.076703e-11
-6.0710222e-11
-5.7045445e-11
-5.9062498e-11
-6.0198853e-11
-5.9460221e-11
-6.1903406e-11
-5.7414764e-11
-6.1193169e-11
-6.1562491e-11
-5.997159e-11
-6.0312491e-11
-5.7954534e-11
-5.7272721e-11
-5.786931e-11
-6.1619314e-11
-6.2102268e-11
-5.8835221e-11
-5.9857945e-11
-5.9999991e-11
-6.1392037e-11
-6.0426129e-11
-5.8806814e-11
-6.1193169e-11
-5.8579537e-11
-6.0056807e-11
-5.9772728e-11
-6.1051136e-11
-6.0795445e-11
-6.0653413e-11
-5.5653402e-11
-6.1562491e-11
-6.3693176e-11
-5.7698856e-11
-6.0085222e-11
-6.3380676e-11
-6.1590906e-11
-6.2642037e-11
-6.2329537e-11
-6.0056807e-11
-6.1704537e-11
-6.3295445e-11
-6.2187484e-11
-6.2414768e-11
-6.0852268e-11
-6.1392037e-11
-6.3437491e-11
-5.8892037e-11
-6.2812491e-11
-6.0994314e-11
-6.0681821e-11
-6.3181814e-11
-6.0482945e-11
-6.1562491e-11
-6.2102261e-11
-6.1363629e-11
-6.2727268e-11
-6.363636e-11
-6.1562498e-11
-5.6960218e-11
-6.0511346e-11
-6.1846583e-11
-6.0994314e-11
-6.0710222e-11
-5.9147715e-11
-6.0085222e-11
-6.1363629e-11
-5.8124991e-11
-6.1306814e-11
-5.8607945e-11
-6.2130676e-11
-6.0284083e-11
-6.0624998e-11
-5.9232945e-11
-6.2244314e-11
-6.1221576e-11
-6.0255682e-11
-5.8920445e-11
-6.3920452e-11
-5.863636e-11
-6.0482945e-11
-6.2102268e-11
-6.0340899e-11
-6.1704544e-11
-5.7840902e-11
-6.2585222e-11
-6.1193169e-11
-5.8181807e-11
-6.292613e-11
-6.051136e-11
-5.894886e-11
-6.0085222e-11
-5.9005675e-11
-5.9943182e-11
-5.8920445e-11
-5.7443175e-11
-5.9630668e-11
-6.1164761e-11
-5.8863629e-11
-5.7642044e-11
-5.9630675e-11
-5.9829544e-11
-6.0795452e-11
-5.8863629e-11
-5.7528402e-11
-5.9914768e-11
-6.1534083e-11
-5.9431807e-11
-6.0340899e-11
-6.2045452e-11
-5.9943175e-11
-5.9857945e-11
-5.8664767e-11
-6.1079537e-11
-5.9232952e-11
-6.2585222e-11
-5.9090906e-11
-5.6420445e-11
-6.0738629e-11
-5.8039771e-11
-6.0255675e-11
-5.7272728e-11
-5.8124994e-11
-6.1420452e-11
-6.0511353e-11
-5.8267044e-11
-5.8778406e-11
-5.7670448e-11
-6.0823853e-11
-6.0142044e-11
-6.1022715e-11
-6.051136e-11
-5.9687491e-11
-5.9034083e-11
-5.7414764e-11
-5.957386e-11
-6.0454544e-11
-5.8607952e-11
-6.1505676e-11
-5.8068182e-11
-6.0142037e-11
-6.0255682e-11
-6.0937491e-11
-5.9119314e-11
-6.0767037e-11
-5.9886353e-11
-6.0568169e-11
-6.0227261e-11
-6.2670445e-11
-6.1249998e-11
-6.1704537e-11
-6.0255675e-11
-5.9886353e-11
-6.2727261e-11
-6.2585222e-11
-6.3096584e-11
-5.9943168e-11
-5.6392044e-11
-6.0624998e-11
-5.94318e-11
-6.0113629e-11
-5.9005682e-11
-6.1164768e-11
-6.1647722e-11
-6.0426122e-11
-5.8238629e-11
-5.926136e-11
-5.8920445e-11
-6.0539761e-11
-5.926136e-11
-5.9488629e-11
-6.0426129e-11
-6.0539775e-11
-5.863636e-11
-5.9999998e-11
-5.9630675e-11
-6.0710222e-11
-6.2471583e-11
-5.8892037e-11
-5.5284086e-11
-5.9346583e-11
-6.3977261e-11
-5.8721583e-11
-6.2840906e-11
-5.9772715e-11
-5.9687491e-11
-5.778408e-11
-5.9232945e-11
-6.1136353e-11
-6.1619314e-11
-6.0823853e-11
-6.1193176e-11
-6.1107945e-11
-6.0454537e-11
-5.8721583e-11
-5.9062498e-11
-6.0085222e-11
-5.8409083e-11
-6.0681814e-11
-5.7357952e-11
-6.0823853e-11
-5.9289768e-11
-5.7812498e-11
-5.9659083e-11
-5.9318175e-11
-6.0198853e-11
-6.0369314e-11
-5.9801129e-11
-6.0937498e-11
-5.7982948e-11
-6.0198853e-11
-6.0909083e-11
-5.8664767e-11
-6.1022715e-11
-5.9090906e-11
-5.9062491e-11
-6.0965899e-11
-6.0994314e-11
-6.2499998e-11
-5.9545452e-11
-6.0113629e-11
-6.0795452e-11
-6.0482952e-11
-5.9232945e-11
-5.7045455e-11
-6.2528399e-11
-5.9431807e-11
-5.5909086e-11
-6.2585215e-11
-5.8778399e-11
-5.8806814e-11
-6.0142037e-11
-5.926136e-11
-6.1363629e-11
-5.7897721e-11
-5.9034083e-11
-5.988636e-11
-5.801136e-11
-6.1079537e-11
-5.7897718e-11
-5.9460215e-11
-5.7443175e-11
-6.1789768e-11
-6.0170438e-11
-5.8267037e-11
-6.1079537e-11
-5.7556817e-11
-6.0937491e-11
-5.9744314e-11
-5.6022728e-11
-6.1818176e-11
-6.0596583e-11
-6.1051129e-11
-6.1335222e-11
-5.894886e-11
-5.9801129e-11
-5.6732948e-11
-6.1789768e-11
-6.0937498e-11
-5.9545452e-11
-5.9772728e-11
-5.8920445e-11
-6.1562491e-11
-6.0397715e-11
-5.9545445e-11
-5.9914768e-11
-5.9147721e-11
-6.1818176e-11
-6.1960222e-11
-6.0738629e-11
-5.8409083e-11
-5.7443172e-11
-6.0454544e-11
-6.1306807e-11
-5.5198856e-11
-6.0198853e-11
-5.9403399e-11
-6.1704537e-11
-6.0767037e-11
-5.8352261e-11
-6.0909083e-11
-5.9090899e-11
-5.8778399e-11
-6.0085222e-11
-5.9659083e-11
-5.9318175e-11
-6.2556807e-11
-5.8749998e-11
-5.9517044e-11
-6.3607945e-11
-5.9374991e-11
-5.7528402e-11
-5.8977268e-11
-5.9147715e-11
-6.0284083e-11
-5.9943175e-11
-6.0397722e-11
-5.9715899e-11
-5.9005682e-11
-5.8039764e-11
-6.1079537e-11
-6.0340899e-11
-5.801136e-11
-6.0369314e-11
-5.9943182e-11
-5.9204537e-11
-5.8749998e-11
-5.6988633e-11
-5.7670448e-11
-5.9971583e-11
-5.9090906e-11
-6.0653399e-11
-6.0681814e-11
-6.1221576e-11
-5.7840902e-11
-5.9659083e-11
-6.1051122e-11
-5.6789771e-11
-6.1477261e-11
-6.4147715e-11
-5.8664767e-11
-6.0681807e-11
-6.2670445e-11
-6.0369314e-11
-6.0909083e-11
-5.7329533e-11
-6.1335222e-11
-6.2159083e-11
-6.0795452e-11
-6.0284083e-11
-5.7329544e-11
-6.2642044e-11
-6.2187491e-11
-6.2443169e-11
-5.7017037e-11
-6.2727268e-11
-5.9829537e-11
-6.0653399e-11
-6.1676123e-11
-5.9460215e-11
-6.0511353e-11
-6.238636e-11
-6.113636e-11
-6.0426136e-11
-6.1590899e-11
-5.9659083e-11
-5.9857945e-11
-5.7528406e-11
-6.3892044e-11
-6.0397715e-11
-6.051136e-11
-5.7755675e-11
-5.8352267e-11
-6.0170445e-11
-5.8068172e-11
-6.113636e-11
-5.8068172e-11
-6.0227268e-11
-5.8409083e-11
-6.0539768e-11
-6.0198853e-11
-5.8607945e-11
-5.7869307e-11
-6.1960222e-11
-5.6249994e-11
-6.0340899e-11
-6.0710222e-11
-6.0965899e-11
-5.7471587e-11
-5.6789764e-11
-5.8977268e-11
-5.7840909e-11
-5.9062491e-11
-5.8749998e-11
-5.7102267e-11
-5.676136e-11
-5.4517044e-11
-5.8437498e-11
-6.3124998e-11
-5.6278402e-11
-6.122159e-11
-5.6789764e-11
-6.1846583e-11
-6.261363e-11
-5.8778399e-11
-6.1249991e-11
-5.926136e-11
-5.9573853e-11
-5.6136363e-11
-6.1732952e-11
-5.7755675e-11
-5.7357948e-11
-5.8352274e-11
-5.9857952e-11
-6.0085222e-11
-6.0397722e-11
-6.0113622e-11
-5.8749998e-11
-5.7301129e-11
-5.8267044e-11
-5.8721583e-11
-6.0113629e-11
-5.8749998e-11
-5.9403399e-11
-6.1704537e-11
-6.1420452e-11
-5.9147728e-11
-5.6505675e-11
-5.9119314e-11
-6.0056807e-11
-5.9943175e-11
-6.0085222e-11
-5.8863629e-11
-6.0056807e-11
-5.8948853e-11
-5.9801129e-11
-6.261363e-11
-6.0227261e-11
-6.1051129e-11
-6.051136e-11
-5.6903402e-11
-6.1051136e-11
-5.9090899e-11
-6.051136e-11
-6.1022715e-11
-5.8380675e-11
-5.8920452e-11
-5.997159e-11
-6.0795452e-11
-5.732954e-11
-5.9034083e-11
-6.2727268e-11
-6.1022722e-11
-6.2698853e-11
-5.8551129e-11
-5.6960218e-11
-6.0482952e-11
-5.9772715e-11
-6.0227268e-11
-5.769886e-11
-6.1562491e-11
-5.8778406e-11
-5.7130679e-11
-6.0539761e-11
-5.9857945e-11
-5.8721583e-11
-6.1221583e-11
-6.1107945e-11
-5.7528402e-11
-5.9090906e-11
-5.9971583e-11
-5.9318175e-11
-5.9374998e-11
-5.8778406e-11
-5.9460221e-11
-6.0852268e-11
-5.9204537e-11
-5.9517044e-11
-6.1676129e-11
-5.6306813e-11
-6.082386e-11
-6.1477261e-11
-6.1448853e-11
-6.0198853e-11
-5.9062498e-11
-5.9460221e-11
-6.0056807e-11
-5.9517037e-11
-5.7471587e-11
-5.8977268e-11
-5.7926129e-11
-5.9204537e-11
-6.0426129e-11
-6.0198853e-11
-6.0653399e-11
-5.9573853e-11
-6.0454537e-11
-5.9119314e-11
-6.0227275e-11
-5.9431814e-11
-6.2727268e-11
-6.1619314e-11
-6.2102261e-11
-5.9772721e-11
-6.2272715e-11
-5.8352267e-11
-5.8664767e-11
-5.8863629e-11
-6.1278406e-11
-5.8295452e-11
-6.3068169e-11
-6.0056807e-11
-5.7897721e-11
-5.8749998e-11
-5.988636e-11
-5.997159e-11
-6.0681807e-11
-5.9289768e-11
-6.261363e-11
-6.0312491e-11
-5.6732941e-11
-6.0681814e-11
-5.8835214e-11
-5.8267044e-11
-6.1249998e-11
-6.0284083e-11
-6.0710222e-11
-5.9715899e-11
-6.1392037e-11
-6.0056807e-11
-6.0056814e-11
-5.9829537e-11
-6.0170452e-11
-6.0284083e-11
-5.732954e-11
-5.8323853e-11
-5.8494314e-11
-5.9829537e-11
-5.8892037e-11
-5.9914768e-11
-5.9488636e-11
-6.2812498e-11
-5.9431814e-11
-6.1931807e-11
-5.8437498e-11
-5.8892037e-11
-6.1335222e-11
-6.1505676e-11
-6.0397715e-11
-5.9857952e-11
-5.7698856e-11
-5.7357948e-11
-6.0284083e-11
-6.0852268e-11
-5.7727264e-11
-6.6477261e-11
-6.1562484e-11
-5.7215899e-11
-6.4772722e-11
-5.6221583e-11
-5.9772721e-11
-5.8693168e-11
-5.9715906e-11
-5.7471583e-11
-6.0653399e-11
-6.1079537e-11
-5.9829537e-11
-5.9687491e-11
-6.0624991e-11
-5.9545452e-11
-5.6789771e-11
-5.7073856e-11
-5.9517044e-11
-6.3295445e-11
-5.7812498e-11
-5.9687491e-11
-6.0454537e-11
-6.1590899e-11
-6.3409084e-11
-5.9943175e-11
-5.8664767e-11
-6.0539768e-11
-5.7926133e-11
-6.0227268e-11
-6.3181814e-11
-6.1960222e-11
-5.7102267e-11
-5.8579537e-11
-5.926136e-11
-5.6448856e-11
-6.0568169e-11
-6.144886e-11
-6.139203e-11
-6.0767037e-11
-5.9829537e-11
-5.8352267e-11
-5.9204537e-11
-5.7357948e-11
-6.3181814e-11
-5.7528402e-11
-6.1249998e-11
-5.9346583e-11
-6.0227268e-11
-6.2670452e-11
-5.8778406e-11
-6.261363e-11
-6.0454537e-11
-6.0426129e-11
-5.8693168e-11
-6.1107945e-11
-5.7045448e-11
-6.0568169e-11
-6.2215906e-11
-6.1676129e-11
-5.8920445e-11
-5.9943175e-11
-6.0113629e-11
-6.1874984e-11
-6.1392044e-11
-6.0681807e-11
-5.9289768e-11
-6.1647715e-11
-6.2017037e-11
-5.9857945e-11
-5.8892037e-11
-5.5596586e-11
-5.7926129e-11
-6.2585222e-11
-5.8835221e-11
-5.6079544e-11
-5.9034083e-11
-6.1534083e-11
-5.8039764e-11
-5.8835221e-11
-5.5397721e-11
-5.9801129e-11
-5.9119314e-11
-6.0028399e-11
-5.732954e-11
-5.9573853e-11
-5.8494314e-11
-5.8096583e-11
-5.7897721e-11
-5.9715906e-11
-5.8352261e-11
-6.2215899e-11
-5.7471583e-11
-5.8267037e-11
-5.9374998e-11
-5.5227267e-11
-5.7840902e-11
-5.8465906e-11
-5.9602261e-11
-6.0937491e-11
-5.8664767e-11
-6.1079537e-11
-6.0681814e-11
-6.0767044e-11
-5.7869317e-11
-5.9232952e-11
-5.9914768e-11
-6.0539761e-11
-6.1306814e-11
-5.9545452e-11
-5.8437491e-11
-5.9318175e-11
-5.8437491e-11
-5.7045448e-11
-5.9801136e-11
-5.7954534e-11
-5.9772715e-11
-6.0738629e-11
-6.019886e-11
-5.8749998e-11
-5.6477271e-11
-6.0539761e-11
-5.8465899e-11
-5.8267037e-11
-6.1931814e-11
-5.7869317e-11
-5.9545452e-11
-6.0965899e-11
-5.8238629e-11
-6.0227261e-11
-5.9403399e-11
-5.8295445e-11
-5.9630675e-11
-5.8835221e-11
-6.0426129e-11
-5.9517044e-11
-6.2301136e-11
-5.9857952e-11
-5.7727267e-11
-5.9886346e-11
-5.9829537e-11
-6.0937491e-11
-6.2698853e-11
-5.9005682e-11
-6.2499991e-11
-5.6789764e-11
-5.9034083e-11
-6.176136e-11
-5.7926129e-11
-5.9602275e-11
-5.9403406e-11
-5.8039771e-11
-6.1249991e-11
-6.0624998e-11
-6.0170452e-11
-6.1249998e-11
-5.6846586e-11
-6.1647722e-11
-6.0397715e-11
-6.1647715e-11
-6.0823853e-11
-6.0113629e-11
-5.9943168e-11
-5.863636e-11
-5.8749998e-11
-6.1193169e-11
-5.894886e-11
-5.6363633e-11
-6.1619314e-11
-6.198863e-11
-5.9772715e-11
-6.1249991e-11
-6.1477261e-11
-6.1022722e-11
-6.176136e-11
-6.0028406e-11
-5.9204537e-11
-5.8749998e-11
-5.6221583e-11
-6.292613e-11
-6.1278406e-11
-5.8039764e-11
-6.0823853e-11
-5.7982952e-11
-6.1477261e-11
-5.9460221e-11
-5.9687491e-11
-5.9318168e-11
-5.8892037e-11
-6.3806814e-11
-5.8835221e-11
-5.9289768e-11
-5.661931e-11
-5.6846586e-11
-6.1818176e-11
-6.0568175e-11
-6.0056814e-11
-6.1278399e-11
-6.0056807e-11
-5.8522714e-11
-5.9431814e-11
-6.0028406e-11
-5.9715899e-11
-6.1022722e-11
-6.2812498e-11
-6.0994314e-11
-5.9119314e-11
-6.0227275e-11
-6.0511353e-11
-5.769886e-11
-5.9403406e-11
-6.2045445e-11
-5.7556813e-11
-6.1164768e-11
-5.9943175e-11
-5.934659e-11
-6.1818176e-11
-5.8693168e-11
-5.9147721e-11
-5.9744314e-11
-6.0170445e-11
-5.7755675e-11
-6.0539768e-11
-5.9232952e-11
-5.9261353e-11
-6.1221576e-11
-6.0880669e-11
-6.0482945e-11
-6.0113629e-11
-6.0142044e-11
-5.6931817e-11
-5.9460221e-11
-6.1477268e-11
-6.230113e-11
-6.051136e-11
-6.0340906e-11
-6.0767037e-11
-5.801136e-11
-5.9318182e-11
-6.0397728e-11
-6.0312498e-11
-5.9801136e-11
-6.1420452e-11
-5.6534086e-11
-6.4659084e-11
-6.0454537e-11
-5.9715906e-11
-5.832386e-11
-6.1818183e-11
-5.9801129e-11
-5.9971576e-11
-6.0624998e-11
-6.1193169e-11
-5.9744314e-11
-5.9857945e-11
-5.9261367e-11
-5.8494314e-11
-5.707386e-11
-6.1590906e-11
-6.2244314e-11
-5.8522714e-11
-6.3522722e-11
-6.2130683e-11
-6.0994314e-11
-6.0767037e-11
-6.0312498e-11
-5.9517037e-11
-5.7982948e-11
-5.926136e-11
-6.2130669e-11
-6.0056814e-11
-6.1534083e-11
-6.0568175e-11
-6.1164761e-11
-6.1335222e-11
-5.6420448e-11
-5.9289761e-11
-6.269886e-11
-5.9517037e-11
-6.0142044e-11
-6.1534083e-11
-6.0596576e-11
-6.1278399e-11
-5.9687491e-11
-5.9460221e-11
-5.8778406e-11
-5.9602261e-11
-5.988636e-11
-6.2329537e-11
-5.9801129e-11
-5.951703e-11
-5.7159086e-11
-6.0312491e-11
-5.9460221e-11
-5.8494314e-11
-5.724431e-11
-6.2471577e-11
-6.1988636e-11
-5.9715906e-11
-6.051136e-11
-5.9147721e-11
-6.0028399e-11
-6.1477261e-11
-6.323863e-11
-6.0852261e-11
-5.9715906e-11
-6.0085222e-11
-5.8920452e-11
-5.9772721e-11
-6.0710222e-11
-5.8409083e-11
-5.9431814e-11
-5.8863629e-11
-6.0539768e-11
-6.1874998e-11
-5.8323853e-11
-5.9261367e-11
-5.8778406e-11
-6.0795445e-11
-6.1676129e-11
-5.6392037e-11
-5.9914768e-11
-5.7812491e-11
-5.7471583e-11
-5.9687491e-11
-6.0113629e-11
-5.9999991e-11
-5.9602268e-11
-6.1960222e-11
-5.7897718e-11
-5.9630675e-11
-6.0397728e-11
-5.9999991e-11
-6.1846576e-11
-5.9687491e-11
-5.8295452e-11
-6.2784083e-11
-6.0767037e-11
-5.9090899e-11
-6.0710222e-11
-6.0965899e-11
-6.0142044e-11
-5.9147721e-11
-5.7301129e-11
-5.9971583e-11
-6.0454537e-11
-5.957386e-11
-6.198863e-11
-5.9630682e-11
-6.1107945e-11
-5.7556813e-11
-6.201703e-11
-5.8977274e-11
-5.9403406e-11
-6.2926137e-11
-5.8806814e-11
-5.9204537e-11
-5.840909e-11
-5.7272728e-11
-6.3835222e-11
-5.8920452e-11
-5.9403399e-11
-5.9602268e-11
-5.8892044e-11
-5.9715906e-11
-6.0624991e-11
-5.7556813e-11
-6.1846583e-11
-5.7471587e-11
-6.0284083e-11
-6.0056814e-11
-6.0909083e-11
-5.9261353e-11
-6.107953e-11
-6.0170452e-11
-5.9346583e-11
-5.9772721e-11
-5.7528402e-11
-5.9602261e-11
-6.0369314e-11
-5.7528402e-11
-5.8210214e-11
-5.8693175e-11
-5.8806814e-11
-5.8607945e-11
-5.7443175e-11
-5.7869317e-11
-6.3295445e-11
-5.732954e-11
-5.8039764e-11
-6.0767037e-11
-5.7755679e-11
-5.8153402e-11
-6.2187491e-11
-5.9573853e-11
-6.0738629e-11
-5.9772715e-11
-6.0255675e-11
-6.0653406e-11
-5.8437491e-11
-5.7755675e-11
-5.9289768e-11
-6.0255675e-11
-5.9204544e-11
-6.0284083e-11
-5.8806807e-11
-6.261363e-11
-6.0909083e-11
-5.9488629e-11
-5.9346576e-11
-5.6988626e-11
-5.8011353e-11
-5.8778399e-11
-5.8778399e-11
-5.9573853e-11
-5.6278402e-11
-5.8551129e-11
-6.0142037e-11
-5.9687498e-11
-5.9460221e-11
-6.0482945e-11
-5.9772721e-11
-5.9801122e-11
-5.9403399e-11
-6.2642044e-11
-5.6704533e-11
-5.7471583e-11
-6.1249998e-11
-5.8068175e-11
-5.6903402e-11
-6.0227261e-11
-5.5369317e-11
-5.9318168e-11
-5.926136e-11
-5.8835221e-11
-6.2017037e-11
-5.9090906e-11
-5.8693175e-11
-5.9374998e-11
-6.0142037e-11
-6.0539768e-11
-6.0482945e-11
-5.7073856e-11
-5.7897721e-11
-6.0028406e-11
-5.7897721e-11
-6.0142037e-11
-5.9744314e-11
-5.9517037e-11
-5.872159e-11
-5.9602268e-11
-5.8039771e-11
-6.0681814e-11
-5.889203e-11
-6.0227268e-11
-6.1249991e-11
-5.9772721e-11
-6.2499998e-11
-5.9829537e-11
-5.8693175e-11
-5.8835221e-11
-5.8749998e-11
-6.2073853e-11
-5.8210221e-11
-6.0596583e-11
-5.9289768e-11
-5.8749998e-11
-6.0426136e-11
-6.1562491e-11
-6.1818176e-11
-5.9261367e-11
-5.8352261e-11
-6.2670452e-11
-5.7784087e-11
-5.9857945e-11
-5.9119314e-11
-5.8749998e-11
-5.9914768e-11
-5.786931e-11
-5.7642037e-11
-6.0624998e-11
-5.7130679e-11
-5.9801136e-11
-6.0994321e-11
-6.1107945e-11
-5.9715906e-11
-5.9573853e-11
-6.0056807e-11
-6.0085222e-11
-6.184659e-11
-5.8181814e-11
-6.0795452e-11
-5.9886353e-11
-5.9403406e-11
-6.1363636e-11
-5.7642037e-11
-6.0056814e-11
-5.9062505e-11
-6.0312491e-11
-5.8636367e-11
-5.9602268e-11
-5.926136e-11
-5.5852264e-11
-5.9119307e-11
-6.3096584e-11
-5.5426132e-11
-6.0085222e-11
-6.0539768e-11
-5.8778406e-11
-5.9630675e-11
-5.8977261e-11
-5.6960218e-11
-6.1477268e-11
-5.6420445e-11
-6.2642037e-11
-5.9176129e-11
-5.8778406e-11
-5.778408e-11
-5.8068172e-11
-5.9857945e-11
-6.1079537e-11
-6.2244314e-11
-6.1647715e-11
-5.9602268e-11
-6.198863e-11
-5.6874991e-11
-6.2215906e-11
-6.2499998e-11
-6.051136e-11
-6.1534083e-11
-5.7357948e-11
-5.8352261e-11
-5.9772721e-11
-5.7187491e-11
-5.7642037e-11
-5.8607952e-11
-6.1221576e-11
-6.1477268e-11
-6.0852261e-11
-6.3380683e-11
-5.8380675e-11
-5.7357952e-11
-6.1164768e-11
-5.9488629e-11
-6.3749998e-11
-5.9488629e-11
-5.8465906e-11
-6.0113629e-11
-6.0568175e-11
-5.8551129e-11
-5.8181814e-11
-6.1704537e-11
-6.0539768e-11
-5.795454e-11
-6.2982945e-11
-5.7812491e-11
-5.7982952e-11
-5.8806814e-11
-6.0852261e-11
-5.9090906e-11
-6.0085222e-11
-5.9119314e-11
-5.9659083e-11
-5.9431821e-11
-5.9659083e-11
-5.6818172e-11
-5.8465906e-11
-5.9119314e-11
-5.9119307e-11
-6.4318176e-11
-6.0312491e-11
-5.7556817e-11
-5.9829537e-11
-5.6363633e-11
-5.6079533e-11
-6.1392037e-11
-5.8124991e-11
-5.6647728e-11
-6.1420452e-11
-6.1306814e-11
-6.1136367e-11
-5.7897718e-11
-6.2215899e-11
-6.0539768e-11
-6.0937491e-11
-6.0312484e-11
-6.0767037e-11
-5.6846583e-11
-5.9630675e-11
-5.9772715e-11
-6.0142037e-11
-6.0255675e-11
-6.1761353e-11
-5.8210221e-11
-5.8920445e-11
-6.2187498e-11
-5.482954e-11
-6.0312484e-11
-5.9801129e-11
-5.8693175e-11
-5.7585225e-11
-5.8806814e-11
-6.0738629e-11
-5.8693182e-11
-5.8892044e-11
-5.8437491e-11
-5.9460221e-11
-5.8039771e-11
-6.0681807e-11
-6.2272722e-11
-5.7840902e-11
-5.7386353e-11
-6.1306814e-11
-6.1818183e-11
-6.1931814e-11
-6.1676136e-11
-6.0113629e-11
-6.1051129e-11
-5.7329533e-11
-5.9687498e-11
-5.8892044e-11
-5.8607952e-11
-5.7982952e-11
-5.9460221e-11
-6.3664768e-11
-6.0710222e-11
-6.1164761e-11
-5.9772721e-11
-6.2187491e-11
-6.0369314e-11
-6.207386e-11
-6.0454537e-11
-5.6534086e-11
-5.8409083e-11
-6.0340906e-11
-5.8721576e-11
-6.1278399e-11
-6.0312491e-11
-6.0965906e-11
-6.1903406e-11
-6.1477261e-11
-5.9346583e-11
-5.9772721e-11
-5.8977261e-11
-5.7215902e-11
-5.9602261e-11
-5.9857945e-11
-5.7840902e-11
-6.0397715e-11
-6.0710222e-11
-5.8664767e-11
-6.0397715e-11
-5.9602268e-11
-5.8835221e-11
-6.0312505e-11
-6.2215899e-11
-5.7982948e-11
-6.0937498e-11
-5.8806807e-11
-6.0028399e-11
-6.0965906e-11
-5.8011353e-11
-5.9318182e-11
-5.6477267e-11
-5.7556807e-11
-6.1619314e-11
-5.9374991e-11
-5.9289768e-11
-5.8920452e-11
-6.0454537e-11
-5.926136e-11
-6.0170445e-11
-5.9602268e-11
-5.9772721e-11
-5.9119314e-11
-5.795454e-11
-6.1420452e-11
-6.0880669e-11
-5.8096587e-11
-5.9857952e-11
-5.8551129e-11
-5.778408e-11
-6.4999998e-11
-5.9573853e-11
-6.0738629e-11
-6.0227268e-11
-5.9630682e-11
-6.0142037e-11
-5.863636e-11
-5.8181814e-11
-5.7073849e-11
-6.0113629e-11
-5.7499994e-11
-6.0653399e-11
-6.1732945e-11
-6.1278399e-11
-5.9062491e-11
-6.1107945e-11
-5.7045455e-11
-6.2556807e-11
-6.0482945e-11
-5.8039764e-11
-6.0767037e-11
-6.1363629e-11
-6.0568182e-11
-5.9573853e-11
-6.2982952e-11
-6.0539768e-11
-5.9715899e-11
-6.0227268e-11
-6.0653399e-11
-6.1136353e-11
-5.7357948e-11
-6.0085222e-11
-6.0880669e-11
-6.059659e-11
-6.0653399e-11
-6.0198853e-11
-5.8948853e-11
-5.9801129e-11
-5.9857945e-11
-5.9914768e-11
-5.9857945e-11
-6.0284083e-11
-6.3380683e-11
-5.9517044e-11
-5.5738632e-11
-6.1562484e-11
-5.8181814e-11
-5.9374998e-11
-5.7670448e-11
-5.894886e-11
-5.9999998e-11
-6.1960222e-11
-5.7926129e-11
-5.6164764e-11
-5.8210221e-11
-5.9829537e-11
-5.9005675e-11
-6.0085222e-11
-6.0113629e-11
-6.1193169e-11
-5.9403406e-11
-5.9034083e-11
-5.8494314e-11
-5.9630675e-11
-6.3124998e-11
-5.7755675e-11
-5.9772721e-11
-6.3636353e-11
-5.607954e-11
-6.1590906e-11
-5.8835214e-11
-6.0397722e-11
-6.0113636e-11
-5.7159086e-11
-5.670454e-11
-6.0170452e-11
-6.1505676e-11
-5.8749998e-11
-6.1761367e-11
-6.2045452e-11
-6.2017044e-11
-5.8892037e-11
-6.0852268e-11
-6.0227275e-11
-5.826703e-11
-5.934659e-11
-6.176136e-11
-6.1079537e-11
-5.7102267e-11
-5.840909e-11
-6.1789768e-11
-5.988636e-11
-6.0880669e-11
-5.8579537e-11
-5.8892037e-11
-6.2982945e-11
-6.176136e-11
-5.9374998e-11
-6.1306814e-11
-6.0823853e-11
-5.8465906e-11
-5.8863636e-11
-6.2386353e-11
-5.9318175e-11
-6.0142044e-11
-6.0596583e-11
-6.0710215e-11
-5.801136e-11
-5.9659083e-11
-5.920453e-11
-6.1534083e-11
-6.1846583e-11
-6.1931807e-11
-6.0312484e-11
-6.1619314e-11
-6.0482945e-11
-6.323863e-11
-6.2187491e-11
-5.7329533e-11
-6.0624991e-11
-6.2244314e-11
-5.7443175e-11
-6.2329537e-11
-5.6420448e-11
-5.6022721e-11
-6.1278399e-11
-5.6306813e-11
-6.1448853e-11
-5.9857945e-11
-5.8721583e-11
-6.3267037e-11
-6.0255682e-11
-6.0482952e-11
-6.0426129e-11
-5.7982952e-11
-6.3494314e-11
-5.9176122e-11
-5.934659e-11
-5.9232945e-11
-5.8607945e-11
-6.0085215e-11
-6.0482945e-11
-6.3068176e-11
-5.9687491e-11
-5.9374998e-11
-6.019886e-11
-5.9374991e-11
-5.7102267e-11
-5.9374998e-11
-5.965909e-11
-5.6136359e-11
-5.9431814e-11
-6.0312498e-11
-6.1335215e-11
-6.1249998e-11
-5.8749998e-11
-5.545454e-11
-5.9346583e-11
-5.8494314e-11
-5.9687491e-11
-5.7613633e-11
-6.082386e-11
-5.8920452e-11
-5.7357948e-11
-5.6761363e-11
-5.9630682e-11
-6.1590906e-11
-5.9318175e-11
-6.0170452e-11
-5.8494314e-11
-5.8664767e-11
-6.0113629e-11
-6.122159e-11
-5.9886353e-11
-6.0340899e-11
-6.1249998e-11
-6.1818169e-11
-6.0624998e-11
-5.9801122e-11
-5.9772721e-11
-5.8124991e-11
-5.9147721e-11
-6.0340906e-11
-5.7869317e-11
-5.8806814e-11
-5.9403399e-11
-5.7727271e-11
-6.2727275e-11
-5.9602261e-11
-5.676136e-11
-6.0255682e-11
-5.9801129e-11
-6.2272729e-11
-5.7897728e-11
-5.9914768e-11
-6.1164768e-11
-6.019886e-11
-6.0255682e-11
-6.1079537e-11
-5.9857945e-11
-5.9488629e-11
-5.9090906e-11
-6.0767037e-11
-5.9659083e-11
-5.9147721e-11
-5.6448856e-11
-5.9602268e-11
-5.8409083e-11
-5.9545452e-11
-6.0255675e-11
-5.9346583e-11
-5.8835221e-11
-6.1448853e-11
-6.0056821e-11
-6.0369314e-11
-5.8721583e-11
-5.934659e-11
-5.9090899e-11
-5.7102264e-11
-5.9659083e-11
-5.8465899e-11
-5.9545452e-11
-6.1164768e-11
-5.7499994e-11
-5.9687484e-11
-5.9999991e-11
-5.6619317e-11
-6.2329537e-11
-5.9687498e-11
-6.2159083e-11
-6.1761353e-11
-5.8210221e-11
-6.0568175e-11
-5.926136e-11
-6.0852261e-11
-6.1647722e-11
-6.2585222e-11
-5.9517044e-11
-6.1619314e-11
-5.9857945e-11
-6.0994314e-11
-5.9744314e-11
-6.0681821e-11
-5.7840902e-11
-6.0028406e-11
-6.1704537e-11
-6.0653399e-11
-6.1221583e-11
-5.926136e-11
-6.0823853e-11
-5.7926122e-11
-5.9204544e-11
-6.3096584e-11
-5.6221583e-11
-5.9119314e-11
-5.7386363e-11
-5.8721576e-11
-6.051136e-11
-5.8465899e-11
-5.8153406e-11
-5.9034083e-11
-6.0028399e-11
-6.1306814e-11
-6.0482945e-11
-6.2784083e-11
-5.9403399e-11
-6.1193176e-11
-5.9289768e-11
-5.8437498e-11
-5.9517037e-11
-5.8693182e-11
-6.1562484e-11
-6.1079537e-11
-5.9431814e-11
-5.8409083e-11
-5.9460221e-11
-5.8494314e-11
-6.0056807e-11
-5.9687484e-11
-6.0227261e-11
-6.0710222e-11
-5.7357952e-11
-6.1022715e-11
-6.0227261e-11
-6.0170452e-11
-6.0397722e-11
-6.0454537e-11
-5.8863629e-11
-5.653409e-11
-5.8835221e-11
-5.9687498e-11
-5.9687498e-11
-6.0710215e-11
-6.1363623e-11
-6.0198853e-11
-6.0284083e-11
-5.9119314e-11
-6.1761353e-11
-6.2159083e-11
-5.7073856e-11
-6.0880676e-11
-5.9176129e-11
-5.7698856e-11
-5.6534086e-11
-6.1818176e-11
-6.1022722e-11
-5.8607952e-11
-5.8806807e-11
-5.7670448e-11
-6.0795445e-11
-5.676136e-11
-5.9090899e-11
-6.2414761e-11
-6.0568169e-11
-5.9687491e-11
-5.7329544e-11
-5.8749998e-11
-5.8806807e-11
-5.9403399e-11
-6.0482945e-11
-5.9318175e-11
-6.2755683e-11
-5.8948853e-11
-5.8295445e-11
-6.2187491e-11
-5.8522721e-11
-5.7642037e-11
-6.2471583e-11
-5.8125001e-11
-6.3494314e-11
-6.1505682e-11
-5.5738632e-11
-6.0511346e-11
-5.9460221e-11
-5.8664767e-11
-6.4999992e-11
-5.8295452e-11
-5.7926129e-11
-5.7982952e-11
-6.1079537e-11
-5.8892044e-11
-5.8721583e-11
-5.8749998e-11
-5.9403399e-11
-6.1335222e-11
-5.8607945e-11
-5.9573853e-11
-5.9687491e-11
-5.7443175e-11
-5.9431814e-11
-5.9857959e-11
-5.7017037e-11
-6.2272722e-11
-5.8352267e-11
-6.0255669e-11
-6.0710222e-11
-6.2812491e-11
-6.0568182e-11
-5.8579537e-11
-6.1335222e-11
-5.934659e-11
-6.0482945e-11
-6.1676129e-11
-5.9517044e-11
-6.1022715e-11
-5.9715899e-11
-5.872159e-11
-5.9630682e-11
-5.988636e-11
-6.0653399e-11
-5.9801136e-11
-5.9999998e-11
-5.8863629e-11
-6.0113629e-11
-6.0994314e-11
-6.0596583e-11
-5.8977274e-11
-6.1903399e-11
-6.0085222e-11
-5.8011363e-11
-5.6732948e-11
-6.176136e-11
-5.8892044e-11
-5.9517044e-11
-5.8806807e-11
-6.0028399e-11
-5.7840902e-11
-6.0624998e-11
-5.8323853e-11
-5.9943175e-11
-6.0965899e-11
-5.9403406e-11
-5.9715906e-11
-6.0198853e-11
-6.0653406e-11
-6.1335215e-11
-5.7698849e-11
-6.0142044e-11
-5.732954e-11
-5.872159e-11
-5.9431807e-11
-5.5795445e-11
-6.1534083e-11
-5.9630675e-11
-5.8835221e-11
-5.9829537e-11
-6.0284076e-11
-5.9488629e-11
-5.7130668e-11
-6.0937484e-11
-6.0482945e-11
-5.7102267e-11
-6.1448853e-11
-5.7357948e-11
-5.9460221e-11
-5.7670448e-11
-5.786931e-11
-5.8551129e-11
-5.8607952e-11
-5.926136e-11
-5.6761353e-11
-5.8806814e-11
-5.9403399e-11
-5.8295452e-11
-5.9999998e-11
-5.9517037e-11
-5.8068175e-11
-5.8749991e-11
-5.9772715e-11
-6.3068169e-11
-5.5482952e-11
-6.0710215e-11
-6.0624991e-11
-5.9687498e-11
-6.1931807e-11
-5.9374991e-11
-6.0397728e-11
-6.1249998e-11
-5.8352261e-11
-5.7499991e-11
-6.2499998e-11
-5.7926129e-11
-6.0255682e-11
-6.1107952e-11
-5.9232952e-11
-6.0681807e-11
-6.0852261e-11
-5.7897718e-11
-5.9346583e-11
-5.7471587e-11
-5.8465906e-11
-5.9886353e-11
-6.2670445e-11
-5.5937491e-11
-6.1874991e-11
-5.5539764e-11
-5.8522728e-11
-6.2244314e-11
-5.9971576e-11
-5.801136e-11
-6.2045452e-11
-5.6818172e-11
-5.9204537e-11
-5.9005682e-11
-5.8494314e-11
-6.0596583e-11
-6.1051129e-11
-6.0994314e-11
-5.7869317e-11
-6.2301136e-11
-5.8181814e-11
-5.8238629e-11
-5.9374998e-11
-5.8210228e-11
-5.769886e-11
-6.323863e-11
-5.7897721e-11
-5.7215902e-11
-6.014203e-11
-5.8920452e-11
-5.9261353e-11
-5.8494314e-11
-6.1619314e-11
-5.9289768e-11
-5.8380682e-11
-6.0909083e-11
-6.2215906e-11
-6.1534083e-11
-5.769886e-11
-5.8295452e-11
-6.1960222e-11
-5.9261367e-11
-6.0397715e-11
-5.670454e-11
-5.8977261e-11
-6.0056807e-11
-5.9943175e-11
-6.1051136e-11
-6.0454544e-11
-6.0397728e-11
-6.0795445e-11
-5.8409083e-11
-5.7443175e-11
-5.8153402e-11
-6.1903399e-11
-5.7897718e-11
-5.747158e-11
-6.0880669e-11
-6.0624998e-11
-5.9005675e-11
-6.0511353e-11
-5.9715906e-11
-5.9232952e-11
-6.0227261e-11
-5.9176129e-11
-5.8267037e-11
-6.0681821e-11
-6.0369314e-11
-5.7727267e-11
-6.1221583e-11
-6.0710222e-11
-5.8096583e-11
-6.1335222e-11
-6.1079537e-11
-5.9062491e-11
-5.8210221e-11
-5.5568175e-11
-6.2045452e-11
-5.7102267e-11
-6.1051129e-11
-6.0738629e-11
-6.2187484e-11
-5.9431814e-11
-5.738636e-11
-5.9460221e-11
-6.1818169e-11
-6.3039768e-11
-6.0823853e-11
-5.6164771e-11
-5.7130675e-11
-6.2244314e-11
-5.6903406e-11
-6.2528399e-11
-5.9176122e-11
-5.9545452e-11
-6.0255675e-11
-5.8721583e-11
-5.9488629e-11
-5.9630682e-11
-6.0113629e-11
-5.9943168e-11
-6.0142044e-11
-6.3096577e-11
-5.6193175e-11
-6.0539768e-11
-6.0767044e-11
-5.8806821e-11
-6.0994314e-11
-5.926136e-11
-6.0852261e-11
-5.8181814e-11
-5.9772721e-11
-6.1761353e-11
-6.1448853e-11
-6.3494314e-11
-5.8323853e-11
-5.9744314e-11
-5.732954e-11
-6.0710222e-11
-6.0426129e-11
-6.0965899e-11
-5.9460215e-11
-6.1477261e-11
-5.7215909e-11
-5.9857945e-11
-6.3295445e-11
-5.7272721e-11
-6.2386353e-11
-6.0596583e-11
-6.2414768e-11
-5.8579544e-11
-5.7812491e-11
-5.9573853e-11
-5.9204537e-11
-5.863636e-11
-5.8579537e-11
-5.9715906e-11
-6.0028399e-11
-5.9318175e-11
-5.9772728e-11
-5.832386e-11
-5.7357952e-11
-6.1079537e-11
-5.9147721e-11
-6.0738629e-11
-5.826703e-11
-6.0937491e-11
-6.184659e-11
-5.9232945e-11
-6.0340906e-11
-5.8607952e-11
-5.6931817e-11
-5.9034083e-11
-5.7727267e-11
-5.8749998e-11
-5.9488629e-11
-5.7045448e-11
-5.9630675e-11
-6.0170452e-11
-5.9517037e-11
-6.1164768e-11
-6.0681807e-11
-5.8437491e-11
-5.5568175e-11
-6.0340906e-11
-5.7926129e-11
-5.8068182e-11
-6.1619314e-11
-5.7045448e-11
-5.9374984e-11
-6.1590899e-11
-5.715908e-11
-5.9431814e-11
-5.9687491e-11
-5.8238629e-11
-5.8522721e-11
-5.8181814e-11
-5.8465899e-11
-5.6278402e-11
-5.8068182e-11
-6.0482945e-11
-5.9204537e-11
-6.1477261e-11
-5.8778406e-11
-5.9289768e-11
-5.8749998e-11
-5.7556807e-11
-5.9034083e-11
-6.1960215e-11
-6.1420445e-11
-5.9687505e-11
-6.0255682e-11
-5.7443182e-11
-5.8295445e-11
-5.6363626e-11
-5.863636e-11
-6.238636e-11
-5.8153402e-11
-5.8068182e-11
-6.1051129e-11
-5.9659083e-11
-5.7585218e-11
-6.2102268e-11
-5.7840899e-11
-5.832386e-11
-5.840909e-11
-6.0596583e-11
-5.8494314e-11
-5.8267037e-11
-5.7499991e-11
-5.9943175e-11
-6.0312491e-11
-5.8835221e-11
-5.9374998e-11
-5.8579537e-11
-5.8522728e-11
-6.0369314e-11
-5.9914768e-11
-5.988636e-11
-5.8778399e-11
-6.2443169e-11
-5.8920452e-11
-6.0624991e-11
-5.8920452e-11
-5.863636e-11
-5.9005675e-11
-5.9517037e-11
-6.122159e-11
-6.0142044e-11
-5.9630682e-11
-5.9573853e-11
-5.8352274e-11
-6.3323853e-11
-6.0823853e-11
-5.9687498e-11
-6.0028406e-11
-5.801136e-11
-5.8096583e-11
-6.0056814e-11
-6.0795452e-11
-6.1590892e-11
-6.0653399e-11
-6.0937491e-11
-5.9005682e-11
-6.0227261e-11
-5.9431821e-11
-6.1051129e-11
-5.8295452e-11
-6.0170452e-11
-5.7556813e-11
-5.8551129e-11
-5.8664767e-11
-6.1022722e-11
-5.9034083e-11
-6.3380683e-11
-5.832386e-11
-5.8153402e-11
-5.9630668e-11
-5.965909e-11
-5.8749998e-11
-6.198863e-11
-5.6335218e-11
-6.0312491e-11
-5.7613626e-11
-5.9772715e-11
-6.1306814e-11
-5.9517037e-11
-6.1051129e-11
-6.0142044e-11
-5.9943175e-11
-5.9602261e-11
-5.8096583e-11
-5.8977268e-11
-5.957386e-11
-6.0596583e-11
-5.599431e-11
-5.7443172e-11
-5.9289768e-11
-5.6107948e-11
-6.0482945e-11
-5.7926133e-11
-5.7187491e-11
-5.9403406e-11
-6.0937491e-11
-5.9914761e-11
-6.0681814e-11
-6.1676129e-11
-5.7556813e-11
-6.0937491e-11
-5.840909e-11
-5.9857945e-11
-6.0170452e-11
-6.207386e-11
-6.0426129e-11
-5.9204537e-11
-5.8238629e-11
-5.6448856e-11
-5.8607952e-11
-5.7784087e-11
-5.8863629e-11
-5.9062484e-11
-5.738636e-11
-6.113636e-11
-5.872159e-11
-5.9602268e-11
-5.9488622e-11
-5.9687505e-11
-5.6960218e-11
-5.8892044e-11
-5.7897721e-11
-5.9630675e-11
-6.0710215e-11
-5.8437498e-11
-5.8068175e-11
-5.9630668e-11
-5.9517037e-11
-5.9886353e-11
-6.0909083e-11
-6.0227275e-11
-5.9119314e-11
-6.2130676e-11
-5.7670448e-11
-6.2102261e-11
-5.872159e-11
-6.0227268e-11
-5.8977268e-11
-5.8948853e-11
-6.122159e-11
-5.957386e-11
-5.7159086e-11
-5.8892037e-11
-5.7073856e-11
-6.2784083e-11
-5.7897721e-11
-5.9602261e-11
-6.113636e-11
-5.840909e-11
-5.8380675e-11
-5.9034083e-11
-5.8096587e-11
-5.8295445e-11
-5.8494314e-11
-5.8068172e-11
-5.9687491e-11
-5.9630682e-11
-6.1335222e-11
-5.5767047e-11
-6.1022722e-11
-5.6676129e-11
-5.9943168e-11
-5.8835221e-11
-6.0511353e-11
-5.9659083e-11
-5.9659083e-11
-6.0482945e-11
-5.9232945e-11
-5.8892044e-11
-5.9318175e-11
-5.6761353e-11
-5.9715906e-11
-5.9971583e-11
-6.0795445e-11
-5.7414764e-11
-5.9971583e-11
-5.9772721e-11
-5.9204537e-11
-5.934659e-11
-6.2102261e-11
-5.676136e-11
-5.5795448e-11
-6.0852261e-11
-5.9431814e-11
-5.9999998e-11
-5.553976e-11
-5.9801136e-11
-5.7187491e-11
-5.9090906e-11
-5.9886353e-11
-5.7897728e-11
-5.9431807e-11
-5.9318175e-11
-5.9346583e-11
-6.076703e-11
-5.7130679e-11
-6.2840899e-11
-5.7272728e-11
-6.1789761e-11
-6.0312491e-11
-6.1335222e-11
-5.8636367e-11
-6.269886e-11
-5.8806814e-11
-5.7897721e-11
-6.1051129e-11
-5.8039764e-11
-5.8437491e-11
-5.9602275e-11
-6.1392037e-11
-5.9715899e-11
-6.0880669e-11
-5.9801129e-11
-6.2471583e-11
-5.9318168e-11
-5.863636e-11
-5.8437498e-11
-5.8863629e-11
-6.0568175e-11
-6.0312498e-11
-5.8664767e-11
-5.8210221e-11
-5.9119314e-11
-5.9886353e-11
-6.2073853e-11
-6.0852261e-11
-6.0255675e-11
-6.0085222e-11
-6.1107945e-11
-6.1903399e-11
-6.0170445e-11
-6.1732945e-11
-6.1732945e-11
-5.8125001e-11
-6.1704537e-11
-5.9943168e-11
-6.1022715e-11
-6.0767044e-11
-6.292613e-11
-5.9999998e-11
-6.0227268e-11
-5.6732948e-11
-5.9403399e-11
-5.7499991e-11
-6.0085222e-11
-5.8267051e-11
-6.207386e-11
-5.8664767e-11
-6.0852268e-11
-6.3295445e-11
-5.9062491e-11
-5.8380675e-11
-5.9914768e-11
-6.1534083e-11
-5.7982948e-11
-5.9943175e-11
-6.1477261e-11
-5.8011363e-11
-5.8977268e-11
-6.0681807e-11
-6.1392044e-11
-5.6903395e-11
-6.0170445e-11
-6.1392037e-11
-6.0880676e-11
-6.0397715e-11
-6.2301123e-11
-5.8153402e-11
-5.8920452e-11
-5.8352267e-11
-5.6590902e-11
-5.801136e-11
-5.9403406e-11
-6.0880676e-11
-5.7528406e-11
-6.0284083e-11
-6.0426136e-11
-6.0624991e-11
-5.9062484e-11
-6.1164768e-11
-5.9857945e-11
-6.1590892e-11
-6.019886e-11
-6.0056814e-11
-6.2642044e-11
-6.0539768e-11
-6.1420445e-11
-5.8579537e-11
-5.8295445e-11
-6.1789768e-11
-5.6875001e-11
-5.670454e-11
-6.1022722e-11
-5.9801136e-11
-5.8948853e-11
-6.1193176e-11
-5.9914768e-11
-5.6846583e-11
-5.9659083e-11
-6.139203e-11
-6.0369314e-11
-5.8920445e-11
-6.076703e-11
-5.8579537e-11
-6.2130669e-11
-5.8409083e-11
-5.9090892e-11
-5.732954e-11
-6.0653399e-11
-5.9914768e-11
-6.0653399e-11
-5.9999998e-11
-5.9346583e-11
-5.8664767e-11
-5.8948853e-11
-5.8607945e-11
-5.9204537e-11
-5.894886e-11
-6.0284083e-11
-5.8693175e-11
-5.9772721e-11
-6.1704537e-11
-5.8096587e-11
-6.2414768e-11
-5.8068182e-11
-5.9318168e-11
-5.8522721e-11
-6.1164768e-11
-5.6022728e-11
-6.3409084e-11
-5.7869317e-11
-6.2528399e-11
-6.0965906e-11
-5.8948853e-11
-6.1363629e-11
-5.9715906e-11
-5.9431814e-11
-6.0312484e-11
-5.769886e-11
-5.8806807e-11
-6.0056814e-11
-6.0056814e-11
-5.9857959e-11
-6.0227261e-11
-6.0227268e-11
-5.8721583e-11
-6.0823853e-11
-6.0227268e-11
-5.801136e-11
-6.0653399e-11
-5.8096583e-11
-6.0710215e-11
-6.1051129e-11
-5.9147721e-11
-6.1051129e-11
-5.9431814e-11
-5.9999998e-11
-6.3096577e-11
-6.0113629e-11
-6.0369314e-11
-5.988636e-11
-6.0539768e-11
-5.7982948e-11
-6.1789768e-11
-5.7784087e-11
-5.7471587e-11
-5.872159e-11
-6.1392037e-11
-5.8806807e-11
-6.1505669e-11
-5.6590899e-11
-5.590909e-11
-6.0965899e-11
-5.8465906e-11
-5.769886e-11
-5.8892037e-11
-6.1022722e-11
-5.8522721e-11
-6.0056807e-11
-6.0482945e-11
-5.6164771e-11
-6.0852268e-11
-5.8693168e-11
-5.9176136e-11
-6.0255682e-11
-5.7130675e-11
-5.9005675e-11
-6.1534083e-11
-5.7187498e-11
-5.6477267e-11
-6.1136353e-11
-5.8749998e-11
-5.8494307e-11
-6.1903399e-11
-6.0227261e-11
-5.8835221e-11
-6.2386353e-11
-5.8465899e-11
-6.0767037e-11
-5.9034083e-11
-5.4715902e-11
-6.1590906e-11
-5.8380675e-11
-5.5681813e-11
-6.0596583e-11
-5.9232945e-11
-5.6590902e-11
-5.9403399e-11
-5.9772715e-11
-6.1420452e-11
-6.0142037e-11
-6.0113636e-11
-5.8977268e-11
-5.8124991e-11
-6.1676123e-11
-5.7982941e-11
-6.0312498e-11
-5.6818175e-11
-5.8153402e-11
-6.0795452e-11
-5.8238629e-11
-5.997159e-11
-5.6363633e-11
-5.7471587e-11
-5.9119314e-11
-5.9062491e-11
-5.8607945e-11
-6.0198853e-11
-6.0710222e-11
-5.9517044e-11
-6.0369314e-11
-5.9857945e-11
-5.9488629e-11
-6.0056821e-11
-5.8380675e-11
-5.7528402e-11
-5.9090906e-11
-5.8295452e-11
-6.0312498e-11
-5.9715906e-11
-6.1874998e-11
-6.0624998e-11
-6.0994314e-11
-5.7840899e-11
-5.8892044e-11
-5.7727271e-11
-5.9261353e-11
-5.8607945e-11
-6.1221583e-11
-5.8664767e-11
-5.9005682e-11
-5.8352267e-11
-5.8267037e-11
-5.8267037e-11
-5.9517037e-11
-5.9289768e-11
-6.059659e-11
-6.0028399e-11
-5.6420445e-11
-5.9971583e-11
-6.1335222e-11
-5.8948853e-11
-6.1647715e-11
-5.9715906e-11
-6.0596583e-11
-6.2187491e-11
-6.0227268e-11
-5.9005675e-11
-6.261363e-11
-6.1221576e-11
-5.7698856e-11
-5.872159e-11
-5.8551129e-11
-5.997159e-11
-5.9943175e-11
-6.0738629e-11
-6.051136e-11
-5.9545452e-11
-6.0085222e-11
-5.9232952e-11
-6.0426129e-11
-5.9715899e-11
-5.9744314e-11
-5.7272728e-11
-6.2272722e-11
-5.8409083e-11
-6.0113629e-11
-5.8096583e-11
-5.8721576e-11
-6.0511353e-11
-5.724431e-11
-6.1562491e-11
-5.8494314e-11
-5.9119314e-11
-6.184659e-11
-5.8181814e-11
-6.2443169e-11
-6.3551123e-11
-6.2244314e-11
-6.3835222e-11
-6.3664768e-11
-6.0681807e-11
-6.0823853e-11
-6.0482945e-11
-6.207386e-11
-6.0113629e-11
-6.3749998e-11
-6.1619314e-11
-6.1704537e-11
-6.2329537e-11
-6.2215899e-11
-5.9374991e-11
-6.0227268e-11
-6.1903399e-11
-6.3778399e-11
-5.8806807e-11
-6.2954544e-11
-6.2130676e-11
-6.2869314e-11
-6.0454537e-11
-6.2187491e-11
-5.8749998e-11
-6.1193169e-11
-6.2556807e-11
-6.1249998e-11
-6.0653399e-11
-5.8892044e-11
-6.0482952e-11
-5.8181814e-11
-6.0596583e-11
-5.9488629e-11
-6.1420452e-11
-5.9460221e-11
-6.0056814e-11
-5.9943182e-11
-6.0284083e-11
-5.8181807e-11
-6.0965899e-11
-5.6107952e-11
-6.238636e-11
-6.1818176e-11
-5.9005682e-11
-6.0426129e-11
-6.1931821e-11
-5.9573853e-11
-5.8892044e-11
-6.1789768e-11
-5.9232952e-11
-5.9090906e-11
-6.0511353e-11
-6.0085222e-11
-5.894886e-11
-6.0369314e-11
-5.8749998e-11
-5.9829537e-11
-5.6846583e-11
-5.8267037e-11
-5.7840899e-11
-5.9943168e-11
-6.3153399e-11
-5.7130679e-11
-6.1278399e-11
-5.9374998e-11
-5.9772721e-11
-5.9857952e-11
-5.9999998e-11
-5.9034083e-11
-6.0539768e-11
-5.8892044e-11
-6.0937484e-11
-5.7272721e-11
-6.1136367e-11
-5.9573853e-11
-6.1306814e-11
-6.1051129e-11
-5.7301129e-11
-6.1392037e-11
-5.8409083e-11
-6.0170445e-11
-6.2897722e-11
-6.0113636e-11
-5.9289768e-11
-6.1392037e-11
-5.8267037e-11
-6.1448853e-11
-6.0795452e-11
-5.7471587e-11
-5.9857945e-11
-5.9005675e-11
-6.176136e-11
-5.9715906e-11
-5.934659e-11
-5.9318168e-11
-5.9886353e-11
-6.0454537e-11
-5.8494314e-11
-5.9034083e-11
-5.9744314e-11
-6.0454537e-11
-6.1079544e-11
-6.3238637e-11
-6.1590906e-11
-5.9715899e-11
-5.7926129e-11
-6.1051136e-11
-5.7670445e-11
-5.872159e-11
-5.8749991e-11
-5.8835221e-11
-6.1306814e-11
-5.9204537e-11
-6.0539768e-11
-5.9346583e-11
-5.8920445e-11
-5.9147715e-11
-5.9176129e-11
-6.0170452e-11
-5.7670448e-11
-5.8749991e-11
-6.1874998e-11
-6.1562491e-11
-5.9715906e-11
-6.0028399e-11
-5.9630682e-11
-6.1903406e-11
-6.1164768e-11
-5.738636e-11
-6.386363e-11
-5.9119314e-11
-5.8778399e-11
-6.1562498e-11
-6.0170445e-11
-6.0795445e-11
-5.926136e-11
-5.9602261e-11
-5.9573853e-11
-6.0852261e-11
-5.7414771e-11
-5.863636e-11
-5.8011363e-11
-5.8323853e-11
-5.8295445e-11
-6.2528399e-11
-5.786931e-11
-6.0426129e-11
-5.7585225e-11
-6.2073853e-11
-5.5710218e-11
-5.8664767e-11
-5.7642044e-11
-5.9488629e-11
-5.8210221e-11
-6.0340899e-11
-6.1590899e-11
-5.8664767e-11
-6.0767037e-11
-5.7301133e-11
-6.2499991e-11
-5.9488629e-11
-6.0511353e-11
-5.8835221e-11
-5.934659e-11
-5.9914761e-11
-6.1420452e-11
-5.8920452e-11
-6.0823853e-11
-6.1335222e-11
-5.9204537e-11
-5.5568172e-11
-6.3323853e-11
-5.9460221e-11
-5.9318168e-11
-5.8465906e-11
-5.8778406e-11
-5.9659083e-11
-5.9204537e-11
-5.8892044e-11
-5.9488629e-11
-5.6335218e-11
-6.1676136e-11
-5.8607945e-11
-5.9602268e-11
-6.1789768e-11
-5.9630675e-11
-6.0880676e-11
-5.8437484e-11
-5.7840902e-11
-6.0539768e-11
-5.6562498e-11
-5.6818172e-11
-5.5426129e-11
-5.9801136e-11
-5.9801129e-11
-5.9147721e-11
-6.1477268e-11
-5.8011353e-11
-5.9488629e-11
-5.8778399e-11
-5.8664767e-11
-6.1051136e-11
-6.1562491e-11
-5.7642037e-11
-5.9431814e-11
-5.8920445e-11
-6.019886e-11
-5.8011363e-11
-5.9318182e-11
-5.9971576e-11
-5.9261353e-11
-5.9147715e-11
-5.9147721e-11
-6.0255675e-11
-5.9914761e-11
-5.826703e-11
-6.1392037e-11
-5.8607945e-11
-5.8494314e-11
-6.0312491e-11
-5.9062491e-11
-5.9545445e-11
-5.9232945e-11
-5.8409083e-11
-5.8437491e-11
-5.9999998e-11
-5.8323853e-11
-5.7670448e-11
-6.0454537e-11
-5.778408e-11
-5.9232945e-11
-5.9914761e-11
-5.7244307e-11
-6.1619314e-11
-6.2130669e-11
-6.0710222e-11
-6.1278399e-11
-5.9005675e-11
-6.0255682e-11
-6.1051136e-11
-5.8749991e-11
-6.0340899e-11
-5.9119314e-11
-5.9431814e-11
-6.0937491e-11
-5.8267037e-11
-6.0653399e-11
-5.8579537e-11
-5.8323853e-11
-6.2329537e-11
-6.0369307e-11
-6.0568169e-11
-5.9687484e-11
-5.778408e-11
-6.1477261e-11
-5.8693168e-11
-6.0624998e-11
-5.738636e-11
-5.9488629e-11
-6.198863e-11
-5.9801129e-11
-5.9119314e-11
-5.9431814e-11
-6.051136e-11
-5.778408e-11
-5.7585218e-11
-6.1789768e-11
-6.0624998e-11
-6.0596576e-11
-5.9744314e-11
-5.9829537e-11
-5.926136e-11
-6.0170452e-11
-5.6249994e-11
-6.1505676e-11
-5.9517037e-11
-5.9176136e-11
-5.9772721e-11
-5.9346576e-11
-6.176136e-11
-6.1420452e-11
-5.9829537e-11
-5.9914768e-11
-6.3806814e-11
-6.2386353e-11
-5.8352267e-11
-6.1676129e-11
-5.7613636e-11
-5.3778402e-11
-6.0624991e-11
-5.8579537e-11
-5.7301129e-11
-5.7897721e-11
-6.1164768e-11
-5.7499991e-11
-5.6647721e-11
-5.9801122e-11
-5.9374998e-11
-5.6704544e-11
-6.1221583e-11
-5.6505675e-11
-5.8607952e-11
-6.1619314e-11
-5.9204537e-11
-5.9403399e-11
-5.6590902e-11
-6.0823853e-11
-5.8749991e-11
-5.9659083e-11
-5.676136e-11
-5.8323853e-11
-6.1448853e-11
-5.832386e-11
-5.809658e-11
-5.7301129e-11
-6.0539768e-11
-6.1619314e-11
-5.7869317e-11
-6.1931814e-11
-6.1477268e-11
-6.0624998e-11
-5.6647721e-11
-6.2329537e-11
-6.0056814e-11
-5.7471583e-11
-5.9801129e-11
-6.0255669e-11
-5.9119314e-11
-6.0738629e-11
-5.9659083e-11
-6.0539768e-11
-6.1051129e-11
-5.9403406e-11
-5.9374998e-11
-6.1818169e-11
-5.5056813e-11
-6.0681807e-11
-6.1818169e-11
-5.8977261e-11
-6.0170452e-11
-5.5170448e-11
-6.0965906e-11
-6.0710222e-11
-6.0056807e-11
-5.7613626e-11
-5.8465906e-11
-5.9460221e-11
-5.9318175e-11
-5.8863629e-11
-5.9744314e-11
-6.0482952e-11
-5.8380668e-11
-5.8465906e-11
-5.724431e-11
-6.2784083e-11
-6.1732945e-11
-6.1278399e-11
-6.0482945e-11
-5.8352267e-11
-6.1931814e-11
-5.9602268e-11
-5.8607945e-11
-5.8181814e-11
-5.8323853e-11
-5.8409083e-11
-6.1079537e-11
-6.1193169e-11
-5.5312491e-11
-5.7982948e-11
-5.9289768e-11
-6.1420452e-11
-6.4886353e-11
-6.139203e-11
-5.957386e-11
-6.0340899e-11
-5.8749998e-11
-6.198863e-11
-6.1051122e-11
-5.5340899e-11
-6.0795445e-11
-6.0852268e-11
-5.9176122e-11
-5.7130675e-11
-5.894886e-11
-5.7471587e-11
-6.2130669e-11
-6.1193176e-11
-6.1477268e-11
-5.9374998e-11
-6.2499998e-11
-5.7926133e-11
-5.926136e-11
-5.7499991e-11
-6.2215899e-11
-5.8522714e-11
-6.1249984e-11
-6.0653399e-11
-5.795454e-11
-6.1335222e-11
-6.0710222e-11
-6.2017044e-11
-5.5653402e-11
-5.9090906e-11
-5.8636353e-11
-6.1306807e-11
-5.9318182e-11
-5.9204537e-11
-5.8323853e-11
-5.9119314e-11
-6.2897715e-11
-6.0937484e-11
-5.9999991e-11
-5.9517037e-11
-5.9062498e-11
-6.0937498e-11
-6.0142044e-11
-5.9659083e-11
-5.9119314e-11
-5.8749998e-11
-6.1335222e-11
-5.9034083e-11
-5.8323853e-11
-5.9914768e-11
-6.2926137e-11
-5.7613626e-11
-6.0028399e-11
-6.2869314e-11
-6.0284083e-11
-6.3664768e-11
-6.2414761e-11
-5.9943175e-11
-6.2017037e-11
-5.8835214e-11
-6.301136e-11
-6.1562491e-11
-5.7613633e-11
-6.2954537e-11
-6.0198853e-11
-5.988636e-11
-5.8181814e-11
-5.997159e-11
-5.8494314e-11
-5.8522714e-11
-6.1051129e-11
-5.9999998e-11
-6.059659e-11
-6.1249998e-11
-5.8295452e-11
-6.0767037e-11
-6.261363e-11
-5.9005675e-11
-6.0142037e-11
-5.6960225e-11
-6.0767037e-11
-6.0227268e-11
-6.0994307e-11
-6.1249998e-11
-6.0738629e-11
-5.9090899e-11
-5.8920452e-11
-5.7499991e-11
-6.2017037e-11
-5.9176129e-11
-6.0624998e-11
-6.2244314e-11
-5.795454e-11
-6.2386353e-11
-5.8096587e-11
-6.2670452e-11
-5.9318182e-11
-6.0624991e-11
-5.590909e-11
-5.8778399e-11
-6.1164761e-11
-6.0681814e-11
-5.8494314e-11
-5.9062498e-11
-5.8749998e-11
-5.9659083e-11
-6.1534083e-11
-6.0198853e-11
-5.8267037e-11
-5.8210221e-11
-6.0539768e-11
-5.9374998e-11
-5.9403406e-11
-5.9147715e-11
-6.0738629e-11
-5.9545452e-11
-6.0397722e-11
-6.1392037e-11
-5.9914775e-11
-5.795454e-11
-5.9147721e-11
-5.8721583e-11
-6.2329537e-11
-5.8892037e-11
-6.0340906e-11
-5.8267037e-11
-6.2073853e-11
-5.7272728e-11
-6.0284083e-11
-5.9829537e-11
-6.3153399e-11
-5.6903406e-11
-6.0028399e-11
-6.2755683e-11
-5.9602261e-11
-5.732954e-11
-6.2073853e-11
-5.7642037e-11
-5.8437491e-11
-6.1193169e-11
-5.9687498e-11
-6.2045445e-11
-6.198863e-11
-5.8153402e-11
-5.8181807e-11
-6.0340899e-11
-5.801136e-11
-5.8465906e-11
-6.0397715e-11
-6.198863e-11
-5.9318175e-11
-5.9573853e-11
-6.014203e-11
-6.2471577e-11
-5.9857945e-11
-5.9431814e-11
-5.9715906e-11
-6.1477268e-11
-6.198863e-11
-6.1363629e-11
-6.0028399e-11
-6.0369314e-11
-5.786931e-11
-6.0369314e-11
-5.9261353e-11
-5.9999998e-11
-6.1392037e-11
-5.8210228e-11
-6.1590906e-11
-5.8863629e-11
-6.2982952e-11
-5.8153406e-11
-5.9659083e-11
-6.0539768e-11
-5.9119307e-11
-6.0255682e-11
-5.8437498e-11
-5.7812491e-11
-5.8323853e-11
-5.7897721e-11
-6.0937491e-11
-6.0937484e-11
-6.1051122e-11
-6.0085222e-11
-5.8380682e-11
-5.8323853e-11
-6.0198853e-11
-5.9687498e-11
-5.9034083e-11
-5.9204537e-11
-5.9119314e-11
-5.9431814e-11
-6.0369314e-11
-5.7642037e-11
-5.7982955e-11
-6.2954537e-11
-5.8892044e-11
-5.6363636e-11
-6.1249998e-11
-6.1164768e-11
-5.8693168e-11
-6.3096584e-11
-5.9630675e-11
-6.2244314e-11
-5.7159086e-11
-5.6335218e-11
-5.8551136e-11
-5.9431814e-11
-5.8579537e-11
-6.0198853e-11
-5.8011353e-11
-5.9999991e-11
-5.9857952e-11
-5.9630675e-11
-5.9005682e-11
-6.1420445e-11
-5.8181814e-11
-5.9176129e-11
-6.1477268e-11
-5.9999998e-11
-5.8693168e-11
-6.2272722e-11
-5.7045448e-11
-5.7982948e-11
-5.7755675e-11
-5.7073856e-11
-6.0426136e-11
-6.2073853e-11
-6.3465899e-11
-6.198863e-11
-6.0085222e-11
-5.9119314e-11
-5.5909086e-11
-5.9999998e-11
-6.0369314e-11
-5.7897721e-11
-6.076703e-11
-5.7500001e-11
-6.1306814e-11
-5.7784087e-11
-5.8267037e-11
-5.926136e-11
-6.0738629e-11
-6.2017044e-11
-5.8721583e-11
-6.2073853e-11
-5.9744314e-11
-5.6306813e-11
-6.2301136e-11
-5.8153402e-11
-5.8210228e-11
-6.1306814e-11
-5.7073856e-11
-6.1420445e-11
-6.0284083e-11
-6.2414768e-11
-6.1079537e-11
-6.0255682e-11
-6.0738629e-11
-6.0568175e-11
-5.9999998e-11
-6.2357952e-11
-6.1392037e-11
-6.1676129e-11
-5.9460221e-11
-6.051136e-11
-6.0312491e-11
-6.176136e-11
-6.0085222e-11
-5.9431807e-11
-6.1931814e-11
-6.0909076e-11
-6.0284083e-11
-6.1164768e-11
-5.8579544e-11
-5.9460221e-11
-6.0397722e-11
-5.9602261e-11
-6.1193176e-11
-6.0340906e-11
-6.0568182e-11
-6.1505676e-11
-5.8380682e-11
-5.9318175e-11
-5.7698856e-11
-6.1590892e-11
-6.0994314e-11
-5.8977261e-11
-6.176136e-11
-5.8579544e-11
-5.7499991e-11
-5.7755675e-11
-5.9630675e-11
-6.1079537e-11
-6.1534083e-11
-5.9005675e-11
-5.9119314e-11
-5.8920452e-11
-5.9687491e-11
-5.8522714e-11
-5.9715906e-11
-6.0369314e-11
-5.8806807e-11
-5.9119314e-11
-5.8977268e-11
-5.5312491e-11
-5.9488629e-11
-5.5852267e-11
-6.0965899e-11
-5.9715906e-11
-6.1534083e-11
-6.0426136e-11
-6.0170452e-11
-6.1193176e-11
-6.0454537e-11
-6.0085222e-11
-6.1818169e-11
-5.9772715e-11
-6.323863e-11
-6.2215906e-11
-6.2471577e-11
-6.3465906e-11
-6.4034084e-11
-6.3068176e-11
-6.3920445e-11
-6.2499991e-11
-6.0170445e-11
-5.9715899e-11
-6.4460222e-11
-6.2443169e-11
-6.0198853e-11
-5.8210221e-11
-6.1136353e-11
-6.1306807e-11
-6.1789768e-11
-6.4090899e-11
-6.0056807e-11
-6.2840906e-11
-6.1136353e-11
-5.7727264e-11
-6.0738629e-11
-6.0028406e-11
-5.8267037e-11
-6.0653399e-11
-6.0085222e-11
-6.0227275e-11
-6.0937484e-11
-6.1335222e-11
-5.9374998e-11
-6.1278399e-11
-6.0710222e-11
-5.9232945e-11
-5.9318168e-11
-6.0284083e-11
-5.8920452e-11
-6.0710222e-11
-6.0738629e-11
-5.9005675e-11
-6.0426129e-11
-5.9488636e-11
-6.0539768e-11
-6.0880676e-11
-5.7784087e-11
-6.1164768e-11
-5.9630675e-11
-5.8579537e-11
-5.9999991e-11
-5.7926129e-11
-6.1732945e-11
-5.8039771e-11
-5.6249991e-11
-6.4005676e-11
-5.6789764e-11
-5.5795448e-11
-6.1392037e-11
-5.732954e-11
-6.0113629e-11
-5.9289768e-11
-5.8068175e-11
-6.0312491e-11
-5.9176129e-11
-6.0056807e-11
-6.2499998e-11
-5.957386e-11
-5.6562491e-11
-5.7471587e-11
-6.0482952e-11
-6.1079537e-11
-6.1335222e-11
-5.8039764e-11
-5.9289768e-11
-5.8607952e-11
-5.8551129e-11
-6.0454537e-11
-6.0113629e-11
-5.8210221e-11
-6.3465892e-11
-6.0937484e-11
-6.1477275e-11
-5.8522721e-11
-5.8380682e-11
-5.9204537e-11
-5.8494314e-11
-5.7045455e-11
-5.9034083e-11
-6.0994307e-11
-6.0653406e-11
-5.795454e-11
-6.198863e-11
-5.715908e-11
-5.9772715e-11
-5.7329533e-11
-5.6164764e-11
-5.8465906e-11
-5.7755675e-11
-5.9431807e-11
-6.1846576e-11
-5.8579537e-11
-6.0880669e-11
-5.9147715e-11
-5.653408e-11
-6.1420445e-11
-5.8465906e-11
-6.1278406e-11
-5.6335218e-11
-5.5852271e-11
-6.2244314e-11
-5.9460221e-11
-5.9488629e-11
-6.230113e-11
-6.1676129e-11
-5.9374991e-11
-6.1278399e-11
-5.7130679e-11
-5.801136e-11
-6.0568169e-11
-6.0369314e-11
-5.7585218e-11
-6.0653399e-11
-5.9403399e-11
-5.8607945e-11
-6.1903406e-11
-5.724431e-11
-5.9403406e-11
-5.9232952e-11
-5.9204537e-11
-6.0312491e-11
-5.7500001e-11
-6.1278399e-11
-5.8295452e-11
-6.113636e-11
-5.8664767e-11
-5.8068175e-11
-6.0284083e-11
-5.9289768e-11
-6.0681807e-11
-5.8096583e-11
-5.6306806e-11
-5.7357948e-11
-5.9914761e-11
-5.9630682e-11
-5.7755679e-11
-5.9857952e-11
-5.8124994e-11
-5.7897721e-11
-5.9517044e-11
-6.2159083e-11
-5.8039771e-11
-6.0568175e-11
-5.715908e-11
-5.8153406e-11
-5.9005675e-11
-5.7045448e-11
-5.6193175e-11
-5.9829537e-11
-6.0738629e-11
-5.8494314e-11
-5.9659083e-11
-5.8693168e-11
-5.9999998e-11
-5.9914768e-11
-5.6534086e-11
-5.872159e-11
-6.0340906e-11
-6.2329537e-11
-5.8693175e-11
-5.8778406e-11
-5.7329533e-11
-6.1051129e-11
-5.5965902e-11
-5.5482952e-11
-5.7982948e-11
-6.0795452e-11
-5.8551129e-11
-5.8267037e-11
-6.1193182e-11
-6.1079537e-11
-6.0710222e-11
-6.2045452e-11
-5.7130686e-11
-6.2755669e-11
-6.0397728e-11
-5.6193172e-11
-6.2784083e-11
-5.5085225e-11
-5.7727267e-11
-5.9630682e-11
-5.9943175e-11
-5.8465906e-11
-5.7414764e-11
-5.8693175e-11
-5.8579537e-11
