-1.0062499e-10
-1.0018145e-10
-9.9314487e-11
-9.8669337e-11
-9.92137e-11
-9.9939487e-11
-1.0058464e-10
-9.9475796e-11
-9.9979823e-11
-1.0026208e-10
-9.8709672e-11
-1.0062499e-10
-1.0006048e-10
-9.8971761e-11
-9.8366919e-11
-9.9193542e-11
-1.017137e-10
-9.8810481e-11
-9.9959652e-11
-1.0032258e-10
-9.9899179e-11
-1.0060482e-10
-9.9334672e-11
-1.0070563e-10
-1.0022175e-10
-1.0074595e-10
-1.0062499e-10
-1.0026208e-10
-9.9999994e-11
-9.9919344e-11
-1.0161288e-10
-1.0010079e-10
-9.9072563e-11
-1.0016129e-10
-9.8951604e-11
-1.0108869e-10
-1.0026209e-10
-1.0034273e-10
-1.0032256e-10
-9.907257e-11
-9.8951576e-11
-9.9899172e-11
-1.004637e-10
-9.9495946e-11
-9.9818535e-11
-9.9798378e-11
-9.9133049e-11
-9.9677419e-11
-9.9133049e-11
-9.8124973e-11
-9.9072583e-11
-1.0010079e-10
-9.9455638e-11
-1.0074595e-10
-1.0042337e-10
-1.0040321e-10
-9.8548378e-11
-9.872983e-11
-9.8850796e-11
-9.9314508e-11
-1.0012095e-10
-1.0026209e-10
-9.8991926e-11
-1.0050401e-10
-9.9334672e-11
-9.9354823e-11
-9.909272e-11
-9.881046e-11
-9.8891124e-11
-9.9556439e-11
-1.0038305e-10
-9.9959652e-11
-9.8991926e-11
-1.0034273e-10
-1.002016e-10
-1.0038305e-10
-1.0018143e-10
-9.8810481e-11
-9.9395145e-11
-1.0022177e-10
-9.8447563e-11
-9.8749994e-11
-9.8629029e-11
-9.9536282e-11
-1.0062499e-10
-9.9475796e-11
-9.8286268e-11
-9.9032248e-11
-9.9233871e-11
-9.9052405e-11
-9.8749987e-11
-1.0120967e-10
-1.0058466e-10
-1.0070563e-10
-9.8850803e-11
-1.0060483e-10
-1.0038305e-10
-9.8669337e-11
-1.0032256e-10
-9.9173371e-11
-9.8870946e-11
-1.0034275e-10
-1.001008e-10
-9.8669337e-11
-9.9133049e-11
-9.9556419e-11
-9.8447563e-11
-1.0020159e-10
-9.9254015e-11
-9.9254008e-11
-9.9858857e-11
-9.8931439e-11
-1.0054434e-10
-1.0034271e-10
-9.8830624e-11
-9.9153213e-11
-1.0155241e-10
-9.9274165e-11
-9.8790316e-11
-9.9556433e-11
-9.9576597e-11
-1.0002015e-10
-9.9274179e-11
-9.969757e-11
-1.0074594e-10
-9.8891118e-11
-9.9556439e-11
-9.9374974e-11
-9.8387083e-11
-9.9899179e-11
-9.872983e-11
-9.91532e-11
-1.0024192e-10
-1.0044355e-10
-9.9758042e-11
-9.8709659e-11
-1.0135079e-10
-1.0032258e-10
-1.0070564e-10
-1.0016128e-10
-9.98387e-11
-1.0090725e-10
-9.935483e-11
-9.874998e-11
-9.8286282e-11
-9.9153213e-11
-1.0014111e-10
-1.0024192e-10
-9.9193542e-11
-9.9032255e-11
-9.9092741e-11
-9.9193535e-11
-9.907257e-11
-9.8487885e-11
-1.0006047e-10
-9.7661275e-11
-9.9455617e-11
-9.9939515e-11
-9.9616926e-11
-9.9495953e-11
-9.9616919e-11
-9.887096e-11
-9.9637083e-11
-9.9435481e-11
-9.9274165e-11
-9.9012083e-11
-9.8447563e-11
-9.9939508e-11
-1.0024192e-10
-9.8951597e-11
-9.8709659e-11
-9.92137e-11
-9.9576611e-11
-1.0038306e-10
-9.9334672e-11
-9.9374994e-11
-1.0032257e-10
-9.9556446e-11
-9.9596748e-11
-9.8911282e-11
-9.7661275e-11
-1.0082661e-10
-1.0064514e-10
-9.9697577e-11
-1.0078628e-10
-9.8830631e-11
-9.969757e-11
-1.0068547e-10
-9.9395166e-11
-9.9556439e-11
-1.0020158e-10
-9.9919344e-11
-9.9697584e-11
-1.0040321e-10
-9.9999994e-11
-1.0048385e-10
-1.0064514e-10
-9.92137e-11
-1.0038306e-10
-1.0102821e-10
-9.7943521e-11
-9.9415309e-11
-1.008266e-10
-1.0139112e-10
-1.0052419e-10
-9.8830638e-11
-1.0058467e-10
-1.0008062e-10
-9.9274179e-11
-9.9536289e-11
-9.9193528e-11
-9.9314501e-11
-1.0006045e-10
-9.8709672e-11
-9.8608857e-11
-9.9516131e-11
-1.0084673e-10
-9.9959672e-11
-9.9798378e-11
-1.0030241e-10
-9.9616926e-11
-1.0127015e-10
-1.0070563e-10
-1.0090723e-10
-9.9697556e-11
-1.0032256e-10
-1.0070564e-10
-1.0122984e-10
-1.0070563e-10
-1.0020158e-10
-1.0282256e-10
-9.9193515e-11
-1.0078628e-10
-1.0129032e-10
-1.0056451e-10
-1.0118951e-10
-9.9879015e-11
-1.0076612e-10
-1.0062499e-10
-9.9637069e-11
-9.8588707e-11
-9.9576597e-11
-9.9173364e-11
-1.006653e-10
-9.9112885e-11
-9.9838714e-11
-9.8064501e-11
-1.0052417e-10
-9.9354823e-11
-9.9838686e-11
-1.0094755e-10
-9.9495967e-11
-9.909272e-11
-9.9657241e-11
-9.8629015e-11
-9.9415302e-11
-9.9778213e-11
-9.9233864e-11
-1.0060483e-10
-1.0042338e-10
-9.9274186e-11
-9.8306446e-11
-1.0034271e-10
-1.0002015e-10
-9.9374987e-11
-9.9637069e-11
-9.97782e-11
-1.0032256e-10
-9.9576604e-11
-1.0054434e-10
-9.9294337e-11
-1.0004032e-10
-9.8750001e-11
-9.8911282e-11
-1.0098789e-10
-9.9254008e-11
-1.0016128e-10
-1.0066531e-10
-9.9919344e-11
-9.9435453e-11
-9.9818549e-11
-9.85887e-11
-1.0074595e-10
-9.9999987e-11
-1.0062501e-10
-9.9112885e-11
-1.0066531e-10
-9.9193535e-11
-9.9354816e-11
-9.9032255e-11
-9.9072563e-11
-1.0024193e-10
-9.9576604e-11
-9.9879029e-11
-1.007258e-10
-1.0040323e-10
-9.9616926e-11
-9.9596782e-11
-9.8830624e-11
-1.0040321e-10
-9.9516131e-11
-9.9677405e-11
-9.9334672e-11
-9.8548364e-11
-9.9112892e-11
-1.004637e-10
-9.915322e-11
-9.9415309e-11
-9.9314501e-11
-9.8991919e-11
-1.0062498e-10
-9.9536275e-11
-9.9395159e-11
-1.0084675e-10
-9.9959659e-11
-9.9354823e-11
-1.001008e-10
-9.901209e-11
-9.9697577e-11
-9.977822e-11
-9.9677405e-11
-9.9979816e-11
-9.9717755e-11
-9.8548371e-11
-1.0032257e-10
-9.947581e-11
-9.9415316e-11
-9.9858843e-11
-9.9213714e-11
-9.9072563e-11
-9.9838686e-11
-9.9879022e-11
-1.002016e-10
-1.0020161e-10
-9.9536282e-11
-1.0048386e-10
-9.8205631e-11
-1.0046369e-10
-1.0014113e-10
-9.9737898e-11
-9.9657255e-11
-1.015524e-10
-9.9959652e-11
-9.8770152e-11
-9.8830631e-11
-9.9112892e-11
-9.9939494e-11
-9.8326611e-11
-1.0032256e-10
-1.0046369e-10
-1.0062499e-10
-1.0012095e-10
-1.005645e-10
-1.0078629e-10
-9.9596775e-11
-9.9899186e-11
-1.0004032e-10
-9.9274165e-11
-9.949596e-11
-1.0187498e-10
-9.9576604e-11
-1.001411e-10
-1.0094757e-10
-1.0086692e-10
-1.0070563e-10
-9.9959672e-11
-9.9455617e-11
-9.9879022e-11
-9.9455624e-11
-1.0145159e-10
-9.9314508e-11
-1.0066531e-10
-1.0062498e-10
-9.9616912e-11
-9.8790316e-11
-9.9435474e-11
-9.9939508e-11
-9.9616926e-11
-9.9899172e-11
-9.9657262e-11
-9.92137e-11
-9.874998e-11
-1.0040322e-10
-9.9354809e-11
-9.852822e-11
-1.0100805e-10
-1.0044353e-10
-1.0038305e-10
-9.8649172e-11
-9.9354816e-11
-1.0229838e-10
-1.002016e-10
-1.0056451e-10
-1.0086691e-10
-1.00625e-10
-1.000403e-10
-1.0012097e-10
-1.0086693e-10
-9.9758056e-11
-1.0104836e-10
-1.0042339e-10
-1.0030241e-10
-1.0062499e-10
-1.0217741e-10
-1.0092741e-10
-9.9596761e-11
-9.949596e-11
-9.997983e-11
-1.0024193e-10
-9.9697563e-11
-1.0074596e-10
-9.8991912e-11
-1.001411e-10
-1.0052419e-10
-9.9415309e-11
-9.9012097e-11
-9.8891118e-11
-9.8729823e-11
-9.9616926e-11
-1.0124999e-10
-1.0052419e-10
-9.909272e-11
-9.9314501e-11
-1.0038304e-10
-1.004637e-10
-9.907257e-11
-9.9415309e-11
-9.9677398e-11
-9.9999987e-11
-1.0026209e-10
-1.0040323e-10
-1.0038306e-10
-1.0084675e-10
-1.0012095e-10
-9.9818549e-11
-1.005645e-10
-1.0137095e-10
-1.0189515e-10
-9.935483e-11
-1.0100806e-10
-1.0157256e-10
-1.0177419e-10
-1.0028225e-10
-1.0024192e-10
-9.9697577e-11
-9.73992e-11
-9.9314501e-11
-9.8810474e-11
-9.9818542e-11
-1.0082659e-10
-9.9213693e-11
-9.9576604e-11
-9.7923371e-11
-9.8104823e-11
-9.9274186e-11
-1.001411e-10
-1.0145159e-10
-9.9072563e-11
-9.9294337e-11
-9.8467713e-11
-9.9979823e-11
-9.8266124e-11
-1.0004032e-10
-1.005645e-10
-1.0056449e-10
-9.9334679e-11
-1.001008e-10
-9.8064508e-11
-9.9072563e-11
-9.7157241e-11
-1.0016128e-10
-1.0038306e-10
-9.9899179e-11
-1.0092741e-10
-9.8568549e-11
-1.0092741e-10
-1.0135079e-10
-9.9999987e-11
-1.0034271e-10
-9.7923371e-11
-9.8064508e-11
-9.9374994e-11
-1.001008e-10
-9.9133049e-11
-9.9939508e-11
-9.9334672e-11
-9.8286275e-11
-1.0080645e-10
-9.9395138e-11
-9.9495953e-11
-1.002016e-10
-9.937498e-11
-9.9193535e-11
-1.0028225e-10
-1.013508e-10
-1.0046369e-10
-9.9536289e-11
-1.0006048e-10
-1.0106854e-10
-1.0064517e-10
-9.9657255e-11
-9.9798371e-11
-1.0040322e-10
-1.0054434e-10
-9.9415302e-11
-9.9516131e-11
-1.0219757e-10
-1.014516e-10
-1.0098789e-10
-1.0078628e-10
-1.0008062e-10
-1.0078628e-10
-1.0018144e-10
-1.025403e-10
-1.1141128e-10
-1.2227822e-10
-1.3302418e-10
-1.4431449e-10
-1.6042338e-10
-1.802016e-10
-2.0502014e-10
-2.3383062e-10
-2.6070562e-10
-2.8116937e-10
-2.9153224e-10
-2.9997985e-10
-3.034879e-10
-3.0219757e-10
-3.01492e-10
-2.9772174e-10
-2.9221775e-10
-2.884476e-10
-2.816532e-10
-2.7675398e-10
-2.6830646e-10
-2.6330643e-10
-2.5693547e-10
-2.5018143e-10
-2.4300401e-10
-2.3868948e-10
-2.3175402e-10
-2.2620968e-10
-2.2068551e-10
-2.1590726e-10
-2.1026209e-10
-2.0566532e-10
-2.0092737e-10
-1.9685482e-10
-1.9197581e-10
-1.877016e-10
-1.8639114e-10
-1.8006047e-10
-1.7693547e-10
-1.7252015e-10
-1.7104838e-10
-1.648387e-10
-1.6475805e-10
-1.5856856e-10
-1.5945563e-10
-1.5659272e-10
-1.5356856e-10
-1.5171371e-10
-1.4895159e-10
-1.4752015e-10
-1.4618948e-10
-1.4342739e-10
-1.4179434e-10
-1.40625e-10
-1.4054435e-10
-1.3725805e-10
-1.3689515e-10
-1.3631048e-10
-1.3405238e-10
-1.3403226e-10
-1.3209674e-10
-1.3274191e-10
-1.3116934e-10
-1.3147176e-10
-1.2979837e-10
-1.279032e-10
-1.2891127e-10
-1.2685483e-10
-1.2600805e-10
-1.2758065e-10
-1.2455645e-10
-1.239516e-10
-1.2266128e-10
-1.2469757e-10
-1.2050402e-10
-1.203629e-10
-1.2181453e-10
-1.2272176e-10
-1.2058467e-10
-1.1987902e-10
-1.2064516e-10
-1.1929434e-10
-1.1784274e-10
-1.1796369e-10
-1.1756046e-10
-1.1699593e-10
-1.1800401e-10
-1.163508e-10
-1.1637094e-10
-1.169153e-10
-1.1594757e-10
-1.1544352e-10
-1.1685483e-10
-1.1602821e-10
-1.1370967e-10
-1.1574594e-10
-1.1449595e-10
-1.1395158e-10
-1.1421369e-10
-1.1417339e-10
-1.1536288e-10
-1.139516e-10
-1.1423386e-10
-1.1550402e-10
-1.1385078e-10
-1.1252015e-10
-1.1360887e-10
-1.1425402e-10
-1.1348788e-10
-1.1312499e-10
-1.1389111e-10
-1.1133064e-10
-1.1237902e-10
-1.108266e-10
-1.1292338e-10
-1.1290321e-10
-1.1171369e-10
-1.1320562e-10
-1.1225804e-10
-1.1310482e-10
-1.1181452e-10
-1.119758e-10
-1.1262095e-10
-1.1153224e-10
-1.1209678e-10
-1.0981854e-10
-1.1149193e-10
-1.1175402e-10
-1.1116935e-10
-1.1169354e-10
-1.119758e-10
-1.1088707e-10
-1.0963709e-10
-1.0963709e-10
-1.0935482e-10
-1.0913306e-10
-1.1020161e-10
-1.1104836e-10
-1.1120967e-10
-1.1082658e-10
-1.101411e-10
-1.097782e-10
-1.0800402e-10
-1.0995966e-10
-1.0997982e-10
-1.1096771e-10
-1.0991934e-10
-1.0955644e-10
-1.0991934e-10
-1.0816531e-10
-1.1040323e-10
-1.0889113e-10
-1.1020159e-10
-1.096774e-10
-1.089516e-10
-1.0879031e-10
-1.0911289e-10
-1.083266e-10
-1.0850806e-10
-1.0961691e-10
-1.0866934e-10
-1.0856853e-10
-1.0792338e-10
-1.0741936e-10
-1.0814515e-10
-1.0870966e-10
-1.0719758e-10
-1.0798385e-10
-1.0657257e-10
-1.0764113e-10
-1.0794352e-10
-1.0703629e-10
-1.0693547e-10
-1.0842741e-10
-1.0854837e-10
-1.0846772e-10
-1.0760078e-10
-1.0860886e-10
-1.0858869e-10
-1.0816532e-10
-1.0836692e-10
-1.0840724e-10
-1.0699595e-10
-1.0810484e-10
-1.0907256e-10
-1.0979838e-10
-1.081653e-10
-1.0856854e-10
-1.1054433e-10
-1.0848789e-10
-1.0933467e-10
-1.0653225e-10
-1.0862904e-10
-1.0792337e-10
-1.0786289e-10
-1.0824595e-10
-1.0804433e-10
-1.0731854e-10
-1.067137e-10
-1.0925402e-10
-1.0671369e-10
-1.0729838e-10
-1.0701611e-10
-1.0729838e-10
-1.0758063e-10
-1.0550403e-10
-1.0548384e-10
-1.0719757e-10
-1.0659273e-10
-1.067137e-10
-1.0542339e-10
-1.0689515e-10
-1.0647177e-10
-1.0758063e-10
-1.0639112e-10
-1.0548385e-10
-1.0679433e-10
-1.0659273e-10
-1.0620966e-10
-1.0592741e-10
-1.0669352e-10
-1.0608869e-10
-1.0622982e-10
-1.0566532e-10
-1.0677417e-10
-1.0502015e-10
-1.061895e-10
-1.0540321e-10
-1.0681451e-10
-1.0608869e-10
-1.0592741e-10
-1.0552418e-10
-1.0653226e-10
-1.0610886e-10
-1.0639113e-10
-1.0627015e-10
-1.0723789e-10
-1.0352823e-10
-1.0530241e-10
-1.0651208e-10
-1.0574595e-10
-1.0699595e-10
-1.0693547e-10
-1.0639113e-10
-1.0665321e-10
-1.0663305e-10
-1.0635079e-10
-1.0518143e-10
-1.0449595e-10
-1.0651209e-10
-1.0725806e-10
-1.0653223e-10
-1.0550402e-10
-1.0574595e-10
-1.0606854e-10
-1.0614917e-10
-1.056653e-10
-1.0622982e-10
-1.0618949e-10
-1.0653226e-10
-1.0542336e-10
-1.0705643e-10
-1.0550402e-10
-1.0562499e-10
-1.0461692e-10
-1.0558466e-10
-1.0616935e-10
-1.0637095e-10
-1.0739917e-10
-1.0598789e-10
-1.0576613e-10
-1.0578628e-10
-1.0717741e-10
-1.0576611e-10
-1.0534273e-10
-1.0550401e-10
-1.0631049e-10
-1.0624997e-10
-1.0661289e-10
-1.0764111e-10
-1.0419354e-10
-1.0681451e-10
-1.0485884e-10
-1.0419354e-10
-1.0528225e-10
-1.0598788e-10
-1.050403e-10
-1.0590725e-10
-1.0443547e-10
-1.0633063e-10
-1.0502014e-10
-1.0602822e-10
-1.0562498e-10
-1.0606853e-10
-1.0493951e-10
-1.0514111e-10
-1.0481854e-10
-1.0544352e-10
-1.0528226e-10
-1.0594758e-10
-1.0618949e-10
-1.0568548e-10
-1.0552419e-10
-1.0514113e-10
-1.0397177e-10
-1.0475804e-10
-1.033871e-10
-1.060887e-10
-1.058266e-10
-1.0562498e-10
-1.0475806e-10
-1.0437499e-10
-1.0499997e-10
-1.0495965e-10
-1.0586692e-10
-1.0643145e-10
-1.0584675e-10
-1.0493951e-10
-1.0520161e-10
-1.0711693e-10
-1.0562499e-10
-1.0445564e-10
-1.0481856e-10
-1.0401208e-10
-1.0590726e-10
-1.0489917e-10
-1.0590726e-10
-1.0318548e-10
-1.0143144e-10
-1.0318548e-10
-1.0310484e-10
-1.036895e-10
-1.0564515e-10
-1.0552419e-10
-1.0516127e-10
-1.0520161e-10
-1.0421369e-10
-1.0419353e-10
-1.0409272e-10
-1.0469758e-10
-1.0506045e-10
-1.0479836e-10
-1.0328628e-10
-1.0548384e-10
-1.0489918e-10
-1.0552419e-10
-1.0471773e-10
-1.0548386e-10
-1.059879e-10
-1.0564515e-10
-1.0512095e-10
-1.0413304e-10
-1.0397176e-10
-1.0554436e-10
-1.0391128e-10
-1.0592741e-10
-1.0508063e-10
-1.0594757e-10
-1.0429435e-10
-1.0516128e-10
-1.058266e-10
-1.0586692e-10
-1.0516128e-10
-1.0631047e-10
-1.0526206e-10
-1.0417336e-10
-1.0649192e-10
-1.0453628e-10
-1.0413306e-10
-1.0475806e-10
-1.0530241e-10
-1.0425401e-10
-1.054637e-10
-1.0622983e-10
-1.0487902e-10
-1.0574595e-10
-1.0653226e-10
-1.0526208e-10
-1.0548386e-10
-1.0403224e-10
-1.0542338e-10
-1.0421369e-10
-1.0506045e-10
-1.0445563e-10
-1.0465726e-10
-1.0562499e-10
-1.0489919e-10
-1.0524192e-10
-1.0457659e-10
-1.0449596e-10
-1.0465724e-10
-1.0596773e-10
-1.0475806e-10
-1.0574594e-10
-1.0518142e-10
-1.0546369e-10
-1.0413305e-10
-1.044758e-10
-1.0502015e-10
-1.0421369e-10
-1.0508062e-10
-1.0616933e-10
-1.0643145e-10
-1.0415321e-10
-1.0419353e-10
-1.0433467e-10
-1.0449596e-10
-1.0514113e-10
-1.0350804e-10
-1.0449595e-10
-1.0397175e-10
-1.048387e-10
-1.0471773e-10
-1.0572579e-10
-1.0479838e-10
-1.0451612e-10
-1.0423388e-10
-1.0467741e-10
-1.0518143e-10
-1.0352822e-10
-1.036895e-10
-1.0441531e-10
-1.0441532e-10
-1.0522176e-10
-1.0497982e-10
-1.0576611e-10
-1.0471773e-10
-1.0364919e-10
-1.0318547e-10
-1.038508e-10
-1.0546369e-10
-1.0469757e-10
-1.0266128e-10
-1.0471774e-10
-1.0374998e-10
-1.0495966e-10
-1.0354838e-10
-1.0491934e-10
-1.0409273e-10
-1.0381049e-10
-1.0282257e-10
-1.0278225e-10
-1.0211693e-10
-1.02379e-10
-1.0399193e-10
-1.0338708e-10
-1.0397175e-10
-1.0282257e-10
-1.0383064e-10
-1.0461693e-10
-1.0314515e-10
-1.0413305e-10
-1.038508e-10
-1.0526208e-10
-1.040121e-10
-1.0290321e-10
-1.0302419e-10
-1.045766e-10
-1.0276208e-10
-1.0364918e-10
-1.0423386e-10
-1.0389112e-10
-1.044153e-10
-1.029637e-10
-1.0381047e-10
-1.0300402e-10
-1.0340725e-10
-1.029637e-10
-1.044153e-10
-1.0252015e-10
-1.0274193e-10
-1.0262095e-10
-1.0407257e-10
-1.0445564e-10
-1.0435482e-10
-1.0308466e-10
-1.0381047e-10
-1.0276208e-10
-1.0518143e-10
-1.0324596e-10
-1.0389111e-10
-1.0475806e-10
-1.0372983e-10
-1.0336691e-10
-1.0387096e-10
-1.0443548e-10
-1.0328628e-10
-1.0485885e-10
-1.0387096e-10
-1.0322579e-10
-1.0062499e-10
-1.0397177e-10
-1.0594756e-10
-1.0318548e-10
-1.030645e-10
-1.0479839e-10
-1.0431452e-10
-1.0324595e-10
-1.0417339e-10
-1.030645e-10
-1.0459675e-10
-1.0366935e-10
-1.044153e-10
-1.0348788e-10
-1.0383062e-10
-1.0340725e-10
-1.0445564e-10
-1.0356853e-10
-1.0344756e-10
-1.0338708e-10
-1.0272178e-10
-1.0415321e-10
-1.0364917e-10
-1.0397175e-10
-1.0318546e-10
-1.0409273e-10
-1.0211692e-10
-1.0393143e-10
-1.0326612e-10
-1.0137096e-10
-1.0274192e-10
-1.0272178e-10
-1.0308468e-10
-1.0139112e-10
-1.0431451e-10
-1.0356854e-10
-1.0374998e-10
-1.0316532e-10
-1.0397176e-10
-1.0427419e-10
-1.0298386e-10
-1.0284274e-10
-1.0403225e-10
-1.0235886e-10
-1.0463708e-10
-1.0346773e-10
-1.0435482e-10
-1.0328627e-10
-1.0252014e-10
-1.0411291e-10
-1.0300402e-10
-1.039516e-10
-1.0381046e-10
-1.0405241e-10
-1.0326612e-10
-1.0254032e-10
-1.0314517e-10
-1.0278225e-10
-1.0366934e-10
-1.0348789e-10
-1.031653e-10
-1.0286289e-10
-1.0322581e-10
-1.0356854e-10
-1.0338709e-10
-1.0433467e-10
-1.0383063e-10
-1.0292339e-10
-1.026411e-10
-1.0324595e-10
-1.0439516e-10
-1.031653e-10
-1.0203628e-10
-1.0360886e-10
-1.0223791e-10
-1.0372983e-10
-1.0149192e-10
-1.0352821e-10
-1.0324595e-10
-1.0235886e-10
-1.0336692e-10
-1.0258062e-10
-1.025403e-10
-1.019153e-10
-1.0247982e-10
-1.0298387e-10
-1.0298386e-10
-1.034879e-10
-1.0245967e-10
-1.0290322e-10
-1.0247982e-10
-1.0195563e-10
-1.0231854e-10
-1.0336691e-10
-1.033266e-10
-1.0370967e-10
-1.0264112e-10
-1.0350806e-10
-1.0427418e-10
-1.0241935e-10
-1.026008e-10
-1.0229837e-10
-1.0356854e-10
-1.0247983e-10
-1.0247983e-10
-1.0364917e-10
-1.0360886e-10
-1.0342741e-10
-1.0270162e-10
-1.0312499e-10
-1.0346774e-10
-1.0284271e-10
-1.0435482e-10
-1.0366933e-10
-1.0282258e-10
-1.0330644e-10
-1.0419354e-10
-1.0453628e-10
-1.0324596e-10
-1.035887e-10
-1.0294353e-10
-1.0262096e-10
-1.0393145e-10
-1.0368951e-10
-1.0084676e-10
-1.0203628e-10
-1.046371e-10
-1.026008e-10
-1.0274193e-10
-1.0312498e-10
-1.0231854e-10
-1.0308467e-10
-1.0358869e-10
-1.0183467e-10
-1.029637e-10
-1.0296369e-10
-1.0229839e-10
-1.0175401e-10
-1.0239917e-10
-1.0320565e-10
-1.0258062e-10
-1.0312499e-10
-1.0330645e-10
-1.0179434e-10
-1.017137e-10
-1.0314515e-10
-1.0294351e-10
-1.0324596e-10
-1.0294355e-10
-1.0231854e-10
-1.0092741e-10
-1.0282257e-10
-1.0247984e-10
-1.0175401e-10
-1.0223789e-10
-1.0229837e-10
-1.012903e-10
-1.0300402e-10
-1.021774e-10
-1.0070565e-10
-1.0304433e-10
-1.0247982e-10
-1.0312499e-10
-1.0264113e-10
-1.0354837e-10
-1.0231854e-10
-1.0338708e-10
-1.0324595e-10
-1.017137e-10
-1.0262097e-10
-1.0272176e-10
-1.0223791e-10
-1.0286289e-10
-1.0278226e-10
-1.0556449e-10
-1.0268144e-10
-1.0451612e-10
-1.0391128e-10
-1.0306451e-10
-1.0435482e-10
-1.0300402e-10
-1.0294355e-10
-1.0445563e-10
-1.0356854e-10
-1.0421369e-10
-1.045766e-10
-1.0330644e-10
-1.0421369e-10
-1.0455643e-10
-1.0342741e-10
-1.0381046e-10
-1.0407256e-10
-1.0254032e-10
-1.0471772e-10
-1.0346773e-10
-1.0227821e-10
-1.0348788e-10
-1.032258e-10
-1.027016e-10
-1.0497982e-10
-1.0374997e-10
-1.0356853e-10
-1.0344756e-10
-1.0191532e-10
-1.0106853e-10
-1.0199596e-10
-1.025e-10
-1.0292338e-10
-1.0231854e-10
-1.0401209e-10
-1.0296369e-10
-1.0280241e-10
-1.026008e-10
-1.0300402e-10
-1.0229838e-10
-1.0225804e-10
-1.0237902e-10
-1.029637e-10
-1.0175401e-10
-1.0405241e-10
-1.028629e-10
-1.0330644e-10
-1.0213707e-10
-1.0320564e-10
-1.0292337e-10
-1.0256048e-10
-1.0370966e-10
-1.0249999e-10
-1.023387e-10
-1.0227821e-10
-1.0377015e-10
-1.0286289e-10
-1.0163304e-10
-1.0183467e-10
-1.0348791e-10
-1.0225805e-10
-1.0278224e-10
-1.0403224e-10
-1.0278225e-10
-1.0280242e-10
-1.0231855e-10
-1.0256047e-10
-1.033266e-10
-1.0215722e-10
-1.0249999e-10
-1.0308464e-10
-1.0175401e-10
-1.0362901e-10
-1.0346771e-10
-1.0292336e-10
-1.0175402e-10
-1.0352821e-10
-1.032258e-10
-1.0177419e-10
-1.0223789e-10
-1.0241934e-10
-1.0258063e-10
-1.0177417e-10
-1.0209675e-10
-1.0046368e-10
-1.0177418e-10
-1.0209676e-10
-1.0141129e-10
-1.0171371e-10
-1.026008e-10
-1.0209676e-10
-1.0326611e-10
-1.0370966e-10
-1.0100806e-10
-1.0229839e-10
-1.0122983e-10
-1.025403e-10
-1.0207659e-10
-1.0231856e-10
-1.0127015e-10
-1.0346773e-10
-1.0191532e-10
-1.0294354e-10
-1.0276207e-10
-1.0127014e-10
-1.0280241e-10
-1.0231854e-10
-1.0231854e-10
-1.0443547e-10
-1.0391128e-10
-1.0322579e-10
-1.0272176e-10
-1.0316531e-10
-1.0239918e-10
-1.0344756e-10
-1.0247983e-10
-1.0243952e-10
-1.0239919e-10
-1.0328627e-10
-1.0364917e-10
-1.0308466e-10
-1.0358869e-10
-1.0235886e-10
-1.0316532e-10
-1.031653e-10
-1.0298385e-10
-1.0314517e-10
-1.0225806e-10
-1.0215725e-10
-1.0374997e-10
-1.0318548e-10
-1.0247983e-10
-1.0290321e-10
-1.0127016e-10
-1.0221771e-10
-1.0274191e-10
-1.0189515e-10
-1.0235884e-10
-1.030645e-10
-1.0368951e-10
-1.0332661e-10
-1.0223791e-10
-1.0167337e-10
-1.0235886e-10
-1.0199595e-10
-1.0256046e-10
-1.0143145e-10
-1.0316532e-10
-1.021774e-10
-1.0175401e-10
-1.0252015e-10
-1.0227821e-10
-1.0352821e-10
-1.0249999e-10
-1.0199597e-10
-1.0316531e-10
-1.0229839e-10
-1.0044353e-10
-1.0102821e-10
-1.0169354e-10
-1.0302419e-10
-1.0256047e-10
-1.0183467e-10
-1.011895e-10
-1.0300402e-10
-1.0256047e-10
-1.0320564e-10
-1.0127014e-10
-1.0135078e-10
-1.0205645e-10
-1.0038306e-10
-1.0133064e-10
-1.0048385e-10
-1.0223788e-10
-1.0199597e-10
-1.0074595e-10
-1.0078628e-10
-1.0217739e-10
-1.0324596e-10
-1.0215725e-10
-1.0336691e-10
-1.0209676e-10
-1.0094758e-10
-1.0272177e-10
-1.0116934e-10
-1.0153226e-10
-1.0066531e-10
-1.0266128e-10
-1.0185481e-10
-1.0189515e-10
-1.0048386e-10
-1.0116934e-10
-1.0124999e-10
-1.023387e-10
-1.0110884e-10
-1.0209677e-10
-1.0054434e-10
-1.0247982e-10
-1.0008065e-10
-1.0191532e-10
-1.0258064e-10
-1.0151208e-10
-1.0346773e-10
-1.0167338e-10
-1.0209678e-10
-1.0153225e-10
-1.0243951e-10
-1.0175401e-10
-1.0120967e-10
-1.020363e-10
-1.0114919e-10
-1.0264112e-10
-1.0163306e-10
-1.0114918e-10
-1.0147176e-10
-1.0372982e-10
-1.0229838e-10
-1.0292338e-10
-1.0133065e-10
-1.0177418e-10
-1.0016128e-10
-1.0203629e-10
-1.0199596e-10
-1.029032e-10
-1.0177418e-10
-1.0264111e-10
-1.0290321e-10
-1.0334675e-10
-1.0258063e-10
-1.0183469e-10
-1.0338708e-10
-1.0106854e-10
-1.0256047e-10
-1.0209677e-10
-1.0090724e-10
-1.0336691e-10
-1.0284271e-10
-1.0221775e-10
-1.023387e-10
-1.0157257e-10
-1.013911e-10
-1.0052419e-10
-1.0135079e-10
-1.0169355e-10
-1.023387e-10
-1.0256047e-10
-1.0098788e-10
-1.0278223e-10
-1.0108869e-10
-1.0076612e-10
-1.0104838e-10
-1.0153225e-10
-1.0096773e-10
-1.0076611e-10
-1.0032256e-10
-1.0064514e-10
-1.0114918e-10
-1.0074595e-10
-1.0131048e-10
-1.0175401e-10
-1.0258065e-10
-1.0239919e-10
-1.0054434e-10
-1.0149191e-10
-1.0131047e-10
-1.0022175e-10
-1.0068547e-10
-1.0012096e-10
-1.0139112e-10
-1.0179435e-10
-1.0086693e-10
-1.0231853e-10
-1.0070564e-10
-1.0060482e-10
-1.023387e-10
-1.0191531e-10
-1.0127015e-10
-1.0221773e-10
-1.0185481e-10
-1.0189515e-10
-1.0088708e-10
-1.0096773e-10
-1.0161288e-10
-1.0018144e-10
-1.0145161e-10
-1.0076612e-10
-1.0258062e-10
-1.0278223e-10
-1.0120967e-10
-1.0173386e-10
-1.0098788e-10
-1.0131049e-10
-1.002016e-10
-1.0102822e-10
-1.0054434e-10
-1.0171371e-10
-1.0102823e-10
-1.0268145e-10
-1.0155241e-10
-1.0116934e-10
-1.0074595e-10
-1.0052419e-10
-1.0171369e-10
-1.0046369e-10
-1.0217741e-10
-1.0074595e-10
-9.9979816e-11
-1.0179434e-10
-1.0046369e-10
-1.0036288e-10
-1.0127015e-10
-1.0118951e-10
-1.0110886e-10
-1.0110886e-10
-1.0169353e-10
-1.0215724e-10
-1.0189515e-10
-1.0088707e-10
-1.0078628e-10
-1.0151209e-10
-1.0120967e-10
-1.012903e-10
-1.0050402e-10
-1.0062499e-10
-1.0181451e-10
-1.017137e-10
-1.0163306e-10
-1.0171368e-10
-1.0096773e-10
-1.027016e-10
-1.0217741e-10
-1.0034275e-10
-1.0157256e-10
-1.0056449e-10
-1.0149191e-10
-1.016532e-10
-1.0100805e-10
-1.0415323e-10
-1.0104836e-10
-1.0185484e-10
-1.0114919e-10
-1.0167338e-10
-1.0074595e-10
-1.0177417e-10
-1.0225805e-10
-1.0026209e-10
-1.0167336e-10
-1.0139112e-10
-1.005645e-10
-1.0127014e-10
-1.0106854e-10
-1.0201611e-10
-1.0191532e-10
-1.0157257e-10
-1.0127015e-10
-1.0042337e-10
-1.0062498e-10
-1.0092741e-10
-1.0175404e-10
-1.0139112e-10
-1.0157257e-10
-1.0155241e-10
-1.010887e-10
-1.0179435e-10
-1.0108869e-10
-1.0217741e-10
-1.0116934e-10
-1.0217741e-10
-1.0215724e-10
-1.0231854e-10
-1.0159273e-10
-1.0143145e-10
-1.0231854e-10
-1.033266e-10
-1.0211692e-10
-1.0237902e-10
-1.0159272e-10
-1.0131047e-10
-1.0268144e-10
-9.98387e-11
-1.0139111e-10
-9.9294344e-11
-1.0120968e-10
-1.0050401e-10
-1.0088708e-10
-1.0203628e-10
-1.0074595e-10
-1.0118951e-10
-1.0247983e-10
-1.0221774e-10
-1.0110886e-10
-1.0175401e-10
-1.0086693e-10
-1.0080643e-10
-1.0141128e-10
-1.0056449e-10
-1.0084675e-10
-1.0092741e-10
-1.0304432e-10
-1.0080645e-10
-1.001008e-10
-1.0092741e-10
-1.0135078e-10
-1.0131047e-10
-1.0155241e-10
-1.0030241e-10
-1.0165322e-10
-1.0106854e-10
-1.0225804e-10
-1.025403e-10
-1.0088708e-10
-1.0153224e-10
-1.0203628e-10
-1.0308467e-10
-1.027016e-10
-1.0100806e-10
-1.0066531e-10
-1.0102821e-10
-1.0229838e-10
-1.0227822e-10
-1.0048386e-10
-1.0159273e-10
-1.0157256e-10
-1.0231854e-10
-1.0096772e-10
-1.0221771e-10
-1.0120966e-10
-1.0068547e-10
-1.0177417e-10
-1.0243949e-10
-1.0179434e-10
-1.0241934e-10
-1.0262095e-10
-1.0169353e-10
-1.0344756e-10
-1.011895e-10
-1.0133062e-10
-1.0231854e-10
-1.0122984e-10
-1.0084676e-10
-1.0102822e-10
-1.026411e-10
-1.0288306e-10
-1.0179434e-10
-1.0298386e-10
-1.0175402e-10
-1.0141129e-10
-1.0169354e-10
-1.0221773e-10
-1.0104838e-10
-1.0260079e-10
-1.030645e-10
-1.0094756e-10
-1.0181452e-10
-1.0139111e-10
-1.0064515e-10
-1.0040321e-10
-1.0241936e-10
-1.0096773e-10
-1.0159272e-10
-1.0102821e-10
-1.0310484e-10
-1.0100804e-10
-1.0308467e-10
-1.0094757e-10
-1.0096773e-10
-1.0122983e-10
-1.0211691e-10
-1.0141128e-10
-1.0318547e-10
-1.0185481e-10
-1.0235885e-10
-1.0199596e-10
-1.0177419e-10
-1.0078628e-10
-1.0032256e-10
-1.0058467e-10
-1.0233871e-10
-1.0221774e-10
-1.0235885e-10
-1.0177419e-10
-1.014516e-10
-1.0183467e-10
-1.0225806e-10
-1.0122982e-10
-1.0177419e-10
-1.0070565e-10
-1.0034273e-10
-1.0074595e-10
-1.0272178e-10
-1.0173386e-10
-1.0100804e-10
-1.0298384e-10
-1.0191531e-10
-1.0247982e-10
-1.0022175e-10
-1.0056451e-10
-1.0064514e-10
-1.0149193e-10
-1.0147175e-10
-1.0155241e-10
-1.0147177e-10
-1.0258063e-10
-1.0139111e-10
-1.0167337e-10
-1.0270161e-10
-1.0342741e-10
-1.0256047e-10
-1.0177418e-10
-1.0139112e-10
-1.0175401e-10
-1.020766e-10
-1.0098788e-10
-1.0302419e-10
-1.015524e-10
-1.0173387e-10
-1.0241934e-10
-1.0254032e-10
-1.0209678e-10
-1.0151208e-10
-1.0171371e-10
-1.0133065e-10
-1.0243951e-10
-1.0092741e-10
-1.0193547e-10
-1.0026208e-10
-1.0225805e-10
-1.0163306e-10
-1.0151209e-10
-1.0272175e-10
-1.0324595e-10
-1.0379032e-10
-1.018145e-10
-1.0129032e-10
-9.9435481e-11
-9.9677412e-11
-1.0076611e-10
-1.0147178e-10
-1.0129032e-10
-1.0074595e-10
-1.0026208e-10
-1.0066531e-10
-1.0231854e-10
-1.0205644e-10
-9.9778213e-11
-1.0171369e-10
-1.0235886e-10
-1.0102821e-10
-1.007258e-10
-1.0155241e-10
-1.0064515e-10
-1.0181452e-10
-1.0173386e-10
-1.0092741e-10
-1.0139112e-10
-9.9737898e-11
-1.0052421e-10
-1.0080645e-10
-1.0016127e-10
-1.0243949e-10
-1.0106853e-10
-1.0195563e-10
-1.0074596e-10
-1.0100805e-10
-1.0249997e-10
-1.0209676e-10
-9.9919337e-11
-1.0056449e-10
-1.0193549e-10
-1.0018143e-10
-1.0116934e-10
-9.9778207e-11
-1.0100804e-10
-1.0219756e-10
-1.0243949e-10
-1.0068547e-10
-1.0143145e-10
-1.017137e-10
-1.0040322e-10
-1.0096772e-10
-1.0054436e-10
-1.0062499e-10
-1.018145e-10
-1.0300402e-10
-1.0060482e-10
-1.0284272e-10
-1.010887e-10
-1.0062499e-10
-1.0114919e-10
-9.9999987e-11
-1.0090725e-10
-1.0256047e-10
-1.0302419e-10
-1.0177418e-10
-1.027621e-10
-1.0153224e-10
-1.0286288e-10
-1.0094757e-10
-1.0175402e-10
-1.0199595e-10
-1.0076611e-10
-1.0209676e-10
-1.0106853e-10
-9.9879022e-11
-9.9999987e-11
-1.0137097e-10
-1.0124998e-10
-1.0153224e-10
-1.0076611e-10
-1.013911e-10
-1.0157258e-10
-1.0159275e-10
-1.0084676e-10
-1.0040321e-10
-9.997983e-11
-1.009274e-10
-1.019758e-10
-1.0056452e-10
-1.004637e-10
-1.0108869e-10
-1.0179435e-10
-1.0070565e-10
-1.0159273e-10
-1.0155241e-10
-1.009879e-10
-1.0294354e-10
-9.969757e-11
-1.0163305e-10
-1.0054434e-10
-1.0256046e-10
-1.0131045e-10
-1.0048386e-10
-1.0225804e-10
-1.0149193e-10
-1.0080645e-10
-1.0084677e-10
-1.0151209e-10
-1.0044353e-10
-1.0153225e-10
-1.0191531e-10
-1.0161289e-10
-1.0223789e-10
-1.0074596e-10
-1.0189516e-10
-1.0112902e-10
-9.9516131e-11
-1.0076611e-10
-1.0090725e-10
-1.0131047e-10
-1.013911e-10
-1.002016e-10
-1.0110886e-10
-1.004637e-10
-1.0106854e-10
-9.9999987e-11
-1.0183467e-10
-1.0215725e-10
-1.0082661e-10
-9.9999981e-11
-1.0237902e-10
-1.012903e-10
-1.0199595e-10
-1.0189517e-10
-1.0163307e-10
-1.0151208e-10
-1.0046369e-10
-1.0116934e-10
-9.8931453e-11
-1.0062499e-10
-1.0201613e-10
-1.0058467e-10
-1.0102822e-10
-1.0098788e-10
-1.022782e-10
-1.0159271e-10
-9.9899193e-11
-1.0110886e-10
-9.9415309e-11
-1.0110885e-10
-1.0116934e-10
-1.0082659e-10
-1.0143144e-10
-1.0084675e-10
-1.001008e-10
-1.0060482e-10
-1.0098788e-10
-1.0030241e-10
-1.0127015e-10
-1.0098789e-10
-9.9919351e-11
-1.0052419e-10
-1.0068548e-10
-1.0008062e-10
-1.0098789e-10
-1.0006048e-10
-1.0038305e-10
-1.001008e-10
-1.0088709e-10
-1.0066531e-10
-1.0012096e-10
-1.0104837e-10
-1.0153223e-10
-1.0094756e-10
-1.0014112e-10
-1.0060484e-10
-1.0100805e-10
-1.0145159e-10
-9.9838714e-11
-1.019153e-10
-9.977822e-11
-9.957659e-11
-1.0062499e-10
-1.0066531e-10
-1.0229836e-10
-1.0078628e-10
-1.0129031e-10
-1.0030243e-10
-1.0052418e-10
-1.0102822e-10
-1.0161288e-10
-1.0163305e-10
-9.961694e-11
-1.0290321e-10
-1.0096772e-10
-1.0038305e-10
-1.0070563e-10
-1.0074595e-10
-1.0169354e-10
-1.0143144e-10
-1.0074598e-10
-1.021774e-10
-1.0157257e-10
-1.0127015e-10
-1.022379e-10
-1.0129031e-10
-1.0106854e-10
-1.0223791e-10
-1.0181452e-10
-1.0157256e-10
-1.0102821e-10
-1.0155241e-10
-1.0137096e-10
-1.0272178e-10
-1.0131048e-10
-1.0143144e-10
-1.0165321e-10
-1.0120967e-10
-1.0225805e-10
-1.0167338e-10
-1.0167338e-10
-1.0135079e-10
-1.0032257e-10
-1.017137e-10
-1.0175403e-10
-1.0076612e-10
-1.0191532e-10
-1.0288304e-10
-1.0149193e-10
-1.0213709e-10
-1.0032258e-10
-1.0137095e-10
-1.014516e-10
-1.0312499e-10
-1.0219757e-10
-1.0100805e-10
-9.9737878e-11
-1.0185482e-10
-9.9939487e-11
-1.0147176e-10
-1.0141129e-10
-1.011895e-10
-1.007258e-10
-1.0149191e-10
-1.0066532e-10
-1.0068547e-10
-1.0052419e-10
-1.0258062e-10
-1.0034274e-10
-9.9495953e-11
-1.0074595e-10
-1.0008064e-10
-9.9516118e-11
-9.969757e-11
-1.0082659e-10
-1.010887e-10
-9.9778207e-11
-1.0276208e-10
-1.0100806e-10
-1.0038305e-10
-1.0131047e-10
-1.0078627e-10
-1.0110886e-10
-1.0159274e-10
-1.0237901e-10
-1.0100806e-10
-1.0201612e-10
-1.0219758e-10
-1.0179434e-10
-1.0062498e-10
-1.0102823e-10
-1.008266e-10
-1.013508e-10
-9.9979823e-11
-9.9758049e-11
-1.0124999e-10
-1.0149192e-10
-1.0193547e-10
-9.9314515e-11
-9.9596761e-11
-1.0114919e-10
-1.0189515e-10
-1.0127015e-10
-1.0211693e-10
-1.0278225e-10
-1.0131049e-10
-1.0066531e-10
-1.0157256e-10
-1.0252016e-10
-1.0014111e-10
-1.0201612e-10
-1.0110885e-10
-1.0062499e-10
-1.0147175e-10
-1.0199595e-10
-9.9374974e-11
-1.0064514e-10
-1.0268144e-10
-1.0131047e-10
-1.0153224e-10
-1.0032257e-10
-1.0090725e-10
-1.0086691e-10
-1.0080645e-10
-1.0213709e-10
-1.008266e-10
-1.0086693e-10
-1.0010079e-10
-1.0106852e-10
-1.0171369e-10
-1.0058467e-10
-1.0167337e-10
-9.9637083e-11
-1.0286289e-10
-1.001008e-10
-1.0050403e-10
-1.0010081e-10
-1.0016128e-10
-1.0080643e-10
-1.0012095e-10
-1.0108869e-10
-1.0044355e-10
-1.0106854e-10
-9.8770145e-11
-1.0002014e-10
-1.0068547e-10
-1.0088708e-10
-1.0058467e-10
-1.0058466e-10
-9.9435488e-11
-9.98387e-11
-1.0116934e-10
-1.0022175e-10
-1.001008e-10
-1.0070563e-10
-1.0068547e-10
-1.0237901e-10
-1.0044355e-10
-1.0018143e-10
-1.0082658e-10
-9.9596761e-11
-1.0189515e-10
-1.0163305e-10
-1.0028226e-10
-1.018145e-10
-9.9596768e-11
-1.0193549e-10
-1.0034274e-10
-1.0002014e-10
-1.0185483e-10
-1.0008063e-10
-1.0074596e-10
-1.0129032e-10
-1.0116934e-10
-1.0006047e-10
-1.0034273e-10
-1.0102823e-10
-1.0060482e-10
-1.0104838e-10
-1.0040322e-10
-1.0044355e-10
-1.0074595e-10
-1.0141128e-10
-1.0098789e-10
-1.0127016e-10
-1.0058467e-10
-1.0133064e-10
-1.0179434e-10
-1.0213709e-10
-1.0004032e-10
-1.0155241e-10
-1.0082661e-10
-1.0076612e-10
-1.0058467e-10
-1.0195563e-10
-1.0237901e-10
-1.0086691e-10
-1.0177418e-10
-1.0044353e-10
-1.0074596e-10
-1.0052419e-10
-1.0058467e-10
-1.0143145e-10
-1.0048386e-10
-1.0004032e-10
-1.0032257e-10
-1.0272175e-10
-1.0159273e-10
-1.0165323e-10
-1.0151208e-10
-1.0173386e-10
-1.0149193e-10
-9.9919344e-11
-1.0167339e-10
-1.0233869e-10
-1.019153e-10
-1.013508e-10
-1.0074595e-10
-1.0116934e-10
-1.0074595e-10
-1.0133063e-10
-1.010887e-10
-1.0092738e-10
-1.0161288e-10
-1.0167338e-10
-1.0203626e-10
-1.0221775e-10
-1.0141127e-10
-9.97782e-11
-1.0032258e-10
-1.0175403e-10
-9.9919344e-11
-1.0179433e-10
-1.0044353e-10
-1.0177419e-10
-1.0129031e-10
-1.0153224e-10
-1.0066532e-10
-1.002621e-10
-1.0133062e-10
-1.0016128e-10
-9.9818549e-11
-1.0137095e-10
-1.0098789e-10
-1.0183467e-10
-1.0195564e-10
-1.0252016e-10
-9.8951597e-11
-1.0058467e-10
-1.0112901e-10
-1.0094757e-10
-1.0084677e-10
-1.0137094e-10
-1.0181451e-10
-1.0056451e-10
-1.0078628e-10
-9.9576597e-11
-1.0048386e-10
-1.0149192e-10
-1.0165322e-10
-1.0163306e-10
-1.0157257e-10
-1.0137095e-10
-1.0042338e-10
-1.0044352e-10
-1.0116934e-10
-1.0249999e-10
-1.0179436e-10
-1.0038305e-10
-1.010887e-10
-1.0237901e-10
-1.0284273e-10
-1.0090725e-10
-1.0157257e-10
-1.013508e-10
-1.0122983e-10
-1.0088709e-10
-1.0076612e-10
-1.0102821e-10
-1.0177419e-10
-1.018145e-10
-9.9858864e-11
-1.0155241e-10
-1.0284272e-10
-1.022379e-10
-1.0280241e-10
-1.0062498e-10
-1.0189515e-10
-1.0028225e-10
-1.014516e-10
-1.0054434e-10
-1.0133065e-10
-1.0088709e-10
-1.0201612e-10
-1.0078628e-10
-1.0205643e-10
-1.0038304e-10
-1.019758e-10
-1.0141128e-10
-9.977822e-11
-9.8588693e-11
-1.0221773e-10
-1.0062498e-10
-1.0094756e-10
-9.9254015e-11
-1.0147175e-10
-1.0203628e-10
-1.0092741e-10
-1.014516e-10
-1.0183467e-10
-1.0116935e-10
-1.0082662e-10
-1.008266e-10
-1.0034273e-10
-1.0056451e-10
-1.0006046e-10
-1.0060483e-10
-1.0074595e-10
-1.0104837e-10
-1.0120967e-10
-1.0262097e-10
-1.0175401e-10
-1.0112904e-10
-1.0044353e-10
-1.0278226e-10
-1.0028225e-10
-1.0060484e-10
-9.9193528e-11
-9.8810481e-11
-9.9637083e-11
-1.0120967e-10
-1.0177418e-10
-1.0086693e-10
-9.9879015e-11
-9.9717727e-11
-1.0127016e-10
-1.0187498e-10
-1.0072579e-10
-1.0133064e-10
-1.0106854e-10
-9.9959659e-11
-9.9758056e-11
-1.0018143e-10
-9.8951597e-11
-1.0104836e-10
-1.0040321e-10
-9.9536282e-11
-1.0177417e-10
-1.004637e-10
-1.0042338e-10
-1.0078627e-10
-1.0199596e-10
-1.0191532e-10
-1.0235886e-10
-1.0050402e-10
-1.0116932e-10
-1.0044352e-10
-1.0062499e-10
-1.0018146e-10
-1.0054437e-10
-1.0064514e-10
-1.0066532e-10
-1.0054434e-10
-1.0092741e-10
-1.0135079e-10
-1.0020162e-10
-9.9657241e-11
-1.0185483e-10
-1.010887e-10
-9.8649179e-11
-1.0028224e-10
-9.8971754e-11
-1.0052419e-10
-9.9213714e-11
-1.0074595e-10
-9.9677405e-11
-1.0189515e-10
-1.0082661e-10
-1.0066531e-10
-1.0070562e-10
-1.0008063e-10
-9.9959659e-11
-9.9153213e-11
-1.0124999e-10
-9.9254022e-11
-1.0167338e-10
-1.0088709e-10
-9.9818535e-11
-9.8891118e-11
-9.9939494e-11
-1.0094758e-10
-1.0040323e-10
-1.000403e-10
-1.0060484e-10
-1.0219756e-10
-1.0231854e-10
-1.0094756e-10
-1.0231854e-10
-1.0042337e-10
-1.0110886e-10
-1.0173386e-10
-1.0042338e-10
-1.0076612e-10
-1.0118951e-10
-1.0038306e-10
-1.0084675e-10
-1.0189515e-10
-1.0207661e-10
-1.0048386e-10
-9.9032234e-11
-1.0032258e-10
-1.0014112e-10
-1.0153225e-10
-1.0016128e-10
-1.006653e-10
-1.0010079e-10
-1.0024193e-10
-9.935483e-11
-9.9919358e-11
-9.9012083e-11
-9.9758042e-11
-1.0070563e-10
-1.0169352e-10
-1.0002015e-10
-1.0014111e-10
-1.0106854e-10
-1.0114917e-10
-1.0173386e-10
-1.0002016e-10
-1.0290322e-10
-1.0205645e-10
-1.0264112e-10
-1.0237901e-10
-1.0195562e-10
-1.0147178e-10
-1.0185482e-10
-1.0199595e-10
-1.0137095e-10
-1.0116934e-10
-1.0036289e-10
-1.0135079e-10
-1.0084676e-10
-1.0157256e-10
-1.0048386e-10
-1.0235885e-10
-1.0092742e-10
-1.0167337e-10
-9.9798371e-11
-1.0177418e-10
-1.0187498e-10
-1.0177418e-10
-9.9395145e-11
-1.0054434e-10
-1.0197579e-10
-1.0080644e-10
-1.0052419e-10
-9.9919337e-11
-1.0032258e-10
-1.0078627e-10
-1.0094757e-10
-1.0074594e-10
-1.0068548e-10
-1.0094757e-10
-9.9354816e-11
-1.0018145e-10
-1.0143144e-10
-1.0143144e-10
-1.0147175e-10
-1.0108869e-10
-1.0153225e-10
-9.9495953e-11
-1.0090725e-10
-1.0120967e-10
-1.0078628e-10
-9.9858864e-11
-1.0056449e-10
-1.0213709e-10
-9.8931426e-11
-1.0122982e-10
-1.0197578e-10
-1.0211693e-10
-1.000403e-10
-1.0187498e-10
-1.0092741e-10
-1.0102821e-10
-1.0308467e-10
-1.0139112e-10
-1.0151208e-10
-1.0187499e-10
-9.969757e-11
-1.002016e-10
-1.0086691e-10
-1.0028225e-10
-1.009879e-10
-1.0098789e-10
-9.9717734e-11
-1.0114917e-10
-1.0118951e-10
-1.019758e-10
-9.977822e-11
-9.8467748e-11
-1.0054434e-10
-1.0078627e-10
-1.0048389e-10
-1.0268143e-10
-1.0229836e-10
-1.0102821e-10
-1.014516e-10
-1.0157257e-10
-1.0332661e-10
-1.0054437e-10
-1.0074595e-10
-1.0209676e-10
-9.9919337e-11
-1.0052418e-10
-1.0155241e-10
-1.0078628e-10
-1.011895e-10
-1.0274191e-10
-1.0223788e-10
-1.0118952e-10
-1.0161288e-10
-1.0106854e-10
-9.9374987e-11
-1.0040321e-10
-1.0147177e-10
-1.0038305e-10
-1.0022178e-10
-1.0187499e-10
-1.0120966e-10
-1.0358871e-10
-1.0102821e-10
-1.0169355e-10
-1.0112902e-10
-1.0167337e-10
-9.9778207e-11
-1.0165321e-10
-1.0161288e-10
-1.0179434e-10
-1.0100806e-10
-1.0133065e-10
-1.0199597e-10
-1.0225806e-10
-1.0114919e-10
-1.0141128e-10
-1.0306451e-10
-1.0110885e-10
-1.012903e-10
-1.0173386e-10
-1.0290321e-10
-1.0078628e-10
-1.0114919e-10
-1.0040321e-10
-1.0036288e-10
-1.0038307e-10
-1.0165321e-10
-1.0066532e-10
-9.9415323e-11
-1.0036288e-10
-1.0153225e-10
-1.0046371e-10
-1.0090724e-10
-1.0110886e-10
-1.0024194e-10
-1.0143145e-10
-1.0096773e-10
-1.0098788e-10
-1.0127015e-10
-1.0016126e-10
-1.0129032e-10
-1.0012097e-10
-9.9919337e-11
-9.8709686e-11
-1.0044354e-10
-1.0120966e-10
-1.0153224e-10
-9.9133056e-11
-1.0191532e-10
-1.0106853e-10
-1.0092741e-10
-1.0243952e-10
-9.9899151e-11
-1.0219757e-10
-1.0120967e-10
-1.0209675e-10
-1.0086691e-10
-1.0135079e-10
-1.0066532e-10
-1.0153225e-10
-1.0090725e-10
-1.0100805e-10
-1.0016127e-10
-1.0282258e-10
-1.0201612e-10
-1.0171369e-10
-1.0012096e-10
-1.0201612e-10
-1.0012097e-10
-1.0080644e-10
-1.0066531e-10
-1.0143144e-10
-1.0165322e-10
-1.0120967e-10
-9.9596754e-11
-9.997983e-11
-1.020766e-10
-1.0052418e-10
-1.0064515e-10
-1.0090724e-10
-1.0096772e-10
-1.0157257e-10
-1.0147175e-10
-1.0092741e-10
-1.0199597e-10
-1.0008065e-10
-1.0106854e-10
-1.0002015e-10
-1.0032256e-10
-1.0100805e-10
-1.0110886e-10
-1.0106853e-10
-1.0076611e-10
-1.0058467e-10
-1.0122984e-10
-1.0026208e-10
-1.0086692e-10
-1.0086692e-10
-1.0046369e-10
-1.0050401e-10
-1.0159273e-10
-1.0179434e-10
-1.008266e-10
-1.0163306e-10
-9.9778213e-11
-1.009879e-10
-1.0086691e-10
-9.9999994e-11
-9.8891124e-11
-1.0177419e-10
-1.0219756e-10
-1.0046369e-10
-1.0110886e-10
-1.014516e-10
-1.0143144e-10
-1.0167337e-10
-9.9959652e-11
-1.0086693e-10
-9.9717741e-11
-1.0078628e-10
-1.0028225e-10
-1.0034274e-10
-1.0036289e-10
-1.0046368e-10
-1.0034273e-10
-1.0066531e-10
-1.0116934e-10
-1.0002015e-10
-1.0120967e-10
-9.907257e-11
-9.9798385e-11
-9.9717748e-11
-1.0094757e-10
-1.0058467e-10
-1.0036287e-10
-9.9798371e-11
-9.9737898e-11
-9.9818549e-11
-1.0114919e-10
-1.0028225e-10
-1.0080645e-10
-1.0151208e-10
-9.9294337e-11
-1.00625e-10
-9.9879015e-11
-9.9616919e-11
-1.0022176e-10
-9.9052405e-11
-1.0044352e-10
-9.8709652e-11
-1.0122984e-10
-1.0020159e-10
-1.0102822e-10
-1.0135077e-10
-1.0070564e-10
-1.0129031e-10
-1.0137095e-10
-1.0187499e-10
-1.0163305e-10
-9.9334665e-11
-1.0284272e-10
-1.0169354e-10
-1.0175401e-10
-1.0078628e-10
-1.026008e-10
-1.0149193e-10
-1.0104837e-10
-1.0002015e-10
-1.017137e-10
-1.0096773e-10
-1.0064517e-10
-1.0108869e-10
-9.9999974e-11
-1.0056451e-10
-1.0149192e-10
-1.0149192e-10
-1.0018143e-10
-1.0163307e-10
-1.013508e-10
-1.0038306e-10
-9.810483e-11
-9.9596768e-11
-1.009274e-10
-1.0076611e-10
-1.0159272e-10
-1.0076612e-10
-1.0076612e-10
-1.0076611e-10
-1.0046369e-10
-1.0124999e-10
-1.0131047e-10
-1.0312499e-10
-1.0002016e-10
-1.001411e-10
-1.0082661e-10
-1.0068548e-10
-1.018145e-10
-1.0213707e-10
-1.0133064e-10
-1.0004032e-10
-1.0131047e-10
-1.0102822e-10
-1.0094757e-10
-1.0189515e-10
-1.0088708e-10
-1.0157257e-10
-1.0118951e-10
-1.0120967e-10
-1.014516e-10
-1.0032257e-10
-1.0223787e-10
-1.004637e-10
-1.0260079e-10
-1.0100806e-10
-1.0048386e-10
-1.0024193e-10
-1.000403e-10
-9.9879029e-11
-1.0010079e-10
-1.0012096e-10
-1.0064514e-10
-9.9899186e-11
-9.9737871e-11
-9.9072563e-11
-9.9435481e-11
-1.0006047e-10
-9.9858857e-11
-1.007258e-10
-1.0131047e-10
-1.0058467e-10
-9.895159e-11
-9.8911282e-11
-1.0012095e-10
-9.9899172e-11
-1.0080644e-10
-1.0042338e-10
-1.0038304e-10
-1.0050404e-10
-1.0102821e-10
-1.0028223e-10
-1.004637e-10
-9.9919344e-11
-9.8971761e-11
-9.9153213e-11
-1.0122982e-10
-1.014516e-10
-1.0064514e-10
-1.0052417e-10
-1.0155241e-10
-9.9596754e-11
-1.0090725e-10
-1.0183466e-10
-1.0175404e-10
-1.0064514e-10
-1.0157256e-10
-1.0235885e-10
-1.002016e-10
-1e-10
-1.0143145e-10
-1.0010079e-10
-1.0088708e-10
-1.0129031e-10
-1.0076611e-10
-1.0056451e-10
-1.0171371e-10
-1.0086691e-10
-1.0068547e-10
-1.0120967e-10
-1.0088708e-10
-1.0018144e-10
-1.0147175e-10
-9.9314487e-11
-1.0106854e-10
-1.0076611e-10
-1.027016e-10
-1.008266e-10
-1.0008062e-10
-1.0258064e-10
-1.0167337e-10
-1.0247983e-10
-1.0118951e-10
-1.0042338e-10
-1.0116934e-10
-1.0034274e-10
-1.0076611e-10
-1.0074594e-10
-1.0032258e-10
-1.0249998e-10
-1.0018144e-10
-1.0074595e-10
-9.997983e-11
-1.0090725e-10
-1.025403e-10
-1.0104838e-10
-1.0203628e-10
-1.015524e-10
-1.0127015e-10
-1.0068547e-10
-1.0002014e-10
-9.9798392e-11
-1.0076612e-10
-1.0068548e-10
-1.0131046e-10
-1.0044354e-10
-1.0022175e-10
-1.0030241e-10
-1.0201612e-10
-1.0120967e-10
-1.0239919e-10
-1.0143145e-10
-1.0086691e-10
-1.0161288e-10
-1.0203629e-10
-1.0151208e-10
-1.0074595e-10
-1.0094756e-10
-1.0161288e-10
-1.0060481e-10
-1.0094756e-10
-1.0262097e-10
-1.0120968e-10
-1.0243952e-10
-1.0110886e-10
-9.9536275e-11
-1.0149192e-10
-1.0106855e-10
-1.0137096e-10
-9.9193542e-11
-9.98387e-11
-1.0088708e-10
-1.004637e-10
-1.0010078e-10
-1.0070564e-10
-1.0193548e-10
-9.9536261e-11
-9.9919337e-11
-1.0199596e-10
-1.016129e-10
-1.007661e-10
-1.0038305e-10
-1.0022178e-10
-1.0052418e-10
-1.0022175e-10
-9.9415302e-11
-1.0052418e-10
-1.0030241e-10
-1.0022177e-10
-1.0120966e-10
-1.0010079e-10
-1.0106853e-10
-1.0050401e-10
-1.0036288e-10
-1.0024191e-10
-1.0024192e-10
-9.872983e-11
-9.9778207e-11
-9.9374974e-11
-1.0171371e-10
-9.9737892e-11
-9.9899172e-11
-9.9919344e-11
-1.0026208e-10
-1.0002014e-10
-1.0094758e-10
-1.0151208e-10
-1.0068547e-10
-9.8588714e-11
-9.9536275e-11
-9.945561e-11
-1.0143143e-10
-9.9173371e-11
-1.0120966e-10
-9.9979823e-11
-9.8629015e-11
-1.0086692e-10
-9.9657248e-11
-1.0205644e-10
-1.002016e-10
-1.0231855e-10
-1.0106853e-10
-1.0092741e-10
-1.0203628e-10
-1.010887e-10
-1.0129032e-10
-1.0064515e-10
-1.0183467e-10
-1.0018144e-10
-1.0086692e-10
-1.0038305e-10
-1.0020159e-10
-1.0215725e-10
-1.0024192e-10
-1.0054434e-10
-1.0135079e-10
-1.0032257e-10
-9.9475789e-11
-9.9274165e-11
-9.8991912e-11
-1.0068548e-10
-9.9838686e-11
-1.010887e-10
-1.0044352e-10
-9.9999994e-11
-1.0044354e-10
-9.9939508e-11
-9.9939515e-11
-1.0090725e-10
-1.0034272e-10
-9.9858857e-11
-1.0084675e-10
-1.0137096e-10
-1.0008062e-10
-1.0131047e-10
-1.0070563e-10
-1.0050401e-10
-1.0062499e-10
-1.0104837e-10
-9.9697584e-11
-1.0034271e-10
-1.0076612e-10
-1.0030241e-10
-1.0042338e-10
-1.0052418e-10
-1.0102821e-10
-1.008266e-10
-9.9737898e-11
-1.0068546e-10
-1.007258e-10
-9.8669344e-11
-1.0173386e-10
-9.8810481e-11
-1.0024191e-10
-1.0147176e-10
-9.9657241e-11
-1.0161289e-10
-1.0008061e-10
-1.0088709e-10
-1.0032258e-10
-1.005645e-10
-1.0050403e-10
-1.0149192e-10
-1.0032257e-10
-1.0320563e-10
-1.0030241e-10
-1.0104837e-10
-1.0122982e-10
-1.0131047e-10
-1.0080643e-10
-9.9556446e-11
-1.0008064e-10
-1.0046369e-10
-1.008266e-10
-1.0022178e-10
-9.9838707e-11
-1.0163304e-10
-1.0058467e-10
-9.9758056e-11
-1.0245967e-10
-1.004637e-10
-1.0090725e-10
-1.0004028e-10
-9.9314501e-11
-1.0231854e-10
-9.7983864e-11
-1.0004029e-10
-1.0122982e-10
-1.0036289e-10
-1.0147175e-10
-1.0038306e-10
-9.9254015e-11
-1.0044353e-10
-1.0112902e-10
-9.9798378e-11
-1.0100805e-10
-1.0133062e-10
-1.0018144e-10
-1.0135079e-10
-9.9798371e-11
-9.9939515e-11
-9.985885e-11
-1.0129031e-10
-1.0062499e-10
-1.0010079e-10
-1.0018143e-10
-1.0038306e-10
-1.0012096e-10
-1.0092741e-10
-1.0157256e-10
-9.9899193e-11
-1.0048386e-10
-1.0018144e-10
-9.9254029e-11
-1.0209678e-10
-1.0137095e-10
-9.9415309e-11
-1.008266e-10
-1.0008063e-10
-1.001008e-10
-1.0004032e-10
-1.0004032e-10
-1.0133062e-10
-9.9979823e-11
-9.9637083e-11
-9.9556439e-11
-9.9959672e-11
-9.9979816e-11
-1.0042338e-10
-1.0024191e-10
-9.9213693e-11
-1.0018143e-10
-1.0048386e-10
-1.0050402e-10
-9.8951597e-11
-1.0040321e-10
-9.8911289e-11
-1.0165321e-10
-1.0068547e-10
-9.8991919e-11
-9.9919351e-11
-1.0102822e-10
-1.0050403e-10
-1.0074595e-10
-1.0137095e-10
-1.0195563e-10
-1.0141128e-10
-1.0223787e-10
-1.0106853e-10
-9.9435474e-11
-1.0260079e-10
-1.0092741e-10
-1.0179434e-10
-1.0078628e-10
-1.0137095e-10
-9.9818528e-11
-1.0012095e-10
-9.9959666e-11
-9.9455624e-11
-9.8689494e-11
-9.8790316e-11
-1.0036289e-10
-9.9999987e-11
-1.0038305e-10
-1.0116933e-10
-9.9758035e-11
-9.9032248e-11
-9.8286275e-11
-9.9939508e-11
-9.9919351e-11
-9.9758028e-11
-1.0038305e-10
-9.9717727e-11
-1.0088709e-10
-1.0096773e-10
-9.9858864e-11
-1.0014113e-10
-9.9778207e-11
-1.0122984e-10
-9.9657241e-11
-9.9939508e-11
-1.0070563e-10
-9.9092734e-11
-9.9213714e-11
-9.9415309e-11
-1.0034274e-10
-1.0088708e-10
-9.9455624e-11
-1.0116934e-10
-9.8709665e-11
-1.0157257e-10
-9.9778207e-11
-1.0044353e-10
-9.9838714e-11
-1.0092741e-10
-9.9233857e-11
-9.9999987e-11
-1.0088708e-10
-9.9596768e-11
-9.9919344e-11
-9.9758049e-11
-1.0040321e-10
-1.0161291e-10
-1.008266e-10
-1.001411e-10
-9.9919351e-11
-1.0008062e-10
-1.0056451e-10
-1.0064514e-10
-1.015121e-10
-1.001008e-10
-1.0080644e-10
-1.0016128e-10
-1.0038304e-10
-1.0006047e-10
-1.0104836e-10
-1.0147175e-10
-1.0165321e-10
-1.0118951e-10
-1.0181451e-10
-1.0149193e-10
-1.0040321e-10
-1.019758e-10
-1.0106855e-10
-1.0157256e-10
-1.0048386e-10
-1.013911e-10
-1.0010081e-10
-1.0094756e-10
-1.0129032e-10
-9.9939494e-11
-1.0054434e-10
-9.969757e-11
-9.9092734e-11
-1.0030241e-10
-1.002016e-10
-1.0024191e-10
-1.0151209e-10
-1.001411e-10
-1.0078628e-10
-1.0120967e-10
-1.0028224e-10
-1.0060483e-10
-1.0237902e-10
-1.0026207e-10
-1.0010079e-10
-1.0040322e-10
-1.0010079e-10
-1.0084675e-10
-9.9737892e-11
-9.9334665e-11
-1.0042337e-10
-1.0122984e-10
-9.8951583e-11
-1.0034273e-10
-1.0008063e-10
-1.0090723e-10
-1.0032257e-10
-9.9233857e-11
-1.0006047e-10
-1.0022175e-10
-9.97782e-11
-1.0034272e-10
-1.0104837e-10
-1.0058467e-10
-1.0137098e-10
-9.866933e-11
-1.0076611e-10
-9.9415316e-11
-9.8649179e-11
-1.0030241e-10
-9.9758056e-11
-1.0004032e-10
-1.015524e-10
-1.0086691e-10
-9.9072577e-11
-1.0110886e-10
-1.0135079e-10
-1.0018143e-10
-1.015524e-10
-1.0058466e-10
-9.85887e-11
-1.0048385e-10
-1.0201611e-10
-9.9576597e-11
-9.9354823e-11
-9.9737892e-11
-1.0127015e-10
-1.0106852e-10
-1.0064515e-10
-1.0070564e-10
-9.8749994e-11
-1.0016128e-10
-1.0036288e-10
-1.0060484e-10
-1.0050401e-10
-9.9879008e-11
-9.9374974e-11
-1.0060482e-10
-1.0036289e-10
-1.0155241e-10
-9.969757e-11
-9.9778213e-11
-1.0040321e-10
-9.9919344e-11
-1.0062499e-10
-1.0082658e-10
-9.9838686e-11
-9.9818542e-11
-1.0064517e-10
-9.9294344e-11
-1.0235886e-10
-1.0120967e-10
-1.0042338e-10
-9.9939508e-11
-1.0155239e-10
-1.0034271e-10
-9.9495939e-11
-1.0066532e-10
-1.0028223e-10
-1.003629e-10
-9.7883049e-11
-1.0096772e-10
-1.0032256e-10
-1.0018143e-10
-9.8971761e-11
-1.0084676e-10
-1.0088708e-10
-9.9717734e-11
-9.9395152e-11
-9.9193535e-11
-1.000403e-10
-1.0058467e-10
-1.0044355e-10
-1.0024191e-10
-1.0028223e-10
-1.001411e-10
-1.0030241e-10
-9.8689508e-11
-1.0008063e-10
-9.9939529e-11
-9.9717727e-11
-1.0092741e-10
-1.0102822e-10
-9.9919358e-11
-1.0195563e-10
-9.9798378e-11
-1.0050403e-10
-1.0028225e-10
-9.9395145e-11
-1.001411e-10
-9.9637083e-11
-1.0193547e-10
-9.9919344e-11
-1.005645e-10
-1.0014112e-10
-1.002016e-10
-1.0032257e-10
-1.008266e-10
-1.0084676e-10
-1.011895e-10
-9.9858857e-11
-1.0143145e-10
-9.997983e-11
-1.0060484e-10
-9.935483e-11
-9.9778213e-11
-1.016129e-10
-1.0042338e-10
-1.0014111e-10
-9.929433e-11
-9.9939508e-11
-9.9999981e-11
-9.977822e-11
-9.9919337e-11
-9.9133063e-11
-9.9374994e-11
-1.0030241e-10
-9.8326611e-11
-9.9616926e-11
-9.9737878e-11
-1.0120967e-10
-9.9637104e-11
-1.0020161e-10
-9.9959659e-11
-1.0127013e-10
-1.0157257e-10
-9.9717727e-11
-9.9798371e-11
-9.8850789e-11
-1.0076611e-10
-9.9536289e-11
-9.9677398e-11
-9.9798385e-11
-1.0104837e-10
-9.9616926e-11
-9.8044357e-11
-1.0002014e-10
-1.0120968e-10
-9.947581e-11
-9.9616919e-11
-1.0062499e-10
-1.0048385e-10
-1.0062498e-10
-1.0054434e-10
-1.0137095e-10
-1.0040321e-10
-1.0147177e-10
-9.9233864e-11
-9.9435467e-11
-9.9032255e-11
-1.0141129e-10
-1.0066531e-10
-1.0068547e-10
-1.0080644e-10
-9.8991926e-11
-9.9395152e-11
-1.0018143e-10
-9.9798378e-11
-1.0141128e-10
-9.8971761e-11
-1.0012096e-10
-1.0247982e-10
-1.0066531e-10
-1.0112901e-10
-1.0143145e-10
-1.0068547e-10
-1.0149193e-10
-9.9052405e-11
-1.003024e-10
-1.0034273e-10
-1.0040321e-10
-1.0100805e-10
-1.0100806e-10
-1.0044353e-10
-1.0116935e-10
-1.006653e-10
-1.0110887e-10
-9.945561e-11
-9.969757e-11
-9.9959672e-11
-1.0032257e-10
-1.0187499e-10
-1.0102822e-10
-1.0127016e-10
-1.0104838e-10
-1.0036288e-10
-1.0042337e-10
-1.0078628e-10
-1.0032256e-10
-1.0074596e-10
-9.9294344e-11
-1.0048386e-10
-1.0066532e-10
-1.002016e-10
-1.0018145e-10
-1.0052417e-10
-9.9314522e-11
-1.0155241e-10
-1.0084676e-10
-1.0010079e-10
-1.0042338e-10
-1.0090727e-10
-1.0076612e-10
-9.937498e-11
-9.8064501e-11
-1.0131047e-10
-1.0016127e-10
-1.0044354e-10
-9.9758049e-11
-9.9133056e-11
-9.9193556e-11
-9.9133056e-11
-9.985885e-11
-1.0006047e-10
-1.0116934e-10
-1.0084675e-10
-1.0008062e-10
-9.9798378e-11
-1.0090725e-10
-1.0022175e-10
-1.0070563e-10
-1.0108869e-10
-9.9657241e-11
-1.0098789e-10
-9.8810474e-11
-1.0122983e-10
-9.8104816e-11
-1.0090725e-10
-9.8931446e-11
-9.9435467e-11
-9.9919344e-11
-9.8911268e-11
-9.8326604e-11
-1.0032259e-10
-1.0022177e-10
-1.005645e-10
-1.0068547e-10
-1.0124999e-10
-1.0068547e-10
-1.0012096e-10
-1.0094756e-10
-1.0054433e-10
-1.016532e-10
-1.0030239e-10
-9.9798378e-11
-9.9274172e-11
-9.9999981e-11
-1.0010079e-10
-1.0034273e-10
-1.0102821e-10
-9.9354837e-11
-1.0104837e-10
-9.9899179e-11
-1.0060483e-10
-1.0112904e-10
-1.0008064e-10
-9.9576597e-11
-1.000403e-10
-1.0106854e-10
-9.9455631e-11
-1.0026208e-10
-9.9415302e-11
-9.9354816e-11
-1.000403e-10
-9.9999994e-11
-1.0050401e-10
-1.0076612e-10
-9.9233857e-11
-1.0016128e-10
-1.0241934e-10
-9.9637097e-11
-1.002016e-10
-1.0135078e-10
-1.000403e-10
-1.0018145e-10
-1.0032258e-10
-9.9959659e-11
-1.0062499e-10
-1.0173387e-10
-9.8629015e-11
-1.018145e-10
-1.0078627e-10
-1.0161288e-10
-1.0076611e-10
-9.8991919e-11
-1.0225804e-10
-9.9939508e-11
-9.9435474e-11
-1.0139112e-10
-9.8669337e-11
-9.9616933e-11
-1.0068546e-10
-1.0054434e-10
-1.0054434e-10
-1.0008065e-10
-1.008266e-10
-9.9657255e-11
-9.9899179e-11
-1.0086691e-10
-1.0028225e-10
-9.9879022e-11
-9.9536282e-11
-1.0088708e-10
-1.0014113e-10
-9.9415302e-11
-9.9858857e-11
-1.0070565e-10
-9.8830631e-11
-9.9758049e-11
-9.9838686e-11
-9.8709665e-11
-1.0018145e-10
-1.0042338e-10
-9.9536289e-11
-9.9193528e-11
-9.92137e-11
-9.9637083e-11
-9.9899172e-11
-9.9999994e-11
-9.9354823e-11
-9.9778213e-11
-1.0038306e-10
-9.9999994e-11
-9.9657255e-11
-1.0022177e-10
-1.0020159e-10
-1.0074595e-10
-9.9758056e-11
-9.9354816e-11
-1.0030241e-10
-9.8770152e-11
-9.9899186e-11
-9.8588714e-11
-1.0078628e-10
-1.0044353e-10
-9.949596e-11
-9.8770159e-11
-1.0042338e-10
-1.0038304e-10
-1.0064514e-10
-1.0018144e-10
-1.0048386e-10
-1.0030241e-10
-9.8225802e-11
-1.0090725e-10
-9.8487885e-11
-1.0050402e-10
-9.9576597e-11
-1.0137096e-10
-9.8870967e-11
-9.8326604e-11
-9.9052405e-11
-1.0034273e-10
-9.9959679e-11
-1.0036289e-10
-9.9435467e-11
-1.0050402e-10
-9.9858857e-11
-9.874998e-11
-1.0048388e-10
-9.8508049e-11
-1.008266e-10
-1.0036288e-10
-9.9858857e-11
-9.9415316e-11
-9.9193535e-11
-9.7157248e-11
-9.9133063e-11
-9.8548385e-11
-1.0002017e-10
-9.8749973e-11
-1.0026208e-10
-1.0022175e-10
-9.8528213e-11
-9.872983e-11
-9.8770145e-11
-1.0026207e-10
-1.0048387e-10
-9.9999994e-11
-1.0108871e-10
-9.8971761e-11
-1.0012095e-10
-1.0026207e-10
-9.8427398e-11
-9.9153227e-11
-1.0122983e-10
-9.9657248e-11
-9.9395152e-11
-9.8124994e-11
-1.0030241e-10
-9.98387e-11
-9.9395152e-11
-9.9112905e-11
-1.0038306e-10
-1.0052419e-10
-9.9334659e-11
-9.9999974e-11
-9.9153206e-11
-1.0024193e-10
-1.0048387e-10
-9.9173371e-11
-1.0002016e-10
-1.0032258e-10
-9.8891124e-11
-9.9657248e-11
-1.0010081e-10
-1.0036289e-10
-1.0060482e-10
-9.9032248e-11
-1.0165321e-10
-9.9959666e-11
-1.0050403e-10
-1.008266e-10
-1.0120967e-10
-9.9798378e-11
-1.0008062e-10
-1.0012097e-10
-9.9737898e-11
-1.0050402e-10
-1.0129032e-10
-9.9919351e-11
-9.9798378e-11
-1.0102822e-10
-1.0131047e-10
-9.997983e-11
-1.0054434e-10
-1.0211692e-10
-1.008266e-10
-1.0070562e-10
-9.9314508e-11
-1.0070564e-10
-9.9112885e-11
-1.0008063e-10
-1.0004032e-10
-9.9697563e-11
-9.9616919e-11
-9.9616933e-11
-9.9778207e-11
-1.0086693e-10
-1.0098791e-10
-1.0124999e-10
-9.9717713e-11
-9.9899186e-11
-1.0020159e-10
-1.0104837e-10
-1.0096773e-10
-1.0018143e-10
-1.0016128e-10
-1.0008062e-10
-1.0169353e-10
-1.0048386e-10
-1.0076611e-10
-1.0018145e-10
-9.9778213e-11
-1.0054436e-10
-9.9274172e-11
-9.9999981e-11
-1.0060482e-10
-1.0058467e-10
-9.9999981e-11
-1.010484e-10
-9.9415302e-11
-1.0020161e-10
-1.0181452e-10
-1.0024193e-10
-9.9697577e-11
-9.9415309e-11
-1.0100807e-10
-1.0211693e-10
-9.9999987e-11
-1.0177419e-10
-1.0139112e-10
-1.011895e-10
-1.0127015e-10
-1.0010079e-10
-1.0100806e-10
-1.0068547e-10
-1.013508e-10
-1.002016e-10
-1.017137e-10
-1.0084675e-10
-9.98387e-11
-9.9959666e-11
-9.9435488e-11
-1.0054436e-10
-9.895159e-11
-1.0034273e-10
-9.9475803e-11
-9.9919358e-11
-1.0080645e-10
-9.79637e-11
-1.0016126e-10
-1.0002014e-10
-9.9879029e-11
-9.9576611e-11
-9.9495953e-11
-1.0129032e-10
-1.0010079e-10
-9.9919344e-11
-1.0076611e-10
-1.0018144e-10
-9.9254022e-11
-9.9717727e-11
-9.872983e-11
-9.9717734e-11
-9.838709e-11
-9.8830638e-11
-9.9858864e-11
-1.002016e-10
-1.0044351e-10
-9.8689494e-11
-1.0227821e-10
-9.9959666e-11
-1.0066532e-10
-9.9092741e-11
-9.8165302e-11
-1.0068547e-10
-9.9254029e-11
-1.0028225e-10
-1.0080643e-10
-1.007258e-10
-1.0010079e-10
-9.9778193e-11
-9.971772e-11
-9.9697563e-11
-9.9919344e-11
-9.8548364e-11
-1.0088708e-10
-9.9899186e-11
-1.020766e-10
-1.0028225e-10
-9.9052405e-11
-9.9516111e-11
-1.007258e-10
-1.0038306e-10
-9.9999987e-11
-9.9153213e-11
-1.0024192e-10
-9.969757e-11
-1.0064514e-10
-1.0006046e-10
-9.9737898e-11
-9.985885e-11
-1.0038306e-10
-1.0157257e-10
-1.0098789e-10
-9.8911275e-11
-9.9697556e-11
-9.8266111e-11
-1.0084675e-10
-9.9354816e-11
-9.9153213e-11
-9.9899186e-11
-9.9979823e-11
-1.0012097e-10
-9.9556426e-11
-1.0014112e-10
-9.9677419e-11
-9.963709e-11
-1.0074596e-10
-9.9818535e-11
-1.0108869e-10
-9.9516118e-11
-9.9435481e-11
-9.9879008e-11
-9.9092727e-11
-1.0008063e-10
-9.9516131e-11
-9.9717727e-11
-1.0096772e-10
-9.9858857e-11
-1.0068547e-10
-1.0034272e-10
-1.0122983e-10
-9.9737905e-11
-9.9294337e-11
-9.9758042e-11
-1.0074595e-10
-9.9919351e-11
-9.9919351e-11
-9.8487898e-11
-1.0022177e-10
-9.8266117e-11
-9.9717741e-11
-1.0018143e-10
-9.9798378e-11
-9.7943528e-11
-1.0012097e-10
-9.9556439e-11
-1.0068547e-10
-9.9919344e-11
-1.0032256e-10
-9.9012076e-11
-1.0030241e-10
-1.0012095e-10
-9.8790302e-11
-9.907257e-11
-1.0080644e-10
-1.0006045e-10
-1.0040321e-10
-9.9374987e-11
-1.0100806e-10
-9.9919351e-11
-9.8588693e-11
-1.0014112e-10
-9.9818535e-11
-9.9778207e-11
-1.0068547e-10
-9.9495946e-11
-1.0050403e-10
-9.8790302e-11
-1.0012096e-10
-9.991933e-11
-9.9939515e-11
-1.0022178e-10
-9.9596754e-11
-1.0032257e-10
-9.9395145e-11
-1.0064513e-10
-1.0032256e-10
-1.0185482e-10
-9.9637062e-11
-1.0088709e-10
-9.9576604e-11
-1.0052419e-10
-9.9314501e-11
-9.97782e-11
-1.0042338e-10
-9.9778213e-11
-1.0108869e-10
-9.9919344e-11
-1.0018143e-10
-1.004637e-10
-1.0010079e-10
-9.9616933e-11
-9.9919344e-11
-1.0127014e-10
-9.98387e-11
-1.0199595e-10
-9.9979823e-11
-1.0066531e-10
-1.0074595e-10
-1.0124997e-10
-1.0098789e-10
-1.0090724e-10
-1.0016128e-10
-9.9798378e-11
-1.0010081e-10
-1.0153224e-10
-1.0038305e-10
-1.0056449e-10
-9.9959666e-11
-9.9637097e-11
-1.005645e-10
-9.9798378e-11
-9.8790302e-11
-1.0062499e-10
-9.9294357e-11
-1.0114917e-10
-1.0008065e-10
-1.0006046e-10
-1.0018145e-10
-9.9495967e-11
-1.0028224e-10
-1.0060482e-10
-1.0026208e-10
-9.9536261e-11
-9.9455617e-11
-1.0054433e-10
-1.0046369e-10
-1.021371e-10
-9.9879022e-11
-1.0086691e-10
-9.8911275e-11
-1.0090724e-10
-1.0030242e-10
-9.9879022e-11
-9.9415302e-11
-1.0080645e-10
-9.8024179e-11
-1.0056449e-10
-1.0014112e-10
-9.9677398e-11
-9.9435467e-11
-9.8790288e-11
-9.9092734e-11
-1.0118949e-10
-1.0026209e-10
-1.0090725e-10
-9.9939508e-11
-9.937498e-11
-9.9536275e-11
-9.947581e-11
-1.006855e-10
-1.0110886e-10
-1.0010079e-10
-9.9758056e-11
-1.002016e-10
-1.0086693e-10
-1.0006046e-10
-9.9173378e-11
-1.0068548e-10
-9.9818542e-11
-1.007258e-10
-1.0026208e-10
-9.9818535e-11
-1.018145e-10
-1.006653e-10
-1.0058466e-10
-1.0054434e-10
-9.895159e-11
-1.0054433e-10
-9.8629022e-11
-9.8991933e-11
-1.0002015e-10
-9.9133049e-11
-9.9536282e-11
-1.0108869e-10
-9.9939494e-11
-9.98387e-11
-1.0056452e-10
-1.0012095e-10
-1.0221772e-10
-9.9455638e-11
-1.0044353e-10
-1.0032258e-10
-1.0064514e-10
-1.0064515e-10
-9.9072563e-11
-9.8205631e-11
-9.9899193e-11
-1.0044353e-10
-1.007258e-10
-1.0026208e-10
-1.0066531e-10
-9.9919344e-11
-9.8891118e-11
-9.9879029e-11
-9.9677405e-11
-1.0050401e-10
-9.9475782e-11
-9.9052419e-11
-9.9758049e-11
-9.9354816e-11
-9.9616926e-11
-9.9778227e-11
-9.9657248e-11
-9.9818528e-11
-1.0038306e-10
-1.0106852e-10
-9.9576604e-11
-9.9435453e-11
-1.0124998e-10
-1.002016e-10
-9.9677405e-11
-1.0016125e-10
-1.0004032e-10
-1.0030243e-10
-1.0034272e-10
-9.9919351e-11
-1.0032258e-10
-1.0004032e-10
-1.0042337e-10
-1.0262097e-10
-1.0102823e-10
-1.0064514e-10
-9.9858871e-11
-1.0048386e-10
-1.0122982e-10
-9.9637083e-11
-9.9495953e-11
-1.0032258e-10
-9.9294344e-11
-9.9818542e-11
-9.907257e-11
-1.0052419e-10
-9.9233857e-11
-9.9374994e-11
-1.0002017e-10
-9.9516125e-11
-9.9979816e-11
-9.9354816e-11
-9.9153206e-11
-9.8004029e-11
-9.9092727e-11
-1.0066531e-10
-1.0129032e-10
-1.0100804e-10
-9.9596754e-11
-1.0030241e-10
-9.9274186e-11
-9.9677398e-11
-1.016129e-10
-1.0034272e-10
-1.0131047e-10
-1.0185483e-10
-9.9657255e-11
-9.9697563e-11
-1.0054434e-10
-1.0008062e-10
-9.8346782e-11
-1.0078628e-10
-9.935483e-11
-9.9173357e-11
-9.8548364e-11
-1.0127014e-10
-9.9395152e-11
-1.0028223e-10
-1.0028225e-10
-1.0237902e-10
-9.8951604e-11
-1.0016128e-10
-1.0010079e-10
-1.0211692e-10
-9.9415302e-11
-9.9959659e-11
-9.9657234e-11
-9.9596782e-11
-1.0014112e-10
-1.0032258e-10
-1.007258e-10
-1.0044355e-10
-1.0106853e-10
-1.0135078e-10
-1.0060482e-10
-9.9899165e-11
-1.0028224e-10
-9.9395159e-11
-9.9415309e-11
-9.9858864e-11
-9.9717741e-11
-1.0014111e-10
-1.0070563e-10
-1.0014111e-10
-1.0090723e-10
-9.9979823e-11
-1.0090723e-10
-1.0116934e-10
-1.0084677e-10
-1.0054434e-10
-9.9193542e-11
-9.9919344e-11
-9.9455645e-11
-9.9334665e-11
-9.9314501e-11
-1.0098789e-10
-9.8971768e-11
-9.9979816e-11
-9.9274172e-11
-9.8729816e-11
-1.0086691e-10
-1.0131047e-10
-1.0052419e-10
-9.9758056e-11
-9.8850789e-11
-1.0036289e-10
-1.0052419e-10
-9.9616933e-11
-1.0088708e-10
-1.0074595e-10
-9.9334672e-11
-1.0086693e-10
-9.9838686e-11
-9.9879015e-11
-1.0096773e-10
-1.0106852e-10
-9.9939508e-11
-1.0141128e-10
-1.0064514e-10
-9.9919351e-11
-9.9838707e-11
-9.8870946e-11
-1.0040321e-10
-1.0106854e-10
-9.8891124e-11
-9.9999987e-11
-1.007661e-10
-1.0038304e-10
-1.0153226e-10
-1.019556e-10
-1.013508e-10
-1.0098787e-10
-1.0163306e-10
-1.0096772e-10
-1.0018143e-10
-1.0068547e-10
-9.9838707e-11
-1.0040322e-10
-1.0016128e-10
-1.0002016e-10
-1.0068547e-10
-1.0038304e-10
-9.8508056e-11
-9.8850782e-11
-9.9717727e-11
-1.0100806e-10
-9.9254022e-11
-1.0024193e-10
-9.9858871e-11
-1.0048386e-10
-9.8911268e-11
-9.8568549e-11
-1.0064514e-10
-9.9435474e-11
-9.8326597e-11
-9.899194e-11
-9.937498e-11
-9.9435474e-11
-9.9979823e-11
-9.9939522e-11
-9.8568556e-11
-1.0106855e-10
-9.9959666e-11
-9.9879001e-11
-1.0084676e-10
-9.9556426e-11
-9.9737892e-11
-1.0006046e-10
-9.9697563e-11
-9.9838679e-11
-1.0114919e-10
-9.9999967e-11
-1.0143145e-10
-1.006653e-10
-9.9717727e-11
-1.0060481e-10
-1.0010081e-10
-1.0008064e-10
-1.0122982e-10
-9.9758042e-11
-9.9314515e-11
-9.9354809e-11
-9.9415323e-11
-1.0151209e-10
-1.0064514e-10
-9.9717734e-11
-1.0034274e-10
-1.0157257e-10
-1.006653e-10
-1.0302417e-10
-1.0094756e-10
-1.0022175e-10
-9.9556439e-11
-1.0044354e-10
-1.0149192e-10
-1.0064514e-10
-1.0100805e-10
-1.006653e-10
-1.0147177e-10
-9.9677398e-11
-1.0118949e-10
-1.0050401e-10
-9.9153213e-11
-1.0002015e-10
-1.0133063e-10
-1.015121e-10
-9.818546e-11
-1.0066531e-10
-1.0064515e-10
-9.9778213e-11
-1.0167338e-10
-1.0070563e-10
-1.0074593e-10
-9.9677398e-11
-9.9072577e-11
-1.0014112e-10
-1.0004032e-10
-1.0064514e-10
-9.9778213e-11
-9.9717734e-11
-1.0056449e-10
-9.9092727e-11
-1.0094757e-10
-1.0024192e-10
-1.0050401e-10
-9.9717734e-11
-9.9999981e-11
-1.0004032e-10
-9.9254022e-11
-9.8991926e-11
-9.9233871e-11
-9.9657234e-11
-1.0100805e-10
-1.0139111e-10
-1.0094756e-10
-1.000403e-10
-1.0120966e-10
-1.0137097e-10
-1.0129032e-10
-1.0086692e-10
-1.0114917e-10
-1.0018142e-10
-1.0163306e-10
-1.0046369e-10
-9.9798392e-11
-1.0062497e-10
-9.97782e-11
-1.0006045e-10
-1.004637e-10
-9.9959672e-11
-1.0203628e-10
-1.0098788e-10
-1.0014112e-10
-9.887096e-11
-9.9415302e-11
-1.0070563e-10
-9.9959659e-11
-9.963709e-11
-9.9193521e-11
-1.0004032e-10
-9.8387076e-11
-9.9979823e-11
-1.0064515e-10
-9.8649179e-11
-1.0022177e-10
-9.874998e-11
-1.0076613e-10
-1.018145e-10
-1.007661e-10
-9.9435453e-11
-9.8770138e-11
-9.9858857e-11
-1.0014113e-10
-1.0050403e-10
-1.0060482e-10
-9.9999994e-11
-1.0068547e-10
-9.997983e-11
-1.0064514e-10
-1.0139112e-10
-9.9979823e-11
-1.0024191e-10
-1.0199595e-10
-9.9979816e-11
-1.0036289e-10
-9.9274186e-11
-1.0084676e-10
-9.8931439e-11
-9.9112898e-11
-9.9012083e-11
-1.0018143e-10
-1.0026208e-10
-1.011895e-10
-1.0008063e-10
-1.0088707e-10
-1.0080645e-10
-1.0016128e-10
-9.9153213e-11
-1.001008e-10
-1.0179434e-10
-9.9112898e-11
-1.0022177e-10
-1.0050403e-10
-1.0006047e-10
-9.9516118e-11
-1.0131048e-10
-1.0022176e-10
-1.0042337e-10
-9.8749987e-11
-9.9334659e-11
-9.8770159e-11
-9.8649186e-11
-9.8971761e-11
-9.9657234e-11
-9.8306453e-11
-1.0040321e-10
-1.0070563e-10
-1.0060482e-10
-1.0018145e-10
-1.0048385e-10
-1.0022175e-10
-9.9334672e-11
-1.0068547e-10
-1.0030243e-10
-9.9616905e-11
-1.0127015e-10
-9.8951604e-11
-9.9778193e-11
-1.0052418e-10
-1.0131047e-10
-1.0030241e-10
-9.937498e-11
-1.0002014e-10
-9.915322e-11
-9.92137e-11
-9.8286282e-11
-9.9556439e-11
-9.8245946e-11
-9.9475803e-11
-1.0006048e-10
-1.0086693e-10
-9.8124994e-11
-1.0122984e-10
-9.8729837e-11
-9.9314508e-11
-9.8830631e-11
-9.8971768e-11
-1.0012096e-10
-9.9395166e-11
-9.9415302e-11
-9.9959679e-11
-9.8891118e-11
-9.9919344e-11
-9.8427419e-11
-9.9596761e-11
-1.0100806e-10
-9.7983864e-11
-9.8568542e-11
-9.8548371e-11
-9.9455624e-11
-9.949596e-11
-1.006653e-10
-9.8528213e-11
-9.9012097e-11
-9.9536275e-11
-9.9072563e-11
-9.9677398e-11
-9.947581e-11
-1.002016e-10
-1.0110884e-10
-1.0227822e-10
-9.8770138e-11
-1.0112901e-10
-9.9254008e-11
-9.8185481e-11
-1.0092741e-10
-9.8165309e-11
-9.901209e-11
-1.0028225e-10
-1.0028225e-10
-1.0064515e-10
-1.0120967e-10
-1.0116935e-10
-9.8024179e-11
-1.0044355e-10
-1.0068547e-10
-1.0076611e-10
-1.0068547e-10
-1.0120967e-10
-1.003629e-10
-9.9616933e-11
-1.0036288e-10
-1.0014113e-10
-9.9415309e-11
-9.9637069e-11
-1.0012096e-10
-1.0004032e-10
-1.0042337e-10
-1.0167338e-10
-1.0114918e-10
-9.98387e-11
-1.0032258e-10
-1.0064517e-10
-1.0120966e-10
-1.0064513e-10
-1.0036287e-10
-9.9778207e-11
-1.0060483e-10
-1.0012097e-10
-1.0199595e-10
-1.0090725e-10
-1.0141128e-10
-1.0026207e-10
-9.9294344e-11
-9.9556446e-11
-9.9717727e-11
-9.9415309e-11
-1.0008062e-10
-1.0006048e-10
-1.0018143e-10
-1.0078628e-10
-1.0024194e-10
-1.0040321e-10
-9.9173378e-11
-9.9495953e-11
-1.0062499e-10
-9.9959672e-11
-9.9919351e-11
-9.8407234e-11
-9.8588686e-11
-1.002016e-10
-9.9294344e-11
-9.997983e-11
-9.9435467e-11
-1.0139111e-10
-1.0074596e-10
-9.9092727e-11
-1.008266e-10
-9.9798378e-11
-1.0094756e-10
-9.9858857e-11
-1.0060484e-10
-9.9536296e-11
-1.0191531e-10
-1.0080645e-10
-9.9516111e-11
-9.9092734e-11
-1.0032257e-10
-1.0104837e-10
-1.0129032e-10
-9.9475796e-11
-1.0179436e-10
-1.006653e-10
-9.98387e-11
-1.002016e-10
-1.005645e-10
-9.9314515e-11
-1.0124999e-10
-1.0124998e-10
-1.0080643e-10
-9.9999981e-11
-1.0116933e-10
-1.0122983e-10
-9.9395145e-11
-1.0129031e-10
-1.0048385e-10
-9.9596782e-11
-9.9072563e-11
-9.8931439e-11
-1.0006046e-10
-9.949596e-11
-9.997983e-11
-9.9959666e-11
-1.008266e-10
-9.8891118e-11
-1.0048386e-10
-1.0092741e-10
-9.9072563e-11
-9.92137e-11
-9.9798371e-11
-9.963709e-11
-9.9233871e-11
-1.0066531e-10
-9.9334672e-11
-9.9657234e-11
-9.9576583e-11
-9.98387e-11
-1.0112902e-10
-1.0213708e-10
-9.9475796e-11
-1.0058467e-10
-1.0118952e-10
-1.0108869e-10
-1.0114919e-10
-9.9536296e-11
-9.8004022e-11
-1.0042338e-10
-1.0177418e-10
-1.0292336e-10
-1.018145e-10
-1.005645e-10
-1.0028225e-10
-1.0229838e-10
-1.0072579e-10
-1.0088708e-10
-1.0189515e-10
-1.016129e-10
-1.022379e-10
-1.0173385e-10
-1.0124997e-10
-1.001008e-10
-1.0092739e-10
-9.935483e-11
-1.0120966e-10
-1.0241935e-10
-1.001411e-10
-1.0030241e-10
-1.0054436e-10
-9.9818528e-11
-9.8346754e-11
-1.0010079e-10
-1.0124999e-10
-1.0088708e-10
-9.9919344e-11
-1.0042338e-10
-1.0145158e-10
-9.9435474e-11
-9.9334679e-11
-9.9475789e-11
-1.0070564e-10
-9.8991912e-11
-1.0139112e-10
-1.0133064e-10
-9.9274172e-11
-1.0056451e-10
-1.0074595e-10
-1.0070563e-10
-1.0038304e-10
-1.001008e-10
-9.824596e-11
-1.0062501e-10
-9.9455631e-11
-9.9596768e-11
-9.9092727e-11
-9.9959666e-11
-9.9233871e-11
-1.0040322e-10
-1.0088707e-10
-9.9717734e-11
-9.9314508e-11
-9.9516125e-11
-9.9556433e-11
-9.8870946e-11
-9.9657241e-11
-1.0034274e-10
-9.9858878e-11
-1.0070562e-10
-9.9899186e-11
-9.9919337e-11
-9.9616933e-11
-9.79637e-11
-1.0030241e-10
-9.9999987e-11
-1.0072581e-10
-9.9778213e-11
-9.9274172e-11
-9.945561e-11
-1.0004033e-10
-1.0076613e-10
-1.0048385e-10
-1.0016128e-10
-1.0084676e-10
-1.0058467e-10
-1.0006048e-10
-9.923385e-11
-1.0024191e-10
-1.0127015e-10
-1.0044354e-10
-9.8608843e-11
-9.9737905e-11
-9.9657255e-11
-1.0102821e-10
-1.0006047e-10
-9.9495974e-11
-1.0070565e-10
-9.9758056e-11
-1.0131047e-10
-1.0161289e-10
-1.0070562e-10
-9.9697577e-11
-1.0030241e-10
-1.0193547e-10
-1.0026208e-10
-9.9657241e-11
-1.0054432e-10
-1.0090726e-10
-1.0096773e-10
-1.0139112e-10
-1.0147177e-10
-1.0016128e-10
-9.9193542e-11
-1.0074595e-10
-1.0054436e-10
-1.0215724e-10
-9.9798378e-11
-9.8850782e-11
-1.0052419e-10
-1.0084676e-10
-1.0028225e-10
-1.0058467e-10
-1.0211692e-10
-9.9052398e-11
-1.0189516e-10
-9.9939494e-11
-1.0024194e-10
-1.0104836e-10
-1.0058465e-10
-1.0278225e-10
-1.0163305e-10
-9.9556433e-11
-1.0092741e-10
-1.0084678e-10
-1.0054434e-10
-1.0177418e-10
-1.0114918e-10
-1.0076612e-10
-1.0068547e-10
-1.0199595e-10
-1.0022178e-10
-1.007258e-10
-1.0243949e-10
-1.0090725e-10
-1.0092741e-10
-1.0120967e-10
-1.0056452e-10
-1.0072579e-10
-1.0080644e-10
-1.0056451e-10
-1.0050401e-10
-9.909272e-11
-9.9999994e-11
-1.0092741e-10
-9.8165302e-11
-1.0048386e-10
-1.0084677e-10
-1.0116934e-10
-1.0054433e-10
-1.0096773e-10
-9.9032241e-11
-9.9959645e-11
-9.969757e-11
-1.0102821e-10
-9.9233857e-11
-9.9657241e-11
-1.0114917e-10
-1.0068546e-10
-1.005645e-10
-1.0080645e-10
-1.0129033e-10
-1.0012095e-10
-1.0032257e-10
-1.0078628e-10
-9.9798371e-11
-1.0038306e-10
-1.0084676e-10
-1.020766e-10
-1.0046369e-10
-9.9657241e-11
-1.0068547e-10
-1.0014112e-10
-1.0026208e-10
-1.0133065e-10
-1.0096773e-10
-1.0030241e-10
-1.0034272e-10
-1.000403e-10
-1.0127015e-10
-9.9737898e-11
-1.0245967e-10
-1.0010079e-10
-1.0052419e-10
-9.92137e-11
-9.9737878e-11
-9.9334686e-11
-9.9919351e-11
-9.8306439e-11
-1.0159275e-10
-1.0028225e-10
-1.0260079e-10
-1.0116935e-10
-1.0102822e-10
-9.9999994e-11
-1.0060482e-10
-1.0078628e-10
-1.0116934e-10
-1.019153e-10
-1.0026209e-10
-1.0006047e-10
-1.0149193e-10
-1.0137095e-10
-1.006653e-10
-9.9717734e-11
-1.0026208e-10
-1.0112902e-10
-1.0056449e-10
-9.9576597e-11
-1.0187498e-10
-9.9616926e-11
-9.9899179e-11
-1.0058468e-10
-1.0096773e-10
-1.0139112e-10
-1.0066531e-10
-9.9637083e-11
-1.0068545e-10
-1.0173386e-10
-1.0171369e-10
-1.0137095e-10
-1.0038305e-10
-1.0125e-10
-1.0143143e-10
-1.0002015e-10
-1.0141127e-10
-9.9959652e-11
-9.9616912e-11
-1.0187499e-10
-9.9838714e-11
-1.0018144e-10
-1.0018145e-10
-1.004637e-10
-1.0008062e-10
-1.0217741e-10
-1.0191532e-10
-9.9556433e-11
-1.0024194e-10
-9.9758049e-11
-1.0004032e-10
-9.9334672e-11
-9.9354823e-11
-9.9939515e-11
-1.0098788e-10
-1.0068546e-10
-1.001008e-10
-9.9959659e-11
-9.9455638e-11
-9.9717734e-11
-1.0024192e-10
-1.007661e-10
-1.0036288e-10
-9.9052405e-11
-9.9717741e-11
-1.0112902e-10
-9.9919344e-11
-1.002016e-10
-1.0028224e-10
-9.9959666e-11
-9.9294344e-11
-1.0024193e-10
-1.003024e-10
-1.0040321e-10
-1.0014111e-10
-9.9556433e-11
-9.991933e-11
-1.0149192e-10
-9.8891124e-11
-1.0058467e-10
-1.008266e-10
-9.9818542e-11
-1.002016e-10
-9.9697584e-11
-1.0096773e-10
-9.9999987e-11
-9.9354823e-11
-9.9032255e-11
-1.0161291e-10
-9.8951604e-11
-1.0038305e-10
-9.9677405e-11
-1.0052419e-10
-9.9758049e-11
-9.9758049e-11
-9.9455638e-11
-1.0106854e-10
-9.961694e-11
-9.9838707e-11
-1.0050401e-10
-1.0084675e-10
-1.005645e-10
-9.9899186e-11
-9.7923371e-11
-9.8870946e-11
-1.0026209e-10
-9.969757e-11
-1.0040321e-10
-1.0042337e-10
-1.001008e-10
-1.0143145e-10
-9.937498e-11
-1.0090724e-10
-9.9899179e-11
-9.9495967e-11
-9.9858843e-11
-1.0036288e-10
-1.0116934e-10
-1.0086692e-10
-1.0016128e-10
-1.0116934e-10
-9.9979816e-11
-9.8649186e-11
-1.0110884e-10
-9.9455631e-11
-1.0094756e-10
-9.9939508e-11
-1.0110886e-10
-9.9596761e-11
-1.0014111e-10
-9.9959672e-11
-1.0088708e-10
-1.0199597e-10
-1.0153225e-10
-1.0004032e-10
-1.0018145e-10
-1.0030241e-10
-9.9495953e-11
-9.9556439e-11
-1.0018144e-10
-1.0062498e-10
-1.0139111e-10
-1e-10
-1.0096773e-10
-9.9758049e-11
-1.0016128e-10
-9.9959666e-11
-1.0038306e-10
-1.0149192e-10
-9.9717734e-11
-1.0096772e-10
-1.0022179e-10
-9.9435481e-11
-1.0141128e-10
-1.0217741e-10
-1.0026208e-10
-1.0110886e-10
-9.907257e-11
-1.0006046e-10
-9.9294357e-11
-1.0034273e-10
-1.0090724e-10
-9.901209e-11
-9.8991926e-11
-9.8649186e-11
-9.9495953e-11
-9.9254015e-11
-1.0028225e-10
-9.8931446e-11
-9.9717734e-11
-9.8891111e-11
-1.0018144e-10
-9.9737892e-11
-9.8145138e-11
-1.0002014e-10
-1.0018145e-10
-9.8870953e-11
-9.8991933e-11
-9.8689501e-11
-1.0030241e-10
-9.923385e-11
-9.9254001e-11
-1.0018145e-10
-1.0030241e-10
-9.9596768e-11
-9.8165309e-11
-1.0026209e-10
-1.0008062e-10
-9.9475803e-11
-9.9838707e-11
-9.9556433e-11
-9.977822e-11
-1.0014111e-10
-9.9677405e-11
-9.9596761e-11
-1.007661e-10
-9.9415309e-11
-1.0044354e-10
-9.8225789e-11
-9.8891124e-11
-9.9516125e-11
-1.0016128e-10
-1.0116934e-10
-1.006653e-10
-9.9395145e-11
-9.9415309e-11
-1.0185482e-10
-1.0044355e-10
-9.9939515e-11
-9.9294337e-11
-1.013508e-10
-1.0022177e-10
-1.0008064e-10
-1.0183467e-10
-1.0050401e-10
-9.9133049e-11
-9.895159e-11
-9.9294351e-11
-1.0086693e-10
-9.8528213e-11
-1.0096773e-10
-9.9999987e-11
-1.0100806e-10
-9.9798392e-11
-9.8467713e-11
-1.0080644e-10
-1.0165321e-10
-9.9556433e-11
-9.9697577e-11
-1.0060482e-10
-9.8084658e-11
-9.9354823e-11
-9.9818522e-11
-9.9677405e-11
-9.9899179e-11
-1.0076612e-10
-1.0074593e-10
-9.7943528e-11
-1.0088708e-10
-1.0096772e-10
-9.9657269e-11
-1.0020158e-10
-9.9596754e-11
-1.0137095e-10
-1.0006047e-10
-9.8850796e-11
-1.0034273e-10
-1.0032256e-10
-9.9274186e-11
-1.0012097e-10
-1.0018143e-10
-1.0062499e-10
-1.0002014e-10
-9.8689508e-11
-9.9374994e-11
-1.0032258e-10
-9.935483e-11
-9.9374987e-11
-9.7923357e-11
-1.0147177e-10
-1.0106854e-10
-9.9798385e-11
-9.9112898e-11
-9.8991926e-11
-9.9052384e-11
-1.0002015e-10
-1.0042338e-10
-9.9758042e-11
-9.9032248e-11
-9.9133042e-11
-9.8024179e-11
-9.9758035e-11
-1.0167338e-10
-9.9112905e-11
-1.0084676e-10
-1.0110887e-10
-9.9173371e-11
-1.0036287e-10
-9.8649186e-11
-9.8931446e-11
-9.9899186e-11
-1.0199596e-10
-9.8669344e-11
-9.9818542e-11
-9.9798378e-11
-9.963709e-11
-1.0078628e-10
-9.9173378e-11
-1.0120967e-10
-1.0018145e-10
-9.9919337e-11
-1.0058467e-10
-1.013508e-10
-1.0002016e-10
-9.9979823e-11
-9.9778213e-11
-1.0173387e-10
-1.0064515e-10
-1.0062498e-10
-1.0042337e-10
-9.8830645e-11
-9.935483e-11
-9.9556439e-11
-1.0070564e-10
-1.004637e-10
-9.9032248e-11
-1.0002014e-10
-1.0014113e-10
-9.9616912e-11
-9.9374987e-11
-1.0014112e-10
-9.9959659e-11
-1.025403e-10
-9.98387e-11
-1.0010079e-10
-1.008266e-10
-1.0048386e-10
-1.007258e-10
-1.0161289e-10
-1.0076611e-10
-1.0120965e-10
-1.0062497e-10
-9.9112898e-11
-1.0052418e-10
-1.0080645e-10
-1.0108869e-10
-1.0022177e-10
-1.0026208e-10
-9.9758063e-11
-1.0054433e-10
-9.8911289e-11
-1.0018144e-10
-1.0024192e-10
-9.8850809e-11
-9.9737892e-11
-9.947581e-11
-1.0143144e-10
-9.977822e-11
-1.0187499e-10
-1.0040322e-10
-9.8629015e-11
-1.0014112e-10
-9.9637069e-11
-9.9274179e-11
-1.0096773e-10
-9.9657227e-11
-9.8971754e-11
-1.0100805e-10
-1.009274e-10
-9.9879029e-11
-9.963709e-11
-1.0175402e-10
-9.9032255e-11
-9.9092734e-11
-9.9233878e-11
-9.9213686e-11
-9.9274172e-11
-9.9979837e-11
-9.8830638e-11
-1.001008e-10
-9.9213693e-11
-1.0030241e-10
-1.0018145e-10
-1.0106854e-10
-9.923385e-11
-1.0028225e-10
-1.0131047e-10
-9.9516125e-11
-1.000403e-10
-1.007258e-10
-1.0020161e-10
-1.0008063e-10
-9.9334665e-11
-1.0096771e-10
-1.001008e-10
-9.9516118e-11
-9.9959672e-11
-9.9677391e-11
-9.8729823e-11
-1.0042338e-10
-1.0080645e-10
-1.0084675e-10
-9.8568521e-11
-9.9395159e-11
-9.9516125e-11
-9.9395159e-11
-1.0058466e-10
-9.8729837e-11
-1.0161288e-10
-9.9314494e-11
-9.9475782e-11
-1.0157256e-10
-1.0050401e-10
-1.002016e-10
-1.0006047e-10
-1.0012097e-10
-9.9778213e-11
-9.9616912e-11
-9.9979823e-11
-9.8830652e-11
-1.0006047e-10
-1.0183467e-10
-1.0068547e-10
-1.0052418e-10
-1.0050402e-10
-9.9979823e-11
-1.0016128e-10
-1.0104836e-10
-9.9899193e-11
-9.92137e-11
-1.0064514e-10
-9.9294344e-11
-1.0022176e-10
-1.0024191e-10
-9.949596e-11
-1.0004029e-10
-9.8729837e-11
-1.0050403e-10
-9.9838714e-11
-1.008266e-10
-1.0122983e-10
-9.8689508e-11
-9.9999974e-11
-9.997983e-11
-9.8205645e-11
-9.8991933e-11
-9.9858871e-11
-9.8991926e-11
-1.0042338e-10
-9.8487891e-11
-9.9314501e-11
-1.001411e-10
-1.0120966e-10
-1.0141129e-10
-1.0044354e-10
-1.0018145e-10
-9.8991919e-11
-9.9959659e-11
-1.0094756e-10
-9.9657248e-11
-9.8891118e-11
-1.0074596e-10
-1.0084677e-10
-9.9495953e-11
-1.0022176e-10
-1.0012095e-10
-9.8165302e-11
-9.9415316e-11
-1.0024193e-10
-9.9737892e-11
-1.0010079e-10
-9.963709e-11
-9.9677419e-11
-9.9495953e-11
-9.9999994e-11
-1.0076611e-10
-9.8991933e-11
-1.0032258e-10
-1.0008063e-10
-9.9697563e-11
-9.9737905e-11
-1.0139111e-10
-9.9173378e-11
-9.9717748e-11
-9.8810467e-11
-9.8689508e-11
-1.0032256e-10
-1.0124997e-10
-1.000403e-10
-9.9999987e-11
-9.8891124e-11
-1.0100806e-10
-9.92137e-11
-1.0002014e-10
-9.9818542e-11
-1.0080645e-10
-9.9576597e-11
-9.8649172e-11
-9.9737871e-11
-1.0050401e-10
-9.915322e-11
-9.9153206e-11
-9.9495967e-11
-9.9919358e-11
-9.9637097e-11
-9.961694e-11
-1.009274e-10
-1.0122983e-10
-9.7983864e-11
-1.0026208e-10
-9.8447563e-11
-9.9576597e-11
-9.8931446e-11
-1.0076612e-10
-1.0066532e-10
-1.0058466e-10
-9.9475803e-11
-9.9092727e-11
-1.0022177e-10
-1.0002014e-10
-1.0030241e-10
-1.0110886e-10
-9.9516131e-11
-1.0004032e-10
-9.8810467e-11
-1.0090725e-10
-9.9596768e-11
-1.0002014e-10
