-8.7242637e-11
-9.0441162e-11
-8.9669105e-11
-8.6801462e-11
-8.7794119e-11
-8.9779399e-11
-8.8088217e-11
-9.0588224e-11
-8.7573518e-11
-8.9264707e-11
-8.8088224e-11
-8.7499986e-11
-8.9779399e-11
-8.849263e-11
-8.7904406e-11
-8.8749993e-11
-8.7757343e-11
-8.7499993e-11
-8.9705875e-11
-8.9558812e-11
-8.7647049e-11
-8.9044112e-11
-8.9338238e-11
-8.9485287e-11
-8.9595581e-11
-8.86397e-11
-8.7757336e-11
-8.7830875e-11
-8.8419105e-11
-8.9044105e-11
-8.8014693e-11
-8.8124993e-11
-8.9117644e-11
-8.9705875e-11
-9.0294112e-11
-8.9742637e-11
-8.9963231e-11
-8.8345588e-11
-8.8345581e-11
-8.9117637e-11
-9.2977931e-11
-8.948528e-11
-8.9448511e-11
-8.8272042e-11
-8.9117637e-11
-8.8566168e-11
-8.9999987e-11
-8.7683812e-11
-9.2573525e-11
-8.86397e-11
-9.0808819e-11
-8.9080875e-11
-9.0110294e-11
-8.8051469e-11
-9.11397e-11
-9.0330875e-11
-9.0551469e-11
-9.0772043e-11
-8.7977924e-11
-8.8566168e-11
-8.7169105e-11
-8.8566168e-11
-8.6433811e-11
-8.974263e-11
-8.8860301e-11
-8.8382343e-11
-8.7904406e-11
-8.8272049e-11
-8.7683812e-11
-8.8088224e-11
-8.7904406e-11
-8.7022042e-11
-8.8529399e-11
-8.724263e-11
-8.8014693e-11
-8.8088224e-11
-8.8419105e-11
-9.0477931e-11
-8.8345581e-11
-9.1433819e-11
-9.1102938e-11
-9.2316176e-11
-9.0036763e-11
-9.1029406e-11
-8.9963217e-11
-8.9301462e-11
-9.0220581e-11
-8.7426455e-11
-8.9669112e-11
-9.014705e-11
-8.9044105e-11
-9.1323525e-11
-9.0330875e-11
-9.0588224e-11
-9.2830868e-11
-9.1617637e-11
-9.0330882e-11
-9.1360287e-11
-8.9742644e-11
-8.9926455e-11
-9.0147056e-11
-8.7720581e-11
-8.8602937e-11
-8.9227924e-11
-9.0698525e-11
-8.8051455e-11
-8.7389693e-11
-8.8308812e-11
-8.9154406e-11
-9.0073525e-11
-8.8455875e-11
-8.8308819e-11
-8.86397e-11
-8.8124986e-11
-8.6249986e-11
-8.823528e-11
-8.73897e-11
-8.7132343e-11
-8.6838238e-11
-8.8345581e-11
-8.9485287e-11
-8.9375e-11
-9.073528e-11
-8.8602931e-11
-8.8382343e-11
-9.1286749e-11
-9.0477931e-11
-8.9080882e-11
-8.9963224e-11
-8.9411756e-11
-8.9374994e-11
-9.0110287e-11
-8.9411749e-11
-9.1544106e-11
-9.11397e-11
-8.7830875e-11
-8.8529406e-11
-8.9044105e-11
-9.1066168e-11
-8.8272056e-11
-8.8272049e-11
-8.6911756e-11
-8.8970574e-11
-8.9191168e-11
-8.7058818e-11
-9.011028e-11
-8.9264693e-11
-9.2022057e-11
-8.9301455e-11
-9.0073518e-11
-8.9117644e-11
-9.0367637e-11
-9.0735273e-11
-9.4374987e-11
-9.1764686e-11
-9.3088225e-11
-9.2536763e-11
-9.0588224e-11
-9.0919106e-11
-9.05147e-11
-9.0294112e-11
-8.8345581e-11
-9.0110294e-11
-8.9558819e-11
-8.9558819e-11
-8.9522056e-11
-9.1213224e-11
-9.3088225e-11
-9.2058805e-11
-8.8492637e-11
-9.1029399e-11
-9.0919106e-11
-9.36397e-11
-9.1029406e-11
-8.9963224e-11
-9.1617644e-11
-8.9191161e-11
-8.9632343e-11
-9.0147056e-11
-9.0955875e-11
-9.2279399e-11
-9.1727938e-11
-9.3639693e-11
-9.1360294e-11
-9.3014693e-11
-9.0183805e-11
-8.8970581e-11
-8.9963224e-11
-8.9375e-11
-8.9852931e-11
-9.0294112e-11
-9.2095588e-11
-8.9522049e-11
-8.9191175e-11
-8.9117644e-11
-8.8125007e-11
-8.7904406e-11
-8.8713217e-11
-8.9191168e-11
-8.98897e-11
-8.9227938e-11
-8.8566175e-11
-8.7647049e-11
-9.0661756e-11
-8.9889707e-11
-8.9044105e-11
-9.0551462e-11
-8.878677e-11
-9.17647e-11
-8.8272049e-11
-8.9558826e-11
-8.8566168e-11
-8.7573525e-11
-8.7499986e-11
-8.8713224e-11
-9.0367644e-11
-8.8161756e-11
-8.8198518e-11
-8.8933812e-11
-8.8676455e-11
-8.9852938e-11
-8.8308812e-11
-8.8051462e-11
-8.7647056e-11
-9.0808812e-11
-9.0661756e-11
-9.0183819e-11
-9.0588224e-11
-9.0551462e-11
-8.9963231e-11
-9.1470581e-11
-8.838235e-11
-9.0477931e-11
-9.1176455e-11
-8.9007343e-11
-9.0698518e-11
-9.1764693e-11
-9.1176462e-11
-8.9448525e-11
-8.9816168e-11
-8.9522049e-11
-9.1654406e-11
-9.0036756e-11
-8.9117637e-11
-9.0036756e-11
-9.1286756e-11
-9.0257336e-11
-9.0992637e-11
-8.9999987e-11
-8.9595574e-11
-8.80147e-11
-9.0073532e-11
-8.8786756e-11
-8.8051462e-11
-9.0110287e-11
-9.011028e-11
-8.6875e-11
-8.698528e-11
-8.8676462e-11
-9.0036756e-11
-8.7499993e-11
-8.92647e-11
-8.9080868e-11
-8.8749993e-11
-8.6323518e-11
-8.9301462e-11
-8.7610287e-11
-8.735293e-11
-8.8198518e-11
-8.6580874e-11
-9.0183812e-11
-8.8823525e-11
-8.6764693e-11
-8.86397e-11
-8.7867644e-11
-9.0808812e-11
-8.7683819e-11
-8.9705875e-11
-9.1617637e-11
-9.0036756e-11
-8.8529406e-11
-8.9779399e-11
-8.8382343e-11
-8.9816168e-11
-8.6911756e-11
-8.8492644e-11
-8.8161756e-11
-8.8749993e-11
-9.0588231e-11
-8.823528e-11
-9.1066168e-11
-8.8492637e-11
-8.8051455e-11
-8.8566168e-11
-8.8860287e-11
-8.8639707e-11
-8.6838231e-11
-8.7904406e-11
-8.6838231e-11
-8.7463224e-11
-8.7205874e-11
-8.7463224e-11
-8.9301462e-11
-8.7095588e-11
-8.9522049e-11
-8.7463217e-11
-8.8786763e-11
-8.8639693e-11
-8.7867637e-11
-8.8786749e-11
-8.8492644e-11
-8.6911756e-11
-8.6838224e-11
-8.9558819e-11
-8.9117644e-11
-8.698528e-11
-8.7169112e-11
-8.7463224e-11
-8.9044105e-11
-8.8382357e-11
-8.7169105e-11
-9.0882343e-11
-8.7279406e-11
-9.0183812e-11
-8.9154406e-11
-8.9889693e-11
-8.8235287e-11
-8.7867644e-11
-8.8198511e-11
-8.8382343e-11
-8.8749987e-11
-8.8713224e-11
-8.6470581e-11
-8.9044112e-11
-8.7573518e-11
-8.6985287e-11
-8.9816168e-11
-8.8492637e-11
-8.8124986e-11
-8.8897056e-11
-8.7095574e-11
-8.8897056e-11
-8.7279413e-11
-8.9117637e-11
-8.6617637e-11
-8.8419105e-11
-8.8014693e-11
-8.9669105e-11
-8.8455875e-11
-8.7058818e-11
-8.8308812e-11
-8.9448518e-11
-8.6801455e-11
-8.8970588e-11
-8.6139693e-11
-8.9852931e-11
-8.7499993e-11
-8.7022049e-11
-8.8749993e-11
-8.7499986e-11
-8.9007343e-11
-8.823528e-11
-8.9338231e-11
-8.7720581e-11
-8.9080882e-11
-8.6948511e-11
-8.9595581e-11
-8.9227924e-11
-8.9669105e-11
-8.6691168e-11
-8.8455882e-11
-8.4595587e-11
-8.7683812e-11
-8.9705875e-11
-9.1360287e-11
-8.9044105e-11
-9.0698518e-11
-8.8161756e-11
-9.1213231e-11
-8.9963231e-11
-8.8455868e-11
-8.8529399e-11
-8.7426455e-11
-8.7426455e-11
-8.9374994e-11
-8.7977924e-11
-8.8161756e-11
-8.7941168e-11
-8.7794112e-11
-8.6176462e-11
-8.9080875e-11
-8.6875e-11
-8.9485273e-11
-9.0220581e-11
-8.8713231e-11
-9.0036756e-11
-9.0882343e-11
-9.1213218e-11
-8.9963231e-11
-9.0367644e-11
-8.8051462e-11
-9.1066168e-11
-8.8639707e-11
-8.9595588e-11
-8.8676462e-11
-8.9117637e-11
-8.9301462e-11
-8.9080875e-11
-8.8124993e-11
-9.0110294e-11
-8.7904406e-11
-9.1323518e-11
-8.7536756e-11
-8.9595581e-11
-8.9227931e-11
-8.8860287e-11
-8.9411756e-11
-8.9338238e-11
-8.8419105e-11
-8.8051469e-11
-8.9154406e-11
-9.0808819e-11
-8.9044105e-11
-9.1580868e-11
-8.761028e-11
-8.9448518e-11
-8.9926455e-11
-9.0294112e-11
-8.9448518e-11
-8.9301462e-11
-8.9522056e-11
-8.8198518e-11
-8.9374994e-11
-8.8492637e-11
-8.9816161e-11
-8.9338224e-11
-8.775735e-11
-8.9816168e-11
-8.9999987e-11
-8.8860287e-11
-8.5514699e-11
-8.9374994e-11
-8.9522056e-11
-8.8345581e-11
-8.7536756e-11
-8.6838231e-11
-8.8566161e-11
-8.9338224e-11
-8.9411756e-11
-8.8272049e-11
-8.8272056e-11
-8.9374994e-11
-8.8897049e-11
-8.8529399e-11
-9.0257343e-11
-8.9926462e-11
-8.8161756e-11
-8.9779399e-11
-8.9485287e-11
-8.9889707e-11
-9.0367637e-11
-8.9191161e-11
-9.0036756e-11
-9.073528e-11
-8.7463224e-11
-8.9632343e-11
-8.9522056e-11
-8.9374994e-11
-8.7794105e-11
-8.92647e-11
-9.1323518e-11
-8.9558812e-11
-9.0955875e-11
-9.2463218e-11
-9.0588238e-11
-9.1286756e-11
-8.9632357e-11
-8.92647e-11
-9.1433819e-11
-8.8639707e-11
-8.9705861e-11
-8.8860287e-11
-8.8897056e-11
-8.92647e-11
-8.9117644e-11
-9.0772057e-11
-9.0588231e-11
-9.1323525e-11
-8.8272042e-11
-9.0698518e-11
-8.9558812e-11
-9.0477924e-11
-8.73897e-11
-9.0294106e-11
-8.8602937e-11
-8.8676462e-11
-8.8345588e-11
-8.8933812e-11
-8.8823518e-11
-8.8897056e-11
-8.8419105e-11
-8.7830868e-11
-8.9963238e-11
-8.875e-11
-9.1948518e-11
-8.8676469e-11
-9.0257343e-11
-8.9595588e-11
-8.9522049e-11
-9.1360287e-11
-8.9926462e-11
-8.8749987e-11
-8.7536749e-11
-9.0772057e-11
-9.6911756e-11
-1.2444851e-10
-1.78125e-10
-2.7062497e-10
-3.9257353e-10
-5.3823523e-10
-6.604412e-10
-7.7533091e-10
-8.6330892e-10
-9.2632346e-10
-9.6963237e-10
-9.9113973e-10
-1.0018383e-09
-9.9408093e-10
-9.6533082e-10
-9.2985303e-10
-8.8716912e-10
-8.3937501e-10
-7.9400736e-10
-7.5647061e-10
-7.2088235e-10
-6.8308825e-10
-6.4658101e-10
-6.1124994e-10
-5.7602945e-10
-5.459927e-10
-5.1422794e-10
-4.857354e-10
-4.5897058e-10
-4.3400733e-10
-4.1400736e-10
-3.9551473e-10
-3.8102946e-10
-3.6672795e-10
-3.5294118e-10
-3.3680145e-10
-3.225368e-10
-3.0808825e-10
-2.9867647e-10
-2.8400737e-10
-2.7488967e-10
-2.6474267e-10
-2.5562499e-10
-2.4841909e-10
-2.4268382e-10
-2.3922797e-10
-2.3580884e-10
-2.3172794e-10
-2.2783088e-10
-2.2459558e-10
-2.1522059e-10
-2.0992648e-10
-2.0408086e-10
-2.0121323e-10
-1.9926469e-10
-1.9158086e-10
-1.8683824e-10
-1.8444854e-10
-1.7999999e-10
-1.7621322e-10
-1.7363969e-10
-1.708456e-10
-1.6742648e-10
-1.6709557e-10
-1.6974262e-10
-1.6919117e-10
-1.6363969e-10
-1.6091913e-10
-1.6209559e-10
-1.6294117e-10
-1.617647e-10
-1.5812497e-10
-1.5444854e-10
-1.5183822e-10
-1.5025733e-10
-1.511397e-10
-1.5099265e-10
-1.5080882e-10
-1.5018382e-10
-1.4852941e-10
-1.4580881e-10
-1.4459557e-10
-1.4492646e-10
-1.4334559e-10
-1.4011028e-10
-1.4077203e-10
-1.3775735e-10
-1.3577206e-10
-1.3356616e-10
-1.3411762e-10
-1.3345587e-10
-1.3408086e-10
-1.3426471e-10
-1.3382352e-10
-1.3283087e-10
-1.3463236e-10
-1.3433822e-10
-1.3323528e-10
-1.3246323e-10
-1.3327205e-10
-1.3106617e-10
-1.3334557e-10
-1.3235292e-10
-1.3628675e-10
-1.3349263e-10
-1.3452205e-10
-1.3308823e-10
-1.348897e-10
-1.3459556e-10
-1.3191175e-10
-1.3246323e-10
-1.3029409e-10
-1.3128677e-10
-1.3055146e-10
-1.2893382e-10
-1.2794116e-10
-1.272794e-10
-1.2562498e-10
-1.2889703e-10
-1.2757352e-10
-1.2849265e-10
-1.2794114e-10
-1.2981619e-10
-1.3125e-10
-1.3029411e-10
-1.2911763e-10
-1.2757351e-10
-1.2911763e-10
-1.3261028e-10
-1.3209557e-10
-1.3117647e-10
-1.2845587e-10
-1.2761028e-10
-1.26875e-10
-1.2455881e-10
-1.2827203e-10
-1.2386028e-10
-1.2683823e-10
-1.2558823e-10
-1.2522058e-10
-1.2702205e-10
-1.2411765e-10
-1.2599265e-10
-1.2455884e-10
-1.1882351e-10
-1.2102941e-10
-1.2180147e-10
-1.2106616e-10
-1.1742647e-10
-1.1882351e-10
-1.1694853e-10
-1.1996323e-10
-1.1783088e-10
-1.1658087e-10
-1.1672792e-10
-1.1522058e-10
-1.1507352e-10
-1.1555146e-10
-1.1562499e-10
-1.1713235e-10
-1.1834557e-10
-1.1889704e-10
-1.2036762e-10
-1.1735293e-10
-1.1966909e-10
-1.2011028e-10
-1.1852941e-10
-1.1871323e-10
-1.1632353e-10
-1.2014706e-10
-1.1705883e-10
-1.1886028e-10
-1.1389706e-10
-1.1452205e-10
-1.1485294e-10
-1.1275735e-10
-1.1323529e-10
-1.1455881e-10
-1.1367646e-10
-1.1352941e-10
-1.1577204e-10
-1.1466911e-10
-1.1525735e-10
-1.1444851e-10
-1.1319852e-10
-1.1286764e-10
-1.1066176e-10
-1.1044116e-10
-1.1301469e-10
-1.1095587e-10
-1.1433821e-10
-1.1154411e-10
-1.1507352e-10
-1.16875e-10
-1.1595588e-10
-1.1632351e-10
-1.161397e-10
-1.1694852e-10
-1.1911763e-10
-1.1819851e-10
-1.1955882e-10
-1.2014705e-10
-1.1694853e-10
-1.1790442e-10
-1.1720587e-10
-1.1694853e-10
-1.1599263e-10
-1.1683822e-10
-1.1459558e-10
-1.1448528e-10
-1.147794e-10
-1.1731617e-10
-1.1485294e-10
-1.1636028e-10
-1.1540441e-10
-1.1632351e-10
-1.1444851e-10
-1.1283087e-10
-1.1216911e-10
-1.1191176e-10
-1.1014706e-10
-1.1128676e-10
-1.1011029e-10
-1.0886028e-10
-1.1014704e-10
-1.0794116e-10
-1.1113969e-10
-1.0926469e-10
-1.0889705e-10
-1.0838236e-10
-1.0816175e-10
-1.0919116e-10
-1.0680146e-10
-1.1080881e-10
-1.1305146e-10
-1.1319852e-10
-1.1360293e-10
-1.1261029e-10
-1.1411763e-10
-1.097794e-10
-1.1128676e-10
-1.116544e-10
-1.1176469e-10
-1.0900733e-10
-1.0908088e-10
-1.1106616e-10
-1.1128676e-10
-1.0933822e-10
-1.0849265e-10
-1.1110292e-10
-1.1257352e-10
-1.1040441e-10
-1.0893381e-10
-1.1084558e-10
-1.0922793e-10
-1.1055146e-10
-1.0794116e-10
-1.1029411e-10
-1.0860293e-10
-1.1106618e-10
-1.1033088e-10
-1.1040441e-10
-1.1272058e-10
-1.1312499e-10
-1.1430146e-10
-1.1275735e-10
-1.1433823e-10
-1.1496323e-10
-1.1562499e-10
-1.1334558e-10
-1.1202205e-10
-1.1007352e-10
-1.1062499e-10
-1.1091911e-10
-1.1496323e-10
-1.1176469e-10
-1.0871323e-10
-1.1283088e-10
-1.1374999e-10
-1.1305146e-10
-1.1202204e-10
-1.1334558e-10
-1.127941e-10
-1.1713235e-10
-1.1963235e-10
-1.2132351e-10
-1.2125e-10
-1.2691177e-10
-1.2816177e-10
-1.25625e-10
-1.235294e-10
-1.2397057e-10
-1.1816177e-10
-1.1533087e-10
-1.1400734e-10
-1.1088234e-10
-1.1143381e-10
-1.1080881e-10
-1.0779411e-10
-1.0716911e-10
-1.0588234e-10
-1.0694851e-10
-1.054044e-10
-1.0761028e-10
-1.0511029e-10
-1.0463234e-10
-1.0540441e-10
-1.0430147e-10
-1.0455881e-10
-1.0488969e-10
-1.0533087e-10
-1.0533087e-10
-1.0507352e-10
-1.0437499e-10
-1.0610293e-10
-1.0698527e-10
-1.0580882e-10
-1.0731616e-10
-1.0786764e-10
-1.0830881e-10
-1.0687498e-10
-1.073897e-10
-1.0716911e-10
-1.1033087e-10
-1.1511028e-10
-1.2566174e-10
-1.3367647e-10
-1.4022059e-10
-1.3694854e-10
-1.3279411e-10
-1.2897058e-10
-1.2283088e-10
-1.1897058e-10
-1.1573529e-10
-1.1448528e-10
-1.1264706e-10
-1.1591911e-10
-1.097794e-10
-1.125e-10
-1.1077204e-10
-1.0944851e-10
-1.0786764e-10
-1.1066176e-10
-1.1003675e-10
-1.1139704e-10
-1.1099262e-10
-1.1180146e-10
-1.0981617e-10
-1.1062499e-10
-1.0753675e-10
-1.0816176e-10
-1.0591911e-10
-1.0636029e-10
-1.0889705e-10
-1.1018381e-10
-1.1132351e-10
-1.1231617e-10
-1.1102939e-10
-1.1455881e-10
-1.1227941e-10
-1.1191175e-10
-1.1319851e-10
-1.1275735e-10
-1.0878675e-10
-1.0937498e-10
-1.0772058e-10
-1.0669116e-10
-1.0812498e-10
-1.0720586e-10
-1.0757352e-10
-1.0647058e-10
-1.0650734e-10
-1.0433823e-10
-1.0941175e-10
-1.0650734e-10
-1.0874999e-10
-1.1272058e-10
-1.1136028e-10
-1.1040439e-10
-1.1011029e-10
-1.0882352e-10
-1.1007352e-10
-1.097794e-10
-1.1143381e-10
-1.0786764e-10
-1.1040441e-10
-1.0687499e-10
-1.0738969e-10
-1.0647058e-10
-1.0683823e-10
-1.0852939e-10
-1.0702205e-10
-1.0753676e-10
-1.0481617e-10
-1.0904411e-10
-1.0775734e-10
-1.097794e-10
-1.1305146e-10
-1.1558822e-10
-1.1316176e-10
-1.173897e-10
-1.1830882e-10
-1.1536764e-10
-1.13125e-10
-1.11875e-10
-1.1283087e-10
-1.1261029e-10
-1.1242646e-10
-1.1150734e-10
-1.1143381e-10
-1.1253675e-10
-1.1110293e-10
-1.1533087e-10
-1.141544e-10
-1.1143381e-10
-1.1341911e-10
-1.1308822e-10
-1.1202205e-10
-1.0900734e-10
-1.08125e-10
-1.0636028e-10
-1.0687499e-10
-1.0658088e-10
-1.0709558e-10
-1.0897057e-10
-1.0783087e-10
-1.0830882e-10
-1.086397e-10
-1.0746322e-10
-1.102941e-10
-1.0988971e-10
-1.0716911e-10
-1.0996323e-10
-1.0919116e-10
-1.0801469e-10
-1.0867646e-10
-1.0687499e-10
-1.0779411e-10
-1.0547793e-10
-1.0441175e-10
-1.0812499e-10
-1.0749999e-10
-1.0753674e-10
-1.1073528e-10
-1.0856616e-10
-1.1014704e-10
-1.1172793e-10
-1.1183823e-10
-1.1272056e-10
-1.1029411e-10
-1.1345587e-10
-1.11875e-10
-1.113603e-10
-1.1249998e-10
-1.1411765e-10
-1.1496323e-10
-1.1558822e-10
-1.1779411e-10
-1.2073528e-10
-1.2511028e-10
-1.2602941e-10
-1.2261027e-10
-1.2150735e-10
-1.19375e-10
-1.1922792e-10
-1.1746323e-10
-1.1577204e-10
-1.1558822e-10
-1.1713235e-10
-1.1702204e-10
-1.1297793e-10
-1.1533087e-10
-1.1044116e-10
-1.1003675e-10
-1.1150735e-10
-1.097794e-10
-1.1352941e-10
-1.1503675e-10
-1.15625e-10
-1.1470588e-10
-1.1349264e-10
-1.1422793e-10
-1.1378676e-10
-1.1419116e-10
-1.1437498e-10
-1.1709557e-10
-1.1875e-10
-1.155147e-10
-1.173897e-10
-1.1588235e-10
-1.136397e-10
-1.1584558e-10
-1.1488971e-10
-1.1496323e-10
-1.1529411e-10
-1.1441175e-10
-1.1503675e-10
-1.1080881e-10
-1.1036764e-10
-1.0805146e-10
-1.1025733e-10
-1.0709557e-10
-1.0834558e-10
-1.0985294e-10
-1.1018381e-10
-1.0922793e-10
-1.0908087e-10
-1.086397e-10
-1.0919116e-10
-1.0911764e-10
-1.0518381e-10
-1.1051469e-10
-1.0985293e-10
-1.0808822e-10
-1.0911763e-10
-1.0911765e-10
-1.0823529e-10
-1.0930146e-10
-1.0746322e-10
-1.0757352e-10
-1.0930146e-10
-1.111397e-10
-1.1205882e-10
-1.1305146e-10
-1.1389706e-10
-1.1463235e-10
-1.1470588e-10
-1.1463235e-10
-1.127941e-10
-1.1154411e-10
-1.0871323e-10
-1.0970588e-10
-1.0904411e-10
-1.0992646e-10
-1.0768381e-10
-1.0705881e-10
-1.0794117e-10
-1.0823527e-10
-1.0819852e-10
-1.0819852e-10
-1.0558823e-10
-1.0731617e-10
-1.0455881e-10
-1.0639704e-10
-1.0628675e-10
-1.0606618e-10
-1.0613969e-10
-1.0779411e-10
-1.0621323e-10
-1.0624998e-10
-1.0966911e-10
-1.1080881e-10
-1.1209558e-10
-1.1172793e-10
-1.1147058e-10
-1.0952204e-10
-1.1022058e-10
-1.0922794e-10
-1.0794116e-10
-1.08125e-10
-1.0761027e-10
-1.0889706e-10
-1.0996323e-10
-1.0970588e-10
-1.1132351e-10
-1.1136028e-10
-1.1393381e-10
-1.1588235e-10
-1.1702206e-10
-1.1694852e-10
-1.1735293e-10
-1.1371322e-10
-1.1448528e-10
-1.1665439e-10
-1.1591911e-10
-1.1555145e-10
-1.1198528e-10
-1.1143381e-10
-1.1128676e-10
-1.097794e-10
-1.0845587e-10
-1.0768381e-10
-1.0889706e-10
-1.0816176e-10
-1.0944852e-10
-1.1011029e-10
-1.0871323e-10
-1.0948529e-10
-1.1121322e-10
-1.1110293e-10
-1.1268381e-10
-1.1022058e-10
-1.1191175e-10
-1.1349264e-10
-1.1408088e-10
-1.1360293e-10
-1.1231617e-10
-1.1485293e-10
-1.1448528e-10
-1.1507352e-10
-1.1518382e-10
-1.1334558e-10
-1.1378676e-10
-1.1294116e-10
-1.1389705e-10
-1.1617646e-10
-1.1514706e-10
-1.1378676e-10
-1.1205882e-10
-1.1349264e-10
-1.1e-10
-1.0988969e-10
-1.0893381e-10
-1.0999998e-10
-1.1345587e-10
-1.1430147e-10
-1.1606618e-10
-1.1786763e-10
-1.1889704e-10
-1.1816176e-10
-1.180147e-10
-1.1455881e-10
-1.1647058e-10
-1.1448528e-10
-1.1334558e-10
-1.1172792e-10
-1.1290441e-10
-1.1279411e-10
-1.1128674e-10
-1.1268382e-10
-1.147794e-10
-1.1220586e-10
-1.1386028e-10
-1.1452205e-10
-1.1216911e-10
-1.0970588e-10
-1.1029411e-10
-1.1106616e-10
-1.0955881e-10
-1.1003675e-10
-1.0930146e-10
-1.1283087e-10
-1.1580881e-10
-1.1772058e-10
-1.1713235e-10
-1.1658087e-10
-1.1533087e-10
-1.1452205e-10
-1.1319852e-10
-1.0827205e-10
-1.0988969e-10
-1.0849264e-10
-1.0860293e-10
-1.0908088e-10
-1.0856616e-10
-1.0900734e-10
-1.0816176e-10
-1.0654411e-10
-1.0444851e-10
-1.0794118e-10
-1.0838234e-10
-1.0900734e-10
-1.0801469e-10
-1.0768382e-10
-1.0933823e-10
-1.1011029e-10
-1.1382351e-10
-1.1499998e-10
-1.1205881e-10
-1.1183823e-10
-1.1025734e-10
-1.0838234e-10
-1.0900735e-10
-1.0999998e-10
-1.0974263e-10
-1.0830882e-10
-1.0911765e-10
-1.0889706e-10
-1.0922793e-10
-1.0959558e-10
-1.0955881e-10
-1.096691e-10
-1.1022058e-10
-1.090441e-10
-1.1066176e-10
-1.1128676e-10
-1.1073528e-10
-1.1110293e-10
-1.0926469e-10
-1.0794117e-10
-1.0577205e-10
-1.0665441e-10
-1.0591911e-10
-1.0647058e-10
-1.0514706e-10
-1.0709559e-10
-1.0911764e-10
-1.1235294e-10
-1.1279411e-10
-1.1455882e-10
-1.1404411e-10
-1.1404411e-10
-1.1856616e-10
-1.180147e-10
-1.1702206e-10
-1.1808822e-10
-1.1786763e-10
-1.1878676e-10
-1.15625e-10
-1.1827203e-10
-1.1897058e-10
-1.1636028e-10
-1.1599264e-10
-1.1386028e-10
-1.1283087e-10
-1.1496323e-10
-1.136397e-10
-1.1349264e-10
-1.1374999e-10
-1.1511029e-10
-1.1025734e-10
-1.1558823e-10
-1.1323529e-10
-1.1268381e-10
-1.1275735e-10
-1.1323528e-10
-1.1536763e-10
-1.1562499e-10
-1.1749998e-10
-1.15e-10
-1.1433823e-10
-1.1169116e-10
-1.102941e-10
-1.0904411e-10
-1.0834558e-10
-1.0551469e-10
-1.0540441e-10
-1.0323527e-10
-1.0555146e-10
-1.0176469e-10
-1.0297792e-10
-1.03125e-10
-1.0231617e-10
-1.0124999e-10
-1.0330881e-10
-1.0268381e-10
-1.0584558e-10
-1.0397058e-10
-1.0569852e-10
-1.0705881e-10
-1.0319851e-10
-1.0551469e-10
-1.0533088e-10
-1.0643381e-10
-1.0485292e-10
-1.0540441e-10
-1.0827205e-10
-1.1025734e-10
-1.1121322e-10
-1.1650735e-10
-1.1860293e-10
-1.1735292e-10
-1.1797793e-10
-1.173897e-10
-1.1636028e-10
-1.1400734e-10
-1.1547793e-10
-1.1224263e-10
-1.1154409e-10
-1.102941e-10
-1.1249998e-10
-1.1198528e-10
-1.0996323e-10
-1.0816176e-10
-1.1066176e-10
-1.1231617e-10
-1.1290439e-10
-1.1286764e-10
-1.1051469e-10
-1.1169116e-10
-1.1132351e-10
-1.0970588e-10
-1.0985294e-10
-1.0882352e-10
-1.0845587e-10
-1.0749999e-10
-1.0860293e-10
-1.0731617e-10
-1.0904411e-10
-1.0966911e-10
-1.1374999e-10
-1.1294116e-10
-1.1213235e-10
-1.1643381e-10
-1.1525735e-10
-1.1257352e-10
-1.1150734e-10
-1.1007352e-10
-1.1058823e-10
-1.0908088e-10
-1.0941176e-10
-1.0878676e-10
-1.1102939e-10
-1.1220586e-10
-1.0970586e-10
-1.1246321e-10
-1.0915441e-10
-1.0874999e-10
-1.0749999e-10
-1.1033088e-10
-1.0871323e-10
-1.0856618e-10
-1.0911765e-10
-1.1029411e-10
-1.1202205e-10
-1.1345587e-10
-1.1496321e-10
-1.1327204e-10
-1.0871323e-10
-1.1040441e-10
-1.0797792e-10
-1.0753675e-10
-1.0536764e-10
-1.0610293e-10
-1.0948528e-10
-1.0669117e-10
-1.0400734e-10
-1.0374999e-10
-1.0345586e-10
-1.0297794e-10
-1.0334558e-10
-1.0481617e-10
-1.0562499e-10
-1.0749999e-10
-1.0985293e-10
-1.1014706e-10
-1.1091911e-10
-1.0974263e-10
-1.0849264e-10
-1.0882352e-10
-1.0845586e-10
-1.0411764e-10
-1.065441e-10
-1.0727939e-10
-1.0797793e-10
-1.0669116e-10
-1.1147057e-10
-1.1058822e-10
-1.1169116e-10
-1.122794e-10
-1.1408088e-10
-1.1408086e-10
-1.1452204e-10
-1.1257351e-10
-1.1073528e-10
-1.1172793e-10
-1.1091911e-10
-1.0878676e-10
-1.0838234e-10
-1.0669116e-10
-1.086397e-10
-1.0794116e-10
-1.0672793e-10
-1.0470587e-10
-1.0459558e-10
-1.0374999e-10
-1.0323528e-10
-1.0588234e-10
-1.0661764e-10
-1.0661764e-10
-1.052941e-10
-1.0544116e-10
-1.0294116e-10
-1.0161764e-10
-1.0485293e-10
-1.0305147e-10
-1.0279411e-10
-9.9301463e-11
-1.0080881e-10
-1.0470587e-10
-1.060294e-10
-1.065441e-10
-1.0709558e-10
-1.0731617e-10
-1.0511029e-10
-1.0588234e-10
-1.0393381e-10
-1.0371323e-10
-1.0374999e-10
-1.0444852e-10
-1.0261028e-10
-1.0283086e-10
-1.0367646e-10
-1.0411762e-10
-1.0279411e-10
-1.0547793e-10
-1.0433823e-10
-1.0470587e-10
-1.052941e-10
-1.0639706e-10
-1.0613969e-10
-1.0617646e-10
-1.0481616e-10
-1.0422792e-10
-1.0654411e-10
-1.0382352e-10
-1.0580881e-10
-1.0349264e-10
-1.0411763e-10
-1.0386028e-10
-1.0246322e-10
-1.0463234e-10
-1.0588234e-10
-1.0661763e-10
-1.0481616e-10
-1.0492646e-10
-1.0415441e-10
-1.0448528e-10
-1.0224264e-10
-1.0253676e-10
-1.0124998e-10
-1.0165441e-10
-1.0154411e-10
-1.0227941e-10
-1.023897e-10
-1.0360293e-10
-1.0643381e-10
-1.1069852e-10
-1.1062499e-10
-1.1132351e-10
-1.0948528e-10
-1.1047793e-10
-1.1286765e-10
-1.1036764e-10
-1.1062499e-10
-1.0893381e-10
-1.073897e-10
-1.0621322e-10
-1.0650734e-10
-1.066544e-10
-1.0632352e-10
-1.0437499e-10
-1.0522058e-10
-1.0569851e-10
-1.0400734e-10
-1.0492646e-10
-1.0455881e-10
-1.0330881e-10
-1.0257353e-10
-1.0301469e-10
-1.0191176e-10
-1.0066176e-10
-1.0386029e-10
-1.0430147e-10
-1.0525734e-10
-1.0113969e-10
-1.0492646e-10
-1.0470587e-10
-1.0319852e-10
-1.0613971e-10
-1.0430146e-10
-1.0643381e-10
-1.0444852e-10
-1.0474263e-10
-1.010294e-10
-1.0091911e-10
-9.9411757e-11
-1.0036764e-10
-1.0018381e-10
-1.0110293e-10
-1.017647e-10
-1.0084557e-10
-1.0261029e-10
-1.035294e-10
-1.0341911e-10
-1.0279411e-10
-1.0444852e-10
-1.0356617e-10
-1.0286764e-10
-1.0224263e-10
-1.0330881e-10
-1.0382352e-10
-1.0382352e-10
-1.0319851e-10
-1.0400734e-10
-1.0378674e-10
-1.030147e-10
-1.0547793e-10
-1.0797793e-10
-1.0819852e-10
-1.0650734e-10
-1.0547793e-10
-1.0499999e-10
-1.0591911e-10
-1.0345588e-10
-1.0599263e-10
-1.0650734e-10
-1.0647059e-10
-1.0610293e-10
-1.0702204e-10
-1.0470587e-10
-1.0566176e-10
-1.0363969e-10
-1.0580881e-10
-1.0319851e-10
-1.0297793e-10
-1.0433822e-10
-1.0349263e-10
-1.0566176e-10
-1.0404411e-10
-1.0536764e-10
-1.048897e-10
-1.0691176e-10
-1.0316175e-10
-1.0448528e-10
-1.0448528e-10
-1.0577205e-10
-1.0441176e-10
-1.048897e-10
-1.0308822e-10
-1.022794e-10
-1.004044e-10
-9.9411757e-11
-1.0128676e-10
-1.0088234e-10
-1.0194851e-10
-1.0180146e-10
-1.0007352e-10
-1.0080882e-10
-1.0437499e-10
-1.0176468e-10
-1.0055146e-10
-1.0452206e-10
-1.0492646e-10
-1.0150734e-10
-1.0330881e-10
-1.0441176e-10
-1.0573528e-10
-1.0735294e-10
-1.0797793e-10
-1.0882352e-10
-1.0772059e-10
-1.0852939e-10
-1.0882351e-10
-1.0772057e-10
-1.0823528e-10
-1.048897e-10
-1.0544116e-10
-1.0363969e-10
-1.0588234e-10
-1.0794116e-10
-1.0705881e-10
-1.0705881e-10
-1.0610293e-10
-1.0933823e-10
-1.0624999e-10
-1.0621323e-10
-1.063603e-10
-1.0602939e-10
-1.0584558e-10
-1.0595586e-10
-1.0580882e-10
-1.0650734e-10
-1.0643381e-10
-1.0636028e-10
-1.0731617e-10
-1.0735293e-10
-1.0731616e-10
-1.0772058e-10
-1.0882352e-10
-1.0639704e-10
-1.0562499e-10
-1.0279411e-10
-1.0356617e-10
-1.0191176e-10
-1.010294e-10
-9.9007344e-11
-1.0073528e-10
-1.0264705e-10
-1.0378675e-10
-1.0466911e-10
-1.0514705e-10
-1.0481617e-10
-1.051103e-10
-1.0485293e-10
-1.0511029e-10
-1.0621323e-10
-1.0360293e-10
-1.0492646e-10
-1.0374999e-10
-1.0591911e-10
-1.0573528e-10
-1.0389705e-10
-1.0283088e-10
-1.0305146e-10
-1.0202204e-10
-1.0272057e-10
-1.0323528e-10
-1.0319852e-10
-1.0294117e-10
-1.0069851e-10
-9.9963232e-11
-9.9852938e-11
-1.020588e-10
-9.9852931e-11
-1.0198528e-10
-9.9852925e-11
-9.9889694e-11
-9.9080869e-11
-9.9852938e-11
-9.9374994e-11
-9.9522036e-11
-9.952205e-11
-9.680147e-11
-9.5919106e-11
-9.6029393e-11
-9.8419106e-11
-9.9448512e-11
-9.7867645e-11
-1.0176469e-10
-1.0437499e-10
-1.0389705e-10
-1.0481616e-10
-1.0584557e-10
-1.0591911e-10
-1.0610294e-10
-1.0525734e-10
-1.0525735e-10
-1.0382353e-10
-1.0452206e-10
-1.0386028e-10
-1.0338234e-10
-1.0058823e-10
-9.85294e-11
-1.0154411e-10
-1.0110294e-10
-1.0055146e-10
-1.0312499e-10
-1.0058823e-10
-1.0268381e-10
-9.8308819e-11
-9.8676456e-11
-9.8088225e-11
-1.0106618e-10
-1.0264705e-10
-1.0216911e-10
-9.9632351e-11
-1.0044116e-10
-1.0051469e-10
-9.8125001e-11
-1.0014706e-10
-9.8639701e-11
-9.764705e-11
-9.7867645e-11
-9.6654407e-11
-1.0044117e-10
-9.5808819e-11
-9.72794e-11
-1.0040441e-10
-1.0102939e-10
-1.0264705e-10
-1.0441176e-10
-1.0702205e-10
-1.1117646e-10
-1.0838234e-10
-1.1073529e-10
-1.0915441e-10
-1.0588234e-10
-1.0474263e-10
-1.0334557e-10
-1.0231616e-10
-1.0121322e-10
-1.0022057e-10
-9.874998e-11
-1.0066176e-10
-9.9338232e-11
-1.0147058e-10
-1.0084559e-10
-1.0124999e-10
-1.0077205e-10
-1.0088234e-10
-1.019853e-10
-1.002941e-10
-9.7757344e-11
-1.0150734e-10
-9.8124987e-11
-9.8235281e-11
-9.874998e-11
-9.7316183e-11
-9.7573512e-11
-1.0003675e-10
-9.9522057e-11
-9.9816169e-11
-1.0187499e-10
-9.955882e-11
-1.0227941e-10
-1.0224264e-10
-1.0231616e-10
-1.0022057e-10
-1.0084558e-10
-9.8970589e-11
-9.8860281e-11
-9.7573519e-11
-9.8860288e-11
-9.7610288e-11
-9.6544106e-11
-9.4779407e-11
-9.7242638e-11
-9.8014694e-11
-9.5992637e-11
-9.5183812e-11
-9.6360281e-11
-9.6911763e-11
-1.0029411e-10
-1.0194851e-10
-1.0161764e-10
-1.0194853e-10
-1.0242646e-10
-1.0253676e-10
-1.0191176e-10
-1.0408087e-10
-1.0198527e-10
-1.0238969e-10
-1.0139705e-10
-1.0055146e-10
-9.779412e-11
-9.889705e-11
-9.9338225e-11
-9.7610288e-11
-9.7426456e-11
-9.6727931e-11
-9.4558819e-11
-9.7573526e-11
-9.5625001e-11
-9.3713218e-11
-9.5992637e-11
-9.5698512e-11
-9.6066162e-11
-9.5330875e-11
-9.5183812e-11
-9.4448518e-11
-9.8198519e-11
-9.7720575e-11
-9.9522043e-11
-1.0066176e-10
-1.0073527e-10
-1.0191176e-10
-1.0154411e-10
-1.0161764e-10
-1.0117646e-10
-1.0176469e-10
-1.0183823e-10
-9.85294e-11
-9.889705e-11
-9.9301456e-11
-1.0121323e-10
-1.0150734e-10
-1.0323527e-10
-1.0297794e-10
-1.0426469e-10
-1.0330881e-10
-1.0503676e-10
-1.042647e-10
-1.0025734e-10
-9.9742638e-11
-1.0058823e-10
-1.0180146e-10
-9.889705e-11
-1.0124999e-10
-1.0080882e-10
-1.0047792e-10
-1.0003676e-10
-1.017647e-10
-9.9742631e-11
-9.9191169e-11
-1.0235293e-10
-1.0110292e-10
-9.8235281e-11
-1.0077204e-10
-1.0011027e-10
-9.97794e-11
-1.0029411e-10
-9.9227924e-11
-9.9669106e-11
-1.0283088e-10
-1.0242646e-10
-9.9632344e-11
-1.0055146e-10
-9.8419106e-11
-1.0088234e-10
-9.8492631e-11
-9.8198512e-11
-9.8088232e-11
-9.878675e-11
-1.0014706e-10
-9.7095582e-11
-9.8566169e-11
-9.6727931e-11
-9.6691162e-11
-9.5441169e-11
-9.6691155e-11
-9.6948519e-11
-9.6102938e-11
-9.8124994e-11
-9.5294099e-11
-9.4632344e-11
-9.4816162e-11
-9.5551463e-11
-9.349263e-11
-9.4044106e-11
-9.4558805e-11
-9.5183819e-11
-9.275735e-11
-9.2573525e-11
-9.4154406e-11
-9.4669106e-11
-9.3345588e-11
-9.7499987e-11
-9.7095582e-11
-1.0095587e-10
-9.8492638e-11
-1.0099263e-10
-1.0080881e-10
-1.0242646e-10
-1.0231616e-10
-1.0312498e-10
-1.0025735e-10
-1.0003676e-10
-1.0069851e-10
-1.0084557e-10
-1.0110293e-10
-1.0216911e-10
-1.0047794e-10
-9.9632351e-11
-9.9595575e-11
-9.9264687e-11
-9.7132344e-11
-9.7977924e-11
-9.7316162e-11
-9.73897e-11
-9.8455862e-11
-9.9816155e-11
-9.8749994e-11
-9.9742631e-11
-9.8492638e-11
-9.9632344e-11
-9.7977924e-11
-9.8970582e-11
-9.8235281e-11
-9.8455868e-11
-9.79044e-11
-9.753675e-11
-9.6102931e-11
-9.6139693e-11
-9.60294e-11
-9.2794106e-11
-9.499998e-11
-9.338235e-11
-9.2352938e-11
-9.2169106e-11
-9.4007344e-11
-9.5477931e-11
-9.6838232e-11
-9.7536763e-11
-9.5955875e-11
-9.7389694e-11
-9.7279393e-11
-9.7867638e-11
-9.8382344e-11
-9.9007344e-11
-9.6948519e-11
-9.8308819e-11
-9.9301463e-11
-9.8124987e-11
-9.7573519e-11
-1.0147057e-10
-9.9926456e-11
-9.9227931e-11
-9.9044106e-11
-9.816175e-11
-1.0014705e-10
-9.9632344e-11
-9.9080862e-11
-9.6580882e-11
-9.8933813e-11
-9.5992637e-11
-9.764705e-11
-9.4669106e-11
-9.6470568e-11
-9.7279407e-11
-9.9227938e-11
-9.8051463e-11
-9.8161757e-11
-9.5404407e-11
-9.6507351e-11
-9.5257344e-11
-9.6544113e-11
-9.61397e-11
-9.6691169e-11
-9.8786757e-11
-9.8860281e-11
-9.7316169e-11
-9.9448519e-11
-9.8970575e-11
-9.9338225e-11
-1.0066176e-10
-9.9044113e-11
-1.0124999e-10
-1.0088235e-10
-1.0257352e-10
-1.0084558e-10
-9.9117638e-11
-9.5992637e-11
-9.8088218e-11
-9.5073525e-11
-9.6249994e-11
-9.5514693e-11
-9.9889701e-11
-9.7720568e-11
-9.9411757e-11
-9.8860274e-11
-9.9705869e-11
-9.8676463e-11
-9.9191169e-11
-9.7169113e-11
-9.8933813e-11
-9.5036756e-11
-9.7242638e-11
-9.6066162e-11
-9.7169106e-11
-9.5441155e-11
-9.5110281e-11
-1.0025734e-10
-1.0169116e-10
-9.9227938e-11
-9.8933813e-11
-1.0077204e-10
-1.0014705e-10
-1.0202205e-10
-1.0117646e-10
-1.0150734e-10
-9.9448519e-11
-9.9669106e-11
-9.7720582e-11
-9.9632344e-11
-9.5992631e-11
-9.8235281e-11
-9.9411757e-11
-9.6544113e-11
-9.7867638e-11
-9.9485281e-11
-9.874998e-11
-9.7132351e-11
-9.4669113e-11
-9.6911756e-11
-9.5955875e-11
-9.7058819e-11
-9.6029393e-11
-9.577205e-11
-9.9007351e-11
-9.7426456e-11
-9.7536763e-11
-9.8970575e-11
-9.7279407e-11
-9.6397057e-11
-9.4926456e-11
-9.4411749e-11
-9.3051462e-11
-9.4154406e-11
-9.5220568e-11
-9.41544e-11
-9.4080868e-11
-9.3713218e-11
-9.2757337e-11
-9.4485288e-11
-9.5110288e-11
-9.4044113e-11
-9.47794e-11
-9.47794e-11
-9.4999987e-11
-9.4669113e-11
-9.5330875e-11
-9.36397e-11
-9.4338218e-11
-9.4705868e-11
-9.6470575e-11
-9.5404407e-11
-9.5661756e-11
-9.8492638e-11
-9.6433819e-11
-9.5882344e-11
-9.4926456e-11
-9.6102938e-11
-9.5551456e-11
-9.7352931e-11
-9.3014686e-11
-9.4227931e-11
-9.4080875e-11
-9.4816169e-11
-9.5294113e-11
-9.8345575e-11
-9.5808819e-11
-9.4338232e-11
-9.3602938e-11
-9.3970581e-11
-9.4044106e-11
-9.3897057e-11
-9.5845581e-11
-9.5257351e-11
-9.4338239e-11
-9.4117644e-11
-9.5257344e-11
-9.4301469e-11
-9.4007344e-11
-9.5441169e-11
-9.2720588e-11
-9.2904406e-11
-9.3345574e-11
-9.0808812e-11
-9.264705e-11
-9.2977931e-11
-9.0735287e-11
-9.3529406e-11
-9.3860281e-11
-9.2463218e-11
-9.3161763e-11
-9.0919106e-11
-9.1801455e-11
-9.2720588e-11
-9.1948518e-11
-8.9301469e-11
-9.0477931e-11
-9.2867637e-11
-9.099263e-11
-8.963235e-11
-9.1213224e-11
-9.2757343e-11
-9.3235274e-11
-9.0955868e-11
-9.3970581e-11
-9.3235288e-11
-9.4669106e-11
-9.2941162e-11
-9.4227924e-11
-9.6102931e-11
-9.6617644e-11
-9.5919106e-11
-9.6580875e-11
-9.5661756e-11
-9.5330882e-11
-9.6985281e-11
-9.5845588e-11
-9.47794e-11
-9.36397e-11
-9.3786749e-11
-9.3051455e-11
-9.3933819e-11
-9.4227938e-11
-9.3749994e-11
-9.2941169e-11
-9.3161756e-11
-9.6544113e-11
-9.327205e-11
-9.3124994e-11
-9.6617644e-11
-9.4632351e-11
-9.5551456e-11
-9.4705868e-11
-9.4338225e-11
-9.7352924e-11
-9.7794106e-11
-9.5036742e-11
-9.7022043e-11
-9.5735281e-11
-9.702205e-11
-9.7022043e-11
-9.6544113e-11
-9.4632344e-11
-1.0007353e-10
-1.0360293e-10
-1.0838234e-10
-1.1077204e-10
-1.1356616e-10
-1.1022056e-10
-1.1511028e-10
-1.1220586e-10
-1.1143381e-10
-1.0742646e-10
-1.0764705e-10
-1.0352939e-10
-1.0444851e-10
-1.0183823e-10
-1.0018381e-10
-9.9816169e-11
-9.8566169e-11
-9.8272043e-11
-9.9154407e-11
-1.005147e-10
-9.8823519e-11
-1.0044116e-10
-1.0091911e-10
-1.0025734e-10
-9.889705e-11
-9.91544e-11
-9.6544113e-11
-9.6433805e-11
-9.4264693e-11
-9.47794e-11
-9.5073519e-11
-9.4301462e-11
-9.6249987e-11
-9.4816162e-11
-9.6066169e-11
-9.4852931e-11
-9.3492644e-11
-9.5257344e-11
-9.3713218e-11
-9.4963218e-11
-9.4264693e-11
-9.1433819e-11
-9.5220581e-11
-9.6286756e-11
-9.2977931e-11
-9.3566162e-11
-9.3272043e-11
-9.3749994e-11
-9.1617637e-11
-9.5551463e-11
-9.5294106e-11
-9.5183805e-11
-9.4595574e-11
-9.4852938e-11
-9.55147e-11
-9.5698525e-11
-9.5772043e-11
-9.4558812e-11
-9.7536756e-11
-9.6948512e-11
-9.7132351e-11
-9.4816169e-11
-9.3786749e-11
-9.5588225e-11
-9.7058819e-11
-9.6948512e-11
-9.4963218e-11
-9.5404407e-11
-9.5404393e-11
-9.4705875e-11
-9.3970574e-11
-9.073528e-11
-9.23897e-11
-9.3345581e-11
-9.3014693e-11
-9.2169106e-11
-9.3198518e-11
-9.6470568e-11
-9.2205868e-11
-9.4044113e-11
-9.5698512e-11
-9.5624987e-11
-9.5294099e-11
-9.5624994e-11
-9.55147e-11
-9.3749994e-11
-9.2941169e-11
-9.3308812e-11
-9.3308819e-11
-9.2499994e-11
-9.3897057e-11
-9.2426455e-11
-9.389705e-11
-9.2426469e-11
-9.2610287e-11
-9.2573525e-11
-9.2904406e-11
-9.2867637e-11
-9.30147e-11
-9.1874987e-11
-9.6029407e-11
-9.4264693e-11
-9.2720574e-11
-9.2573511e-11
-9.1433819e-11
-8.9816168e-11
-9.2022057e-11
-9.3088232e-11
-9.1654406e-11
-9.1029406e-11
-9.1176462e-11
-9.2830875e-11
-9.3051469e-11
-9.2352938e-11
-9.2720581e-11
-9.1801455e-11
-9.2316169e-11
-9.4007337e-11
-9.4742637e-11
-9.4117637e-11
-9.1911756e-11
-9.1470581e-11
-9.3345581e-11
-9.4191162e-11
-9.3235294e-11
-9.0404399e-11
-9.1323518e-11
-9.2683812e-11
-9.3823525e-11
-9.4264693e-11
-9.2536749e-11
-9.3786763e-11
-9.4926463e-11
-9.3860281e-11
-9.2867637e-11
-9.3455875e-11
-9.54044e-11
-9.1727931e-11
-9.4522043e-11
-9.4411756e-11
-9.2794113e-11
-9.1249994e-11
-9.1948518e-11
-9.36397e-11
-9.2794113e-11
-9.1948511e-11
-9.5147057e-11
-9.3566169e-11
-9.202205e-11
-9.0808812e-11
-8.9926462e-11
-9.0845588e-11
-9.264705e-11
-9.2095581e-11
-9.0735273e-11
-9.1617637e-11
-9.1544106e-11
-8.8419112e-11
-9.0551455e-11
-8.7536763e-11
-8.9779406e-11
-8.8198518e-11
-8.8676455e-11
-9.014705e-11
-9.1066168e-11
-9.3455868e-11
-9.3786756e-11
-9.5036756e-11
-9.1580875e-11
-9.1029406e-11
-9.1764686e-11
-9.2316176e-11
-9.0624994e-11
-9.2757343e-11
-9.2683805e-11
-9.4191176e-11
-9.5698519e-11
-9.5845575e-11
-9.6507344e-11
-9.6507344e-11
-9.5992637e-11
-9.5220568e-11
-9.5808805e-11
-9.5257344e-11
-9.3455875e-11
-9.4227931e-11
-9.6176463e-11
-9.6801456e-11
-9.4889707e-11
-9.6213232e-11
-9.4595574e-11
-9.5367637e-11
-9.6249987e-11
-9.3676455e-11
-9.4044099e-11
-9.2463218e-11
-8.9963231e-11
-9.1874994e-11
-9.3786763e-11
-9.025735e-11
-9.4044106e-11
-9.3639693e-11
-9.5294099e-11
-9.6360288e-11
-9.5036756e-11
-9.3786763e-11
-9.3088239e-11
-9.4999987e-11
-9.3455868e-11
-9.3455868e-11
-9.2536749e-11
-9.5110288e-11
-9.2647057e-11
-9.30147e-11
-9.2352945e-11
-9.4705868e-11
-9.6139693e-11
-9.3272057e-11
-9.3566176e-11
-9.3933812e-11
-9.3676455e-11
-8.98897e-11
-9.2426455e-11
-9.224263e-11
-9.0808812e-11
-9.1433819e-11
-9.1544106e-11
-9.0441162e-11
-9.0367644e-11
-9.1654406e-11
-9.0257336e-11
-9.1323525e-11
-9.1360287e-11
-9.1691169e-11
-9.5220581e-11
-9.4595574e-11
-9.6102931e-11
-9.338235e-11
-9.5661756e-11
-9.4117637e-11
-9.389705e-11
-9.2169113e-11
-9.2683819e-11
-9.0919106e-11
-9.4558819e-11
-9.3124987e-11
-8.9816175e-11
-9.2058819e-11
-9.2499987e-11
-9.0919106e-11
-9.2095574e-11
-8.8639693e-11
-9.1654399e-11
-9.2463232e-11
-9.0955875e-11
-9.0477938e-11
-9.1985281e-11
-9.0551462e-11
-8.900735e-11
-9.0845588e-11
-9.0477938e-11
-9.1323525e-11
-9.1433812e-11
-8.9117637e-11
-9.0367644e-11
-9.1029399e-11
-9.2316162e-11
-9.0073525e-11
-9.077205e-11
-9.0845581e-11
-9.2536756e-11
-9.1433819e-11
-9.2463232e-11
-9.1102931e-11
-9.077205e-11
-9.3345588e-11
-9.1176455e-11
-9.1323525e-11
-9.0441168e-11
-9.2279399e-11
-9.2499994e-11
-9.2463225e-11
-9.1213224e-11
-9.1580868e-11
-9.4191155e-11
-9.5661756e-11
-9.3786763e-11
-9.1580882e-11
-9.2536756e-11
-9.3455875e-11
-9.2647057e-11
-9.1066168e-11
-8.8713224e-11
-9.1433805e-11
-9.0110294e-11
-8.86397e-11
-8.8308812e-11
-8.9889707e-11
-9.0367644e-11
-8.8125e-11
-9.0073525e-11
-9.0551469e-11
-9.3786749e-11
-9.4926456e-11
-9.6507337e-11
-9.6654407e-11
-9.4742637e-11
-9.5220581e-11
-9.4080875e-11
-9.48897e-11
-9.3088225e-11
-9.224263e-11
-9.2463225e-11
-9.1580868e-11
-9.0625001e-11
-9.3235281e-11
-9.0955875e-11
-9.17647e-11
-8.9375e-11
-9.1176462e-11
-9.0808812e-11
-9.1470581e-11
-8.9080875e-11
-9.2573525e-11
-9.0477924e-11
-9.0845581e-11
-8.9852931e-11
-9.1985281e-11
-9.4999987e-11
-9.264705e-11
-9.1948518e-11
-9.1985281e-11
-9.1176455e-11
-9.0992637e-11
-8.9301469e-11
-8.9522049e-11
-9.0808812e-11
-9.0330868e-11
-9.0257336e-11
-9.1727931e-11
-9.1397057e-11
-9.0367637e-11
-9.1580875e-11
-8.9595581e-11
-9.3198518e-11
-9.073528e-11
-9.0551469e-11
-9.0183805e-11
-9.1433812e-11
-8.874998e-11
-8.8382336e-11
-9.1397057e-11
-9.3419106e-11
-9.1249987e-11
-9.0845581e-11
-9.2977931e-11
-9.2242637e-11
-9.0919106e-11
-9.0183812e-11
-9.088235e-11
-9.0551462e-11
-9.1507336e-11
-9.0367651e-11
-9.136028e-11
-9.0992644e-11
-9.1617637e-11
-9.1727938e-11
-9.1617637e-11
-9.1580875e-11
-8.8713224e-11
-9.0625001e-11
-9.0808812e-11
-8.9926455e-11
-9.0257343e-11
-9.0588231e-11
-9.0698525e-11
-8.9632343e-11
-9.1360287e-11
-9.3455861e-11
-9.2573518e-11
-9.2904399e-11
-9.1691169e-11
-9.0919106e-11
-8.8676462e-11
-9.0110287e-11
-8.9374994e-11
-9.0992644e-11
-8.9705882e-11
-9.0073532e-11
-9.0477938e-11
-9.1286756e-11
-9.0514693e-11
-8.8970581e-11
-9.0477938e-11
-9.1911756e-11
-9.2573511e-11
-8.9852938e-11
-9.0477938e-11
-8.8786763e-11
-8.8933812e-11
-8.98897e-11
-9.1176462e-11
-9.1691162e-11
-9.077205e-11
-9.0955875e-11
-9.2058819e-11
-8.948528e-11
-9.0477931e-11
-8.8161756e-11
-8.8713224e-11
-8.6066168e-11
-8.8823518e-11
-8.9264693e-11
-9.1397057e-11
-8.8492637e-11
-9.0624994e-11
-9.0404406e-11
-8.8897056e-11
-8.9999987e-11
-9.0367637e-11
-8.9301455e-11
-9.1433812e-11
-9.0772043e-11
-9.1286763e-11
-8.9595588e-11
-9.0514693e-11
-8.8235287e-11
-8.9926455e-11
-8.8492637e-11
-8.8529406e-11
-8.9926462e-11
-8.6470581e-11
-8.98897e-11
-8.9080875e-11
-9.2022057e-11
-9.0661756e-11
-9.264705e-11
-8.9558819e-11
-8.8933812e-11
-8.9926455e-11
-8.7867637e-11
-8.9669105e-11
-8.7757343e-11
-8.8749993e-11
-9.073528e-11
-8.7499986e-11
-8.8014686e-11
-8.7904406e-11
-8.7499986e-11
-8.8897049e-11
-8.8308812e-11
-8.8272049e-11
-8.8529399e-11
-9.0367644e-11
-8.8602931e-11
-9.0183819e-11
-8.8455868e-11
-9.1874994e-11
-8.8529399e-11
-9.1249987e-11
-9.1213231e-11
-9.0183812e-11
-9.003677e-11
-8.9742637e-11
-8.8014693e-11
-8.9999987e-11
-9.1029392e-11
-9.3088225e-11
-9.3088232e-11
-9.1470581e-11
-9.0919106e-11
-9.088235e-11
-9.1874994e-11
-9.2316169e-11
-9.4705875e-11
-9.35294e-11
-9.3860281e-11
-9.2095574e-11
-9.2389707e-11
-9.0882343e-11
-9.1249994e-11
-9.1323525e-11
-9.1507343e-11
-8.9742644e-11
-9.0551462e-11
-8.672793e-11
-9.0845574e-11
-8.9705861e-11
-8.963235e-11
-8.9411756e-11
-8.9522056e-11
-9.0588231e-11
-8.8529406e-11
-8.9632343e-11
-8.900735e-11
-8.8419105e-11
-9.1323518e-11
-8.8897056e-11
-9.0257343e-11
-8.8970567e-11
-8.8933812e-11
-8.8860294e-11
-8.9301462e-11
-8.8455868e-11
-9.0073525e-11
-8.8897049e-11
-8.7205868e-11
-8.8051469e-11
-8.7977937e-11
-9.0330882e-11
-8.9522056e-11
-8.9191168e-11
-9.0404406e-11
-9.0698511e-11
-9.0147056e-11
-9.0955861e-11
-8.9264693e-11
-8.9705882e-11
-9.1102938e-11
-8.948528e-11
-8.7499993e-11
-9.1066162e-11
-8.9742637e-11
-9.1617651e-11
-9.0441162e-11
-8.86397e-11
-8.8786763e-11
-9.0845581e-11
-9.0220574e-11
-9.0036756e-11
-8.9080875e-11
-9.0073518e-11
-8.9963224e-11
-8.7720581e-11
-8.9007343e-11
-9.1544113e-11
-9.2720574e-11
-9.1470567e-11
-8.9595581e-11
-9.2720581e-11
-9.2058812e-11
-9.11397e-11
-9.1323518e-11
-9.1507343e-11
-9.1580875e-11
-9.0919106e-11
-9.0588231e-11
-8.849263e-11
-8.7610294e-11
-9.0073518e-11
-9.1249987e-11
-8.9558819e-11
-9.264705e-11
-9.2389693e-11
-9.1911749e-11
-9.1470574e-11
-9.0330875e-11
-9.05147e-11
-9.0919106e-11
-8.9374994e-11
-8.823528e-11
-8.9742637e-11
-8.8713217e-11
-9.1838231e-11
-9.1323511e-11
-9.2610287e-11
-8.9448532e-11
-9.0955875e-11
-9.05147e-11
-9.1544099e-11
-8.8602937e-11
-9.1580868e-11
-9.4080882e-11
-9.4632351e-11
-9.1470581e-11
-9.2610287e-11
-9.0955868e-11
-9.4338225e-11
-9.1470581e-11
-9.1213224e-11
-9.2095581e-11
-9.1911756e-11
-8.9522043e-11
-9.1470574e-11
-8.8382343e-11
-8.8382343e-11
-8.9338231e-11
-8.98897e-11
-9.1948525e-11
-8.9595581e-11
-8.8198525e-11
-8.9080875e-11
-8.9301462e-11
-8.8860287e-11
-8.8308819e-11
-9.0919106e-11
-9.1433819e-11
-9.1801462e-11
-9.23897e-11
-9.3272057e-11
-9.1433819e-11
-9.35294e-11
-9.0073518e-11
-9.1102938e-11
-8.9669112e-11
-9.0110287e-11
-9.0036756e-11
-8.7867644e-11
-8.9669112e-11
-8.9816175e-11
-8.9999994e-11
-8.7867644e-11
-8.9007343e-11
-8.9999987e-11
-9.0772057e-11
-8.92647e-11
-8.8529406e-11
-9.1249994e-11
-9.0220588e-11
-8.9007343e-11
-8.9338224e-11
-8.849263e-11
-8.8345581e-11
-8.7904399e-11
-8.6911756e-11
-8.9448518e-11
-8.8529399e-11
-8.9301462e-11
-8.7941168e-11
-9.0330875e-11
-8.6911756e-11
-8.6323518e-11
-8.948528e-11
-9.0220581e-11
-8.9154406e-11
-9.0294112e-11
-8.8970574e-11
-8.9742637e-11
-8.9669105e-11
-8.7463217e-11
-8.7058818e-11
-8.7794112e-11
-8.8786749e-11
-8.6029406e-11
-8.8713224e-11
-8.8492644e-11
-8.7904399e-11
-8.9080875e-11
-8.7830875e-11
-8.7279406e-11
-8.7389693e-11
-8.7941161e-11
-8.8014693e-11
-8.6654406e-11
-9.0294112e-11
-8.9816168e-11
-8.7794112e-11
-8.6691168e-11
-8.7095581e-11
-8.8419105e-11
-8.8676462e-11
-8.8970581e-11
-8.9301462e-11
-9.0477931e-11
-8.6911756e-11
-9.0257343e-11
-8.80147e-11
-9.0477924e-11
-8.9301469e-11
-9.0110287e-11
-9.1875001e-11
-8.9558819e-11
-8.9999994e-11
-9.2169106e-11
-9.073528e-11
-8.8786756e-11
-9.014705e-11
-8.8786756e-11
-8.9264693e-11
-8.8713224e-11
-9.0661756e-11
-9.2647043e-11
-9.0698525e-11
-9.1544106e-11
-9.1066168e-11
-8.9852938e-11
-8.9374994e-11
-8.9448511e-11
-9.0441162e-11
-8.9742637e-11
-8.9816168e-11
-8.7573518e-11
-8.9448518e-11
-9.1323525e-11
-8.8088231e-11
-8.9154406e-11
-8.8786756e-11
-9.0110287e-11
-8.9595581e-11
-8.9080868e-11
-8.7426455e-11
-8.9558819e-11
-8.7794105e-11
-8.6985287e-11
-8.761028e-11
-8.7279399e-11
-8.838235e-11
-8.713235e-11
-8.7867644e-11
-8.9375e-11
-8.8088217e-11
-8.80147e-11
-9.0000001e-11
-8.8198518e-11
-8.8308812e-11
-8.7610287e-11
-8.8088224e-11
-8.797793e-11
-8.7941161e-11
-8.7683805e-11
-9.1176455e-11
-8.6985287e-11
-8.8786763e-11
-8.8823525e-11
-8.9999994e-11
-8.8823518e-11
-8.8382343e-11
-8.8198511e-11
-8.6654406e-11
-8.9338224e-11
-8.7095588e-11
-8.8051455e-11
-8.9191161e-11
-9.2352931e-11
-9.1249987e-11
-8.9154406e-11
-8.9044112e-11
-8.886028e-11
-8.9816168e-11
-9.0110287e-11
-8.7647056e-11
-8.7573518e-11
-8.8970574e-11
-8.9154406e-11
-8.838235e-11
-8.7316161e-11
-8.886028e-11
-8.86397e-11
-9.0257343e-11
-8.8272049e-11
-8.8970581e-11
-9.0882343e-11
-8.900735e-11
-8.7683812e-11
-9.0294112e-11
-9.0845574e-11
-8.8823511e-11
-9.0330882e-11
-8.8823518e-11
-8.9227931e-11
-8.8529399e-11
-8.9742637e-11
-9.0036756e-11
-9.0551462e-11
-8.86397e-11
-8.80147e-11
-8.9999994e-11
-8.8088224e-11
-8.9227924e-11
-8.8897056e-11
-8.9742637e-11
-8.8345581e-11
-8.9117637e-11
-8.7904406e-11
-8.8823525e-11
-8.7610287e-11
-8.7757343e-11
-8.6654413e-11
-8.7757343e-11
-8.7058818e-11
-8.6433805e-11
-8.8235287e-11
-8.9338231e-11
-8.9117644e-11
-8.8602937e-11
-8.9705875e-11
-8.8823518e-11
-8.9448511e-11
-8.9044105e-11
-9.0110287e-11
-8.8897049e-11
-8.7573532e-11
-8.9632343e-11
-9.0220581e-11
-8.9705875e-11
-8.8970581e-11
-8.8419105e-11
-9.05147e-11
-8.9374994e-11
-8.8492637e-11
-8.8823518e-11
-8.7941168e-11
-9.1360287e-11
-8.7463238e-11
-9.0992644e-11
-9.0551462e-11
-8.9374994e-11
-8.8786749e-11
-8.9999987e-11
-8.8713231e-11
-8.7463224e-11
-8.8419105e-11
-9.1470574e-11
-8.9595574e-11
-8.8125e-11
-8.7499986e-11
-8.6874993e-11
-8.6801462e-11
-8.6470574e-11
-8.7794105e-11
-8.8124993e-11
-8.9816168e-11
-9.0110287e-11
-9.11397e-11
-8.9522043e-11
-8.9889707e-11
-9.1066175e-11
-8.80147e-11
-9.0294106e-11
-8.7022042e-11
-8.9264693e-11
-8.8676455e-11
-8.8161756e-11
-8.7536749e-11
-8.8419112e-11
-9.05147e-11
-8.775735e-11
-8.9963224e-11
-8.8602931e-11
-9.0624994e-11
-8.9154406e-11
-8.8198518e-11
-8.8161756e-11
-8.7720574e-11
-8.6323525e-11
-8.8198525e-11
-8.7169105e-11
-8.698528e-11
-8.7536756e-11
-8.6176455e-11
-8.8088231e-11
-8.8161756e-11
-9.0330875e-11
-8.9779399e-11
-8.9852931e-11
-8.9963224e-11
-9.1911756e-11
-8.9852931e-11
-8.8161756e-11
-8.9742644e-11
-8.9301462e-11
-8.7683805e-11
-8.7058812e-11
-8.8749993e-11
-8.9999994e-11
-8.8455868e-11
-9.0294106e-11
-8.948528e-11
-9.0808819e-11
-8.8455868e-11
-8.7830875e-11
-8.9558819e-11
-8.7573525e-11
-8.7499993e-11
-8.7352937e-11
-8.7352924e-11
-8.8639707e-11
-8.8088224e-11
-8.6470574e-11
-8.7536749e-11
-8.7095581e-11
-8.8639693e-11
-8.7205874e-11
-8.5514699e-11
-8.7720567e-11
-8.8051455e-11
-8.8419112e-11
-8.86397e-11
-8.7683812e-11
-8.963235e-11
-8.7610287e-11
-8.6397056e-11
-8.8198511e-11
-8.8124986e-11
-8.9963224e-11
-9.0220574e-11
-8.588235e-11
-8.8860294e-11
-8.8419105e-11
-8.7794112e-11
-8.8897049e-11
-8.8749993e-11
-8.8345574e-11
-8.8860287e-11
-8.9852931e-11
-8.6838231e-11
-8.8308819e-11
-8.8970581e-11
-8.8749987e-11
-8.8713224e-11
-8.7058812e-11
-8.9117644e-11
-8.8088231e-11
-8.8713224e-11
-9.0183819e-11
-9.1176455e-11
-9.1066162e-11
-8.9227931e-11
-8.7426455e-11
-8.9154406e-11
-9.0220581e-11
-8.9191161e-11
-8.8419105e-11
-8.8823525e-11
-8.8860287e-11
-9.0110294e-11
-9.2647057e-11
-9.0294106e-11
-9.1286756e-11
-8.8419105e-11
-8.9558812e-11
-8.9411756e-11
-9.0036756e-11
-8.6617637e-11
-8.9227938e-11
-8.6102937e-11
-8.7647056e-11
-8.6286762e-11
-8.8823518e-11
-8.7610287e-11
-8.9816175e-11
-8.8419112e-11
-8.7683812e-11
-8.838235e-11
-9.0808819e-11
-8.7757336e-11
-8.6838231e-11
-9.0110287e-11
-8.7426462e-11
-8.9338224e-11
-8.6948525e-11
-8.6544105e-11
-8.8308819e-11
-8.9191168e-11
-9.1213231e-11
-9.014705e-11
-8.7205874e-11
-8.7279399e-11
-8.9117637e-11
-8.8198518e-11
-8.9375e-11
-8.7499986e-11
-8.6507343e-11
-8.9044105e-11
-8.900735e-11
-8.8014693e-11
-8.7904399e-11
-8.67647e-11
-8.775735e-11
-8.80147e-11
-8.5624993e-11
-8.7977924e-11
-8.8492637e-11
-8.7169112e-11
-8.8529406e-11
-8.9999987e-11
-8.8235287e-11
-8.6948518e-11
-8.8198511e-11
-8.9411756e-11
-8.7904399e-11
-8.8308819e-11
-8.9595588e-11
-8.9411756e-11
-8.6470574e-11
-8.8051462e-11
-8.7242637e-11
-8.7058812e-11
-8.7867644e-11
-8.7169105e-11
-8.6801462e-11
-8.5183804e-11
-8.8529399e-11
-8.6323518e-11
-8.7426462e-11
-8.5330881e-11
-8.7794112e-11
-8.8786756e-11
-8.797793e-11
-8.8124993e-11
-8.6985287e-11
-8.724263e-11
-8.8124993e-11
-8.7463224e-11
-8.6176462e-11
-8.8124993e-11
-8.6102937e-11
-8.73897e-11
-8.6801462e-11
-8.5919105e-11
-8.7867637e-11
-8.525735e-11
-8.8235294e-11
-8.6360287e-11
-8.6874993e-11
-8.9632343e-11
-8.5808805e-11
-8.80147e-11
-8.7022049e-11
-8.7647056e-11
-8.6911756e-11
-8.9080868e-11
-8.80147e-11
-1.0253674e-10
-1.0687499e-10
-1.1341911e-10
-1.2066174e-10
-1.2393382e-10
-1.2378676e-10
-1.2040439e-10
-1.1889704e-10
-1.1536765e-10
-1.1231616e-10
-1.0761027e-10
-1.0422793e-10
-1.0352939e-10
-1.0117646e-10
-9.7463218e-11
-9.5992637e-11
-9.5919106e-11
-9.5588218e-11
-9.5882351e-11
-9.1507336e-11
-9.2794113e-11
-9.0955868e-11
-9.2647057e-11
-9.0404399e-11
-9.05147e-11
-8.9558826e-11
-9.0404406e-11
-9.1507343e-11
-9.1066168e-11
-9.1029399e-11
-8.9705875e-11
-8.9374994e-11
-8.900735e-11
-8.8492644e-11
-9.0624994e-11
-9.1911756e-11
-8.9558826e-11
-8.8676455e-11
-9.0330875e-11
-8.9963224e-11
-9.0257343e-11
-9.1617644e-11
-8.9779399e-11
-9.0367637e-11
-9.0477938e-11
-8.9044119e-11
-8.9338231e-11
-8.974263e-11
-8.7830888e-11
-8.7830875e-11
-8.7610287e-11
-8.9301462e-11
-8.8455875e-11
-9.1323525e-11
-8.8529406e-11
-8.8124993e-11
-8.8529413e-11
-8.9926462e-11
-8.8529399e-11
-9.35294e-11
-1.0007352e-10
-1.0216911e-10
-1.0389706e-10
-1.0220587e-10
-1.0198527e-10
-9.8088218e-11
-9.8602924e-11
-9.8639701e-11
-9.4558812e-11
-9.5441162e-11
-9.2941155e-11
-9.2941169e-11
-9.2022057e-11
-9.2169106e-11
-9.0294106e-11
-9.1249994e-11
-9.1102945e-11
-9.1507343e-11
-8.8970581e-11
-9.0661756e-11
-8.797793e-11
-8.7683812e-11
-8.8308819e-11
-8.7757343e-11
-8.8455875e-11
-8.7683819e-11
-8.6764693e-11
-8.7352937e-11
-8.9411756e-11
-8.8382343e-11
-8.8676455e-11
-8.8455875e-11
-8.8161756e-11
-8.672793e-11
-8.5588224e-11
-8.6764693e-11
-8.7242637e-11
-8.5551462e-11
-8.6874993e-11
-8.6433805e-11
-8.7573518e-11
-8.9669105e-11
-8.6286756e-11
-9.0404406e-11
-9.0073518e-11
-8.8823518e-11
-8.8161756e-11
-8.8161756e-11
-8.9044105e-11
-8.7683819e-11
-9.0183812e-11
-8.8860287e-11
-8.9522049e-11
-8.974263e-11
-8.9926462e-11
-8.8529399e-11
-9.2095574e-11
-9.5477931e-11
-9.4154406e-11
-9.6176456e-11
-9.7867631e-11
-9.7463218e-11
-9.6617644e-11
-9.4301456e-11
-9.4411756e-11
-9.3676455e-11
-9.4816169e-11
-9.0183812e-11
-9.3161756e-11
-9.1580868e-11
-8.963235e-11
-9.1176462e-11
-9.1066168e-11
-9.1323518e-11
-9.2536756e-11
-8.9742637e-11
-9.0551462e-11
-9.2095588e-11
-9.1580882e-11
-9.0294106e-11
-8.963235e-11
-8.9374994e-11
-9.0073525e-11
-8.8639707e-11
-8.8566168e-11
-8.9926462e-11
-8.9044112e-11
-8.6838224e-11
-8.8823532e-11
-8.86397e-11
-8.7683812e-11
-8.7169112e-11
-8.7058818e-11
-8.8345588e-11
-8.8198518e-11
-8.8455875e-11
-8.7794112e-11
-8.7977937e-11
-8.6544119e-11
-8.6911756e-11
-8.7352944e-11
-8.6911756e-11
-8.7867644e-11
-8.5441168e-11
-8.5588224e-11
-8.7536763e-11
-8.7647056e-11
-8.8566161e-11
-8.6470574e-11
-9.0073518e-11
-9.2794106e-11
-9.3382344e-11
-9.1470574e-11
-9.1470574e-11
-9.036763e-11
-9.2058812e-11
-9.11397e-11
-9.0625001e-11
-9.1948518e-11
-9.1801462e-11
-8.8713231e-11
-8.8897056e-11
-8.9264693e-11
-8.8124993e-11
-9.0698518e-11
-9.1102931e-11
-9.014705e-11
-9.0919106e-11
-9.1213218e-11
-9.4448518e-11
-9.4742637e-11
-9.349263e-11
-9.1691175e-11
-9.1249994e-11
-8.9374994e-11
-9.0845581e-11
-8.9448518e-11
-8.9080882e-11
-8.9191161e-11
-8.8198518e-11
-9.1323525e-11
-8.698528e-11
-8.8602931e-11
-8.6654406e-11
-8.7169105e-11
-8.7095581e-11
-8.7205868e-11
-8.9080875e-11
-8.8014693e-11
-8.8161756e-11
-9.0220581e-11
-8.9374994e-11
-8.7683812e-11
-8.8345588e-11
-8.9705875e-11
-8.7463231e-11
-8.7794119e-11
-8.6102937e-11
-8.5367637e-11
-8.7610287e-11
-8.8749993e-11
-8.7095574e-11
-8.5919105e-11
-8.6875e-11
-8.7242637e-11
-8.610293e-11
-8.797793e-11
-8.588235e-11
-8.6323518e-11
-8.8088224e-11
-8.7794112e-11
-8.7830875e-11
-8.8419105e-11
-8.7205874e-11
-8.80147e-11
-8.7757336e-11
-8.7904399e-11
-8.713235e-11
-9.2683819e-11
-9.5367644e-11
-9.4191162e-11
-9.2463218e-11
-9.2794106e-11
-9.1507343e-11
-9.2830868e-11
-9.1470581e-11
-9.2132343e-11
-9.514705e-11
-9.2610287e-11
-9.139705e-11
-9.0551455e-11
-9.0257343e-11
-9.0919106e-11
-9.1213231e-11
-8.9926455e-11
-9.1102931e-11
-9.0992637e-11
-9.0330882e-11
-9.0624994e-11
-9.0992637e-11
-9.2205868e-11
-9.0367644e-11
-9.077205e-11
-9.0367637e-11
-9.0698518e-11
-9.0441168e-11
-8.8897049e-11
-9.1985274e-11
-9.0845581e-11
-9.2132343e-11
-8.9632357e-11
-9.073528e-11
-8.9338231e-11
-8.8529399e-11
-8.8455875e-11
-9.0477931e-11
-9.1948518e-11
-9.0588224e-11
-9.2867644e-11
-9.224263e-11
-9.4522043e-11
-9.161763e-11
-9.1470581e-11
-9.1286756e-11
-9.0661749e-11
-8.8749993e-11
-9.0551462e-11
-9.0330875e-11
-8.8676455e-11
-8.8345574e-11
-8.900735e-11
-8.7426469e-11
-8.6801462e-11
-8.7830881e-11
-8.6801462e-11
-8.900735e-11
-8.8161756e-11
-8.7867644e-11
-8.8749987e-11
-8.6911756e-11
-8.9926469e-11
-8.8272049e-11
-8.8676462e-11
-8.8345581e-11
-8.8308812e-11
-8.6911756e-11
-8.8713224e-11
-8.8676462e-11
-8.8088231e-11
-8.7463224e-11
-8.7904399e-11
-8.6580867e-11
-8.6764707e-11
-8.8749993e-11
-8.8676455e-11
-8.7941161e-11
-8.7610287e-11
-8.8088231e-11
-8.7095581e-11
-8.80147e-11
-8.5441168e-11
-8.797793e-11
-8.8566168e-11
-8.7426455e-11
-8.6176462e-11
-8.7536749e-11
-8.8786749e-11
-8.8933819e-11
-8.8860287e-11
-8.7794112e-11
-9.1139693e-11
-8.8713224e-11
-8.8198518e-11
-8.7867644e-11
-8.9154406e-11
-9.1286763e-11
-8.8198518e-11
-8.7794112e-11
-8.9963231e-11
-8.7058812e-11
-8.7426455e-11
-8.92647e-11
-9.1397043e-11
-8.9963224e-11
-8.8161756e-11
-9.2499994e-11
-9.2941162e-11
-9.2610287e-11
-9.0992637e-11
-9.0477931e-11
-9.1249994e-11
-8.9779399e-11
-8.838235e-11
-9.0404406e-11
-8.8345588e-11
-8.9301462e-11
-8.797793e-11
-8.8455868e-11
-8.7463224e-11
-8.8529406e-11
-8.5955874e-11
-8.8198518e-11
-8.8161756e-11
-8.8124993e-11
-8.8566168e-11
-8.9779399e-11
-9.124998e-11
-8.9779406e-11
-8.9154399e-11
-8.9816168e-11
-8.7757343e-11
-8.9705875e-11
-8.6029399e-11
-8.5919105e-11
-9.2573518e-11
-9.5955868e-11
-1.0452204e-10
-1.1463235e-10
-1.2143381e-10
-1.2319851e-10
-1.2283087e-10
-1.2529409e-10
-1.1709557e-10
-1.1400732e-10
-1.0871321e-10
-1.0606616e-10
-1.0110294e-10
-1.0102939e-10
-9.7426456e-11
-9.3749987e-11
-9.6985281e-11
-9.4411756e-11
-9.2279399e-11
-9.4117644e-11
-9.2463218e-11
-9.0404406e-11
-9.0294112e-11
-9.0955868e-11
-9.0661763e-11
-8.9705868e-11
-8.948528e-11
-8.9411763e-11
-8.7794112e-11
-8.8860294e-11
-8.7720581e-11
-8.9338231e-11
-8.7794112e-11
-8.7867644e-11
-8.8382343e-11
-8.7720574e-11
-8.9375e-11
-9.011028e-11
-8.7316175e-11
-8.9595581e-11
-9.077205e-11
-9.1176462e-11
-8.8419105e-11
-8.9080882e-11
-9.1102931e-11
-9.1617644e-11
-9.0036756e-11
-8.8345581e-11
-8.9375e-11
-9.17647e-11
-9.3860281e-11
-9.3308819e-11
-9.3566162e-11
-9.3014693e-11
-9.0551462e-11
-9.2132336e-11
-9.4522057e-11
-9.5845581e-11
-9.4448518e-11
-9.2941176e-11
-9.0441162e-11
-9.1360294e-11
-9.0441168e-11
-9.35294e-11
-9.139705e-11
-9.3161756e-11
-9.0183812e-11
-8.9632343e-11
-8.9522049e-11
-9.0955868e-11
-8.9301462e-11
-8.9044105e-11
-8.8823525e-11
-9.0624994e-11
-8.9669105e-11
-9.1176462e-11
-8.9926455e-11
-8.9705875e-11
-8.963235e-11
-9.0110287e-11
-8.8602937e-11
-8.9301462e-11
-8.8749987e-11
-8.7279406e-11
-9.1213224e-11
-8.8566168e-11
-8.8124993e-11
-8.9191168e-11
-8.9705868e-11
-8.8051455e-11
-8.7867644e-11
-8.8198518e-11
-8.6691168e-11
-8.8492644e-11
-8.9963224e-11
-9.0441155e-11
-8.9999987e-11
-8.9522056e-11
-8.8382357e-11
-8.761028e-11
-9.1029413e-11
-8.9080882e-11
-9.1580875e-11
-9.2977931e-11
-9.154412e-11
-8.9852945e-11
-9.1470574e-11
-9.1323525e-11
-8.9117637e-11
-8.8419105e-11
-9.1323518e-11
-8.797793e-11
-8.7022049e-11
-9.0477931e-11
-9.1470574e-11
-8.8602937e-11
-8.8455868e-11
-8.9485287e-11
-8.73897e-11
-8.8419105e-11
-8.8161756e-11
-8.7169112e-11
-8.797793e-11
-9.0551462e-11
-8.8345574e-11
-8.948528e-11
-9.0367644e-11
-8.8051462e-11
-8.7316168e-11
-8.8419105e-11
-8.8051462e-11
-8.9448525e-11
-8.8161756e-11
-9.0257343e-11
-9.0624994e-11
-9.1323518e-11
-9.1874994e-11
-8.86397e-11
-8.9227938e-11
-8.9411756e-11
-8.8786763e-11
-8.8786749e-11
-9.0735287e-11
-8.7977924e-11
-9.0735287e-11
-8.80147e-11
-8.9852938e-11
-9.0514693e-11
-8.7941175e-11
-8.610293e-11
-8.6948525e-11
-8.8345581e-11
-8.8566168e-11
-8.8345581e-11
-8.7683812e-11
-8.9999994e-11
-8.713235e-11
-8.7316175e-11
-8.8308819e-11
-8.7573525e-11
-8.7647056e-11
-8.7169105e-11
-8.6249993e-11
-8.7316168e-11
-8.8272049e-11
-8.7242637e-11
-8.8492644e-11
-8.7904399e-11
-8.5772049e-11
-8.5735287e-11
-8.5183818e-11
-8.735293e-11
-8.6764693e-11
-8.724263e-11
-8.7022049e-11
-8.6213217e-11
-8.8198525e-11
-8.5845581e-11
-8.6286756e-11
-8.6985294e-11
-8.823528e-11
-8.7720574e-11
-8.7941161e-11
-8.8602937e-11
-8.7610287e-11
-8.8419105e-11
-8.7941161e-11
-8.6544098e-11
-8.7205874e-11
-8.8124993e-11
-8.67647e-11
-8.7095574e-11
-8.7169105e-11
-8.8492637e-11
-8.713235e-11
-8.9338231e-11
-8.463235e-11
-8.8051462e-11
-8.7205868e-11
-8.7830868e-11
-8.6691161e-11
-8.6066175e-11
-8.7242637e-11
-8.5588224e-11
-8.5257343e-11
-8.6323525e-11
-8.7536749e-11
-8.6507343e-11
-8.6102923e-11
-8.4926462e-11
-8.5220581e-11
-8.9154406e-11
-8.9375e-11
-8.8382357e-11
-8.8161756e-11
-8.7132357e-11
-8.9080882e-11
-8.9080882e-11
-8.8566168e-11
-8.7426462e-11
-8.838235e-11
-8.849263e-11
-8.7022042e-11
-8.5808811e-11
-8.5514706e-11
-8.6507343e-11
-8.735293e-11
-8.713235e-11
-8.5735287e-11
-8.7647056e-11
-8.7794112e-11
-8.7610287e-11
-8.5330867e-11
-8.6397056e-11
-8.6323532e-11
-8.6507343e-11
-8.7794105e-11
-8.6544105e-11
-8.6580867e-11
-8.6654406e-11
-8.6360287e-11
-8.6323525e-11
-8.8161756e-11
-8.6470574e-11
-8.5661755e-11
-8.547793e-11
-8.5036755e-11
-8.6580874e-11
-8.5845581e-11
-8.599263e-11
-8.5882343e-11
-8.6213217e-11
-8.6066161e-11
-8.5110287e-11
-8.4816168e-11
-8.6985273e-11
-8.6764707e-11
-8.6838231e-11
-8.4926455e-11
-8.6176455e-11
-8.588235e-11
-8.7573518e-11
-8.8786756e-11
-8.4301469e-11
-8.775735e-11
-8.5588224e-11
-8.9485287e-11
-8.8235287e-11
-8.7757343e-11
-8.9742637e-11
-8.9742637e-11
-8.7316175e-11
-8.8382343e-11
-8.4705881e-11
-8.8602931e-11
-8.6470574e-11
-8.9301462e-11
-8.7904406e-11
-8.6286762e-11
-8.8088238e-11
-8.9117651e-11
-8.7977924e-11
-8.8088231e-11
-8.6691161e-11
-8.9227931e-11
-8.7794112e-11
-8.8713217e-11
-8.7426455e-11
-8.9154399e-11
-8.8492637e-11
-8.73897e-11
-8.6617644e-11
-8.8529406e-11
-8.7132343e-11
-8.7941161e-11
-8.7279406e-11
-8.8860287e-11
-8.7757343e-11
-8.5919112e-11
-8.67647e-11
-8.7389707e-11
-8.6397049e-11
-8.8345574e-11
-8.4338231e-11
-8.7426455e-11
-8.7573525e-11
-8.6691161e-11
-8.5772056e-11
-8.5919105e-11
-8.8161756e-11
-8.6066168e-11
-8.5624993e-11
-8.5441161e-11
-8.7022042e-11
-8.547793e-11
-8.9080875e-11
-8.8088231e-11
-8.7022042e-11
-8.625e-11
-8.6139706e-11
-8.7169105e-11
-8.6507336e-11
-8.7647056e-11
-8.67647e-11
-8.8198518e-11
-8.5367644e-11
-8.5036755e-11
-8.5955867e-11
-8.7352937e-11
-8.7794105e-11
-8.7316161e-11
-8.6066168e-11
-8.735293e-11
-8.9411756e-11
-8.8014693e-11
-8.7573525e-11
-8.7757336e-11
-8.5625e-11
-8.9816168e-11
-8.6985273e-11
-8.7022049e-11
-8.5955874e-11
-9.0036756e-11
-8.6286756e-11
-8.9816161e-11
-8.7830881e-11
-8.7169105e-11
-8.7058825e-11
-8.6397056e-11
-8.7095581e-11
-8.86397e-11
-8.5698518e-11
-8.8198518e-11
-8.5036755e-11
-8.86397e-11
-8.6286749e-11
-8.8860287e-11
-8.9007343e-11
-9.0919106e-11
-8.8676462e-11
-8.9558819e-11
-9.1323518e-11
-9.0110287e-11
-8.9669105e-11
-8.8272042e-11
-8.9338231e-11
-8.7058818e-11
-8.9742637e-11
-8.8602937e-11
-8.9080882e-11
-8.8308812e-11
-8.9191161e-11
-8.9669105e-11
-8.9485287e-11
-8.5845581e-11
-8.838235e-11
-8.8455875e-11
-8.9044112e-11
-8.8786756e-11
-8.8676462e-11
-8.8345581e-11
-8.9044105e-11
-8.7205861e-11
-8.8602944e-11
-8.7426455e-11
-8.6874993e-11
-8.8676462e-11
-8.7426455e-11
-8.7205881e-11
-8.6286756e-11
-8.8529399e-11
-8.7095581e-11
-8.6948511e-11
-8.8455875e-11
-8.6286749e-11
-8.8455875e-11
-8.9522043e-11
-8.7426455e-11
-8.61397e-11
-8.5441168e-11
-8.9264693e-11
-8.6874993e-11
-8.8161756e-11
-8.7463231e-11
-8.6691161e-11
-8.5661755e-11
-8.5588231e-11
-8.7022049e-11
-8.6727937e-11
-8.7463217e-11
-8.4522042e-11
-8.7794112e-11
-8.6801462e-11
-8.6801462e-11
-8.7941161e-11
-8.7794112e-11
-8.7169105e-11
-8.9522056e-11
-8.9301462e-11
-8.7757336e-11
-8.4448518e-11
-8.8970574e-11
-8.9374994e-11
-8.6139706e-11
-8.7205881e-11
-8.6764693e-11
-8.636028e-11
-8.6617644e-11
-8.6838224e-11
-8.6066168e-11
-8.7647056e-11
-8.5110287e-11
-8.6360287e-11
-8.6397056e-11
-8.7867637e-11
-8.6323518e-11
-8.7279406e-11
-8.7463224e-11
-8.7867651e-11
-8.6029399e-11
-8.5808811e-11
-8.7095581e-11
-8.6433811e-11
-8.4742643e-11
-8.5992644e-11
-8.7830875e-11
-8.7352937e-11
-8.650735e-11
-8.5624993e-11
-8.7941168e-11
-8.5992637e-11
-8.7867644e-11
-8.5955867e-11
-8.4779413e-11
-8.5551462e-11
-8.7205868e-11
-8.5294112e-11
-8.6360287e-11
-8.7536763e-11
-8.7463224e-11
-8.698528e-11
-8.5919105e-11
-8.67647e-11
-8.6801476e-11
-8.8088231e-11
-8.6360294e-11
-8.6617644e-11
-8.8786756e-11
-8.7830875e-11
-8.650735e-11
-8.8566161e-11
-8.9816168e-11
-9.0257336e-11
-8.6654406e-11
-8.8602931e-11
-8.7683819e-11
-8.6654399e-11
-8.7904399e-11
-8.6764693e-11
-8.7941161e-11
-8.7904406e-11
-8.9191161e-11
-8.7499993e-11
-8.8786756e-11
-8.7794112e-11
-8.6066168e-11
-8.6249979e-11
-8.8308819e-11
-8.5514699e-11
-8.7683812e-11
-8.463235e-11
-8.4669105e-11
-8.5845581e-11
-8.6948525e-11
-8.5367637e-11
-8.797793e-11
-8.7022056e-11
-8.8308812e-11
-9.1801462e-11
-8.7941168e-11
-8.900735e-11
-8.8272042e-11
-8.7499993e-11
-8.8308812e-11
-8.9705875e-11
-8.6470581e-11
-8.7794119e-11
-8.8014693e-11
-8.7573525e-11
-8.8786756e-11
-8.7941168e-11
-8.5514693e-11
-8.4669105e-11
-8.3823518e-11
-8.5882343e-11
-8.7904406e-11
-8.7830868e-11
-8.6948518e-11
-8.7573518e-11
-8.8272049e-11
-8.8051462e-11
-8.698528e-11
-8.6654406e-11
-8.8676469e-11
-8.7426455e-11
-8.7610287e-11
-8.6654406e-11
-8.8713224e-11
-8.5624986e-11
-8.5514693e-11
-8.7463224e-11
-8.6029399e-11
-8.7389707e-11
-8.7169105e-11
-8.6580874e-11
-8.8014693e-11
-8.5441168e-11
-8.8860287e-11
-8.6544112e-11
-8.6617644e-11
-8.636028e-11
-8.5845581e-11
-8.6691161e-11
-8.8124986e-11
-8.4448518e-11
-8.5257343e-11
-8.4595581e-11
-8.7573518e-11
-8.6838231e-11
-8.6507343e-11
-8.650735e-11
-8.6948518e-11
-8.963235e-11
-8.6066168e-11
-8.6801462e-11
-8.7683812e-11
-8.8639707e-11
-8.8014693e-11
-8.9374987e-11
-8.6213224e-11
-8.6580867e-11
-8.8272049e-11
-8.8088224e-11
-8.6617644e-11
-8.7316168e-11
-8.7095588e-11
-8.6066161e-11
-8.6727937e-11
-8.5661755e-11
-8.6470574e-11
-8.6213231e-11
-8.8529406e-11
-8.6838224e-11
-8.8749987e-11
-8.8529406e-11
-8.9669105e-11
-8.547793e-11
-8.7904406e-11
-8.8272056e-11
-8.6617644e-11
-8.8382343e-11
-8.672793e-11
-8.8566168e-11
-8.7279406e-11
-8.7279392e-11
-8.8382343e-11
-8.7279406e-11
-8.5882357e-11
-8.6176462e-11
-8.6875e-11
-8.7573518e-11
-8.5624993e-11
-8.4816168e-11
-8.5073518e-11
-8.4669112e-11
-8.5147042e-11
-8.5955874e-11
-8.698528e-11
-8.5588224e-11
-8.5772042e-11
-8.3823518e-11
-8.6948518e-11
-8.8198518e-11
-8.9227924e-11
-9.5772043e-11
-9.9595582e-11
-1.0249999e-10
-1.0624999e-10
-1.0904411e-10
-1.0908088e-10
-1.0628676e-10
-1.0106616e-10
-1.0007353e-10
-9.5992637e-11
-9.4485288e-11
-9.2352938e-11
-9.3676462e-11
-8.8602937e-11
-9.1176462e-11
-8.9669105e-11
-8.9374994e-11
-9.0110287e-11
-8.823528e-11
-9.0183812e-11
-8.98897e-11
-8.7573525e-11
-8.6911756e-11
-8.6801469e-11
-8.7794105e-11
-8.5367637e-11
-8.761028e-11
-8.7794105e-11
-8.6433811e-11
-8.7426462e-11
-8.6691161e-11
-8.7316175e-11
-8.6323518e-11
-8.5367644e-11
-8.5036762e-11
-8.5919105e-11
-8.6176455e-11
-8.5147049e-11
-8.5036755e-11
-8.7830868e-11
-8.8529392e-11
-8.8272049e-11
-8.7904406e-11
-8.7058812e-11
-8.6948518e-11
-8.5588238e-11
-8.6286756e-11
-8.4705867e-11
-8.5661762e-11
-8.5588217e-11
-8.5735294e-11
-8.6066168e-11
-8.9963231e-11
-8.8419105e-11
-8.9117644e-11
-8.6470574e-11
-8.8345581e-11
-8.713235e-11
-8.6433811e-11
-8.6911756e-11
-8.4742643e-11
-8.8308812e-11
-8.7757343e-11
-8.7022049e-11
-8.5514693e-11
-8.6323511e-11
-8.6176455e-11
-8.4742637e-11
-8.67647e-11
-8.5367644e-11
-8.5919105e-11
-8.6654406e-11
-8.5845574e-11
-8.6691161e-11
-8.5073525e-11
-8.7647056e-11
-8.5698525e-11
-8.5845581e-11
-8.595586e-11
-8.7830868e-11
-8.5073518e-11
-8.5845581e-11
-8.5514699e-11
-8.5588224e-11
-8.5441168e-11
-8.6029399e-11
-8.588235e-11
-8.73897e-11
-8.698528e-11
-8.6470581e-11
-8.5257343e-11
-8.5992644e-11
-8.6544112e-11
-8.4522042e-11
-8.5441161e-11
-8.5955867e-11
-8.6176455e-11
-8.4558818e-11
-8.5110287e-11
-8.5514686e-11
-8.4411755e-11
-8.735293e-11
-8.5367637e-11
-8.61397e-11
-8.7463224e-11
-8.7426455e-11
-8.8566161e-11
-8.7242637e-11
-8.823528e-11
-8.9632336e-11
-8.6470581e-11
-8.7830875e-11
-8.6397049e-11
-8.5772056e-11
-8.8124993e-11
-8.6544105e-11
-8.5110287e-11
-8.6911756e-11
-8.4338231e-11
-8.5330874e-11
-8.4816168e-11
-8.6176462e-11
-8.5698511e-11
-8.5845581e-11
-8.5992637e-11
-8.6727937e-11
-8.7352937e-11
-8.525735e-11
-8.360293e-11
-8.6433818e-11
-8.7536763e-11
-8.6176462e-11
-8.5735287e-11
-8.5220581e-11
-8.7720581e-11
-8.7610287e-11
-8.599263e-11
-8.6838224e-11
-8.4926462e-11
-8.6470574e-11
-8.5845581e-11
-8.4742637e-11
-8.6360287e-11
-9.0845588e-11
-8.8272042e-11
-8.7941161e-11
-8.7352944e-11
-8.7610287e-11
-8.7022042e-11
-8.735293e-11
-8.3713224e-11
-8.7867637e-11
-8.80147e-11
-8.6213217e-11
-8.5772042e-11
-8.5147056e-11
-8.6286756e-11
-8.5919105e-11
-8.6066161e-11
-8.7058812e-11
-8.6139706e-11
-8.5661755e-11
-8.6433818e-11
-8.7720574e-11
-8.698528e-11
-8.6911756e-11
-8.5661755e-11
-8.6213231e-11
-8.7573525e-11
-8.4963224e-11
-8.7536756e-11
-8.8897056e-11
-8.67647e-11
-8.6874993e-11
-8.6617637e-11
-8.6691161e-11
-8.7683819e-11
-8.5661755e-11
-8.5551462e-11
-8.6838231e-11
-8.5036755e-11
-8.5183811e-11
-8.6911756e-11
-8.6911756e-11
-8.4889699e-11
-8.713235e-11
-8.5257343e-11
-8.6691161e-11
-8.5992637e-11
-8.6360287e-11
-8.3529406e-11
-8.6139706e-11
-8.3566168e-11
-8.5808811e-11
-8.5588231e-11
-8.6102937e-11
-8.4779406e-11
-8.6360287e-11
-8.4889699e-11
-8.5882343e-11
-8.7426455e-11
-8.6066168e-11
-8.7132357e-11
-8.6029399e-11
-8.5955867e-11
-8.6544112e-11
-8.6617644e-11
-8.6948518e-11
-8.4411755e-11
-8.6544112e-11
-8.6213224e-11
-8.3713224e-11
-8.5588231e-11
-8.5147056e-11
-8.6286756e-11
-8.4963224e-11
-8.2683818e-11
-8.5845581e-11
-8.6397056e-11
-8.61397e-11
-8.6066168e-11
-8.5992637e-11
-8.4779413e-11
-8.5183811e-11
-8.6397049e-11
-8.7720581e-11
-8.2720573e-11
-8.6249986e-11
-8.4595581e-11
-8.3823518e-11
-8.5698518e-11
-8.6727923e-11
-8.6801469e-11
-8.6948525e-11
-8.5514699e-11
-8.5588231e-11
-8.5220581e-11
-8.5919105e-11
-8.5661755e-11
-8.4264706e-11
-8.547793e-11
-8.5772042e-11
-8.5147049e-11
-8.5919105e-11
-8.6066175e-11
-8.6102937e-11
-8.7205868e-11
-8.4779406e-11
-8.713235e-11
-8.6911756e-11
-8.4779399e-11
-8.5588231e-11
-8.4632357e-11
-8.3492636e-11
-8.5992644e-11
-8.4852937e-11
-8.6066175e-11
-8.3161762e-11
-8.900735e-11
-8.360293e-11
-8.6433811e-11
-8.6874993e-11
-8.7169105e-11
-8.6985287e-11
-8.5772049e-11
-8.5110287e-11
-8.6102937e-11
-8.5073518e-11
-8.61397e-11
-8.5404406e-11
-8.5919112e-11
-8.6507343e-11
-8.6874993e-11
-8.3823525e-11
-8.7647056e-11
-8.6580874e-11
-8.610293e-11
-8.5992637e-11
-8.4705874e-11
-8.4852937e-11
-8.525735e-11
-8.5183811e-11
-8.4889699e-11
-8.5367637e-11
-8.4779406e-11
-8.672793e-11
-8.8051462e-11
-8.7426469e-11
-8.6433805e-11
-8.6764693e-11
-8.7022049e-11
-8.6838224e-11
-8.9338224e-11
-8.8308819e-11
-8.6176455e-11
-8.6838224e-11
-8.6764693e-11
-8.6580874e-11
-8.338235e-11
-8.5367644e-11
-8.75e-11
-8.6360287e-11
-8.6617637e-11
-8.5441168e-11
-8.6507343e-11
-8.6838231e-11
-8.5845588e-11
-8.7095581e-11
-8.61397e-11
-8.5367644e-11
-8.3308818e-11
-8.7573525e-11
-8.3749993e-11
-8.67647e-11
-8.3272049e-11
-8.7242637e-11
-8.6249993e-11
-8.5404406e-11
-8.4852937e-11
-8.6691168e-11
-8.4264699e-11
-8.3897056e-11
-8.5110287e-11
-8.6397056e-11
-8.5955867e-11
-8.3970574e-11
-8.4669105e-11
-8.6691161e-11
-8.6066175e-11
-8.5698518e-11
-8.5735294e-11
-8.5367644e-11
-8.4963224e-11
-8.5257343e-11
-8.650735e-11
-8.6213231e-11
-8.5698518e-11
-8.5882343e-11
-8.5845574e-11
-8.3860294e-11
-8.485293e-11
-8.485293e-11
-8.6470581e-11
-8.6029406e-11
-8.5955881e-11
-8.6838231e-11
-8.6838224e-11
-8.6249993e-11
-8.7352937e-11
-8.6249993e-11
-8.5514706e-11
-8.4374993e-11
-8.6544105e-11
-8.4963231e-11
-8.4632357e-11
-8.3419105e-11
-8.7830875e-11
-8.5845588e-11
-8.3602937e-11
-8.3308825e-11
-8.4816175e-11
-8.8088231e-11
-8.6580881e-11
-8.8602937e-11
-8.7389693e-11
-8.6507336e-11
-8.6470581e-11
-8.75e-11
-8.6433811e-11
-8.761028e-11
-8.5661755e-11
-8.7683812e-11
-8.5441161e-11
-8.9852938e-11
-8.6397049e-11
-8.5772056e-11
-8.672793e-11
-8.6360294e-11
-8.7095581e-11
-8.5845581e-11
-8.7499993e-11
-8.7058812e-11
-8.5625e-11
-8.5257343e-11
-8.5624993e-11
-8.4999986e-11
-8.672793e-11
-8.5367637e-11
-8.4522042e-11
-8.61397e-11
-8.6066168e-11
-8.6360287e-11
-8.5036755e-11
-8.4227923e-11
-8.5294112e-11
-8.5735287e-11
-8.5919112e-11
-8.573528e-11
-8.5036755e-11
-8.4448511e-11
-8.6213231e-11
-8.4301455e-11
-8.397058e-11
-8.5404399e-11
-8.3272049e-11
-8.5147049e-11
-8.3823518e-11
-8.5992644e-11
-8.7095581e-11
-8.6323518e-11
-8.3235287e-11
-8.5772049e-11
-8.5330874e-11
-8.3897049e-11
-8.338235e-11
-8.5330874e-11
-8.5551469e-11
-8.4889699e-11
-8.3088231e-11
-8.5404406e-11
-8.3272056e-11
-8.3897056e-11
-8.4999986e-11
-8.4448525e-11
-8.4264692e-11
-8.3492643e-11
-8.5036748e-11
-8.4779399e-11
-8.5220581e-11
-8.5330874e-11
-8.4374993e-11
-8.5294105e-11
-8.588235e-11
-8.4889699e-11
-8.6360287e-11
-8.4044105e-11
-8.6580874e-11
-8.5110287e-11
-8.6801462e-11
-8.5992637e-11
-8.3713231e-11
-8.5625e-11
-8.5845574e-11
-8.6580881e-11
-8.6948518e-11
-8.7169112e-11
-8.5772049e-11
-8.5367637e-11
-8.6066161e-11
-8.588235e-11
-8.7316175e-11
-8.7132343e-11
-8.6691154e-11
-8.838235e-11
-8.67647e-11
-8.6323525e-11
-8.3639699e-11
-8.6838231e-11
-8.547793e-11
-8.6617644e-11
-8.6691154e-11
-8.7536749e-11
-8.5441161e-11
-8.6654406e-11
-8.7794105e-11
-8.6801462e-11
-8.761028e-11
-8.7794105e-11
-8.5955867e-11
-8.6544112e-11
-8.6691161e-11
-8.4926455e-11
-8.7205881e-11
-8.5036748e-11
-8.6911756e-11
-8.6029406e-11
-8.4742637e-11
-8.4448511e-11
-8.4448518e-11
-8.7720581e-11
-8.5992637e-11
-8.5992637e-11
-8.6544112e-11
-8.672793e-11
-8.7169105e-11
-8.6102937e-11
-8.8272049e-11
-8.6029399e-11
-8.6801455e-11
-8.4338231e-11
-8.7316175e-11
-8.7169105e-11
-8.5919105e-11
-8.8492637e-11
-8.8419105e-11
-8.6654406e-11
-8.6948518e-11
-8.7426455e-11
-8.7499993e-11
-8.6948518e-11
-8.7169105e-11
-8.6507343e-11
-8.6911756e-11
-8.6544112e-11
-8.6213224e-11
-8.6176462e-11
-8.7647049e-11
-8.5073525e-11
-8.7830868e-11
-8.2316168e-11
-8.6286756e-11
-8.4632343e-11
-8.6911756e-11
-8.7794105e-11
-8.6985287e-11
-8.797793e-11
-8.5404406e-11
-8.7499993e-11
-8.7463231e-11
-8.6948518e-11
-8.698528e-11
-8.5330867e-11
-8.7536763e-11
-8.7279399e-11
-8.5735287e-11
-8.7205874e-11
-8.7095588e-11
-8.6985287e-11
-8.7426455e-11
-8.698528e-11
-8.588235e-11
-8.5588231e-11
-8.5477923e-11
-8.4191161e-11
-8.6654406e-11
-8.6580874e-11
-8.7573518e-11
-8.4191168e-11
-8.6948511e-11
-8.4669112e-11
-8.7132343e-11
-8.4375e-11
-8.8786756e-11
-8.4264699e-11
-8.6948518e-11
-8.4522056e-11
-8.7022049e-11
-8.6360287e-11
-8.5698518e-11
-8.5183811e-11
-8.5698525e-11
-8.7573518e-11
-8.7426462e-11
-8.6323518e-11
-8.547793e-11
-8.7389707e-11
-8.6801469e-11
-8.5735287e-11
-8.6948518e-11
-8.8051455e-11
-8.6470574e-11
-8.7794105e-11
-8.6286756e-11
-8.5588224e-11
-8.5661755e-11
-8.92647e-11
-8.7022056e-11
-8.713235e-11
-8.5955867e-11
-8.8124993e-11
-8.7316168e-11
-8.6507343e-11
-8.6397056e-11
-8.7904406e-11
-8.6213224e-11
-8.6801462e-11
-8.7830875e-11
-8.698528e-11
-8.8676462e-11
-8.5294112e-11
-8.7720567e-11
-8.3970574e-11
-8.6727937e-11
-8.8529406e-11
-8.6691161e-11
-8.6249993e-11
-8.6213224e-11
-8.5661755e-11
-8.4999993e-11
-8.3786755e-11
-8.8308819e-11
-8.5955867e-11
-8.6213224e-11
-8.588235e-11
-8.5882343e-11
-8.6507343e-11
-8.9852938e-11
-8.422793e-11
-8.7352937e-11
-8.7683812e-11
-8.7536749e-11
-8.5845574e-11
-8.4448518e-11
-8.698528e-11
-8.7169105e-11
-8.8639693e-11
-8.297793e-11
-8.7720581e-11
-8.6139693e-11
-8.6213217e-11
-8.5955867e-11
-8.5441161e-11
-8.4852937e-11
-8.4742637e-11
-8.5808818e-11
-8.6176455e-11
-8.6617637e-11
-8.7573518e-11
-8.7242637e-11
-8.6948525e-11
-8.5110287e-11
-8.4154406e-11
-8.7095588e-11
-8.6470574e-11
-8.5441161e-11
-8.4191168e-11
-8.6213224e-11
-8.5955867e-11
-8.5588224e-11
-8.4926455e-11
-8.3823525e-11
-8.4926469e-11
-8.6580888e-11
-8.4485287e-11
-8.547793e-11
-8.8235287e-11
-8.6433811e-11
-8.5073525e-11
-8.6580874e-11
-8.4999986e-11
-8.4007343e-11
-8.4963231e-11
-8.4963217e-11
-8.5588231e-11
-8.5404406e-11
-8.5183811e-11
-8.547793e-11
-8.636028e-11
-8.6286756e-11
-8.5514699e-11
-8.8198511e-11
-8.6397049e-11
-8.6323525e-11
-8.6838224e-11
-8.7610287e-11
-8.7279399e-11
-8.4448518e-11
-8.6397049e-11
-8.761028e-11
-8.6029413e-11
-8.7242637e-11
-8.6433811e-11
-8.4816168e-11
-8.588235e-11
-8.6066168e-11
-8.4595581e-11
-8.6213224e-11
-8.4558818e-11
-8.5183811e-11
-8.7683812e-11
-8.6617637e-11
-8.3308818e-11
-8.6249986e-11
-8.6617644e-11
-8.5220574e-11
-8.5147049e-11
-8.4117636e-11
-8.7352937e-11
-8.6727937e-11
-8.4889699e-11
-8.5514693e-11
-8.6323525e-11
-8.573528e-11
-8.5735287e-11
-8.6323525e-11
-8.5919105e-11
-8.5036748e-11
-8.5845581e-11
-8.5441161e-11
-8.672793e-11
-8.5073518e-11
-8.6470581e-11
-8.6544112e-11
-8.6102937e-11
-8.485293e-11
-8.3124993e-11
-8.4448518e-11
-8.7463224e-11
-8.4742643e-11
-8.547793e-11
-8.6029399e-11
-8.6249993e-11
-8.6691161e-11
-8.6838224e-11
-8.7022042e-11
-8.698528e-11
-8.6911756e-11
-8.5477937e-11
-8.5257343e-11
-8.5036762e-11
-8.4779406e-11
-8.6433811e-11
-8.7867637e-11
-8.5624993e-11
-8.7058812e-11
-8.5551462e-11
-8.5404406e-11
-8.8566161e-11
-8.5808811e-11
-8.6470581e-11
-8.7058818e-11
-8.5441168e-11
-8.5220581e-11
-8.6286756e-11
-8.67647e-11
-8.5257343e-11
-8.4926455e-11
-8.6213217e-11
-8.6874986e-11
-8.5625e-11
-8.5808811e-11
-8.7058812e-11
-8.5551462e-11
-8.4264692e-11
-8.6801462e-11
-8.4926462e-11
-8.7169105e-11
-8.4999986e-11
-8.6874993e-11
-8.4963231e-11
-8.6249986e-11
-8.5588224e-11
-8.3823531e-11
-8.4485287e-11
-8.6066168e-11
-8.5551462e-11
-8.5955874e-11
-8.7316168e-11
-8.7683812e-11
-8.5404399e-11
-8.4595581e-11
-8.6580874e-11
-8.4080867e-11
-8.6875e-11
-8.5661755e-11
-8.7794112e-11
-8.5845581e-11
-8.8088224e-11
-8.5367644e-11
-8.7316161e-11
-8.5661749e-11
-8.6764693e-11
-8.4338238e-11
-8.6727937e-11
-8.7426455e-11
-8.713235e-11
-8.588235e-11
-8.5992637e-11
-8.5698532e-11
-8.6654406e-11
-8.5367644e-11
-8.6102944e-11
-8.6580867e-11
-8.6029399e-11
-8.7426455e-11
-8.4448525e-11
-8.8161763e-11
-8.6801462e-11
-8.6801469e-11
-8.4999993e-11
-8.6580867e-11
-8.4669105e-11
-8.5183818e-11
-8.3492636e-11
-8.6323518e-11
-8.73897e-11
-8.6801462e-11
-8.4301462e-11
-8.6286749e-11
-8.463235e-11
-8.323528e-11
-8.6433811e-11
-8.7426455e-11
-8.7941168e-11
-8.4889699e-11
-8.6249986e-11
-8.6286749e-11
-8.7095581e-11
-8.6470581e-11
-8.7022049e-11
-8.6911756e-11
-8.7205874e-11
-8.4816161e-11
-8.6544112e-11
-8.6470574e-11
-8.6360294e-11
-8.7794112e-11
-8.6176462e-11
-8.6727923e-11
-8.7205874e-11
-8.8235287e-11
-8.7279406e-11
-8.4522042e-11
-8.5367644e-11
-8.900735e-11
-8.6102944e-11
-8.7683812e-11
-8.5919105e-11
-8.7205868e-11
-8.7279399e-11
-8.6433818e-11
-8.7830875e-11
-8.6544112e-11
-8.3933804e-11
-8.6029399e-11
-8.7720581e-11
-8.4522056e-11
-8.6213224e-11
-8.4448518e-11
-8.7316168e-11
-8.4742637e-11
-8.5661762e-11
-8.4705874e-11
-8.6066161e-11
-8.5441168e-11
-8.6286762e-11
-8.7426455e-11
-8.5110294e-11
-8.3860294e-11
-8.7316168e-11
-8.9007343e-11
-8.610293e-11
-8.7279399e-11
-8.6764707e-11
-8.6249993e-11
-8.5220581e-11
-8.672793e-11
-8.4264692e-11
-8.6139693e-11
-8.7720574e-11
-8.5955867e-11
-8.4669105e-11
-8.5147056e-11
-8.6102923e-11
-8.8308812e-11
-8.6507343e-11
-8.6507343e-11
-8.6323525e-11
-8.6066161e-11
-8.6654406e-11
-8.5330867e-11
-8.7316168e-11
-8.672793e-11
-8.6691175e-11
-8.7941161e-11
-8.7647056e-11
-8.4558811e-11
-8.5955874e-11
-8.6360287e-11
-8.5220574e-11
-8.5808818e-11
-8.7426455e-11
-8.6911756e-11
-8.7794112e-11
-8.6838224e-11
-8.6139693e-11
-8.7242637e-11
-8.6213224e-11
-8.8786756e-11
-8.6838231e-11
-8.6029399e-11
-8.5404406e-11
-8.6948511e-11
-8.8419105e-11
-8.7573518e-11
-8.6176462e-11
-8.61397e-11
-8.6249993e-11
-8.8529413e-11
-8.7573532e-11
-8.8051469e-11
-8.5588224e-11
-8.5808811e-11
-8.823528e-11
-8.5955874e-11
-8.5698525e-11
-8.6948518e-11
-8.5735287e-11
-8.7169112e-11
-8.8419105e-11
-8.6139693e-11
-8.6470574e-11
-8.4742643e-11
-8.4595587e-11
-8.547793e-11
-8.588235e-11
-8.5147056e-11
