1.1438335e-09
1.1426251e-09
1.1424166e-09
1.1393749e-09
1.1398334e-09
1.1415416e-09
1.1404583e-09
1.1422501e-09
1.1444584e-09
1.1427084e-09
1.1399167e-09
1.1403335e-09
1.1455e-09
1.1406667e-09
1.1417918e-09
1.1437085e-09
1.1416668e-09
1.1440834e-09
1.1414999e-09
1.143e-09
1.1436666e-09
1.1406666e-09
1.1434166e-09
1.1425e-09
1.14875e-09
1.1409582e-09
1.1426666e-09
1.1445416e-09
1.1416667e-09
1.1424582e-09
1.1433333e-09
1.14675e-09
1.1416667e-09
1.1454167e-09
1.1400415e-09
1.137875e-09
1.14375e-09
1.1394167e-09
1.1426667e-09
1.1437916e-09
1.1405418e-09
1.1438751e-09
1.1411667e-09
1.1430833e-09
1.142125e-09
1.1407918e-09
1.1435833e-09
1.1395418e-09
1.1403334e-09
1.1407916e-09
1.1459583e-09
1.1424165e-09
1.1422501e-09
1.1390419e-09
1.1426251e-09
1.1391666e-09
1.1394584e-09
1.1412917e-09
1.1429583e-09
1.1415418e-09
1.1430417e-09
1.1417499e-09
1.1422916e-09
1.1395833e-09
1.1393334e-09
1.1399167e-09
1.1447916e-09
1.1392082e-09
1.1370417e-09
1.139875e-09
1.1435001e-09
1.137625e-09
1.1424166e-09
1.1428333e-09
1.1474167e-09
1.1372082e-09
1.1407917e-09
1.1424584e-09
1.1447501e-09
1.1401668e-09
1.1435832e-09
1.1415833e-09
1.1437501e-09
1.13625e-09
1.1419999e-09
1.1376666e-09
1.1424999e-09
1.1418334e-09
1.1390416e-09
1.1436251e-09
1.1409166e-09
1.1401668e-09
1.1414583e-09
1.143e-09
1.1401666e-09
1.1426252e-09
1.1386666e-09
1.145875e-09
1.140125e-09
1.1418751e-09
1.1411249e-09
1.1392501e-09
1.1405417e-09
1.1455833e-09
1.137875e-09
1.139375e-09
1.1387917e-09
1.1465833e-09
1.1403334e-09
1.142375e-09
1.1476667e-09
1.1429583e-09
1.14475e-09
1.1384167e-09
1.144625e-09
1.1405833e-09
1.1417083e-09
1.1422501e-09
1.1460831e-09
1.1426251e-09
1.1421667e-09
1.1432502e-09
1.1428334e-09
1.1415e-09
1.1424582e-09
1.1415e-09
1.1415833e-09
1.1402916e-09
1.1389584e-09
1.1394999e-09
1.139375e-09
1.1411667e-09
1.1434584e-09
1.1465833e-09
1.1372082e-09
1.1417918e-09
1.1372917e-09
1.1444584e-09
1.1440415e-09
1.1439583e-09
1.1450002e-09
1.1424582e-09
1.143375e-09
1.1440001e-09
1.1382916e-09
1.1412084e-09
1.1411667e-09
1.1390834e-09
1.1380834e-09
1.1410834e-09
1.1464166e-09
1.1388334e-09
1.1420833e-09
1.1396667e-09
1.1370418e-09
1.1390416e-09
1.1415833e-09
1.1435416e-09
1.1389584e-09
1.1427084e-09
1.1441668e-09
1.1429168e-09
1.1400835e-09
1.141625e-09
1.1399585e-09
1.138e-09
1.1397916e-09
1.1381249e-09
1.1437501e-09
1.1382084e-09
1.1381666e-09
1.1432916e-09
1.14e-09
1.1404169e-09
1.138e-09
1.1414584e-09
1.1442918e-09
1.1416249e-09
1.1383749e-09
1.1406667e-09
1.1369585e-09
1.1375001e-09
1.1382917e-09
1.1403334e-09
1.1407083e-09
1.1403334e-09
1.1418334e-09
1.1379999e-09
1.1402083e-09
1.1402083e-09
1.1411251e-09
1.1442918e-09
1.1407499e-09
1.143375e-09
1.1372917e-09
1.1404584e-09
1.1416667e-09
1.1396252e-09
1.1450417e-09
1.1375417e-09
1.1394167e-09
1.1414583e-09
1.1424584e-09
1.1417918e-09
1.1413335e-09
1.14075e-09
1.1399585e-09
1.1411251e-09
1.1392083e-09
1.1405833e-09
1.1360002e-09
1.1383333e-09
1.1414583e-09
1.1474166e-09
1.1410416e-09
1.1404165e-09
1.1414583e-09
1.1403749e-09
1.143375e-09
1.145125e-09
1.1463333e-09
1.1405418e-09
1.1423332e-09
1.1416667e-09
1.1403335e-09
1.1399166e-09
1.1418334e-09
1.1432917e-09
1.142375e-09
1.1375416e-09
1.1375832e-09
1.1380415e-09
1.1429584e-09
1.1385001e-09
1.1426666e-09
1.1439583e-09
1.1414999e-09
1.1382917e-09
1.1425e-09
1.1377916e-09
1.1396668e-09
1.1410416e-09
1.1370833e-09
1.1430833e-09
1.1409582e-09
1.1392084e-09
1.1391666e-09
1.1432916e-09
1.1398333e-09
1.1435416e-09
1.1412501e-09
1.1392499e-09
1.1432083e-09
1.1406667e-09
1.1366666e-09
1.1388749e-09
1.1445001e-09
1.141625e-09
1.140375e-09
1.1408334e-09
1.1414584e-09
1.144e-09
1.1399167e-09
1.1418749e-09
1.1411667e-09
1.1440834e-09
1.1442499e-09
1.1394583e-09
1.139125e-09
1.1404168e-09
1.1401667e-09
1.142375e-09
1.1375416e-09
1.1417919e-09
1.140625e-09
1.1399167e-09
1.1421667e-09
1.1387085e-09
1.1411249e-09
1.1447501e-09
1.1385833e-09
1.1419583e-09
1.1418332e-09
1.1419167e-09
1.147375e-09
1.140125e-09
1.14275e-09
1.1395417e-09
1.13975e-09
1.1417918e-09
1.1438334e-09
1.1402083e-09
1.1384584e-09
1.1389167e-09
1.1375417e-09
1.136625e-09
1.1388751e-09
1.1393749e-09
1.1404585e-09
1.1403335e-09
1.1444584e-09
1.1405002e-09
1.1425416e-09
1.1397501e-09
1.1375e-09
1.1406667e-09
1.1409582e-09
1.1436667e-09
1.1367918e-09
1.139125e-09
1.1400416e-09
1.1415e-09
1.1425e-09
1.1431667e-09
1.1420001e-09
1.1432918e-09
1.1389582e-09
1.1375832e-09
1.1397501e-09
1.1391668e-09
1.1420417e-09
1.1383749e-09
1.1453334e-09
1.1371249e-09
1.1377917e-09
1.1393749e-09
1.1401251e-09
1.13925e-09
1.1414583e-09
1.1432083e-09
1.13775e-09
1.141125e-09
1.14225e-09
1.1405417e-09
1.1448335e-09
1.1405833e-09
1.139e-09
1.141e-09
1.1435417e-09
1.1409583e-09
1.1442083e-09
1.1390835e-09
1.1416667e-09
1.1424165e-09
1.1424166e-09
1.1395418e-09
1.1362083e-09
1.1353334e-09
1.1382084e-09
1.1409582e-09
1.1386251e-09
1.1374166e-09
1.1398332e-09
1.14e-09
1.1391248e-09
1.1380834e-09
1.1409167e-09
1.1344584e-09
1.1410416e-09
1.1412501e-09
1.1385001e-09
1.1412917e-09
1.1422502e-09
1.1414583e-09
1.141125e-09
1.1425e-09
1.1419168e-09
1.1387918e-09
1.1395832e-09
1.1435418e-09
1.139e-09
1.1399585e-09
1.1405833e-09
1.1396666e-09
1.1398751e-09
1.1385418e-09
1.1375417e-09
1.1362501e-09
1.1353749e-09
1.1428333e-09
1.1402083e-09
1.1426667e-09
1.1442916e-09
1.1411251e-09
1.1367917e-09
1.1403335e-09
1.1435417e-09
1.1415416e-09
1.1430833e-09
1.140625e-09
1.1450001e-09
1.1416668e-09
1.1420417e-09
1.141e-09
1.1435833e-09
1.1413334e-09
1.1444999e-09
1.1430417e-09
1.1408334e-09
1.1437916e-09
1.1435417e-09
1.1392083e-09
1.1418334e-09
1.1398333e-09
1.1425417e-09
1.1427915e-09
1.1412501e-09
1.1436251e-09
1.1435833e-09
1.1394999e-09
1.1385417e-09
1.1403749e-09
1.1435833e-09
1.13975e-09
1.1390834e-09
1.1385833e-09
1.1409167e-09
1.1419168e-09
1.1399167e-09
1.1400415e-09
1.1386667e-09
1.1405e-09
1.143125e-09
1.1423332e-09
1.1397499e-09
1.1384584e-09
1.139125e-09
1.1412501e-09
1.141625e-09
1.1425417e-09
1.1430834e-09
1.1397083e-09
1.1370833e-09
1.1377917e-09
1.1412502e-09
1.1405e-09
1.1440834e-09
1.141125e-09
1.1424585e-09
1.1394998e-09
1.1442083e-09
1.1412084e-09
1.140625e-09
1.1438334e-09
1.1405417e-09
1.1442918e-09
1.1398333e-09
1.1407499e-09
1.1372916e-09
1.1418749e-09
1.1432918e-09
1.1419167e-09
1.140125e-09
1.141e-09
1.1401249e-09
1.14075e-09
1.14e-09
1.138625e-09
1.1360417e-09
1.1409583e-09
1.1392084e-09
1.1388751e-09
1.1417083e-09
1.1408333e-09
1.1432501e-09
1.1395418e-09
1.1402083e-09
1.1400001e-09
1.1443332e-09
1.141125e-09
1.1386666e-09
1.1386667e-09
1.1383749e-09
1.1411252e-09
1.1405833e-09
1.1396248e-09
1.137375e-09
1.1365834e-09
1.1369999e-09
1.1389584e-09
1.1381667e-09
1.1361251e-09
1.13875e-09
1.1457916e-09
1.1427499e-09
1.1407916e-09
1.1407083e-09
1.1420834e-09
1.14e-09
1.141e-09
1.1380415e-09
1.1401667e-09
1.1414584e-09
1.1387083e-09
1.144375e-09
1.1405834e-09
1.1433335e-09
1.1412501e-09
1.1444166e-09
1.1433332e-09
1.142375e-09
1.1386667e-09
1.1421248e-09
1.1369167e-09
1.1392501e-09
1.1402083e-09
1.14125e-09
1.1386251e-09
1.1402501e-09
1.1419168e-09
1.1433752e-09
1.142125e-09
1.1422083e-09
1.1453751e-09
1.1451665e-09
1.1509999e-09
1.1570417e-09
1.1696667e-09
1.1740416e-09
1.1832917e-09
1.1875417e-09
1.1960417e-09
1.1941665e-09
1.1872083e-09
1.1760001e-09
1.16975e-09
1.1695001e-09
1.1647084e-09
1.1715834e-09
1.1724582e-09
1.1694166e-09
1.1692917e-09
1.1689999e-09
1.1690416e-09
1.1723333e-09
1.167625e-09
1.1675417e-09
1.1612084e-09
1.1617084e-09
1.1685418e-09
1.1615e-09
1.1613334e-09
1.1603334e-09
1.1578751e-09
1.1605e-09
1.1610417e-09
1.1607084e-09
1.1617917e-09
1.1607084e-09
1.1569167e-09
1.1612084e-09
1.155375e-09
1.1596251e-09
1.1549585e-09
1.1562081e-09
1.1567917e-09
1.1561666e-09
1.1555418e-09
1.1595416e-09
1.1617917e-09
1.1560833e-09
1.1570001e-09
1.1576666e-09
1.1614584e-09
1.1597083e-09
1.1571667e-09
1.1609583e-09
1.1577083e-09
1.1607916e-09
1.1607919e-09
1.1570001e-09
1.1607083e-09
1.156375e-09
1.1603333e-09
1.157125e-09
1.1571667e-09
1.1545417e-09
1.1539584e-09
1.1545002e-09
1.1557084e-09
1.158e-09
1.1547084e-09
1.1543333e-09
1.156625e-09
1.1569166e-09
1.1577084e-09
1.1548332e-09
1.1559584e-09
1.1587499e-09
1.1557499e-09
1.1584583e-09
1.158125e-09
1.1557501e-09
1.1546251e-09
1.1605418e-09
1.1571667e-09
1.1545416e-09
1.1582084e-09
1.1558751e-09
1.1585832e-09
1.1561666e-09
1.1596666e-09
1.1589167e-09
1.1592084e-09
1.1563749e-09
1.1545417e-09
1.1552082e-09
1.1558751e-09
1.1560417e-09
1.1530418e-09
1.1541668e-09
1.1552501e-09
1.1574167e-09
1.1514583e-09
1.1570832e-09
1.1542916e-09
1.1558332e-09
1.1524582e-09
1.1567083e-09
1.1529167e-09
1.1542501e-09
1.1522918e-09
1.1516667e-09
1.154625e-09
1.1559167e-09
1.1546667e-09
1.153625e-09
1.1580416e-09
1.1534583e-09
1.1535e-09
1.1503334e-09
1.1533751e-09
1.1566667e-09
1.1567083e-09
1.157375e-09
1.1608334e-09
1.1537084e-09
1.1529584e-09
1.1559165e-09
1.1570418e-09
1.1548333e-09
1.1558332e-09
1.1580416e-09
1.1535415e-09
1.1565832e-09
1.1573751e-09
1.1591667e-09
1.1548752e-09
1.1557918e-09
1.1525416e-09
1.1533748e-09
1.1540416e-09
1.1560001e-09
1.1587085e-09
1.1523749e-09
1.154042e-09
1.1535416e-09
1.1527083e-09
1.1510418e-09
1.1546248e-09
1.1549999e-09
1.1537917e-09
1.158625e-09
1.1552083e-09
1.1570417e-09
1.1551666e-09
1.1521666e-09
1.1542499e-09
1.1529167e-09
1.153875e-09
1.1526667e-09
1.15125e-09
1.1529165e-09
1.152875e-09
1.1495835e-09
1.1479583e-09
1.1470002e-09
1.1487916e-09
1.1492083e-09
1.158625e-09
1.1530833e-09
1.155e-09
1.1501249e-09
1.151625e-09
1.1527084e-09
1.1536667e-09
1.1534167e-09
1.1555417e-09
1.1512499e-09
1.1489999e-09
1.1523333e-09
1.1529583e-09
1.1532085e-09
1.1544582e-09
1.158e-09
1.1494584e-09
1.1550834e-09
1.1530833e-09
1.1545001e-09
1.1500833e-09
1.1507501e-09
1.15525e-09
1.1518749e-09
1.15125e-09
1.1521666e-09
1.1460001e-09
1.1524167e-09
1.1510417e-09
1.1532916e-09
1.1541667e-09
1.1509166e-09
1.1472082e-09
1.15175e-09
1.1536667e-09
1.1515001e-09
1.1494166e-09
1.1460835e-09
1.1492499e-09
1.148875e-09
1.1494167e-09
1.1485418e-09
1.1463751e-09
1.1480001e-09
1.1543749e-09
1.1496251e-09
1.1500833e-09
1.152875e-09
1.1509584e-09
1.1495834e-09
1.1484166e-09
1.1547083e-09
1.1533334e-09
1.148625e-09
1.1507915e-09
1.1491251e-09
1.1488335e-09
1.1485833e-09
1.1494168e-09
1.1469583e-09
1.1492917e-09
1.1485e-09
1.1522083e-09
1.1492084e-09
1.1482918e-09
1.1474166e-09
1.1472499e-09
1.1535835e-09
1.1482501e-09
1.1467916e-09
1.1477918e-09
1.1548333e-09
1.151625e-09
1.1501666e-09
1.1470416e-09
1.1472918e-09
1.1460835e-09
1.1476249e-09
1.1437916e-09
1.1452084e-09
1.1434583e-09
1.1469583e-09
1.1489166e-09
1.1447501e-09
1.146125e-09
1.1462085e-09
1.1490415e-09
1.1464166e-09
1.149375e-09
1.1471667e-09
1.1472501e-09
1.1488334e-09
1.1447082e-09
1.1502499e-09
1.1450416e-09
1.1478334e-09
1.1476669e-09
1.144875e-09
1.145875e-09
1.1486667e-09
1.1452918e-09
1.1496667e-09
1.1454167e-09
1.1491665e-09
1.1448333e-09
1.1444999e-09
1.1470001e-09
1.1450834e-09
1.1489169e-09
1.1483332e-09
1.1458333e-09
1.1431667e-09
1.1472916e-09
1.1445833e-09
1.1459583e-09
1.1487916e-09
1.1453334e-09
1.1485416e-09
1.1481667e-09
1.1459167e-09
1.1459584e-09
1.1501666e-09
1.1477083e-09
1.1462499e-09
1.1497918e-09
1.1481667e-09
1.14725e-09
1.1461666e-09
1.1459582e-09
1.1416667e-09
1.1452499e-09
1.1470832e-09
1.1490001e-09
1.1520418e-09
1.148e-09
1.1502918e-09
1.1466251e-09
1.1475415e-09
1.1445833e-09
1.1470001e-09
1.147625e-09
1.1478335e-09
1.1481667e-09
1.1465833e-09
1.1457083e-09
1.1465833e-09
1.146375e-09
1.1470417e-09
1.1449582e-09
1.1474166e-09
1.1463334e-09
1.1465e-09
1.1447915e-09
1.144875e-09
1.1471667e-09
1.1481667e-09
1.1468749e-09
1.1484167e-09
1.1445416e-09
1.1449167e-09
1.143625e-09
1.143375e-09
1.1460417e-09
1.147625e-09
1.1460833e-09
1.1441249e-09
1.1455417e-09
1.1462084e-09
1.14625e-09
1.14525e-09
1.1436667e-09
1.1463334e-09
1.1473333e-09
1.1487082e-09
1.1484583e-09
1.1482499e-09
1.1469582e-09
1.1448333e-09
1.1499584e-09
1.1528333e-09
1.1458334e-09
1.1489999e-09
1.1464584e-09
1.1452916e-09
1.1434167e-09
1.1434999e-09
1.1455833e-09
1.147625e-09
1.1412082e-09
1.1440834e-09
1.1440416e-09
1.1452084e-09
1.1428749e-09
1.1466668e-09
1.143125e-09
1.1439999e-09
1.1477084e-09
1.1470001e-09
1.1494585e-09
1.1489167e-09
1.1417084e-09
1.1449584e-09
1.1462917e-09
1.1459167e-09
1.1452916e-09
1.1504165e-09
1.1458333e-09
1.1504999e-09
1.146875e-09
1.1488334e-09
1.1497916e-09
1.1433333e-09
1.1431668e-09
1.1475001e-09
1.1454584e-09
1.1448333e-09
1.1476249e-09
1.1487084e-09
1.1437084e-09
1.14375e-09
1.1433335e-09
1.1484583e-09
1.148125e-09
1.14725e-09
1.1445001e-09
1.1472502e-09
1.1464166e-09
1.1482499e-09
1.1441667e-09
1.1497501e-09
1.1467083e-09
1.1457083e-09
1.1457917e-09
1.1479168e-09
1.1437501e-09
1.1456252e-09
1.144e-09
1.1436666e-09
1.1438333e-09
1.1445834e-09
1.1450415e-09
1.1420416e-09
1.1400835e-09
1.1449582e-09
1.1437916e-09
1.1455e-09
1.1451667e-09
1.1478334e-09
1.1461251e-09
1.142875e-09
1.1469583e-09
1.1407916e-09
1.1447917e-09
1.1479583e-09
1.1461251e-09
1.1467917e-09
1.143e-09
1.1485e-09
1.147125e-09
1.1446251e-09
1.1429168e-09
1.1474166e-09
1.1450834e-09
1.1423751e-09
1.1421251e-09
1.1501667e-09
1.1457083e-09
1.1475833e-09
1.143875e-09
1.1453333e-09
1.1483751e-09
1.1465e-09
1.1444166e-09
1.1476667e-09
1.1460417e-09
1.1438333e-09
1.144e-09
1.1445001e-09
1.1460833e-09
1.1438334e-09
1.1446251e-09
1.1474166e-09
1.1434583e-09
1.1459168e-09
1.146e-09
1.1440001e-09
1.143875e-09
1.144375e-09
1.1447082e-09
1.144e-09
1.143375e-09
1.1394167e-09
1.144375e-09
1.1433751e-09
1.1435832e-09
1.1434165e-09
1.1412916e-09
1.1397083e-09
1.1417917e-09
1.1448333e-09
1.1447501e-09
1.1482083e-09
1.1461666e-09
1.1457502e-09
1.1465416e-09
1.1444167e-09
1.1474999e-09
1.1430835e-09
1.1459168e-09
1.1439583e-09
1.1481667e-09
1.1432917e-09
1.1451665e-09
1.1459167e-09
1.1468333e-09
1.1450416e-09
1.1449166e-09
1.1457501e-09
1.13675e-09
1.1439169e-09
1.1403334e-09
1.1437916e-09
1.1446667e-09
1.145625e-09
1.1447084e-09
1.1449582e-09
1.1472917e-09
1.1456248e-09
1.1427084e-09
1.142875e-09
1.1473751e-09
1.1469167e-09
1.1457916e-09
1.1474166e-09
1.1406666e-09
1.1470832e-09
1.1469167e-09
1.1459168e-09
1.147625e-09
1.1500417e-09
1.145875e-09
1.1459168e-09
1.1503751e-09
1.1455832e-09
1.1473751e-09
1.1461666e-09
1.1475e-09
1.1484167e-09
1.1432917e-09
1.14625e-09
1.1483751e-09
1.1445833e-09
1.1494998e-09
1.144e-09
1.14625e-09
1.1441251e-09
1.1457082e-09
1.1470834e-09
1.1432917e-09
1.1424582e-09
1.1428334e-09
1.1446252e-09
1.1469168e-09
1.144625e-09
1.1446251e-09
1.1465833e-09
1.1447916e-09
1.1423335e-09
1.1447501e-09
1.148e-09
1.1447082e-09
1.1449166e-09
1.1457083e-09
1.1412917e-09
1.1452916e-09
1.1475e-09
1.1444167e-09
1.1481667e-09
1.1435833e-09
1.148625e-09
1.1455416e-09
1.1491249e-09
1.1481667e-09
1.1495416e-09
1.1426251e-09
1.1456667e-09
1.1420833e-09
1.1460417e-09
1.1462916e-09
1.143625e-09
1.145e-09
1.1444166e-09
1.1454168e-09
1.14525e-09
1.1422501e-09
1.1446668e-09
1.1433333e-09
1.1435833e-09
1.145125e-09
1.1434583e-09
1.143625e-09
1.14375e-09
1.143e-09
1.145e-09
1.1420417e-09
1.1435e-09
1.1450834e-09
1.1379584e-09
1.1475001e-09
1.1432501e-09
1.147625e-09
1.146875e-09
1.1435e-09
1.14e-09
1.1432917e-09
1.1434583e-09
1.1429167e-09
1.1406249e-09
1.1432498e-09
1.1473333e-09
1.1395418e-09
1.1464167e-09
1.1439167e-09
1.1475001e-09
1.1452499e-09
1.1423751e-09
1.1434999e-09
1.1442501e-09
1.1425833e-09
1.14175e-09
1.1489167e-09
1.1428749e-09
1.144875e-09
1.1462084e-09
1.1397083e-09
1.1442084e-09
1.1384167e-09
1.1429584e-09
1.1435417e-09
1.1402499e-09
1.1450416e-09
1.1455833e-09
1.149125e-09
1.1422082e-09
1.1443749e-09
1.1367499e-09
1.1440416e-09
1.1394584e-09
1.1442501e-09
1.1462916e-09
1.1445833e-09
1.1434166e-09
1.1467499e-09
1.1436251e-09
1.1431249e-09
1.1457083e-09
1.1449167e-09
1.1452084e-09
1.1444166e-09
1.1442917e-09
1.13975e-09
1.1455417e-09
1.1474584e-09
1.1442917e-09
1.14475e-09
1.1443752e-09
1.1432501e-09
1.1450417e-09
1.1464584e-09
1.1434167e-09
1.148125e-09
1.147875e-09
1.1482084e-09
1.1452499e-09
1.1446667e-09
1.1437501e-09
1.1424167e-09
1.1462917e-09
1.1427084e-09
1.1449582e-09
1.1410001e-09
1.1436252e-09
1.1386249e-09
1.1428334e-09
1.1445833e-09
1.1422082e-09
1.1413335e-09
1.137875e-09
1.1440834e-09
1.1399166e-09
1.1393749e-09
1.1402916e-09
1.1450002e-09
1.1412084e-09
1.1396251e-09
1.1423751e-09
1.1403334e-09
1.1432498e-09
1.1387083e-09
1.1419168e-09
1.1412501e-09
1.1432083e-09
1.1420417e-09
1.1455833e-09
1.146e-09
1.1453751e-09
1.1458334e-09
1.1404165e-09
1.1384167e-09
1.1435417e-09
1.1469167e-09
1.1419168e-09
1.1398751e-09
1.1365001e-09
1.1424166e-09
1.1392499e-09
1.1401667e-09
1.1409166e-09
1.13725e-09
1.136625e-09
1.14025e-09
1.139e-09
1.1383334e-09
1.1386666e-09
1.1405833e-09
1.1356668e-09
1.1388334e-09
1.1416251e-09
1.1395417e-09
1.1358333e-09
1.1404168e-09
1.1378749e-09
1.1416667e-09
1.1400834e-09
1.1408751e-09
1.1366666e-09
1.140125e-09
1.1402083e-09
1.141375e-09
1.1412084e-09
1.1373332e-09
1.1420417e-09
1.1396666e-09
1.1429582e-09
1.1387917e-09
1.1372082e-09
1.1409583e-09
1.1397084e-09
1.1390419e-09
1.1420833e-09
1.1368749e-09
1.1419166e-09
1.13825e-09
1.1382499e-09
1.1397918e-09
1.1402084e-09
1.1406666e-09
1.1390415e-09
1.1432083e-09
1.1430417e-09
1.1427084e-09
1.1370833e-09
1.1350417e-09
1.1385417e-09
1.138875e-09
1.1393333e-09
1.145625e-09
1.1444166e-09
1.1405833e-09
1.1424585e-09
1.1352081e-09
1.1417083e-09
1.1390835e-09
1.14275e-09
1.1422501e-09
1.1400416e-09
1.13975e-09
1.140375e-09
1.1389166e-09
1.1390001e-09
1.1470002e-09
1.1409583e-09
1.1367499e-09
1.1392914e-09
1.1416665e-09
1.1384167e-09
1.1372501e-09
1.1378334e-09
1.1415418e-09
1.1401667e-09
1.1383333e-09
1.1409168e-09
1.1392083e-09
1.1387083e-09
1.1404583e-09
1.1404584e-09
1.1388751e-09
1.1410417e-09
1.1362501e-09
1.1389584e-09
1.1352083e-09
1.1429168e-09
1.1383749e-09
1.1412916e-09
1.1412084e-09
1.1456666e-09
1.13925e-09
1.1376665e-09
1.1375e-09
1.1402083e-09
1.1368334e-09
1.1376665e-09
1.1406249e-09
1.1417918e-09
1.1383333e-09
1.140125e-09
1.1377499e-09
1.1418749e-09
1.1404583e-09
1.1404168e-09
1.138e-09
1.1365835e-09
1.1398332e-09
1.141375e-09
1.1407918e-09
1.1425e-09
1.137e-09
1.137e-09
1.1390834e-09
1.1382083e-09
1.1397499e-09
1.1413751e-09
1.1423751e-09
1.1392917e-09
1.1393333e-09
1.1397917e-09
1.1437916e-09
1.1398333e-09
1.1392083e-09
1.14075e-09
1.13825e-09
1.1401666e-09
1.1382083e-09
1.1416667e-09
1.1398334e-09
1.14225e-09
1.1382502e-09
1.1405833e-09
1.1373332e-09
1.1367084e-09
1.1402916e-09
1.1400416e-09
1.1408751e-09
1.1432917e-09
1.1413334e-09
1.141375e-09
1.1416668e-09
1.1394583e-09
1.1452916e-09
1.1445833e-09
1.143125e-09
1.1440833e-09
1.1431249e-09
1.1401667e-09
1.1407502e-09
1.14025e-09
1.1417501e-09
1.1405833e-09
1.143375e-09
1.1361249e-09
1.1432918e-09
1.14125e-09
1.1406251e-09
1.1416251e-09
1.1460417e-09
1.1425e-09
1.1400001e-09
1.1372084e-09
1.1418333e-09
1.1423751e-09
1.1367083e-09
1.1404998e-09
1.142125e-09
1.1372501e-09
1.13975e-09
1.1444999e-09
1.1485002e-09
1.1421251e-09
1.1402916e-09
1.14175e-09
1.1390001e-09
1.1423751e-09
1.1405e-09
1.1389584e-09
1.1463749e-09
1.1455833e-09
1.1444583e-09
1.1390416e-09
1.1414584e-09
1.1394999e-09
1.1444585e-09
1.1387082e-09
1.1447916e-09
1.1444166e-09
1.1412916e-09
1.1422083e-09
1.1423335e-09
1.1457085e-09
1.1410833e-09
1.1422083e-09
1.1408752e-09
1.1403334e-09
1.1390415e-09
1.1395832e-09
1.143e-09
1.1385416e-09
1.1424582e-09
1.1395002e-09
1.14525e-09
1.1452916e-09
1.1400001e-09
1.1450834e-09
1.1460835e-09
1.1422084e-09
1.1403749e-09
1.142875e-09
1.1415833e-09
1.1389584e-09
1.1408333e-09
1.1451667e-09
1.1421668e-09
1.1389584e-09
1.1423336e-09
1.1416667e-09
1.1376666e-09
1.14075e-09
1.1401251e-09
1.1395833e-09
1.1390834e-09
1.1406249e-09
1.1418751e-09
1.1408751e-09
1.1360001e-09
1.1362916e-09
1.1409583e-09
1.14075e-09
1.140125e-09
1.1467084e-09
1.1404168e-09
1.1437084e-09
1.1402084e-09
1.1423335e-09
1.1363749e-09
1.1402917e-09
1.141125e-09
1.1386667e-09
1.1416667e-09
1.1393334e-09
1.1396249e-09
1.1365834e-09
1.1410417e-09
1.1372082e-09
1.1406667e-09
1.1427084e-09
1.1378333e-09
1.1390834e-09
1.1382499e-09
1.14275e-09
1.1364999e-09
1.1428334e-09
1.1373333e-09
1.1394167e-09
1.13775e-09
1.1442501e-09
1.140625e-09
1.1435832e-09
1.143e-09
1.140375e-09
1.1367499e-09
1.1387499e-09
1.1412082e-09
1.1427918e-09
1.1330418e-09
1.1399582e-09
1.1352916e-09
1.1457083e-09
1.1366666e-09
1.1395832e-09
1.141625e-09
1.1411667e-09
1.1388334e-09
1.1404999e-09
1.1411666e-09
1.1401666e-09
1.1395002e-09
1.1401249e-09
1.1400835e-09
1.1338332e-09
1.1415416e-09
1.1370834e-09
1.1437918e-09
1.1410833e-09
1.140625e-09
1.1383333e-09
1.1379168e-09
1.14275e-09
1.1399582e-09
1.142125e-09
1.1400416e-09
1.140625e-09
1.1398332e-09
1.1421668e-09
1.1445001e-09
1.1472084e-09
1.1429168e-09
1.1409167e-09
1.1441668e-09
1.1432084e-09
1.1410416e-09
1.1404165e-09
1.1400416e-09
1.1368334e-09
1.1419583e-09
1.1396666e-09
1.1417918e-09
1.1390001e-09
1.14225e-09
1.1394168e-09
1.1422501e-09
1.1420833e-09
1.1387917e-09
1.140125e-09
1.1396249e-09
1.1381667e-09
1.1425e-09
1.1413335e-09
1.1412082e-09
1.146125e-09
1.1424584e-09
1.142875e-09
1.1432917e-09
1.1438749e-09
1.1419583e-09
1.1407917e-09
1.1383751e-09
1.138125e-09
1.1437916e-09
1.140375e-09
1.1381668e-09
1.1412917e-09
1.1413334e-09
1.1385832e-09
1.1374583e-09
1.1383749e-09
1.1402916e-09
1.1405833e-09
1.1396251e-09
1.1374583e-09
1.1433332e-09
1.1365417e-09
1.13975e-09
1.1399582e-09
1.1405418e-09
1.138125e-09
1.141125e-09
1.1414583e-09
1.1410833e-09
1.1412084e-09
1.1365834e-09
1.1410001e-09
1.13875e-09
1.1375832e-09
1.140375e-09
1.1392502e-09
1.1382917e-09
1.1377083e-09
1.1390833e-09
1.1382916e-09
1.1382084e-09
1.1400833e-09
1.137375e-09
1.1377083e-09
1.1390001e-09
1.136375e-09
1.140375e-09
1.1436666e-09
1.1415416e-09
1.1410416e-09
1.1439583e-09
1.135625e-09
1.139125e-09
1.143125e-09
1.1410833e-09
1.1415833e-09
1.1444166e-09
1.1405833e-09
1.139125e-09
1.1396249e-09
1.1434167e-09
1.1364584e-09
1.1422917e-09
1.1385416e-09
1.1421667e-09
1.1432501e-09
1.1415418e-09
1.143125e-09
1.1386666e-09
1.1425e-09
1.1387083e-09
1.1412917e-09
1.1417083e-09
1.1442084e-09
1.1445001e-09
1.1431667e-09
1.1444999e-09
1.1400834e-09
1.1453333e-09
1.1422917e-09
1.1441249e-09
1.1413334e-09
1.1430417e-09
1.1402501e-09
1.1434584e-09
1.1434166e-09
1.1411251e-09
1.1399585e-09
1.1402083e-09
1.1431249e-09
1.1366249e-09
1.1407499e-09
1.1403749e-09
1.140125e-09
1.143875e-09
1.1416249e-09
1.1412084e-09
1.1375832e-09
1.1350001e-09
1.1396251e-09
1.1386665e-09
1.1451251e-09
1.1373334e-09
1.1415416e-09
1.1378334e-09
1.1406667e-09
1.1409167e-09
1.1436251e-09
1.1399167e-09
1.1410833e-09
1.1411667e-09
1.1412501e-09
1.141e-09
1.1428334e-09
1.143e-09
1.1427084e-09
1.1441668e-09
1.1455417e-09
1.1408748e-09
1.13875e-09
1.1435417e-09
1.1410417e-09
1.1412917e-09
1.140625e-09
1.1410001e-09
1.1443332e-09
1.1427084e-09
1.1401249e-09
1.1390415e-09
1.1397917e-09
1.1367083e-09
1.1391249e-09
1.1382917e-09
1.1424999e-09
1.1400834e-09
1.138e-09
1.1389999e-09
1.14025e-09
1.1402916e-09
1.1396249e-09
1.1385418e-09
1.1393334e-09
1.139125e-09
1.1422083e-09
1.1382083e-09
1.1403749e-09
1.1418333e-09
1.1391666e-09
1.1415418e-09
1.1364167e-09
1.1359167e-09
1.1413334e-09
1.1357084e-09
1.1391666e-09
1.139125e-09
1.1387917e-09
1.1388751e-09
1.1395832e-09
1.1350001e-09
1.13825e-09
1.1429584e-09
1.1419582e-09
1.1413335e-09
1.1357083e-09
1.1411667e-09
1.1380833e-09
1.1408751e-09
1.1422916e-09
1.1411667e-09
1.138625e-09
1.1412084e-09
1.1380834e-09
1.1399166e-09
1.138875e-09
1.13775e-09
1.1345417e-09
1.1395417e-09
1.1370418e-09
1.1390833e-09
1.1378334e-09
1.1375835e-09
1.1343334e-09
1.1397917e-09
1.1383334e-09
1.1371249e-09
1.1382499e-09
1.1391668e-09
1.1375415e-09
1.1402916e-09
1.1412501e-09
1.1392084e-09
1.1397083e-09
1.1409167e-09
1.1380832e-09
1.1417499e-09
1.1369583e-09
1.14e-09
1.142125e-09
1.1407499e-09
1.1360418e-09
1.1365416e-09
1.1416667e-09
1.137375e-09
1.1401667e-09
1.1434584e-09
1.1436251e-09
1.141375e-09
1.1400001e-09
1.138625e-09
1.1369999e-09
1.1417083e-09
1.1415419e-09
1.1463334e-09
1.1445417e-09
1.141125e-09
1.1427918e-09
1.143875e-09
1.1447082e-09
1.14025e-09
1.142375e-09
1.1447917e-09
1.1425834e-09
1.1393333e-09
1.1429583e-09
1.1400834e-09
1.1398333e-09
1.139e-09
1.1386668e-09
1.1380418e-09
1.1396666e-09
1.1445418e-09
1.1431249e-09
1.1410416e-09
1.1429167e-09
1.1392083e-09
1.1464584e-09
1.1428334e-09
1.1402083e-09
1.1365001e-09
1.1366665e-09
1.1414166e-09
1.1412084e-09
1.1371249e-09
1.1380418e-09
1.1389166e-09
1.1432501e-09
1.1375417e-09
1.1382917e-09
1.1411667e-09
1.1418748e-09
1.1363751e-09
1.1422083e-09
1.1376666e-09
1.1416665e-09
1.13975e-09
1.1436251e-09
1.1395418e-09
1.1430835e-09
1.1394583e-09
1.1378749e-09
1.1409583e-09
1.1400001e-09
1.1425834e-09
1.143625e-09
1.1371668e-09
1.138e-09
1.1400835e-09
1.1414999e-09
1.1389166e-09
1.1379584e-09
1.1400833e-09
1.14025e-09
1.1375836e-09
1.1382499e-09
1.1429168e-09
1.1411667e-09
1.1370833e-09
1.1334167e-09
1.1405417e-09
1.1409166e-09
1.1405417e-09
1.1368334e-09
1.1383751e-09
1.140625e-09
1.1392084e-09
1.1407917e-09
1.1404582e-09
1.1382082e-09
1.1380419e-09
1.1381668e-09
1.1389585e-09
1.1385833e-09
1.139875e-09
1.1409583e-09
1.14175e-09
1.1354582e-09
1.1420833e-09
1.1421251e-09
1.1407499e-09
1.1381667e-09
1.137375e-09
1.1368334e-09
1.1387916e-09
1.1434166e-09
1.1404999e-09
1.1393749e-09
1.1392915e-09
1.139875e-09
1.1389999e-09
1.134875e-09
1.13975e-09
1.1349585e-09
1.135125e-09
1.1371248e-09
1.1470001e-09
1.1419584e-09
1.1424999e-09
1.1415834e-09
1.1441249e-09
1.1429167e-09
1.138125e-09
1.1437085e-09
1.1400834e-09
1.1397918e-09
1.139375e-09
1.1437499e-09
1.1377917e-09
1.1425833e-09
1.144e-09
1.14125e-09
1.1427084e-09
1.1432084e-09
1.1403335e-09
1.1397084e-09
1.1438334e-09
1.1399167e-09
1.1414584e-09
1.1425833e-09
1.1359584e-09
1.1356668e-09
1.1420001e-09
1.1418748e-09
1.1396252e-09
1.1372916e-09
1.1370832e-09
1.1382499e-09
1.1419999e-09
1.1393749e-09
1.1391251e-09
1.1348749e-09
1.140375e-09
1.1420001e-09
1.1372501e-09
1.1409582e-09
1.1404583e-09
1.1360417e-09
1.1394999e-09
1.1399585e-09
1.1419168e-09
1.1423332e-09
1.1442501e-09
1.1384168e-09
1.1414166e-09
1.1414168e-09
1.1409582e-09
1.1420416e-09
1.1464583e-09
1.1379583e-09
1.1429584e-09
1.1419167e-09
1.1482917e-09
1.1422917e-09
1.144125e-09
1.1447082e-09
1.1441669e-09
1.1381667e-09
1.1420416e-09
1.1404165e-09
1.1437085e-09
1.1425416e-09
1.1405417e-09
1.1412916e-09
1.1371668e-09
1.13725e-09
1.137625e-09
1.1428334e-09
1.1399166e-09
1.1402084e-09
1.1427918e-09
1.1409582e-09
1.1404999e-09
1.1379168e-09
1.1417918e-09
1.1407499e-09
1.1416667e-09
1.1404165e-09
1.1433748e-09
1.1337083e-09
1.1422916e-09
1.1380835e-09
1.1404168e-09
1.1361252e-09
1.1385416e-09
1.1405e-09
1.1415832e-09
1.14225e-09
1.1423752e-09
1.1399166e-09
1.1415416e-09
1.1374168e-09
1.1417919e-09
1.1425418e-09
1.1434584e-09
1.1405418e-09
1.1389585e-09
1.1432501e-09
1.1395833e-09
1.1392083e-09
1.1407918e-09
1.1377083e-09
1.140125e-09
1.1378332e-09
1.1409582e-09
1.1384168e-09
1.1419167e-09
1.1403334e-09
1.1376666e-09
1.136625e-09
1.1395833e-09
1.1373749e-09
1.1381666e-09
1.1348332e-09
1.1396251e-09
1.1382917e-09
1.1390414e-09
1.1397084e-09
1.1400416e-09
1.1412084e-09
1.1385833e-09
1.13775e-09
1.1384998e-09
1.1396248e-09
1.1411249e-09
1.1420417e-09
1.1386666e-09
1.1393335e-09
1.14125e-09
1.1383751e-09
1.1397917e-09
1.1448333e-09
1.1379584e-09
1.1375417e-09
1.1396249e-09
1.1405e-09
1.1396249e-09
1.1451667e-09
1.1407084e-09
1.1360417e-09
1.135e-09
1.140625e-09
1.1425833e-09
1.1398333e-09
1.1391668e-09
1.1409583e-09
1.142875e-09
1.1399582e-09
1.1407085e-09
1.1400833e-09
1.1430416e-09
1.1369583e-09
1.1420417e-09
1.1407083e-09
1.1438334e-09
1.1360417e-09
1.1435416e-09
1.1394583e-09
1.1414585e-09
1.1404999e-09
1.1407917e-09
1.1424584e-09
1.1388332e-09
1.1417084e-09
1.140625e-09
1.1419167e-09
1.13675e-09
1.1402501e-09
1.138875e-09
1.1380418e-09
1.1402916e-09
1.14275e-09
1.1367918e-09
1.1341666e-09
1.1359166e-09
1.1377917e-09
1.1353333e-09
1.1393751e-09
1.1385833e-09
1.1374167e-09
1.143875e-09
1.1380418e-09
1.1365835e-09
1.1385832e-09
1.1374583e-09
1.1435832e-09
1.1353749e-09
1.1374583e-09
1.1360833e-09
1.1404169e-09
1.141125e-09
1.1410834e-09
1.1402083e-09
1.1406251e-09
1.1384167e-09
1.1374583e-09
1.1359584e-09
1.1415834e-09
1.1340417e-09
1.1380418e-09
1.1389999e-09
1.139375e-09
1.1390415e-09
1.1375416e-09
1.1402083e-09
1.1436666e-09
1.1366251e-09
1.1383751e-09
1.1404583e-09
1.142375e-09
1.1355418e-09
1.1425e-09
1.1409585e-09
1.1447917e-09
1.137625e-09
1.13875e-09
1.1422918e-09
1.1425416e-09
1.1414166e-09
1.1432083e-09
1.1394582e-09
1.1395833e-09
1.1397917e-09
1.1426666e-09
1.1487917e-09
1.1399582e-09
1.1427918e-09
1.142375e-09
1.139125e-09
1.1391249e-09
1.1420834e-09
1.1428334e-09
1.14275e-09
1.1411251e-09
1.141e-09
1.1489584e-09
1.1426251e-09
1.1409583e-09
1.1408752e-09
1.1447917e-09
1.13975e-09
1.1409168e-09
1.1414165e-09
1.1462084e-09
1.1391668e-09
1.1398332e-09
1.1390419e-09
1.1439166e-09
1.1377917e-09
1.1397082e-09
1.141625e-09
1.1403751e-09
1.137375e-09
1.1432917e-09
1.1398332e-09
1.1434166e-09
1.1401667e-09
1.1418334e-09
1.1405417e-09
1.14525e-09
1.1400001e-09
1.1440835e-09
1.1412501e-09
1.1385833e-09
1.1414584e-09
1.1394999e-09
1.1412084e-09
1.1388334e-09
1.139125e-09
1.1435e-09
1.1382083e-09
1.144125e-09
1.1431667e-09
1.1424584e-09
1.1421666e-09
1.1401667e-09
1.1412501e-09
1.1412916e-09
1.1385416e-09
1.1421667e-09
1.1435417e-09
1.1389584e-09
1.1387916e-09
1.139125e-09
1.1402084e-09
1.1437914e-09
1.1376666e-09
1.1411667e-09
1.1395416e-09
1.13925e-09
1.1413749e-09
1.1424585e-09
1.1443333e-09
1.1458334e-09
1.1415416e-09
1.1445001e-09
1.1423751e-09
1.141125e-09
1.1407082e-09
1.1404998e-09
1.1382915e-09
1.1422501e-09
1.1385416e-09
1.1436667e-09
1.1402083e-09
1.1385832e-09
1.1349583e-09
1.14275e-09
1.1384998e-09
1.1395832e-09
1.1391666e-09
1.13875e-09
1.1390415e-09
1.1397917e-09
1.1363335e-09
1.1375416e-09
1.1361668e-09
1.1401667e-09
1.1400416e-09
1.1380834e-09
1.1398334e-09
1.1375001e-09
1.1404165e-09
1.1425417e-09
1.1389584e-09
1.1408751e-09
1.1387916e-09
1.1407917e-09
1.1368749e-09
1.1382918e-09
1.144125e-09
1.1399166e-09
1.1414584e-09
1.135125e-09
1.1367084e-09
1.1387082e-09
1.1371249e-09
1.1419166e-09
1.1409167e-09
1.1349585e-09
1.1355e-09
1.1377916e-09
1.1442083e-09
1.1417918e-09
1.1395833e-09
1.1356668e-09
1.1397084e-09
1.1379584e-09
1.1401666e-09
1.1406667e-09
1.1425e-09
1.1417083e-09
1.1406666e-09
1.1428333e-09
1.1365835e-09
1.140625e-09
1.13875e-09
1.1396251e-09
1.1394999e-09
1.1389584e-09
1.138625e-09
1.139125e-09
1.1420833e-09
1.1386251e-09
1.1399582e-09
1.138625e-09
1.1375e-09
1.1421668e-09
1.1398332e-09
1.1407083e-09
1.138625e-09
1.1398333e-09
1.1403335e-09
1.1369999e-09
1.1379584e-09
1.140375e-09
1.14075e-09
1.1384583e-09
1.1353334e-09
1.1355834e-09
1.1436666e-09
1.1359584e-09
1.1369167e-09
1.1391249e-09
1.1396666e-09
1.1415416e-09
1.1358749e-09
1.1414999e-09
1.1407502e-09
1.1410002e-09
1.1409168e-09
1.1415418e-09
1.1451667e-09
1.1362916e-09
1.1436667e-09
1.1412917e-09
1.1402915e-09
1.1404168e-09
1.1395833e-09
1.137e-09
1.1389585e-09
1.1400834e-09
1.1395833e-09
1.1398332e-09
1.1374166e-09
1.1400416e-09
1.1377499e-09
1.140125e-09
1.140375e-09
1.1400835e-09
1.1405416e-09
1.1394167e-09
1.1393334e-09
1.136625e-09
1.1405418e-09
1.1400417e-09
1.14025e-09
1.1364584e-09
1.139375e-09
1.1364584e-09
1.1402084e-09
1.1383334e-09
1.1387917e-09
1.1423332e-09
1.1356666e-09
1.1415833e-09
1.1382499e-09
1.1382918e-09
1.1406667e-09
1.13775e-09
1.1405418e-09
1.1403333e-09
1.1396249e-09
1.1358334e-09
1.1360832e-09
1.1352916e-09
1.1400416e-09
1.1367918e-09
1.1395832e-09
1.1371666e-09
1.1383749e-09
1.1357917e-09
1.1349166e-09
1.1367083e-09
1.134125e-09
1.1376666e-09
1.136e-09
1.138875e-09
1.1367917e-09
1.1386667e-09
1.1347083e-09
1.1394583e-09
1.1403334e-09
1.1400833e-09
1.139125e-09
1.1377083e-09
1.13775e-09
1.1370833e-09
1.1353334e-09
1.1317083e-09
1.1314166e-09
1.1384167e-09
1.13575e-09
1.1378334e-09
1.1373333e-09
1.142875e-09
1.1402916e-09
1.1415418e-09
1.1358749e-09
1.1397501e-09
1.1388751e-09
1.1334167e-09
1.1426666e-09
1.1371252e-09
1.1428333e-09
1.1373333e-09
1.1387501e-09
1.1407918e-09
1.13525e-09
1.1371248e-09
1.138625e-09
1.1425834e-09
1.1413334e-09
1.1371249e-09
1.1420417e-09
1.1371666e-09
1.1376665e-09
1.13475e-09
1.1392499e-09
1.141375e-09
1.1389584e-09
1.1442083e-09
1.1383751e-09
1.140375e-09
1.1367499e-09
1.1375835e-09
1.133875e-09
1.1380833e-09
1.1375832e-09
1.1366665e-09
1.1401667e-09
1.1417084e-09
1.1367084e-09
1.1422501e-09
1.1390416e-09
1.1379168e-09
1.1397083e-09
1.1379583e-09
1.139375e-09
1.1352083e-09
1.1404168e-09
1.1409168e-09
1.1424584e-09
1.1359167e-09
1.1429168e-09
1.1413335e-09
1.1420834e-09
1.1388334e-09
1.1381668e-09
1.1406249e-09
1.139e-09
1.1383333e-09
1.1388332e-09
1.1410833e-09
1.1392918e-09
1.1400834e-09
1.1379166e-09
1.1427915e-09
1.1384998e-09
1.1414999e-09
1.1404585e-09
1.1401667e-09
1.1374583e-09
1.1384583e-09
1.1425e-09
1.1388751e-09
1.1402084e-09
1.1424585e-09
1.1394168e-09
1.145125e-09
1.1385833e-09
1.1391666e-09
1.1394583e-09
1.1397501e-09
1.1399585e-09
1.140375e-09
1.14025e-09
1.140125e-09
1.1390834e-09
1.1379166e-09
1.1351251e-09
1.1391666e-09
1.1347917e-09
1.1405833e-09
1.1390415e-09
1.1422501e-09
1.1457082e-09
1.1371248e-09
1.14175e-09
1.1402084e-09
1.1420001e-09
1.1401249e-09
1.1383333e-09
1.1426666e-09
1.1407083e-09
1.1434584e-09
1.1396251e-09
1.1415834e-09
1.1417917e-09
1.1397083e-09
1.1418333e-09
1.14125e-09
1.1399582e-09
1.1384166e-09
1.1410833e-09
1.1390416e-09
1.1425001e-09
1.1402083e-09
1.1383751e-09
1.1382083e-09
1.1403334e-09
1.1392083e-09
1.1401666e-09
1.1364583e-09
1.1405417e-09
1.1419167e-09
1.1406249e-09
1.1394167e-09
1.1429167e-09
1.1455833e-09
1.1437916e-09
1.1408751e-09
1.1410833e-09
1.1401666e-09
1.1371249e-09
1.1424167e-09
1.1387085e-09
1.1369584e-09
1.1365416e-09
1.1402915e-09
1.1419583e-09
1.1400001e-09
1.1420001e-09
1.144375e-09
1.1444168e-09
1.1373751e-09
1.1389166e-09
1.1375835e-09
1.1377917e-09
1.136875e-09
1.1375417e-09
1.1396249e-09
1.1383752e-09
1.1409582e-09
1.1378333e-09
1.1398334e-09
1.1394583e-09
1.1393334e-09
1.1363335e-09
1.1394998e-09
1.1359166e-09
1.1367084e-09
1.1369584e-09
1.1404999e-09
1.1412082e-09
1.1414168e-09
1.1387499e-09
1.1380415e-09
1.1413334e-09
1.1336251e-09
1.1364167e-09
1.1362501e-09
1.1382083e-09
1.1365834e-09
1.1385001e-09
1.14e-09
1.1378751e-09
1.137625e-09
1.1369167e-09
1.1396668e-09
1.1428333e-09
1.141625e-09
1.1403749e-09
1.1425416e-09
1.1355e-09
1.139125e-09
1.141125e-09
1.140625e-09
1.1359166e-09
1.1370833e-09
1.1387917e-09
1.1426251e-09
1.1404169e-09
1.1424584e-09
1.1392917e-09
1.1410833e-09
1.1369998e-09
1.1468334e-09
1.1404584e-09
1.1423332e-09
1.1394998e-09
1.1375417e-09
1.1381666e-09
1.1327084e-09
1.1408334e-09
1.1349165e-09
1.1457082e-09
1.136375e-09
1.1392917e-09
1.1365416e-09
1.1398334e-09
1.1344582e-09
1.1397917e-09
1.1400416e-09
1.1377917e-09
1.1364167e-09
1.1370833e-09
1.1428334e-09
1.1457915e-09
1.1399585e-09
1.14175e-09
1.1364999e-09
1.1404584e-09
1.137875e-09
1.1399582e-09
1.1387499e-09
1.1400834e-09
1.1421667e-09
1.138e-09
1.1364168e-09
1.1356668e-09
1.1419999e-09
1.1406666e-09
1.13725e-09
1.1394999e-09
1.1398751e-09
1.1377917e-09
1.1433333e-09
1.1389166e-09
1.1375832e-09
1.1410834e-09
1.1394583e-09
1.13925e-09
1.13975e-09
1.1398751e-09
1.1391668e-09
1.137875e-09
1.141e-09
1.136625e-09
1.1407918e-09
1.139375e-09
1.1407916e-09
1.1378333e-09
1.142875e-09
1.13725e-09
1.1382083e-09
1.1406251e-09
1.1359166e-09
1.1376667e-09
1.1380834e-09
1.139375e-09
1.13875e-09
1.1383334e-09
1.1385417e-09
1.1398751e-09
1.1377916e-09
1.1417499e-09
1.139375e-09
1.1379584e-09
1.1400001e-09
1.1412501e-09
1.1423332e-09
1.1459167e-09
1.1410416e-09
1.141125e-09
1.1414166e-09
1.1384167e-09
1.1400416e-09
1.1391668e-09
1.1482917e-09
1.1358749e-09
1.1415834e-09
1.13475e-09
1.1392917e-09
1.1392083e-09
1.1401666e-09
1.14025e-09
1.1404168e-09
1.145125e-09
1.1385831e-09
1.1372917e-09
1.1428334e-09
1.1385417e-09
1.1386251e-09
1.1372083e-09
1.1378334e-09
1.1426251e-09
1.1371249e-09
1.1417499e-09
1.1386666e-09
1.1429167e-09
1.1437916e-09
1.141375e-09
1.1404584e-09
1.1457501e-09
1.1373334e-09
1.1362083e-09
1.1408751e-09
1.1380415e-09
1.1376666e-09
1.1404999e-09
1.13875e-09
1.1383333e-09
1.1347084e-09
1.1370417e-09
1.1415418e-09
1.1388332e-09
1.1381666e-09
1.1398333e-09
1.1406667e-09
1.1376666e-09
1.1378751e-09
1.1387083e-09
1.1398332e-09
1.1409167e-09
1.143875e-09
1.1407502e-09
1.1384167e-09
1.1428333e-09
1.1425417e-09
1.137875e-09
1.1389584e-09
1.1416249e-09
1.1380833e-09
1.1421251e-09
1.1359166e-09
1.1430833e-09
1.1407499e-09
1.1398751e-09
1.1411668e-09
1.1382917e-09
1.1369584e-09
1.1408334e-09
1.1395416e-09
1.1410833e-09
1.1384168e-09
1.13925e-09
1.1399585e-09
1.1385418e-09
1.1372916e-09
1.1419583e-09
1.1364583e-09
1.1416667e-09
1.1379166e-09
1.1445833e-09
1.1364583e-09
1.1387083e-09
1.1385832e-09
1.1375832e-09
1.1401666e-09
1.1442501e-09
1.1419999e-09
1.139e-09
1.1398751e-09
1.1408333e-09
1.1419999e-09
1.1415415e-09
1.1388331e-09
1.1408333e-09
1.1380418e-09
1.1355834e-09
1.1399166e-09
1.1407083e-09
1.1412917e-09
1.13775e-09
1.1417084e-09
1.1392915e-09
1.1382917e-09
1.1413334e-09
1.1377084e-09
1.1398332e-09
1.1380415e-09
1.1409583e-09
1.1413335e-09
1.139875e-09
1.1407084e-09
1.1395417e-09
1.1412916e-09
1.1370002e-09
1.1397083e-09
1.1404165e-09
1.14075e-09
1.1370418e-09
1.1419168e-09
1.1412501e-09
1.1403751e-09
1.1347083e-09
1.1407084e-09
1.1402084e-09
1.1403335e-09
1.1429165e-09
1.1414999e-09
1.1404165e-09
1.138625e-09
1.1383333e-09
1.1440416e-09
1.1419167e-09
1.1390834e-09
1.1393334e-09
1.1420416e-09
1.1430417e-09
1.1400417e-09
1.1349582e-09
1.1411667e-09
1.1417917e-09
1.1402916e-09
1.1414168e-09
1.1391249e-09
1.1410417e-09
1.140625e-09
1.1387917e-09
1.1406668e-09
1.1369167e-09
1.1340833e-09
1.1360833e-09
1.1361666e-09
1.1391249e-09
1.1393334e-09
1.1441668e-09
1.1351666e-09
1.1399582e-09
1.1397917e-09
1.1405418e-09
1.1425834e-09
1.1404583e-09
1.1391249e-09
1.1350001e-09
1.143125e-09
1.1389585e-09
1.1435001e-09
1.1375e-09
1.1391666e-09
1.1390419e-09
1.1428335e-09
1.1409167e-09
1.1431667e-09
1.1425e-09
1.1426666e-09
1.1400833e-09
1.1452083e-09
1.1452915e-09
1.1444583e-09
1.1432918e-09
1.1414585e-09
1.1402083e-09
1.140625e-09
1.1429168e-09
1.144e-09
1.1456252e-09
1.1409167e-09
1.1372501e-09
1.1385836e-09
1.1408334e-09
1.1409167e-09
1.1427085e-09
1.1419999e-09
1.1415e-09
1.1419167e-09
1.1389584e-09
1.137e-09
1.1412501e-09
1.1431668e-09
1.1377499e-09
1.1384167e-09
1.14175e-09
1.1394584e-09
1.1394167e-09
1.1424166e-09
1.1360833e-09
1.1407499e-09
1.1362082e-09
1.1411667e-09
1.1361251e-09
1.136375e-09
1.1386667e-09
1.1392084e-09
1.1371666e-09
1.1352916e-09
1.1398751e-09
1.1420834e-09
1.139375e-09
1.138125e-09
1.1419168e-09
1.1381667e-09
1.14125e-09
1.1422917e-09
1.1396667e-09
1.1433333e-09
1.1390416e-09
1.1381667e-09
1.1374166e-09
1.1399582e-09
1.1439584e-09
1.1394999e-09
1.1377499e-09
1.144375e-09
1.1395832e-09
1.1405e-09
1.1396667e-09
1.1439166e-09
1.1405417e-09
1.1414168e-09
1.1390833e-09
1.1387918e-09
1.1379583e-09
1.1425417e-09
1.1427919e-09
1.1408748e-09
1.1404584e-09
1.1387917e-09
1.1399585e-09
1.1419999e-09
1.1414166e-09
1.1413751e-09
1.1406667e-09
1.138e-09
1.139375e-09
1.1385833e-09
1.1421251e-09
1.1383334e-09
1.1392501e-09
1.1385001e-09
1.1351251e-09
1.1379166e-09
1.141e-09
1.1449582e-09
1.1384167e-09
1.1371249e-09
1.1371665e-09
1.1370833e-09
1.1394167e-09
1.1365835e-09
1.1415e-09
1.1425834e-09
1.1405417e-09
1.1404168e-09
1.1414584e-09
1.1428334e-09
1.1420417e-09
1.1397917e-09
1.1418334e-09
1.1435833e-09
1.1406249e-09
1.1397917e-09
1.1376665e-09
1.1436666e-09
1.1388332e-09
1.1445833e-09
1.1433333e-09
1.1395417e-09
1.1389584e-09
1.1420416e-09
1.1403333e-09
1.1408751e-09
1.135e-09
1.1385416e-09
1.1382917e-09
1.1369999e-09
1.1364583e-09
1.1379168e-09
1.1347083e-09
1.1412916e-09
1.1412082e-09
1.1409167e-09
1.1384583e-09
1.1386665e-09
1.1385833e-09
1.1396666e-09
1.1344167e-09
1.1387085e-09
1.1423332e-09
1.1395418e-09
1.1385831e-09
1.142375e-09
1.1399167e-09
1.1340834e-09
1.139125e-09
1.1427501e-09
1.1395832e-09
1.1379999e-09
1.1360832e-09
1.1425416e-09
1.1368332e-09
1.1377499e-09
1.1388751e-09
1.1392917e-09
1.1359583e-09
1.1406667e-09
1.1385832e-09
1.1369998e-09
1.1321667e-09
1.1361251e-09
1.1377919e-09
1.1409585e-09
1.1407917e-09
1.1359583e-09
1.1406666e-09
1.1347916e-09
1.1374166e-09
1.1377917e-09
1.137375e-09
1.1424584e-09
1.1400416e-09
1.142375e-09
1.1395418e-09
1.1373333e-09
1.136e-09
1.1392917e-09
1.1432501e-09
1.1407085e-09
1.1382499e-09
1.1369166e-09
1.1421668e-09
1.140375e-09
1.1417084e-09
1.137375e-09
1.1412084e-09
1.1420416e-09
1.1383333e-09
1.140375e-09
1.1381249e-09
1.1392501e-09
1.141e-09
1.141625e-09
1.1422501e-09
1.1403751e-09
1.1405417e-09
1.138875e-09
1.1406668e-09
1.1366666e-09
1.1380415e-09
1.136625e-09
1.1374167e-09
1.1372081e-09
1.139125e-09
1.1400416e-09
1.1414584e-09
1.1400416e-09
1.1335001e-09
1.1419999e-09
1.1357498e-09
1.1378334e-09
1.1387085e-09
1.1375835e-09
1.1395416e-09
1.1398751e-09
1.1391665e-09
1.1365834e-09
1.1380832e-09
1.1367915e-09
1.1359583e-09
1.1369167e-09
1.136e-09
1.1399585e-09
1.1366665e-09
1.1369167e-09
1.13325e-09
1.1364166e-09
1.138e-09
1.1396251e-09
1.1375416e-09
1.1396251e-09
1.1414585e-09
1.138e-09
1.1379164e-09
1.1407499e-09
1.1408752e-09
1.1357917e-09
1.1392917e-09
1.144375e-09
1.1344168e-09
1.1369167e-09
1.1360416e-09
1.1344167e-09
1.1379583e-09
1.1360416e-09
1.1389167e-09
1.1383333e-09
1.1445417e-09
1.1335416e-09
1.1376251e-09
1.1368334e-09
1.1385833e-09
1.1434583e-09
1.13825e-09
1.1373333e-09
1.1335001e-09
1.137375e-09
1.1394167e-09
1.1365417e-09
1.1406249e-09
1.1427915e-09
1.1382916e-09
1.1379168e-09
1.1348751e-09
1.1362083e-09
1.1392918e-09
1.140625e-09
1.1408748e-09
1.1376665e-09
1.1426666e-09
1.1364168e-09
1.1424167e-09
1.138625e-09
1.1414584e-09
1.139e-09
1.1376666e-09
1.1431667e-09
1.1399582e-09
1.1397499e-09
1.13825e-09
1.1400417e-09
1.1367084e-09
1.1382917e-09
1.13825e-09
1.1410833e-09
1.1394168e-09
1.138625e-09
1.140125e-09
1.1366666e-09
1.1354166e-09
1.138875e-09
1.138625e-09
1.137e-09
1.1353334e-09
1.1372917e-09
1.1344583e-09
1.1376667e-09
1.1371249e-09
1.1381249e-09
1.1399582e-09
1.1415e-09
1.1352499e-09
1.138e-09
1.1415833e-09
1.1435833e-09
1.1430834e-09
1.1364584e-09
1.1375417e-09
1.1386666e-09
1.1415e-09
1.1375001e-09
1.1406249e-09
1.1381667e-09
1.1399166e-09
1.1385833e-09
1.1394167e-09
1.1412917e-09
1.1417083e-09
1.1373333e-09
1.1377083e-09
1.1399166e-09
1.1408751e-09
1.1420001e-09
1.1390834e-09
1.1447084e-09
1.1399585e-09
1.1388334e-09
1.1401251e-09
1.1421668e-09
1.1401666e-09
1.1379584e-09
1.1385417e-09
1.1409167e-09
1.1443333e-09
1.1397084e-09
1.1354166e-09
1.1420001e-09
1.1386667e-09
1.1390416e-09
1.1404999e-09
1.1415001e-09
1.1387085e-09
1.1394167e-09
1.1400417e-09
1.1394168e-09
1.1391249e-09
1.13825e-09
1.1447917e-09
1.138625e-09
1.136875e-09
1.1386667e-09
1.140625e-09
1.1414168e-09
1.1384583e-09
1.1410002e-09
1.1383333e-09
1.1394584e-09
1.1363332e-09
1.1379584e-09
1.1411667e-09
1.1396249e-09
1.1409167e-09
1.138875e-09
1.1389585e-09
1.1407498e-09
1.13775e-09
1.1399167e-09
1.1359583e-09
1.1361251e-09
1.1417918e-09
1.1478748e-09
1.1435832e-09
1.13675e-09
1.1382916e-09
1.1385833e-09
1.1402917e-09
1.1397083e-09
1.1417084e-09
1.1388334e-09
1.1428334e-09
1.1394999e-09
1.1396666e-09
1.1390415e-09
1.1391249e-09
1.1413751e-09
1.1423332e-09
1.1383332e-09
1.14175e-09
1.138625e-09
1.1399167e-09
1.1404584e-09
1.1384167e-09
1.13925e-09
1.1400416e-09
1.1339584e-09
1.1361252e-09
1.13875e-09
1.1404168e-09
1.1392915e-09
1.1370833e-09
1.139375e-09
1.141625e-09
1.1376251e-09
1.1407917e-09
1.1353333e-09
1.1417918e-09
1.1413334e-09
1.1386667e-09
1.1407917e-09
1.1422917e-09
1.1410417e-09
1.1394584e-09
1.1400416e-09
1.1390834e-09
1.1376666e-09
1.1386667e-09
1.1409167e-09
1.1411667e-09
1.1429583e-09
1.1415419e-09
1.1430417e-09
1.1380418e-09
1.1407084e-09
1.1421251e-09
1.1400834e-09
1.1420001e-09
1.1362082e-09
1.1382916e-09
1.1379584e-09
1.1397083e-09
1.1420833e-09
1.1404582e-09
1.13875e-09
1.1377917e-09
1.1424585e-09
1.1426252e-09
1.1412084e-09
1.144125e-09
1.1447084e-09
1.1454999e-09
1.1416667e-09
1.1401666e-09
1.1413749e-09
1.1404168e-09
1.1412916e-09
1.1383748e-09
1.1383751e-09
1.1410001e-09
1.1417918e-09
1.1392083e-09
1.1398333e-09
1.14125e-09
1.1382916e-09
1.1413335e-09
1.1432083e-09
1.1424584e-09
1.1388751e-09
1.1384584e-09
1.1385416e-09
1.1432083e-09
1.1420416e-09
1.1420001e-09
1.1417084e-09
1.1475834e-09
1.1396251e-09
1.1428334e-09
1.1425833e-09
1.1409582e-09
1.140375e-09
1.1376249e-09
1.1414166e-09
1.1423751e-09
1.1398334e-09
1.1405418e-09
1.1418748e-09
1.1384167e-09
1.1401668e-09
1.14275e-09
1.1429584e-09
1.14e-09
1.1402499e-09
1.1417499e-09
1.1430417e-09
1.1432498e-09
1.1423749e-09
1.1394999e-09
1.1405833e-09
1.1417499e-09
1.1422083e-09
1.1404999e-09
1.1432502e-09
1.1393334e-09
1.1408333e-09
1.1419167e-09
1.143375e-09
1.1403751e-09
1.141625e-09
1.1396249e-09
1.1383751e-09
1.1414584e-09
1.1338332e-09
1.1409582e-09
1.139125e-09
1.1412082e-09
1.137875e-09
1.13675e-09
1.1433333e-09
1.1409166e-09
1.1379999e-09
1.139125e-09
1.1380415e-09
1.1452084e-09
1.1450001e-09
1.145625e-09
1.1394584e-09
1.1444167e-09
1.141625e-09
1.1396667e-09
1.1363334e-09
1.145125e-09
1.1447084e-09
1.1395832e-09
1.1393749e-09
1.1403334e-09
1.1367917e-09
1.137375e-09
1.1390415e-09
1.1432918e-09
1.1350835e-09
1.1420417e-09
1.1398332e-09
1.1425e-09
1.1372917e-09
1.1422497e-09
1.1425417e-09
1.1391668e-09
1.1407918e-09
1.1399166e-09
1.1348751e-09
1.1351666e-09
1.1404168e-09
1.1377915e-09
1.137875e-09
1.1391249e-09
1.1403333e-09
1.1426666e-09
1.13475e-09
1.1379999e-09
1.1402083e-09
1.1410833e-09
1.1397918e-09
1.1437086e-09
1.1408333e-09
1.1362499e-09
1.1437916e-09
1.1396251e-09
1.1410416e-09
1.1405e-09
1.1379168e-09
1.1417917e-09
1.1374168e-09
1.1397918e-09
1.1437916e-09
1.1404999e-09
1.1398332e-09
1.1387082e-09
1.1393335e-09
1.141125e-09
1.1421668e-09
1.1382083e-09
1.1394167e-09
1.1393333e-09
1.134125e-09
1.1408334e-09
1.1399167e-09
1.1408748e-09
1.1409583e-09
1.138625e-09
1.13725e-09
1.1387082e-09
1.1375417e-09
1.1385833e-09
1.1417917e-09
1.1402916e-09
1.1398333e-09
1.1383749e-09
1.141625e-09
1.1388334e-09
1.1429167e-09
1.1390833e-09
1.1375836e-09
1.1396667e-09
1.1444999e-09
1.1404585e-09
1.1346249e-09
1.1403749e-09
1.1420001e-09
1.1403335e-09
1.1382917e-09
1.1410418e-09
1.1406667e-09
1.13775e-09
1.1402916e-09
1.1382499e-09
1.13875e-09
1.1435e-09
1.1404168e-09
1.1440418e-09
1.1420417e-09
1.1374583e-09
1.1372916e-09
1.1429583e-09
1.1376667e-09
1.1408748e-09
1.1380834e-09
1.1416667e-09
1.13925e-09
1.1423335e-09
1.1413334e-09
1.141125e-09
1.143125e-09
1.1360417e-09
1.1396249e-09
1.1388334e-09
1.1418751e-09
1.1444167e-09
1.1400834e-09
1.1422083e-09
1.14375e-09
1.1431249e-09
1.1412917e-09
1.1430834e-09
1.1437501e-09
1.1435417e-09
1.1405417e-09
1.1374167e-09
1.1377501e-09
1.1395833e-09
1.138e-09
1.1412084e-09
1.142375e-09
1.1421251e-09
1.1417084e-09
1.1398751e-09
1.1399582e-09
1.1379584e-09
1.1395834e-09
1.1412917e-09
1.1405833e-09
1.1387917e-09
1.1394583e-09
1.1387499e-09
1.1434166e-09
1.1395417e-09
1.142125e-09
1.1383333e-09
1.142125e-09
1.1410834e-09
1.14175e-09
1.1407918e-09
1.1419584e-09
1.1400417e-09
1.138875e-09
1.1399585e-09
1.1397501e-09
1.1409166e-09
1.1421668e-09
1.1368749e-09
1.1411249e-09
1.14175e-09
1.1423335e-09
1.1433333e-09
1.1385418e-09
1.141125e-09
1.1419168e-09
1.1409582e-09
1.1439166e-09
1.1431668e-09
1.1401667e-09
1.1374582e-09
1.1392084e-09
1.143625e-09
1.141375e-09
1.1380833e-09
1.1436667e-09
1.1398333e-09
1.1399581e-09
1.1420833e-09
1.13775e-09
1.1457083e-09
1.1404169e-09
1.1409583e-09
1.1412917e-09
1.1407084e-09
1.1416251e-09
1.1364167e-09
1.140125e-09
1.1384583e-09
1.1412082e-09
1.1412917e-09
1.1392083e-09
1.1414166e-09
1.1429584e-09
1.1421248e-09
1.1404583e-09
1.1435417e-09
1.1432083e-09
1.1373333e-09
1.1424167e-09
1.1385416e-09
1.1380833e-09
1.1417084e-09
1.1350834e-09
1.1425418e-09
1.1377917e-09
1.138625e-09
1.1401666e-09
1.1431667e-09
1.1387916e-09
1.1354165e-09
1.136375e-09
1.1366251e-09
1.1388332e-09
1.1418751e-09
1.1377084e-09
1.1392918e-09
1.1358751e-09
1.1395832e-09
1.1394999e-09
1.1359165e-09
1.1348333e-09
1.13775e-09
1.137375e-09
1.1413749e-09
1.1415418e-09
1.1402499e-09
1.1409583e-09
1.1372501e-09
1.1349167e-09
1.1358749e-09
1.1405e-09
1.1415416e-09
1.1338751e-09
1.1429584e-09
1.1389167e-09
1.1398332e-09
1.1383749e-09
1.1409166e-09
1.1370417e-09
1.1334168e-09
1.13925e-09
1.1369584e-09
1.1371667e-09
1.1362917e-09
1.1392918e-09
1.1386666e-09
1.1396251e-09
1.1342917e-09
1.1401666e-09
1.1414165e-09
1.1352499e-09
1.1354584e-09
1.1344583e-09
1.1344583e-09
1.1371249e-09
1.1378333e-09
1.13725e-09
1.1370419e-09
1.1358751e-09
1.1396666e-09
1.1397501e-09
1.1405417e-09
1.1432501e-09
1.1440418e-09
1.1382082e-09
1.1434582e-09
1.1374167e-09
1.1384583e-09
1.1408333e-09
1.1427919e-09
1.1418333e-09
1.1415834e-09
1.1372083e-09
1.1422083e-09
1.1409582e-09
1.1432501e-09
1.1397916e-09
1.1406251e-09
1.1421666e-09
1.1382083e-09
1.1403334e-09
1.1391251e-09
1.1394168e-09
1.1405e-09
1.1360001e-09
1.1400416e-09
1.1438334e-09
1.1410417e-09
1.14e-09
1.1377084e-09
1.1432917e-09
1.135125e-09
1.1419583e-09
1.1378751e-09
1.1408748e-09
1.138875e-09
1.1375835e-09
1.1410833e-09
1.1430834e-09
1.1371249e-09
1.1356666e-09
1.136875e-09
1.1377916e-09
1.137625e-09
1.1392917e-09
1.1367918e-09
1.1362082e-09
1.1378333e-09
1.1389167e-09
1.1381249e-09
1.1405832e-09
1.1387083e-09
1.1386251e-09
1.1430418e-09
1.1383334e-09
1.1399585e-09
1.14225e-09
1.1397918e-09
1.1424584e-09
1.1377081e-09
1.1398333e-09
1.1353335e-09
1.1376667e-09
1.1415834e-09
1.1357084e-09
1.1400834e-09
1.1379999e-09
1.1415833e-09
1.1405416e-09
1.1405417e-09
1.140125e-09
1.1439166e-09
1.1412085e-09
1.1417501e-09
1.1357083e-09
1.137375e-09
1.1372916e-09
1.1400834e-09
1.1382084e-09
1.1406249e-09
1.1372082e-09
1.1396667e-09
1.1385001e-09
1.138875e-09
1.1385833e-09
1.1362916e-09
1.1384168e-09
1.1391249e-09
1.1374583e-09
1.137375e-09
1.1387917e-09
1.1347082e-09
1.1388334e-09
1.1378333e-09
1.1388751e-09
1.1382916e-09
1.13925e-09
1.139125e-09
1.1387085e-09
1.144e-09
1.1365832e-09
1.1380415e-09
1.1372082e-09
1.14025e-09
1.1425001e-09
1.1421668e-09
1.1420833e-09
1.1392084e-09
1.1384583e-09
1.1414583e-09
1.1365001e-09
1.1392499e-09
1.1398332e-09
1.1432502e-09
1.1422083e-09
1.1378333e-09
1.1375831e-09
1.1401666e-09
1.1458334e-09
1.13975e-09
1.1394583e-09
1.1419582e-09
1.1423335e-09
1.1375e-09
1.1365416e-09
1.1387085e-09
1.1422916e-09
1.1426251e-09
1.1375417e-09
1.142125e-09
1.1370832e-09
1.1403751e-09
1.13875e-09
1.1435417e-09
1.14275e-09
1.1417917e-09
1.139125e-09
1.1422501e-09
1.1391668e-09
1.1392499e-09
1.1351667e-09
1.1395002e-09
1.1381249e-09
1.137875e-09
1.1411251e-09
1.142375e-09
1.1428334e-09
1.1431249e-09
1.1413331e-09
1.1452916e-09
1.1388335e-09
1.1424167e-09
1.1450001e-09
1.1394168e-09
1.13925e-09
1.1385002e-09
1.1405833e-09
1.1371668e-09
1.1395417e-09
1.1398332e-09
1.1439167e-09
1.1378334e-09
1.1409166e-09
1.1409167e-09
1.1422501e-09
1.136875e-09
1.1401667e-09
1.1398751e-09
1.13675e-09
1.1375001e-09
1.1390419e-09
1.1399167e-09
1.135e-09
1.1380418e-09
1.1384167e-09
1.1383334e-09
1.1432916e-09
1.1392917e-09
1.1408752e-09
1.1419583e-09
1.1454167e-09
1.1383333e-09
1.1389999e-09
1.1394168e-09
1.1403334e-09
1.1420833e-09
1.1386251e-09
1.1374167e-09
1.1407084e-09
1.1416252e-09
1.1415418e-09
1.1440833e-09
1.1417084e-09
1.1404165e-09
1.1394584e-09
1.1428333e-09
1.14075e-09
1.1394583e-09
1.1436251e-09
1.1352083e-09
1.1401667e-09
1.1374585e-09
1.1430417e-09
1.1383333e-09
1.1379584e-09
1.1371249e-09
1.140125e-09
1.1354583e-09
1.1353333e-09
1.1407084e-09
1.1374583e-09
1.1405417e-09
1.1381249e-09
1.1413335e-09
1.140375e-09
1.1378333e-09
1.1379166e-09
1.1333335e-09
1.1349585e-09
1.1395833e-09
1.1420417e-09
1.13725e-09
1.1398333e-09
1.139375e-09
1.1390833e-09
1.1408333e-09
1.1390834e-09
1.1369584e-09
1.1364583e-09
1.14e-09
1.1377084e-09
1.1372082e-09
1.1340833e-09
1.1385833e-09
1.1375e-09
1.1418749e-09
1.1372082e-09
1.1385833e-09
1.1350001e-09
1.1376666e-09
1.1387917e-09
1.1386251e-09
1.1363334e-09
1.1350417e-09
1.1440001e-09
1.139e-09
1.1380418e-09
1.1384167e-09
1.1378751e-09
1.1426666e-09
1.1369999e-09
1.1384167e-09
1.1374585e-09
1.1389584e-09
1.1407917e-09
1.1384166e-09
1.1392499e-09
1.1391666e-09
1.1367083e-09
1.1349166e-09
1.1377916e-09
1.1359583e-09
1.1367918e-09
1.1429584e-09
1.13925e-09
1.1381666e-09
1.1407917e-09
1.1402501e-09
1.1380418e-09
1.1373334e-09
1.1389999e-09
1.135125e-09
1.1376666e-09
1.142625e-09
1.1406667e-09
1.13925e-09
1.1430833e-09
1.1347917e-09
1.1389584e-09
1.1410834e-09
1.1355417e-09
1.1398334e-09
1.1394583e-09
1.1395833e-09
1.1390834e-09
1.1412501e-09
1.1379166e-09
1.13275e-09
1.1407085e-09
1.1392917e-09
1.1417084e-09
1.1415418e-09
1.1354168e-09
1.1357082e-09
1.1321667e-09
1.1362082e-09
1.1383332e-09
1.1387499e-09
1.1414166e-09
1.1390001e-09
1.1394167e-09
1.1381668e-09
1.1371248e-09
1.1388751e-09
1.1419583e-09
1.1369584e-09
1.1404583e-09
1.1422916e-09
1.1397499e-09
1.1418334e-09
1.1445001e-09
1.13875e-09
1.1403749e-09
1.1380834e-09
1.141125e-09
1.135625e-09
1.1375832e-09
1.1362083e-09
1.13925e-09
1.1338334e-09
1.1366249e-09
1.1428334e-09
1.1422082e-09
1.1394583e-09
1.1404999e-09
1.1366252e-09
1.1404168e-09
1.1393749e-09
1.1392915e-09
1.1404584e-09
1.1385832e-09
1.1400834e-09
1.1404584e-09
1.1387083e-09
1.1364167e-09
1.1417084e-09
1.1367917e-09
1.1434583e-09
1.1422083e-09
1.1393749e-09
1.1402084e-09
1.1416667e-09
1.1417917e-09
1.1382499e-09
1.1392083e-09
1.1350417e-09
1.1396665e-09
1.1387083e-09
1.1406249e-09
1.139375e-09
1.1372083e-09
1.14175e-09
1.1422083e-09
1.1382082e-09
1.141125e-09
1.1441667e-09
1.1391668e-09
1.1384168e-09
1.1371667e-09
1.1390834e-09
1.1430416e-09
1.1397917e-09
1.1388332e-09
1.1428333e-09
1.140125e-09
1.1383334e-09
1.1412917e-09
1.1390416e-09
1.1390001e-09
1.1393749e-09
1.1443333e-09
1.1455834e-09
1.1411667e-09
1.1420417e-09
1.1402915e-09
1.1412916e-09
1.1395833e-09
1.1441667e-09
1.1440834e-09
1.1387916e-09
1.1411667e-09
1.1388751e-09
1.1412917e-09
1.1382083e-09
1.1390834e-09
1.1359583e-09
1.1352917e-09
1.1422501e-09
1.1352083e-09
1.1385833e-09
1.1403334e-09
1.1403333e-09
1.1392915e-09
1.1405418e-09
1.1398751e-09
1.1339166e-09
1.1435833e-09
1.1420416e-09
1.1402916e-09
1.1359167e-09
1.1383749e-09
1.1360418e-09
1.1336668e-09
1.1391249e-09
1.1426251e-09
1.138875e-09
1.1384167e-09
1.1404584e-09
1.1430001e-09
1.141125e-09
1.1363335e-09
1.1411668e-09
1.1357917e-09
1.1359168e-09
1.1360418e-09
1.1400417e-09
1.1377916e-09
1.1382917e-09
1.1331667e-09
1.1400416e-09
1.1404999e-09
1.137875e-09
1.1400417e-09
1.1352916e-09
1.1362083e-09
1.1353334e-09
1.1382916e-09
1.1409582e-09
1.1391249e-09
1.1385001e-09
1.1376251e-09
1.136625e-09
1.1328333e-09
1.14075e-09
1.1386666e-09
1.1377083e-09
1.1392917e-09
1.1407083e-09
1.1396667e-09
1.13775e-09
1.1397917e-09
1.1385833e-09
1.1410834e-09
1.1399585e-09
1.1404165e-09
1.1385417e-09
1.1382083e-09
1.1369583e-09
1.1404999e-09
1.1385417e-09
1.1394168e-09
1.1396666e-09
1.1399586e-09
1.1389584e-09
1.1400835e-09
1.1394583e-09
1.1344166e-09
1.13725e-09
1.1390833e-09
1.1392915e-09
1.1396667e-09
1.1394167e-09
1.1402917e-09
1.1367501e-09
1.1402084e-09
1.1389585e-09
1.136875e-09
1.1396251e-09
1.1359167e-09
1.139375e-09
1.1377499e-09
1.1413749e-09
1.13975e-09
1.1365832e-09
1.1375832e-09
1.1400835e-09
1.1374583e-09
1.1394583e-09
1.1444584e-09
1.1399166e-09
1.137875e-09
1.1353334e-09
1.1375832e-09
1.1385832e-09
1.139e-09
1.1392917e-09
1.141125e-09
1.1375832e-09
1.1416667e-09
1.1404584e-09
1.1406251e-09
1.1376667e-09
1.1379166e-09
1.135375e-09
1.142875e-09
1.1442501e-09
1.1412084e-09
1.1404583e-09
1.1399166e-09
1.1397499e-09
1.143375e-09
1.138e-09
1.1408333e-09
1.1427918e-09
1.1429583e-09
1.1405833e-09
1.1433751e-09
1.1409582e-09
1.1427918e-09
1.1378751e-09
1.1418748e-09
1.1452499e-09
1.1434167e-09
1.1418334e-09
1.1394999e-09
1.141625e-09
1.1433751e-09
1.142625e-09
1.1387501e-09
1.137625e-09
1.1357499e-09
1.1386667e-09
1.1421248e-09
1.1417084e-09
1.1340834e-09
1.1368333e-09
1.1383333e-09
1.1376249e-09
1.1409583e-09
1.1403335e-09
1.1413752e-09
1.1409585e-09
1.1365834e-09
1.1386666e-09
1.143875e-09
1.14075e-09
1.1407499e-09
1.140625e-09
1.1438749e-09
1.1435417e-09
1.1418332e-09
1.1400834e-09
1.1406666e-09
1.1387082e-09
1.1406249e-09
1.1383749e-09
1.1426667e-09
1.1369584e-09
1.1392501e-09
1.1373334e-09
1.1397917e-09
1.1367499e-09
1.1409167e-09
1.1412501e-09
1.1391668e-09
1.1391666e-09
1.1422082e-09
1.140625e-09
1.1416251e-09
1.1381667e-09
1.1405418e-09
1.1400415e-09
1.1362082e-09
1.1372083e-09
1.1407918e-09
1.1417499e-09
1.1383333e-09
1.1378333e-09
1.1379165e-09
1.1370834e-09
1.1385001e-09
1.1385417e-09
1.136875e-09
1.141125e-09
1.1413749e-09
1.1415e-09
1.1394999e-09
1.1377499e-09
1.141625e-09
1.1413334e-09
1.14275e-09
1.1400001e-09
1.1368333e-09
1.1401251e-09
1.1419168e-09
1.1389585e-09
1.1446666e-09
1.1400834e-09
1.1369584e-09
1.1394583e-09
1.1408333e-09
1.1374583e-09
1.14075e-09
1.1377499e-09
1.138875e-09
1.1429583e-09
1.13925e-09
1.1420001e-09
1.1375417e-09
1.1409583e-09
1.1390834e-09
1.1359584e-09
1.1421251e-09
1.136875e-09
1.14025e-09
1.1424584e-09
1.1385001e-09
1.1387083e-09
1.1415e-09
1.14075e-09
1.138625e-09
1.1394999e-09
1.1410002e-09
1.1390833e-09
1.1397916e-09
1.135125e-09
1.1368333e-09
1.1380418e-09
1.139375e-09
1.1420834e-09
1.1447916e-09
1.1394583e-09
1.1375835e-09
1.142375e-09
1.1396251e-09
1.1401666e-09
1.1394999e-09
1.1394583e-09
1.140375e-09
1.1389167e-09
1.1374582e-09
1.1402916e-09
1.1409166e-09
1.1381667e-09
1.14075e-09
1.1423335e-09
1.1388332e-09
1.1388332e-09
1.1380833e-09
1.144e-09
1.1393751e-09
1.1412081e-09
1.1383335e-09
1.1372083e-09
1.1386666e-09
1.1353333e-09
1.1340415e-09
1.13675e-09
1.141125e-09
1.1382917e-09
1.143e-09
1.1400415e-09
1.1377499e-09
1.1400833e-09
1.138625e-09
1.1387083e-09
1.1386666e-09
1.1387085e-09
1.1388751e-09
1.1388334e-09
1.1363749e-09
1.1389584e-09
1.1407085e-09
1.1392082e-09
1.1383334e-09
1.1416251e-09
1.1397083e-09
1.1376666e-09
1.1368333e-09
1.1417084e-09
1.1388334e-09
1.1370418e-09
1.1403749e-09
1.13775e-09
1.1417917e-09
1.1357499e-09
1.1387501e-09
1.1380418e-09
1.1387501e-09
1.1379999e-09
1.14e-09
1.1370417e-09
1.14e-09
1.1370417e-09
1.1423332e-09
1.1408333e-09
1.1375417e-09
1.1355833e-09
1.1390833e-09
1.137625e-09
1.1430417e-09
1.1401666e-09
1.1416251e-09
1.1389167e-09
1.1371667e-09
1.1376251e-09
1.1371667e-09
1.1403334e-09
1.1361667e-09
1.1395417e-09
1.1381249e-09
1.1407084e-09
1.140625e-09
1.13875e-09
1.1363334e-09
1.13775e-09
1.1368749e-09
1.1340416e-09
1.1390416e-09
1.1401249e-09
1.1361667e-09
1.1358749e-09
1.1398751e-09
1.1392501e-09
1.1404583e-09
1.1421251e-09
1.1409583e-09
1.1443333e-09
1.14175e-09
1.1397917e-09
1.1423751e-09
1.1405e-09
1.1448333e-09
1.1414165e-09
1.1342917e-09
1.1418748e-09
1.1399166e-09
1.137375e-09
1.1410417e-09
1.14025e-09
1.1381249e-09
1.1345834e-09
1.13875e-09
1.1380832e-09
1.1390415e-09
1.1396251e-09
1.1430001e-09
1.136875e-09
1.1372083e-09
1.1353749e-09
1.1362082e-09
1.139e-09
1.1385416e-09
1.1369999e-09
1.1384168e-09
1.1393749e-09
1.13675e-09
1.138625e-09
1.1394583e-09
1.1395832e-09
1.1422083e-09
1.1411251e-09
1.1375832e-09
1.1381248e-09
1.1370833e-09
1.137e-09
1.1376249e-09
1.1425e-09
1.1349999e-09
1.1404168e-09
1.1427915e-09
1.1390833e-09
1.1397918e-09
1.1442917e-09
1.1371249e-09
1.1386667e-09
1.1423335e-09
1.1393749e-09
1.1429165e-09
1.1427918e-09
1.13775e-09
1.1370833e-09
1.1362083e-09
1.1406666e-09
1.1380833e-09
1.1423332e-09
1.1430834e-09
1.1387917e-09
1.1418333e-09
1.1381249e-09
1.1424166e-09
1.1391249e-09
1.1419583e-09
1.1383749e-09
1.1402083e-09
1.1424584e-09
1.1374169e-09
1.1397499e-09
1.139e-09
1.1405e-09
1.141125e-09
1.1454584e-09
1.1395833e-09
1.1443752e-09
1.138e-09
1.141e-09
1.1437084e-09
1.137e-09
1.1385832e-09
1.1347081e-09
1.1396665e-09
1.1336667e-09
1.1418751e-09
1.1407916e-09
1.1389585e-09
1.1393333e-09
1.1400834e-09
1.1374167e-09
1.1335001e-09
1.1369584e-09
1.139125e-09
1.1407917e-09
1.1405e-09
1.1420417e-09
1.1392083e-09
1.1411251e-09
1.1422917e-09
1.1384583e-09
1.1407917e-09
1.137375e-09
1.1375001e-09
1.1380418e-09
1.140625e-09
1.1408751e-09
1.1407918e-09
1.1403749e-09
1.1422083e-09
1.1422917e-09
1.1394582e-09
1.1389584e-09
1.1370417e-09
1.136e-09
1.1365e-09
1.1404999e-09
1.140375e-09
1.1421668e-09
1.1411667e-09
1.13925e-09
1.1399166e-09
1.1426251e-09
1.1397916e-09
1.1397917e-09
1.13225e-09
1.1397082e-09
1.1387083e-09
1.1418334e-09
1.1425e-09
1.1430417e-09
1.1351251e-09
1.1426666e-09
1.1387499e-09
1.139125e-09
1.1410417e-09
1.141e-09
1.1393335e-09
1.1392915e-09
1.1391668e-09
1.1364584e-09
1.1382917e-09
1.1394583e-09
1.1359167e-09
1.1416667e-09
1.13625e-09
1.1396251e-09
1.1410416e-09
1.14025e-09
1.13725e-09
1.1400417e-09
1.1394584e-09
1.1432501e-09
1.1419582e-09
1.140625e-09
1.1375836e-09
1.1394999e-09
1.1427084e-09
1.1401249e-09
1.1365001e-09
1.14225e-09
1.1433333e-09
1.1400416e-09
1.1398333e-09
1.1424584e-09
1.1370418e-09
1.1420415e-09
1.1411249e-09
1.1407083e-09
1.140375e-09
1.1415833e-09
1.1384584e-09
1.1388332e-09
1.1427084e-09
1.1430417e-09
1.1389584e-09
1.1382083e-09
1.1385416e-09
1.1399582e-09
1.1430833e-09
1.1369583e-09
1.1441667e-09
1.1352917e-09
1.1410832e-09
1.1388751e-09
1.142125e-09
1.1393334e-09
1.1390416e-09
1.1449584e-09
1.1357084e-09
1.140375e-09
1.1404584e-09
1.1392499e-09
1.1347082e-09
1.1394998e-09
1.1352085e-09
1.143625e-09
1.1410834e-09
1.1401251e-09
1.1373751e-09
1.1384167e-09
1.1379584e-09
1.1377084e-09
1.1393749e-09
1.1425834e-09
1.1446666e-09
1.1413751e-09
1.1394167e-09
1.1383749e-09
1.1400416e-09
1.1397083e-09
1.1409582e-09
1.13775e-09
1.1384583e-09
1.14e-09
1.1395002e-09
1.1365834e-09
1.1392084e-09
1.1362501e-09
1.1403749e-09
1.1425417e-09
1.1360417e-09
1.139e-09
1.139375e-09
1.1352916e-09
1.1392917e-09
1.1390001e-09
1.1407918e-09
1.1402501e-09
1.1419999e-09
1.1390415e-09
1.1396667e-09
1.1366666e-09
1.1374167e-09
1.1417082e-09
1.1399586e-09
1.1396251e-09
1.1415834e-09
1.1385832e-09
1.1406666e-09
1.1407084e-09
1.1390834e-09
1.14075e-09
1.1364583e-09
1.1390835e-09
1.13875e-09
1.141375e-09
1.1384584e-09
1.1348333e-09
1.138e-09
1.1405416e-09
1.1388751e-09
1.135625e-09
1.14275e-09
1.1422916e-09
1.140625e-09
1.1367501e-09
1.1384584e-09
1.1347917e-09
1.1377917e-09
1.1381667e-09
1.1418751e-09
1.1420834e-09
1.1388751e-09
1.1390833e-09
1.1386665e-09
1.1399582e-09
1.1386667e-09
1.1440416e-09
1.1402501e-09
1.1414998e-09
1.1410832e-09
1.1422084e-09
1.1400001e-09
1.1400001e-09
1.1374168e-09
1.1415415e-09
1.1410833e-09
1.1398333e-09
1.1382917e-09
1.1392083e-09
1.1427915e-09
1.1404165e-09
1.1395832e-09
1.1421667e-09
1.1451669e-09
1.1380418e-09
1.1372501e-09
1.13675e-09
1.144e-09
1.1399582e-09
1.1416667e-09
1.1391666e-09
1.1342084e-09
1.1417083e-09
1.139875e-09
1.1402083e-09
1.1391666e-09
1.14075e-09
1.1412917e-09
1.1409583e-09
1.1367499e-09
1.1445416e-09
1.1402083e-09
1.1381667e-09
1.1379168e-09
1.1447501e-09
1.1408334e-09
1.1413334e-09
1.1414584e-09
1.1397085e-09
1.1416249e-09
1.1411667e-09
1.1419167e-09
1.1401249e-09
1.1414583e-09
1.1362917e-09
1.1422084e-09
1.1404999e-09
1.136625e-09
1.140125e-09
1.137e-09
1.1412084e-09
1.1377499e-09
1.1372083e-09
1.1386251e-09
1.1412916e-09
1.1399166e-09
1.1392083e-09
1.140125e-09
1.1407917e-09
1.1425833e-09
1.1381667e-09
1.1353333e-09
1.1397083e-09
1.1358751e-09
1.1372918e-09
1.1361249e-09
1.1404999e-09
1.13875e-09
1.1388332e-09
1.1425001e-09
1.1414584e-09
1.1405002e-09
1.1391666e-09
1.1432501e-09
1.1420416e-09
1.138875e-09
1.1365834e-09
1.1347916e-09
1.1358333e-09
1.1378334e-09
1.1415833e-09
1.139e-09
1.1394168e-09
1.13975e-09
1.1392501e-09
1.1406667e-09
1.1397083e-09
1.1392084e-09
1.1377085e-09
1.1389166e-09
1.1384583e-09
1.1384167e-09
1.1380832e-09
1.1392917e-09
1.1419999e-09
1.1388751e-09
1.1435417e-09
1.1397917e-09
1.1377499e-09
1.1418334e-09
1.1418334e-09
1.1449582e-09
1.1423751e-09
1.1433335e-09
1.1391668e-09
1.1392084e-09
1.1422916e-09
1.1361251e-09
1.1419167e-09
1.1401667e-09
1.1432501e-09
1.1374167e-09
1.1394584e-09
1.1384583e-09
1.1370417e-09
1.1411667e-09
1.1414165e-09
1.1415833e-09
1.1417499e-09
1.1369584e-09
1.1389166e-09
1.1364584e-09
1.1382916e-09
1.139125e-09
1.139375e-09
1.1399166e-09
1.1427915e-09
1.1405417e-09
1.1353334e-09
1.1379584e-09
1.1385001e-09
1.1455418e-09
1.1412917e-09
1.1411667e-09
1.144e-09
1.1392501e-09
1.1393333e-09
1.1387916e-09
1.1444166e-09
1.1433333e-09
1.1419583e-09
1.1397501e-09
1.1391666e-09
1.1428334e-09
1.1382917e-09
1.1427084e-09
1.1433333e-09
1.1409167e-09
1.1424584e-09
1.1385832e-09
1.1359166e-09
1.1361666e-09
1.1395416e-09
1.1457917e-09
1.140625e-09
1.1395833e-09
1.1361249e-09
1.1396667e-09
1.1397084e-09
1.140125e-09
1.1355418e-09
1.1407084e-09
1.1397917e-09
1.1370832e-09
1.138e-09
1.1364167e-09
1.13725e-09
1.1384998e-09
1.1432083e-09
1.1399999e-09
1.1395416e-09
1.139125e-09
1.1406666e-09
1.1358333e-09
1.134e-09
1.1404999e-09
1.141625e-09
1.1403334e-09
1.1419167e-09
1.1413331e-09
1.141e-09
1.1410417e-09
1.1369167e-09
1.139e-09
1.1400001e-09
1.1401667e-09
1.1411668e-09
1.142875e-09
1.1417501e-09
1.1402084e-09
1.1394998e-09
1.1420001e-09
1.1379166e-09
1.1399585e-09
1.1421248e-09
1.1384998e-09
1.1380834e-09
1.1361668e-09
1.1407917e-09
1.1393333e-09
1.1401667e-09
1.138125e-09
1.1408748e-09
1.1345834e-09
1.1387082e-09
1.1386665e-09
1.1402084e-09
1.1372082e-09
1.1388751e-09
1.1361249e-09
1.1367082e-09
1.1377084e-09
1.1395832e-09
1.1405833e-09
1.1404168e-09
1.138125e-09
1.1358751e-09
1.1401666e-09
1.1390416e-09
1.1367915e-09
1.1402917e-09
1.1354168e-09
1.1428334e-09
1.1394167e-09
1.13925e-09
1.1392084e-09
1.1422918e-09
1.1403334e-09
1.1428334e-09
1.1382083e-09
1.1387916e-09
1.1396251e-09
1.1432918e-09
1.1390416e-09
1.1394999e-09
1.1404168e-09
1.14025e-09
1.1391249e-09
1.1395417e-09
1.1404583e-09
1.1407916e-09
1.1394583e-09
1.1365834e-09
1.1403751e-09
1.14e-09
1.1408751e-09
1.1427084e-09
1.1377083e-09
1.1406667e-09
1.14e-09
1.1405834e-09
1.1349583e-09
1.1385417e-09
1.1390833e-09
1.1402916e-09
1.1409581e-09
1.1389167e-09
1.1392084e-09
1.1341668e-09
1.1400835e-09
1.140625e-09
1.1386666e-09
1.1395833e-09
1.1408752e-09
1.1404583e-09
1.1411666e-09
1.1431667e-09
1.1433751e-09
1.1432498e-09
1.136625e-09
1.1400834e-09
1.1444999e-09
1.1453751e-09
1.1439583e-09
1.1392918e-09
1.1422501e-09
1.1398332e-09
1.1421667e-09
1.1409166e-09
1.1423332e-09
1.1394167e-09
1.13925e-09
1.1423335e-09
1.1454167e-09
1.1425834e-09
1.1416665e-09
1.1404999e-09
1.1435417e-09
1.1420834e-09
1.141625e-09
1.1417918e-09
1.1388332e-09
1.1411667e-09
1.1394584e-09
1.1373333e-09
1.1396249e-09
1.1382082e-09
1.1374168e-09
1.1376665e-09
1.1405416e-09
1.1401249e-09
1.139875e-09
1.136875e-09
1.139375e-09
1.1409582e-09
1.1387916e-09
1.1384167e-09
1.1389584e-09
1.1407499e-09
1.1389166e-09
1.140375e-09
1.1413335e-09
1.1370833e-09
1.1392918e-09
1.1422501e-09
1.1414166e-09
1.1428334e-09
1.1361249e-09
1.1401666e-09
1.143875e-09
1.1397917e-09
1.1419168e-09
1.137375e-09
1.1374583e-09
1.1388334e-09
1.1350417e-09
1.139375e-09
1.1394583e-09
1.1437084e-09
1.1430417e-09
1.13825e-09
1.1371248e-09
1.1381666e-09
1.1400835e-09
1.1380833e-09
1.1384584e-09
1.1401667e-09
1.1357499e-09
1.1393333e-09
1.1357083e-09
1.1420001e-09
1.1372083e-09
1.1407084e-09
1.1409168e-09
1.1442084e-09
1.1432502e-09
1.1386666e-09
1.1403751e-09
1.1402083e-09
1.13775e-09
1.1402501e-09
1.1379165e-09
1.1432501e-09
1.1410417e-09
1.1404584e-09
1.1448749e-09
1.1410416e-09
1.1445833e-09
1.13925e-09
1.1420834e-09
1.1402501e-09
1.1413751e-09
1.1389584e-09
1.1400416e-09
1.1393334e-09
1.14375e-09
1.1369999e-09
1.1384166e-09
1.1371249e-09
1.1373334e-09
1.1395418e-09
1.1423335e-09
1.1412502e-09
1.1388752e-09
1.1380418e-09
1.1374167e-09
1.1353335e-09
1.1379584e-09
1.1362916e-09
1.1410001e-09
1.1364167e-09
1.1399582e-09
1.1347083e-09
1.1351251e-09
1.1406667e-09
1.1364999e-09
1.1354583e-09
1.1370834e-09
1.1364167e-09
1.1326249e-09
1.1369583e-09
1.1365835e-09
1.1445418e-09
1.1368333e-09
1.1352499e-09
1.1417918e-09
1.135e-09
1.1357916e-09
1.1356251e-09
1.1399585e-09
1.1412917e-09
1.1362082e-09
1.1366669e-09
1.1371248e-09
1.1387917e-09
1.1375416e-09
1.1389999e-09
1.135625e-09
1.1397084e-09
1.1401249e-09
1.1471251e-09
1.139125e-09
1.1382916e-09
1.1397084e-09
1.1380418e-09
1.1409583e-09
1.1369583e-09
1.1371249e-09
1.1407498e-09
1.141125e-09
1.1338334e-09
1.1375001e-09
1.1345417e-09
1.138e-09
1.1369167e-09
1.1369168e-09
1.1383333e-09
1.1361251e-09
1.1371666e-09
1.1343334e-09
1.1382499e-09
1.1370418e-09
1.1382502e-09
1.1405417e-09
1.1403334e-09
1.1445417e-09
1.1381668e-09
1.1423332e-09
1.1345834e-09
1.1390834e-09
1.1375832e-09
1.1396249e-09
1.1360832e-09
1.1375416e-09
1.1337918e-09
1.1431667e-09
1.1337917e-09
1.1450001e-09
1.1359584e-09
1.1459167e-09
1.140625e-09
1.143e-09
1.1397917e-09
1.1412501e-09
1.1408334e-09
1.1374167e-09
1.13825e-09
1.1414999e-09
1.1394999e-09
1.1379999e-09
1.1386251e-09
1.1374166e-09
1.1403334e-09
1.1389584e-09
1.1413334e-09
1.1410417e-09
1.1394583e-09
1.1375417e-09
1.1412084e-09
1.136625e-09
1.1403334e-09
1.1406251e-09
1.14125e-09
1.1384582e-09
1.1398333e-09
1.1417918e-09
1.1421251e-09
1.1413334e-09
1.1429167e-09
1.139375e-09
1.1416668e-09
1.1390835e-09
1.1434582e-09
1.1381667e-09
1.1407499e-09
1.137625e-09
1.1405833e-09
1.1392084e-09
1.1420833e-09
1.1406667e-09
1.1386251e-09
1.1380833e-09
1.1396666e-09
1.141625e-09
1.1403334e-09
1.1391668e-09
1.1372082e-09
1.138875e-09
1.13825e-09
1.1382917e-09
1.1365834e-09
1.1373333e-09
1.136e-09
1.1384583e-09
1.144375e-09
