9.8445319e-10
9.8367192e-10
9.8484376e-10
9.8117192e-10
9.817186e-10
9.8269537e-10
9.8386721e-10
9.8257813e-10
9.8242192e-10
9.8339847e-10
9.8195307e-10
9.8457031e-10
9.8617192e-10
9.8343744e-10
9.8503894e-10
9.8449227e-10
9.8355468e-10
9.8808595e-10
9.8363284e-10
9.8429676e-10
9.8515629e-10
9.8085939e-10
9.8148434e-10
9.8460939e-10
9.8890618e-10
9.8273434e-10
9.8554687e-10
9.8714847e-10
9.8648434e-10
9.8394537e-10
9.8761721e-10
9.8238284e-10
9.8343744e-10
9.8324215e-10
9.8093755e-10
9.8507813e-10
9.8378905e-10
9.8203112e-10
9.8230468e-10
9.8492181e-10
9.8117181e-10
9.8277342e-10
9.8367192e-10
9.7871089e-10
9.8292974e-10
9.8265618e-10
9.8449215e-10
9.8191411e-10
9.8390618e-10
9.8933584e-10
9.8480468e-10
9.8417963e-10
9.833202e-10
9.8421882e-10
9.8375008e-10
9.8253905e-10
9.8062491e-10
9.8359376e-10
9.8582031e-10
9.8382802e-10
9.840625e-10
9.8605479e-10
9.8140618e-10
9.8156239e-10
9.822656e-10
9.7937491e-10
9.8429687e-10
9.8386721e-10
9.8550779e-10
9.8144526e-10
9.8082031e-10
9.8222652e-10
9.8449204e-10
9.8171871e-10
9.8550779e-10
9.8292963e-10
9.8578135e-10
9.8398434e-10
9.7941411e-10
9.8316411e-10
9.822656e-10
9.8449227e-10
9.8402342e-10
9.8078123e-10
9.8546882e-10
9.8125008e-10
9.8249997e-10
9.7785158e-10
9.8113284e-10
9.8164066e-10
9.8558584e-10
9.8249986e-10
9.8371089e-10
9.8183595e-10
9.828125e-10
9.8503905e-10
9.8136721e-10
9.8160158e-10
9.8390618e-10
9.8105468e-10
9.8308595e-10
9.865625e-10
9.8167974e-10
9.8093744e-10
9.8179687e-10
9.8320307e-10
9.8390629e-10
9.8152342e-10
9.7933595e-10
9.8148434e-10
9.8292974e-10
9.8480468e-10
9.8316411e-10
9.8367192e-10
9.8359376e-10
9.8355468e-10
9.8265618e-10
9.8218755e-10
9.8703123e-10
9.8066411e-10
9.8273445e-10
9.8511721e-10
9.8312503e-10
9.8109376e-10
9.8332043e-10
9.8273434e-10
9.8402342e-10
9.8429698e-10
9.8074215e-10
9.8105468e-10
9.81211e-10
9.8097652e-10
9.8289055e-10
9.8187503e-10
9.8488284e-10
9.7851571e-10
9.8195319e-10
9.8460928e-10
9.8187503e-10
9.8316399e-10
9.8417963e-10
9.8023445e-10
9.8328123e-10
9.8332043e-10
9.8406239e-10
9.8082031e-10
9.8390629e-10
9.8214847e-10
9.8093744e-10
9.8023445e-10
9.8300779e-10
9.8503905e-10
9.8078123e-10
9.8332031e-10
9.7941399e-10
9.8246089e-10
9.8234376e-10
9.7953123e-10
9.8187491e-10
9.770702e-10
9.8550768e-10
9.7910158e-10
9.801171e-10
9.8343755e-10
9.8164066e-10
9.847656e-10
9.8199215e-10
9.8140629e-10
9.8199215e-10
9.822656e-10
9.8343744e-10
9.8136721e-10
9.8105468e-10
9.8308595e-10
9.842579e-10
9.8312503e-10
9.8375008e-10
9.8566399e-10
9.8328123e-10
9.8207042e-10
9.8332031e-10
9.8410158e-10
9.8492181e-10
9.8218755e-10
9.8429687e-10
9.8218755e-10
9.8121089e-10
9.8324204e-10
9.8402342e-10
9.8460939e-10
9.8328135e-10
9.8210928e-10
9.8437491e-10
9.8074215e-10
9.8324227e-10
9.8246089e-10
9.8292974e-10
9.8296882e-10
9.7949227e-10
9.8222652e-10
9.8378916e-10
9.8953123e-10
9.8355457e-10
9.8125008e-10
9.8109376e-10
9.8117181e-10
9.8234365e-10
9.8339847e-10
9.8179687e-10
9.8222641e-10
9.8378916e-10
9.8265629e-10
9.8148434e-10
9.8242181e-10
9.8421871e-10
9.8062503e-10
9.8296882e-10
9.8546871e-10
9.8085939e-10
9.840625e-10
9.8070319e-10
9.8132813e-10
9.8374997e-10
9.8351571e-10
9.8804687e-10
9.7914055e-10
9.8398434e-10
9.8371089e-10
9.8304687e-10
9.8085939e-10
9.8414066e-10
9.8109376e-10
9.8566411e-10
9.8109387e-10
9.8078135e-10
9.8238273e-10
9.8128916e-10
9.7968744e-10
9.8257813e-10
9.8367181e-10
9.8351571e-10
9.7992192e-10
9.8425779e-10
9.8242192e-10
9.8082031e-10
9.828125e-10
9.8312491e-10
9.8335939e-10
9.8351549e-10
9.8390629e-10
9.7964847e-10
9.8175779e-10
9.7964847e-10
9.8570307e-10
9.8445307e-10
9.8277342e-10
9.813671e-10
9.8191399e-10
9.8511721e-10
9.8085939e-10
9.8570319e-10
9.828125e-10
9.8496089e-10
9.8289055e-10
9.8105468e-10
9.8285147e-10
9.7933595e-10
9.8625008e-10
9.8089836e-10
9.8367181e-10
9.8078123e-10
9.8515629e-10
9.8343755e-10
9.8078123e-10
9.8375008e-10
9.8347652e-10
9.8179687e-10
9.7906261e-10
9.8347652e-10
9.8289066e-10
9.8398445e-10
9.8242181e-10
9.8187503e-10
9.8148434e-10
9.8707031e-10
9.8171871e-10
9.8585939e-10
9.8054687e-10
9.8554687e-10
9.835156e-10
9.8332031e-10
9.8289066e-10
9.8124997e-10
9.8199215e-10
9.8296871e-10
9.8039066e-10
9.826171e-10
9.8374997e-10
9.8136721e-10
9.8035158e-10
9.8585928e-10
9.8218744e-10
9.8484376e-10
9.8046882e-10
9.8191411e-10
9.8269526e-10
9.8347663e-10
9.7972663e-10
9.8183595e-10
9.853125e-10
9.8410158e-10
9.8476571e-10
9.8437503e-10
9.8257813e-10
9.8152342e-10
9.8484387e-10
9.8464847e-10
9.8265629e-10
9.8499997e-10
9.8499997e-10
9.8417974e-10
9.8464847e-10
9.8164055e-10
9.8183595e-10
9.7886721e-10
9.8417974e-10
9.8296882e-10
9.858202e-10
9.8296871e-10
9.8300779e-10
9.8210939e-10
9.8300779e-10
9.8203135e-10
9.815625e-10
9.860156e-10
9.8480468e-10
9.8214836e-10
9.8347652e-10
9.8234376e-10
9.8148434e-10
9.8054687e-10
9.8234365e-10
9.8203123e-10
9.8070319e-10
9.8613295e-10
9.8238284e-10
9.8378905e-10
9.8531261e-10
9.8234376e-10
9.8128905e-10
9.8312491e-10
9.8269526e-10
9.8249997e-10
9.815625e-10
9.8265618e-10
9.8468744e-10
9.7871089e-10
9.8046871e-10
9.8812503e-10
9.8218744e-10
9.8214836e-10
9.8371089e-10
9.8292963e-10
9.8113273e-10
9.7984376e-10
9.835156e-10
9.8449227e-10
9.7996089e-10
9.8253905e-10
9.8363284e-10
9.8683595e-10
9.8230468e-10
9.8562492e-10
9.8089847e-10
9.8308606e-10
9.8062503e-10
9.8410147e-10
9.8347652e-10
9.8417963e-10
9.8308595e-10
9.8593744e-10
9.8117192e-10
9.8359376e-10
9.8453123e-10
9.8378905e-10
9.8390629e-10
9.8249997e-10
9.8421871e-10
9.7980468e-10
9.8640629e-10
9.8285147e-10
9.8242192e-10
9.8304698e-10
9.8667963e-10
9.8292963e-10
9.8261721e-10
9.8269526e-10
9.8242192e-10
9.8613284e-10
9.8374986e-10
9.8765618e-10
9.8390629e-10
9.8218755e-10
9.8410158e-10
9.8199215e-10
9.8179698e-10
9.8175779e-10
9.8140629e-10
9.8246089e-10
9.813671e-10
9.828125e-10
9.8703123e-10
9.8093744e-10
9.863671e-10
9.7894537e-10
9.8183595e-10
9.8199215e-10
9.8039066e-10
9.8472652e-10
9.8246089e-10
9.872656e-10
9.8207031e-10
9.8226571e-10
9.8199215e-10
9.8562503e-10
9.8183595e-10
9.8472652e-10
9.8312503e-10
9.8144537e-10
9.8417963e-10
9.8535158e-10
9.8300779e-10
9.8203123e-10
9.8316411e-10
9.8394526e-10
9.8449215e-10
9.8324215e-10
9.8374997e-10
9.8410158e-10
9.8308595e-10
9.8105468e-10
9.8371089e-10
9.7921882e-10
9.8164066e-10
9.8363273e-10
9.8488284e-10
9.8292974e-10
9.8269526e-10
9.8308595e-10
9.830079e-10
9.8242181e-10
9.8554698e-10
9.8390629e-10
9.8402342e-10
9.8144537e-10
9.8480468e-10
9.8812503e-10
9.8250008e-10
9.8398434e-10
9.8363284e-10
9.8640618e-10
9.8175779e-10
9.8484376e-10
9.8386721e-10
9.851171e-10
9.8566399e-10
9.8234376e-10
9.8542963e-10
9.8269526e-10
9.833202e-10
9.8300779e-10
9.8296882e-10
9.8054675e-10
9.8605457e-10
9.8285158e-10
9.8199227e-10
9.8535158e-10
9.8683595e-10
9.8394537e-10
9.8277342e-10
9.8386721e-10
9.8812492e-10
9.8277342e-10
9.8945319e-10
9.8394526e-10
9.8304687e-10
9.8617181e-10
9.8468755e-10
9.8949227e-10
9.8582031e-10
9.8679687e-10
9.8652353e-10
9.8625008e-10
9.8515629e-10
9.8308606e-10
9.8343744e-10
9.8667963e-10
9.8210939e-10
9.8503916e-10
9.8710939e-10
9.8253916e-10
9.8308606e-10
9.8468744e-10
9.8742181e-10
9.8499986e-10
9.8515629e-10
9.8523434e-10
9.8480457e-10
9.8570307e-10
9.8246089e-10
9.8425779e-10
9.8492181e-10
9.8324215e-10
9.847656e-10
9.8980457e-10
9.9195319e-10
9.9777342e-10
9.976171e-10
1.0030859e-09
1.0068358e-09
1.0080079e-09
1.003125e-09
1.0061328e-09
1.0084766e-09
1.0044923e-09
1.0035548e-09
1.0039062e-09
1.0038672e-09
1.0002733e-09
1.0013672e-09
9.9937503e-10
1.0005858e-09
9.9734387e-10
1.000078e-09
9.9742192e-10
9.9667963e-10
9.9472663e-10
9.9933595e-10
9.9742181e-10
9.9699216e-10
9.9546882e-10
9.953125e-10
9.9679676e-10
9.9917974e-10
9.9609376e-10
9.9367181e-10
9.9660158e-10
9.9535158e-10
9.9249997e-10
9.9339836e-10
9.9363273e-10
9.9558584e-10
9.9410147e-10
9.9160147e-10
9.93164e-10
9.9371089e-10
9.9433584e-10
9.9289066e-10
9.9464836e-10
9.9578124e-10
9.9058595e-10
9.9414055e-10
9.9171871e-10
9.9160158e-10
9.9382813e-10
9.913671e-10
9.9246089e-10
9.9605468e-10
9.9433595e-10
9.9218744e-10
9.9453112e-10
9.9148434e-10
9.9421871e-10
9.9066411e-10
9.9425779e-10
9.9488273e-10
9.9289077e-10
9.9667963e-10
9.9386721e-10
9.9359376e-10
9.926171e-10
9.9222652e-10
9.9359376e-10
9.9417974e-10
9.9558584e-10
9.90664e-10
9.9800779e-10
9.8792952e-10
9.9296882e-10
9.9218744e-10
9.9015629e-10
9.9121089e-10
9.9214836e-10
9.938671e-10
9.9218755e-10
9.9199227e-10
9.8980479e-10
9.9082031e-10
9.9367181e-10
9.913671e-10
9.9167985e-10
9.9249997e-10
9.9183584e-10
9.8867192e-10
9.9121089e-10
9.9144526e-10
9.9140618e-10
9.9167974e-10
9.8871089e-10
9.9183584e-10
9.915625e-10
9.9042974e-10
9.9289066e-10
9.9035169e-10
9.8984376e-10
9.9285158e-10
9.9410158e-10
9.9378916e-10
9.9210951e-10
9.9179687e-10
9.9199227e-10
9.9074215e-10
9.9082043e-10
9.9097652e-10
9.89961e-10
9.9027331e-10
9.9097652e-10
9.9445308e-10
9.9304687e-10
9.9230468e-10
9.888671e-10
9.9007813e-10
9.9230468e-10
9.94961e-10
9.9003905e-10
9.8757813e-10
9.9234376e-10
9.9070308e-10
9.8773434e-10
9.9562503e-10
9.9125008e-10
9.8882813e-10
9.9117203e-10
9.865625e-10
9.8523445e-10
9.9113273e-10
9.8886721e-10
9.9429676e-10
9.8687492e-10
9.9152342e-10
9.8972663e-10
9.9160158e-10
9.8957031e-10
9.9316411e-10
9.9019526e-10
9.8953123e-10
9.913671e-10
9.9210939e-10
9.8980468e-10
9.9128905e-10
9.9144537e-10
9.9136721e-10
9.8792974e-10
9.9398434e-10
9.9023434e-10
9.9124997e-10
9.8945319e-10
9.92461e-10
9.9152353e-10
9.905079e-10
9.9050779e-10
9.8910158e-10
9.8999997e-10
9.8957031e-10
9.8890629e-10
9.8937503e-10
9.8738284e-10
9.9308595e-10
9.9066411e-10
9.8769526e-10
9.8992192e-10
9.915625e-10
9.9132802e-10
9.9023434e-10
9.9339859e-10
9.8703123e-10
9.9347663e-10
9.8523445e-10
9.8894526e-10
9.8894526e-10
9.9078123e-10
9.8808606e-10
9.8929687e-10
9.9019537e-10
9.8945308e-10
9.8847652e-10
9.8855468e-10
9.8964836e-10
9.8808595e-10
9.8921871e-10
9.8972663e-10
9.8742192e-10
9.93711e-10
9.8945308e-10
9.8921882e-10
9.8929687e-10
9.9296871e-10
9.9124997e-10
9.8898434e-10
9.9062503e-10
9.9039055e-10
9.8859387e-10
9.9203123e-10
9.9175779e-10
9.9027353e-10
9.8835939e-10
9.87461e-10
9.872656e-10
9.91914e-10
9.8835928e-10
9.9042974e-10
9.9144537e-10
9.8632813e-10
9.9035158e-10
9.8914066e-10
9.8875008e-10
9.9097663e-10
9.8867192e-10
9.94414e-10
9.890625e-10
9.9011721e-10
9.9179687e-10
9.8835939e-10
9.9113273e-10
9.8765629e-10
9.9222663e-10
9.8761721e-10
9.9167963e-10
9.8902342e-10
9.9050779e-10
9.8808584e-10
9.8843744e-10
9.8789055e-10
9.8902331e-10
9.9109376e-10
9.9070308e-10
9.9289055e-10
9.890625e-10
9.8957031e-10
9.8820319e-10
9.8855468e-10
9.8921871e-10
9.8636732e-10
9.89961e-10
9.9414066e-10
9.8789055e-10
9.9136721e-10
9.878125e-10
9.9039055e-10
9.9054676e-10
9.8980479e-10
9.9144537e-10
9.8855468e-10
9.903125e-10
9.8984376e-10
9.8968744e-10
9.9027342e-10
9.9332043e-10
9.8902353e-10
9.8742192e-10
9.8999986e-10
9.9175779e-10
9.9039055e-10
9.8820307e-10
9.9035158e-10
9.8597663e-10
9.9109365e-10
9.9199227e-10
9.9000008e-10
9.9371089e-10
9.8882813e-10
9.9343755e-10
9.8875008e-10
9.8953135e-10
9.9039055e-10
9.9246089e-10
9.9152342e-10
9.897656e-10
9.9183595e-10
9.908202e-10
9.9355468e-10
9.8859376e-10
9.9312503e-10
9.9179687e-10
9.9042974e-10
9.9019537e-10
9.8843755e-10
9.9210928e-10
9.9214836e-10
9.9054687e-10
9.8882813e-10
9.8859365e-10
9.8839847e-10
9.8640618e-10
9.9152342e-10
9.8968744e-10
9.8933595e-10
9.860156e-10
9.9058595e-10
9.88164e-10
9.8699215e-10
9.8679687e-10
9.8417974e-10
9.865625e-10
9.8839836e-10
9.8863273e-10
9.9003916e-10
9.888671e-10
9.915625e-10
9.9027342e-10
9.8675779e-10
9.8835939e-10
9.8519526e-10
9.8695319e-10
9.8957043e-10
9.8816422e-10
9.8769526e-10
9.8859376e-10
9.890625e-10
9.9097663e-10
9.853125e-10
9.8624997e-10
9.8824227e-10
9.8683595e-10
9.8820319e-10
9.8832031e-10
9.8542974e-10
9.8863284e-10
9.8972652e-10
9.8765618e-10
9.8675779e-10
9.890625e-10
9.8984376e-10
9.8742192e-10
9.8679687e-10
9.8683595e-10
9.9046882e-10
9.9070308e-10
9.885156e-10
9.8929687e-10
9.8968744e-10
9.89961e-10
9.8972652e-10
9.8765629e-10
9.901171e-10
9.9238284e-10
9.8945319e-10
9.9238273e-10
9.8675779e-10
9.8910147e-10
9.8566411e-10
9.8863273e-10
9.8968755e-10
9.9203123e-10
9.9046871e-10
9.917186e-10
9.8957031e-10
9.9097652e-10
9.9191411e-10
9.8621089e-10
9.8777342e-10
9.9144537e-10
9.876171e-10
9.9113284e-10
9.8824215e-10
9.9093744e-10
9.8832031e-10
9.8605468e-10
9.878125e-10
9.8968755e-10
9.8789066e-10
9.8804687e-10
9.8910158e-10
9.9128894e-10
9.880079e-10
9.8777342e-10
9.9164066e-10
9.9042963e-10
9.9265629e-10
9.842579e-10
9.9160147e-10
9.8972652e-10
9.8343755e-10
9.8789055e-10
9.8894526e-10
9.8960939e-10
9.8644526e-10
9.888671e-10
9.872656e-10
9.8253905e-10
9.8980457e-10
9.8472652e-10
9.8898445e-10
9.890625e-10
9.8785158e-10
9.8699215e-10
9.8968744e-10
9.885156e-10
9.8554687e-10
9.8812503e-10
9.9109365e-10
9.8628905e-10
9.8902342e-10
9.8746089e-10
9.8445307e-10
9.8988284e-10
9.8886721e-10
9.8664066e-10
9.8937503e-10
9.8621089e-10
9.8886721e-10
9.8414066e-10
9.8941411e-10
9.8535158e-10
9.8554687e-10
9.8566399e-10
9.8867181e-10
9.88164e-10
9.8929687e-10
9.8808595e-10
9.8917963e-10
9.8707031e-10
9.8613273e-10
9.8398434e-10
9.8582043e-10
9.8453123e-10
9.8757813e-10
9.8808595e-10
9.8855468e-10
9.8730457e-10
9.8824215e-10
9.8667974e-10
9.8855468e-10
9.8613273e-10
9.8433595e-10
9.8574204e-10
9.8648434e-10
9.8718744e-10
9.849217e-10
9.8882802e-10
9.8226549e-10
9.8414055e-10
9.8742181e-10
9.8882813e-10
9.8503894e-10
9.8429687e-10
9.9039055e-10
9.8839825e-10
9.8945308e-10
9.8914066e-10
9.8917963e-10
9.8714847e-10
9.8640629e-10
9.8878905e-10
9.8507813e-10
9.895702e-10
9.8499997e-10
9.9039055e-10
9.8988284e-10
9.8464836e-10
9.8824215e-10
9.8437503e-10
9.8468755e-10
9.863671e-10
9.9015629e-10
9.8660158e-10
9.8847652e-10
9.8734387e-10
9.8523434e-10
9.8632813e-10
9.8535147e-10
9.8789055e-10
9.8738284e-10
9.8957031e-10
9.8707043e-10
9.8609376e-10
9.8652342e-10
9.8441399e-10
9.8714847e-10
9.876171e-10
9.8816411e-10
9.8749997e-10
9.8773434e-10
9.8964847e-10
9.86211e-10
9.8644526e-10
9.8839847e-10
9.8855468e-10
9.9101571e-10
9.8749997e-10
9.8925779e-10
9.9203123e-10
9.9050768e-10
9.8714847e-10
9.94414e-10
9.8593744e-10
9.8765629e-10
9.8984365e-10
9.8777342e-10
9.8617181e-10
9.8773445e-10
9.9101549e-10
9.8714836e-10
9.892579e-10
9.8617192e-10
9.8695307e-10
9.9191411e-10
9.8949227e-10
9.8652353e-10
9.8699215e-10
9.8863284e-10
9.8820319e-10
9.8886721e-10
9.8621089e-10
9.9054687e-10
9.8792974e-10
9.8664055e-10
9.9031239e-10
9.8671871e-10
9.9218755e-10
9.8718755e-10
9.8855468e-10
9.8925779e-10
9.8624997e-10
9.86211e-10
9.8824227e-10
9.8824227e-10
9.8820319e-10
9.8429687e-10
9.8785158e-10
9.8933595e-10
9.9035158e-10
9.8585928e-10
9.9000008e-10
9.8933584e-10
9.8757824e-10
9.8628905e-10
9.8519526e-10
9.8792974e-10
9.8800779e-10
9.8964847e-10
9.8781239e-10
9.8777342e-10
9.8933595e-10
9.8718755e-10
9.8558595e-10
9.8644526e-10
9.8449215e-10
9.8609365e-10
9.8746089e-10
9.8816411e-10
9.8855479e-10
9.8859365e-10
9.8765629e-10
9.8734376e-10
9.8679687e-10
9.8417963e-10
9.9027342e-10
9.8734376e-10
9.8726571e-10
9.853125e-10
9.8578112e-10
9.8503905e-10
9.8394526e-10
9.8933595e-10
9.8734376e-10
9.8421882e-10
9.8511721e-10
9.8457031e-10
9.8945319e-10
9.8683595e-10
9.8738284e-10
9.8777342e-10
9.8683584e-10
9.8644537e-10
9.8968744e-10
9.8820307e-10
9.8437503e-10
9.8667974e-10
9.8628905e-10
9.8589847e-10
9.8523434e-10
9.8761721e-10
9.8828123e-10
9.8796871e-10
9.8511721e-10
9.8703123e-10
9.865625e-10
9.8855468e-10
9.8683595e-10
9.8449227e-10
9.8679687e-10
9.8453123e-10
9.885156e-10
9.8605479e-10
9.8578135e-10
9.8640618e-10
9.8679687e-10
9.8984376e-10
9.8468744e-10
9.878125e-10
9.8285158e-10
9.880079e-10
9.8628905e-10
9.8417974e-10
9.8664066e-10
9.8308606e-10
9.8539066e-10
9.8652342e-10
9.8308595e-10
9.878125e-10
9.8417963e-10
9.8566411e-10
9.8535158e-10
9.8585928e-10
9.8960939e-10
9.8800779e-10
9.8339847e-10
9.8730457e-10
9.8496089e-10
9.8429687e-10
9.8789066e-10
9.8652353e-10
9.8570307e-10
9.8628905e-10
9.8683595e-10
9.885156e-10
9.8343755e-10
9.8558584e-10
9.8789066e-10
9.8597652e-10
9.8523434e-10
9.8691411e-10
9.8570319e-10
9.8316399e-10
9.8855468e-10
9.8363284e-10
9.8800779e-10
9.8480479e-10
9.8714836e-10
9.8535147e-10
9.8535158e-10
9.8687503e-10
9.8324215e-10
9.8578123e-10
9.8382813e-10
9.8722652e-10
9.8464836e-10
9.8574215e-10
9.8312503e-10
9.8613273e-10
9.8773434e-10
9.8671871e-10
9.8675768e-10
9.8578123e-10
9.8535158e-10
9.8687503e-10
9.8628916e-10
9.8601549e-10
9.840625e-10
9.8562503e-10
9.8648434e-10
9.8503905e-10
9.8769537e-10
9.8582043e-10
9.8753905e-10
9.8890629e-10
9.817579e-10
9.8535158e-10
9.8578123e-10
9.8742192e-10
9.8882813e-10
9.8621111e-10
9.8734376e-10
9.8859365e-10
9.8894537e-10
9.8367192e-10
9.8687503e-10
9.8832031e-10
9.8531261e-10
9.8664066e-10
9.8750008e-10
9.9035158e-10
9.8542974e-10
9.8421882e-10
9.88711e-10
9.8667974e-10
9.8984365e-10
9.8500008e-10
9.8628905e-10
9.8804687e-10
9.8667963e-10
9.8550779e-10
9.8523445e-10
9.8878905e-10
9.8937503e-10
9.9078123e-10
9.8441411e-10
9.8871089e-10
9.8613273e-10
9.8996089e-10
9.8179687e-10
9.8875008e-10
9.8949227e-10
9.8898434e-10
9.8777342e-10
9.8832043e-10
9.8660158e-10
9.8707043e-10
9.8855468e-10
9.8644537e-10
9.8496089e-10
9.8460928e-10
9.8410158e-10
9.8570319e-10
9.8589847e-10
9.8636721e-10
9.878125e-10
9.8660158e-10
9.8617192e-10
9.8999997e-10
9.8730457e-10
9.8769526e-10
9.8636721e-10
9.8574215e-10
9.878125e-10
9.8585939e-10
9.876171e-10
9.8593744e-10
9.8687503e-10
9.8628905e-10
9.86211e-10
9.8789066e-10
9.8703123e-10
9.8792963e-10
9.8539066e-10
9.8289066e-10
9.8746089e-10
9.8667974e-10
9.8535158e-10
9.8796882e-10
9.8675779e-10
9.8613273e-10
9.8191411e-10
9.8867192e-10
9.8808595e-10
9.853125e-10
9.8562492e-10
9.8808595e-10
9.8597663e-10
9.8624997e-10
9.8539066e-10
9.8503905e-10
9.8468744e-10
9.865625e-10
9.8546871e-10
9.872656e-10
9.8691411e-10
9.8757813e-10
9.8273434e-10
9.8921871e-10
9.8789055e-10
9.8222652e-10
9.8507813e-10
9.9152342e-10
9.9023445e-10
9.8714847e-10
9.8585939e-10
9.9011721e-10
9.8390618e-10
9.8535158e-10
9.8863284e-10
9.8765618e-10
9.910156e-10
9.8718755e-10
9.8421871e-10
9.9117192e-10
9.9003916e-10
9.8804687e-10
9.8757813e-10
9.8792974e-10
9.8839847e-10
9.8429687e-10
9.8578135e-10
9.8558595e-10
9.8839847e-10
9.8253894e-10
9.835156e-10
9.8628905e-10
9.8882813e-10
9.8605457e-10
9.8515629e-10
9.8570319e-10
9.8984365e-10
9.8734376e-10
9.867186e-10
9.8593755e-10
9.8734376e-10
9.8511721e-10
9.8722663e-10
9.8804698e-10
9.8832031e-10
9.865625e-10
9.8570307e-10
9.8667974e-10
9.8671882e-10
9.8832043e-10
9.8433595e-10
9.8812492e-10
9.8636721e-10
9.8445319e-10
9.8812514e-10
9.8890629e-10
9.8468744e-10
9.860156e-10
9.8578123e-10
9.8515618e-10
9.9078123e-10
9.8718744e-10
9.8679687e-10
9.8632813e-10
9.8718755e-10
9.8722663e-10
9.8566411e-10
9.885156e-10
9.8730468e-10
9.8617192e-10
9.8777342e-10
9.8972652e-10
9.8703123e-10
9.865625e-10
9.8699215e-10
9.8609376e-10
9.8863273e-10
9.8585939e-10
9.8804687e-10
9.8578123e-10
9.8582031e-10
9.8648445e-10
9.872656e-10
9.8644526e-10
9.8652342e-10
9.8808595e-10
9.8398445e-10
9.8937503e-10
9.8449204e-10
9.8695296e-10
9.8722663e-10
9.8562492e-10
9.8703123e-10
9.8562492e-10
9.8910147e-10
9.8867192e-10
9.8796871e-10
9.835156e-10
9.8617181e-10
9.8687503e-10
9.8874997e-10
9.8722652e-10
9.8867192e-10
9.8683595e-10
9.9015629e-10
9.8789066e-10
9.878125e-10
9.8796882e-10
9.8820307e-10
9.8492181e-10
9.8738284e-10
9.8484376e-10
9.8761721e-10
9.8355468e-10
9.8875008e-10
9.8574227e-10
9.89414e-10
9.8464847e-10
9.8343744e-10
9.8562503e-10
9.8640629e-10
9.8500008e-10
9.8757813e-10
9.8707031e-10
9.8566411e-10
9.8921882e-10
9.8757824e-10
9.8562503e-10
9.8675779e-10
9.8457031e-10
9.9148445e-10
9.8847652e-10
9.8871089e-10
9.8785158e-10
9.8808606e-10
9.8562492e-10
9.8738284e-10
9.8945308e-10
9.8605468e-10
9.8738284e-10
9.8839847e-10
9.9050779e-10
9.8687514e-10
9.8558606e-10
9.8718744e-10
9.8730468e-10
9.8820296e-10
9.8542974e-10
9.8652331e-10
9.8664066e-10
9.9289066e-10
9.8566411e-10
9.8554687e-10
9.8632802e-10
9.8503905e-10
9.8874997e-10
9.8527342e-10
9.8824215e-10
9.8851571e-10
9.8558584e-10
9.867579e-10
9.8734376e-10
9.8492181e-10
9.8503905e-10
9.8734376e-10
9.8574215e-10
9.8597641e-10
9.8765629e-10
9.8515618e-10
9.8582043e-10
9.8640629e-10
9.8492181e-10
9.8660158e-10
9.8554687e-10
9.8609365e-10
9.8765629e-10
9.8605468e-10
9.8613284e-10
9.8839847e-10
9.8835928e-10
9.9164077e-10
9.8542974e-10
9.8789066e-10
9.8867192e-10
9.8746089e-10
9.8675779e-10
9.8855468e-10
9.8589847e-10
9.8523445e-10
9.8480468e-10
9.8660158e-10
9.8449215e-10
9.8574215e-10
9.872656e-10
9.86211e-10
9.8484376e-10
9.8472652e-10
9.8796882e-10
9.8753905e-10
9.8609365e-10
9.8660158e-10
9.8609376e-10
9.8503905e-10
9.8679687e-10
9.8742181e-10
9.8710939e-10
9.8738273e-10
9.885156e-10
9.8898434e-10
9.860156e-10
9.8609365e-10
9.8648434e-10
9.8816411e-10
9.8527353e-10
9.8707031e-10
9.8414066e-10
9.8703135e-10
9.8628905e-10
9.851171e-10
9.8632813e-10
9.8441399e-10
9.8832031e-10
9.8566411e-10
9.8636721e-10
9.8710939e-10
9.880079e-10
9.8874997e-10
9.8589847e-10
9.8769526e-10
9.865625e-10
9.8503905e-10
9.8371089e-10
9.8714847e-10
9.8441411e-10
9.853125e-10
9.9093755e-10
9.8605468e-10
9.8699215e-10
9.8781239e-10
9.8703123e-10
9.8882813e-10
9.853125e-10
9.8499997e-10
9.8687503e-10
9.8519537e-10
9.8863284e-10
9.8585939e-10
9.8816411e-10
9.8457031e-10
9.8527353e-10
9.8671882e-10
9.90664e-10
9.8449227e-10
9.88164e-10
9.8714836e-10
9.8585939e-10
9.8621089e-10
9.8249997e-10
9.8515618e-10
9.8804687e-10
9.8578123e-10
9.8937503e-10
9.828125e-10
9.8574215e-10
9.8605468e-10
9.8457031e-10
9.878125e-10
9.8695307e-10
9.8441399e-10
9.8339847e-10
9.8414066e-10
9.8910158e-10
9.915625e-10
9.8843755e-10
9.870702e-10
9.8847652e-10
9.8613273e-10
9.8933595e-10
9.8503894e-10
9.8789066e-10
9.8624997e-10
9.8499997e-10
9.8828123e-10
9.8480468e-10
9.8714847e-10
9.8769526e-10
9.8542974e-10
9.8480479e-10
9.8371089e-10
9.8582031e-10
9.8914055e-10
9.8792963e-10
9.8117181e-10
9.8656261e-10
9.8351571e-10
9.8035158e-10
9.8515618e-10
9.8542974e-10
9.8683595e-10
9.878125e-10
9.8390618e-10
9.872656e-10
9.8503916e-10
9.8734376e-10
9.8421871e-10
9.8558595e-10
9.8710951e-10
9.8433595e-10
9.8648445e-10
9.8738284e-10
9.8578135e-10
9.8984376e-10
9.8636721e-10
9.8503916e-10
9.8503905e-10
9.8515629e-10
9.8648434e-10
9.8425779e-10
9.8828123e-10
9.8488284e-10
9.8863273e-10
9.8660158e-10
9.8914055e-10
9.8714847e-10
9.8613273e-10
9.8738284e-10
9.8148434e-10
9.8374997e-10
9.8863273e-10
9.8457031e-10
9.8828123e-10
9.8832031e-10
9.8496089e-10
9.9105479e-10
9.8527342e-10
9.8542974e-10
9.8859387e-10
9.872656e-10
9.8480468e-10
9.8824215e-10
9.8785158e-10
9.8566399e-10
9.8265618e-10
9.8808595e-10
9.8898445e-10
9.8730468e-10
9.8824215e-10
9.8957031e-10
9.8589836e-10
9.8562492e-10
9.8691399e-10
9.8406239e-10
9.847656e-10
9.8457031e-10
9.8874997e-10
9.8632813e-10
9.851171e-10
9.8511721e-10
9.847656e-10
9.8695319e-10
9.8757813e-10
9.8566399e-10
9.8664055e-10
9.8273434e-10
9.8574215e-10
9.8886721e-10
9.8492192e-10
9.9011721e-10
9.880079e-10
9.8718755e-10
9.8664066e-10
9.8511721e-10
9.8558595e-10
9.8792974e-10
9.876564e-10
9.8386721e-10
9.8492192e-10
9.8687503e-10
9.8437503e-10
9.8605468e-10
9.8535158e-10
9.8429698e-10
9.8539066e-10
9.8640618e-10
9.8527342e-10
9.8398434e-10
9.8367192e-10
9.8593755e-10
9.8355457e-10
9.8597663e-10
9.8199215e-10
9.8749997e-10
9.872656e-10
9.822656e-10
9.8328135e-10
9.8316399e-10
9.8500008e-10
9.8261721e-10
9.8699227e-10
9.8917963e-10
9.8378905e-10
9.8578123e-10
9.8382813e-10
9.865625e-10
9.8589847e-10
9.8480468e-10
9.8203123e-10
9.8957031e-10
9.8417963e-10
9.8542974e-10
9.8519526e-10
9.8410147e-10
9.8535158e-10
9.8253894e-10
9.8757813e-10
9.8542974e-10
9.8675768e-10
9.8468755e-10
9.8316411e-10
9.8734376e-10
9.8597652e-10
9.8847663e-10
9.8406239e-10
9.8964836e-10
9.8453123e-10
9.8792963e-10
9.8644537e-10
9.8617192e-10
9.8749997e-10
9.8542963e-10
9.8812503e-10
9.8402342e-10
9.8457031e-10
9.853125e-10
9.8785158e-10
9.8644526e-10
9.8613284e-10
9.8605468e-10
9.8414066e-10
9.8222652e-10
9.8609365e-10
9.8613273e-10
9.867579e-10
9.8632813e-10
9.8535169e-10
9.8507813e-10
9.8664066e-10
9.8277331e-10
9.8453123e-10
9.822656e-10
9.8695319e-10
9.8281261e-10
9.8460939e-10
9.8687503e-10
9.8285147e-10
9.8499997e-10
9.8707031e-10
9.8742192e-10
9.8679687e-10
9.8394526e-10
9.8425779e-10
9.8597652e-10
9.8320307e-10
9.8839847e-10
9.8503905e-10
9.8394526e-10
9.8558595e-10
9.8562503e-10
9.8449215e-10
9.8507802e-10
9.8503905e-10
9.8929687e-10
9.8343744e-10
9.8535147e-10
9.8460939e-10
9.838671e-10
9.8499997e-10
9.8652353e-10
9.8257813e-10
9.8375008e-10
9.8679687e-10
9.8386732e-10
9.8394526e-10
9.8574204e-10
9.8332043e-10
9.8371089e-10
9.8933595e-10
9.8253905e-10
9.8914077e-10
9.8726571e-10
9.8527342e-10
9.8632824e-10
9.8980468e-10
9.8894526e-10
9.8542963e-10
9.8324227e-10
9.8847663e-10
9.8691411e-10
9.8222663e-10
9.86211e-10
9.8292963e-10
9.8527342e-10
9.8742192e-10
9.8949215e-10
9.8398445e-10
9.8359376e-10
9.8722652e-10
9.8433606e-10
9.8449227e-10
9.8082031e-10
9.8601549e-10
9.8453135e-10
9.8425779e-10
9.8496089e-10
9.8699215e-10
9.8785147e-10
9.8472663e-10
9.8621089e-10
9.8621089e-10
9.8835939e-10
9.8492192e-10
9.8792963e-10
9.8312503e-10
9.8363284e-10
9.8382813e-10
9.8703123e-10
9.8746089e-10
9.8796882e-10
9.8683606e-10
9.8507813e-10
9.8621089e-10
9.835156e-10
9.8718755e-10
9.8507813e-10
9.8402342e-10
9.8554687e-10
9.8624997e-10
9.8703123e-10
9.828125e-10
9.8960939e-10
9.8632813e-10
9.9304687e-10
9.845702e-10
9.8937503e-10
9.8562503e-10
9.88164e-10
9.8597652e-10
9.8894537e-10
9.8535147e-10
9.8398434e-10
9.8601549e-10
9.8332031e-10
9.8542963e-10
9.8515629e-10
9.8652342e-10
9.8683595e-10
9.8499997e-10
9.8488273e-10
9.8230468e-10
9.8550779e-10
9.8499997e-10
9.8472663e-10
9.8457031e-10
9.8281239e-10
9.8402342e-10
9.8828135e-10
9.8500008e-10
9.8984376e-10
9.8679687e-10
9.8710939e-10
9.8632824e-10
9.8277342e-10
9.835156e-10
9.835156e-10
9.8878905e-10
9.8664066e-10
9.9046882e-10
9.8382813e-10
9.8804687e-10
9.8351571e-10
9.8644537e-10
9.8695319e-10
9.8589847e-10
9.8644526e-10
9.8597652e-10
9.8582043e-10
9.8695307e-10
9.8566411e-10
9.8398434e-10
9.9078123e-10
9.8746089e-10
9.8957031e-10
9.8613273e-10
9.8644526e-10
9.8773434e-10
9.8371111e-10
9.8554698e-10
9.8460939e-10
9.8554698e-10
9.8671882e-10
9.8523445e-10
9.8621089e-10
9.8273434e-10
9.847656e-10
9.8515629e-10
9.8749997e-10
9.842579e-10
9.8679698e-10
9.8277342e-10
9.8644537e-10
9.8562503e-10
9.835156e-10
9.8433595e-10
9.8449227e-10
9.8566411e-10
9.84961e-10
9.8550768e-10
9.8882813e-10
9.8582031e-10
9.8453123e-10
9.8828123e-10
9.8675779e-10
9.8773445e-10
9.840625e-10
9.8699227e-10
9.8480468e-10
9.8378905e-10
9.8484376e-10
9.8605468e-10
9.8324215e-10
9.8542974e-10
9.8593755e-10
9.817579e-10
9.8898434e-10
9.8703123e-10
9.8628905e-10
9.8335939e-10
9.8683595e-10
9.8289066e-10
9.8738284e-10
9.8722663e-10
9.8507813e-10
9.7988284e-10
9.8941411e-10
9.8437503e-10
9.8750008e-10
9.8941411e-10
9.8820307e-10
9.8714847e-10
9.878125e-10
9.8753905e-10
9.8582031e-10
9.8515618e-10
9.8843744e-10
9.8718755e-10
9.8796871e-10
9.8324215e-10
9.8886721e-10
9.817579e-10
9.8574215e-10
9.8636721e-10
9.8667974e-10
9.8507824e-10
9.8718744e-10
9.8621089e-10
9.8691399e-10
9.8742181e-10
9.8390618e-10
9.8515629e-10
9.8929687e-10
9.8589847e-10
9.9062492e-10
9.885156e-10
9.8457031e-10
9.8519526e-10
9.8343744e-10
9.8718755e-10
9.8152342e-10
9.8925779e-10
9.8335939e-10
9.8773434e-10
9.8910158e-10
9.8664066e-10
9.8156261e-10
9.8503905e-10
9.8511721e-10
9.8441411e-10
9.8414055e-10
9.84961e-10
9.8777342e-10
9.8648434e-10
9.8375008e-10
9.8570296e-10
9.8230468e-10
9.8707031e-10
9.8449215e-10
9.8761721e-10
9.8624997e-10
9.8589847e-10
9.8714847e-10
9.8550779e-10
9.8683606e-10
9.8445307e-10
9.8417974e-10
9.8746089e-10
9.8648445e-10
9.8550779e-10
9.8710928e-10
9.8757813e-10
9.8664055e-10
9.8445319e-10
9.8695307e-10
9.8269526e-10
9.8429687e-10
9.8425779e-10
9.8749997e-10
9.8566399e-10
9.8671893e-10
9.8492192e-10
9.8464847e-10
9.8351571e-10
9.8437491e-10
9.8546871e-10
9.8507813e-10
9.8414055e-10
9.8417974e-10
9.865625e-10
9.8605468e-10
9.8523434e-10
9.8367181e-10
9.8343755e-10
9.8527342e-10
9.8660158e-10
9.840625e-10
9.8789066e-10
9.8445319e-10
9.8570319e-10
9.8312503e-10
9.8691411e-10
9.8558595e-10
9.8476571e-10
9.8378905e-10
9.8777342e-10
9.8527353e-10
9.8468744e-10
9.8250008e-10
9.8562503e-10
9.8082042e-10
9.8867192e-10
9.8652353e-10
9.8410158e-10
9.8539055e-10
9.8632813e-10
9.828125e-10
9.8277342e-10
9.8542974e-10
9.84961e-10
9.8554687e-10
9.8566399e-10
9.8597663e-10
9.8519526e-10
9.8445307e-10
9.8894537e-10
9.828125e-10
9.8632802e-10
9.8214847e-10
9.8578123e-10
9.8445319e-10
9.8644515e-10
9.8624997e-10
9.8671871e-10
9.8312503e-10
9.8660158e-10
9.8718744e-10
9.83711e-10
9.8511732e-10
9.86211e-10
9.8628894e-10
9.8625008e-10
9.8441411e-10
9.860156e-10
9.8429687e-10
9.8691411e-10
9.8644526e-10
9.8136721e-10
9.8496089e-10
9.8781261e-10
9.8488273e-10
9.8683595e-10
9.8632813e-10
9.8480468e-10
9.8988273e-10
9.865625e-10
9.8566399e-10
9.8699215e-10
9.8468744e-10
9.8699215e-10
9.8460939e-10
9.8820307e-10
9.8441399e-10
9.8953135e-10
9.8390618e-10
9.8624997e-10
9.8691411e-10
9.8886732e-10
9.8414055e-10
9.8628905e-10
9.8562492e-10
9.8648445e-10
9.865625e-10
9.8308595e-10
9.8449215e-10
9.8734376e-10
9.8578135e-10
9.8566399e-10
9.8214847e-10
9.8980468e-10
9.8902353e-10
9.8570307e-10
9.8484387e-10
9.8414055e-10
9.8953135e-10
9.8410158e-10
9.8480468e-10
9.8472652e-10
9.8488284e-10
9.8648423e-10
9.8460939e-10
9.8898445e-10
9.8484365e-10
9.8652342e-10
9.8597652e-10
9.8550779e-10
9.8652342e-10
9.8695319e-10
9.860156e-10
9.8609376e-10
9.8546871e-10
9.8664066e-10
9.8578123e-10
9.8363284e-10
9.8535158e-10
9.8230468e-10
9.8285169e-10
9.8796882e-10
9.8546871e-10
9.8730468e-10
9.8453135e-10
9.8828123e-10
9.8363284e-10
9.8718744e-10
9.880079e-10
9.847656e-10
9.8734365e-10
9.8839836e-10
9.863671e-10
9.8886721e-10
9.8968744e-10
9.8593744e-10
9.8414066e-10
9.8453123e-10
9.8664055e-10
9.8687503e-10
9.8179687e-10
9.8855468e-10
9.8949215e-10
9.8433595e-10
9.8699215e-10
9.8324215e-10
9.8792963e-10
9.8769526e-10
9.860156e-10
9.847656e-10
9.826171e-10
9.8679687e-10
9.8398434e-10
9.8984365e-10
9.8667963e-10
9.8261721e-10
9.8277353e-10
9.872656e-10
9.8664055e-10
9.865625e-10
9.8476549e-10
9.8183595e-10
9.8499997e-10
9.8777342e-10
9.8554676e-10
9.8359376e-10
9.8285147e-10
9.8867181e-10
9.8492192e-10
9.8507813e-10
9.828125e-10
9.8691399e-10
9.8242192e-10
9.8421871e-10
9.8507813e-10
9.8566399e-10
9.8691399e-10
9.8628916e-10
9.8578135e-10
9.8429676e-10
9.8542974e-10
9.8355468e-10
9.8828123e-10
9.8249997e-10
9.8734376e-10
9.8718766e-10
9.8773434e-10
9.8578123e-10
9.853125e-10
9.8500008e-10
9.8683595e-10
9.8839847e-10
9.8593744e-10
9.8703112e-10
9.8222652e-10
9.8445319e-10
9.8574227e-10
9.8257813e-10
9.8621089e-10
9.8414066e-10
9.8515618e-10
9.8949215e-10
9.8808595e-10
9.8609387e-10
9.8144537e-10
9.8593733e-10
9.8437491e-10
9.8859365e-10
9.8707031e-10
9.8589847e-10
9.8789055e-10
9.838671e-10
9.8515618e-10
9.8269537e-10
9.8542963e-10
9.8558584e-10
9.878125e-10
9.8699215e-10
9.8507813e-10
9.8902342e-10
9.8554687e-10
9.882033e-10
9.8691388e-10
9.8503905e-10
9.8667974e-10
9.8468755e-10
9.8800779e-10
9.8257813e-10
9.853125e-10
9.8414055e-10
9.8675779e-10
9.8539055e-10
9.7976571e-10
9.8867181e-10
9.8390618e-10
9.8394526e-10
9.8152342e-10
9.8617192e-10
9.8390618e-10
9.8605468e-10
9.8835939e-10
9.880079e-10
9.8746089e-10
9.8546882e-10
9.8730468e-10
9.9124997e-10
9.8417963e-10
9.8539055e-10
9.853125e-10
9.8480468e-10
9.8531261e-10
9.8640618e-10
9.8542963e-10
9.8980468e-10
9.8304687e-10
9.8753905e-10
9.8519526e-10
9.8527353e-10
9.8503905e-10
9.8160158e-10
9.8464847e-10
9.8796871e-10
9.8589836e-10
9.8246089e-10
9.8707031e-10
9.8636721e-10
9.8593755e-10
9.8503916e-10
9.8734365e-10
9.8316399e-10
9.8402342e-10
9.851171e-10
9.8374997e-10
9.8460939e-10
9.8507813e-10
9.8355468e-10
9.8628894e-10
9.8374997e-10
9.8589847e-10
9.8281239e-10
9.8734376e-10
9.8296871e-10
9.8800779e-10
9.855079e-10
9.8488284e-10
9.8578123e-10
9.8679687e-10
9.8773434e-10
9.858202e-10
9.8910169e-10
9.8316411e-10
9.853125e-10
9.8757813e-10
9.8710939e-10
9.8507802e-10
9.8624997e-10
9.8472652e-10
9.8496089e-10
9.8710939e-10
9.8738273e-10
9.8984376e-10
9.8792974e-10
9.8820307e-10
9.8496089e-10
9.8718755e-10
9.8238284e-10
9.8398434e-10
9.8683595e-10
9.8871089e-10
9.8898434e-10
9.8460951e-10
9.8445296e-10
9.8839836e-10
9.8585939e-10
9.8515629e-10
9.8437503e-10
9.8746089e-10
9.8414066e-10
9.8367181e-10
9.8507813e-10
9.8386721e-10
9.8316411e-10
9.8585939e-10
9.8421871e-10
9.8484376e-10
9.8792974e-10
9.8773445e-10
9.880079e-10
9.8542974e-10
9.8523445e-10
9.8644537e-10
9.8898434e-10
9.8621089e-10
9.8515618e-10
9.9027342e-10
9.8437503e-10
9.8574215e-10
9.8464847e-10
9.8527353e-10
9.8507813e-10
9.8273434e-10
9.864064e-10
9.8496089e-10
9.8699215e-10
9.8390629e-10
9.8199215e-10
9.8710939e-10
9.8820307e-10
9.8714847e-10
9.8535158e-10
9.8738284e-10
9.8488284e-10
9.8394537e-10
9.8355457e-10
9.8632813e-10
9.8765629e-10
9.8242181e-10
9.8632802e-10
9.8523434e-10
9.8964847e-10
9.8464836e-10
9.8589847e-10
9.8289066e-10
9.8691411e-10
9.8820307e-10
9.84961e-10
9.8710939e-10
9.8589847e-10
9.8445307e-10
9.8433595e-10
9.8515618e-10
9.8527342e-10
9.84961e-10
9.8625008e-10
9.8617192e-10
9.8558595e-10
9.8984376e-10
9.8593755e-10
9.8843755e-10
9.8691411e-10
9.8183595e-10
9.8624997e-10
9.8675779e-10
9.8499997e-10
9.8199227e-10
9.8640629e-10
9.8515629e-10
9.8425779e-10
9.8640629e-10
9.8515629e-10
9.8749997e-10
9.8257813e-10
9.8847652e-10
9.8402342e-10
9.8722652e-10
9.8375008e-10
9.8796871e-10
9.8570319e-10
9.8578123e-10
9.8593744e-10
9.872656e-10
9.8285158e-10
9.8753916e-10
9.8445319e-10
9.8437503e-10
9.8257813e-10
9.8710928e-10
9.8914066e-10
9.8304687e-10
9.8332031e-10
9.865625e-10
9.8503905e-10
9.8167963e-10
9.8511721e-10
9.847656e-10
9.8480468e-10
9.8738273e-10
9.8472663e-10
9.8660158e-10
9.8417963e-10
9.8839836e-10
9.8468744e-10
9.8558595e-10
9.8605468e-10
9.8355457e-10
9.8625008e-10
9.8738273e-10
9.8640629e-10
9.8566411e-10
9.8203123e-10
9.8124997e-10
9.8738284e-10
9.8640629e-10
9.8238284e-10
9.8277342e-10
9.8238284e-10
9.8492192e-10
9.8574227e-10
9.8335939e-10
9.8570319e-10
9.8515618e-10
9.8691399e-10
9.8117181e-10
9.8292963e-10
9.8648434e-10
9.8511721e-10
9.8273445e-10
9.8144526e-10
9.8605468e-10
9.8515629e-10
9.86211e-10
9.8488273e-10
9.8191411e-10
9.8320307e-10
9.8300768e-10
9.8484376e-10
9.8562503e-10
9.8722652e-10
9.8269537e-10
9.8433606e-10
9.8488284e-10
9.8164066e-10
9.8539066e-10
9.8374986e-10
9.8519526e-10
9.8503905e-10
9.8460939e-10
9.8226549e-10
9.8398445e-10
9.840625e-10
9.8359376e-10
9.8351571e-10
9.8417974e-10
9.8539066e-10
9.8218744e-10
9.8390629e-10
9.8140629e-10
9.8234376e-10
9.8593744e-10
9.8359376e-10
9.8374997e-10
9.8718755e-10
9.8105468e-10
9.8328123e-10
9.8566411e-10
9.8531261e-10
9.8296882e-10
9.8425779e-10
9.8624997e-10
9.8582043e-10
9.8683595e-10
9.8640618e-10
9.842579e-10
9.8574215e-10
9.8347663e-10
9.8593744e-10
9.8566399e-10
9.860156e-10
9.8468744e-10
9.8542974e-10
9.8742181e-10
9.8652342e-10
9.8742192e-10
9.8460928e-10
9.8757813e-10
9.8484376e-10
9.8562503e-10
9.872656e-10
9.8675779e-10
9.872656e-10
9.8585939e-10
9.8566411e-10
9.8429687e-10
9.8773434e-10
9.8605468e-10
9.870702e-10
9.8749997e-10
9.83711e-10
9.8437503e-10
9.8742192e-10
9.8492192e-10
9.8730468e-10
9.8480468e-10
9.8687503e-10
9.8464847e-10
9.8714847e-10
9.860156e-10
9.8414066e-10
9.8718744e-10
9.8343755e-10
9.8562492e-10
9.8218744e-10
9.8429687e-10
9.8847652e-10
9.872656e-10
9.8609376e-10
9.8796871e-10
9.853125e-10
9.8582031e-10
9.8589836e-10
9.8269537e-10
9.8539066e-10
9.8433584e-10
9.8589847e-10
9.8671871e-10
9.8882813e-10
9.8871089e-10
9.8519537e-10
9.8839847e-10
9.8257813e-10
9.8617192e-10
9.8515618e-10
9.8273434e-10
9.8628905e-10
9.8402342e-10
9.8128905e-10
9.8328123e-10
9.8593744e-10
9.8261721e-10
9.8835939e-10
9.8058595e-10
9.8660147e-10
9.8433595e-10
9.8324215e-10
9.8417974e-10
9.8324227e-10
9.8542974e-10
9.8128894e-10
9.8660147e-10
9.8402342e-10
9.8316399e-10
9.838671e-10
9.8011721e-10
9.8238273e-10
9.8429687e-10
9.8429687e-10
9.8324227e-10
9.8570307e-10
9.8499997e-10
9.8488284e-10
9.8535158e-10
9.8222663e-10
9.8531239e-10
9.8554687e-10
9.8589847e-10
9.8484376e-10
9.8796882e-10
9.8574227e-10
9.8058595e-10
9.8640629e-10
9.860156e-10
9.8628905e-10
9.8406261e-10
9.822656e-10
9.8457031e-10
9.8609376e-10
9.8679676e-10
9.8250008e-10
9.8335928e-10
9.8199215e-10
9.8660158e-10
9.8230468e-10
9.8464847e-10
9.8632813e-10
9.8605468e-10
9.8593744e-10
9.8441399e-10
9.8628905e-10
9.8363284e-10
9.8718755e-10
9.842579e-10
9.8253916e-10
9.8484376e-10
9.8289066e-10
9.8296871e-10
9.8511721e-10
9.8546882e-10
9.8644537e-10
9.8421871e-10
9.8648434e-10
9.8414055e-10
9.8335939e-10
9.8730457e-10
9.810156e-10
9.8246089e-10
9.8632813e-10
9.8332031e-10
9.840625e-10
9.8265629e-10
9.8507802e-10
9.8566399e-10
9.8312503e-10
9.8335939e-10
9.8484376e-10
9.8320307e-10
9.8046882e-10
9.8249997e-10
9.8496089e-10
9.8421882e-10
9.8410158e-10
9.828125e-10
9.8261721e-10
9.8609376e-10
9.8378905e-10
9.8160147e-10
9.8558584e-10
9.8222663e-10
9.8484376e-10
9.8406261e-10
9.8402342e-10
9.8417963e-10
9.8328123e-10
9.8335939e-10
9.835156e-10
9.8664066e-10
9.8410158e-10
9.8292974e-10
9.8265629e-10
9.8519526e-10
9.8648434e-10
9.8949215e-10
9.8500008e-10
9.8792974e-10
9.8460939e-10
9.8386721e-10
9.885156e-10
9.8507813e-10
9.8617192e-10
9.8257813e-10
9.8546882e-10
9.8042974e-10
9.8652342e-10
9.8515629e-10
9.8074215e-10
9.8132813e-10
9.8660158e-10
9.8355468e-10
9.8292963e-10
9.8769526e-10
9.8589836e-10
9.8050779e-10
9.8542963e-10
9.8578123e-10
9.8585939e-10
9.8554676e-10
9.8464836e-10
9.8648434e-10
9.8824227e-10
9.8425779e-10
9.8554687e-10
9.8281261e-10
9.8613284e-10
9.8683595e-10
9.8070307e-10
9.8570319e-10
9.8527342e-10
9.8863284e-10
9.8355468e-10
9.8742192e-10
9.8367192e-10
9.8250008e-10
9.8500008e-10
9.8347652e-10
9.8863284e-10
9.8679687e-10
9.855079e-10
9.8457043e-10
9.8371089e-10
9.8578123e-10
9.8757824e-10
9.8613284e-10
9.8550779e-10
9.8246089e-10
9.8691399e-10
9.853125e-10
9.8832031e-10
9.8414055e-10
9.8785147e-10
9.8847663e-10
9.8472652e-10
9.8449227e-10
9.8679687e-10
9.8617181e-10
9.8714836e-10
9.8605479e-10
9.8593755e-10
9.8652331e-10
9.8773434e-10
9.8632813e-10
9.8316411e-10
9.9011721e-10
9.8386721e-10
9.8535158e-10
9.8585939e-10
9.860156e-10
9.878125e-10
9.8593755e-10
9.8539066e-10
9.8683595e-10
9.8531261e-10
9.8707031e-10
9.8148434e-10
9.8582031e-10
9.8593766e-10
9.8777342e-10
9.8464836e-10
9.8570307e-10
9.8773445e-10
9.8445307e-10
9.8480468e-10
9.8343755e-10
9.8605468e-10
9.8378905e-10
9.8472663e-10
9.8535158e-10
9.8363284e-10
9.8785158e-10
9.8480479e-10
9.8710939e-10
9.8769537e-10
9.8738284e-10
9.8480479e-10
9.8582031e-10
9.835156e-10
9.8511721e-10
9.8390629e-10
9.8335939e-10
9.8410158e-10
9.8316411e-10
9.851171e-10
9.8277353e-10
9.8507813e-10
9.8378905e-10
9.8839847e-10
9.8441399e-10
9.8578123e-10
9.8363284e-10
9.8464836e-10
9.8605479e-10
9.8445319e-10
9.8457031e-10
9.8355468e-10
9.8777342e-10
9.8683595e-10
9.8835939e-10
9.8031261e-10
9.8488284e-10
9.8324227e-10
9.8296871e-10
9.847656e-10
9.8285158e-10
9.863671e-10
9.8523434e-10
9.8374997e-10
9.8550779e-10
9.8222663e-10
9.8566411e-10
9.8343766e-10
9.8085939e-10
9.8492192e-10
9.8703135e-10
9.84961e-10
9.8136721e-10
9.8562492e-10
9.8218755e-10
9.8148434e-10
9.8644537e-10
9.8316411e-10
9.8304687e-10
9.8687503e-10
9.8093744e-10
9.8445307e-10
9.8562492e-10
9.8820319e-10
9.8359387e-10
9.8328123e-10
9.82461e-10
9.8503905e-10
9.8531261e-10
9.8847652e-10
9.8304687e-10
9.8765618e-10
9.8644526e-10
9.8878905e-10
9.8503905e-10
9.8800779e-10
9.8277342e-10
9.8347663e-10
9.8730468e-10
9.8273434e-10
9.838671e-10
9.8160158e-10
9.8722652e-10
9.8613284e-10
9.8269537e-10
9.8562492e-10
9.8441411e-10
9.9187492e-10
9.8175779e-10
9.8484376e-10
9.8242192e-10
9.8480468e-10
9.8539055e-10
9.8714847e-10
9.8468755e-10
9.8683595e-10
9.8492192e-10
9.855079e-10
9.8414066e-10
9.8246089e-10
9.8589847e-10
9.8441411e-10
9.8632802e-10
9.8558584e-10
9.8503905e-10
9.8648434e-10
9.8199215e-10
9.8624997e-10
9.8773434e-10
9.8246089e-10
9.8535158e-10
9.872656e-10
9.8832031e-10
9.8828123e-10
9.84961e-10
9.8781261e-10
9.8707031e-10
9.8964836e-10
9.8749997e-10
9.8257802e-10
9.8781261e-10
9.8507813e-10
9.8484376e-10
9.8722652e-10
9.8113284e-10
9.8582031e-10
9.851171e-10
9.8437503e-10
9.8609365e-10
9.8136721e-10
9.8687503e-10
9.8355468e-10
9.8667952e-10
9.8554676e-10
9.8613295e-10
9.8683595e-10
9.8777342e-10
9.8406261e-10
9.8402342e-10
9.8933595e-10
9.863671e-10
9.860156e-10
9.8496089e-10
9.8749997e-10
9.8390618e-10
9.8703123e-10
9.8597663e-10
9.8546882e-10
9.8566399e-10
9.8781261e-10
9.8507824e-10
9.8175779e-10
9.8187503e-10
9.8316411e-10
9.8257802e-10
9.9000008e-10
9.8367181e-10
9.84961e-10
9.8503905e-10
9.8359365e-10
9.8605468e-10
9.8558584e-10
9.8230468e-10
9.8441411e-10
9.840625e-10
9.8675779e-10
9.7937491e-10
9.8539055e-10
9.8343755e-10
9.8191411e-10
9.8382813e-10
9.8640629e-10
9.8910169e-10
9.8632813e-10
9.8371089e-10
9.8492192e-10
9.8386721e-10
9.8527342e-10
9.8691399e-10
9.8433584e-10
9.8648445e-10
9.878125e-10
9.8515629e-10
9.8734376e-10
9.8382813e-10
9.8433584e-10
9.8433595e-10
9.8796882e-10
9.8390629e-10
9.8445307e-10
9.8425779e-10
9.8722652e-10
9.8218755e-10
9.8593755e-10
9.8210939e-10
9.8320319e-10
9.828125e-10
9.8464836e-10
9.8414066e-10
9.8742192e-10
9.8312514e-10
9.8542963e-10
9.8410158e-10
9.8398445e-10
9.8292974e-10
9.8242192e-10
9.8488273e-10
9.8769526e-10
9.8261721e-10
9.8296871e-10
9.8488273e-10
9.8554687e-10
9.8503905e-10
9.840625e-10
9.8730457e-10
9.8277342e-10
9.8531239e-10
9.8292974e-10
9.8613284e-10
9.8617181e-10
9.8386732e-10
9.8429687e-10
9.8660158e-10
9.8574227e-10
9.8269537e-10
9.8269526e-10
9.8683595e-10
9.8117181e-10
9.8304687e-10
9.8183595e-10
9.8535147e-10
9.8421882e-10
9.8468744e-10
9.8429687e-10
9.8566399e-10
9.8511721e-10
9.8492192e-10
9.8679687e-10
9.8328123e-10
9.8722663e-10
9.8468744e-10
9.8339847e-10
9.8328123e-10
9.8605468e-10
9.8210939e-10
9.8648434e-10
9.8632813e-10
9.8386721e-10
9.8664066e-10
9.8417974e-10
9.8285158e-10
9.8499997e-10
9.842579e-10
9.8835928e-10
9.8503905e-10
9.8535158e-10
9.8460939e-10
9.8398434e-10
9.8710928e-10
9.8566399e-10
9.83711e-10
9.8578123e-10
9.8519526e-10
9.8507802e-10
9.8953123e-10
9.8714847e-10
9.8492181e-10
9.8347652e-10
9.8464847e-10
9.8683595e-10
9.8292963e-10
9.83711e-10
9.8238273e-10
9.815625e-10
9.8410147e-10
9.8601571e-10
9.870702e-10
9.8460939e-10
9.8128905e-10
9.8390618e-10
9.8554687e-10
9.8574215e-10
9.8515618e-10
9.8417974e-10
9.8300779e-10
9.8480468e-10
9.8343744e-10
9.8292974e-10
9.8386721e-10
9.8433606e-10
9.8687503e-10
9.8503916e-10
9.8484376e-10
9.8648445e-10
9.8789066e-10
9.8824215e-10
9.8613273e-10
9.847656e-10
9.8667963e-10
9.8523434e-10
9.8582031e-10
9.8738284e-10
9.8363284e-10
9.8675779e-10
9.8457043e-10
9.88164e-10
9.8425779e-10
9.8539066e-10
9.878125e-10
9.8417963e-10
9.863671e-10
9.8304687e-10
9.8296871e-10
9.8441399e-10
9.8421871e-10
9.8507813e-10
9.810156e-10
9.8632813e-10
9.8644537e-10
9.8464836e-10
9.8468755e-10
9.8445319e-10
9.8468755e-10
9.8757824e-10
9.8304687e-10
9.8882813e-10
9.8417963e-10
9.8621089e-10
9.8671871e-10
9.8550779e-10
9.8582031e-10
9.8671882e-10
9.8449227e-10
9.8757802e-10
9.8687492e-10
9.867186e-10
9.8757824e-10
9.8578135e-10
9.8648434e-10
9.8617192e-10
9.8429698e-10
9.8624997e-10
9.8742192e-10
9.8695319e-10
9.867579e-10
9.8527342e-10
9.8851571e-10
9.8460939e-10
9.858202e-10
9.8613284e-10
9.8679698e-10
9.8433595e-10
9.8460928e-10
9.8828123e-10
9.8597663e-10
9.8753905e-10
9.8722652e-10
9.8542974e-10
9.8515629e-10
9.8628905e-10
9.8425779e-10
9.8417974e-10
9.8714859e-10
9.8749997e-10
9.8617192e-10
9.8292974e-10
9.8550779e-10
9.8492192e-10
9.8367181e-10
9.8433595e-10
9.8152342e-10
9.8667952e-10
9.8773434e-10
9.8941411e-10
9.8363284e-10
9.860156e-10
9.8718744e-10
9.8578135e-10
9.8507813e-10
9.8468744e-10
9.8449215e-10
9.8609376e-10
9.8796882e-10
9.8578123e-10
9.872656e-10
9.8515629e-10
9.8460939e-10
9.876171e-10
9.8335939e-10
9.86211e-10
9.8902342e-10
9.8628916e-10
9.842579e-10
9.8773434e-10
9.8511721e-10
9.8574215e-10
9.8886721e-10
9.865625e-10
9.838671e-10
9.8328135e-10
9.8722663e-10
9.8593755e-10
9.8910158e-10
9.883202e-10
9.8460939e-10
9.8605479e-10
9.865625e-10
9.8808595e-10
9.8312514e-10
9.8597652e-10
9.8605468e-10
9.8972663e-10
9.8515618e-10
9.8242192e-10
9.8566422e-10
9.8472663e-10
9.8343744e-10
9.8593755e-10
9.8195307e-10
9.8917974e-10
9.8695296e-10
9.8605479e-10
9.8707031e-10
9.8914066e-10
9.8585939e-10
9.8714847e-10
9.8667963e-10
9.8582031e-10
9.8652331e-10
9.9144537e-10
9.8902353e-10
9.8425768e-10
9.8660147e-10
9.8402342e-10
9.8968744e-10
9.865625e-10
9.890625e-10
9.8527342e-10
9.8738284e-10
9.8769526e-10
9.8874997e-10
9.8542974e-10
9.8925779e-10
9.865625e-10
9.8660158e-10
9.8730468e-10
9.8582031e-10
9.8855468e-10
9.8468755e-10
9.9007813e-10
9.8441411e-10
9.8585939e-10
9.888671e-10
9.8542974e-10
9.8878905e-10
9.8484376e-10
9.9003905e-10
9.8640629e-10
9.8605468e-10
9.8578123e-10
9.8523434e-10
9.8175779e-10
9.8539055e-10
9.8835939e-10
9.8558584e-10
9.8664055e-10
9.865625e-10
9.8792974e-10
9.8441399e-10
9.8617192e-10
9.847656e-10
9.8699215e-10
9.8347663e-10
9.8460928e-10
9.8902353e-10
9.8722663e-10
9.8320307e-10
9.8640629e-10
9.8507813e-10
9.8152342e-10
9.8832031e-10
9.8578135e-10
9.9082031e-10
9.8382813e-10
9.9093755e-10
9.8718744e-10
9.8519537e-10
9.8242181e-10
9.8210939e-10
9.8589836e-10
9.8292963e-10
9.8628905e-10
9.8921871e-10
9.8574215e-10
9.8316399e-10
9.8582031e-10
9.838671e-10
9.8492192e-10
9.8769526e-10
9.8921871e-10
9.8191411e-10
9.8507802e-10
9.8347652e-10
9.8589836e-10
9.808202e-10
9.8714847e-10
9.8328123e-10
9.8589847e-10
9.8464847e-10
9.8792963e-10
9.8656261e-10
9.8421871e-10
9.8339847e-10
9.8937503e-10
9.8632813e-10
9.8468755e-10
9.8617192e-10
9.8761721e-10
9.8484376e-10
9.8664055e-10
9.8394526e-10
9.8535158e-10
9.8273434e-10
9.8433595e-10
9.8300779e-10
9.8519526e-10
9.8292963e-10
9.8566411e-10
9.8519526e-10
9.8374997e-10
9.8628894e-10
9.8664066e-10
9.8398434e-10
9.8542963e-10
9.8460939e-10
9.8402342e-10
9.851171e-10
9.8359376e-10
9.8562492e-10
9.8621089e-10
9.8621089e-10
9.8722652e-10
9.8628894e-10
9.8269526e-10
9.8570319e-10
9.8484376e-10
9.8460928e-10
9.8402353e-10
9.8910158e-10
9.8449227e-10
9.8257813e-10
9.8667963e-10
9.865625e-10
9.8238284e-10
9.842579e-10
9.8749997e-10
9.8433584e-10
9.8839847e-10
9.87461e-10
9.8664066e-10
9.8765629e-10
9.9003905e-10
9.8460939e-10
9.8585939e-10
9.8589847e-10
9.8355479e-10
9.8648434e-10
9.8636721e-10
9.8714847e-10
9.8558606e-10
9.8484376e-10
9.8691399e-10
9.8480479e-10
9.8410147e-10
9.8011721e-10
9.8652342e-10
9.8605468e-10
9.8664066e-10
9.8367181e-10
9.8210939e-10
9.8773434e-10
9.8394526e-10
9.8394526e-10
9.8585928e-10
9.8664066e-10
9.8648445e-10
9.8492192e-10
9.8484365e-10
9.8382813e-10
9.8550779e-10
9.8457031e-10
9.8410158e-10
9.8394526e-10
9.8515618e-10
9.81211e-10
9.8578123e-10
9.8707043e-10
9.8304698e-10
9.840625e-10
9.8535158e-10
9.8550779e-10
9.8679698e-10
9.8617192e-10
9.8613284e-10
9.8812503e-10
9.8453112e-10
9.8386721e-10
9.8750008e-10
9.8425779e-10
9.8460939e-10
9.8960939e-10
9.8519526e-10
9.8562503e-10
9.8453123e-10
9.8593744e-10
9.8179687e-10
9.88164e-10
9.8332031e-10
9.8332043e-10
9.8421871e-10
9.8421871e-10
9.8429687e-10
9.8429687e-10
9.8500008e-10
9.9003905e-10
9.8421871e-10
9.8441399e-10
9.855079e-10
9.8796882e-10
9.8679687e-10
9.8718755e-10
9.8664066e-10
9.8640629e-10
9.8515618e-10
9.8546871e-10
9.8722652e-10
9.8152342e-10
9.8707043e-10
9.8363273e-10
9.853125e-10
9.8523434e-10
9.8292963e-10
9.8390629e-10
9.8429698e-10
9.8269526e-10
9.8472652e-10
9.8601549e-10
9.8527353e-10
9.8749997e-10
9.8660169e-10
9.8414055e-10
9.8992192e-10
9.8593744e-10
9.84961e-10
9.8824227e-10
9.8312503e-10
9.8519537e-10
9.8332031e-10
9.8582031e-10
9.8191411e-10
9.8390618e-10
9.8480468e-10
9.8679676e-10
9.8476571e-10
9.8484376e-10
9.8828123e-10
9.8441411e-10
9.8441411e-10
9.8593755e-10
9.8476549e-10
9.835156e-10
9.8363273e-10
9.8503916e-10
9.8445307e-10
9.8609387e-10
9.8546882e-10
9.8562492e-10
9.8453112e-10
9.835156e-10
9.8343755e-10
9.8660158e-10
9.8722652e-10
9.8484376e-10
9.826171e-10
9.8523434e-10
9.8554687e-10
9.845702e-10
9.8378916e-10
9.8210939e-10
9.8851571e-10
9.8343744e-10
9.870702e-10
9.8210928e-10
9.8480468e-10
9.8679687e-10
9.822656e-10
9.8527342e-10
9.8578123e-10
9.8558595e-10
9.8374997e-10
9.8148434e-10
9.8886721e-10
9.8339847e-10
9.8277353e-10
9.8636721e-10
9.8527342e-10
9.8675779e-10
9.8535158e-10
9.8976571e-10
9.8582031e-10
9.8289066e-10
9.8570319e-10
9.8316411e-10
9.8328112e-10
9.8617192e-10
9.8636721e-10
9.8464847e-10
9.8621089e-10
9.8300779e-10
9.8593755e-10
9.8351571e-10
9.8730468e-10
9.8289066e-10
9.8785158e-10
9.8687503e-10
9.8566411e-10
9.8605468e-10
9.8257813e-10
9.8613273e-10
9.8429687e-10
9.8398445e-10
9.8539066e-10
9.8902353e-10
9.8578123e-10
9.8492192e-10
9.8734376e-10
9.8234365e-10
9.8628894e-10
9.8441411e-10
9.8792974e-10
9.8578123e-10
9.8632813e-10
9.8230479e-10
9.8281239e-10
9.8328135e-10
9.8601571e-10
9.8503916e-10
9.8382813e-10
9.8546871e-10
9.8503905e-10
9.830079e-10
9.8398445e-10
9.8394526e-10
9.8542974e-10
9.8144537e-10
9.8628905e-10
9.8273445e-10
9.8410158e-10
9.8531261e-10
9.9101571e-10
9.8402331e-10
9.8828123e-10
9.8660158e-10
9.8480468e-10
9.8285169e-10
9.865625e-10
9.8445319e-10
9.8742192e-10
9.8499997e-10
9.8441411e-10
9.8437491e-10
9.8605468e-10
9.842579e-10
9.867579e-10
9.8648434e-10
9.8437503e-10
9.8515629e-10
9.8671882e-10
9.8406261e-10
9.867579e-10
9.8578123e-10
9.8292974e-10
9.8539055e-10
9.8722652e-10
9.8722652e-10
9.860156e-10
9.8449227e-10
9.8812503e-10
9.8499997e-10
9.8746078e-10
9.8624997e-10
9.8699215e-10
9.8707043e-10
9.8722652e-10
9.8624997e-10
9.8499997e-10
9.8480468e-10
9.8488284e-10
9.8660147e-10
9.8449215e-10
9.8777342e-10
9.8652342e-10
9.8820319e-10
9.8660158e-10
9.8488284e-10
9.8621089e-10
9.8355468e-10
9.853125e-10
9.8457031e-10
9.8554698e-10
9.8570307e-10
9.8644537e-10
9.8269526e-10
9.8589847e-10
9.8417952e-10
9.8492192e-10
9.855079e-10
9.8578123e-10
9.8445319e-10
9.8039066e-10
9.8222652e-10
9.8578123e-10
9.8414066e-10
9.8441388e-10
9.8667974e-10
9.8343755e-10
9.84961e-10
9.8718744e-10
9.8199227e-10
9.8343744e-10
9.8589847e-10
9.8199215e-10
9.8749997e-10
9.8445307e-10
9.8410158e-10
9.8609376e-10
9.8238284e-10
9.8386721e-10
9.8144526e-10
9.8453123e-10
9.8906239e-10
9.8601549e-10
9.8347652e-10
9.8605457e-10
9.842579e-10
9.8519537e-10
9.8546871e-10
9.8464847e-10
9.8492192e-10
9.8582031e-10
9.813671e-10
9.8609365e-10
9.8507813e-10
9.8378905e-10
9.8867181e-10
9.8453123e-10
9.8328135e-10
9.8160158e-10
9.8679687e-10
9.8453123e-10
9.9089836e-10
9.865625e-10
9.8257813e-10
9.8425779e-10
9.8714836e-10
9.8667963e-10
9.8589847e-10
9.8425779e-10
9.8277353e-10
9.8421871e-10
9.8394537e-10
9.7910158e-10
9.8578123e-10
9.853125e-10
9.8015629e-10
9.8558595e-10
9.8453135e-10
9.8664066e-10
9.8519537e-10
9.860156e-10
9.8398434e-10
9.8839847e-10
9.8718744e-10
9.8632813e-10
9.8316411e-10
9.8382813e-10
9.8804687e-10
9.840625e-10
9.8910158e-10
9.8660147e-10
9.8644526e-10
9.8640629e-10
9.8402353e-10
9.8238273e-10
9.8628894e-10
9.8343755e-10
9.8714836e-10
9.8605479e-10
9.8828135e-10
9.8968755e-10
9.8699227e-10
9.8382813e-10
9.8230468e-10
9.8433595e-10
9.8328112e-10
9.8269526e-10
9.8484376e-10
9.8660158e-10
9.8402342e-10
9.8347663e-10
9.8515629e-10
9.8765629e-10
9.8437491e-10
9.8679687e-10
9.8457031e-10
9.8554687e-10
9.8421871e-10
9.8429687e-10
9.8441399e-10
9.8562503e-10
9.8558584e-10
9.83711e-10
9.8539055e-10
9.8613273e-10
9.8691411e-10
9.8457031e-10
9.8535158e-10
9.8597663e-10
9.8390629e-10
9.8453123e-10
9.8777342e-10
9.8796871e-10
9.8347652e-10
9.8609376e-10
9.8593744e-10
9.8656239e-10
9.8343744e-10
9.8519526e-10
9.8648445e-10
9.8273445e-10
9.8730479e-10
9.8515618e-10
9.8394526e-10
9.8613284e-10
9.8289055e-10
9.8378905e-10
9.8503916e-10
9.8308583e-10
9.8628905e-10
9.8441411e-10
9.8382813e-10
9.8421882e-10
9.8351571e-10
9.8347663e-10
9.8574227e-10
9.8683595e-10
9.8441411e-10
9.84961e-10
9.8640629e-10
9.8742192e-10
9.8425779e-10
9.8730468e-10
9.9023434e-10
9.8472652e-10
9.8921871e-10
9.8769526e-10
9.8734376e-10
9.8402342e-10
9.8566399e-10
9.8585951e-10
9.8371089e-10
9.8441411e-10
9.8898434e-10
9.826171e-10
9.8660158e-10
9.8570307e-10
9.8703135e-10
9.8144537e-10
9.853125e-10
9.8019526e-10
9.8968755e-10
9.8398445e-10
9.8859365e-10
9.8664066e-10
9.8593755e-10
9.8640618e-10
9.8343744e-10
9.8718744e-10
9.8484376e-10
9.8398445e-10
9.835156e-10
9.8582031e-10
9.8402342e-10
9.86211e-10
9.8597663e-10
9.8425779e-10
9.8390618e-10
9.8515629e-10
9.88164e-10
9.8519515e-10
9.8425779e-10
9.8675779e-10
9.8652342e-10
9.8605479e-10
9.9082031e-10
9.8292974e-10
9.8691399e-10
9.8527353e-10
9.8589847e-10
9.8710939e-10
9.853125e-10
9.8898445e-10
9.8218744e-10
9.8324227e-10
9.8292974e-10
9.8375008e-10
9.8675779e-10
9.8445307e-10
9.8390618e-10
9.8238284e-10
9.8578123e-10
9.8136721e-10
9.8562492e-10
9.8457031e-10
9.8683584e-10
9.8300779e-10
9.8210939e-10
9.8441411e-10
9.8175779e-10
9.8539066e-10
9.8617192e-10
9.847656e-10
9.8445319e-10
9.8574215e-10
9.8644526e-10
9.8566411e-10
9.858202e-10
9.8406261e-10
9.815625e-10
9.8265629e-10
9.8574227e-10
9.8152342e-10
9.8441399e-10
9.8457043e-10
9.8390618e-10
9.8218766e-10
9.8378905e-10
9.8187514e-10
9.8382813e-10
9.8167974e-10
9.847656e-10
9.8304687e-10
9.8507813e-10
9.8171871e-10
9.8378894e-10
9.8550779e-10
9.8425779e-10
9.8429676e-10
9.8546871e-10
9.8449215e-10
9.8511721e-10
9.8804687e-10
9.8359376e-10
9.8124997e-10
9.8398434e-10
9.8621089e-10
9.8519526e-10
9.8628905e-10
9.8468755e-10
9.8660158e-10
9.8496089e-10
9.8859376e-10
9.860156e-10
9.8527342e-10
9.8632813e-10
9.8722641e-10
9.8558595e-10
9.8425779e-10
9.8421871e-10
9.9019526e-10
9.8488284e-10
9.8468744e-10
9.8671871e-10
9.8398434e-10
9.8578123e-10
9.8421871e-10
9.8597663e-10
9.8640629e-10
9.8230468e-10
9.8597652e-10
9.8613273e-10
9.8437503e-10
9.8382813e-10
9.8660158e-10
9.8492181e-10
9.8761721e-10
9.8578135e-10
9.8050779e-10
9.8210939e-10
9.8582031e-10
9.8792974e-10
9.8226571e-10
9.8414066e-10
9.8445319e-10
9.8460939e-10
9.8734376e-10
9.840625e-10
9.821095e-10
9.8425779e-10
9.8292974e-10
9.8472652e-10
9.8562503e-10
9.8328135e-10
9.8132824e-10
9.8988284e-10
9.8507813e-10
9.828125e-10
9.8148445e-10
9.8179676e-10
9.8925779e-10
9.8308595e-10
9.8433595e-10
9.8398434e-10
9.8671871e-10
9.8558595e-10
9.8109376e-10
9.8414055e-10
9.8894526e-10
9.8644526e-10
9.8320319e-10
9.8820307e-10
9.8191411e-10
9.8480468e-10
9.83711e-10
9.8648445e-10
9.8269537e-10
9.842579e-10
9.8492192e-10
9.8539055e-10
9.8945308e-10
9.8207031e-10
9.8437514e-10
9.8363284e-10
9.8503905e-10
9.8609376e-10
9.8675779e-10
9.8687503e-10
9.8554698e-10
9.8234387e-10
9.8613295e-10
9.8597652e-10
9.8453123e-10
9.8421882e-10
9.8429676e-10
9.865625e-10
9.8402342e-10
9.8265618e-10
9.8410147e-10
9.8363295e-10
9.8398445e-10
9.8324215e-10
9.8312503e-10
9.8460939e-10
9.8523434e-10
9.8425779e-10
9.8417963e-10
9.8617181e-10
9.8398445e-10
9.8472652e-10
9.8472652e-10
9.8648445e-10
9.8261721e-10
9.8492192e-10
9.8394526e-10
9.8468755e-10
9.8421882e-10
9.8445296e-10
9.8507813e-10
9.8800779e-10
9.8925779e-10
9.8421882e-10
9.8687503e-10
9.8910158e-10
9.8414066e-10
9.8574215e-10
9.8437491e-10
9.8437503e-10
9.8195319e-10
9.8640629e-10
9.865625e-10
9.8707031e-10
9.8613284e-10
9.8433595e-10
9.8710951e-10
9.7960928e-10
9.8457031e-10
9.8132813e-10
9.8386721e-10
9.8175779e-10
9.8535158e-10
9.8355468e-10
9.8460939e-10
9.8523445e-10
9.8671871e-10
9.8285158e-10
9.8464836e-10
9.8546871e-10
9.885156e-10
9.8878905e-10
9.8437491e-10
9.8390629e-10
9.8624997e-10
9.872656e-10
9.8535158e-10
9.8460939e-10
9.828125e-10
9.8652331e-10
9.8460928e-10
9.8468744e-10
9.8718733e-10
9.8507824e-10
9.835156e-10
9.8585939e-10
9.8691399e-10
9.8480468e-10
9.8570307e-10
9.8542974e-10
9.8796871e-10
9.8816411e-10
9.878125e-10
9.8429687e-10
9.8878905e-10
9.8605468e-10
9.8394537e-10
9.8398445e-10
9.8578135e-10
9.8503916e-10
9.8398445e-10
9.8738273e-10
9.8800779e-10
9.8589847e-10
9.865625e-10
9.8585928e-10
9.8339858e-10
9.8515629e-10
9.8714836e-10
9.8535158e-10
9.8621089e-10
9.8898434e-10
9.8527353e-10
9.8765629e-10
9.880079e-10
9.8699227e-10
9.8828123e-10
9.8421871e-10
9.7992181e-10
9.8703135e-10
9.8562492e-10
9.8511721e-10
9.8628905e-10
9.8558584e-10
9.8749997e-10
9.8148423e-10
9.8878894e-10
9.8617192e-10
9.8621089e-10
9.8523434e-10
9.8921882e-10
9.8808584e-10
9.8789055e-10
9.8402342e-10
9.8753905e-10
9.8499997e-10
9.8496089e-10
9.83711e-10
9.8613284e-10
9.8359376e-10
9.8683595e-10
9.8687492e-10
9.8710939e-10
9.8269537e-10
9.8382802e-10
9.8718744e-10
9.8292974e-10
9.83711e-10
9.803125e-10
9.8390618e-10
9.8624997e-10
9.8328135e-10
9.8703123e-10
9.8515629e-10
9.8753894e-10
9.8464847e-10
9.8687503e-10
9.845702e-10
9.8324227e-10
9.8359376e-10
9.8296871e-10
9.8792963e-10
9.8585939e-10
9.8539066e-10
9.8175779e-10
9.8527342e-10
9.86211e-10
9.8468755e-10
9.8523434e-10
9.8328123e-10
9.8449215e-10
9.8394537e-10
9.8496089e-10
9.8730468e-10
9.8542963e-10
9.8894537e-10
9.8328123e-10
9.8707031e-10
9.8632802e-10
9.84961e-10
9.8691399e-10
9.8125008e-10
9.8789055e-10
9.8191399e-10
9.8749986e-10
9.822656e-10
9.86211e-10
9.8515629e-10
9.855079e-10
9.8289077e-10
9.8527342e-10
9.8507813e-10
9.8476571e-10
9.8652342e-10
9.8249997e-10
9.8714836e-10
9.9019548e-10
9.8421871e-10
9.8609387e-10
9.8343744e-10
9.8484376e-10
9.8503905e-10
9.8804687e-10
9.8648434e-10
9.8324227e-10
9.84961e-10
9.8371089e-10
9.8769526e-10
9.8519526e-10
9.8187503e-10
9.8277353e-10
9.8652342e-10
9.8574215e-10
9.8316399e-10
9.8722652e-10
9.8613284e-10
9.8441399e-10
9.8187514e-10
9.8417974e-10
9.8191399e-10
9.84961e-10
9.8652342e-10
9.840625e-10
9.8812492e-10
9.8574215e-10
9.865625e-10
9.8843744e-10
9.8851571e-10
9.8597663e-10
9.8566399e-10
9.8445307e-10
9.8800779e-10
9.8503905e-10
9.8558606e-10
9.8398434e-10
9.8242181e-10
9.8687503e-10
9.8480468e-10
9.8542974e-10
9.8339847e-10
9.8839847e-10
9.8488273e-10
9.8593755e-10
9.84961e-10
9.88711e-10
9.9085928e-10
9.8566399e-10
9.8628905e-10
9.8539066e-10
9.8972652e-10
9.8722652e-10
9.8519526e-10
9.8621089e-10
9.8382813e-10
9.8640629e-10
9.8695307e-10
9.8527342e-10
9.8609376e-10
9.8535158e-10
9.863671e-10
9.8382802e-10
9.8742192e-10
9.8718755e-10
9.8566399e-10
9.8640618e-10
9.8527342e-10
9.8558595e-10
9.8480479e-10
9.8933595e-10
9.8460939e-10
9.8671871e-10
9.8523434e-10
9.8347663e-10
9.86211e-10
9.8468755e-10
9.8691399e-10
9.8691411e-10
9.8761721e-10
9.8824215e-10
9.8464847e-10
9.8824215e-10
9.8644526e-10
9.858202e-10
9.8765618e-10
9.8511721e-10
9.840625e-10
9.8460939e-10
9.8550779e-10
9.8312503e-10
9.8644537e-10
9.8542974e-10
9.8734376e-10
9.8417974e-10
9.8695307e-10
9.8503894e-10
9.8410147e-10
9.8582031e-10
9.8105457e-10
9.867186e-10
9.8585939e-10
9.8695319e-10
9.8757813e-10
9.8578135e-10
9.8843755e-10
9.8394537e-10
9.8886721e-10
9.8566411e-10
9.8312503e-10
9.8253916e-10
9.8738273e-10
9.8355457e-10
9.8117181e-10
9.8675779e-10
9.8648434e-10
9.8167963e-10
9.9054687e-10
9.8636721e-10
9.8621089e-10
9.88164e-10
9.8488284e-10
9.8398434e-10
9.8488284e-10
9.8699227e-10
9.8828123e-10
9.8546882e-10
9.8644537e-10
9.8671871e-10
9.8648434e-10
9.8710951e-10
9.8640618e-10
9.8953123e-10
9.8171871e-10
9.9042963e-10
9.8578123e-10
9.8660158e-10
9.8437503e-10
9.8628905e-10
9.8484376e-10
9.8570307e-10
9.8238284e-10
9.8476571e-10
9.8539066e-10
9.8769537e-10
9.8421882e-10
9.8570319e-10
9.8445307e-10
9.8796871e-10
9.8417974e-10
9.8585939e-10
9.8320307e-10
9.847656e-10
9.8851571e-10
9.8777353e-10
9.8812503e-10
9.8105468e-10
9.8574215e-10
9.8585928e-10
9.855079e-10
9.8484376e-10
9.8164066e-10
9.8515618e-10
9.8695307e-10
9.8105457e-10
9.8632813e-10
9.8539066e-10
9.8433595e-10
9.8644526e-10
9.8527342e-10
9.8980468e-10
9.8480468e-10
9.854686e-10
9.8617181e-10
9.8378894e-10
9.8730468e-10
9.8617192e-10
9.8640618e-10
9.8613284e-10
9.8535158e-10
9.8609376e-10
9.860156e-10
9.7933583e-10
9.8523434e-10
9.8585939e-10
9.8535158e-10
9.8335939e-10
9.8203123e-10
9.9039066e-10
9.8292963e-10
9.855079e-10
9.8691399e-10
9.8312503e-10
9.8671871e-10
9.8558584e-10
9.8499997e-10
9.8843755e-10
9.8824227e-10
9.8292974e-10
9.8613273e-10
9.8441411e-10
9.8464836e-10
9.8500008e-10
9.878125e-10
9.8929698e-10
9.8511721e-10
9.8695307e-10
9.8800779e-10
9.8519526e-10
9.8683595e-10
9.8769526e-10
9.8164055e-10
9.8539055e-10
9.8488284e-10
9.8828123e-10
9.8480468e-10
9.865625e-10
9.8417963e-10
9.8734376e-10
9.853125e-10
9.8585939e-10
9.8339836e-10
9.8695307e-10
9.8378905e-10
9.8722663e-10
9.8648434e-10
9.8691411e-10
9.8566399e-10
9.8832031e-10
9.8957031e-10
9.838671e-10
9.8808606e-10
9.8554687e-10
9.8453123e-10
9.87461e-10
9.8570319e-10
9.8691411e-10
9.8507813e-10
9.8757813e-10
9.8699227e-10
9.883202e-10
9.8773434e-10
9.8867192e-10
9.8499997e-10
9.8667963e-10
9.8496089e-10
9.8726571e-10
9.847656e-10
9.8929687e-10
9.8679687e-10
9.8503894e-10
9.8382802e-10
9.9074215e-10
9.8507802e-10
9.8894526e-10
9.8593744e-10
9.8898445e-10
9.885156e-10
9.872656e-10
9.8640618e-10
9.8605468e-10
9.8417963e-10
9.8535158e-10
9.8960928e-10
9.8957031e-10
9.9105468e-10
9.8605468e-10
9.8777331e-10
9.8625008e-10
9.8914066e-10
9.9050779e-10
9.8746089e-10
9.8421882e-10
9.8792974e-10
9.8523434e-10
9.8902342e-10
9.885156e-10
9.8648434e-10
9.8453112e-10
9.8730457e-10
9.86211e-10
9.8734376e-10
9.8535158e-10
9.8714847e-10
9.8757813e-10
9.8242181e-10
9.8816411e-10
9.8902353e-10
9.8601571e-10
9.8441411e-10
9.8496089e-10
9.8718755e-10
9.8582031e-10
9.8488284e-10
9.8726571e-10
9.8652342e-10
9.8421882e-10
9.8496089e-10
9.84961e-10
9.8503916e-10
9.8609376e-10
9.8628905e-10
9.8421871e-10
9.8632813e-10
9.8574227e-10
9.8496089e-10
9.8753905e-10
9.8144526e-10
9.8617181e-10
9.865625e-10
9.8753905e-10
9.8472663e-10
9.8437503e-10
9.8539055e-10
9.8839847e-10
9.8832031e-10
9.8566411e-10
9.8671871e-10
9.835156e-10
9.8753894e-10
9.8503905e-10
9.8679687e-10
9.8539066e-10
9.8445319e-10
9.8492192e-10
9.8718755e-10
9.8765629e-10
9.8421871e-10
9.8273434e-10
9.8742192e-10
9.8660147e-10
9.8242181e-10
9.8515618e-10
9.8542963e-10
9.8367192e-10
9.8480468e-10
9.8652342e-10
9.8082031e-10
9.8718744e-10
9.8355468e-10
9.8683595e-10
9.8417963e-10
9.8414055e-10
9.8566399e-10
9.853125e-10
9.8503916e-10
9.8367192e-10
9.8730468e-10
9.8558595e-10
9.8683595e-10
9.8402353e-10
9.8238284e-10
9.8238284e-10
9.8624997e-10
9.8707031e-10
9.8562503e-10
9.8566411e-10
9.8566399e-10
9.8902342e-10
9.8445307e-10
9.8484376e-10
9.8246089e-10
9.88164e-10
9.8824227e-10
9.8679687e-10
9.8425779e-10
9.8488284e-10
9.8761721e-10
9.8390618e-10
9.8457043e-10
9.8750008e-10
9.840625e-10
9.8886721e-10
9.8328135e-10
9.8410158e-10
9.8316399e-10
9.8249997e-10
9.8515618e-10
9.835156e-10
9.8800779e-10
9.8277342e-10
9.8449227e-10
9.8421882e-10
9.8488273e-10
9.8507813e-10
9.8250008e-10
9.8214847e-10
9.8468755e-10
9.8675779e-10
9.8550779e-10
9.821095e-10
9.851171e-10
9.84961e-10
9.8621078e-10
9.8589836e-10
9.8738284e-10
9.8421871e-10
9.84961e-10
9.8468755e-10
9.8484376e-10
9.8468755e-10
9.8312503e-10
9.8269537e-10
9.8425779e-10
9.8609365e-10
9.8746089e-10
9.8386721e-10
9.8386721e-10
9.8554687e-10
9.8671871e-10
9.8253894e-10
9.8453123e-10
9.8542974e-10
9.8652342e-10
9.8730468e-10
9.8312491e-10
9.8429687e-10
9.8203123e-10
9.8148434e-10
9.8597652e-10
9.8515618e-10
9.8312491e-10
9.8378905e-10
9.8710939e-10
9.8820307e-10
9.8230468e-10
9.8503905e-10
9.8343744e-10
9.8652342e-10
9.8316399e-10
9.8437503e-10
9.8425779e-10
9.8593744e-10
9.8718744e-10
9.8632813e-10
9.870702e-10
9.8605479e-10
9.8632824e-10
9.8812503e-10
9.8769537e-10
9.8671882e-10
9.8515629e-10
9.8660158e-10
9.838671e-10
9.847656e-10
9.8203123e-10
9.8457031e-10
9.8546882e-10
9.878125e-10
9.8636721e-10
9.8320307e-10
9.8546882e-10
9.8273434e-10
9.8527353e-10
9.8738284e-10
9.8398434e-10
9.8343755e-10
9.8363284e-10
9.8457031e-10
9.8707043e-10
9.8425779e-10
9.8882813e-10
9.8277342e-10
9.9039066e-10
9.8816411e-10
9.860156e-10
9.872656e-10
9.8394526e-10
9.8714847e-10
9.8265629e-10
9.8722652e-10
9.8523434e-10
9.8863284e-10
9.8644526e-10
9.8574227e-10
9.8542963e-10
9.878125e-10
9.8507813e-10
9.8843755e-10
9.8667974e-10
9.860156e-10
9.8652342e-10
9.8753905e-10
9.8398445e-10
9.8617181e-10
9.8882813e-10
9.8429687e-10
9.8265629e-10
9.8433584e-10
9.8703123e-10
9.8644537e-10
9.8492181e-10
9.8355468e-10
9.8617181e-10
9.8558584e-10
9.865625e-10
9.8347641e-10
9.8757813e-10
9.8664066e-10
9.8414066e-10
9.8457031e-10
9.8558595e-10
9.8816411e-10
9.8773434e-10
9.8535158e-10
9.8929687e-10
9.8535147e-10
9.8679698e-10
9.860156e-10
9.8687503e-10
9.8453135e-10
9.851171e-10
9.8578123e-10
9.8503916e-10
9.8558595e-10
9.8492181e-10
9.8859376e-10
9.8417974e-10
9.9015629e-10
9.8546882e-10
9.8906261e-10
9.8777342e-10
9.8648434e-10
9.8582031e-10
9.8816411e-10
9.8753894e-10
9.8691411e-10
9.8749997e-10
9.8816411e-10
9.885156e-10
9.8683595e-10
9.8644526e-10
9.8398434e-10
9.8832043e-10
9.885156e-10
9.8410158e-10
9.9097652e-10
9.8480468e-10
9.8812503e-10
9.8574215e-10
9.8613284e-10
9.8500008e-10
9.8671871e-10
9.8999997e-10
9.8835939e-10
9.8769537e-10
9.8910158e-10
9.867579e-10
9.8593744e-10
9.8695319e-10
9.885156e-10
9.8499997e-10
9.8335939e-10
9.872656e-10
9.8546882e-10
9.8812503e-10
9.8765618e-10
9.8867192e-10
9.8851549e-10
9.8750008e-10
9.8664066e-10
9.8296882e-10
9.8539066e-10
9.8253905e-10
9.8484387e-10
9.8453123e-10
9.8800779e-10
9.7925779e-10
9.8933595e-10
9.8355479e-10
9.8628905e-10
9.8820307e-10
9.8355479e-10
9.8558595e-10
9.8019537e-10
9.8546882e-10
9.878125e-10
9.8499997e-10
9.8316411e-10
9.8933606e-10
9.8441411e-10
9.8660147e-10
9.8847652e-10
9.8511721e-10
9.8722652e-10
9.8347652e-10
9.8624997e-10
9.8484376e-10
9.892579e-10
9.8691399e-10
9.9035147e-10
9.8824215e-10
9.8828123e-10
9.8496089e-10
9.8539066e-10
9.865625e-10
9.8714836e-10
9.8351571e-10
9.8644537e-10
9.8355479e-10
9.8843755e-10
9.8503905e-10
9.8566399e-10
9.8847652e-10
9.8730457e-10
9.84961e-10
9.8679687e-10
9.8527342e-10
9.8351549e-10
9.8480457e-10
9.8464836e-10
9.8417963e-10
9.8714836e-10
9.8628905e-10
9.8624997e-10
9.8613273e-10
9.8527342e-10
9.872656e-10
9.8527342e-10
9.8542963e-10
9.8898445e-10
9.8734387e-10
9.8675779e-10
9.8589847e-10
9.8480468e-10
9.8621089e-10
9.8355468e-10
9.847656e-10
9.8253905e-10
9.8132824e-10
9.8242192e-10
9.8449227e-10
9.8902353e-10
9.8433595e-10
9.8765618e-10
9.8480468e-10
9.8523434e-10
9.8593755e-10
9.88164e-10
9.8546871e-10
9.865625e-10
9.8367192e-10
9.8617192e-10
9.8660169e-10
9.830079e-10
9.8585939e-10
9.8578123e-10
9.8621089e-10
9.8398434e-10
9.8703123e-10
9.8640629e-10
9.8578123e-10
9.8402342e-10
9.8437514e-10
9.8554698e-10
9.8644526e-10
9.8503916e-10
9.838671e-10
9.8417974e-10
9.8125008e-10
9.8574215e-10
9.8753905e-10
9.8191399e-10
9.8753905e-10
9.878125e-10
9.8472641e-10
9.8703112e-10
9.8527342e-10
9.8640629e-10
9.8234365e-10
9.84961e-10
9.8472652e-10
9.8523445e-10
9.8617192e-10
9.8437503e-10
9.8410158e-10
9.8437491e-10
9.8839847e-10
9.8363284e-10
9.8386721e-10
9.8152353e-10
9.8707031e-10
9.8621089e-10
9.8624997e-10
9.8433595e-10
9.8394526e-10
9.8386721e-10
9.8546871e-10
9.8546871e-10
9.8285158e-10
9.8566411e-10
9.8304687e-10
9.8390629e-10
9.8167963e-10
9.851171e-10
9.8558584e-10
9.826171e-10
9.8578123e-10
9.8402353e-10
9.851171e-10
9.8593744e-10
9.8539066e-10
9.8515629e-10
9.8886721e-10
9.8351549e-10
9.8269526e-10
9.8835939e-10
9.8371089e-10
9.8750008e-10
9.8296871e-10
9.8125008e-10
9.8687492e-10
9.8238284e-10
9.8796871e-10
9.853125e-10
9.8546871e-10
9.8296871e-10
9.8714847e-10
9.8527342e-10
9.8484376e-10
9.8722663e-10
9.8460939e-10
9.8722663e-10
9.8777342e-10
9.8355468e-10
9.8472663e-10
9.8218755e-10
9.8707031e-10
9.8335939e-10
9.8410158e-10
9.8667963e-10
9.8605468e-10
9.8480468e-10
9.8675779e-10
9.8660147e-10
9.8378905e-10
9.8374997e-10
9.8304687e-10
9.8519526e-10
9.8222652e-10
9.8605479e-10
9.8261721e-10
9.8488284e-10
9.865625e-10
9.8695307e-10
9.8468744e-10
9.8527331e-10
9.8312491e-10
9.8210939e-10
9.8546871e-10
9.8363295e-10
9.8378905e-10
9.8609376e-10
9.8574215e-10
9.8742192e-10
9.8640629e-10
9.8394537e-10
9.8523434e-10
9.878125e-10
9.855079e-10
9.8781239e-10
9.8070307e-10
9.8445307e-10
9.8664066e-10
9.8398445e-10
9.892579e-10
9.8769526e-10
9.8484365e-10
9.826171e-10
9.8203123e-10
9.8671871e-10
9.8519526e-10
9.8589847e-10
9.8582031e-10
9.8515629e-10
9.8515618e-10
9.8355479e-10
9.8687492e-10
9.845702e-10
9.84961e-10
9.8437503e-10
9.8554687e-10
9.858202e-10
9.8484376e-10
9.8468744e-10
9.8542974e-10
9.8742181e-10
9.8535158e-10
9.8886721e-10
9.8289055e-10
9.8738273e-10
9.8374997e-10
9.8441411e-10
9.8613273e-10
9.8468744e-10
9.8632813e-10
9.842579e-10
9.8503905e-10
9.8371089e-10
9.8308595e-10
9.8464847e-10
9.8437491e-10
9.8570319e-10
9.8140629e-10
9.8394537e-10
9.8523434e-10
9.8722652e-10
9.8499997e-10
9.8593755e-10
9.8714836e-10
9.8605479e-10
9.8546882e-10
9.863671e-10
9.8714847e-10
9.8710939e-10
9.835156e-10
9.8624997e-10
9.8417963e-10
9.8234376e-10
9.8421871e-10
9.8664055e-10
9.8718744e-10
9.8441422e-10
9.8410147e-10
9.8417963e-10
9.8566411e-10
9.8375008e-10
9.8554687e-10
9.8769526e-10
9.8347663e-10
9.8785147e-10
9.8253905e-10
9.8886721e-10
9.8679687e-10
9.8648434e-10
9.8324227e-10
9.8570307e-10
9.828125e-10
9.8691411e-10
9.853125e-10
9.865625e-10
9.8714847e-10
9.8429698e-10
9.8441411e-10
9.8164066e-10
9.8343744e-10
9.8507813e-10
9.8589836e-10
9.8667963e-10
9.8347652e-10
9.8140629e-10
9.8484376e-10
9.8593744e-10
9.8589847e-10
9.8617192e-10
9.8796882e-10
9.860156e-10
9.8667963e-10
9.8585939e-10
9.8757813e-10
9.847656e-10
9.8757802e-10
9.8570319e-10
9.8546882e-10
9.828125e-10
9.853125e-10
9.8714836e-10
9.8945319e-10
9.8863273e-10
9.8539066e-10
9.8660158e-10
9.8269526e-10
9.8597652e-10
9.8492181e-10
9.8566411e-10
9.8355468e-10
9.8296882e-10
9.8312503e-10
9.8867181e-10
9.8640618e-10
9.8191399e-10
9.8488284e-10
9.8328123e-10
9.8324227e-10
9.8546871e-10
9.8238284e-10
9.8644537e-10
9.8214847e-10
9.8257813e-10
9.8277342e-10
9.8394526e-10
9.8714847e-10
9.8507813e-10
9.860156e-10
9.8230468e-10
9.8515629e-10
9.8402331e-10
9.872656e-10
9.8480468e-10
9.8613273e-10
9.8624997e-10
9.8382813e-10
9.8468744e-10
9.8460939e-10
9.8519526e-10
9.8335939e-10
9.8199215e-10
9.8984376e-10
9.8363273e-10
9.8316411e-10
9.853125e-10
9.8746089e-10
9.8328123e-10
9.872656e-10
9.8671871e-10
9.845702e-10
9.8359376e-10
9.8527342e-10
9.8445307e-10
9.8378905e-10
9.8097663e-10
9.8703112e-10
9.8699215e-10
9.8843755e-10
9.8355468e-10
