-4.6527778e-11
-4.6701389e-11
-4.71875e-11
-4.7604167e-11
-4.8854167e-11
-4.8229167e-11
-4.7256945e-11
-4.8159723e-11
-4.7951389e-11
-4.7048612e-11
-4.7673612e-11
-4.75e-11
-4.9965278e-11
-4.8298612e-11
-4.6631945e-11
-4.8576389e-11
-4.8576389e-11
-4.5555556e-11
-4.5902778e-11
-4.8611112e-11
-4.7013889e-11
-4.8298612e-11
-4.7326389e-11
-4.7986112e-11
-4.7916667e-11
-4.8506945e-11
-4.6180556e-11
-4.8402778e-11
-4.7361112e-11
-4.7222223e-11
-4.6701389e-11
-5.0277778e-11
-4.78125e-11
-4.8645834e-11
-4.8020834e-11
-4.8611112e-11
-4.8854167e-11
-4.7708334e-11
-4.8437501e-11
-4.6770834e-11
-4.6875e-11
-4.6458334e-11
-4.7569445e-11
-4.6944445e-11
-4.8298612e-11
-4.5451389e-11
-4.65625e-11
-4.7638889e-11
-4.78125e-11
-4.9201389e-11
-4.7673612e-11
-4.6840278e-11
-4.982639e-11
-4.75e-11
-4.8055556e-11
-4.7708334e-11
-4.7534723e-11
-4.7673612e-11
-4.6527778e-11
-4.7430556e-11
-4.6388889e-11
-4.6597223e-11
-4.5763889e-11
-4.4722222e-11
-4.8437501e-11
-4.6423611e-11
-4.8993056e-11
-4.8611112e-11
-4.6076389e-11
-4.7326389e-11
-4.5486111e-11
-4.9236112e-11
-4.53125e-11
-4.6423611e-11
-4.7743056e-11
-4.78125e-11
-4.625e-11
-4.6284723e-11
-4.75e-11
-4.6875e-11
-4.6145834e-11
-4.8055556e-11
-4.625e-11
-4.4965278e-11
-4.6493056e-11
-4.9131945e-11
-4.6909723e-11
-4.6770834e-11
-4.6215278e-11
-4.8090278e-11
-4.6666667e-11
-4.8055556e-11
-4.5902778e-11
-4.6701389e-11
-4.9062501e-11
-4.71875e-11
-4.4791667e-11
-4.6284723e-11
-4.7951389e-11
-4.7673612e-11
-4.7152778e-11
-4.8472223e-11
-4.75e-11
-4.8958334e-11
-4.7395834e-11
-4.7638889e-11
-4.6979167e-11
-4.8541667e-11
-4.7013889e-11
-4.7222223e-11
-4.8645834e-11
-4.7743056e-11
-4.7256945e-11
-4.9131945e-11
-4.9583334e-11
-4.8437501e-11
-4.7326389e-11
-4.4756945e-11
-4.78125e-11
-4.8333334e-11
-4.8576389e-11
-4.8125001e-11
-4.625e-11
-4.9097223e-11
-4.6944445e-11
-4.9791667e-11
-4.9027778e-11
-5.0000001e-11
-4.7326389e-11
-4.8993056e-11
-4.8437501e-11
-4.8611112e-11
-4.8888889e-11
-4.8854167e-11
-4.7708334e-11
-5.013889e-11
-4.7743056e-11
-5.0208334e-11
-4.8680556e-11
-4.7708334e-11
-4.9062501e-11
-4.9652778e-11
-4.8159723e-11
-4.9409723e-11
-4.9166667e-11
-4.8368056e-11
-4.9687501e-11
-4.9027778e-11
-4.7847223e-11
-4.7430556e-11
-4.8194445e-11
-4.9375001e-11
-4.8437501e-11
-4.8680556e-11
-4.6493056e-11
-4.7986112e-11
-4.65625e-11
-4.7708334e-11
-4.5625e-11
-4.9166667e-11
-4.8125001e-11
-4.9305556e-11
-4.6493056e-11
-4.8229167e-11
-4.6875e-11
-4.6319445e-11
-4.7256945e-11
-4.8437501e-11
-4.7743056e-11
-4.7430556e-11
-4.7395834e-11
-4.7465278e-11
-4.7013889e-11
-4.8472223e-11
-4.5902778e-11
-4.9652778e-11
-4.8263889e-11
-4.8368056e-11
-4.5763889e-11
-4.7326389e-11
-4.7743056e-11
-4.7777778e-11
-4.7083334e-11
-4.8402778e-11
-4.7986112e-11
-4.8958334e-11
-4.8576389e-11
-4.6909723e-11
-4.9583334e-11
-4.8125001e-11
-4.9062501e-11
-4.7951389e-11
-4.7881945e-11
-4.7118056e-11
-4.7395834e-11
-4.7881945e-11
-4.7013889e-11
-4.6666667e-11
-4.7638889e-11
-4.7291667e-11
-4.8159723e-11
-4.9270834e-11
-4.7743056e-11
-4.8368056e-11
-5.0104167e-11
-4.71875e-11
-4.78125e-11
-4.7638889e-11
-4.7777778e-11
-4.5659723e-11
-4.7777778e-11
-4.9027778e-11
-4.6215278e-11
-4.6909723e-11
-4.7222223e-11
-4.8854167e-11
-4.8090278e-11
-4.8159723e-11
-4.7118056e-11
-4.8090278e-11
-4.7395834e-11
-4.6909723e-11
-4.8541667e-11
-4.7152778e-11
-4.8645834e-11
-4.9097223e-11
-4.7048612e-11
-4.9791667e-11
-4.7569445e-11
-4.8298612e-11
-4.8263889e-11
-5.0416667e-11
-4.7534723e-11
-4.8229167e-11
-4.8368056e-11
-4.8229167e-11
-4.8402778e-11
-4.7638889e-11
-4.7673612e-11
-4.8715278e-11
-4.9479167e-11
-4.9861112e-11
-4.9340278e-11
-4.9305556e-11
-4.9583334e-11
-4.8055556e-11
-4.8333334e-11
-4.8298612e-11
-4.8090278e-11
-4.7013889e-11
-4.8958334e-11
-4.9930556e-11
-4.7777778e-11
-4.7777778e-11
-4.7534723e-11
-4.8333334e-11
-4.8437501e-11
-4.6909723e-11
-4.8576389e-11
-4.78125e-11
-4.9027778e-11
-4.9930556e-11
-4.7256945e-11
-4.8263889e-11
-4.8750001e-11
-4.9548612e-11
-4.8437501e-11
-4.75e-11
-4.8819445e-11
-4.6145834e-11
-4.8402778e-11
-4.9375001e-11
-4.8819445e-11
-4.9618056e-11
-4.8125001e-11
-4.9722223e-11
-4.7604167e-11
-4.8159723e-11
-4.7986112e-11
-4.7569445e-11
-4.7361112e-11
-4.7847223e-11
-4.8020834e-11
-4.8680556e-11
-4.8576389e-11
-4.8298612e-11
-4.7152778e-11
-4.9340278e-11
-4.625e-11
-4.7777778e-11
-4.8645834e-11
-5.0243056e-11
-4.8645834e-11
-4.8229167e-11
-4.8159723e-11
-5.0312501e-11
-4.8472223e-11
-4.8020834e-11
-4.6597223e-11
-4.8229167e-11
-4.8229167e-11
-4.8472223e-11
-4.951389e-11
-4.5833334e-11
-4.8298612e-11
-4.6805556e-11
-4.8055556e-11
-4.9097223e-11
-4.9375001e-11
-4.8645834e-11
-4.7534723e-11
-4.8645834e-11
-4.7118056e-11
-4.8715278e-11
-4.8368056e-11
-4.7326389e-11
-4.8541667e-11
-4.8819445e-11
-4.7291667e-11
-4.8611112e-11
-4.7430556e-11
-4.8715278e-11
-4.6909723e-11
-4.78125e-11
-4.9652778e-11
-4.9097223e-11
-4.8472223e-11
-4.8819445e-11
-4.951389e-11
-4.9861112e-11
-4.9895834e-11
-4.9027778e-11
-4.9652778e-11
-4.7673612e-11
-4.5625e-11
-4.8437501e-11
-4.6493056e-11
-4.7534723e-11
-4.8506945e-11
-4.7569445e-11
-4.8645834e-11
-4.9270834e-11
-4.6840278e-11
-4.8159723e-11
-4.7847223e-11
-4.9930556e-11
-4.9166667e-11
-4.7777778e-11
-4.8541667e-11
-4.8194445e-11
-4.8090278e-11
-4.78125e-11
-4.6597223e-11
-4.7951389e-11
-4.7430556e-11
-4.7013889e-11
-4.8854167e-11
-4.6979167e-11
-4.7604167e-11
-4.8263889e-11
-4.9583334e-11
-4.8472223e-11
-4.8298612e-11
-4.8159723e-11
-4.6597223e-11
-4.7569445e-11
-4.8368056e-11
-4.7986112e-11
-4.9201389e-11
-4.9270834e-11
-4.4826389e-11
-4.6770834e-11
-4.8055556e-11
-4.9270834e-11
-4.7916667e-11
-4.6631945e-11
-4.6458334e-11
-4.5555556e-11
-4.5763889e-11
-4.75e-11
-4.7777778e-11
-4.8090278e-11
-4.8368056e-11
-4.6840278e-11
-4.7291667e-11
-4.7395834e-11
-4.8576389e-11
-4.8125001e-11
-4.9131945e-11
-4.6909723e-11
-4.7256945e-11
-4.7256945e-11
-4.71875e-11
-4.7083334e-11
-4.5694445e-11
-4.8402778e-11
-4.7256945e-11
-4.6840278e-11
-4.6979167e-11
-4.8090278e-11
-4.8402778e-11
-4.7916667e-11
-4.7847223e-11
-4.8645834e-11
-4.8923612e-11
-4.9375001e-11
-4.7881945e-11
-4.7291667e-11
-4.9444445e-11
-4.6840278e-11
-4.9027778e-11
-4.8368056e-11
-4.6354167e-11
-4.9305556e-11
-4.7916667e-11
-4.8506945e-11
-4.7777778e-11
-4.7777778e-11
-4.7777778e-11
-4.7152778e-11
-4.8472223e-11
-4.9791667e-11
-4.7326389e-11
-4.8402778e-11
-4.7256945e-11
-4.8784723e-11
-4.8437501e-11
-4.6527778e-11
-4.8680556e-11
-4.5902778e-11
-4.8472223e-11
-4.5659723e-11
-4.75e-11
-4.7534723e-11
-5.0000001e-11
-4.9583334e-11
-4.7708334e-11
-4.8194445e-11
-4.8576389e-11
-4.7673612e-11
-4.6319445e-11
-4.8611112e-11
-4.7569445e-11
-4.8923612e-11
-4.9722223e-11
-4.6909723e-11
-4.8958334e-11
-4.9687501e-11
-4.8854167e-11
-4.6944445e-11
-4.9305556e-11
-4.9618056e-11
-4.78125e-11
-4.7986112e-11
-4.7118056e-11
-4.7951389e-11
-4.78125e-11
-4.7708334e-11
-4.8194445e-11
-4.7777778e-11
-4.8194445e-11
-4.8055556e-11
-4.5208334e-11
-4.6041667e-11
-4.8368056e-11
-4.8437501e-11
-4.8854167e-11
-4.7083334e-11
-4.9062501e-11
-4.8680556e-11
-4.6909723e-11
-4.7152778e-11
-4.6770834e-11
-4.6041667e-11
-4.8229167e-11
-4.7986112e-11
-4.8715278e-11
-4.7430556e-11
-4.8229167e-11
-4.8229167e-11
-4.7777778e-11
-4.8020834e-11
-4.5451389e-11
-4.7395834e-11
-4.5555556e-11
-4.6701389e-11
-4.75e-11
-4.8159723e-11
-4.7673612e-11
-4.7534723e-11
-4.7256945e-11
-4.8229167e-11
-4.7534723e-11
-4.6423611e-11
-4.5694445e-11
-4.7673612e-11
-4.8854167e-11
-4.8125001e-11
-4.7326389e-11
-4.7430556e-11
-4.8680556e-11
-4.75e-11
-4.7569445e-11
-4.7326389e-11
-4.6701389e-11
-4.9027778e-11
-4.7222223e-11
-4.71875e-11
-4.6180556e-11
-4.9479167e-11
-5.3749998e-11
-6.2152776e-11
-7.2708332e-11
-8.6562493e-11
-1.0315971e-10
-1.2666666e-10
-1.4968748e-10
-1.6430557e-10
-1.7576388e-10
-1.9062502e-10
-2.0059027e-10
-2.0059028e-10
-1.951736e-10
-1.8885418e-10
-1.8302081e-10
-1.7364583e-10
-1.642361e-10
-1.5774305e-10
-1.5270835e-10
-1.4593748e-10
-1.4045137e-10
-1.3673611e-10
-1.2909722e-10
-1.2156248e-10
-1.1614584e-10
-1.1263887e-10
-1.0885416e-10
-1.0333332e-10
-9.961805e-11
-9.427082e-11
-9.166666e-11
-9.0555535e-11
-8.7638882e-11
-8.7499993e-11
-8.6319431e-11
-8.1006937e-11
-8.2256944e-11
-7.9062493e-11
-7.7604159e-11
-7.7430548e-11
-7.402777e-11
-7.2118048e-11
-7.2256937e-11
-7.017361e-11
-6.9409721e-11
-7.0138881e-11
-6.8819443e-11
-6.8506943e-11
-6.7847214e-11
-6.8159721e-11
-6.6701387e-11
-6.4583325e-11
-6.4305554e-11
-6.3472214e-11
-6.1249998e-11
-5.9999998e-11
-6.2916658e-11
-5.9618054e-11
-5.9062498e-11
-5.9166665e-11
-5.9791665e-11
-5.8958331e-11
-5.9027776e-11
-5.659722e-11
-5.7951383e-11
-5.6874998e-11
-5.6388887e-11
-5.9548609e-11
-5.9270831e-11
-5.6180553e-11
-5.6979168e-11
-5.5555553e-11
-5.6458331e-11
-5.6979161e-11
-5.5590279e-11
-5.5034716e-11
-5.5104161e-11
-5.4270834e-11
-5.5902775e-11
-5.4479161e-11
-5.4270827e-11
-5.4062501e-11
-5.2430553e-11
-5.4548605e-11
-5.3368057e-11
-5.4027775e-11
-5.399305e-11
-5.0555556e-11
-5.2986109e-11
-5.1215279e-11
-5.3333331e-11
-5.461805e-11
-5.3749998e-11
-5.3368057e-11
-5.2986109e-11
-5.1493056e-11
-5.3159723e-11
-5.138889e-11
-5.0937501e-11
-5.1006945e-11
-5.2187501e-11
-5.0868056e-11
-5.1979167e-11
-5.2916664e-11
-5.1354167e-11
-5.2256945e-11
-5.0208334e-11
-5.0729167e-11
-5.3090279e-11
-4.9583334e-11
-5.0902779e-11
-5.3055553e-11
-5.232639e-11
-5.0034723e-11
-5.1840279e-11
-5.107639e-11
-5.2083331e-11
-4.9895834e-11
-5.1319445e-11
-5.0000001e-11
-5.2048612e-11
-5.1145834e-11
-4.9062501e-11
-5.2569442e-11
-5.1215279e-11
-5.1979167e-11
-5.1874997e-11
-5.1250001e-11
-5.2083331e-11
-5.0347223e-11
-5.0312501e-11
-5.1284723e-11
-5.222222e-11
-4.8958334e-11
-5.1666667e-11
-5.2569442e-11
-5.1111112e-11
-5.2187501e-11
-5.0347223e-11
-5.0243056e-11
-5.0659723e-11
-4.8159723e-11
-5.0520834e-11
-4.951389e-11
-5.0312501e-11
-5.2673612e-11
-4.9131945e-11
-5.0937501e-11
-4.9548612e-11
-5.0208334e-11
-5.0694445e-11
-4.9340278e-11
-4.9340278e-11
-4.9618056e-11
-5.1111112e-11
-4.9340278e-11
-5.0868056e-11
-4.9583334e-11
-4.8958334e-11
-4.8993056e-11
-5.1597223e-11
-4.9201389e-11
-5.0208334e-11
-5.0729167e-11
-5.0555556e-11
-5.0069445e-11
-4.951389e-11
-5.0868056e-11
-5.1041667e-11
-5.1979167e-11
-5.0381945e-11
-5.1180556e-11
-5.1805553e-11
-5.222222e-11
-4.8958334e-11
-5.0590278e-11
-5.0208334e-11
-4.951389e-11
-5.1944442e-11
-5.0069445e-11
-4.9722223e-11
-5.1874997e-11
-5.0555556e-11
-4.9270834e-11
-5.1736112e-11
-4.982639e-11
-5.045139e-11
-5.0243056e-11
-5.1215279e-11
-5.0312501e-11
-4.8993056e-11
-4.9409723e-11
-4.9548612e-11
-4.9756945e-11
-4.9930556e-11
-5.2604168e-11
-4.8993056e-11
-5.1041667e-11
-4.9548612e-11
-4.8472223e-11
-4.9722223e-11
-5.0555556e-11
-4.8680556e-11
-5.0243056e-11
-4.9479167e-11
-5.0555556e-11
-4.9131945e-11
-4.9861112e-11
-5.107639e-11
-5.0659723e-11
-5.3263886e-11
-4.9270834e-11
-5.232639e-11
-4.9166667e-11
-4.9236112e-11
-4.9062501e-11
-4.9131945e-11
-4.8819445e-11
-5.0555556e-11
-5.0416667e-11
-4.9618056e-11
-4.9756945e-11
-4.7465278e-11
-5.0312501e-11
-5.0659723e-11
-5.0659723e-11
-5.1944442e-11
-5.1354167e-11
-5.1458334e-11
-4.9618056e-11
-5.0034723e-11
-5.1250001e-11
-4.8437501e-11
-4.9687501e-11
-5.0416667e-11
-5.0833334e-11
-5.0069445e-11
-5.0972223e-11
-4.9166667e-11
-4.9861112e-11
-4.8263889e-11
-4.9791667e-11
-4.9861112e-11
-4.8541667e-11
-4.7395834e-11
-5.0312501e-11
-4.9722223e-11
-4.8125001e-11
-4.8888889e-11
-4.982639e-11
-4.9687501e-11
-4.9618056e-11
-4.7673612e-11
-4.8437501e-11
-4.6736112e-11
-4.9236112e-11
-4.7152778e-11
-5.0798612e-11
-5.0243056e-11
-4.7395834e-11
-5.0104167e-11
-5.0000001e-11
-5.0416667e-11
-4.9652778e-11
-4.8229167e-11
-4.8784723e-11
-4.951389e-11
-4.9062501e-11
-4.9618056e-11
-4.7673612e-11
-4.7326389e-11
-4.8715278e-11
-4.9618056e-11
-4.9444445e-11
-4.8333334e-11
-4.8611112e-11
-4.8993056e-11
-4.9375001e-11
-4.8194445e-11
-4.9479167e-11
-4.9166667e-11
-5.0104167e-11
-4.8125001e-11
-4.7916667e-11
-4.8784723e-11
-4.9444445e-11
-4.9027778e-11
-4.9409723e-11
-4.7777778e-11
-4.7291667e-11
-4.7222223e-11
-4.8229167e-11
-4.9270834e-11
-4.7256945e-11
-4.8229167e-11
-4.8993056e-11
-5.107639e-11
-4.9270834e-11
-4.9027778e-11
-4.8402778e-11
-5.138889e-11
-5.0208334e-11
-4.8541667e-11
-5.013889e-11
-5.0972223e-11
-5.0486112e-11
-5.0104167e-11
-4.8819445e-11
-4.8611112e-11
-5.0868056e-11
-4.7881945e-11
-4.8611112e-11
-4.8472223e-11
-5.2013886e-11
-4.8263889e-11
-4.8645834e-11
-4.8993056e-11
-5.0000001e-11
-5.0659723e-11
-5.1250001e-11
-4.9756945e-11
-5.076389e-11
-4.8298612e-11
-5.1736112e-11
-5.0833334e-11
-5.0104167e-11
-4.9340278e-11
-4.9930556e-11
-5.045139e-11
-4.9409723e-11
-4.9131945e-11
-4.9965278e-11
-4.951389e-11
-4.8611112e-11
-5.0069445e-11
-4.9756945e-11
-5.0659723e-11
-4.8229167e-11
-4.9131945e-11
-5.0277778e-11
-4.8472223e-11
-5.1631945e-11
-4.951389e-11
-5.0902779e-11
-5.0486112e-11
-4.9479167e-11
-4.951389e-11
-5.0104167e-11
-4.9895834e-11
-5.0000001e-11
-4.78125e-11
-5.0104167e-11
-5.0520834e-11
-5.0416667e-11
-4.9027778e-11
-4.9236112e-11
-4.9166667e-11
-4.8368056e-11
-4.8402778e-11
-4.8993056e-11
-4.8680556e-11
-4.9062501e-11
-4.6458334e-11
-4.8055556e-11
-4.9618056e-11
-4.8298612e-11
-4.8750001e-11
-4.9062501e-11
-4.7986112e-11
-5.0243056e-11
-5.0555556e-11
-5.1319445e-11
-5.0625001e-11
-4.8923612e-11
-5.0243056e-11
-5.0381945e-11
-5.1215279e-11
-4.7569445e-11
-4.982639e-11
-4.9131945e-11
-4.7048612e-11
-4.8645834e-11
-4.9444445e-11
-4.8437501e-11
-4.7604167e-11
-5.0034723e-11
-4.8194445e-11
-4.9409723e-11
-4.6840278e-11
-4.78125e-11
-4.8298612e-11
-4.8645834e-11
-4.8784723e-11
-4.9652778e-11
-4.8645834e-11
-5.0416667e-11
-5.0381945e-11
-4.7708334e-11
-4.7152778e-11
-4.9097223e-11
-4.8750001e-11
-5.1145834e-11
-4.9687501e-11
-4.9131945e-11
-4.9131945e-11
-5.0590278e-11
-4.8506945e-11
-4.6840278e-11
-4.9722223e-11
-4.8541667e-11
-4.8576389e-11
-4.9687501e-11
-5.0243056e-11
-4.8854167e-11
-4.8194445e-11
-4.8854167e-11
-4.8506945e-11
-4.9722223e-11
-4.9861112e-11
-4.8055556e-11
-4.8958334e-11
-4.8888889e-11
-4.9375001e-11
-4.8645834e-11
-4.9131945e-11
-4.7604167e-11
-5.013889e-11
-4.8055556e-11
-4.9444445e-11
-4.8229167e-11
-4.8020834e-11
-4.8784723e-11
-4.8090278e-11
-4.9756945e-11
-4.78125e-11
-4.7916667e-11
-4.9861112e-11
-4.8472223e-11
-4.9236112e-11
-4.9652778e-11
-4.8541667e-11
-4.8854167e-11
-4.9409723e-11
-5.0625001e-11
-4.8784723e-11
-5.013889e-11
-4.8993056e-11
-4.9479167e-11
-5.0868056e-11
-5.0381945e-11
-4.8923612e-11
-4.9444445e-11
-4.8784723e-11
-4.8750001e-11
-5.0694445e-11
-4.9722223e-11
-5.0659723e-11
-4.8541667e-11
-4.9201389e-11
-4.8888889e-11
-4.8750001e-11
-4.951389e-11
-4.9965278e-11
-5.0659723e-11
-4.8333334e-11
-5.0416667e-11
-5.0659723e-11
-5.045139e-11
-4.8159723e-11
-4.8645834e-11
-4.9548612e-11
-5.0659723e-11
-4.8784723e-11
-4.7395834e-11
-4.9270834e-11
-4.9791667e-11
-4.9097223e-11
-4.9236112e-11
-4.8368056e-11
-4.8819445e-11
-4.8750001e-11
-5.0937501e-11
-4.8888889e-11
-4.9409723e-11
-5.0208334e-11
-5.0555556e-11
-5.1041667e-11
-4.8645834e-11
-4.9444445e-11
-5.1562501e-11
-4.9340278e-11
-4.9756945e-11
-4.8229167e-11
-5.0555556e-11
-5.0972223e-11
-5.1319445e-11
-5.0034723e-11
-5.107639e-11
-4.9270834e-11
-5.0347223e-11
-5.1736112e-11
-4.9583334e-11
-5.1180556e-11
-4.8611112e-11
-4.9131945e-11
-4.9930556e-11
-4.8923612e-11
-4.8229167e-11
-4.9895834e-11
-5.0173612e-11
-4.9965278e-11
-4.8298612e-11
-4.9305556e-11
-4.9652778e-11
-4.8784723e-11
-4.9583334e-11
-4.9027778e-11
-4.9236112e-11
-4.8402778e-11
-4.8993056e-11
-4.8680556e-11
-4.9409723e-11
-4.9791667e-11
-4.8993056e-11
-4.9548612e-11
-4.8333334e-11
-4.9340278e-11
-4.951389e-11
-4.9756945e-11
-4.9201389e-11
-4.8645834e-11
-4.8819445e-11
-4.9479167e-11
-4.9756945e-11
-4.9409723e-11
-4.9131945e-11
-5.2569442e-11
-5.0173612e-11
-5.1944442e-11
-4.951389e-11
-4.9444445e-11
-4.9965278e-11
-4.9930556e-11
-5.0902779e-11
-5.2534723e-11
-5.1041667e-11
-5.0243056e-11
-4.8541667e-11
-4.9791667e-11
-4.8888889e-11
-4.7986112e-11
-4.9687501e-11
-4.8784723e-11
-4.9791667e-11
-5.1736112e-11
-5.1527779e-11
-5.1006945e-11
-4.9375001e-11
-4.9722223e-11
-5.0868056e-11
-5.1527779e-11
-4.9756945e-11
-5.0000001e-11
-4.9930556e-11
-4.9305556e-11
-4.9965278e-11
-5.0590278e-11
-4.9131945e-11
-4.9097223e-11
-5.013889e-11
-5.0555556e-11
-5.0347223e-11
-5.1319445e-11
-4.9305556e-11
-5.0833334e-11
-4.8958334e-11
-4.9027778e-11
-4.7569445e-11
-4.9548612e-11
-5.0277778e-11
-4.8402778e-11
-4.9895834e-11
-5.0729167e-11
-5.0659723e-11
-4.9895834e-11
-4.8645834e-11
-4.7847223e-11
-4.9131945e-11
-4.8784723e-11
-4.6875e-11
-4.9444445e-11
-5.013889e-11
-4.8576389e-11
-4.9687501e-11
-4.9756945e-11
-4.7743056e-11
-4.8437501e-11
-4.8680556e-11
-5.0590278e-11
-4.9722223e-11
-4.7326389e-11
-5.0833334e-11
-4.9270834e-11
-5.0034723e-11
-4.9305556e-11
-4.8680556e-11
-5.0833334e-11
-4.8368056e-11
-4.8576389e-11
-5.0104167e-11
-4.8611112e-11
-4.9965278e-11
-4.9201389e-11
-4.9930556e-11
-4.9930556e-11
-4.7743056e-11
-4.9340278e-11
-4.9062501e-11
-5.0173612e-11
-4.65625e-11
-4.7916667e-11
-5.0729167e-11
-4.9305556e-11
-4.9305556e-11
-4.8680556e-11
-5.0069445e-11
-4.9305556e-11
-5.045139e-11
-4.9166667e-11
-4.951389e-11
-4.8819445e-11
-5.0833334e-11
-4.7638889e-11
-5.045139e-11
-4.9479167e-11
-5.1250001e-11
-5.0694445e-11
-5.0208334e-11
-4.8715278e-11
-4.8715278e-11
-5.0312501e-11
-4.8750001e-11
-5.1250001e-11
-4.9756945e-11
-5.0486112e-11
-5.0243056e-11
-5.1041667e-11
-4.8923612e-11
-5.013889e-11
-4.9097223e-11
-4.9861112e-11
-4.8750001e-11
-5.0347223e-11
-5.0555556e-11
-4.8368056e-11
-4.8958334e-11
-4.8923612e-11
-4.7604167e-11
-4.7326389e-11
-4.8958334e-11
-4.8402778e-11
-4.9791667e-11
-4.8402778e-11
-5.0347223e-11
-4.7673612e-11
-4.8298612e-11
-4.9965278e-11
-4.8958334e-11
-5.0173612e-11
-4.8923612e-11
-4.9722223e-11
-4.8298612e-11
-4.5590278e-11
-4.8680556e-11
-4.9687501e-11
-4.7256945e-11
-4.7118056e-11
-4.7083334e-11
-4.9131945e-11
-4.9131945e-11
-4.8923612e-11
-4.9270834e-11
-4.9791667e-11
-4.9722223e-11
-5.0034723e-11
-4.6458334e-11
-4.9583334e-11
-4.9201389e-11
-4.8680556e-11
-5.0034723e-11
-5.1423612e-11
-5.0486112e-11
-5.0069445e-11
-5.0486112e-11
-4.9618056e-11
-4.9270834e-11
-5.0555556e-11
-5.0625001e-11
-5.1666667e-11
-5.1041667e-11
-5.2256945e-11
-5.0416667e-11
-4.8645834e-11
-5.1111112e-11
-5.1597223e-11
-4.9166667e-11
-4.9409723e-11
-4.7291667e-11
-4.8993056e-11
-4.8506945e-11
-4.9756945e-11
-4.8923612e-11
-4.9340278e-11
-4.7361112e-11
-4.951389e-11
-4.9965278e-11
-5.0243056e-11
-4.8680556e-11
-4.9965278e-11
-4.8159723e-11
-4.9131945e-11
-4.7256945e-11
-4.7638889e-11
-5.1215279e-11
-4.9375001e-11
-5.1006945e-11
-4.7847223e-11
-4.8298612e-11
-5.045139e-11
-4.9687501e-11
-5.0347223e-11
-4.8888889e-11
-4.7604167e-11
-4.8993056e-11
-4.9722223e-11
-4.8333334e-11
-4.8402778e-11
-4.9687501e-11
-4.8576389e-11
-4.8680556e-11
-4.8576389e-11
-4.8680556e-11
-5.0381945e-11
-4.7708334e-11
-4.9236112e-11
-4.5625e-11
-4.9131945e-11
-4.8680556e-11
-4.9861112e-11
-5.1458334e-11
-4.7604167e-11
-4.9722223e-11
-4.9270834e-11
-4.8229167e-11
-4.9236112e-11
-4.8645834e-11
-4.9965278e-11
-4.9340278e-11
-4.7986112e-11
-4.9652778e-11
-4.8680556e-11
-4.8993056e-11
-4.8541667e-11
-5.0069445e-11
-4.8437501e-11
-5.0104167e-11
-4.9131945e-11
-5.0173612e-11
-5.0659723e-11
-4.8576389e-11
-4.9652778e-11
-4.8576389e-11
-4.9236112e-11
-4.9791667e-11
-4.7222223e-11
-4.9618056e-11
-5.0208334e-11
-5.0972223e-11
-4.9895834e-11
-4.951389e-11
-4.7291667e-11
-4.9027778e-11
-4.8784723e-11
-4.8611112e-11
-4.8611112e-11
-4.7847223e-11
-4.982639e-11
-4.8055556e-11
-4.9201389e-11
-5.0312501e-11
-5.0000001e-11
-4.9722223e-11
-4.9131945e-11
-4.9131945e-11
-4.8090278e-11
-5.0590278e-11
-5.0000001e-11
-4.9097223e-11
-5.1770834e-11
-4.9479167e-11
-4.8854167e-11
-4.9583334e-11
-5.0937501e-11
-4.8368056e-11
-4.951389e-11
-5.1111112e-11
-4.9583334e-11
-5.0243056e-11
-4.8923612e-11
-4.8958334e-11
-4.8576389e-11
-4.9722223e-11
-4.9131945e-11
-5.0243056e-11
-4.9097223e-11
-5.1041667e-11
-5.1631945e-11
-4.8750001e-11
-5.2673612e-11
-5.2812501e-11
-5.0347223e-11
-5.2916664e-11
-5.0972223e-11
-4.9965278e-11
-4.9861112e-11
-4.9791667e-11
-5.1215279e-11
-4.9444445e-11
-5.170139e-11
-5.1319445e-11
-5.0520834e-11
-5.1979167e-11
-5.045139e-11
-5.1180556e-11
-5.0069445e-11
-5.0069445e-11
-4.9548612e-11
-5.0520834e-11
-4.9166667e-11
-5.0416667e-11
-4.9583334e-11
-4.8333334e-11
-4.9861112e-11
-5.1805553e-11
-4.8437501e-11
-4.8993056e-11
-4.951389e-11
-4.7743056e-11
-4.9201389e-11
-4.9131945e-11
-5.0729167e-11
-5.0868056e-11
-4.9305556e-11
-4.9930556e-11
-5.013889e-11
-5.0902779e-11
-4.9166667e-11
-4.8750001e-11
-5.0381945e-11
-5.1041667e-11
-4.8576389e-11
-4.9340278e-11
-5.170139e-11
-4.9930556e-11
-4.8923612e-11
-4.8750001e-11
-5.1284723e-11
-4.8333334e-11
-4.8888889e-11
-4.9097223e-11
-4.8159723e-11
-5.045139e-11
-4.8229167e-11
-4.8576389e-11
-4.982639e-11
-4.9583334e-11
-5.0243056e-11
-4.8611112e-11
-5.0069445e-11
-4.7881945e-11
-4.8854167e-11
-4.9548612e-11
-4.9791667e-11
-4.8784723e-11
-4.9305556e-11
-4.7430556e-11
-4.9965278e-11
-4.8506945e-11
-4.8819445e-11
-4.951389e-11
-4.7326389e-11
-4.8090278e-11
-5.0694445e-11
-4.9027778e-11
-5.0173612e-11
-5.0381945e-11
-5.0000001e-11
-4.9270834e-11
-4.8125001e-11
-4.8263889e-11
-5.0069445e-11
-4.9756945e-11
-4.78125e-11
-4.8194445e-11
-4.9375001e-11
-4.8506945e-11
-5.0347223e-11
-4.7638889e-11
-4.9062501e-11
-5.0381945e-11
-4.7013889e-11
-4.9756945e-11
-5.0659723e-11
-4.982639e-11
-5.1145834e-11
-4.9166667e-11
-5.0312501e-11
-4.8750001e-11
-4.9062501e-11
-4.8750001e-11
-5.0902779e-11
-4.8750001e-11
-5.0937501e-11
-5.1111112e-11
-5.0104167e-11
-4.9340278e-11
-4.9791667e-11
-4.8541667e-11
-4.7951389e-11
-4.9444445e-11
-5.013889e-11
-4.8750001e-11
-4.9097223e-11
-4.9305556e-11
-4.8472223e-11
-4.9131945e-11
-5.1805553e-11
-4.9131945e-11
-4.9375001e-11
-5.0173612e-11
-4.9340278e-11
-4.8923612e-11
-4.8541667e-11
-4.951389e-11
-4.8368056e-11
-4.7743056e-11
-5.138889e-11
-4.8506945e-11
-4.9062501e-11
-4.8680556e-11
-5.013889e-11
-4.8958334e-11
-4.8923612e-11
-5.0173612e-11
-5.1631945e-11
-4.951389e-11
-4.9548612e-11
-5.0937501e-11
-4.7847223e-11
-4.982639e-11
-4.8750001e-11
-5.1736112e-11
-4.9687501e-11
-5.0104167e-11
-5.0659723e-11
-5.1562501e-11
-5.0590278e-11
-5.0694445e-11
-4.9131945e-11
-4.9618056e-11
-5.0173612e-11
-4.9201389e-11
-5.0520834e-11
-4.8923612e-11
-4.8368056e-11
-5.0173612e-11
-4.9861112e-11
-5.0069445e-11
-4.7395834e-11
-4.8611112e-11
-4.9444445e-11
-4.9687501e-11
-4.8784723e-11
-4.8854167e-11
-4.7604167e-11
-4.9548612e-11
-5.0347223e-11
-5.0173612e-11
-4.9375001e-11
-4.9340278e-11
-5.1180556e-11
-5.1041667e-11
-4.9131945e-11
-5.1736112e-11
-5.0208334e-11
-4.9270834e-11
-5.170139e-11
-4.9097223e-11
-4.9062501e-11
-4.9444445e-11
-5.013889e-11
-5.1111112e-11
-4.8854167e-11
-5.1458334e-11
-4.9618056e-11
-4.982639e-11
-5.0069445e-11
-4.8333334e-11
-5.0659723e-11
-4.8541667e-11
-4.9340278e-11
-4.7118056e-11
-4.7569445e-11
-4.7326389e-11
-4.9131945e-11
-4.8645834e-11
-5.0381945e-11
-4.7465278e-11
-4.8506945e-11
-4.9687501e-11
-5.0902779e-11
-5.2187501e-11
-4.9583334e-11
-4.7916667e-11
-4.8715278e-11
-4.8784723e-11
-4.9201389e-11
-4.8368056e-11
-4.951389e-11
-4.951389e-11
-5.1006945e-11
-4.9791667e-11
-4.9305556e-11
-5.1284723e-11
-4.9548612e-11
-5.1319445e-11
-5.0590278e-11
-4.9895834e-11
-5.1215279e-11
-4.9305556e-11
-5.076389e-11
-5.0104167e-11
-4.9409723e-11
-4.7118056e-11
-4.8715278e-11
-5.0034723e-11
-5.0902779e-11
-4.9756945e-11
-4.8680556e-11
-5.0034723e-11
-4.8750001e-11
-4.8576389e-11
-4.8437501e-11
-4.9340278e-11
-4.9201389e-11
-4.7673612e-11
-4.8819445e-11
-4.8055556e-11
-4.6631945e-11
-4.8368056e-11
-4.7951389e-11
-4.7743056e-11
-4.9375001e-11
-4.7326389e-11
-4.9131945e-11
-4.75e-11
-4.8993056e-11
-4.9166667e-11
-4.7847223e-11
-4.9409723e-11
-4.75e-11
-4.8368056e-11
-4.8506945e-11
-4.7638889e-11
-4.8506945e-11
-4.8784723e-11
-4.7013889e-11
-4.7881945e-11
-4.9305556e-11
-4.8888889e-11
-4.7673612e-11
-4.7847223e-11
-4.8263889e-11
-4.9791667e-11
-4.7222223e-11
-4.9444445e-11
-4.9062501e-11
-4.7430556e-11
-4.9861112e-11
-4.8506945e-11
-4.8194445e-11
-4.8923612e-11
-4.9791667e-11
-4.7638889e-11
-4.8263889e-11
-4.8472223e-11
-4.8993056e-11
-4.8159723e-11
-4.951389e-11
-4.8506945e-11
-5.0208334e-11
-5.013889e-11
-4.9722223e-11
-5.0347223e-11
-5.0208334e-11
-4.8333334e-11
-4.9583334e-11
-5.0277778e-11
-5.1284723e-11
-4.8298612e-11
-5.1979167e-11
-5.0590278e-11
-5.0798612e-11
-4.8888889e-11
-5.0937501e-11
-4.8715278e-11
-4.9652778e-11
-5.0243056e-11
-4.8854167e-11
-4.9861112e-11
-4.8194445e-11
-5.1041667e-11
-4.7881945e-11
-5.1840279e-11
-4.9027778e-11
-4.9444445e-11
-4.9722223e-11
-5.0381945e-11
-4.9930556e-11
-5.076389e-11
-5.0104167e-11
-5.0416667e-11
-4.9444445e-11
-5.0347223e-11
-5.1250001e-11
-5.2013886e-11
-5.2465279e-11
-4.9756945e-11
-5.0069445e-11
-5.076389e-11
-4.9305556e-11
-5.0069445e-11
-4.9340278e-11
-5.1631945e-11
-4.8159723e-11
-5.1319445e-11
-4.8958334e-11
-5.1423612e-11
-4.8611112e-11
-4.9583334e-11
-5.0416667e-11
-4.8888889e-11
-4.7222223e-11
-4.65625e-11
-4.9548612e-11
-5.1597223e-11
-4.8541667e-11
-5.0034723e-11
-4.9166667e-11
-4.9027778e-11
-4.9756945e-11
-4.9930556e-11
-4.9131945e-11
-4.982639e-11
-4.8194445e-11
-4.8472223e-11
-4.8854167e-11
-4.8402778e-11
-4.8333334e-11
-5.1527779e-11
-4.7569445e-11
-4.8819445e-11
-5.0381945e-11
-4.8229167e-11
-4.9618056e-11
-4.8194445e-11
-4.9062501e-11
-5.0000001e-11
-4.8645834e-11
-4.8402778e-11
-5.0972223e-11
-4.8020834e-11
-4.7604167e-11
-4.8020834e-11
-4.9444445e-11
-4.8159723e-11
-4.9965278e-11
-4.6805556e-11
-4.8298612e-11
-4.7465278e-11
-4.9479167e-11
-4.8541667e-11
-4.8715278e-11
-4.6145834e-11
-4.7152778e-11
-5.0625001e-11
-4.951389e-11
-5.0277778e-11
-4.8680556e-11
-5.0173612e-11
-4.9409723e-11
-5.045139e-11
-4.8611112e-11
-4.9375001e-11
-4.8368056e-11
-4.8750001e-11
-4.8819445e-11
-4.8611112e-11
-4.8923612e-11
-4.8750001e-11
-4.9930556e-11
-4.8368056e-11
-4.8159723e-11
-5.0520834e-11
-4.7430556e-11
-4.7743056e-11
-4.9722223e-11
-5.1111112e-11
-4.9583334e-11
-4.9027778e-11
-5.0902779e-11
-4.7430556e-11
-4.8020834e-11
-4.8541667e-11
-4.8958334e-11
-4.9305556e-11
-4.7430556e-11
-4.7569445e-11
-4.9131945e-11
-4.9131945e-11
-4.9236112e-11
-5.0277778e-11
-4.8506945e-11
-4.8333334e-11
-4.7986112e-11
-4.7326389e-11
-4.7743056e-11
-4.6909723e-11
-4.7951389e-11
-4.7673612e-11
-4.9131945e-11
-4.8993056e-11
-4.9027778e-11
-4.6736112e-11
-4.7361112e-11
-4.9062501e-11
-4.7083334e-11
-4.9131945e-11
-5.0243056e-11
-4.8090278e-11
-4.9479167e-11
-4.8611112e-11
-4.7951389e-11
-4.8472223e-11
-4.8125001e-11
-4.6597223e-11
-4.7152778e-11
-4.8333334e-11
-4.8159723e-11
-4.8506945e-11
-4.9687501e-11
-4.9097223e-11
-4.7881945e-11
-4.7604167e-11
-4.7673612e-11
-4.9618056e-11
-4.8159723e-11
-4.8680556e-11
-4.8472223e-11
-4.7395834e-11
-4.8680556e-11
-4.7604167e-11
-4.7326389e-11
-4.6631945e-11
-4.7673612e-11
-4.7847223e-11
-4.8750001e-11
-4.6979167e-11
-4.8437501e-11
-4.8263889e-11
-4.8090278e-11
-4.8472223e-11
-4.8159723e-11
-4.6666667e-11
-4.7604167e-11
-4.8437501e-11
-4.8784723e-11
-4.9097223e-11
-4.8784723e-11
-4.9062501e-11
-5.0104167e-11
-4.9444445e-11
-5.013889e-11
-4.9097223e-11
-4.75e-11
-4.8368056e-11
-4.8958334e-11
-5.0381945e-11
-4.9305556e-11
-5.0520834e-11
-4.7430556e-11
-4.8576389e-11
-4.7847223e-11
-5.0208334e-11
-4.7326389e-11
-4.8784723e-11
-4.7361112e-11
-4.982639e-11
-4.7673612e-11
-5.0416667e-11
-5.0034723e-11
-4.8784723e-11
-4.7465278e-11
-4.8819445e-11
-5.0208334e-11
-4.8923612e-11
-4.8819445e-11
-5.0277778e-11
-4.8819445e-11
-4.75e-11
-4.8854167e-11
-4.9340278e-11
-4.8437501e-11
-4.5972223e-11
-4.9687501e-11
-4.7604167e-11
-4.7847223e-11
-4.9131945e-11
-4.8472223e-11
-5.0729167e-11
-4.9652778e-11
-4.8472223e-11
-4.7847223e-11
-4.8333334e-11
-4.71875e-11
-4.8611112e-11
-4.8090278e-11
-4.8958334e-11
-4.7361112e-11
-4.8784723e-11
-4.7847223e-11
-4.8541667e-11
-4.8680556e-11
-4.7743056e-11
-4.9965278e-11
-4.9166667e-11
-4.9201389e-11
-4.8229167e-11
-4.7743056e-11
-4.8819445e-11
-4.8715278e-11
-4.8090278e-11
-4.8229167e-11
-4.7048612e-11
-4.9097223e-11
-4.9236112e-11
-4.9097223e-11
-4.6736112e-11
-4.8715278e-11
-4.7152778e-11
-4.8645834e-11
-4.9097223e-11
-4.7152778e-11
-4.7638889e-11
-4.9062501e-11
-4.8263889e-11
-4.7743056e-11
-4.8333334e-11
-4.9618056e-11
-4.6909723e-11
-4.8125001e-11
-4.7951389e-11
-4.8229167e-11
-4.5902778e-11
-4.7951389e-11
-4.9375001e-11
-5.0520834e-11
-4.7881945e-11
-4.8576389e-11
-4.8298612e-11
-4.6041667e-11
-4.8194445e-11
-4.7534723e-11
-4.6875e-11
-4.9722223e-11
-4.9861112e-11
-5.0486112e-11
-4.7395834e-11
-4.7673612e-11
-4.6770834e-11
-4.7222223e-11
-4.65625e-11
-4.7083334e-11
-4.8159723e-11
-4.7569445e-11
-5.0486112e-11
-4.9375001e-11
-4.6840278e-11
-4.7986112e-11
-4.7673612e-11
-4.9444445e-11
-4.7604167e-11
-4.6458334e-11
-4.8263889e-11
-4.8125001e-11
-4.7256945e-11
-4.8472223e-11
-4.7256945e-11
-5.045139e-11
-4.6388889e-11
-5.0798612e-11
-4.7638889e-11
-4.6111111e-11
-4.7152778e-11
-4.9652778e-11
-4.7986112e-11
-4.9965278e-11
-4.9409723e-11
-4.8645834e-11
-4.8958334e-11
-5.0312501e-11
-4.9062501e-11
-4.8854167e-11
-4.7048612e-11
-4.7013889e-11
-4.7638889e-11
-4.9131945e-11
-4.6840278e-11
-4.8750001e-11
-4.8993056e-11
-4.8680556e-11
-4.8750001e-11
-4.7881945e-11
-4.9409723e-11
-4.8194445e-11
-4.8680556e-11
-4.8194445e-11
-4.8194445e-11
-4.9722223e-11
-4.7881945e-11
-4.8333334e-11
-4.7986112e-11
-4.7430556e-11
-4.9305556e-11
-5.0000001e-11
-4.9687501e-11
-4.6631945e-11
-4.8854167e-11
-4.7777778e-11
-4.7986112e-11
-4.6215278e-11
-4.7256945e-11
-4.7048612e-11
-4.9444445e-11
-4.7013889e-11
-4.8576389e-11
-4.8229167e-11
-4.78125e-11
-4.9270834e-11
-4.8020834e-11
-4.625e-11
-5.0312501e-11
-4.8194445e-11
-4.7708334e-11
-4.7951389e-11
-4.7430556e-11
-4.8506945e-11
-4.7083334e-11
-4.9791667e-11
-4.9479167e-11
-4.9097223e-11
-4.8298612e-11
-4.8402778e-11
-4.71875e-11
-4.8368056e-11
-4.8055556e-11
-4.8923612e-11
-4.8229167e-11
-4.5833334e-11
-4.9479167e-11
-4.8611112e-11
-4.75e-11
-4.9895834e-11
-4.8229167e-11
-4.8611112e-11
-4.9930556e-11
-4.8368056e-11
-4.8576389e-11
-4.8020834e-11
-4.8402778e-11
-4.8854167e-11
-5.0659723e-11
-4.8159723e-11
-4.6805556e-11
-5.013889e-11
-5.0590278e-11
-5.0208334e-11
-4.78125e-11
-5.0277778e-11
-4.9305556e-11
-4.9340278e-11
-4.9583334e-11
-4.9409723e-11
-4.8125001e-11
-4.9583334e-11
-4.8888889e-11
-4.7256945e-11
-4.9027778e-11
-4.8923612e-11
-4.7569445e-11
-4.8194445e-11
-4.8715278e-11
-4.8784723e-11
-4.8368056e-11
-4.7777778e-11
-4.9652778e-11
-4.9097223e-11
-4.8923612e-11
-4.9201389e-11
-4.9340278e-11
-4.9340278e-11
-4.9166667e-11
-4.9965278e-11
-4.8263889e-11
-4.8055556e-11
-4.8402778e-11
-4.9131945e-11
-4.9548612e-11
-4.8333334e-11
-4.9131945e-11
-4.8576389e-11
-5.0347223e-11
-4.9479167e-11
-4.8819445e-11
-4.7916667e-11
-4.8298612e-11
-4.9340278e-11
-4.7395834e-11
-4.6805556e-11
-4.7847223e-11
-4.71875e-11
-4.8263889e-11
-4.8055556e-11
-4.9270834e-11
-4.9270834e-11
-4.8750001e-11
-4.8263889e-11
-4.9965278e-11
-4.8506945e-11
-4.9340278e-11
-4.8854167e-11
-5.0243056e-11
-4.8333334e-11
-4.9618056e-11
-4.8298612e-11
-5.0555556e-11
-4.9201389e-11
-4.7430556e-11
-4.9375001e-11
-5.013889e-11
-4.8750001e-11
-4.8368056e-11
-4.7916667e-11
-5.0208334e-11
-4.7465278e-11
-4.8611112e-11
-4.9305556e-11
-4.9340278e-11
-4.7916667e-11
-4.8854167e-11
-4.9895834e-11
-4.7118056e-11
-4.8541667e-11
-4.8229167e-11
-4.71875e-11
-4.8645834e-11
-4.7847223e-11
-4.8506945e-11
-4.5208334e-11
-4.9340278e-11
-4.9201389e-11
-5.0833334e-11
-4.7152778e-11
-4.7395834e-11
-4.7569445e-11
-4.8576389e-11
-4.9375001e-11
-4.7013889e-11
-4.8194445e-11
-4.7569445e-11
-4.8506945e-11
-4.8402778e-11
-4.8194445e-11
-4.9027778e-11
-4.7395834e-11
-4.8125001e-11
-4.8819445e-11
-4.9444445e-11
-4.8958334e-11
-4.9895834e-11
-4.7569445e-11
-4.9687501e-11
-4.8819445e-11
-5.0104167e-11
-4.8611112e-11
-4.7951389e-11
-4.8402778e-11
-4.6527778e-11
-5.0069445e-11
-4.9409723e-11
-5.1215279e-11
-4.9687501e-11
-4.6493056e-11
-4.6979167e-11
-4.8055556e-11
-5.0277778e-11
-4.9097223e-11
-5.0277778e-11
-4.9548612e-11
-4.8472223e-11
-4.8125001e-11
-4.8437501e-11
-4.9305556e-11
-4.9270834e-11
-4.982639e-11
-4.8402778e-11
-4.8854167e-11
-4.9618056e-11
-4.8958334e-11
-4.9652778e-11
-4.9131945e-11
-5.0069445e-11
-4.8888889e-11
-4.7881945e-11
-4.9548612e-11
-4.9305556e-11
-4.8958334e-11
-4.78125e-11
-4.9791667e-11
-4.71875e-11
-4.7569445e-11
-5.0972223e-11
-4.7326389e-11
-4.6284723e-11
-4.7465278e-11
-4.7430556e-11
-5.0173612e-11
-4.6701389e-11
-4.8090278e-11
-4.8402778e-11
-4.71875e-11
-4.8854167e-11
-4.8055556e-11
-4.8229167e-11
-4.7916667e-11
-4.5868056e-11
-4.8750001e-11
-4.7604167e-11
-4.8888889e-11
-4.8055556e-11
-4.8472223e-11
-4.8541667e-11
-4.6840278e-11
-4.7951389e-11
-4.9236112e-11
-4.8784723e-11
-4.8125001e-11
-4.7708334e-11
-4.7013889e-11
-4.7881945e-11
-4.8437501e-11
-4.9062501e-11
-4.7430556e-11
-4.5104167e-11
-4.6284723e-11
-4.8229167e-11
-4.8958334e-11
-4.71875e-11
-4.6145834e-11
-4.8368056e-11
-4.6840278e-11
-4.6736112e-11
-4.7777778e-11
-4.8125001e-11
-4.7673612e-11
-4.9305556e-11
-4.7708334e-11
-4.6701389e-11
-4.6770834e-11
-4.9583334e-11
-4.71875e-11
-4.9340278e-11
-4.7951389e-11
-4.9236112e-11
-4.5416667e-11
-4.8125001e-11
-4.8784723e-11
-4.7777778e-11
-4.8854167e-11
-4.78125e-11
-4.8888889e-11
-4.71875e-11
-4.8402778e-11
-4.8506945e-11
-4.8819445e-11
-4.7465278e-11
-4.9201389e-11
-4.7777778e-11
-4.9965278e-11
-4.7048612e-11
-4.8715278e-11
-4.9062501e-11
-4.9131945e-11
-4.8888889e-11
-4.9236112e-11
-4.9618056e-11
-4.7708334e-11
-4.9062501e-11
-4.6423611e-11
-4.8715278e-11
-4.7708334e-11
-4.7569445e-11
-4.9409723e-11
-4.9375001e-11
-4.9583334e-11
-4.8611112e-11
-5.0868056e-11
-5.0486112e-11
-5.0625001e-11
-4.9583334e-11
-4.9305556e-11
-5.0486112e-11
-5.013889e-11
-4.7465278e-11
-4.9687501e-11
-5.045139e-11
-5.0000001e-11
-4.7048612e-11
-5.0798612e-11
-4.9340278e-11
-4.7777778e-11
-4.7291667e-11
-4.8125001e-11
-4.7881945e-11
-4.8194445e-11
-4.6736112e-11
-4.6388889e-11
-4.8402778e-11
-4.75e-11
-4.8125001e-11
-4.6840278e-11
-4.9062501e-11
-4.8472223e-11
-4.9791667e-11
-4.8194445e-11
-4.7291667e-11
-5.0555556e-11
-4.7534723e-11
-4.8229167e-11
-4.71875e-11
-4.6875e-11
-4.8541667e-11
-4.7847223e-11
-4.8229167e-11
-4.8368056e-11
-4.65625e-11
-4.7152778e-11
-4.7881945e-11
-4.8993056e-11
-4.6770834e-11
-4.8993056e-11
-4.9652778e-11
-4.8333334e-11
-4.7743056e-11
-4.9791667e-11
-4.7326389e-11
-4.7534723e-11
-4.7569445e-11
-4.9930556e-11
-4.7118056e-11
-4.7430556e-11
-4.5590278e-11
-4.8645834e-11
-4.5520834e-11
-4.9930556e-11
-4.9479167e-11
-4.7048612e-11
-4.8437501e-11
-4.7881945e-11
-4.8680556e-11
-4.9791667e-11
-5.0833334e-11
-4.7638889e-11
-4.9305556e-11
-4.7847223e-11
-4.6736112e-11
-4.7847223e-11
-4.7673612e-11
-4.8194445e-11
-4.7152778e-11
-4.8437501e-11
-5.0625001e-11
-4.7569445e-11
-4.7430556e-11
-4.7534723e-11
-4.8854167e-11
-4.8680556e-11
-4.8298612e-11
-4.7361112e-11
-4.7951389e-11
-4.8680556e-11
-5.0833334e-11
-4.8645834e-11
-4.7569445e-11
-4.8159723e-11
-4.8506945e-11
-4.9270834e-11
-4.7847223e-11
-4.7048612e-11
-4.7569445e-11
-4.6736112e-11
-4.9791667e-11
-4.78125e-11
-4.8333334e-11
-5.0312501e-11
-4.8402778e-11
-4.8368056e-11
-4.8680556e-11
-4.8506945e-11
-5.0277778e-11
-5.0034723e-11
-5.1041667e-11
-5.2013886e-11
-5.107639e-11
-4.8750001e-11
-4.8750001e-11
-4.75e-11
-4.8368056e-11
-4.9340278e-11
-4.7222223e-11
-5.0277778e-11
-4.8437501e-11
-4.6840278e-11
-4.71875e-11
-4.9444445e-11
-4.6770834e-11
-4.7638889e-11
-4.7569445e-11
-4.6770834e-11
-4.6215278e-11
-4.8819445e-11
-4.9652778e-11
-4.7777778e-11
-4.8472223e-11
-4.9305556e-11
-5.0104167e-11
-5.0173612e-11
-4.7256945e-11
-4.8888889e-11
-4.8333334e-11
-4.8159723e-11
-4.7847223e-11
-4.8298612e-11
-4.9652778e-11
-4.8159723e-11
-4.8263889e-11
-4.9305556e-11
-4.7951389e-11
-4.6423611e-11
-4.9236112e-11
-4.6631945e-11
-4.9062501e-11
-4.8541667e-11
-4.8368056e-11
-4.8020834e-11
-4.6423611e-11
-4.8993056e-11
-4.8159723e-11
-4.8020834e-11
-4.5104167e-11
-4.5972223e-11
-4.9305556e-11
-4.7465278e-11
-4.9236112e-11
-4.9166667e-11
-4.9861112e-11
-4.8090278e-11
-4.8159723e-11
-5.0000001e-11
-4.8923612e-11
-4.8159723e-11
-4.7048612e-11
-4.8333334e-11
-4.7638889e-11
-4.7847223e-11
-4.9201389e-11
-4.8368056e-11
-4.9201389e-11
-4.8298612e-11
-4.8472223e-11
-4.9062501e-11
-4.8125001e-11
-4.8159723e-11
-4.8576389e-11
-4.8437501e-11
-4.7534723e-11
-4.9270834e-11
-4.9340278e-11
-4.8576389e-11
-4.9236112e-11
-4.8333334e-11
-4.8993056e-11
-4.8402778e-11
-4.7465278e-11
-4.7256945e-11
-4.75e-11
-4.7152778e-11
-4.7534723e-11
-4.9583334e-11
-4.8333334e-11
-4.8020834e-11
-4.8715278e-11
-4.8333334e-11
-4.7847223e-11
-4.6597223e-11
-4.9965278e-11
-5.0729167e-11
-4.951389e-11
-4.7951389e-11
-4.9652778e-11
-4.7881945e-11
-4.8541667e-11
-4.7465278e-11
-4.9548612e-11
-4.8090278e-11
-4.7708334e-11
-4.8194445e-11
-4.9652778e-11
-4.625e-11
-4.8645834e-11
-4.8229167e-11
-4.982639e-11
-4.8645834e-11
-4.9652778e-11
-4.8750001e-11
-4.8680556e-11
-4.8229167e-11
-4.7951389e-11
-4.7916667e-11
-4.7534723e-11
-4.6458334e-11
-4.9166667e-11
-4.7291667e-11
-4.7291667e-11
-4.7951389e-11
-4.8715278e-11
-4.8368056e-11
-4.625e-11
-4.8923612e-11
-4.8090278e-11
-4.8923612e-11
-4.8263889e-11
-4.7604167e-11
-4.8368056e-11
-4.8333334e-11
-4.7291667e-11
-4.7986112e-11
-4.7048612e-11
-4.8402778e-11
-4.8819445e-11
-4.6805556e-11
-5.076389e-11
-4.6736112e-11
-4.9479167e-11
-5.0972223e-11
-4.7951389e-11
-5.1111112e-11
-4.78125e-11
-4.8159723e-11
-4.8437501e-11
-4.8125001e-11
-4.7118056e-11
-4.7430556e-11
-4.8368056e-11
-4.7222223e-11
-4.71875e-11
-4.9791667e-11
-4.8229167e-11
-4.9131945e-11
-4.9375001e-11
-4.6701389e-11
-4.9097223e-11
-4.6423611e-11
-4.8958334e-11
-4.7951389e-11
-4.9305556e-11
-4.9236112e-11
-4.6493056e-11
-4.8263889e-11
-4.6597223e-11
-4.8333334e-11
-4.9236112e-11
-4.8993056e-11
-4.9027778e-11
-4.8402778e-11
-4.8680556e-11
-4.8263889e-11
-4.9027778e-11
-4.7986112e-11
-4.7430556e-11
-5.0416667e-11
-4.9305556e-11
-4.8715278e-11
-4.9652778e-11
-4.8402778e-11
-4.8020834e-11
-4.7638889e-11
-4.8333334e-11
-4.7881945e-11
-4.7534723e-11
-4.7881945e-11
-4.9479167e-11
-5.0659723e-11
-4.982639e-11
-4.8020834e-11
-5.2569442e-11
-4.9340278e-11
-4.9861112e-11
-4.8333334e-11
-4.8229167e-11
-4.9270834e-11
-5.0208334e-11
-4.9305556e-11
-4.8333334e-11
-5.0069445e-11
-4.8298612e-11
-5.1597223e-11
-4.982639e-11
-4.8437501e-11
-5.0347223e-11
-4.7048612e-11
-4.8611112e-11
-5.0173612e-11
-4.7638889e-11
-4.9409723e-11
-4.9652778e-11
-4.9097223e-11
-4.71875e-11
-4.6701389e-11
-4.7465278e-11
-4.9340278e-11
-4.9479167e-11
-4.8506945e-11
-4.8472223e-11
-4.8472223e-11
-4.8958334e-11
-4.6736112e-11
-4.8090278e-11
-4.7916667e-11
-4.7395834e-11
-4.9479167e-11
-4.8715278e-11
-4.8611112e-11
-4.78125e-11
-4.8263889e-11
-4.71875e-11
-4.7604167e-11
-4.7951389e-11
-5.0347223e-11
-4.8611112e-11
-4.8090278e-11
-4.7361112e-11
-4.8645834e-11
-4.8993056e-11
-4.8611112e-11
-4.8090278e-11
-4.8368056e-11
-4.9583334e-11
-4.9340278e-11
-4.7847223e-11
-4.8229167e-11
-4.9479167e-11
-4.7916667e-11
-4.9687501e-11
-4.8229167e-11
-4.6805556e-11
-4.8333334e-11
-4.6736112e-11
-4.6805556e-11
-4.9722223e-11
-4.6145834e-11
-4.8472223e-11
-4.7847223e-11
-4.7708334e-11
-4.7638889e-11
-4.6319445e-11
-4.8229167e-11
-4.8854167e-11
-4.7777778e-11
-4.6840278e-11
-4.8541667e-11
-4.8576389e-11
-4.8055556e-11
-4.7777778e-11
-4.9097223e-11
-4.78125e-11
-4.8333334e-11
-4.7986112e-11
-4.8229167e-11
-4.8645834e-11
-4.8750001e-11
-4.8229167e-11
-4.7881945e-11
-4.7534723e-11
-4.7951389e-11
-4.7430556e-11
-4.9027778e-11
-4.75e-11
-4.8125001e-11
-4.7569445e-11
-5.0069445e-11
-5.0208334e-11
-4.6805556e-11
-5.0104167e-11
-5.0312501e-11
-4.9201389e-11
-5.0416667e-11
-4.8611112e-11
-4.8333334e-11
-4.7951389e-11
-5.0659723e-11
-4.7673612e-11
-4.7152778e-11
-4.8750001e-11
-4.8402778e-11
-4.9861112e-11
-4.8784723e-11
-5.0902779e-11
-4.9166667e-11
-4.9340278e-11
-4.7118056e-11
-4.9340278e-11
-4.8263889e-11
-4.8263889e-11
-4.8055556e-11
-4.9201389e-11
-5.0347223e-11
-4.7534723e-11
-5.1597223e-11
-5.1666667e-11
-4.9062501e-11
-4.8576389e-11
-4.9687501e-11
-5.0104167e-11
-4.8402778e-11
-5.013889e-11
-4.9131945e-11
-4.8020834e-11
-4.9583334e-11
-4.9618056e-11
-4.8368056e-11
-4.8645834e-11
-4.7638889e-11
-4.7951389e-11
-4.8402778e-11
-4.7951389e-11
-5.0798612e-11
-4.8541667e-11
-5.076389e-11
-5.045139e-11
-4.7222223e-11
-4.8645834e-11
-4.9270834e-11
-5.0312501e-11
-4.9375001e-11
-4.9097223e-11
-4.8402778e-11
-4.7986112e-11
-4.6770834e-11
-4.9548612e-11
-4.7430556e-11
-4.9791667e-11
-4.8680556e-11
-4.7986112e-11
-4.6944445e-11
-4.7673612e-11
-4.6944445e-11
-4.7256945e-11
-4.7430556e-11
-4.7361112e-11
-4.8194445e-11
-4.6423611e-11
-4.8055556e-11
-4.9062501e-11
-4.951389e-11
-4.7777778e-11
-4.7916667e-11
-4.5e-11
-4.7465278e-11
-4.8263889e-11
-4.8506945e-11
-4.8333334e-11
-4.8263889e-11
-4.7118056e-11
-4.7326389e-11
-4.8784723e-11
-4.8888889e-11
-4.8402778e-11
-4.6909723e-11
-4.7395834e-11
-4.9027778e-11
-4.7569445e-11
-4.9652778e-11
-4.6423611e-11
-4.8020834e-11
-4.75e-11
-4.9340278e-11
-4.8368056e-11
-4.7777778e-11
-4.7743056e-11
-4.8645834e-11
-4.8750001e-11
-4.8715278e-11
-5.0590278e-11
-4.8194445e-11
-4.9097223e-11
-4.6527778e-11
-4.9027778e-11
-4.8298612e-11
-4.7465278e-11
-4.7326389e-11
-4.951389e-11
-4.8194445e-11
-4.8194445e-11
-4.8472223e-11
-4.6006945e-11
-4.8125001e-11
-4.7673612e-11
-4.9548612e-11
-4.9166667e-11
-4.75e-11
-4.9548612e-11
-4.8645834e-11
-4.7708334e-11
-4.7881945e-11
-4.8576389e-11
-5.0277778e-11
-4.9236112e-11
-4.8298612e-11
-4.8611112e-11
-4.78125e-11
-4.9270834e-11
-4.6736112e-11
-4.9027778e-11
-4.8750001e-11
-4.8368056e-11
-4.8888889e-11
-4.7048612e-11
-4.8715278e-11
-4.8159723e-11
-4.8958334e-11
-4.9097223e-11
-4.8298612e-11
-4.7916667e-11
-4.7638889e-11
-4.8888889e-11
-4.6527778e-11
-4.7395834e-11
-4.9305556e-11
-4.9166667e-11
-5.0833334e-11
-4.8506945e-11
-4.8159723e-11
-4.8506945e-11
-4.7013889e-11
-4.9548612e-11
-4.6284723e-11
-4.7048612e-11
-4.8055556e-11
-4.8680556e-11
-4.7777778e-11
-4.7916667e-11
-4.6145834e-11
-4.7881945e-11
-4.7326389e-11
-4.8611112e-11
-4.6944445e-11
-4.7986112e-11
-4.8263889e-11
-4.75e-11
-4.6631945e-11
-4.8854167e-11
-4.9652778e-11
-4.7881945e-11
-4.7326389e-11
-4.8125001e-11
-5.0347223e-11
-4.7569445e-11
-4.6458334e-11
-4.8055556e-11
-4.8506945e-11
-4.8263889e-11
-4.8784723e-11
-4.9062501e-11
-5.0486112e-11
-4.8854167e-11
-4.9583334e-11
-4.7465278e-11
-4.9166667e-11
-4.7777778e-11
-4.8576389e-11
-4.8333334e-11
-4.8055556e-11
-5.045139e-11
-5.0312501e-11
-5.0312501e-11
-4.9756945e-11
-4.6354167e-11
-4.8194445e-11
-4.9444445e-11
-4.8055556e-11
-4.75e-11
-4.65625e-11
-4.7256945e-11
-4.65625e-11
-4.9097223e-11
-4.5972223e-11
-4.8402778e-11
-4.8437501e-11
-4.8125001e-11
-4.6701389e-11
-4.8229167e-11
-4.7673612e-11
-4.8402778e-11
-4.8888889e-11
-4.71875e-11
-4.9375001e-11
-5.0416667e-11
-4.8506945e-11
-4.9166667e-11
-4.40625e-11
-4.8958334e-11
-4.8055556e-11
-4.78125e-11
-4.78125e-11
-4.7222223e-11
-4.7256945e-11
-4.5208334e-11
-4.6597223e-11
-4.8437501e-11
-4.8680556e-11
-4.9027778e-11
-4.6006945e-11
-4.6944445e-11
-5.0659723e-11
-4.8020834e-11
-4.7604167e-11
-4.7847223e-11
-4.9479167e-11
-4.6909723e-11
-4.5868056e-11
-4.9687501e-11
-4.6944445e-11
-4.6979167e-11
-4.8437501e-11
-4.78125e-11
-4.6597223e-11
-4.7534723e-11
-4.8020834e-11
-4.6736112e-11
-4.8472223e-11
-4.6145834e-11
-4.7361112e-11
-4.7638889e-11
-4.8229167e-11
-4.7708334e-11
-4.8159723e-11
-4.6701389e-11
-4.9097223e-11
-4.6319445e-11
-4.7604167e-11
-4.8541667e-11
-4.8923612e-11
-4.8506945e-11
-4.8715278e-11
-4.6458334e-11
-4.8402778e-11
-4.7534723e-11
-4.7673612e-11
-4.7916667e-11
-4.7118056e-11
-4.5208334e-11
-4.7326389e-11
-4.59375e-11
-4.7256945e-11
-4.8645834e-11
-4.8750001e-11
-4.59375e-11
-4.9548612e-11
-4.6909723e-11
-4.7673612e-11
-5.0625001e-11
-4.8576389e-11
-4.8541667e-11
-4.9687501e-11
-4.9340278e-11
-4.8298612e-11
-4.9548612e-11
-4.7361112e-11
-4.8541667e-11
-4.8229167e-11
-4.8645834e-11
-4.951389e-11
-4.8576389e-11
-4.8611112e-11
-4.9583334e-11
-4.8784723e-11
-4.8680556e-11
-4.9965278e-11
-4.8298612e-11
-4.9270834e-11
-5.0729167e-11
-4.9166667e-11
-5.0937501e-11
-5.0000001e-11
-4.7881945e-11
-5.0590278e-11
-4.8506945e-11
-5.0520834e-11
-4.9583334e-11
-4.982639e-11
-4.9479167e-11
-4.9583334e-11
-5.0208334e-11
-4.9027778e-11
-4.7916667e-11
-4.8437501e-11
-4.8750001e-11
-4.8576389e-11
-4.9270834e-11
-4.9340278e-11
-4.9548612e-11
-4.8541667e-11
-4.8090278e-11
-4.8020834e-11
-4.9131945e-11
-4.8263889e-11
-4.8402778e-11
-4.8819445e-11
-4.9236112e-11
-4.8159723e-11
-4.6493056e-11
-4.6527778e-11
-4.8888889e-11
-4.9722223e-11
-4.78125e-11
-4.7604167e-11
-4.8888889e-11
-4.7569445e-11
-4.7118056e-11
-4.8055556e-11
-4.7430556e-11
-4.8020834e-11
-4.8194445e-11
-5.0034723e-11
-4.7604167e-11
-4.9375001e-11
-4.8506945e-11
-4.8125001e-11
-4.7430556e-11
-4.9722223e-11
-4.8576389e-11
-4.7291667e-11
-4.8437501e-11
-4.7673612e-11
-4.8541667e-11
-4.7951389e-11
-4.8263889e-11
-4.8784723e-11
-4.9687501e-11
-4.8819445e-11
-4.7152778e-11
-4.7881945e-11
-4.8402778e-11
-4.6458334e-11
-4.8055556e-11
-4.7638889e-11
-4.6979167e-11
-4.982639e-11
-4.8055556e-11
-4.9479167e-11
-4.9444445e-11
-4.7847223e-11
-4.9652778e-11
-4.8437501e-11
-4.9131945e-11
-5.0069445e-11
-4.6944445e-11
-4.9930556e-11
-4.7118056e-11
-4.7361112e-11
-4.8055556e-11
-4.8368056e-11
-4.7638889e-11
-4.8437501e-11
-5.0000001e-11
-5.0902779e-11
-4.6631945e-11
-4.9375001e-11
-4.8576389e-11
-4.7638889e-11
-4.9062501e-11
-4.8819445e-11
-4.9236112e-11
-4.8923612e-11
-4.7430556e-11
-4.8819445e-11
-4.5833334e-11
-5.0000001e-11
-4.8854167e-11
-4.9201389e-11
-4.8020834e-11
-4.9687501e-11
-4.8576389e-11
-4.8055556e-11
-4.8159723e-11
-4.8750001e-11
-4.8263889e-11
-5.0555556e-11
-4.9722223e-11
-4.8472223e-11
-5.0208334e-11
-4.951389e-11
-5.0277778e-11
-5.0069445e-11
-5.0659723e-11
-4.9583334e-11
-4.8680556e-11
-4.9618056e-11
-5.0312501e-11
-4.9027778e-11
-5.1284723e-11
-4.8368056e-11
-4.9270834e-11
-4.9131945e-11
-4.7048612e-11
-4.7916667e-11
-4.8819445e-11
-4.8472223e-11
-4.6354167e-11
-4.7430556e-11
-4.8333334e-11
-4.8020834e-11
-4.9756945e-11
-4.8298612e-11
-4.8680556e-11
-4.7534723e-11
-4.9895834e-11
-4.9166667e-11
-4.8020834e-11
-4.7847223e-11
-4.8263889e-11
-4.8055556e-11
-4.8472223e-11
-4.8923612e-11
-4.6458334e-11
-4.9166667e-11
-4.7986112e-11
-4.8611112e-11
-4.71875e-11
-4.8645834e-11
-4.8298612e-11
-4.9131945e-11
-4.7743056e-11
-4.9409723e-11
-4.8368056e-11
-4.9618056e-11
-4.8854167e-11
-4.7847223e-11
-4.75e-11
-4.9618056e-11
-4.8611112e-11
-4.9930556e-11
-4.7916667e-11
-4.7604167e-11
-4.8298612e-11
-4.6597223e-11
-4.8784723e-11
-4.7534723e-11
-5.0555556e-11
-4.8611112e-11
-4.8819445e-11
-4.9027778e-11
-4.6909723e-11
-4.8611112e-11
-4.6909723e-11
-4.7916667e-11
-4.75e-11
-4.6493056e-11
-4.6770834e-11
-4.9166667e-11
-4.7986112e-11
-5.0625001e-11
-5.0277778e-11
-5.0277778e-11
-4.9166667e-11
-5.1458334e-11
-4.9583334e-11
-4.982639e-11
-5.0381945e-11
-4.8923612e-11
-4.9548612e-11
-4.9166667e-11
-5.0486112e-11
-4.8888889e-11
-4.8923612e-11
-4.9340278e-11
-4.9131945e-11
-4.78125e-11
-4.8472223e-11
-4.8611112e-11
-4.9548612e-11
-5.170139e-11
-4.8472223e-11
-4.78125e-11
-4.8645834e-11
-4.8784723e-11
-4.8750001e-11
-4.7708334e-11
-4.8680556e-11
-5.0416667e-11
-5.0208334e-11
-4.7291667e-11
-4.6805556e-11
-4.9756945e-11
-4.9027778e-11
-4.8888889e-11
-4.9722223e-11
-4.7708334e-11
-4.8923612e-11
-4.8402778e-11
-5.0069445e-11
-4.75e-11
-4.7465278e-11
-4.7951389e-11
-4.8472223e-11
-4.7777778e-11
-4.8993056e-11
-4.9027778e-11
-4.9131945e-11
-4.8298612e-11
-4.7951389e-11
-4.6979167e-11
-4.7777778e-11
-4.7465278e-11
-4.7951389e-11
-4.9236112e-11
-4.9409723e-11
-4.9479167e-11
-4.9027778e-11
-4.9062501e-11
-4.7430556e-11
-4.9166667e-11
-5.0381945e-11
-4.9409723e-11
-4.7465278e-11
-4.8402778e-11
-4.7326389e-11
-4.7222223e-11
-5.0416667e-11
-4.7986112e-11
-4.7916667e-11
-4.9027778e-11
-4.9756945e-11
-4.9062501e-11
-4.8125001e-11
-4.8020834e-11
-5.0243056e-11
-4.8090278e-11
-4.982639e-11
-5.0416667e-11
-4.8368056e-11
-5.0208334e-11
-4.9236112e-11
-4.7708334e-11
-4.71875e-11
-4.8125001e-11
-4.9861112e-11
-4.5486111e-11
-4.9236112e-11
-4.8541667e-11
-5.0243056e-11
-4.8854167e-11
-4.9062501e-11
-4.8541667e-11
-4.7986112e-11
-4.9583334e-11
-4.7847223e-11
-5.107639e-11
-4.7118056e-11
-4.8194445e-11
-4.8298612e-11
-4.9756945e-11
-4.9201389e-11
-5.0381945e-11
-4.9687501e-11
-5.0312501e-11
-4.9131945e-11
-4.8125001e-11
-5.0868056e-11
-4.9201389e-11
-5.0069445e-11
-4.8819445e-11
-5.1006945e-11
-5.1180556e-11
-4.8576389e-11
-4.951389e-11
-4.8854167e-11
-4.9201389e-11
-4.9583334e-11
-4.8194445e-11
-4.9930556e-11
-5.0000001e-11
-4.8541667e-11
-5.1284723e-11
-4.9236112e-11
-4.9861112e-11
-4.8020834e-11
-4.8784723e-11
-4.9236112e-11
-4.8993056e-11
-4.8819445e-11
-4.7604167e-11
-4.8333334e-11
-4.7986112e-11
-4.9166667e-11
-4.7916667e-11
-4.8715278e-11
-4.8159723e-11
-4.8715278e-11
-4.8541667e-11
-4.8784723e-11
-4.71875e-11
-4.8229167e-11
-4.6805556e-11
-4.9062501e-11
-4.8125001e-11
-4.6770834e-11
-4.7569445e-11
-4.7291667e-11
-4.7777778e-11
-4.8402778e-11
-4.8923612e-11
-4.8125001e-11
-4.6979167e-11
-4.625e-11
-4.8020834e-11
-4.8229167e-11
-4.7986112e-11
-4.7291667e-11
-5.045139e-11
-4.7083334e-11
-4.9097223e-11
-5.1874997e-11
-4.7222223e-11
-5.0625001e-11
-4.6909723e-11
-5.0069445e-11
-4.7847223e-11
-4.7708334e-11
-4.7083334e-11
-4.9375001e-11
-4.9201389e-11
-4.7777778e-11
-5.1006945e-11
-4.65625e-11
-4.8263889e-11
-4.8854167e-11
-4.6423611e-11
-5.0104167e-11
-4.7534723e-11
-4.9618056e-11
-4.8784723e-11
-4.8993056e-11
-4.8923612e-11
-4.8784723e-11
-4.8993056e-11
-4.9270834e-11
-4.8854167e-11
-4.8888889e-11
-4.7152778e-11
-4.9375001e-11
-5.0000001e-11
-4.8368056e-11
-4.6458334e-11
-4.7986112e-11
-4.6770834e-11
-4.8750001e-11
-4.8611112e-11
-4.7604167e-11
-4.7986112e-11
-4.8784723e-11
-4.7604167e-11
-4.8645834e-11
-4.9409723e-11
-4.9166667e-11
-4.9097223e-11
-4.9305556e-11
-4.9444445e-11
-4.9548612e-11
-4.7881945e-11
-4.9930556e-11
-4.8055556e-11
-4.8819445e-11
-5.013889e-11
-4.8229167e-11
-5.0902779e-11
-4.9166667e-11
-5.0937501e-11
-4.8645834e-11
-4.8645834e-11
-4.9131945e-11
-4.9548612e-11
-4.7881945e-11
-4.9930556e-11
-4.8958334e-11
-4.9722223e-11
-4.8298612e-11
-4.9756945e-11
-5.0208334e-11
-4.9097223e-11
-5.0729167e-11
-4.8229167e-11
-4.9409723e-11
-4.8958334e-11
-4.9756945e-11
-4.8263889e-11
-4.8402778e-11
-4.9791667e-11
-4.7916667e-11
-4.8576389e-11
-4.9131945e-11
-4.7291667e-11
-4.9548612e-11
-4.8368056e-11
-4.8090278e-11
-4.8472223e-11
-4.8090278e-11
-5.0000001e-11
-4.8055556e-11
-4.9756945e-11
-5.2569442e-11
-4.9965278e-11
-4.8888889e-11
-5.0173612e-11
-4.6736112e-11
-4.9375001e-11
-4.9652778e-11
-4.7951389e-11
-5.013889e-11
-4.6493056e-11
-4.8055556e-11
-4.8368056e-11
-4.8854167e-11
-4.8576389e-11
-4.9444445e-11
-4.8854167e-11
-4.8055556e-11
-4.7152778e-11
-4.8437501e-11
-4.9722223e-11
-4.7986112e-11
-4.6458334e-11
-4.8229167e-11
-4.7569445e-11
-4.8576389e-11
-4.6909723e-11
-4.5902778e-11
-4.6840278e-11
-4.8923612e-11
-4.7013889e-11
-4.8194445e-11
-4.7708334e-11
-4.7534723e-11
-4.7465278e-11
-4.75e-11
-4.7638889e-11
-4.7534723e-11
-4.8194445e-11
-4.6388889e-11
-4.8958334e-11
-4.7847223e-11
-4.8402778e-11
-4.71875e-11
-4.8680556e-11
-4.8090278e-11
-4.8541667e-11
-4.8819445e-11
-4.9062501e-11
-4.9930556e-11
-4.6909723e-11
-4.8159723e-11
-4.9166667e-11
-4.7916667e-11
-4.7847223e-11
-4.7777778e-11
-4.8958334e-11
-4.8159723e-11
-5.0381945e-11
-4.8541667e-11
-4.8715278e-11
-4.7951389e-11
-4.9166667e-11
-5.0555556e-11
-4.8680556e-11
-4.6111111e-11
-4.6979167e-11
-4.7777778e-11
-5.0104167e-11
-4.8368056e-11
-4.9305556e-11
-4.8680556e-11
-4.7534723e-11
-4.8541667e-11
-4.7708334e-11
-4.9305556e-11
-4.8750001e-11
-4.6805556e-11
-5.0000001e-11
-4.7604167e-11
-4.9687501e-11
-4.8680556e-11
-4.8750001e-11
-4.8958334e-11
-4.7986112e-11
-4.6597223e-11
-5.076389e-11
-4.9062501e-11
-4.7569445e-11
-4.8506945e-11
-4.6458334e-11
-4.8645834e-11
-4.9652778e-11
-4.9930556e-11
-4.7569445e-11
-4.75e-11
-4.951389e-11
-4.9062501e-11
-4.951389e-11
-4.8402778e-11
-4.9583334e-11
-4.8125001e-11
-4.9548612e-11
-4.9027778e-11
-4.7916667e-11
-4.9305556e-11
-4.9097223e-11
-4.8194445e-11
-4.5902778e-11
-4.8993056e-11
-4.9479167e-11
-4.9097223e-11
-4.8958334e-11
-4.9340278e-11
-4.7777778e-11
-4.7291667e-11
-4.9062501e-11
-4.7395834e-11
-4.9097223e-11
-4.7847223e-11
-4.71875e-11
-4.8263889e-11
-4.78125e-11
-4.8263889e-11
-4.8263889e-11
-4.9618056e-11
-4.8680556e-11
-4.6145834e-11
-4.8402778e-11
-4.8958334e-11
-4.7708334e-11
-4.8159723e-11
-4.8993056e-11
-4.71875e-11
-4.9479167e-11
-4.8402778e-11
-4.8645834e-11
-4.8194445e-11
-4.9687501e-11
-4.8333334e-11
-4.8611112e-11
-4.7569445e-11
-4.7222223e-11
-4.9861112e-11
-4.9340278e-11
-4.8263889e-11
-4.8993056e-11
-4.8923612e-11
-4.9861112e-11
-4.7152778e-11
-5.0000001e-11
-4.7256945e-11
-4.6666667e-11
-4.8506945e-11
-4.7708334e-11
-4.9236112e-11
-4.65625e-11
-4.8125001e-11
-4.8958334e-11
-4.9166667e-11
-4.7048612e-11
-5.0798612e-11
-4.8402778e-11
-4.8888889e-11
-4.9409723e-11
-4.7847223e-11
-4.8020834e-11
-5.0347223e-11
-4.7361112e-11
-4.8645834e-11
-4.8506945e-11
-4.9027778e-11
-4.8298612e-11
-4.8576389e-11
-4.9861112e-11
-4.9965278e-11
-5.1319445e-11
-5.0312501e-11
-4.9062501e-11
-5.0590278e-11
-5.0277778e-11
-4.9479167e-11
-4.9097223e-11
-4.8229167e-11
-5.0000001e-11
-4.7743056e-11
-4.8472223e-11
-4.7465278e-11
-4.9305556e-11
-4.8993056e-11
-4.8020834e-11
-4.9652778e-11
-5.045139e-11
-4.7534723e-11
-5.0069445e-11
-4.6666667e-11
-5.076389e-11
-4.8506945e-11
-4.8125001e-11
-4.7604167e-11
-4.7430556e-11
-4.8750001e-11
-4.8819445e-11
-4.8888889e-11
-4.9027778e-11
-4.8888889e-11
-4.8055556e-11
-4.6458334e-11
-4.982639e-11
-4.5902778e-11
-4.8888889e-11
-4.8784723e-11
-4.8958334e-11
-4.7361112e-11
-4.8333334e-11
-4.8680556e-11
-4.6111111e-11
-4.9444445e-11
-4.7916667e-11
-4.8159723e-11
-4.7083334e-11
-4.78125e-11
-4.75e-11
-4.7326389e-11
-4.7013889e-11
-4.6736112e-11
-4.7013889e-11
-4.6076389e-11
-4.75e-11
-4.8020834e-11
-4.6875e-11
-4.8541667e-11
-4.78125e-11
-4.8159723e-11
-4.8923612e-11
-4.8680556e-11
-4.9756945e-11
-4.8090278e-11
-4.9479167e-11
-4.7881945e-11
-4.7881945e-11
-5.0069445e-11
-4.9097223e-11
-4.9166667e-11
-4.6041667e-11
-4.8159723e-11
-4.8506945e-11
-4.8576389e-11
-4.9687501e-11
-4.9791667e-11
-4.8263889e-11
-4.9756945e-11
-4.8229167e-11
-4.951389e-11
-4.7916667e-11
-4.8055556e-11
-5.0625001e-11
-4.7569445e-11
-4.7881945e-11
-4.8437501e-11
-4.8229167e-11
-4.9895834e-11
-4.6770834e-11
-4.9166667e-11
-4.8576389e-11
-4.7638889e-11
-4.8819445e-11
-4.8680556e-11
-4.9652778e-11
-4.9201389e-11
-4.7986112e-11
-4.8680556e-11
-4.6319445e-11
-5.045139e-11
-4.6770834e-11
-4.8298612e-11
-4.8784723e-11
-4.8784723e-11
-4.8611112e-11
-4.6770834e-11
-4.9270834e-11
-4.8090278e-11
-4.7291667e-11
-5.0069445e-11
-4.6875e-11
-4.9583334e-11
-4.9340278e-11
-4.8645834e-11
-5.0833334e-11
-4.8194445e-11
-4.8368056e-11
-4.8715278e-11
-4.8402778e-11
-4.8263889e-11
-4.7847223e-11
-5.0069445e-11
-4.8715278e-11
-4.8402778e-11
-4.8993056e-11
-4.9131945e-11
-4.7326389e-11
-4.8923612e-11
-4.9375001e-11
-4.8090278e-11
-4.8819445e-11
-5.0486112e-11
-4.7534723e-11
-4.8784723e-11
-4.78125e-11
-4.7777778e-11
-4.78125e-11
-4.8784723e-11
-4.6770834e-11
-4.8715278e-11
-4.951389e-11
-4.7951389e-11
-4.7743056e-11
-4.9652778e-11
-4.8854167e-11
-4.9201389e-11
-4.7604167e-11
-4.9027778e-11
-4.7569445e-11
-4.6805556e-11
-4.6666667e-11
-4.8333334e-11
-4.7118056e-11
-4.6736112e-11
-4.75e-11
-4.9340278e-11
-4.7604167e-11
-4.8506945e-11
-4.5763889e-11
-4.7465278e-11
-4.8229167e-11
-4.7534723e-11
-4.7604167e-11
-4.7534723e-11
-4.6423611e-11
-4.7013889e-11
-4.8541667e-11
-5.0312501e-11
-4.6909723e-11
-4.8541667e-11
-4.9409723e-11
-4.8437501e-11
-4.8506945e-11
-4.7430556e-11
-4.7916667e-11
-4.8750001e-11
-4.8090278e-11
-4.6909723e-11
-5.0312501e-11
-4.9375001e-11
-5.0208334e-11
-4.8888889e-11
-4.9375001e-11
-4.8472223e-11
-4.8194445e-11
-5.013889e-11
-4.951389e-11
-4.8993056e-11
-4.8298612e-11
-4.7916667e-11
-4.8402778e-11
-4.9652778e-11
-4.9340278e-11
-4.7465278e-11
-4.8402778e-11
-4.7465278e-11
-4.75e-11
-4.9375001e-11
-4.8472223e-11
-4.8715278e-11
-4.6458334e-11
-4.9027778e-11
-4.7916667e-11
-4.9166667e-11
-4.75e-11
-4.8055556e-11
-4.7986112e-11
-4.7777778e-11
-4.75e-11
-4.8750001e-11
-4.7951389e-11
-4.8923612e-11
-4.8715278e-11
-4.6840278e-11
-4.8472223e-11
-4.7430556e-11
-4.8229167e-11
-4.7222223e-11
-4.8888889e-11
-4.7256945e-11
-4.9027778e-11
-4.7777778e-11
-5.0208334e-11
-4.8263889e-11
-4.7743056e-11
-4.8680556e-11
-4.9270834e-11
-4.9583334e-11
-4.5451389e-11
-4.8194445e-11
-4.8472223e-11
-4.71875e-11
-4.7916667e-11
-4.7326389e-11
-4.8854167e-11
-4.951389e-11
-4.8298612e-11
-4.8923612e-11
-4.9791667e-11
-4.8298612e-11
-4.7430556e-11
-4.9583334e-11
-4.8020834e-11
-4.8298612e-11
-4.8576389e-11
-4.9236112e-11
-4.9375001e-11
-4.8645834e-11
-4.7395834e-11
-4.7881945e-11
-4.8472223e-11
-4.8680556e-11
-4.7569445e-11
-4.6979167e-11
-4.9270834e-11
-4.8333334e-11
-4.6944445e-11
-4.7673612e-11
-4.8402778e-11
-5.0277778e-11
-4.6875e-11
-4.8090278e-11
-4.8263889e-11
-4.7256945e-11
-4.7743056e-11
-4.7395834e-11
-4.8402778e-11
-4.8472223e-11
-4.8611112e-11
-4.7152778e-11
-4.6979167e-11
-5.0208334e-11
-4.7395834e-11
-4.9548612e-11
-5.0694445e-11
-4.9479167e-11
-5.0034723e-11
-4.7534723e-11
-4.6909723e-11
-4.7881945e-11
-4.9583334e-11
-4.8298612e-11
-4.7951389e-11
-4.9930556e-11
-4.7673612e-11
-4.7534723e-11
-4.9097223e-11
-5.0173612e-11
-4.7638889e-11
-4.951389e-11
-4.8750001e-11
-4.8368056e-11
-4.9305556e-11
-4.8611112e-11
-4.9444445e-11
-4.8020834e-11
-4.9097223e-11
-4.8506945e-11
-4.8923612e-11
-5.0069445e-11
-4.8090278e-11
-4.8715278e-11
-4.7604167e-11
-4.9097223e-11
-4.8090278e-11
-4.9652778e-11
-4.75e-11
-4.9375001e-11
-4.8750001e-11
-4.8506945e-11
-4.8402778e-11
-4.7777778e-11
-4.9722223e-11
-5.0381945e-11
-5.0694445e-11
-4.9791667e-11
-4.9548612e-11
-5.0694445e-11
-4.8055556e-11
-4.8854167e-11
-4.9687501e-11
-4.951389e-11
-4.9027778e-11
-4.8541667e-11
-4.7673612e-11
-4.9166667e-11
-5.0486112e-11
-5.1215279e-11
-4.8680556e-11
-5.0381945e-11
-5.0243056e-11
-4.8611112e-11
-4.8854167e-11
-4.9375001e-11
-5.0729167e-11
-5.013889e-11
-5.0486112e-11
-4.9652778e-11
-4.9444445e-11
-4.8368056e-11
-5.0416667e-11
-4.9583334e-11
-4.9375001e-11
-4.8333334e-11
-4.7986112e-11
-4.8298612e-11
-4.8055556e-11
-4.9166667e-11
-4.8645834e-11
-5.0381945e-11
-4.8645834e-11
-5.0173612e-11
-4.8055556e-11
-4.8055556e-11
-4.8194445e-11
-4.8680556e-11
-4.9444445e-11
-4.8958334e-11
-5.0243056e-11
-4.9583334e-11
-5.0347223e-11
-5.0555556e-11
-5.0416667e-11
-5.1874997e-11
-5.0486112e-11
-4.9270834e-11
-5.0972223e-11
-4.8506945e-11
-4.9583334e-11
-5.0000001e-11
-4.8368056e-11
-4.8125001e-11
-4.9548612e-11
-4.8090278e-11
-4.8229167e-11
-4.8506945e-11
-4.8263889e-11
-4.9861112e-11
-4.9618056e-11
-5.0555556e-11
-5.1909723e-11
-5.2291664e-11
-5.170139e-11
-5.2986109e-11
-5.1319445e-11
-5.2569442e-11
-5.2187501e-11
-5.0833334e-11
-5.1041667e-11
-4.9375001e-11
-5.2083331e-11
-4.78125e-11
-5.0243056e-11
-5.1041667e-11
-4.9340278e-11
-4.8923612e-11
-5.0104167e-11
-4.9027778e-11
-4.9201389e-11
-4.9027778e-11
-4.8506945e-11
-4.8750001e-11
-4.9687501e-11
-4.8576389e-11
-4.8298612e-11
-4.9479167e-11
-4.9618056e-11
-4.9305556e-11
-4.75e-11
-4.7013889e-11
-5.1180556e-11
-4.8541667e-11
-4.8888889e-11
-4.7881945e-11
-4.9930556e-11
-5.1354167e-11
-4.9965278e-11
-5.1354167e-11
-4.6701389e-11
-5.0590278e-11
-4.6944445e-11
-4.8958334e-11
-4.9027778e-11
-4.6111111e-11
-4.8437501e-11
-4.7118056e-11
-4.6319445e-11
-4.7986112e-11
-4.9097223e-11
-4.9062501e-11
-4.8645834e-11
-4.7986112e-11
-4.8854167e-11
-4.7083334e-11
-4.6284723e-11
-4.8402778e-11
-4.6076389e-11
-4.9479167e-11
-4.6979167e-11
-4.8298612e-11
-4.7013889e-11
-4.9652778e-11
-4.8090278e-11
-4.8229167e-11
-4.8090278e-11
-4.8159723e-11
-4.8090278e-11
-4.8229167e-11
-4.8159723e-11
-4.71875e-11
-4.7638889e-11
-4.8437501e-11
-4.75e-11
-4.7881945e-11
-4.7916667e-11
-4.9618056e-11
-4.9895834e-11
-4.9097223e-11
-4.7777778e-11
-4.7395834e-11
-4.75e-11
-4.4513889e-11
-4.8923612e-11
-4.7777778e-11
-4.7847223e-11
-4.8958334e-11
-4.7152778e-11
-4.8541667e-11
-4.8784723e-11
-4.7118056e-11
-4.7951389e-11
-4.7708334e-11
-4.65625e-11
-4.78125e-11
-4.625e-11
-4.9166667e-11
-4.6388889e-11
-4.982639e-11
-4.8194445e-11
-4.9340278e-11
-4.9305556e-11
-4.6597223e-11
-5.076389e-11
-4.8159723e-11
-4.8125001e-11
-4.7951389e-11
-4.7048612e-11
-4.9166667e-11
-4.7708334e-11
-4.7118056e-11
-4.8333334e-11
-4.8402778e-11
-4.7673612e-11
-4.6076389e-11
-5.0590278e-11
-4.8993056e-11
-4.7673612e-11
-4.78125e-11
-5.0208334e-11
-4.951389e-11
-4.7708334e-11
-4.8263889e-11
-4.9375001e-11
-4.7048612e-11
-5.0034723e-11
-4.8472223e-11
-4.7847223e-11
-4.6875e-11
-4.7743056e-11
-4.7638889e-11
-4.6875e-11
-4.9236112e-11
-4.9166667e-11
-4.5729167e-11
-4.7291667e-11
-4.8923612e-11
-4.8090278e-11
-4.7847223e-11
-4.8854167e-11
-4.8229167e-11
-4.8263889e-11
-4.78125e-11
-4.7847223e-11
-4.8576389e-11
-4.9027778e-11
-4.7673612e-11
-4.8229167e-11
-4.8090278e-11
-4.6875e-11
-4.8784723e-11
-4.7256945e-11
-4.7916667e-11
-4.9027778e-11
-4.7256945e-11
-4.9548612e-11
-5.0000001e-11
-4.8159723e-11
-4.7430556e-11
-4.8402778e-11
-4.9062501e-11
-4.9375001e-11
-5.0069445e-11
-4.951389e-11
-5.0590278e-11
-4.8854167e-11
-4.7916667e-11
-4.8194445e-11
-4.8645834e-11
-4.8298612e-11
-4.9479167e-11
-4.8715278e-11
-4.8645834e-11
-4.8333334e-11
-4.7847223e-11
-4.7986112e-11
-4.8506945e-11
-4.9131945e-11
-4.7222223e-11
-4.6909723e-11
-5.1423612e-11
-4.8923612e-11
-4.5034722e-11
-4.7916667e-11
-4.8750001e-11
-4.7569445e-11
-4.7777778e-11
-4.8229167e-11
-4.9131945e-11
-4.7673612e-11
-4.8472223e-11
-4.7847223e-11
-4.8333334e-11
-4.75e-11
-4.7604167e-11
-4.7222223e-11
-4.9895834e-11
-4.8611112e-11
-4.9861112e-11
-4.8645834e-11
-4.8819445e-11
-4.7326389e-11
-4.6805556e-11
-4.7291667e-11
-4.8263889e-11
-4.9131945e-11
-4.8576389e-11
-5.0000001e-11
-4.8541667e-11
-4.6840278e-11
-4.7152778e-11
-4.8020834e-11
-4.6180556e-11
-4.8298612e-11
-4.8263889e-11
-4.6666667e-11
-4.6736112e-11
-4.8993056e-11
-4.951389e-11
-4.9340278e-11
-4.7361112e-11
-4.8576389e-11
-4.6597223e-11
-4.8784723e-11
-4.7777778e-11
-4.9895834e-11
-4.8715278e-11
-4.7638889e-11
-4.9166667e-11
-4.7152778e-11
-4.9166667e-11
-5.0069445e-11
-4.7430556e-11
-4.9236112e-11
-5.0555556e-11
-4.8402778e-11
-4.7604167e-11
-4.6979167e-11
-4.8784723e-11
-4.7118056e-11
-4.9340278e-11
-4.9444445e-11
-4.6840278e-11
-4.8784723e-11
-4.7395834e-11
-4.8958334e-11
-4.7291667e-11
-4.6631945e-11
-4.7777778e-11
-4.8125001e-11
-4.7430556e-11
-4.8819445e-11
-4.8194445e-11
-4.7847223e-11
-5.0277778e-11
-4.8645834e-11
-4.7395834e-11
-4.8333334e-11
-4.78125e-11
-4.8888889e-11
-4.5381945e-11
-4.9131945e-11
-4.8020834e-11
-4.8576389e-11
-4.5798611e-11
-4.8819445e-11
-4.7708334e-11
-4.7638889e-11
-4.8819445e-11
-4.7256945e-11
-4.5208334e-11
-4.7569445e-11
-4.625e-11
-4.6111111e-11
-4.7326389e-11
-4.7708334e-11
-4.8715278e-11
-4.7361112e-11
-4.7361112e-11
-4.9791667e-11
-4.9236112e-11
-4.6423611e-11
-4.6736112e-11
-4.7847223e-11
-4.7777778e-11
-4.6076389e-11
-4.7916667e-11
-4.9583334e-11
-4.9027778e-11
-4.8472223e-11
-4.7083334e-11
-4.7847223e-11
-4.5104167e-11
-4.8333334e-11
-4.8715278e-11
-4.5555556e-11
-4.7673612e-11
-4.7847223e-11
-4.8194445e-11
-4.7881945e-11
-4.6180556e-11
-4.6631945e-11
-4.6631945e-11
-4.8298612e-11
-4.4618056e-11
-4.7118056e-11
-4.5625e-11
-4.6527778e-11
-4.7986112e-11
-4.7881945e-11
-4.6145834e-11
-4.7048612e-11
-4.7361112e-11
-4.7013889e-11
-4.9062501e-11
-4.8923612e-11
-4.7951389e-11
-4.7986112e-11
-4.6944445e-11
-4.5868056e-11
-4.8229167e-11
-4.8854167e-11
-4.8090278e-11
-4.8263889e-11
-4.7152778e-11
-4.8819445e-11
-4.8020834e-11
-4.8541667e-11
-4.7881945e-11
-4.7152778e-11
-4.8055556e-11
-4.6597223e-11
-4.8125001e-11
-4.9791667e-11
-4.6423611e-11
-4.9166667e-11
-4.6736112e-11
-4.8229167e-11
-4.7361112e-11
-4.8541667e-11
-4.6770834e-11
-4.8680556e-11
-4.7118056e-11
-5.0034723e-11
-4.9375001e-11
-4.5868056e-11
-4.8923612e-11
-4.7430556e-11
-5.0000001e-11
-4.7986112e-11
-4.7604167e-11
-4.9548612e-11
-4.7152778e-11
-4.8368056e-11
-4.8194445e-11
-4.9340278e-11
-4.78125e-11
-4.7743056e-11
-4.8194445e-11
-4.7916667e-11
-4.7847223e-11
-4.5729167e-11
-4.7638889e-11
-4.5590278e-11
-4.9131945e-11
-4.7708334e-11
-4.6631945e-11
-4.7152778e-11
-4.7083334e-11
-4.8715278e-11
-4.982639e-11
-4.8541667e-11
-4.7395834e-11
-4.9861112e-11
-4.7534723e-11
-4.7847223e-11
-4.8506945e-11
-4.78125e-11
-4.7361112e-11
-4.6527778e-11
-4.8784723e-11
-4.9791667e-11
-4.8229167e-11
-4.8402778e-11
-4.8263889e-11
-4.7534723e-11
-4.7465278e-11
-4.7916667e-11
-4.8125001e-11
-4.9444445e-11
-4.6736112e-11
-4.8576389e-11
-4.6458334e-11
-4.8020834e-11
-4.7916667e-11
-4.7743056e-11
-4.7986112e-11
-4.8888889e-11
-4.9305556e-11
-4.9583334e-11
-4.9236112e-11
-4.7569445e-11
-4.65625e-11
-4.8750001e-11
-4.8055556e-11
-4.8576389e-11
-4.8090278e-11
-4.7847223e-11
-4.9236112e-11
-4.9618056e-11
-4.8680556e-11
-5.0069445e-11
-4.7708334e-11
-4.8506945e-11
-4.9062501e-11
-4.8298612e-11
-4.9687501e-11
-4.7048612e-11
-5.0034723e-11
-4.6041667e-11
-5.0173612e-11
-4.8645834e-11
-4.7708334e-11
-4.8854167e-11
-4.7534723e-11
-4.6979167e-11
-4.9583334e-11
-4.6527778e-11
-4.8680556e-11
-4.8541667e-11
-4.9409723e-11
-4.7534723e-11
-4.6041667e-11
-4.9861112e-11
-4.7916667e-11
-4.8993056e-11
-4.8958334e-11
-4.8645834e-11
-4.8958334e-11
-4.8750001e-11
-4.9201389e-11
-4.8819445e-11
-4.8854167e-11
-5.0381945e-11
-4.7847223e-11
-4.8819445e-11
-4.75e-11
-4.8784723e-11
-4.8888889e-11
-4.8125001e-11
-4.9236112e-11
-4.7222223e-11
-4.7118056e-11
-4.6597223e-11
-4.7083334e-11
-4.78125e-11
-4.8472223e-11
-4.7916667e-11
-4.6736112e-11
-4.7847223e-11
-4.8750001e-11
-4.7222223e-11
-4.7847223e-11
-4.8437501e-11
-4.8229167e-11
-4.8645834e-11
-4.7604167e-11
-4.7847223e-11
-4.8159723e-11
-4.8194445e-11
-4.6805556e-11
-4.9340278e-11
-4.6388889e-11
-4.7361112e-11
-4.7256945e-11
-4.6527778e-11
-4.7881945e-11
-4.8576389e-11
-4.8993056e-11
-4.9062501e-11
-5.045139e-11
-4.9548612e-11
-4.8854167e-11
-4.8125001e-11
-4.8229167e-11
-4.7395834e-11
-4.6979167e-11
-5.0486112e-11
-4.8055556e-11
-4.7222223e-11
-4.7465278e-11
-4.8437501e-11
-4.9687501e-11
-4.9756945e-11
-4.8576389e-11
-4.7638889e-11
-4.9687501e-11
-4.7326389e-11
-4.8298612e-11
-4.9479167e-11
-4.8819445e-11
-5.0243056e-11
-4.951389e-11
-4.9375001e-11
-4.6805556e-11
-5.0868056e-11
-4.8958334e-11
-4.9166667e-11
-4.7569445e-11
-4.8229167e-11
-4.7847223e-11
-4.8368056e-11
-4.71875e-11
-4.8611112e-11
-4.8472223e-11
-4.5972223e-11
-4.8680556e-11
-4.9027778e-11
-4.8368056e-11
-4.8611112e-11
-4.8437501e-11
-4.9930556e-11
-4.5451389e-11
-4.8055556e-11
-4.78125e-11
-5.0034723e-11
-4.7986112e-11
-4.982639e-11
-4.6805556e-11
-4.6875e-11
-4.9444445e-11
-4.7430556e-11
-4.7743056e-11
-4.7395834e-11
-4.9409723e-11
-4.6354167e-11
-4.9409723e-11
-4.9097223e-11
-4.6284723e-11
-4.8298612e-11
-4.8576389e-11
-4.7569445e-11
-4.65625e-11
-4.951389e-11
-4.7430556e-11
-4.7881945e-11
-4.6423611e-11
-4.8645834e-11
-4.8715278e-11
-4.7152778e-11
-4.9444445e-11
-4.7673612e-11
-4.5451389e-11
-4.6909723e-11
-4.8576389e-11
-4.8541667e-11
-4.9166667e-11
-4.7951389e-11
-4.8263889e-11
-4.8125001e-11
-4.6631945e-11
-4.8576389e-11
-4.7395834e-11
-4.7465278e-11
-4.7083334e-11
-4.8923612e-11
-4.9548612e-11
-4.9375001e-11
-5.0208334e-11
-4.7951389e-11
-4.8958334e-11
-5.013889e-11
-4.8229167e-11
-4.8472223e-11
-5.0000001e-11
-4.7048612e-11
-4.7465278e-11
-4.9340278e-11
-5.0034723e-11
-4.78125e-11
-4.7777778e-11
-4.7708334e-11
-4.9236112e-11
-4.9722223e-11
-4.7013889e-11
-4.8784723e-11
-4.7152778e-11
-4.9375001e-11
-4.7048612e-11
-4.9375001e-11
-4.7916667e-11
-4.7604167e-11
-4.6666667e-11
-4.9270834e-11
-4.9305556e-11
-4.7673612e-11
-4.6979167e-11
-4.7118056e-11
-4.9791667e-11
-4.8541667e-11
-4.7291667e-11
-4.9583334e-11
-4.8090278e-11
-4.7604167e-11
-4.8784723e-11
-4.9027778e-11
-4.7916667e-11
-4.6631945e-11
-4.7986112e-11
-4.65625e-11
-4.7291667e-11
-4.7881945e-11
-4.9375001e-11
-4.8819445e-11
-5.0104167e-11
-4.9062501e-11
-4.9166667e-11
-4.9201389e-11
-4.9305556e-11
-4.9375001e-11
-4.9201389e-11
-4.8437501e-11
-4.7118056e-11
-4.7986112e-11
-4.8333334e-11
-4.8020834e-11
-4.8784723e-11
-4.9236112e-11
-4.8680556e-11
-4.9375001e-11
-5.0312501e-11
-4.8159723e-11
-4.8194445e-11
-4.9861112e-11
-4.7569445e-11
-4.8263889e-11
-4.7777778e-11
-4.8298612e-11
-5.0104167e-11
-4.6875e-11
-4.7916667e-11
-4.9340278e-11
-4.6736112e-11
-4.982639e-11
-4.8854167e-11
-4.6770834e-11
-4.8368056e-11
-4.8541667e-11
-4.7847223e-11
-4.951389e-11
-4.6944445e-11
-5.013889e-11
-4.8784723e-11
-4.8541667e-11
-4.6388889e-11
-4.7604167e-11
-4.9062501e-11
-4.6840278e-11
-4.9548612e-11
-4.6493056e-11
-4.8125001e-11
-4.7847223e-11
-4.7881945e-11
-4.8402778e-11
-4.6979167e-11
-4.8576389e-11
-4.9687501e-11
-4.7569445e-11
-5.0312501e-11
-4.9270834e-11
-4.9062501e-11
-4.7361112e-11
-4.8819445e-11
-4.6354167e-11
-4.8333334e-11
-4.9097223e-11
-4.7743056e-11
-4.8194445e-11
-4.75e-11
-4.8298612e-11
-4.8194445e-11
-4.7673612e-11
-4.8680556e-11
-4.8541667e-11
-4.8506945e-11
-4.7013889e-11
-5.0243056e-11
-4.8784723e-11
-4.8645834e-11
-4.8368056e-11
-4.7847223e-11
-5.0104167e-11
-4.8611112e-11
-4.951389e-11
-4.9375001e-11
-4.6041667e-11
-4.6701389e-11
-4.8576389e-11
-4.75e-11
-4.7395834e-11
-4.8020834e-11
-4.9027778e-11
-4.7465278e-11
-4.9861112e-11
-4.8055556e-11
-4.7951389e-11
-4.9479167e-11
-4.7777778e-11
-5.0486112e-11
-4.8090278e-11
-4.8541667e-11
-4.8541667e-11
-4.8819445e-11
-4.9097223e-11
-4.6736112e-11
-4.8611112e-11
-4.9861112e-11
-4.8159723e-11
-5.0173612e-11
-4.8194445e-11
-4.9548612e-11
-4.9652778e-11
-4.9305556e-11
-4.8888889e-11
-4.8437501e-11
-4.8715278e-11
-4.951389e-11
-4.8298612e-11
-4.9027778e-11
-4.7951389e-11
-5.0034723e-11
-4.7916667e-11
-4.8125001e-11
-4.7152778e-11
-4.8715278e-11
-4.6388889e-11
-4.8472223e-11
-4.8750001e-11
-4.8576389e-11
-4.9027778e-11
-4.9409723e-11
-4.8541667e-11
-4.8750001e-11
-4.7673612e-11
-4.7604167e-11
-4.9444445e-11
-4.9722223e-11
-4.5034722e-11
-4.9270834e-11
-4.8194445e-11
-4.8194445e-11
-4.7847223e-11
-4.9444445e-11
-4.6701389e-11
-4.6979167e-11
-4.9166667e-11
-4.8402778e-11
-4.8333334e-11
-4.8020834e-11
-4.8645834e-11
-4.8159723e-11
-4.6423611e-11
-4.6597223e-11
-4.6736112e-11
-4.8506945e-11
-4.9062501e-11
-4.6736112e-11
-4.9097223e-11
-4.7777778e-11
-4.8229167e-11
-4.7916667e-11
-4.8993056e-11
-4.8784723e-11
-4.7673612e-11
-4.6631945e-11
-4.8194445e-11
-4.8645834e-11
-4.6527778e-11
-4.8819445e-11
-4.8125001e-11
-4.7222223e-11
-4.6006945e-11
-4.7222223e-11
-4.6423611e-11
-4.8472223e-11
-4.7465278e-11
-4.9166667e-11
-4.7083334e-11
-4.8090278e-11
-4.9444445e-11
-4.8159723e-11
-4.7847223e-11
-4.7986112e-11
-4.8159723e-11
-4.7743056e-11
-4.8333334e-11
-4.78125e-11
-4.8541667e-11
-4.8680556e-11
-4.7916667e-11
-5.013889e-11
-4.8402778e-11
-4.7777778e-11
-4.7638889e-11
-4.9444445e-11
-4.8020834e-11
-4.8645834e-11
-4.7673612e-11
-4.8888889e-11
-4.9965278e-11
-4.9479167e-11
-4.8958334e-11
-4.6458334e-11
-4.9756945e-11
-4.8541667e-11
-4.8159723e-11
-4.9340278e-11
-4.7361112e-11
-4.7430556e-11
-4.8715278e-11
-4.8402778e-11
-4.6979167e-11
-4.7604167e-11
-5.0381945e-11
-4.7604167e-11
-5.0416667e-11
-4.7708334e-11
-4.9131945e-11
-4.7291667e-11
-4.9027778e-11
-4.8611112e-11
-4.8993056e-11
-4.6458334e-11
-4.7916667e-11
-4.7604167e-11
-4.6805556e-11
-4.9062501e-11
-4.8229167e-11
-4.7361112e-11
-4.7395834e-11
-4.9027778e-11
-4.8229167e-11
-4.8888889e-11
-4.9756945e-11
-4.7743056e-11
-4.7604167e-11
-4.8784723e-11
-4.7083334e-11
-4.78125e-11
-4.6770834e-11
-4.9166667e-11
-4.7777778e-11
-4.8819445e-11
-4.8298612e-11
-4.8020834e-11
-5.0069445e-11
-4.8576389e-11
-4.9062501e-11
-4.6527778e-11
-4.7881945e-11
-5.0208334e-11
-4.8715278e-11
-4.8854167e-11
-4.9479167e-11
-4.7222223e-11
-4.8958334e-11
-5.0381945e-11
-4.8229167e-11
-4.9409723e-11
-4.6666667e-11
-4.6736112e-11
-4.6770834e-11
-4.7395834e-11
-4.8819445e-11
-4.951389e-11
-4.7118056e-11
-4.9479167e-11
-4.8298612e-11
-5.045139e-11
-4.9131945e-11
-4.8888889e-11
-4.7916667e-11
-4.8611112e-11
-4.7708334e-11
-4.6076389e-11
-4.8229167e-11
-4.8680556e-11
-4.8680556e-11
-4.8402778e-11
-4.7881945e-11
-4.9270834e-11
-4.8055556e-11
-4.8958334e-11
-4.8680556e-11
-4.7569445e-11
-4.8020834e-11
-4.8854167e-11
-4.7777778e-11
-4.8923612e-11
-4.8125001e-11
-4.8784723e-11
-5.1180556e-11
-4.8854167e-11
-5.0520834e-11
-4.7881945e-11
-4.8472223e-11
-4.8333334e-11
-4.7673612e-11
-4.7986112e-11
-4.8020834e-11
-4.9201389e-11
-4.7673612e-11
-4.9097223e-11
-4.8263889e-11
-4.78125e-11
-4.9305556e-11
-4.9201389e-11
-5.0729167e-11
-5.2534723e-11
-5.1111112e-11
-5.1145834e-11
-4.9479167e-11
-4.8680556e-11
-5.0243056e-11
-5.0520834e-11
-4.8819445e-11
-4.9097223e-11
-4.8576389e-11
-4.8298612e-11
-4.8263889e-11
-4.982639e-11
-4.8680556e-11
-4.951389e-11
-4.8437501e-11
-4.9375001e-11
-4.9236112e-11
-4.982639e-11
-4.75e-11
-4.9895834e-11
-4.9409723e-11
-5.0104167e-11
-4.8645834e-11
-4.7083334e-11
-4.9791667e-11
-5.0173612e-11
-4.9479167e-11
-4.9930556e-11
-4.8472223e-11
-4.9166667e-11
-4.8888889e-11
-4.8020834e-11
-4.8020834e-11
-4.8680556e-11
-4.7430556e-11
-4.982639e-11
-4.8750001e-11
-4.8993056e-11
-4.75e-11
-4.8194445e-11
-4.6458334e-11
-4.71875e-11
-4.8923612e-11
-4.8611112e-11
-4.8229167e-11
-4.6666667e-11
-4.7673612e-11
-4.7222223e-11
-4.7430556e-11
-4.6701389e-11
-4.8090278e-11
-4.6979167e-11
-5.0833334e-11
-4.9305556e-11
-4.9236112e-11
-4.8854167e-11
-4.8472223e-11
-4.7673612e-11
-4.8993056e-11
-5.0416667e-11
-5.0590278e-11
-5.1180556e-11
-5.0381945e-11
-5.0000001e-11
-4.7256945e-11
-4.9131945e-11
-5.0312501e-11
-4.7256945e-11
-4.8020834e-11
-4.9548612e-11
-4.9201389e-11
-4.7569445e-11
-5.0104167e-11
-4.9479167e-11
-4.8437501e-11
-4.8333334e-11
-4.7083334e-11
-4.7673612e-11
-4.8784723e-11
-4.9687501e-11
-4.7395834e-11
-4.7916667e-11
-4.7395834e-11
-4.75e-11
-4.8888889e-11
-4.7916667e-11
-5.1145834e-11
-5.0312501e-11
-4.71875e-11
-4.8472223e-11
-4.7465278e-11
-4.9201389e-11
-4.7569445e-11
-4.6284723e-11
-4.7361112e-11
-4.7951389e-11
-5.1041667e-11
-4.8715278e-11
-4.8402778e-11
-4.7847223e-11
-4.7291667e-11
-4.8472223e-11
-4.8923612e-11
-4.7986112e-11
-4.8958334e-11
-4.8715278e-11
-4.982639e-11
-4.6875e-11
-4.9201389e-11
-4.9479167e-11
-4.8923612e-11
-4.9722223e-11
-4.9305556e-11
-4.8750001e-11
-4.8333334e-11
-4.7881945e-11
-4.8472223e-11
-4.9027778e-11
-4.9201389e-11
-4.8194445e-11
-4.7465278e-11
-4.7013889e-11
-4.7673612e-11
-4.8645834e-11
-4.8506945e-11
-4.6458334e-11
-4.9479167e-11
-5.0416667e-11
-4.9375001e-11
-5.0312501e-11
-4.8090278e-11
-4.7673612e-11
-4.9687501e-11
-4.8680556e-11
-4.8298612e-11
-4.9722223e-11
-4.9444445e-11
-4.8715278e-11
-4.9722223e-11
-4.9722223e-11
-4.8368056e-11
-4.8090278e-11
-4.8715278e-11
-5.0555556e-11
-4.8854167e-11
-5.0034723e-11
-4.8819445e-11
-4.9097223e-11
-4.7569445e-11
-4.8194445e-11
-4.9756945e-11
-4.9166667e-11
-4.7951389e-11
-4.8368056e-11
-4.9097223e-11
-4.8333334e-11
-4.7604167e-11
-4.7222223e-11
-4.7881945e-11
-4.6805556e-11
-5.0694445e-11
-4.8576389e-11
-4.8159723e-11
-4.6666667e-11
-4.9583334e-11
-4.8298612e-11
-4.7743056e-11
-4.6736112e-11
