-1.4709556e-10
-1.4784925e-10
-1.4847423e-10
-1.4818012e-10
-1.4727941e-10
-1.4667279e-10
-1.464522e-10
-1.4674631e-10
-1.4685664e-10
-1.4667277e-10
-1.469853e-10
-1.4659927e-10
-1.4560661e-10
-1.4645218e-10
-1.4691173e-10
-1.4577205e-10
-1.4766545e-10
-1.4698529e-10
-1.487316e-10
-1.4669119e-10
-1.4661763e-10
-1.4731617e-10
-1.4507351e-10
-1.4819854e-10
-1.4709557e-10
-1.4744483e-10
-1.4757351e-10
-1.4700367e-10
-1.4749998e-10
-1.471875e-10
-1.4777571e-10
-1.4647059e-10
-1.46875e-10
-1.4601101e-10
-1.4740807e-10
-1.4591908e-10
-1.4569852e-10
-1.4704045e-10
-1.4814336e-10
-1.4584557e-10
-1.4527571e-10
-1.4659926e-10
-1.4773896e-10
-1.4650733e-10
-1.4823529e-10
-1.4761027e-10
-1.4595587e-10
-1.4601102e-10
-1.4786763e-10
-1.4659925e-10
-1.4527572e-10
-1.4505513e-10
-1.4897059e-10
-1.4610295e-10
-1.4590071e-10
-1.4593746e-10
-1.4672794e-10
-1.4512869e-10
-1.4522057e-10
-1.4538601e-10
-1.4610294e-10
-1.4700366e-10
-1.4731613e-10
-1.4577206e-10
-1.4639705e-10
-1.461397e-10
-1.4573527e-10
-1.4639703e-10
-1.4558822e-10
-1.4529411e-10
-1.4536762e-10
-1.4634191e-10
-1.4597423e-10
-1.4621322e-10
-1.4623161e-10
-1.4529411e-10
-1.4544117e-10
-1.4566177e-10
-1.4624998e-10
-1.4713235e-10
-1.4597425e-10
-1.4670956e-10
-1.4522057e-10
-1.4566176e-10
-1.4534925e-10
-1.4437498e-10
-1.4617646e-10
-1.4501836e-10
-1.4591912e-10
-1.4669116e-10
-1.4586396e-10
-1.4556983e-10
-1.4553306e-10
-1.4588232e-10
-1.4534923e-10
-1.4547792e-10
-1.4698531e-10
-1.4652572e-10
-1.4781251e-10
-1.466728e-10
-1.4615809e-10
-1.4636029e-10
-1.4615809e-10
-1.4639705e-10
-1.4775733e-10
-1.4625001e-10
-1.4619486e-10
-1.4621325e-10
-1.4531248e-10
-1.4674631e-10
-1.4689339e-10
-1.469669e-10
-1.4549631e-10
-1.4740806e-10
-1.4713236e-10
-1.4876837e-10
-1.4749997e-10
-1.4871321e-10
-1.4930146e-10
-1.4808824e-10
-1.4656248e-10
-1.4665438e-10
-1.4700366e-10
-1.472978e-10
-1.4667279e-10
-1.4693013e-10
-1.4770218e-10
-1.4744486e-10
-1.4808822e-10
-1.4669116e-10
-1.4525733e-10
-1.469853e-10
-1.4775736e-10
-1.485478e-10
-1.4784925e-10
-1.4628676e-10
-1.488419e-10
-1.4674628e-10
-1.4753676e-10
-1.478125e-10
-1.474816e-10
-1.4720586e-10
-1.4713232e-10
-1.4790441e-10
-1.4819852e-10
-1.4656251e-10
-1.4663604e-10
-1.4579042e-10
-1.4514703e-10
-1.4742646e-10
-1.4786763e-10
-1.4590074e-10
-1.4637867e-10
-1.4612131e-10
-1.4865809e-10
-1.4715072e-10
-1.476838e-10
-1.4606619e-10
-1.4906248e-10
-1.457169e-10
-1.4691175e-10
-1.485478e-10
-1.4724262e-10
-1.4687497e-10
-1.4637866e-10
-1.4652571e-10
-1.4753676e-10
-1.4720589e-10
-1.4724262e-10
-1.4748161e-10
-1.4784927e-10
-1.4722425e-10
-1.4681985e-10
-1.4775733e-10
-1.4549631e-10
-1.4663602e-10
-1.4749998e-10
-1.4579042e-10
-1.4687501e-10
-1.482169e-10
-1.471875e-10
-1.4775735e-10
-1.4654408e-10
-1.4735292e-10
-1.4628673e-10
-1.4744483e-10
-1.4895218e-10
-1.4667279e-10
-1.4849263e-10
-1.4751839e-10
-1.4704045e-10
-1.4556986e-10
-1.473897e-10
-1.4810658e-10
-1.4672794e-10
-1.4678309e-10
-1.4716911e-10
-1.4674631e-10
-1.4615809e-10
-1.4759188e-10
-1.4761029e-10
-1.4775735e-10
-1.4547794e-10
-1.4749998e-10
-1.475e-10
-1.4783086e-10
-1.4716912e-10
-1.4786761e-10
-1.485294e-10
-1.4704042e-10
-1.4915438e-10
-1.4740806e-10
-1.4742643e-10
-1.4777572e-10
-1.4726102e-10
-1.4799632e-10
-1.4825367e-10
-1.4759191e-10
-1.4852941e-10
-1.4735294e-10
-1.4667279e-10
-1.4696691e-10
-1.4759191e-10
-1.4652572e-10
-1.4667279e-10
-1.4680147e-10
-1.4803306e-10
-1.4772057e-10
-1.4586397e-10
-1.4775735e-10
-1.4766542e-10
-1.4753675e-10
-1.4738968e-10
-1.4683821e-10
-1.4814337e-10
-1.4854777e-10
-1.4847426e-10
-1.4715072e-10
-1.4687498e-10
-1.4650733e-10
-1.464522e-10
-1.4709556e-10
-1.4645218e-10
-1.4797791e-10
-1.4832723e-10
-1.480147e-10
-1.4814339e-10
-1.480147e-10
-1.479228e-10
-1.4720589e-10
-1.4755512e-10
-1.4786763e-10
-1.4654408e-10
-1.4794117e-10
-1.4726101e-10
-1.4830881e-10
-1.4911762e-10
-1.4755515e-10
-1.4884191e-10
-1.4876837e-10
-1.4854779e-10
-1.4808824e-10
-1.4865809e-10
-1.4891544e-10
-1.4786766e-10
-1.4797792e-10
-1.4740807e-10
-1.477022e-10
-1.4648897e-10
-1.4843748e-10
-1.4766542e-10
-1.4808822e-10
-1.4792279e-10
-1.4924628e-10
-1.4753676e-10
-1.4871322e-10
-1.4784925e-10
-1.4709559e-10
-1.4696691e-10
-1.4810661e-10
-1.4702206e-10
-1.4726101e-10
-1.4726102e-10
-1.4650735e-10
-1.4849265e-10
-1.4742643e-10
-1.4744483e-10
-1.4795955e-10
-1.492831e-10
-1.5167279e-10
-1.495956e-10
-1.490625e-10
-1.4999998e-10
-1.4970586e-10
-1.4959556e-10
-1.4930146e-10
-1.4887867e-10
-1.486397e-10
-1.4843748e-10
-1.4943013e-10
-1.4865807e-10
-1.4987132e-10
-1.4693013e-10
-1.4792279e-10
-1.4794117e-10
-1.4766544e-10
-1.4737134e-10
-1.4757351e-10
-1.4783089e-10
-1.4588233e-10
-1.4784923e-10
-1.4647054e-10
-1.4643381e-10
-1.4556988e-10
-1.4722425e-10
-1.4718748e-10
-1.4795953e-10
-1.4707718e-10
-1.4873161e-10
-1.4694854e-10
-1.4595587e-10
-1.4665441e-10
-1.4713233e-10
-1.4711396e-10
-1.4740809e-10
-1.4737132e-10
-1.4757351e-10
-1.4595587e-10
-1.4702206e-10
-1.4650736e-10
-1.4862131e-10
-1.4716911e-10
-1.478125e-10
-1.4849263e-10
-1.4726102e-10
-1.4854777e-10
-1.4694851e-10
-1.4659927e-10
-1.4727941e-10
-1.4670956e-10
-1.4788602e-10
-1.4645218e-10
-1.4816172e-10
-1.4773896e-10
-1.465441e-10
-1.4661765e-10
-1.4597425e-10
-1.4827205e-10
-1.484375e-10
-1.4911763e-10
-1.4862131e-10
-1.4893381e-10
-1.4829042e-10
-1.5007354e-10
-1.492463e-10
-1.4799634e-10
-1.4735295e-10
-1.4920956e-10
-1.5009188e-10
-1.492831e-10
-1.4919116e-10
-1.4961396e-10
-1.4818015e-10
-1.4919119e-10
-1.4909925e-10
-1.4816176e-10
-1.4869483e-10
-1.4825366e-10
-1.4948529e-10
-1.4965072e-10
-1.4775735e-10
-1.4659926e-10
-1.4898896e-10
-1.4687501e-10
-1.4810661e-10
-1.4751836e-10
-1.4893384e-10
-1.475e-10
-1.4845587e-10
-1.484375e-10
-1.4735292e-10
-1.4794117e-10
-1.4639706e-10
-1.4849262e-10
-1.4672794e-10
-1.4691173e-10
-1.4737132e-10
-1.4775733e-10
-1.4806986e-10
-1.4858455e-10
-1.4790441e-10
-1.4878673e-10
-1.4773896e-10
-1.4727941e-10
-1.485294e-10
-1.4849263e-10
-1.4816177e-10
-1.4974266e-10
-1.4748161e-10
-1.4814337e-10
-1.4685661e-10
-1.4601104e-10
-1.4726102e-10
-1.4908087e-10
-1.4647057e-10
-1.4794115e-10
-1.4770218e-10
-1.4775733e-10
-1.4696691e-10
-1.4590074e-10
-1.4652574e-10
-1.4540441e-10
-1.478125e-10
-1.4709557e-10
-1.4777572e-10
-1.4661765e-10
-1.4700369e-10
-1.4665438e-10
-1.478125e-10
-1.473897e-10
-1.46875e-10
-1.4737132e-10
-1.467647e-10
-1.4628673e-10
-1.4757352e-10
-1.4724262e-10
-1.4647057e-10
-1.4634188e-10
-1.4762866e-10
-1.465625e-10
-1.4654411e-10
-1.4689337e-10
-1.4678307e-10
-1.4659926e-10
-1.4672795e-10
-1.4617647e-10
-1.4764706e-10
-1.4566176e-10
-1.4818012e-10
-1.4770218e-10
-1.4772057e-10
-1.4628675e-10
-1.4825369e-10
-1.4764705e-10
-1.478125e-10
-1.4749997e-10
-1.4590074e-10
-1.4507352e-10
-1.4696692e-10
-1.4632351e-10
-1.4742645e-10
-1.4612131e-10
-1.4761029e-10
-1.4568013e-10
-1.467463e-10
-1.4398896e-10
-1.4784925e-10
-1.4681983e-10
-1.4691177e-10
-1.4610294e-10
-1.4735294e-10
-1.4715074e-10
-1.4761029e-10
-1.4816177e-10
-1.4672794e-10
-1.4753677e-10
-1.4626837e-10
-1.454044e-10
-1.4667279e-10
-1.475919e-10
-1.457537e-10
-1.4698529e-10
-1.4803309e-10
-1.4715074e-10
-1.4715072e-10
-1.4843748e-10
-1.483272e-10
-1.4579042e-10
-1.4624998e-10
-1.4698529e-10
-1.4658087e-10
-1.4558824e-10
-1.4643381e-10
-1.4531247e-10
-1.4744485e-10
-1.4786762e-10
-1.4790438e-10
-1.4788602e-10
-1.4652575e-10
-1.4689336e-10
-1.4773899e-10
-1.4667279e-10
-1.4665438e-10
-1.442647e-10
-1.4726102e-10
-1.4696691e-10
-1.4608456e-10
-1.4683822e-10
-1.4632352e-10
-1.4783087e-10
-1.4610292e-10
-1.4814337e-10
-1.4439339e-10
-1.4838233e-10
-1.4755515e-10
-1.4698529e-10
-1.4579044e-10
-1.4887865e-10
-1.4626836e-10
-1.4801468e-10
-1.4481619e-10
-1.473162e-10
-1.4630513e-10
-1.4722423e-10
-1.4670956e-10
-1.5917279e-10
-1.9713235e-10
-2.5099262e-10
-3.1415442e-10
-3.9459558e-10
-4.7430149e-10
-5.4283095e-10
-6.015809e-10
-6.613971e-10
-7.1231609e-10
-7.4674633e-10
-7.7163592e-10
-7.9367646e-10
-8.1193019e-10
-8.1303314e-10
-8.0674634e-10
-7.9134183e-10
-7.6715073e-10
-7.454965e-10
-7.2121331e-10
-6.9422795e-10
-6.6955885e-10
-6.445588e-10
-6.2112127e-10
-6.0049615e-10
-5.7968746e-10
-5.5812494e-10
-5.4204036e-10
-5.2141547e-10
-5.0604787e-10
-4.8946686e-10
-4.7400733e-10
-4.61544e-10
-4.4558823e-10
-4.3242648e-10
-4.1959561e-10
-4.064154e-10
-3.9586395e-10
-3.8314341e-10
-3.7553313e-10
-3.6737127e-10
-3.6062506e-10
-3.5435668e-10
-3.5174633e-10
-3.4919118e-10
-3.4295961e-10
-3.3724265e-10
-3.3248163e-10
-3.3097428e-10
-3.2689337e-10
-3.2123165e-10
-3.1794117e-10
-3.1108455e-10
-3.076103e-10
-3.0158087e-10
-2.9665442e-10
-2.937684e-10
-2.8648889e-10
-2.7931987e-10
-2.7463232e-10
-2.679228e-10
-2.6374997e-10
-2.5648897e-10
-2.5292279e-10
-2.4895219e-10
-2.4545954e-10
-2.3954042e-10
-2.3887869e-10
-2.3444854e-10
-2.3169119e-10
-2.2849263e-10
-2.2746323e-10
-2.2253677e-10
-2.2113968e-10
-2.1904412e-10
-2.1685662e-10
-2.1630511e-10
-2.1369485e-10
-2.1126838e-10
-2.1016541e-10
-2.0909925e-10
-2.0755514e-10
-2.0560662e-10
-2.0443013e-10
-2.0216911e-10
-2.0011028e-10
-1.9819851e-10
-1.9762868e-10
-1.9553308e-10
-1.9593752e-10
-1.9397058e-10
-1.9483455e-10
-1.9347425e-10
-1.917647e-10
-1.9191175e-10
-1.9222425e-10
-1.902206e-10
-1.9029411e-10
-1.8845586e-10
-1.8830883e-10
-1.8716909e-10
-1.8729776e-10
-1.856066e-10
-1.8284926e-10
-1.844669e-10
-1.8369485e-10
-1.837316e-10
-1.8358456e-10
-1.8354777e-10
-1.8330881e-10
-1.8038601e-10
-1.8204042e-10
-1.7988971e-10
-1.7880514e-10
-1.7891542e-10
-1.7775734e-10
-1.781434e-10
-1.7803312e-10
-1.7761027e-10
-1.7779411e-10
-1.7626836e-10
-1.7590074e-10
-1.7619484e-10
-1.755147e-10
-1.7545954e-10
-1.7604779e-10
-1.7595587e-10
-1.7558822e-10
-1.772794e-10
-1.7749997e-10
-1.7799631e-10
-1.7591911e-10
-1.7681985e-10
-1.7604777e-10
-1.7597426e-10
-1.7422795e-10
-1.7577208e-10
-1.7426471e-10
-1.7455881e-10
-1.7494486e-10
-1.7380514e-10
-1.7386027e-10
-1.7198527e-10
-1.7183821e-10
-1.7273895e-10
-1.7207719e-10
-1.7003676e-10
-1.7091914e-10
-1.7016541e-10
-1.6972429e-10
-1.6889704e-10
-1.6845587e-10
-1.6983456e-10
-1.6764705e-10
-1.7034925e-10
-1.6930146e-10
-1.6871321e-10
-1.6880515e-10
-1.6681982e-10
-1.6795954e-10
-1.6663602e-10
-1.682353e-10
-1.6886029e-10
-1.6702208e-10
-1.685294e-10
-1.6639705e-10
-1.6884188e-10
-1.6597426e-10
-1.6783087e-10
-1.681066e-10
-1.6724265e-10
-1.6689336e-10
-1.6687497e-10
-1.6619486e-10
-1.6613969e-10
-1.6564337e-10
-1.6428309e-10
-1.6661765e-10
-1.6573529e-10
-1.667647e-10
-1.6417279e-10
-1.655147e-10
-1.6488969e-10
-1.6430148e-10
-1.645588e-10
-1.6347426e-10
-1.6564339e-10
-1.6595587e-10
-1.6459557e-10
-1.647978e-10
-1.630147e-10
-1.6501836e-10
-1.6483456e-10
-1.6549631e-10
-1.6419117e-10
-1.6238971e-10
-1.6426471e-10
-1.6398898e-10
-1.6255515e-10
-1.6371321e-10
-1.6306986e-10
-1.6545955e-10
-1.6595586e-10
-1.674816e-10
-1.6579044e-10
-1.6533087e-10
-1.6465074e-10
-1.6402575e-10
-1.6163601e-10
-1.625919e-10
-1.6235294e-10
-1.6261029e-10
-1.6001839e-10
-1.615625e-10
-1.6222426e-10
-1.6204044e-10
-1.6113968e-10
-1.6117647e-10
-1.6090072e-10
-1.6292277e-10
-1.608272e-10
-1.6222425e-10
-1.6231616e-10
-1.6213235e-10
-1.6209557e-10
-1.6150734e-10
-1.6185663e-10
-1.614522e-10
-1.6251839e-10
-1.6270219e-10
-1.6417279e-10
-1.6308822e-10
-1.6277574e-10
-1.6240809e-10
-1.6283087e-10
-1.6200366e-10
-1.622978e-10
-1.6108456e-10
-1.6226101e-10
-1.5992647e-10
-1.633272e-10
-1.6209556e-10
-1.6108455e-10
-1.609375e-10
-1.6058821e-10
-1.6080881e-10
-1.6047795e-10
-1.6029411e-10
-1.5999996e-10
-1.6079041e-10
-1.5983455e-10
-1.6053306e-10
-1.6009193e-10
-1.6027571e-10
-1.606066e-10
-1.6e-10
-1.6068011e-10
-1.6091911e-10
-1.6257351e-10
-1.6178307e-10
-1.5950367e-10
-1.6130514e-10
-1.5988968e-10
-1.5994484e-10
-1.6005512e-10
-1.6042279e-10
-1.5959557e-10
-1.5860294e-10
-1.5990807e-10
-1.581066e-10
-1.5893382e-10
-1.5935661e-10
-1.5867647e-10
-1.5939336e-10
-1.6062499e-10
-1.5950366e-10
-1.6071688e-10
-1.6231616e-10
-1.6126837e-10
-1.6011029e-10
-1.589522e-10
-1.5867649e-10
-1.5948527e-10
-1.6055146e-10
-1.6023897e-10
-1.6161764e-10
-1.5917279e-10
-1.5974265e-10
-1.5873158e-10
-1.5933824e-10
-1.5919116e-10
-1.5693014e-10
-1.5702205e-10
-1.5678307e-10
-1.57886e-10
-1.5654412e-10
-1.5891544e-10
-1.5711395e-10
-1.5786764e-10
-1.5847425e-10
-1.5810661e-10
-1.5856617e-10
-1.590441e-10
-1.5834557e-10
-1.5878671e-10
-1.6128676e-10
-1.5878675e-10
-1.5840074e-10
-1.5931984e-10
-1.5902574e-10
-1.5805146e-10
-1.6014703e-10
-1.5805145e-10
-1.588603e-10
-1.5891542e-10
-1.5909925e-10
-1.5878676e-10
-1.613419e-10
-1.6023897e-10
-1.5812496e-10
-1.5865807e-10
-1.604963e-10
-1.5946687e-10
-1.5954041e-10
-1.5985296e-10
-1.6009188e-10
-1.5852943e-10
-1.5731615e-10
-1.5792277e-10
-1.579963e-10
-1.5621324e-10
-1.5702206e-10
-1.5858456e-10
-1.5889703e-10
-1.5948527e-10
-1.5814337e-10
-1.5871321e-10
-1.5689337e-10
-1.600919e-10
-1.5948529e-10
-1.5900732e-10
-1.5999997e-10
-1.5840072e-10
-1.5862131e-10
-1.5702206e-10
-1.5700366e-10
-1.5748158e-10
-1.5670958e-10
-1.575184e-10
-1.5795955e-10
-1.5895218e-10
-1.5952206e-10
-1.575e-10
-1.58125e-10
-1.6036764e-10
-1.6045955e-10
-1.601838e-10
-1.6018381e-10
-1.5988971e-10
-1.5816179e-10
-1.5930146e-10
-1.5858456e-10
-1.5840075e-10
-1.5906249e-10
-1.5902571e-10
-1.5775736e-10
-1.5803307e-10
-1.5943014e-10
-1.5707717e-10
-1.5724264e-10
-1.5902572e-10
-1.5847425e-10
-1.5943014e-10
-1.5731617e-10
-1.5757352e-10
-1.5761027e-10
-1.5746321e-10
-1.5680146e-10
-1.5715075e-10
-1.5669117e-10
-1.5597425e-10
-1.5663602e-10
-1.5709557e-10
-1.5604779e-10
-1.5693014e-10
-1.5711397e-10
-1.5586396e-10
-1.5663601e-10
-1.5566175e-10
-1.5704041e-10
-1.5595586e-10
-1.5742646e-10
-1.565441e-10
-1.5744486e-10
-1.5762867e-10
-1.5738971e-10
-1.5731616e-10
-1.5810661e-10
-1.5847425e-10
-1.5722425e-10
-1.5704045e-10
-1.5797794e-10
-1.5737131e-10
-1.5536764e-10
-1.555147e-10
-1.5397057e-10
-1.5698529e-10
-1.5650733e-10
-1.5527575e-10
-1.5681985e-10
-1.5693014e-10
-1.5553307e-10
-1.5661764e-10
-1.5808821e-10
-1.5818014e-10
-1.572978e-10
-1.5930147e-10
-1.5926468e-10
-1.5889706e-10
-1.5908086e-10
-1.5795953e-10
-1.5845587e-10
-1.5869484e-10
-1.5727941e-10
-1.6062499e-10
-1.5792277e-10
-1.5920955e-10
-1.5976101e-10
-1.5974264e-10
-1.5955881e-10
-1.5911765e-10
-1.584191e-10
-1.5775735e-10
-1.5889705e-10
-1.5998163e-10
-1.5772057e-10
-1.5832718e-10
-1.5847425e-10
-1.5737132e-10
-1.5711399e-10
-1.5794117e-10
-1.5490809e-10
-1.5693014e-10
-1.5525733e-10
-1.5507352e-10
-1.5525733e-10
-1.5463235e-10
-1.544853e-10
-1.5474264e-10
-1.541728e-10
-1.557353e-10
-1.5595586e-10
-1.5512867e-10
-1.5516542e-10
-1.5770218e-10
-1.5746325e-10
-1.5693014e-10
-1.576103e-10
-1.5669117e-10
-1.5632351e-10
-1.5783087e-10
-1.5729779e-10
-1.5777571e-10
-1.5976102e-10
-1.5858455e-10
-1.5911766e-10
-1.5716911e-10
-1.5880515e-10
-1.5812497e-10
-1.596875e-10
-1.5751836e-10
-1.5867646e-10
-1.5768382e-10
-1.5744485e-10
-1.5613967e-10
-1.5595589e-10
-1.5610294e-10
-1.5834557e-10
-1.5799632e-10
-1.5643382e-10
-1.5667279e-10
-1.5637866e-10
-1.5674632e-10
-1.5623162e-10
-1.5641544e-10
-1.5639705e-10
-1.5698527e-10
-1.5678307e-10
-1.5709556e-10
-1.5678309e-10
-1.5639702e-10
-1.5891544e-10
-1.5808822e-10
-1.5773895e-10
-1.5683821e-10
-1.575919e-10
-1.5615807e-10
-1.5674632e-10
-1.5643381e-10
-1.5648897e-10
-1.5455882e-10
-1.5588232e-10
-1.5604781e-10
-1.5630516e-10
-1.5674631e-10
-1.557169e-10
-1.5424628e-10
-1.5536765e-10
-1.5439336e-10
-1.5525735e-10
-1.5448529e-10
-1.5566175e-10
-1.5461396e-10
-1.533088e-10
-1.5437499e-10
-1.5463236e-10
-1.5656247e-10
-1.5382352e-10
-1.5522059e-10
-1.5472426e-10
-1.5391542e-10
-1.5428306e-10
-1.5431985e-10
-1.5461396e-10
-1.5415441e-10
-1.5327205e-10
-1.5428309e-10
-1.5308824e-10
-1.5356616e-10
-1.5656249e-10
-1.5533087e-10
-1.5466908e-10
-1.5494483e-10
-1.542463e-10
-1.54761e-10
-1.5391544e-10
-1.5378673e-10
-1.5527574e-10
-1.5389708e-10
-1.5492646e-10
-1.5351105e-10
-1.540625e-10
-1.5428309e-10
-1.5505515e-10
-1.5595587e-10
-1.5683825e-10
-1.5691175e-10
-1.5724264e-10
-1.5729779e-10
-1.5654411e-10
-1.570772e-10
-1.5674631e-10
-1.5685662e-10
-1.5669116e-10
-1.5808822e-10
-1.5777574e-10
-1.5674632e-10
-1.5637867e-10
-1.5643382e-10
-1.5591912e-10
-1.5487132e-10
-1.5621322e-10
-1.5503676e-10
-1.5742646e-10
-1.556066e-10
-1.558456e-10
-1.5459557e-10
-1.542831e-10
-1.5318015e-10
-1.5518381e-10
-1.5487132e-10
-1.5411765e-10
-1.5595587e-10
-1.5545955e-10
-1.5459557e-10
-1.5415437e-10
-1.5444854e-10
-1.5501836e-10
-1.5306983e-10
-1.542463e-10
-1.5599265e-10
-1.5624999e-10
-1.5439336e-10
-1.545772e-10
-1.5882351e-10
-1.5707718e-10
-1.5621325e-10
-1.5762869e-10
-1.5619486e-10
-1.5485291e-10
-1.5628678e-10
-1.5663602e-10
-1.5624999e-10
-1.5637867e-10
-1.5516545e-10
-1.551838e-10
-1.543566e-10
-1.557169e-10
-1.5501836e-10
-1.5615809e-10
-1.5549631e-10
-1.545772e-10
-1.5382351e-10
-1.5393381e-10
-1.5457717e-10
-1.523897e-10
-1.5409926e-10
-1.5483455e-10
-1.5465072e-10
-1.559375e-10
-1.5555147e-10
-1.5413602e-10
-1.5463236e-10
-1.5369486e-10
-1.5536766e-10
-1.5485294e-10
-1.564522e-10
-1.5529411e-10
-1.5591911e-10
-1.561397e-10
-1.5485294e-10
-1.5419117e-10
-1.516544e-10
-1.5415441e-10
-1.5391544e-10
-1.5424632e-10
-1.532353e-10
-1.5604779e-10
-1.5481616e-10
-1.5386029e-10
-1.5419119e-10
-1.5487131e-10
-1.5284925e-10
-1.5443014e-10
-1.5251836e-10
-1.5400733e-10
-1.5362131e-10
-1.5345587e-10
-1.5325366e-10
-1.5391544e-10
-1.5395221e-10
-1.561397e-10
-1.5520218e-10
-1.5580881e-10
-1.5465074e-10
-1.5461396e-10
-1.5461396e-10
-1.5483453e-10
-1.5389703e-10
-1.5332721e-10
-1.524816e-10
-1.5283087e-10
-1.5336397e-10
-1.5470587e-10
-1.5680146e-10
-1.5439339e-10
-1.5518381e-10
-1.5665438e-10
-1.5568014e-10
-1.5553309e-10
-1.5391542e-10
-1.5501839e-10
-1.5426471e-10
-1.5286762e-10
-1.546691e-10
-1.5525733e-10
-1.5327205e-10
-1.5443014e-10
-1.5452205e-10
-1.5422792e-10
-1.5435661e-10
-1.5481616e-10
-1.5533087e-10
-1.5439337e-10
-1.532169e-10
-1.5183822e-10
-1.5387869e-10
-1.5387867e-10
-1.5077202e-10
-1.5349265e-10
-1.5347423e-10
-1.5459557e-10
-1.5150736e-10
-1.5358455e-10
-1.5141544e-10
-1.5306983e-10
-1.5444852e-10
-1.5575366e-10
-1.5512867e-10
-1.5512866e-10
-1.5465071e-10
-1.5257351e-10
-1.5398895e-10
-1.5356616e-10
-1.529044e-10
-1.5281248e-10
-1.5251836e-10
-1.5185664e-10
-1.522978e-10
-1.5411764e-10
-1.5352941e-10
-1.538419e-10
-1.5443014e-10
-1.5360294e-10
-1.5523897e-10
-1.5400735e-10
-1.537316e-10
-1.5209556e-10
-1.5286764e-10
-1.5213235e-10
-1.5262866e-10
-1.5424631e-10
-1.5301471e-10
-1.5378676e-10
-1.5308824e-10
-1.5295953e-10
-1.5306985e-10
-1.5215071e-10
-1.5137865e-10
-1.5062498e-10
-1.5253676e-10
-1.5211397e-10
-1.5187497e-10
-1.5183824e-10
-1.522978e-10
-1.5336395e-10
-1.5308824e-10
-1.5308824e-10
-1.5340072e-10
-1.5207717e-10
-1.5246324e-10
-1.5211395e-10
-1.5391544e-10
-1.5183821e-10
-1.5284923e-10
-1.5294116e-10
-1.5181985e-10
-1.5154411e-10
-1.5185664e-10
-1.5125e-10
-1.523713e-10
-1.5029411e-10
-1.502022e-10
-1.5097423e-10
-1.4992646e-10
-1.5066176e-10
-1.5233453e-10
-1.5134188e-10
-1.5163602e-10
-1.5251836e-10
-1.5143384e-10
-1.4944854e-10
-1.504044e-10
-1.5125e-10
-1.5248161e-10
-1.5044116e-10
-1.5029412e-10
-1.5226101e-10
-1.5115809e-10
-1.5121322e-10
-1.510294e-10
-1.5213233e-10
-1.5112131e-10
-1.5121322e-10
-1.5148895e-10
-1.5007351e-10
-1.5069851e-10
-1.5038601e-10
-1.5183824e-10
-1.5490807e-10
-1.549816e-10
-1.5681985e-10
-1.5698526e-10
-1.5672794e-10
-1.558272e-10
-1.5700366e-10
-1.579228e-10
-1.5577205e-10
-1.5637865e-10
-1.5382351e-10
-1.5229779e-10
-1.5362134e-10
-1.5262867e-10
-1.5288604e-10
-1.5169116e-10
-1.5290444e-10
-1.5262866e-10
-1.5123161e-10
-1.5242646e-10
-1.5308825e-10
-1.513603e-10
-1.5224262e-10
-1.5207718e-10
-1.5288604e-10
-1.5170956e-10
-1.5181983e-10
-1.5097426e-10
-1.5079045e-10
-1.5068014e-10
-1.5205881e-10
-1.5273896e-10
-1.517463e-10
-1.5169117e-10
-1.5027574e-10
-1.5294115e-10
-1.511397e-10
-1.4930146e-10
-1.512316e-10
-1.5104779e-10
-1.5323529e-10
-1.5150735e-10
-1.5191176e-10
-1.5139706e-10
-1.528125e-10
-1.5277571e-10
-1.5272059e-10
-1.513419e-10
-1.5172792e-10
-1.5185661e-10
-1.4996324e-10
-1.4977941e-10
-1.5036766e-10
-1.5174634e-10
-1.5055146e-10
-1.512316e-10
-1.5077205e-10
-1.512316e-10
-1.5207718e-10
-1.5141542e-10
-1.5191175e-10
-1.5108455e-10
-1.5062498e-10
-1.5158086e-10
-1.5104777e-10
-1.5213235e-10
-1.5075369e-10
-1.5158087e-10
-1.5044117e-10
-1.5286764e-10
-1.5044115e-10
-1.5141544e-10
-1.5218748e-10
-1.5345586e-10
-1.5053306e-10
-1.529044e-10
-1.5253675e-10
-1.5314339e-10
-1.5211399e-10
-1.5314336e-10
-1.5249998e-10
-1.5174631e-10
-1.5187498e-10
-1.5141542e-10
-1.5176471e-10
-1.5237134e-10
-1.5341911e-10
-1.5292279e-10
-1.5049632e-10
-1.5264705e-10
-1.5148897e-10
-1.511397e-10
-1.5132351e-10
-1.5027572e-10
-1.5319852e-10
-1.52261e-10
-1.5150733e-10
-1.5231617e-10
-1.531066e-10
-1.5068015e-10
-1.5202205e-10
-1.5117649e-10
-1.5279411e-10
-1.5200366e-10
-1.5194852e-10
-1.5266542e-10
-1.5246324e-10
-1.5198527e-10
-1.5102941e-10
-1.5170955e-10
-1.5158087e-10
-1.512684e-10
-1.5110295e-10
-1.5090072e-10
-1.5183821e-10
-1.5058824e-10
-1.5058821e-10
-1.5023896e-10
-1.5215074e-10
-1.5047792e-10
-1.517463e-10
-1.511397e-10
-1.502941e-10
-1.5025736e-10
-1.512316e-10
-1.5141542e-10
-1.5172795e-10
-1.4966911e-10
-1.5104779e-10
-1.5147059e-10
-1.5211397e-10
-1.5038602e-10
-1.5185658e-10
-1.5147057e-10
-1.5226101e-10
-1.5226104e-10
-1.5261029e-10
-1.5119483e-10
-1.5148896e-10
-1.5068014e-10
-1.5202205e-10
-1.5125e-10
-1.5301467e-10
-1.5191175e-10
-1.52261e-10
-1.5202206e-10
-1.5275733e-10
-1.5185662e-10
-1.5178311e-10
-1.5170953e-10
-1.5306985e-10
-1.5158087e-10
-1.5077202e-10
-1.5286762e-10
-1.5012866e-10
-1.5178309e-10
-1.5040441e-10
-1.5130515e-10
-1.5204042e-10
-1.5237132e-10
-1.5295953e-10
-1.5189336e-10
-1.5158089e-10
-1.518566e-10
-1.5205881e-10
-1.521691e-10
-1.510294e-10
-1.5112132e-10
-1.5330881e-10
-1.5277571e-10
-1.5115807e-10
-1.5200366e-10
-1.5222425e-10
-1.5126837e-10
-1.5139705e-10
-1.5253676e-10
-1.5306986e-10
-1.530147e-10
-1.5101105e-10
-1.516544e-10
-1.516544e-10
-1.5079042e-10
-1.4974263e-10
-1.512316e-10
-1.5303309e-10
-1.5163602e-10
-1.4985295e-10
-1.5066176e-10
-1.4961397e-10
-1.5169117e-10
-1.5045955e-10
-1.4972426e-10
-1.5161765e-10
-1.5049631e-10
-1.5193014e-10
-1.5229779e-10
-1.5139708e-10
-1.5329042e-10
-1.5064337e-10
-1.5233455e-10
-1.5126839e-10
-1.4924631e-10
-1.5165443e-10
-1.5130515e-10
-1.5106616e-10
-1.5119483e-10
-1.4928309e-10
-1.5058824e-10
-1.4998161e-10
-1.4935661e-10
-1.5014705e-10
-1.5058822e-10
-1.4847423e-10
-1.4994483e-10
-1.5097425e-10
-1.4972425e-10
-1.4897057e-10
-1.5005512e-10
-1.4930147e-10
-1.4849263e-10
-1.4799632e-10
-1.4854779e-10
-1.4805146e-10
-1.5022059e-10
-1.472978e-10
-1.499816e-10
-1.503125e-10
-1.4977942e-10
-1.4830881e-10
-1.4963236e-10
-1.485294e-10
-1.493566e-10
-1.4869485e-10
-1.5049632e-10
-1.5080881e-10
-1.4974261e-10
-1.5020218e-10
-1.5231617e-10
-1.5099266e-10
-1.520772e-10
-1.5090072e-10
-1.509375e-10
-1.5351102e-10
-1.5141544e-10
-1.5101102e-10
-1.4998162e-10
-1.5113968e-10
-1.5042277e-10
-1.4856616e-10
-1.5132351e-10
-1.4987131e-10
-1.4941176e-10
-1.4924631e-10
-1.508272e-10
-1.5042279e-10
-1.4876839e-10
-1.4943013e-10
-1.4968748e-10
-1.4933821e-10
-1.4909927e-10
-1.5038602e-10
-1.484375e-10
-1.4928307e-10
-1.4875e-10
-1.4998161e-10
-1.4834557e-10
-1.5012867e-10
-1.4876839e-10
-1.503125e-10
-1.5027574e-10
-1.5117647e-10
-1.5181986e-10
-1.5060661e-10
-1.5062498e-10
-1.5018384e-10
-1.5101104e-10
-1.4948526e-10
-1.5137867e-10
-1.4906248e-10
-1.5071691e-10
-1.494669e-10
-1.4957718e-10
-1.4985294e-10
-1.4897057e-10
-1.4922794e-10
-1.4854777e-10
-1.4716911e-10
-1.4878677e-10
-1.4931983e-10
-1.4705881e-10
-1.5045953e-10
-1.4777574e-10
-1.4920955e-10
-1.4858456e-10
-1.4729779e-10
-1.4882351e-10
-1.4746324e-10
-1.4808824e-10
-1.4818012e-10
-1.4696688e-10
-1.4911765e-10
-1.470772e-10
-1.4821688e-10
-1.4845586e-10
-1.4873162e-10
-1.4795955e-10
-1.4658086e-10
-1.4840074e-10
-1.4805146e-10
-1.490441e-10
-1.4770218e-10
-1.4806985e-10
-1.4889705e-10
-1.4897059e-10
-1.4893382e-10
-1.4869485e-10
-1.471875e-10
-1.4880513e-10
-1.495772e-10
-1.484191e-10
-1.4893384e-10
-1.4593748e-10
-1.4900735e-10
-1.4873161e-10
-1.4724265e-10
-1.4830882e-10
-1.4818015e-10
-1.4830881e-10
-1.4795953e-10
-1.4744483e-10
-1.4751839e-10
-1.4948527e-10
-1.4887866e-10
-1.4952206e-10
-1.4961395e-10
-1.4955881e-10
-1.4946688e-10
-1.4744486e-10
-1.479044e-10
-1.492463e-10
-1.4799632e-10
-1.4891542e-10
-1.4999997e-10
-1.5075367e-10
-1.5014708e-10
-1.5115809e-10
-1.5049632e-10
-1.5055146e-10
-1.5001839e-10
-1.510478e-10
-1.5110294e-10
-1.4950366e-10
-1.5066176e-10
-1.4806985e-10
-1.4941175e-10
-1.5038602e-10
-1.4994483e-10
-1.4869483e-10
-1.5066176e-10
-1.4963235e-10
-1.5e-10
-1.4818013e-10
-1.4935661e-10
-1.4948527e-10
-1.4922794e-10
-1.4878675e-10
-1.4792277e-10
-1.5023896e-10
-1.4891542e-10
-1.4891544e-10
-1.5110294e-10
-1.4886027e-10
-1.4963235e-10
-1.483456e-10
-1.4819854e-10
-1.4941176e-10
-1.4974263e-10
-1.4998161e-10
-1.4985291e-10
-1.4968748e-10
-1.5130512e-10
-1.4838233e-10
-1.5097426e-10
-1.490441e-10
-1.5012867e-10
-1.4920956e-10
-1.4979779e-10
-1.5027571e-10
-1.4900736e-10
-1.4902572e-10
-1.488419e-10
-1.4933825e-10
-1.5058824e-10
-1.492647e-10
-1.485478e-10
-1.4759188e-10
-1.4790441e-10
-1.4821688e-10
-1.4748161e-10
-1.4891544e-10
-1.5125e-10
-1.4911763e-10
-1.4886029e-10
-1.4834557e-10
-1.4902572e-10
-1.4930146e-10
-1.4783086e-10
-1.4928307e-10
-1.503309e-10
-1.5049631e-10
-1.4948526e-10
-1.491544e-10
-1.5060658e-10
-1.5071688e-10
-1.4917279e-10
-1.5119485e-10
-1.5101104e-10
-1.4963235e-10
-1.5058824e-10
-1.5034926e-10
-1.5005512e-10
-1.4957718e-10
-1.4972425e-10
-1.4867646e-10
-1.4966911e-10
-1.4871321e-10
-1.4970589e-10
-1.4948529e-10
-1.5009188e-10
-1.5108455e-10
-1.5047792e-10
-1.5040444e-10
-1.4968747e-10
-1.4913601e-10
-1.4915438e-10
-1.4851105e-10
-1.4847423e-10
-1.4805146e-10
-1.4976102e-10
-1.4788604e-10
-1.4841911e-10
-1.4891542e-10
-1.4948527e-10
-1.5047795e-10
-1.4887866e-10
-1.489522e-10
-1.4799632e-10
-1.4998161e-10
-1.4797794e-10
-1.4913604e-10
-1.4773896e-10
-1.487316e-10
-1.4784926e-10
-1.4987131e-10
-1.4814336e-10
-1.4900733e-10
-1.4876837e-10
-1.4889705e-10
-1.4893382e-10
-1.494669e-10
-1.4963235e-10
-1.4898895e-10
-1.4924631e-10
-1.4840071e-10
-1.4818015e-10
-1.4862132e-10
-1.4821692e-10
-1.4911763e-10
-1.4911763e-10
-1.4818013e-10
-1.5034925e-10
-1.4838235e-10
-1.4724265e-10
-1.4737134e-10
-1.4970589e-10
-1.4829042e-10
-1.489522e-10
-1.4930147e-10
-1.4858455e-10
-1.464522e-10
-1.4880512e-10
-1.4700365e-10
-1.4810661e-10
-1.4827205e-10
-1.4944854e-10
-1.4829042e-10
-1.4968748e-10
-1.4792276e-10
-1.4898897e-10
-1.4847425e-10
-1.4847423e-10
-1.4779411e-10
-1.4939337e-10
-1.5005513e-10
-1.5023893e-10
-1.5022059e-10
-1.4900735e-10
-1.480147e-10
-1.4836396e-10
-1.4834559e-10
-1.4790438e-10
-1.4871322e-10
-1.488603e-10
-1.4928309e-10
-1.4827203e-10
-1.4847425e-10
-1.4702203e-10
-1.4825367e-10
-1.4786763e-10
-1.4797795e-10
-1.4957718e-10
-1.4683821e-10
-1.488419e-10
-1.4786763e-10
-1.4786763e-10
-1.4830881e-10
-1.4757354e-10
-1.4818013e-10
-1.4593748e-10
-1.4818013e-10
-1.4733458e-10
-1.4814337e-10
-1.4930147e-10
-1.4814339e-10
-1.4851104e-10
-1.4823531e-10
-1.4818011e-10
-1.4851104e-10
-1.4847427e-10
-1.4795956e-10
-1.4851102e-10
-1.4810661e-10
-1.510294e-10
-1.4952205e-10
-1.4935661e-10
-1.4871324e-10
-1.482353e-10
-1.4836396e-10
-1.481066e-10
-1.4790441e-10
-1.4860294e-10
-1.4845587e-10
-1.4911763e-10
-1.4792279e-10
-1.4865809e-10
-1.4818012e-10
-1.4891544e-10
-1.486213e-10
-1.4768382e-10
-1.4950369e-10
-1.5033089e-10
-1.4860294e-10
-1.4893382e-10
-1.497794e-10
-1.4827206e-10
-1.4976101e-10
-1.4941175e-10
-1.5003675e-10
-1.5005515e-10
-1.4976102e-10
-1.4920958e-10
-1.502206e-10
-1.4887866e-10
-1.4990807e-10
-1.5064339e-10
-1.496875e-10
-1.4974263e-10
-1.5016544e-10
-1.4922795e-10
-1.4862132e-10
-1.4909925e-10
-1.4834557e-10
-1.4948529e-10
-1.4891544e-10
-1.4757354e-10
-1.4994485e-10
-1.4900735e-10
-1.4841911e-10
-1.4858455e-10
-1.4779411e-10
-1.4897057e-10
-1.4683821e-10
-1.4930145e-10
-1.4933821e-10
-1.483272e-10
-1.4869485e-10
-1.4786763e-10
-1.4985294e-10
-1.4911762e-10
-1.4900733e-10
-1.4816176e-10
-1.483272e-10
-1.4808822e-10
-1.4930146e-10
-1.4788602e-10
-1.4902574e-10
-1.492831e-10
-1.469669e-10
-1.4806986e-10
-1.4729779e-10
-1.4799631e-10
-1.4658086e-10
-1.4792279e-10
-1.4729777e-10
-1.4862131e-10
-1.4836395e-10
-1.4876839e-10
-1.4834557e-10
-1.4827206e-10
-1.4740807e-10
-1.4733453e-10
-1.4794116e-10
-1.4786763e-10
-1.4950366e-10
-1.4897059e-10
-1.4753676e-10
-1.4948529e-10
-1.495772e-10
-1.4897059e-10
-1.4647057e-10
-1.4875e-10
-1.4836396e-10
-1.4906246e-10
-1.4919117e-10
-1.4783087e-10
-1.5016546e-10
-1.4808824e-10
-1.4781248e-10
-1.4773896e-10
-1.4856617e-10
-1.4840072e-10
-1.4762867e-10
-1.4827205e-10
-1.4876839e-10
-1.4735292e-10
-1.489522e-10
-1.4808824e-10
-1.482169e-10
-1.479044e-10
-1.475e-10
-1.481066e-10
-1.4889706e-10
-1.4773899e-10
-1.4761026e-10
-1.4891544e-10
-1.485294e-10
-1.4764703e-10
-1.4873158e-10
-1.488603e-10
-1.4862132e-10
-1.487684e-10
-1.492463e-10
-1.4893382e-10
-1.4862131e-10
-1.5069854e-10
-1.4943013e-10
-1.4884191e-10
-1.4976101e-10
-1.5047794e-10
-1.4954044e-10
-1.4990807e-10
-1.4889703e-10
-1.4895221e-10
-1.480147e-10
-1.493566e-10
-1.4950365e-10
-1.4908087e-10
-1.5053309e-10
-1.4900735e-10
-1.488419e-10
-1.4913604e-10
-1.5003675e-10
-1.4843747e-10
-1.4819851e-10
-1.4893382e-10
-1.4851104e-10
-1.5058825e-10
-1.4930146e-10
-1.5020217e-10
-1.4922792e-10
-1.502206e-10
-1.4814337e-10
-1.4911762e-10
-1.4737134e-10
-1.4825366e-10
-1.4889702e-10
-1.4792279e-10
-1.4799632e-10
-1.4849263e-10
-1.4799632e-10
-1.4803309e-10
-1.4792277e-10
-1.4775732e-10
-1.479963e-10
-1.4779411e-10
-1.4902572e-10
-1.4784923e-10
-1.4779411e-10
-1.4608455e-10
-1.4849265e-10
-1.4634192e-10
-1.4707718e-10
-1.4871324e-10
-1.4805146e-10
-1.4851102e-10
-1.4860294e-10
-1.4876836e-10
-1.4900735e-10
-1.4886027e-10
-1.4818012e-10
-1.494853e-10
-1.4887866e-10
-1.4672794e-10
-1.4887869e-10
-1.4882351e-10
-1.4823529e-10
-1.4731616e-10
-1.5029411e-10
-1.4941176e-10
-1.4948529e-10
-1.4849262e-10
-1.5022057e-10
-1.4821688e-10
-1.4718748e-10
-1.4908086e-10
-1.4880512e-10
-1.4836396e-10
-1.4983453e-10
-1.4963238e-10
-1.4926471e-10
-1.4744483e-10
-1.4902572e-10
-1.4773897e-10
-1.4766544e-10
-1.4875e-10
-1.4943012e-10
-1.4772057e-10
-1.4773895e-10
-1.4841914e-10
-1.4650735e-10
-1.4928309e-10
-1.4772059e-10
-1.4865807e-10
-1.4841911e-10
-1.4680146e-10
-1.4783089e-10
-1.4840074e-10
-1.4788604e-10
-1.4731617e-10
-1.4693013e-10
-1.49375e-10
-1.482353e-10
-1.4830882e-10
-1.4941176e-10
-1.4843747e-10
-1.4726101e-10
-1.4840074e-10
-1.5029411e-10
-1.4829044e-10
-1.471875e-10
-1.4786763e-10
-1.46875e-10
-1.472978e-10
-1.4805146e-10
-1.4772057e-10
-1.4681982e-10
-1.4720587e-10
-1.4731617e-10
-1.4840074e-10
-1.4781251e-10
-1.4854777e-10
-1.4814336e-10
-1.4755515e-10
-1.4841911e-10
-1.4840074e-10
-1.4880515e-10
-1.4753673e-10
-1.4920955e-10
-1.4950366e-10
-1.4715072e-10
-1.4845586e-10
-1.4693013e-10
-1.4875001e-10
-1.4740807e-10
-1.4766541e-10
-1.4795955e-10
-1.4882351e-10
-1.4990809e-10
-1.4891544e-10
-1.483272e-10
-1.4906247e-10
-1.4751839e-10
-1.4920955e-10
-1.477206e-10
-1.4707718e-10
-1.4876837e-10
-1.4670953e-10
-1.475e-10
-1.4715072e-10
-1.4878676e-10
-1.4919116e-10
-1.4836397e-10
-1.4966908e-10
-1.4930147e-10
-1.4873161e-10
-1.4961397e-10
-1.4911762e-10
-1.4889705e-10
-1.4681985e-10
-1.4786763e-10
-1.4718748e-10
-1.4722426e-10
-1.4875e-10
-1.4838235e-10
-1.481066e-10
-1.4788601e-10
-1.4683824e-10
-1.4805146e-10
-1.4889705e-10
-1.4827208e-10
-1.4803304e-10
-1.4851104e-10
-1.4836396e-10
-1.4764705e-10
-1.4746322e-10
-1.4863966e-10
-1.4663602e-10
-1.47261e-10
-1.4648895e-10
-1.4727941e-10
-1.475e-10
-1.4687501e-10
-1.4617647e-10
-1.4801468e-10
-1.488419e-10
-1.484375e-10
-1.4632352e-10
-1.4913602e-10
-1.4740806e-10
-1.4696691e-10
-1.4711396e-10
-1.4803307e-10
-1.4742645e-10
-1.4726101e-10
-1.4797795e-10
-1.4954044e-10
-1.4847426e-10
-1.4827203e-10
-1.4893384e-10
-1.4761027e-10
-1.4805146e-10
-1.4637869e-10
-1.4854779e-10
-1.478125e-10
-1.4689339e-10
-1.4814337e-10
-1.4878675e-10
-1.4977941e-10
-1.4867646e-10
-1.4891542e-10
-1.4810661e-10
-1.4845587e-10
-1.4764705e-10
-1.4713231e-10
-1.4740807e-10
-1.4803307e-10
-1.4735292e-10
-1.4773895e-10
-1.4786763e-10
-1.4718748e-10
-1.480147e-10
-1.5003675e-10
-1.4909926e-10
-1.4992645e-10
-1.5007354e-10
-1.4871322e-10
-1.4954042e-10
-1.4795955e-10
-1.4860296e-10
-1.4819852e-10
-1.4810658e-10
-1.4751836e-10
-1.4806985e-10
-1.4759191e-10
-1.4777572e-10
-1.4737132e-10
-1.4749998e-10
-1.494853e-10
-1.4895221e-10
-1.4840071e-10
-1.4893381e-10
-1.4768382e-10
-1.4998162e-10
-1.4794119e-10
-1.4724263e-10
-1.4941175e-10
-1.4819851e-10
-1.4786766e-10
-1.481985e-10
-1.4834559e-10
-1.4772057e-10
-1.4937498e-10
-1.4795955e-10
-1.4805146e-10
-1.4713236e-10
-1.4898896e-10
-1.473897e-10
-1.4639702e-10
-1.4781248e-10
-1.4865806e-10
-1.4803309e-10
-1.4762867e-10
-1.4729779e-10
-1.4810658e-10
-1.4834557e-10
-1.4887866e-10
-1.4735291e-10
-1.4814337e-10
-1.4959557e-10
-1.4731617e-10
-1.4781247e-10
-1.4867647e-10
-1.4764706e-10
-1.4856617e-10
-1.4788601e-10
-1.4889705e-10
-1.4902572e-10
-1.4966908e-10
-1.486397e-10
-1.4911763e-10
-1.4908086e-10
-1.4913601e-10
-1.491544e-10
-1.4759188e-10
-1.4718748e-10
-1.4694854e-10
-1.4700366e-10
-1.4757352e-10
-1.4751839e-10
-1.4711396e-10
-1.4733452e-10
-1.4680146e-10
-1.4713235e-10
-1.4652574e-10
-1.4806985e-10
-1.4766544e-10
-1.4715072e-10
-1.4799632e-10
-1.4819854e-10
-1.4729781e-10
-1.4836396e-10
-1.4527572e-10
-1.4746321e-10
-1.4634191e-10
-1.457169e-10
-1.4856616e-10
-1.4615809e-10
-1.4803309e-10
-1.4619485e-10
-1.4737134e-10
-1.4762869e-10
-1.4612131e-10
-1.4794117e-10
-1.4652572e-10
-1.4847426e-10
-1.4816177e-10
-1.4696691e-10
-1.465441e-10
-1.4639705e-10
-1.4586396e-10
-1.4772057e-10
-1.4777574e-10
-1.4659925e-10
-1.4944851e-10
-1.4816176e-10
-1.4625e-10
-1.4643381e-10
-1.4801468e-10
-1.4733455e-10
-1.4681983e-10
-1.4762869e-10
-1.4790442e-10
-1.4762867e-10
-1.4808822e-10
-1.4795953e-10
-1.4854776e-10
-1.4821688e-10
-1.477941e-10
-1.4810661e-10
-1.483272e-10
-1.4715071e-10
-1.4729779e-10
-1.4764703e-10
-1.4757352e-10
-1.457169e-10
-1.4630513e-10
-1.4522057e-10
-1.4654411e-10
-1.4602941e-10
-1.4536765e-10
-1.4727941e-10
-1.4652572e-10
-1.4492646e-10
-1.463603e-10
-1.4639705e-10
-1.4571688e-10
-1.4496325e-10
-1.4689336e-10
-1.4487132e-10
-1.4674631e-10
-1.478125e-10
-1.4797795e-10
-1.4709556e-10
-1.4711397e-10
-1.4626837e-10
-1.4865807e-10
-1.467647e-10
-1.4744485e-10
-1.4847425e-10
-1.4871322e-10
-1.4840072e-10
-1.4661763e-10
-1.480331e-10
-1.4895218e-10
-1.4770218e-10
-1.4698529e-10
-1.4621322e-10
-1.4865809e-10
-1.473897e-10
-1.4667279e-10
-1.471691e-10
-1.4797792e-10
-1.4772059e-10
-1.4713233e-10
-1.4674631e-10
-1.4952205e-10
-1.4781253e-10
-1.480147e-10
-1.4726101e-10
-1.4827202e-10
-1.4784926e-10
-1.4895218e-10
-1.4687496e-10
-1.4854776e-10
-1.4862131e-10
-1.4797792e-10
-1.483456e-10
-1.4693012e-10
-1.4764706e-10
-1.4812497e-10
-1.4639706e-10
-1.4775736e-10
-1.4871322e-10
-1.4941175e-10
-1.4737131e-10
-1.4891544e-10
-1.5016544e-10
-1.4797794e-10
-1.4841911e-10
-1.4834557e-10
-1.4766542e-10
-1.4836396e-10
-1.4906253e-10
-1.4794113e-10
-1.4847425e-10
-1.4829044e-10
-1.4783086e-10
-1.4724265e-10
-1.471875e-10
-1.4862131e-10
-1.4625e-10
-1.473897e-10
-1.475919e-10
-1.4777572e-10
-1.4577205e-10
-1.4704042e-10
-1.4610294e-10
-1.4724263e-10
-1.4786763e-10
-1.4729777e-10
-1.4836395e-10
-1.4597427e-10
-1.4887866e-10
-1.4744486e-10
-1.4722426e-10
-1.489522e-10
-1.4680146e-10
-1.4702203e-10
-1.475e-10
-1.4773896e-10
-1.4867646e-10
-1.4764705e-10
-1.4726102e-10
-1.4920955e-10
-1.4865809e-10
-1.4685658e-10
-1.4685661e-10
-1.4806982e-10
-1.4806985e-10
-1.4876839e-10
-1.4965074e-10
-1.4840074e-10
-1.4852941e-10
-1.4829045e-10
-1.4808821e-10
-1.4860295e-10
-1.4746324e-10
-1.4775735e-10
-1.4803306e-10
-1.4840072e-10
-1.4803307e-10
-1.4748161e-10
-1.4863968e-10
-1.4753676e-10
-1.4847426e-10
-1.4897057e-10
-1.4898896e-10
-1.4733453e-10
-1.4849265e-10
-1.4755513e-10
-1.497978e-10
-1.4731619e-10
-1.4858455e-10
-1.4799632e-10
-1.4751837e-10
-1.4733455e-10
-1.4784925e-10
-1.4619483e-10
-1.4715075e-10
-1.4672791e-10
-1.4806983e-10
-1.4753676e-10
-1.4795953e-10
-1.4777572e-10
-1.4740807e-10
-1.4720584e-10
-1.4834557e-10
-1.4805146e-10
-1.4920955e-10
-1.4805146e-10
-1.4856616e-10
-1.4968748e-10
-1.4843748e-10
-1.4830881e-10
-1.4944852e-10
-1.4775733e-10
-1.4625e-10
-1.4790441e-10
-1.4876839e-10
-1.4843748e-10
-1.4847426e-10
-1.479963e-10
-1.4983452e-10
-1.4922791e-10
-1.483456e-10
-1.4922794e-10
-1.4825366e-10
-1.4987132e-10
-1.4805146e-10
-1.5e-10
-1.4933822e-10
-1.4858456e-10
-1.4882354e-10
-1.482169e-10
-1.4891544e-10
-1.4753676e-10
-1.4781251e-10
-1.4908086e-10
-1.4869485e-10
-1.4871324e-10
-1.4683821e-10
-1.4880511e-10
-1.4670955e-10
-1.4902574e-10
-1.4613967e-10
-1.4749998e-10
-1.4746324e-10
-1.4867645e-10
-1.472794e-10
-1.4937498e-10
-1.5036765e-10
-1.4987132e-10
-1.486397e-10
-1.4806985e-10
-1.4959557e-10
-1.49375e-10
-1.4994483e-10
-1.5029411e-10
-1.4913604e-10
-1.4860292e-10
-1.4891544e-10
-1.4867646e-10
-1.5049632e-10
-1.471875e-10
-1.4751837e-10
-1.4766544e-10
-1.473897e-10
-1.4845586e-10
-1.4876839e-10
-1.4876839e-10
-1.4757352e-10
-1.4996324e-10
-1.4834559e-10
-1.5001839e-10
-1.4904412e-10
-1.4961395e-10
-1.4761027e-10
-1.4779411e-10
-1.4845586e-10
-1.4727941e-10
-1.4803309e-10
-1.470772e-10
-1.4891544e-10
-1.4698529e-10
-1.4753676e-10
-1.4702206e-10
-1.4751836e-10
-1.4880512e-10
-1.4829044e-10
-1.4891544e-10
-1.4887869e-10
-1.4922792e-10
-1.4898895e-10
-1.4823527e-10
-1.4827205e-10
-1.4740806e-10
-1.4658086e-10
-1.4720587e-10
-1.4900736e-10
-1.4816177e-10
-1.4821692e-10
-1.4678309e-10
-1.4816175e-10
-1.4608455e-10
-1.4711396e-10
-1.4615807e-10
-1.4604777e-10
-1.4601102e-10
-1.4681985e-10
-1.4621322e-10
-1.4681983e-10
-1.4654412e-10
-1.4790441e-10
-1.4726102e-10
-1.4887866e-10
-1.4636027e-10
-1.4803309e-10
-1.4720587e-10
-1.4766544e-10
-1.4841912e-10
-1.4724265e-10
-1.4805145e-10
-1.4659925e-10
-1.4731617e-10
-1.4702205e-10
-1.4860294e-10
-1.467647e-10
-1.4928307e-10
-1.4636029e-10
-1.4744483e-10
-1.4805146e-10
-1.4764706e-10
-1.4693013e-10
-1.4623161e-10
-1.4759191e-10
-1.4650735e-10
-1.4746324e-10
-1.4713236e-10
-1.4814339e-10
-1.4865807e-10
-1.4827205e-10
-1.4749998e-10
-1.4854779e-10
-1.4806983e-10
-1.4705882e-10
-1.4943013e-10
-1.4808822e-10
-1.4928307e-10
-1.4775735e-10
-1.4987132e-10
-1.4790441e-10
-1.4797794e-10
-1.4878675e-10
-1.4632351e-10
-1.4768381e-10
-1.4715071e-10
-1.4681985e-10
-1.4746322e-10
-1.4722427e-10
-1.4950363e-10
-1.484375e-10
-1.4794117e-10
-1.4970589e-10
-1.4720589e-10
-1.4718748e-10
-1.481066e-10
-1.4722425e-10
-1.4705882e-10
-1.4711396e-10
-1.4691177e-10
-1.4727941e-10
-1.4722429e-10
-1.4795955e-10
-1.4715072e-10
-1.475e-10
-1.4693012e-10
-1.4696688e-10
-1.4808821e-10
-1.4720589e-10
-1.4770218e-10
-1.4876839e-10
-1.468566e-10
-1.4698529e-10
-1.460478e-10
-1.4663601e-10
-1.471691e-10
-1.4641544e-10
-1.4871322e-10
-1.4755512e-10
-1.4816175e-10
-1.4761027e-10
-1.4672794e-10
-1.4680145e-10
-1.4553307e-10
-1.4569852e-10
-1.4733455e-10
-1.4465075e-10
-1.4764706e-10
-1.4704042e-10
-1.4768381e-10
-1.4670952e-10
-1.4625001e-10
-1.4762869e-10
-1.4755513e-10
-1.4768382e-10
-1.4560658e-10
-1.4702205e-10
-1.4612131e-10
-1.4702206e-10
-1.4683822e-10
-1.4547795e-10
-1.4625e-10
-1.4713233e-10
-1.4648897e-10
-1.4757354e-10
-1.4624998e-10
-1.4913602e-10
-1.460294e-10
-1.4834559e-10
-1.4674631e-10
-1.4630512e-10
-1.4718748e-10
-1.470772e-10
-1.4974262e-10
-1.48125e-10
-1.4843748e-10
-1.4670956e-10
-1.4727941e-10
-1.4875e-10
-1.4709559e-10
-1.4681986e-10
-1.4702206e-10
-1.4639703e-10
-1.4858455e-10
-1.469669e-10
-1.4694852e-10
-1.4652572e-10
-1.4715071e-10
-1.467647e-10
-1.4648893e-10
-1.4843751e-10
-1.4764705e-10
-1.4788601e-10
-1.4665441e-10
-1.4735292e-10
-1.4836397e-10
-1.4762865e-10
-1.4759191e-10
-1.4781248e-10
-1.4759192e-10
-1.4869483e-10
-1.4551467e-10
-1.4808822e-10
-1.4637867e-10
-1.473897e-10
-1.4795953e-10
-1.4698527e-10
-1.4812498e-10
-1.4772057e-10
-1.4661765e-10
-1.4689339e-10
-1.4720587e-10
-1.4713233e-10
-1.4636031e-10
-1.455147e-10
-1.4474263e-10
-1.4661762e-10
-1.471691e-10
-1.4608457e-10
-1.4619485e-10
-1.4766544e-10
-1.4661763e-10
-1.4847425e-10
-1.4733456e-10
-1.4674632e-10
-1.4689337e-10
-1.4862131e-10
-1.477206e-10
-1.4746322e-10
-1.4652572e-10
-1.4579044e-10
-1.4788602e-10
-1.4718748e-10
-1.4729777e-10
-1.4821691e-10
-1.4858458e-10
-1.4772057e-10
-1.4840074e-10
-1.4893381e-10
-1.4648896e-10
-1.4761029e-10
-1.4615809e-10
-1.473897e-10
-1.4702206e-10
-1.4707718e-10
-1.4810661e-10
-1.4799632e-10
-1.468934e-10
-1.4731619e-10
-1.4705881e-10
-1.4685661e-10
-1.4553307e-10
-1.4724265e-10
-1.4733455e-10
-1.4601105e-10
-1.4623158e-10
-1.4718748e-10
-1.4700367e-10
-1.4792277e-10
-1.4715075e-10
-1.4748161e-10
-1.4731616e-10
-1.4704044e-10
-1.4790441e-10
-1.4784926e-10
-1.4772056e-10
-1.4650735e-10
-1.4860294e-10
-1.4898896e-10
-1.4818015e-10
-1.4764706e-10
-1.4593748e-10
-1.4575369e-10
-1.4761027e-10
-1.4724263e-10
-1.4836395e-10
-1.4582721e-10
-1.4650735e-10
-1.4623162e-10
-1.4604778e-10
-1.4615807e-10
-1.4748162e-10
-1.4880512e-10
-1.4981617e-10
-1.4952205e-10
-1.4882352e-10
-1.4893382e-10
-1.4772059e-10
-1.4862135e-10
-1.475919e-10
-1.4849263e-10
-1.4843747e-10
-1.4806983e-10
-1.4878676e-10
-1.4897059e-10
-1.4860294e-10
-1.4937498e-10
-1.4880513e-10
-1.4862132e-10
-1.4731616e-10
-1.4915441e-10
-1.4852938e-10
-1.4845587e-10
-1.4726101e-10
-1.4749998e-10
-1.4880512e-10
-1.4768381e-10
-1.4806985e-10
-1.467463e-10
-1.4658086e-10
-1.4773896e-10
-1.4797795e-10
-1.4628676e-10
-1.4775735e-10
-1.4661762e-10
-1.4641542e-10
-1.4715071e-10
-1.4830881e-10
-1.4865807e-10
-1.4670956e-10
-1.4733453e-10
-1.4779411e-10
-1.4733453e-10
-1.4805146e-10
-1.4676468e-10
-1.4619482e-10
-1.4617643e-10
-1.4726101e-10
-1.465441e-10
-1.4731615e-10
-1.4674631e-10
-1.4632351e-10
-1.4693013e-10
-1.4661763e-10
-1.4777572e-10
-1.4584557e-10
-1.463603e-10
-1.4755516e-10
-1.4726101e-10
-1.4647057e-10
-1.4604778e-10
-1.4656247e-10
-1.4759188e-10
-1.4678306e-10
-1.4705882e-10
-1.4718748e-10
-1.4722427e-10
-1.461397e-10
-1.4707717e-10
-1.4753675e-10
-1.467647e-10
-1.4827208e-10
-1.4683822e-10
-1.4702205e-10
-1.4691176e-10
-1.4856616e-10
-1.4829044e-10
-1.4693013e-10
-1.4713238e-10
-1.4781247e-10
-1.4805146e-10
-1.4681985e-10
-1.4623158e-10
-1.4843751e-10
-1.482169e-10
-1.4683822e-10
-1.4641542e-10
-1.4808824e-10
-1.4749997e-10
-1.4865809e-10
-1.4729779e-10
-1.4691173e-10
-1.4713233e-10
-1.4751837e-10
-1.4884191e-10
-1.4788601e-10
-1.4830881e-10
-1.4808822e-10
-1.4827205e-10
-1.4797794e-10
-1.4762867e-10
-1.4599265e-10
-1.4608456e-10
-1.484375e-10
-1.472794e-10
-1.4766544e-10
-1.4869485e-10
-1.4862132e-10
-1.4729777e-10
-1.4573528e-10
-1.4847425e-10
-1.4691176e-10
-1.4818013e-10
-1.4838233e-10
-1.4858456e-10
-1.4755515e-10
-1.477022e-10
-1.4656248e-10
-1.4779411e-10
-1.4702206e-10
-1.4740807e-10
-1.4694854e-10
-1.4658086e-10
-1.4803307e-10
-1.4834557e-10
-1.4847427e-10
-1.4786763e-10
-1.4829044e-10
-1.4895218e-10
-1.4840072e-10
-1.4711396e-10
-1.4816175e-10
-1.4889706e-10
-1.4954046e-10
-1.4906247e-10
-1.4803307e-10
-1.4762867e-10
-1.4781251e-10
-1.4847425e-10
-1.484191e-10
-1.479228e-10
-1.4663601e-10
-1.4808824e-10
-1.4722427e-10
-1.4645218e-10
-1.4685661e-10
-1.4661765e-10
-1.460478e-10
-1.4606616e-10
-1.4685662e-10
-1.4672794e-10
-1.4670956e-10
-1.4645218e-10
-1.4580882e-10
-1.466544e-10
-1.4536765e-10
-1.4474262e-10
-1.4626839e-10
-1.4529411e-10
-1.4597425e-10
-1.463603e-10
-1.4625e-10
-1.4819852e-10
-1.4764705e-10
-1.471875e-10
-1.4779411e-10
-1.4878675e-10
-1.4803306e-10
-1.4715074e-10
-1.4808821e-10
-1.4670955e-10
-1.490441e-10
-1.4610291e-10
-1.4840074e-10
-1.4851104e-10
-1.4755515e-10
-1.4639703e-10
-1.4862132e-10
-1.4922792e-10
-1.4981617e-10
-1.5014705e-10
-1.493566e-10
-1.4902574e-10
-1.4851101e-10
-1.4781248e-10
-1.479228e-10
-1.4720589e-10
-1.477941e-10
-1.492647e-10
-1.4865806e-10
-1.486397e-10
-1.4729779e-10
-1.4788602e-10
-1.4733456e-10
-1.4880512e-10
-1.4812498e-10
-1.4788604e-10
-1.4900736e-10
-1.4753675e-10
-1.4779411e-10
-1.495772e-10
-1.4799632e-10
-1.4812498e-10
-1.4735292e-10
-1.4768382e-10
-1.4755513e-10
-1.4840072e-10
-1.4584557e-10
-1.4810661e-10
-1.4849266e-10
-1.4884188e-10
-1.4919119e-10
-1.482169e-10
-1.4838233e-10
-1.468566e-10
-1.4737134e-10
-1.4904411e-10
-1.477022e-10
-1.4799632e-10
-1.4777574e-10
-1.4840072e-10
-1.4634194e-10
-1.4970589e-10
-1.4818013e-10
-1.4740809e-10
-1.4987134e-10
-1.4832721e-10
-1.4694852e-10
-1.4777571e-10
-1.4709557e-10
-1.4931985e-10
-1.4689336e-10
-1.4805146e-10
-1.4840074e-10
-1.4749997e-10
-1.4909926e-10
-1.475e-10
-1.4748161e-10
-1.4838232e-10
-1.4731617e-10
-1.494669e-10
-1.4588233e-10
-1.4790438e-10
-1.4740809e-10
-1.4691177e-10
-1.4689337e-10
-1.4713233e-10
-1.4770221e-10
-1.4838232e-10
-1.4667279e-10
-1.4797795e-10
-1.4680146e-10
-1.4683821e-10
-1.4779411e-10
-1.4775735e-10
-1.4637866e-10
-1.4667281e-10
-1.4672792e-10
-1.4681982e-10
-1.4566176e-10
-1.4674632e-10
-1.4560662e-10
-1.4676468e-10
-1.4634191e-10
-1.4698527e-10
-1.4630512e-10
-1.4731617e-10
-1.4601102e-10
-1.4720587e-10
-1.4625001e-10
-1.4641544e-10
-1.4591911e-10
-1.4647057e-10
-1.4566175e-10
-1.463419e-10
-1.4496322e-10
-1.4612128e-10
-1.4544117e-10
-1.4788602e-10
-1.4724265e-10
-1.4652574e-10
-1.468566e-10
-1.4693013e-10
-1.4762867e-10
-1.4816176e-10
-1.487316e-10
-1.488419e-10
-1.4849265e-10
-1.4900733e-10
-1.4779411e-10
-1.4838236e-10
-1.4654414e-10
-1.4939339e-10
-1.4801468e-10
-1.480147e-10
-1.4961396e-10
-1.4876837e-10
-1.4919117e-10
-1.4801467e-10
-1.4959559e-10
-1.4930147e-10
-1.4917279e-10
-1.5025732e-10
-1.4863971e-10
-1.4893381e-10
-1.4948527e-10
-1.4775733e-10
-1.4974265e-10
-1.48125e-10
-1.4838235e-10
-1.4928309e-10
-1.4854779e-10
-1.4849262e-10
-1.4946688e-10
-1.4976104e-10
-1.4715074e-10
-1.4729777e-10
-1.4784925e-10
-1.4713236e-10
-1.4761029e-10
-1.4724265e-10
-1.4718748e-10
-1.4613966e-10
-1.4665438e-10
-1.4823531e-10
-1.4790441e-10
-1.4810662e-10
-1.4683822e-10
-1.4667277e-10
-1.4694852e-10
-1.4626836e-10
-1.4742645e-10
-1.4843747e-10
-1.4871321e-10
-1.4599265e-10
-1.4705882e-10
-1.4772059e-10
-1.4772057e-10
-1.4751836e-10
-1.4687498e-10
-1.4821688e-10
-1.4693013e-10
-1.4792277e-10
-1.469669e-10
-1.4722425e-10
-1.4713233e-10
-1.4612131e-10
-1.4718751e-10
-1.4786763e-10
-1.4579042e-10
-1.4751836e-10
-1.4617646e-10
-1.4579042e-10
-1.471875e-10
-1.4681983e-10
-1.4593748e-10
-1.4566175e-10
-1.4693013e-10
-1.4724263e-10
-1.4626839e-10
-1.4742647e-10
-1.4691176e-10
-1.4742643e-10
-1.4816175e-10
-1.4691177e-10
-1.4867647e-10
-1.470772e-10
-1.4766544e-10
-1.481066e-10
-1.4852942e-10
-1.472794e-10
-1.46875e-10
-1.483088e-10
-1.4669116e-10
-1.4641544e-10
-1.4667279e-10
-1.471875e-10
-1.4863971e-10
-1.4841914e-10
-1.4931986e-10
-1.4858455e-10
-1.4764706e-10
-1.4911765e-10
-1.4862131e-10
-1.4808822e-10
-1.475919e-10
-1.4840072e-10
-1.4860295e-10
-1.4779411e-10
-1.4841914e-10
-1.485294e-10
-1.4806985e-10
-1.4825367e-10
-1.4922794e-10
-1.4836395e-10
-1.4777571e-10
-1.4869485e-10
-1.4724262e-10
-1.4818015e-10
-1.4911763e-10
-1.4797795e-10
-1.4829042e-10
-1.5053309e-10
-1.4897059e-10
-1.4917279e-10
-1.4803309e-10
-1.4869488e-10
-1.4830881e-10
-1.5033086e-10
-1.480147e-10
-1.4913604e-10
-1.4937498e-10
-1.4946691e-10
-1.4965071e-10
-1.4851101e-10
-1.4786762e-10
-1.4816176e-10
-1.4830881e-10
-1.4762869e-10
-1.479963e-10
-1.475e-10
-1.4816176e-10
-1.4733453e-10
-1.4829044e-10
-1.4920955e-10
-1.4935664e-10
-1.4886027e-10
-1.5001836e-10
-1.494853e-10
-1.4952205e-10
-1.5099264e-10
-1.4948527e-10
-1.4891544e-10
-1.4865807e-10
-1.4876837e-10
-1.4858455e-10
-1.4650735e-10
-1.4847425e-10
-1.4727941e-10
-1.4737132e-10
-1.4818013e-10
-1.4783089e-10
-1.4722425e-10
-1.4797794e-10
-1.4733455e-10
-1.4729779e-10
-1.4659926e-10
-1.458456e-10
-1.4737132e-10
-1.4814337e-10
-1.4693012e-10
-1.4784923e-10
-1.464522e-10
-1.4735294e-10
-1.4681983e-10
-1.4786761e-10
-1.4698527e-10
-1.4897057e-10
-1.4718748e-10
-1.4812498e-10
-1.4808824e-10
-1.477022e-10
-1.4777574e-10
-1.4806983e-10
-1.4862132e-10
-1.4744486e-10
-1.4757354e-10
-1.4821688e-10
-1.4777572e-10
-1.4830881e-10
-1.4727941e-10
-1.4568013e-10
-1.4696688e-10
-1.4632351e-10
-1.4707718e-10
-1.471875e-10
-1.4797792e-10
-1.4694852e-10
-1.4659925e-10
-1.470588e-10
-1.4882351e-10
-1.4520218e-10
-1.4784925e-10
-1.469669e-10
-1.4738971e-10
-1.4871324e-10
-1.4617646e-10
-1.4838236e-10
-1.4814337e-10
-1.4713235e-10
-1.481066e-10
-1.4700366e-10
-1.473713e-10
-1.4812497e-10
-1.4658087e-10
-1.4667277e-10
-1.4821688e-10
-1.4909926e-10
-1.4898895e-10
-1.4911762e-10
-1.4735292e-10
-1.4784927e-10
-1.4751839e-10
-1.4770218e-10
-1.478125e-10
-1.4935664e-10
-1.4751837e-10
-1.4869482e-10
-1.492647e-10
-1.4814339e-10
-1.4920959e-10
-1.4788604e-10
-1.4948529e-10
-1.4742647e-10
-1.4737131e-10
-1.4860294e-10
-1.4744485e-10
-1.472794e-10
-1.4772059e-10
-1.4875001e-10
-1.471875e-10
-1.4729781e-10
-1.4976101e-10
-1.4959559e-10
-1.4966908e-10
-1.478125e-10
-1.4751836e-10
-1.4841912e-10
-1.4794117e-10
-1.4849265e-10
-1.4830881e-10
-1.477206e-10
-1.4836396e-10
-1.4810662e-10
-1.4777572e-10
-1.489338e-10
-1.4683822e-10
-1.4768381e-10
-1.4794116e-10
-1.4715072e-10
-1.4919119e-10
-1.4748162e-10
-1.4836396e-10
-1.488419e-10
-1.4908087e-10
-1.4889705e-10
-1.470588e-10
-1.4740807e-10
-1.4867647e-10
-1.4689339e-10
-1.4900735e-10
-1.4777574e-10
-1.4950367e-10
-1.4759188e-10
-1.4823529e-10
-1.4884194e-10
-1.4898895e-10
-1.4897057e-10
-1.4805143e-10
-1.5038602e-10
-1.4920955e-10
-1.5016544e-10
-1.4882351e-10
-1.4880512e-10
-1.4930146e-10
-1.4876839e-10
-1.4825367e-10
-1.4849263e-10
-1.4783086e-10
-1.4652575e-10
-1.4919116e-10
-1.4821691e-10
-1.4913602e-10
-1.4779411e-10
-1.4783087e-10
-1.4840074e-10
-1.4852938e-10
-1.4768382e-10
-1.4871322e-10
-1.4676468e-10
-1.4680146e-10
-1.4838233e-10
-1.4862132e-10
-1.4999998e-10
-1.4788602e-10
-1.4886029e-10
-1.482169e-10
-1.4847426e-10
-1.4948529e-10
-1.4812498e-10
-1.4906248e-10
-1.4669116e-10
-1.4727938e-10
-1.4849265e-10
-1.4724265e-10
-1.4766544e-10
-1.4601101e-10
-1.4687498e-10
-1.471691e-10
-1.4619483e-10
-1.4694854e-10
-1.4656247e-10
-1.4639705e-10
-1.4639705e-10
-1.4663602e-10
-1.4555146e-10
-1.4656248e-10
-1.478125e-10
-1.4788601e-10
-1.4678309e-10
-1.4753676e-10
-1.4636027e-10
-1.4729777e-10
-1.4619485e-10
-1.4628677e-10
-1.4795953e-10
-1.4672794e-10
-1.4647057e-10
-1.4755512e-10
-1.4650735e-10
-1.4786763e-10
-1.4731619e-10
-1.4803307e-10
-1.4830881e-10
-1.488603e-10
-1.49761e-10
-1.4825366e-10
-1.4733456e-10
-1.4773895e-10
-1.4795956e-10
-1.4691176e-10
-1.464522e-10
-1.4915441e-10
-1.4816175e-10
-1.4832721e-10
-1.4689339e-10
-1.4878676e-10
-1.4943013e-10
-1.4779411e-10
-1.4799631e-10
-1.4810658e-10
-1.4726102e-10
-1.4694851e-10
-1.4716911e-10
-1.4746324e-10
-1.4696688e-10
-1.458456e-10
-1.4623162e-10
-1.4582721e-10
-1.4663601e-10
-1.4830881e-10
-1.4670955e-10
-1.4757351e-10
-1.4628676e-10
-1.469669e-10
-1.472978e-10
-1.4720587e-10
-1.4709557e-10
-1.4711396e-10
-1.4735292e-10
-1.4672794e-10
-1.4757352e-10
-1.4713235e-10
-1.4858456e-10
-1.4788602e-10
-1.4777571e-10
-1.4652574e-10
-1.4816175e-10
-1.4683822e-10
-1.4700366e-10
-1.4704042e-10
-1.4726101e-10
-1.4713235e-10
-1.4724265e-10
-1.4628676e-10
-1.469669e-10
-1.4755515e-10
-1.4621322e-10
-1.4755513e-10
-1.4869486e-10
-1.4604777e-10
-1.4630516e-10
-1.475e-10
-1.4720589e-10
-1.4865807e-10
-1.490625e-10
-1.4795956e-10
-1.4827206e-10
-1.470772e-10
-1.4867646e-10
-1.473897e-10
-1.4808822e-10
-1.4718748e-10
-1.4683822e-10
-1.479963e-10
-1.4722427e-10
-1.482169e-10
-1.4814337e-10
-1.4913601e-10
-1.4779411e-10
-1.4950367e-10
-1.4854777e-10
-1.4836396e-10
-1.4889702e-10
-1.4705884e-10
-1.4713232e-10
-1.4840074e-10
-1.4851101e-10
-1.4897056e-10
-1.4825366e-10
-1.4943013e-10
-1.466544e-10
-1.4755516e-10
-1.4764706e-10
-1.484375e-10
-1.4810661e-10
-1.4584559e-10
-1.4792277e-10
-1.4713236e-10
-1.4645218e-10
-1.4685662e-10
-1.477941e-10
-1.4744485e-10
-1.4897057e-10
-1.4772059e-10
-1.4843747e-10
-1.4689339e-10
-1.4766541e-10
-1.4716911e-10
-1.4840074e-10
-1.4777571e-10
-1.4680145e-10
-1.4806985e-10
-1.4757352e-10
-1.4790441e-10
-1.4766545e-10
-1.4729777e-10
-1.4729777e-10
-1.4538604e-10
-1.4773896e-10
-1.4702206e-10
-1.4683821e-10
-1.4762867e-10
-1.4691175e-10
-1.4617647e-10
-1.4722426e-10
-1.482169e-10
-1.4755513e-10
-1.4700365e-10
-1.4742647e-10
-1.4625e-10
-1.4790441e-10
-1.4744483e-10
-1.475e-10
-1.4711396e-10
-1.46875e-10
-1.4713233e-10
-1.4795955e-10
-1.4691175e-10
-1.4685661e-10
-1.4808821e-10
-1.4676471e-10
-1.4746322e-10
-1.4691173e-10
-1.4689337e-10
-1.4849265e-10
-1.4667276e-10
-1.5018382e-10
-1.4799634e-10
-1.4636029e-10
-1.4783084e-10
-1.4613968e-10
-1.4849266e-10
-1.4709557e-10
-1.4836395e-10
-1.4762866e-10
-1.4648896e-10
-1.4604776e-10
-1.4667279e-10
-1.4711396e-10
-1.467647e-10
-1.4659926e-10
-1.4670955e-10
-1.4676471e-10
-1.4678306e-10
-1.474816e-10
-1.4733453e-10
-1.4810658e-10
-1.4639708e-10
-1.4704042e-10
-1.4698529e-10
-1.4545953e-10
-1.4584557e-10
-1.4689337e-10
-1.4707718e-10
-1.4659927e-10
-1.472978e-10
-1.483272e-10
-1.4645221e-10
-1.4751837e-10
-1.4867646e-10
-1.478125e-10
-1.4672794e-10
-1.4737134e-10
-1.4858456e-10
-1.4959557e-10
-1.4790438e-10
-1.4724265e-10
-1.4694851e-10
-1.4704045e-10
-1.483272e-10
-1.4751839e-10
-1.48125e-10
-1.4636031e-10
-1.4602938e-10
-1.4781248e-10
-1.4685661e-10
-1.4724265e-10
-1.4753675e-10
-1.4591912e-10
-1.46875e-10
-1.471691e-10
-1.4628675e-10
-1.455147e-10
-1.4538601e-10
-1.4731616e-10
-1.4549631e-10
-1.4672791e-10
-1.4702206e-10
-1.4540442e-10
-1.4443015e-10
-1.4569854e-10
-1.4626839e-10
-1.4590075e-10
-1.4516542e-10
-1.4395218e-10
-1.4612132e-10
-1.4685662e-10
-1.4669119e-10
-1.4564337e-10
-1.4549632e-10
-1.4696688e-10
-1.4654411e-10
-1.4658087e-10
-1.4783089e-10
-1.4694852e-10
-1.4755515e-10
-1.4777572e-10
-1.4900735e-10
-1.4746324e-10
-1.4915438e-10
-1.4680147e-10
-1.4786763e-10
-1.4954042e-10
-1.481066e-10
-1.4917279e-10
-1.4669119e-10
-1.4656248e-10
-1.4792281e-10
-1.4577206e-10
-1.4569852e-10
-1.4693013e-10
-1.4801471e-10
-1.4604778e-10
-1.46636e-10
-1.4865809e-10
-1.4865809e-10
-1.4784926e-10
-1.4773896e-10
-1.4584559e-10
-1.468566e-10
-1.4542278e-10
-1.4737132e-10
-1.4661763e-10
-1.475735e-10
-1.4566175e-10
-1.4786762e-10
-1.4625001e-10
-1.4702205e-10
-1.4865809e-10
-1.4663601e-10
-1.4624997e-10
-1.4652575e-10
-1.4733456e-10
-1.4658087e-10
-1.4790441e-10
-1.4705882e-10
-1.4808822e-10
-1.4746324e-10
-1.4768382e-10
-1.4711396e-10
-1.4722427e-10
-1.4744483e-10
-1.4742646e-10
-1.4715071e-10
-1.4718748e-10
-1.4783089e-10
-1.4617645e-10
-1.4544117e-10
-1.461213e-10
-1.4770218e-10
-1.4626837e-10
-1.4704042e-10
-1.4830881e-10
-1.4715072e-10
-1.4713235e-10
-1.4571691e-10
-1.4606616e-10
-1.4795953e-10
-1.4632352e-10
-1.4621322e-10
-1.4648895e-10
-1.4694854e-10
-1.4650735e-10
-1.4632349e-10
-1.4838235e-10
-1.4863968e-10
-1.4757352e-10
-1.4724262e-10
-1.4718748e-10
-1.4759191e-10
-1.4711397e-10
-1.4674631e-10
-1.4698529e-10
-1.4687497e-10
-1.4727941e-10
-1.4659926e-10
-1.4829044e-10
-1.472978e-10
-1.4516544e-10
-1.4731617e-10
-1.4727941e-10
-1.4834556e-10
-1.471691e-10
-1.4700366e-10
-1.4580881e-10
-1.4643382e-10
-1.4898895e-10
-1.4628676e-10
-1.483272e-10
-1.4812498e-10
-1.4805149e-10
-1.4843748e-10
-1.4781248e-10
-1.4816176e-10
-1.4814336e-10
-1.4784927e-10
-1.482169e-10
-1.4803307e-10
-1.4794116e-10
-1.4889706e-10
-1.4849262e-10
-1.4856616e-10
-1.488419e-10
-1.4749997e-10
-1.4746321e-10
-1.4816173e-10
-1.4818013e-10
-1.4770218e-10
-1.4764705e-10
-1.4773897e-10
-1.4737131e-10
-1.4895218e-10
-1.4779411e-10
-1.4823529e-10
-1.4705881e-10
-1.4652572e-10
-1.4713233e-10
-1.4806985e-10
-1.4827205e-10
-1.4867649e-10
-1.4746321e-10
-1.4762866e-10
-1.4610295e-10
-1.4659927e-10
-1.4588232e-10
-1.4790441e-10
-1.4750001e-10
-1.5020221e-10
-1.4840074e-10
-1.479044e-10
-1.46875e-10
-1.4768381e-10
-1.4733455e-10
-1.4786762e-10
-1.4829045e-10
-1.4740809e-10
-1.4794116e-10
-1.4667279e-10
-1.4683822e-10
-1.4595587e-10
-1.4751837e-10
-1.4568012e-10
-1.4729779e-10
-1.471875e-10
-1.478125e-10
-1.4755515e-10
-1.4882352e-10
-1.4998161e-10
-1.517647e-10
-1.5020218e-10
-1.4943013e-10
-1.5075366e-10
-1.4941175e-10
-1.489522e-10
-1.4845586e-10
-1.5034925e-10
-1.4705881e-10
-1.4972425e-10
-1.4858458e-10
-1.5034925e-10
-1.4818013e-10
-1.5036764e-10
-1.4933821e-10
-1.4902572e-10
-1.4876836e-10
-1.4819851e-10
-1.471691e-10
-1.4904411e-10
-1.482353e-10
-1.4792277e-10
-1.4715074e-10
-1.4773897e-10
-1.4722426e-10
-1.4716911e-10
-1.4810661e-10
-1.4672792e-10
-1.4792277e-10
-1.4770218e-10
-1.4566176e-10
-1.460294e-10
-1.4770218e-10
-1.4702203e-10
-1.4930146e-10
-1.4875001e-10
-1.4680143e-10
-1.4608456e-10
-1.4878675e-10
-1.467831e-10
-1.4880513e-10
-1.4930146e-10
-1.4764706e-10
-1.4784925e-10
-1.4909927e-10
-1.4891544e-10
-1.4825365e-10
-1.4711396e-10
-1.4906248e-10
-1.4858455e-10
-1.4818013e-10
-1.4810661e-10
-1.4794116e-10
-1.4889705e-10
-1.4810661e-10
-1.4775732e-10
-1.4742645e-10
-1.4777574e-10
-1.4827203e-10
-1.4700366e-10
-1.4792277e-10
-1.4893384e-10
-1.4720587e-10
-1.4735294e-10
-1.4770218e-10
-1.4623158e-10
-1.4742646e-10
-1.4680146e-10
-1.4735291e-10
-1.4681985e-10
-1.4658087e-10
-1.4705881e-10
-1.474081e-10
-1.4834559e-10
-1.4707721e-10
-1.4770218e-10
-1.4724263e-10
-1.4667277e-10
-1.4742645e-10
-1.4764706e-10
-1.4674631e-10
-1.4733453e-10
-1.469853e-10
-1.4775735e-10
-1.4755513e-10
-1.4748162e-10
-1.4641544e-10
-1.466544e-10
-1.4761027e-10
-1.4606616e-10
-1.4545955e-10
-1.4693015e-10
-1.4634191e-10
-1.4696692e-10
-1.4851104e-10
-1.4744485e-10
-1.4818013e-10
-1.4615809e-10
-1.4672794e-10
-1.4755515e-10
-1.4829042e-10
-1.4696688e-10
-1.478125e-10
-1.4829044e-10
-1.4676468e-10
-1.471691e-10
-1.4636027e-10
-1.469853e-10
-1.471691e-10
-1.4659926e-10
-1.4867647e-10
-1.5049631e-10
-1.4762867e-10
-1.4882351e-10
-1.4735294e-10
-1.472059e-10
-1.4544119e-10
-1.465441e-10
-1.4705882e-10
-1.4731615e-10
-1.4652575e-10
-1.466544e-10
-1.4654411e-10
-1.4797794e-10
-1.4696691e-10
-1.4852942e-10
-1.4610292e-10
-1.4792279e-10
-1.4786763e-10
-1.475919e-10
-1.4790441e-10
-1.4656248e-10
-1.4766542e-10
-1.4919115e-10
-1.4829042e-10
-1.4922794e-10
-1.4731616e-10
-1.4869483e-10
-1.4801468e-10
-1.464522e-10
-1.4737132e-10
-1.4693013e-10
-1.4838233e-10
-1.4713233e-10
-1.4742646e-10
-1.4678309e-10
-1.4676471e-10
-1.4709556e-10
-1.4792279e-10
-1.4709557e-10
-1.4797792e-10
-1.4900732e-10
-1.4661763e-10
-1.4904414e-10
-1.482169e-10
-1.4674631e-10
-1.4738971e-10
-1.4856617e-10
-1.4836396e-10
-1.4737131e-10
-1.4805147e-10
-1.478125e-10
-1.4808821e-10
-1.4775733e-10
-1.4766542e-10
-1.4727941e-10
-1.4735292e-10
-1.4814337e-10
-1.4621322e-10
-1.4823529e-10
-1.4694854e-10
-1.4803309e-10
-1.4783086e-10
-1.4933821e-10
-1.4742647e-10
-1.4562498e-10
-1.4891544e-10
-1.4814337e-10
-1.4847425e-10
-1.4840074e-10
-1.4788601e-10
-1.4819851e-10
-1.4737132e-10
-1.4669117e-10
-1.4795953e-10
-1.4647059e-10
-1.4849265e-10
-1.4854776e-10
-1.4838232e-10
-1.4806985e-10
-1.4700367e-10
-1.4845589e-10
-1.4773896e-10
-1.4805146e-10
-1.4704041e-10
-1.4808824e-10
-1.4808824e-10
-1.4637866e-10
-1.4761027e-10
-1.4702203e-10
-1.4738968e-10
-1.4707721e-10
-1.4744483e-10
-1.4810661e-10
-1.4696692e-10
-1.4689337e-10
-1.4761027e-10
-1.4805146e-10
-1.4632352e-10
-1.4698526e-10
-1.4625e-10
-1.4661765e-10
-1.4698527e-10
-1.4737131e-10
-1.4704042e-10
-1.4799631e-10
-1.4658089e-10
-1.4797794e-10
-1.4770218e-10
-1.481066e-10
-1.463419e-10
-1.4858455e-10
-1.4704045e-10
-1.4814339e-10
-1.4840071e-10
-1.4746322e-10
-1.475e-10
-1.4670955e-10
-1.4786762e-10
-1.4794119e-10
-1.4737132e-10
-1.4713233e-10
-1.474816e-10
-1.4808824e-10
-1.4716911e-10
-1.4700366e-10
-1.4702205e-10
-1.4698529e-10
-1.470772e-10
-1.468566e-10
-1.4746324e-10
-1.467463e-10
-1.4722427e-10
-1.4720589e-10
-1.4746322e-10
-1.4766542e-10
-1.4680146e-10
-1.4626837e-10
-1.4803307e-10
-1.4604778e-10
-1.4751836e-10
-1.4862132e-10
-1.4840072e-10
-1.4766544e-10
-1.4630515e-10
-1.4863967e-10
-1.4788602e-10
-1.464522e-10
-1.4759188e-10
-1.4626836e-10
-1.4659925e-10
-1.4783087e-10
-1.4794116e-10
-1.4597427e-10
-1.4632351e-10
-1.4722426e-10
-1.4819851e-10
-1.4783089e-10
-1.4773897e-10
-1.4880512e-10
-1.4737131e-10
-1.479963e-10
-1.4906247e-10
-1.4722426e-10
-1.4711396e-10
-1.4713235e-10
-1.49375e-10
-1.4926471e-10
-1.4838231e-10
-1.4871322e-10
-1.481066e-10
-1.4983453e-10
-1.4972426e-10
-1.489522e-10
-1.4900735e-10
-1.493566e-10
-1.4795955e-10
-1.4829042e-10
-1.4875001e-10
-1.4761027e-10
-1.5055146e-10
-1.475e-10
-1.4909926e-10
-1.4803307e-10
-1.4830881e-10
-1.4773897e-10
-1.4841911e-10
-1.4869488e-10
-1.4863968e-10
-1.4799631e-10
-1.4926468e-10
-1.4834557e-10
-1.4773896e-10
-1.47261e-10
-1.4950366e-10
-1.4707718e-10
-1.4773899e-10
-1.483272e-10
-1.4854779e-10
-1.4705882e-10
-1.4731616e-10
-1.4562498e-10
-1.4808822e-10
-1.4792279e-10
-1.4709557e-10
-1.4704044e-10
-1.4856617e-10
-1.4832723e-10
-1.4911762e-10
-1.4806985e-10
-1.4830881e-10
-1.4876839e-10
-1.4797791e-10
-1.4744483e-10
-1.4707718e-10
-1.4733458e-10
-1.4830881e-10
-1.4637865e-10
-1.4852941e-10
-1.4838232e-10
-1.4799631e-10
-1.4775733e-10
-1.4599265e-10
-1.4797796e-10
-1.4715072e-10
-1.4856616e-10
-1.4794117e-10
-1.4854777e-10
-1.4759192e-10
-1.4729779e-10
-1.4685661e-10
-1.4748161e-10
-1.4746324e-10
-1.4874998e-10
-1.4775736e-10
-1.4693013e-10
-1.4803307e-10
-1.4738971e-10
-1.4884191e-10
-1.4794116e-10
-1.482169e-10
-1.4847425e-10
-1.4762866e-10
-1.4818015e-10
-1.4948526e-10
-1.4838235e-10
-1.4943013e-10
-1.4742646e-10
-1.4862131e-10
-1.4880513e-10
-1.4952203e-10
-1.4713235e-10
-1.4753676e-10
-1.4632351e-10
-1.4733455e-10
-1.4757352e-10
-1.4685662e-10
-1.4775735e-10
-1.4788602e-10
-1.4834557e-10
-1.4777571e-10
-1.4875e-10
-1.4738968e-10
-1.4569852e-10
-1.4781248e-10
-1.4898893e-10
-1.4726102e-10
-1.4834557e-10
-1.4652572e-10
-1.4762867e-10
-1.4838235e-10
-1.4887866e-10
-1.4623161e-10
-1.4781248e-10
-1.4795953e-10
-1.4720587e-10
-1.4775735e-10
-1.4705882e-10
-1.4803309e-10
-1.46875e-10
-1.4830881e-10
-1.473897e-10
-1.4772059e-10
-1.4968748e-10
-1.4913602e-10
-1.491544e-10
-1.5018382e-10
-1.4795955e-10
-1.467647e-10
-1.4935661e-10
-1.4795955e-10
-1.5033086e-10
-1.4777574e-10
-1.4869483e-10
-1.487316e-10
-1.4875e-10
-1.484375e-10
-1.4913601e-10
-1.4786763e-10
-1.4886027e-10
-1.4698527e-10
-1.4965072e-10
-1.4799632e-10
-1.4748161e-10
-1.485294e-10
-1.4882354e-10
-1.492831e-10
-1.4933821e-10
-1.469853e-10
-1.4869483e-10
-1.4694852e-10
-1.4816176e-10
-1.5005515e-10
-1.483272e-10
-1.4906248e-10
-1.4749997e-10
-1.4812496e-10
-1.4650735e-10
-1.4836397e-10
-1.4744485e-10
-1.4711397e-10
-1.479228e-10
-1.455147e-10
-1.4724263e-10
-1.4770218e-10
-1.4788602e-10
-1.4759192e-10
-1.4612132e-10
-1.4845586e-10
-1.4834559e-10
-1.4838233e-10
-1.4764706e-10
-1.4884194e-10
-1.4935664e-10
-1.4727941e-10
-1.4720587e-10
-1.480147e-10
-1.4849265e-10
-1.4856616e-10
-1.4856617e-10
-1.4843747e-10
-1.4783084e-10
-1.4702203e-10
-1.4941175e-10
-1.4893384e-10
-1.4795955e-10
-1.4799632e-10
-1.4661765e-10
-1.4691175e-10
-1.4777574e-10
-1.4845586e-10
-1.471875e-10
-1.4687501e-10
-1.4746322e-10
-1.468566e-10
-1.4812498e-10
-1.4777572e-10
-1.4768381e-10
-1.4720587e-10
-1.4779411e-10
-1.4726102e-10
-1.4711399e-10
-1.4702205e-10
-1.4887866e-10
-1.4775733e-10
-1.4634188e-10
-1.4621324e-10
-1.4880509e-10
-1.4794119e-10
-1.4862131e-10
-1.4766546e-10
-1.4858456e-10
-1.4777572e-10
-1.4854779e-10
-1.4869485e-10
-1.4827205e-10
-1.4773896e-10
-1.4873158e-10
-1.4698529e-10
-1.4825367e-10
-1.4797795e-10
-1.4819851e-10
-1.4733453e-10
-1.4830881e-10
-1.4919116e-10
-1.4738971e-10
-1.4990807e-10
-1.4865807e-10
-1.4908086e-10
-1.482169e-10
-1.4694851e-10
-1.4751836e-10
-1.4865807e-10
-1.4834559e-10
-1.4856616e-10
-1.4751837e-10
-1.4727941e-10
-1.4772057e-10
-1.4628675e-10
-1.4669116e-10
-1.4772057e-10
-1.4700366e-10
-1.4843748e-10
-1.4715072e-10
-1.4803307e-10
-1.4659925e-10
-1.4829044e-10
-1.4740809e-10
-1.4727941e-10
-1.4806986e-10
-1.4845587e-10
-1.4810661e-10
-1.4840074e-10
-1.4689339e-10
-1.4874998e-10
-1.4832721e-10
-1.4972427e-10
-1.4764703e-10
-1.4836395e-10
-1.4955881e-10
-1.4691176e-10
-1.4852941e-10
-1.4766545e-10
-1.4722426e-10
-1.4597425e-10
-1.4783086e-10
-1.4906247e-10
-1.4893382e-10
-1.4898896e-10
-1.4761027e-10
-1.483272e-10
-1.4797794e-10
-1.4742646e-10
-1.4740807e-10
-1.4748161e-10
-1.489522e-10
-1.4806986e-10
-1.4862131e-10
-1.4906248e-10
-1.4865809e-10
-1.4898895e-10
-1.4832721e-10
-1.4693012e-10
-1.4869483e-10
-1.479228e-10
-1.4742645e-10
-1.4806985e-10
-1.4716912e-10
-1.4854779e-10
-1.477022e-10
-1.4867646e-10
-1.4667279e-10
-1.4834559e-10
-1.4814339e-10
-1.4667279e-10
-1.4856617e-10
-1.4722426e-10
-1.4704042e-10
-1.4814339e-10
-1.482353e-10
-1.4792279e-10
-1.4680146e-10
-1.4713233e-10
-1.4922795e-10
-1.4827206e-10
-1.4840072e-10
-1.4841908e-10
-1.4678309e-10
-1.4994483e-10
-1.4893381e-10
-1.483272e-10
-1.4808822e-10
-1.4840074e-10
-1.4933822e-10
-1.4856616e-10
-1.4830882e-10
-1.4900735e-10
-1.5053306e-10
-1.4988971e-10
-1.4869485e-10
-1.4933821e-10
-1.5034925e-10
-1.4983456e-10
-1.4887866e-10
-1.4900736e-10
-1.5016544e-10
-1.4911765e-10
-1.484191e-10
-1.4865809e-10
-1.4933821e-10
-1.5117646e-10
-1.4983455e-10
-1.504963e-10
-1.5095587e-10
-1.496691e-10
-1.481066e-10
-1.4954044e-10
-1.5005513e-10
-1.4996325e-10
-1.4889703e-10
-1.4836397e-10
-1.4943013e-10
-1.4766545e-10
-1.4955881e-10
-1.4773897e-10
-1.4913602e-10
-1.4876836e-10
-1.4766545e-10
-1.4862131e-10
-1.470588e-10
-1.4715074e-10
-1.4823531e-10
-1.4764705e-10
-1.473897e-10
-1.4731616e-10
-1.4709559e-10
-1.4814339e-10
-1.4742647e-10
-1.4742645e-10
-1.4738973e-10
-1.4691176e-10
-1.4659926e-10
-1.4801467e-10
-1.4755513e-10
-1.477941e-10
-1.4841912e-10
-1.4757352e-10
-1.4841911e-10
-1.4814339e-10
-1.4803307e-10
-1.4790442e-10
-1.4838235e-10
-1.5014705e-10
-1.4935661e-10
-1.4880513e-10
-1.4812498e-10
-1.4715072e-10
-1.4784923e-10
-1.4847425e-10
-1.4919117e-10
-1.4648896e-10
-1.4819851e-10
-1.4792279e-10
-1.4939339e-10
-1.4920956e-10
-1.4823529e-10
-1.4709557e-10
-1.4575367e-10
-1.4757352e-10
-1.474816e-10
-1.4713235e-10
-1.4836396e-10
-1.4777572e-10
-1.4818015e-10
-1.4790438e-10
-1.4724265e-10
-1.4908086e-10
-1.4759187e-10
-1.4887867e-10
-1.4803309e-10
-1.4819851e-10
-1.4779411e-10
-1.4797791e-10
-1.4805146e-10
-1.4849265e-10
-1.4849262e-10
-1.4799632e-10
-1.4707723e-10
-1.4996322e-10
-1.4875001e-10
-1.477022e-10
-1.488603e-10
-1.4847423e-10
-1.4786762e-10
-1.488419e-10
-1.4823529e-10
-1.4922792e-10
-1.485294e-10
-1.4832718e-10
-1.490441e-10
-1.483272e-10
-1.4876836e-10
-1.4847426e-10
-1.4744485e-10
-1.4806983e-10
-1.4898897e-10
-1.4630512e-10
-1.4711396e-10
-1.4840074e-10
-1.5001837e-10
-1.5003676e-10
-1.484191e-10
-1.4880512e-10
-1.4889705e-10
-1.4900736e-10
-1.4922794e-10
-1.4812497e-10
-1.4806985e-10
-1.492463e-10
-1.4845587e-10
-1.4893382e-10
-1.5e-10
-1.4827205e-10
-1.471691e-10
-1.4689339e-10
-1.4766545e-10
-1.4715074e-10
-1.4779411e-10
-1.4812498e-10
-1.4832718e-10
-1.4564337e-10
-1.4847423e-10
-1.4744485e-10
-1.4753676e-10
-1.4783086e-10
-1.48125e-10
-1.4716911e-10
-1.4788604e-10
-1.475e-10
-1.4685662e-10
-1.4720587e-10
-1.4777572e-10
-1.488603e-10
-1.4726102e-10
-1.4694851e-10
-1.4656248e-10
-1.4674632e-10
-1.4709556e-10
-1.484375e-10
-1.4852941e-10
-1.4805146e-10
-1.4751836e-10
-1.489522e-10
-1.4641544e-10
-1.4691176e-10
-1.4687501e-10
-1.4781251e-10
-1.4858458e-10
-1.484375e-10
-1.4849266e-10
-1.4825367e-10
-1.4902574e-10
-1.4700366e-10
-1.4867647e-10
-1.4773896e-10
-1.4851101e-10
-1.4806986e-10
-1.4619485e-10
-1.4852938e-10
-1.4788604e-10
-1.4818013e-10
-1.4819854e-10
-1.4919117e-10
-1.4878677e-10
-1.4806983e-10
-1.4862131e-10
-1.4818016e-10
-1.4939337e-10
-1.494669e-10
-1.4895218e-10
-1.4873161e-10
-1.5e-10
-1.4816176e-10
-1.4799631e-10
-1.4845587e-10
-1.4737131e-10
-1.4810661e-10
-1.4834559e-10
-1.4931982e-10
-1.4909923e-10
-1.4860295e-10
-1.4832721e-10
-1.4893381e-10
-1.4976104e-10
-1.5027574e-10
-1.4966911e-10
-1.4808822e-10
-1.4775736e-10
-1.4889703e-10
-1.4801468e-10
-1.4880512e-10
-1.4939337e-10
-1.4746324e-10
-1.4775733e-10
-1.4889703e-10
-1.4829044e-10
-1.4930146e-10
-1.5003676e-10
-1.4943013e-10
-1.4873161e-10
-1.4943013e-10
-1.4849263e-10
-1.5023896e-10
-1.497978e-10
-1.4935661e-10
-1.4816176e-10
-1.490625e-10
-1.4897059e-10
-1.4876839e-10
-1.4788602e-10
-1.4818013e-10
-1.4840074e-10
-1.4838235e-10
-1.4880513e-10
-1.4818012e-10
-1.4902574e-10
-1.4803306e-10
-1.4963233e-10
-1.4898895e-10
-1.4943015e-10
-1.4992643e-10
-1.5011027e-10
-1.5007351e-10
-1.5181986e-10
-1.5020218e-10
-1.5034925e-10
-1.5079044e-10
-1.4935662e-10
-1.5020216e-10
-1.4920955e-10
-1.4876834e-10
-1.4954042e-10
-1.4834557e-10
-1.4933824e-10
-1.4965071e-10
-1.4777571e-10
-1.4705882e-10
-1.4981616e-10
-1.4950367e-10
-1.4806983e-10
-1.4812498e-10
-1.4832718e-10
-1.4801471e-10
-1.4854779e-10
-1.4893381e-10
-1.4766542e-10
-1.4924631e-10
-1.477022e-10
-1.4814339e-10
-1.4740807e-10
-1.4794117e-10
-1.4766544e-10
-1.4902574e-10
-1.4884191e-10
-1.4983455e-10
-1.4829044e-10
-1.4836396e-10
-1.4746322e-10
-1.4829044e-10
-1.4713235e-10
-1.4794115e-10
-1.4915441e-10
-1.4783086e-10
-1.4761026e-10
-1.4897057e-10
-1.4968748e-10
-1.4786763e-10
-1.4647059e-10
-1.5018381e-10
-1.4729781e-10
-1.4966911e-10
-1.4944852e-10
-1.482169e-10
-1.4878676e-10
-1.4911762e-10
-1.4920956e-10
-1.4751834e-10
-1.4626839e-10
-1.4886029e-10
-1.482353e-10
-1.4613971e-10
-1.486397e-10
-1.4838235e-10
-1.4955881e-10
-1.4869483e-10
-1.488603e-10
-1.4867647e-10
-1.4744483e-10
-1.4891542e-10
-1.4832721e-10
-1.4852941e-10
-1.492831e-10
-1.4827203e-10
-1.4696691e-10
-1.4944852e-10
-1.4784923e-10
-1.4843747e-10
-1.4689337e-10
-1.4713235e-10
-1.4806986e-10
-1.4770221e-10
-1.4869485e-10
-1.4764705e-10
-1.4784926e-10
-1.4761026e-10
-1.4823527e-10
-1.4904411e-10
-1.4764705e-10
-1.4742645e-10
-1.463603e-10
-1.4755515e-10
-1.4768382e-10
-1.4856617e-10
-1.4742645e-10
-1.4744483e-10
-1.4919117e-10
-1.4794117e-10
-1.472978e-10
-1.4904411e-10
-1.4909926e-10
-1.4965072e-10
-1.4911766e-10
-1.4974262e-10
-1.5053309e-10
-1.5047794e-10
-1.4974263e-10
-1.4928311e-10
-1.4930147e-10
-1.4937501e-10
-1.4880513e-10
-1.473897e-10
-1.4840074e-10
-1.4727941e-10
-1.4983453e-10
-1.4851101e-10
-1.4898896e-10
-1.4889705e-10
-1.4867645e-10
-1.488419e-10
-1.4806985e-10
-1.4806985e-10
-1.4952205e-10
-1.4637867e-10
-1.4849262e-10
-1.4779411e-10
-1.4882351e-10
-1.4795955e-10
-1.4946691e-10
-1.4920955e-10
-1.4928309e-10
-1.4860295e-10
-1.4786765e-10
-1.4819852e-10
-1.4933824e-10
-1.4959557e-10
-1.4753676e-10
-1.5036765e-10
-1.477022e-10
-1.4827205e-10
-1.490441e-10
-1.4959559e-10
-1.482353e-10
-1.4963235e-10
-1.4876839e-10
-1.4783089e-10
-1.4865809e-10
-1.4876837e-10
-1.4994483e-10
-1.4904411e-10
-1.4867647e-10
-1.4803307e-10
-1.4987131e-10
-1.4678309e-10
-1.4764703e-10
-1.4880513e-10
-1.4849265e-10
-1.4795958e-10
-1.4766542e-10
-1.4830882e-10
-1.4643384e-10
-1.4709557e-10
-1.4761029e-10
-1.4805146e-10
-1.4766545e-10
-1.4909926e-10
-1.482353e-10
-1.483272e-10
-1.4827205e-10
-1.4851104e-10
-1.4856617e-10
-1.4856616e-10
-1.4909925e-10
-1.4851102e-10
-1.4882351e-10
-1.4939336e-10
-1.4795956e-10
-1.4983456e-10
-1.4849265e-10
-1.4856615e-10
-1.4856616e-10
-1.4781253e-10
-1.479044e-10
-1.4777569e-10
-1.4816175e-10
-1.4895221e-10
-1.496875e-10
-1.4906247e-10
-1.4766544e-10
-1.4908087e-10
-1.4801468e-10
-1.4994485e-10
-1.4867645e-10
-1.4788601e-10
-1.4913602e-10
-1.5012867e-10
-1.4762867e-10
-1.4917279e-10
-1.4757351e-10
-1.4827203e-10
-1.4808824e-10
-1.4847425e-10
-1.4959557e-10
-1.479963e-10
-1.4882351e-10
-1.4788601e-10
-1.4788601e-10
-1.4889705e-10
-1.4761027e-10
-1.5027571e-10
-1.4845584e-10
-1.4889706e-10
-1.4922791e-10
-1.4795955e-10
-1.4974262e-10
-1.4952206e-10
-1.4937497e-10
-1.4794116e-10
-1.4808824e-10
-1.4856617e-10
-1.4834557e-10
-1.4871324e-10
-1.4863966e-10
-1.4869486e-10
-1.4797794e-10
-1.4840074e-10
-1.4786762e-10
-1.4889703e-10
-1.4913601e-10
-1.4737132e-10
-1.4727941e-10
-1.466544e-10
-1.491544e-10
-1.4797794e-10
-1.4746322e-10
-1.4683821e-10
-1.4781248e-10
-1.4726104e-10
-1.4860294e-10
-1.4781251e-10
-1.4902574e-10
-1.4854779e-10
-1.4834557e-10
-1.4766542e-10
-1.4930147e-10
-1.4867645e-10
-1.4950365e-10
-1.50386e-10
-1.476838e-10
-1.4670955e-10
-1.4959556e-10
-1.4852941e-10
-1.484191e-10
-1.4735294e-10
-1.4713235e-10
-1.4819851e-10
-1.4806985e-10
-1.4823527e-10
-1.4841911e-10
-1.4898896e-10
-1.4871321e-10
-1.4878675e-10
-1.4689337e-10
-1.4924631e-10
-1.4810661e-10
-1.4915438e-10
-1.4768382e-10
-1.5058821e-10
-1.473897e-10
-1.4722426e-10
-1.4821691e-10
-1.4740807e-10
-1.488419e-10
-1.4882352e-10
-1.4832721e-10
-1.4836397e-10
-1.4950366e-10
-1.473897e-10
-1.4873161e-10
-1.4858456e-10
-1.4858456e-10
-1.4794116e-10
-1.4757352e-10
-1.4851104e-10
-1.5040441e-10
-1.4948529e-10
-1.5064339e-10
-1.5075366e-10
-1.5051468e-10
-1.5003676e-10
-1.498162e-10
-1.4981617e-10
-1.4944852e-10
-1.4902572e-10
-1.5033089e-10
-1.4772057e-10
-1.4972427e-10
-1.4812498e-10
-1.4880513e-10
-1.4994483e-10
-1.4939337e-10
-1.4851104e-10
-1.4939336e-10
-1.4946691e-10
-1.4985295e-10
-1.5069851e-10
-1.4889705e-10
-1.4919116e-10
-1.4830881e-10
-1.4941176e-10
-1.495772e-10
-1.4911763e-10
-1.4840072e-10
-1.5064336e-10
-1.4882351e-10
-1.4856616e-10
-1.4816176e-10
-1.4827205e-10
-1.4834557e-10
-1.5e-10
-1.4931985e-10
-1.467463e-10
-1.4878676e-10
-1.4783089e-10
-1.4944852e-10
-1.487316e-10
-1.4806985e-10
-1.4825367e-10
-1.482169e-10
-1.489706e-10
-1.4919117e-10
-1.4737132e-10
-1.481066e-10
-1.4898896e-10
-1.4906247e-10
-1.4887869e-10
-1.4744483e-10
-1.4779411e-10
-1.4897057e-10
-1.4904411e-10
-1.4972425e-10
-1.4909926e-10
-1.482169e-10
-1.4672792e-10
-1.4897059e-10
-1.4924631e-10
-1.5001837e-10
-1.5180146e-10
-1.4926471e-10
-1.5027572e-10
-1.5020218e-10
-1.4897057e-10
-1.4994483e-10
-1.4944851e-10
-1.4930146e-10
-1.5025735e-10
-1.4856616e-10
-1.4944855e-10
-1.4797794e-10
-1.486397e-10
-1.4922792e-10
-1.4941175e-10
-1.479044e-10
-1.4852941e-10
-1.4834559e-10
-1.4882354e-10
-1.4871324e-10
-1.4845587e-10
-1.4886029e-10
-1.4829042e-10
-1.5020221e-10
-1.5001836e-10
-1.4825365e-10
-1.4915442e-10
-1.492831e-10
-1.4900735e-10
-1.4908089e-10
-1.4900735e-10
-1.4891542e-10
-1.4790441e-10
-1.5034925e-10
-1.4693013e-10
-1.4887867e-10
-1.4849263e-10
-1.4737134e-10
-1.4871321e-10
-1.4847426e-10
-1.4841911e-10
-1.4818013e-10
-1.4884191e-10
-1.4878675e-10
-1.4641544e-10
-1.4878675e-10
-1.4838233e-10
-1.4766542e-10
-1.4862132e-10
-1.4836395e-10
-1.4851104e-10
-1.4843748e-10
-1.4748161e-10
-1.4939337e-10
-1.4698529e-10
-1.4939336e-10
-1.4814337e-10
-1.4794116e-10
-1.478125e-10
-1.505147e-10
-1.4930147e-10
-1.4922794e-10
-1.5040441e-10
-1.4869485e-10
-1.49761e-10
-1.4948529e-10
-1.4941173e-10
-1.497059e-10
-1.4913602e-10
-1.484375e-10
-1.4954042e-10
-1.4937498e-10
-1.4871321e-10
-1.5077205e-10
-1.5055146e-10
-1.4981619e-10
-1.4930146e-10
-1.4939336e-10
-1.4963233e-10
-1.4786763e-10
-1.4841911e-10
-1.5003676e-10
-1.4845586e-10
-1.473897e-10
-1.4781248e-10
-1.476838e-10
-1.4874998e-10
-1.4880513e-10
-1.4887865e-10
-1.4887865e-10
-1.5053309e-10
