-1.0539773e-11
-9.4034095e-12
-9.2897729e-12
-9.1193181e-12
-9.9715921e-12
-1.0625001e-11
-1.1306817e-11
-1.0198863e-11
-1.1988636e-11
-1.1789772e-11
-1.1676136e-11
-1.190341e-11
-1.25e-11
-1.1107956e-11
-1.0170456e-11
-9.602273e-12
-1.2642045e-11
-9.9715913e-12
-1.0625e-11
-1.1022728e-11
-1.0568182e-11
-1.2414772e-11
-1.0312501e-11
-1.1619317e-11
-1.2471591e-11
-1.1534092e-11
-1.1505682e-11
-1.2500001e-11
-1.1960227e-11
-1.2386364e-11
-1.2982954e-11
-1.221591e-11
-1.1193183e-11
-9.1761364e-12
-1.1534091e-11
-1.1931819e-11
-1.2130682e-11
-1.1022727e-11
-1.2329545e-11
-1.1732954e-11
-1.2755682e-11
-1.1704545e-11
-1.2982954e-11
-1.2784091e-11
-1.2670456e-11
-1.3579545e-11
-1.2045456e-11
-1.1193183e-11
-1.1335228e-11
-1.09375e-11
-1.0142046e-11
-1.159091e-11
-1.190341e-11
-1.2698864e-11
-1.1107954e-11
-1.3522727e-11
-1.0227274e-11
-1.3238636e-11
-1.2670454e-11
-1.2443182e-11
-1.0568183e-11
-1.2840909e-11
-9.7727278e-12
-1.2926136e-11
-1.1619319e-11
-1.1448864e-11
-1.1761364e-11
-1.1306817e-11
-1.0454546e-11
-1.2301136e-11
-1.0227274e-11
-1.21875e-11
-9.7443182e-12
-1.3039772e-11
-1.0227273e-11
-1.0369319e-11
-1.0482956e-11
-1.0880683e-11
-1.0227273e-11
-1.1164772e-11
-9.1193181e-12
-1.0511364e-11
-1e-11
-9.517046e-12
-8.6647729e-12
-9.7727278e-12
-1.0994317e-11
-1.0994319e-11
-9.9715921e-12
-1.0539773e-11
-1.065341e-11
-1.2755682e-11
-9.4886373e-12
-1.0056818e-11
-1.2301136e-11
-9.2897738e-12
-1.0596592e-11
-1.0142046e-11
-1.1846592e-11
-1.25e-11
-1.0511363e-11
-1.2585228e-11
-1.1420454e-11
-1.2613636e-11
-8.3806824e-12
-1.0823864e-11
-1.1193182e-11
-1.0625e-11
-1.4119318e-11
-1.3664772e-11
-1.1789772e-11
-9.602273e-12
-1.3295454e-11
-1.2073864e-11
-1.4630682e-11
-1.0710227e-11
-1.3267045e-11
-1.3352272e-11
-1.2301136e-11
-1.096591e-11
-1.1903409e-11
-1.2755682e-11
-1.34375e-11
-1.2585228e-11
-1.0170455e-11
-1.0511364e-11
-1.2244318e-11
-1.0198863e-11
-1.2215909e-11
-1.2017045e-11
-1.1079546e-11
-1.2244318e-11
-1.1534091e-11
-1.0255682e-11
-1.1818182e-11
-1.0738636e-11
-1.1846591e-11
-1.1392045e-11
-1.2443182e-11
-1.1392045e-11
-1.127841e-11
-1.2443182e-11
-1.0767045e-11
-1.3664772e-11
-1.2329545e-11
-1.25e-11
-1.1136364e-11
-1.21875e-11
-1.3721591e-11
-1.2073864e-11
-1.2642045e-11
-9.2329547e-12
-1.0795454e-11
-1.0994317e-11
-1.2556818e-11
-1.2386364e-11
-1.2556819e-11
-1.1164772e-11
-1.1420456e-11
-1.1136364e-11
-1.1051136e-11
-1.3948865e-11
-1.3096592e-11
-1.3409091e-11
-1.190341e-11
-1.1505683e-11
-1.1704545e-11
-1.1988636e-11
-1.2357954e-11
-1.0767045e-11
-1.190341e-11
-1.0994317e-11
-9.0056816e-12
-1.21875e-11
-1.065341e-11
-1.0795454e-11
-1.0738636e-11
-9.4602277e-12
-1.2215909e-11
-1.0198864e-11
-1.0284091e-11
-9.8011365e-12
-1.122159e-11
-1.1818182e-11
-1.15625e-11
-1e-11
-1.0142046e-11
-1.0284092e-11
-1.0454546e-11
-1.252841e-11
-1.034091e-11
-1.1903409e-11
-9.0340912e-12
-1.1079546e-11
-1e-11
-1.0625001e-11
-1.0994319e-11
-1.1477272e-11
-1.0426137e-11
-1.3125e-11
-1.03125e-11
-1.2897727e-11
-1.15625e-11
-1.2982954e-11
-1.2471591e-11
-1.1875001e-11
-1.1789774e-11
-1.0227273e-11
-1.0539774e-11
-1.1988636e-11
-1.0397728e-11
-1.0369319e-11
-8.9772729e-12
-1.2073864e-11
-1.0909092e-11
-1.0142046e-11
-9.6306817e-12
-1.0511363e-11
-1.1534091e-11
-1.0284091e-11
-1.1420454e-11
-1.1136364e-11
-1.1761364e-11
-9.0909094e-12
-1.0596592e-11
-9.4602277e-12
-1.0965909e-11
-1.0284091e-11
-1.2159091e-11
-1.0625001e-11
-1.2272727e-11
-1.0795454e-11
-1.1278409e-11
-1.2386364e-11
-9.6590921e-12
-1.1590909e-11
-1.159091e-11
-1.0795454e-11
-1.0085228e-11
-1.0852272e-11
-9.9715913e-12
-1.1505682e-11
-1.0710227e-11
-1.1022727e-11
-1.2414774e-11
-1.09375e-11
-1.2556818e-11
-1.2357954e-11
-1.2272727e-11
-1.1505682e-11
-1.1647727e-11
-1.25e-11
-1.1960228e-11
-1.1931819e-11
-1.3664772e-11
-1.0880682e-11
-1.2670454e-11
-1.1875e-11
-1.3125e-11
-1.2926136e-11
-1.0397728e-11
-1.2215909e-11
-1.2926136e-11
-1.1363636e-11
-1.3323865e-11
-1.25e-11
-1.3806818e-11
-1.122159e-11
-1.3352274e-11
-1.1420454e-11
-1.2613636e-11
-1.3011365e-11
-1.1619317e-11
-1.2386364e-11
-1.0454546e-11
-1.3323864e-11
-1.1875e-11
-1.1676136e-11
-1.1761364e-11
-1.0000001e-11
-1.2159092e-11
-1.0369319e-11
-1.1164774e-11
-1.1107954e-11
-1.3607956e-11
-1.1193182e-11
-1.1960227e-11
-1.0255682e-11
-1.0511363e-11
-1.3465909e-11
-1.1818183e-11
-1.0568182e-11
-1.1363637e-11
-1.002841e-11
-1.1363636e-11
-1.2130682e-11
-1.0284092e-11
-1.096591e-11
-1.0710227e-11
-1.2897727e-11
-1.0596592e-11
-1.0653409e-11
-9.5738634e-12
-1.0738636e-11
-9.1477277e-12
-1.2215909e-11
-7.9261363e-12
-1.1079546e-11
-9.4034095e-12
-1.0823864e-11
-1.0511363e-11
-1.2159091e-11
-1.1477272e-11
-1.1761364e-11
-1.1363636e-11
-9.4602277e-12
-1.1363636e-11
-1.1392045e-11
-1.1022727e-11
-1.0482956e-11
-9.602273e-12
-9.829546e-12
-1.0568182e-11
-9.8579556e-12
-1.1846591e-11
-1.1534092e-11
-1.0795456e-11
-1.3380682e-11
-1.0113636e-11
-1.2784092e-11
-1.1619319e-11
-1.3636364e-11
-1.090909e-11
-1.2130682e-11
-1.2670454e-11
-1.0795454e-11
-1.3409091e-11
-1.2897728e-11
-1.3011364e-11
-1.03125e-11
-1.3267045e-11
-1.1534091e-11
-1.3579545e-11
-1.1875e-11
-1.0823864e-11
-1.1335227e-11
-1.3494318e-11
-9.6306817e-12
-1.1846591e-11
-1.0454546e-11
-1.21875e-11
-1.2784092e-11
-1.1306817e-11
-1.1960227e-11
-1.2613636e-11
-1.1931818e-11
-1.1619319e-11
-1.1960227e-11
-1.21875e-11
-1.2926136e-11
-1.0369318e-11
-1.1704545e-11
-1.3039772e-11
-1.1164774e-11
-1.2840909e-11
-1.1818182e-11
-1.1818182e-11
-1.0937501e-11
-1.1136364e-11
-1.2414772e-11
-1.0511364e-11
-1.0426137e-11
-1.0397728e-11
-1.0653409e-11
-1.0085228e-11
-1.1079545e-11
-9.517046e-12
-1.2017045e-11
-9.6590912e-12
-1.1590909e-11
-1.2982956e-11
-9.7443182e-12
-1.1704545e-11
-9.6306817e-12
-9.3181825e-12
-1.1619317e-11
-9.7727278e-12
-1.1392045e-11
-1.2698865e-11
-1.0284091e-11
-1.0369318e-11
-9.7443191e-12
-1.122159e-11
-1.1335227e-11
-9.9147739e-12
-9.204546e-12
-1.125e-11
-1.09375e-11
-1.0852274e-11
-1.0823864e-11
-9.6022738e-12
-1.0426137e-11
-1.0852274e-11
-1.03125e-11
-1.0170455e-11
-1.0170456e-11
-1.0539774e-11
-1.034091e-11
-1.0312501e-11
-1.0284091e-11
-1.0142046e-11
-1.0795454e-11
-1.0056818e-11
-9.5738643e-12
-9.8863634e-12
-8.7215912e-12
-1.0085228e-11
-8.2954546e-12
-1.059659e-11
-1.0795456e-11
-1.1079545e-11
-1.09375e-11
-9.7159095e-12
-8.6079546e-12
-1.0511363e-11
-1.0369319e-11
-9.8579547e-12
-1.0227273e-11
-1.0227273e-11
-1.0454546e-11
-9.8011365e-12
-1.1193182e-11
-1.1278409e-11
-1.1335227e-11
-1.2528409e-11
-1.0767045e-11
-1.0511364e-11
-1.1647727e-11
-1.0397728e-11
-9.7443182e-12
-1.127841e-11
-1.1392045e-11
-1.1107954e-11
-1.3409091e-11
-1.2073864e-11
-1.2471591e-11
-1.1136364e-11
-9.9431826e-12
-1.4119318e-11
-1.0681817e-11
-9.9431817e-12
-1.0170455e-11
-1.1306817e-11
-9.431819e-12
-1.1363636e-11
-1.0596592e-11
-1.0880682e-11
-1.1903409e-11
-1.0795454e-11
-1.1477272e-11
-1.2982954e-11
-1.1335227e-11
-1.1136364e-11
-1.1392045e-11
-1.2443182e-11
-1.2443182e-11
-8.892046e-12
-1.1960227e-11
-9.8579556e-12
-1.0738636e-11
-9.204546e-12
-1.1761364e-11
-1.1960227e-11
-9.8579547e-12
-1.1818182e-11
-1.1903409e-11
-1.1590909e-11
-1.1392046e-11
-1.2982954e-11
-1.2045454e-11
-1.1363636e-11
-1.0681817e-11
-1.002841e-11
-1.2443182e-11
-1.1818182e-11
-1.1448864e-11
-1.3551136e-11
-1.1647727e-11
-1.2215909e-11
-1.1392045e-11
-1.1250001e-11
-1.0369318e-11
-1.1363636e-11
-1.0681819e-11
-1.2329545e-11
-1.1875001e-11
-1.0454546e-11
-1.0880683e-11
-1.0625e-11
-7.9545459e-12
-1.0937501e-11
-1.125e-11
-1.0511363e-11
-1.0113636e-11
-9.9431826e-12
-8.1534094e-12
-1.0681819e-11
-1.0880682e-11
-1.1619317e-11
-1.0852272e-11
-1.1477272e-11
-9.829546e-12
-1.7642046e-11
-2.6590912e-11
-4.1477273e-11
-5.9488636e-11
-8.5056809e-11
-1.2e-10
-1.6267045e-10
-2.0803977e-10
-2.5687499e-10
-3.0136363e-10
-3.4559655e-10
-3.7374992e-10
-3.953409e-10
-4.0414774e-10
-4.0974435e-10
-4.1545453e-10
-4.1821024e-10
-4.1701706e-10
-4.2213069e-10
-4.3957391e-10
-4.6355117e-10
-4.8130677e-10
-4.8534099e-10
-4.7366477e-10
-4.6380677e-10
-4.4215911e-10
-4.1684656e-10
-3.8792614e-10
-3.5607958e-10
-3.275e-10
-3.0261366e-10
-2.7920458e-10
-2.5559654e-10
-2.348011e-10
-2.1843749e-10
-2.0076704e-10
-1.8823863e-10
-1.7440339e-10
-1.6482953e-10
-1.5511364e-10
-1.4605114e-10
-1.3795452e-10
-1.2883522e-10
-1.2201704e-10
-1.1582384e-10
-1.119318e-10
-1.0650567e-10
-1.0252839e-10
-9.7073856e-11
-9.2215895e-11
-9.1164763e-11
-8.5312493e-11
-8.3749979e-11
-7.9346585e-11
-7.775567e-11
-7.2727262e-11
-7.0170453e-11
-6.7755669e-11
-6.4403399e-11
-6.2528399e-11
-6.0482952e-11
-5.9545445e-11
-5.8892044e-11
-5.536931e-11
-5.4460225e-11
-5.3636363e-11
-4.9460224e-11
-5.0142043e-11
-4.9886359e-11
-4.8778405e-11
-4.625e-11
-4.3494319e-11
-4.4431816e-11
-4.2215911e-11
-4.272727e-11
-4.1392046e-11
-4.1107954e-11
-4.21875e-11
-4.0397727e-11
-4.1789773e-11
-3.8238638e-11
-3.9176138e-11
-3.84375e-11
-3.6818184e-11
-3.7755684e-11
-3.7982954e-11
-3.6676138e-11
-3.5454546e-11
-3.4715911e-11
-3.4715911e-11
-3.5198865e-11
-3.4488638e-11
-3.1789772e-11
-3.3522726e-11
-3.1818184e-11
-3.1846591e-11
-3.1392045e-11
-2.8522728e-11
-3.1164772e-11
-3.1505683e-11
-2.8920455e-11
-3.0681818e-11
-3.2897726e-11
-3.1505683e-11
-2.8948864e-11
-2.9034091e-11
-2.9886364e-11
-2.7670454e-11
-2.9289772e-11
-2.7414772e-11
-2.8096591e-11
-2.5028408e-11
-2.6704545e-11
-2.5454545e-11
-2.7869318e-11
-2.5511364e-11
-2.5738635e-11
-2.6022727e-11
-2.5965908e-11
-2.6079545e-11
-2.6164772e-11
-2.3522727e-11
-2.4375e-11
-2.3664772e-11
-2.5909091e-11
-2.59375e-11
-2.3323864e-11
-2.3920454e-11
-2.34375e-11
-2.3068181e-11
-2.3494318e-11
-2.5113635e-11
-2.4488635e-11
-2.2301135e-11
-2.4119318e-11
-2.3096591e-11
-2.2642044e-11
-2.4857954e-11
-2.4460227e-11
-2.1562502e-11
-2.4005681e-11
-2.3295454e-11
-2.2670454e-11
-2.2017044e-11
-2.1732954e-11
-2.3068181e-11
-2.2755681e-11
-2.4204545e-11
-2.3522727e-11
-2.3181818e-11
-2.2727271e-11
-2.2982954e-11
-2.2926135e-11
-2.2357954e-11
-2.3380681e-11
-2.1619317e-11
-2.2073864e-11
-2.1363635e-11
-2.1193181e-11
-2.0568183e-11
-2.0284092e-11
-2.0113636e-11
-2.0909092e-11
-2.0028409e-11
-1.9857956e-11
-2.0767046e-11
-1.8323863e-11
-1.9375e-11
-1.9772727e-11
-2.0681819e-11
-2.0625e-11
-1.8693182e-11
-1.7869319e-11
-1.9659092e-11
-2.0511363e-11
-2.0142046e-11
-1.8380682e-11
-1.9289773e-11
-1.7613636e-11
-2.0738637e-11
-1.8494319e-11
-1.8806819e-11
-1.9517046e-11
-1.9772727e-11
-1.7897727e-11
-1.8153409e-11
-1.8892046e-11
-1.7414773e-11
-1.625e-11
-1.5625e-11
-1.7840909e-11
-1.6704546e-11
-1.8153409e-11
-1.9147727e-11
-1.7102273e-11
-1.7755682e-11
-1.7215909e-11
-1.8210227e-11
-1.9204546e-11
-1.8039773e-11
-1.9176136e-11
-1.8778409e-11
-1.9857956e-11
-1.8295455e-11
-1.7755682e-11
-1.7727273e-11
-2.0028409e-11
-1.84375e-11
-1.84375e-11
-1.8153409e-11
-1.6988636e-11
-1.8125e-11
-1.6846592e-11
-1.7982955e-11
-1.8039773e-11
-1.7556819e-11
-1.6960227e-11
-1.9176136e-11
-1.8551136e-11
-1.8210227e-11
-1.9517046e-11
-1.6590909e-11
-1.8011363e-11
-1.7414773e-11
-1.7926136e-11
-1.8380682e-11
-1.8096592e-11
-1.6477273e-11
-1.5965909e-11
-1.8892046e-11
-1.7329546e-11
-1.7301136e-11
-1.7073863e-11
-1.5880682e-11
-1.7556819e-11
-1.90625e-11
-1.5965911e-11
-1.875e-11
-1.7357955e-11
-1.5056819e-11
-1.4573863e-11
-1.5255682e-11
-1.5454546e-11
-1.6676136e-11
-1.59375e-11
-1.5738636e-11
-1.5994319e-11
-1.5511363e-11
-1.5568182e-11
-1.6420455e-11
-1.8068182e-11
-1.7585227e-11
-1.6363636e-11
-1.5852273e-11
-1.6818182e-11
-1.7073863e-11
-1.8863636e-11
-1.7244319e-11
-1.6505682e-11
-1.65625e-11
-1.6193182e-11
-1.7414773e-11
-1.6590909e-11
-1.7556819e-11
-1.8039773e-11
-1.6306819e-11
-1.7272727e-11
-1.7244319e-11
-1.5795455e-11
-1.7784092e-11
-1.5397726e-11
-1.8352273e-11
-1.8323863e-11
-1.7528409e-11
-1.9829546e-11
-1.6875e-11
-1.7698863e-11
-1.6051136e-11
-1.7045455e-11
-1.78125e-11
-1.5369319e-11
-1.5227273e-11
-1.9034092e-11
-1.6363636e-11
-1.6875e-11
-1.7102273e-11
-1.6448863e-11
-1.6647727e-11
-1.6079546e-11
-1.8380682e-11
-1.7244319e-11
-1.8352273e-11
-1.7357955e-11
-1.7414773e-11
-1.5653411e-11
-1.8125e-11
-1.6647727e-11
-1.6448863e-11
-1.7642048e-11
-1.5170455e-11
-1.6051136e-11
-1.5142046e-11
-1.8039773e-11
-1.5227273e-11
-1.6193182e-11
-1.5625e-11
-1.65625e-11
-1.4829546e-11
-1.6079547e-11
-1.5284092e-11
-1.5965909e-11
-1.5085226e-11
-1.4971592e-11
-1.8323863e-11
-1.7215911e-11
-1.6875e-11
-1.9005682e-11
-1.7982955e-11
-1.7301136e-11
-1.9715909e-11
-1.9232956e-11
-1.8693184e-11
-1.9090909e-11
-1.7102273e-11
-1.7471592e-11
-2.0767048e-11
-2.096591e-11
-1.90625e-11
-1.9318184e-11
-1.8494319e-11
-2.1448864e-11
-1.8267048e-11
-2.0539773e-11
-1.6278409e-11
-1.9176136e-11
-1.8267046e-11
-1.8039773e-11
-1.8863636e-11
-1.8323863e-11
-1.8238636e-11
-2.0568183e-11
-2e-11
-1.9772727e-11
-1.8721592e-11
-2.0965911e-11
-1.7642046e-11
-1.875e-11
-1.9460227e-11
-1.8494319e-11
-1.7159092e-11
-1.9744319e-11
-1.8465909e-11
-1.9403409e-11
-1.7244319e-11
-1.6988636e-11
-1.5681819e-11
-1.8238636e-11
-1.8465909e-11
-1.6136363e-11
-1.7045455e-11
-1.8522727e-11
-1.7982955e-11
-1.8778409e-11
-1.7102273e-11
-1.7727275e-11
-1.5738636e-11
-1.6079546e-11
-1.6136363e-11
-1.5994319e-11
-1.6335227e-11
-1.65625e-11
-1.8039773e-11
-1.5198863e-11
-1.59375e-11
-1.7613636e-11
-1.5511363e-11
-1.5738636e-11
-1.7670455e-11
-1.6448863e-11
-1.7840909e-11
-1.5142047e-11
-1.8125e-11
-1.8238636e-11
-1.8948863e-11
-1.8721592e-11
-1.7386363e-11
-1.9602273e-11
-2.1079546e-11
-1.6448863e-11
-1.7755682e-11
-1.8011363e-11
-1.71875e-11
-1.6619319e-11
-1.6988636e-11
-1.5397726e-11
-1.5113636e-11
-1.71875e-11
-1.6363636e-11
-1.4204546e-11
-1.5426136e-11
-1.7869319e-11
-1.8125e-11
-1.7613636e-11
-1.7329546e-11
-1.7556819e-11
-1.7982955e-11
-1.7357955e-11
-1.6420455e-11
-1.6931819e-11
-1.9147727e-11
-1.8607955e-11
-1.9318182e-11
-1.7414773e-11
-1.6392046e-11
-1.7926136e-11
-1.6818182e-11
-1.7102273e-11
-1.5284092e-11
-1.6335227e-11
-1.7642046e-11
-1.84375e-11
-1.7272727e-11
-1.6136363e-11
-1.7528409e-11
-1.6477273e-11
-1.6903409e-11
-1.5539773e-11
-1.6363636e-11
-1.3806818e-11
-1.625e-11
-1.5284092e-11
-1.9204546e-11
-1.7642046e-11
-1.5170455e-11
-1.6420455e-11
-1.6051138e-11
-1.6875e-11
-1.6676136e-11
-1.7982955e-11
-1.7017046e-11
-1.4375e-11
-1.6789773e-11
-1.5255682e-11
-1.6051138e-11
-1.6732955e-11
-1.7102273e-11
-1.5767046e-11
-1.6022727e-11
-1.5426136e-11
-1.6306819e-11
-1.7755682e-11
-1.4517046e-11
-1.6818182e-11
-1.8352273e-11
-1.8238636e-11
-1.59375e-11
-1.6363636e-11
-1.6903409e-11
-1.7869319e-11
-1.7215909e-11
-1.7642046e-11
-1.7102273e-11
-1.7784092e-11
-1.7698863e-11
-1.7869319e-11
-1.5710227e-11
-1.4886363e-11
-1.6761363e-11
-1.5284092e-11
-1.6704546e-11
-1.5255682e-11
-1.5823863e-11
-1.53125e-11
-1.6420455e-11
-1.6647727e-11
-1.5965909e-11
-1.7642046e-11
-1.7869319e-11
-1.6676136e-11
-1.8068182e-11
-1.6107955e-11
-1.65625e-11
-1.4971592e-11
-1.4857955e-11
-1.3352272e-11
-1.53125e-11
-1.5710227e-11
-1.4232954e-11
-1.4857955e-11
-1.6164773e-11
-1.4630682e-11
-1.5284092e-11
-1.4403409e-11
-1.4119318e-11
-1.5198863e-11
-1.6988636e-11
-1.5028409e-11
-1.3210227e-11
-1.4772728e-11
-1.5198863e-11
-1.3948864e-11
-1.3835227e-11
-1.4346591e-11
-1.3125e-11
-1.6278409e-11
-1.3920454e-11
-1.5738636e-11
-1.3636364e-11
-1.5142046e-11
-1.5284092e-11
-1.8806819e-11
-1.6193182e-11
-1.7215909e-11
-1.6136363e-11
-1.7329546e-11
-1.6107955e-11
-1.7357955e-11
-1.4829546e-11
-1.7159092e-11
-1.6335227e-11
-1.8721592e-11
-1.6505682e-11
-1.65625e-11
-1.6732955e-11
-1.6221592e-11
-1.6079546e-11
-1.5568182e-11
-1.7102273e-11
-1.5710227e-11
-1.6107955e-11
-1.4914773e-11
-1.6534092e-11
-1.5454546e-11
-1.5170455e-11
-1.5113636e-11
-1.53125e-11
-1.6590909e-11
-1.5113636e-11
-1.3323864e-11
-1.7982955e-11
-1.5823863e-11
-1.4204546e-11
-1.6590909e-11
-1.6534092e-11
-1.5369319e-11
-1.5e-11
-1.4772726e-11
-1.6619319e-11
-1.3835227e-11
-1.625e-11
-1.5852273e-11
-1.3693182e-11
-1.4204546e-11
-1.1022727e-11
-1.5113638e-11
-1.5454546e-11
-1.4857955e-11
-1.4829546e-11
-1.2982954e-11
-1.3863636e-11
-1.7329546e-11
-1.3522728e-11
-1.3863636e-11
-1.5142046e-11
-1.3721591e-11
-1.4346591e-11
-1.4034092e-11
-1.5170455e-11
-1.4034091e-11
-1.4517046e-11
-1.5113636e-11
-1.4687499e-11
-1.5369319e-11
-1.4914773e-11
-1.2642045e-11
-1.3664772e-11
-1.5511363e-11
-1.5823863e-11
-1.5710227e-11
-1.5653409e-11
-1.5852273e-11
-1.4715909e-11
-1.5852273e-11
-1.4090909e-11
-1.6193182e-11
-1.5454547e-11
-1.6903409e-11
-1.4318182e-11
-1.7386363e-11
-1.6534092e-11
-1.5738636e-11
-1.4801138e-11
-1.6931819e-11
-1.6193184e-11
-1.5340909e-11
-1.5426136e-11
-1.4687499e-11
-1.4829546e-11
-1.4829546e-11
-1.3579545e-11
-1.5142046e-11
-1.5482955e-11
-1.6051136e-11
-1.4687499e-11
-1.6846592e-11
-1.5482955e-11
-1.4545454e-11
-1.6477273e-11
-1.5596592e-11
-1.6505682e-11
-1.6732955e-11
-1.34375e-11
-1.5681819e-11
-1.6534092e-11
-1.5227273e-11
-1.4971592e-11
-1.5568182e-11
-1.6079546e-11
-1.3522727e-11
-1.5767046e-11
-1.4914773e-11
-1.3920454e-11
-1.6022727e-11
-1.4488636e-11
-1.6022727e-11
-1.5284092e-11
-1.5170455e-11
-1.5625e-11
-1.59375e-11
-1.5625e-11
-1.5511363e-11
-1.6647727e-11
-1.6875e-11
-1.8238636e-11
-1.6363636e-11
-1.6335227e-11
-1.8238636e-11
-1.6732955e-11
-1.7613636e-11
-1.6392046e-11
-1.59375e-11
-1.7471592e-11
-1.5596592e-11
-1.625e-11
-1.6363638e-11
-1.5511363e-11
-1.7130682e-11
-1.71875e-11
-1.7102273e-11
-1.5994319e-11
-1.6221592e-11
-1.4119318e-11
-1.8579546e-11
-1.6534092e-11
-1.7755682e-11
-1.7045455e-11
-1.6903409e-11
-1.7386363e-11
-1.6051136e-11
-1.7840909e-11
-1.7443182e-11
-1.7244319e-11
-1.6818182e-11
-1.6306819e-11
-1.6278411e-11
-1.4971592e-11
-1.5823863e-11
-1.5028409e-11
-1.4630684e-11
-1.7869319e-11
-1.4630682e-11
-1.4744319e-11
-1.4886363e-11
-1.375e-11
-1.4232954e-11
-1.5653409e-11
-1.4289772e-11
-1.6931819e-11
-1.4715909e-11
-1.4744319e-11
-1.3039772e-11
-1.4375e-11
-1.5738636e-11
-1.3721591e-11
-1.5056819e-11
-1.5994319e-11
-1.3693183e-11
-1.6107955e-11
-1.5596592e-11
-1.2982954e-11
-1.4204546e-11
-1.4176136e-11
-1.3948864e-11
-1.3323864e-11
-1.4346591e-11
-1.5142046e-11
-1.3863638e-11
-1.5397726e-11
-1.25e-11
-1.4005682e-11
-1.5909092e-11
-1.3323864e-11
-1.3068182e-11
-1.5170455e-11
-1.3948864e-11
-1.3863636e-11
-1.5198863e-11
-1.3210228e-11
-1.5198863e-11
-1.4573863e-11
-1.3579545e-11
-1.4005682e-11
-1.3295456e-11
-1.3238636e-11
-1.3892046e-11
-1.4289772e-11
-1.5482955e-11
-1.3664772e-11
-1.7244319e-11
-1.4715909e-11
-1.5539773e-11
-1.4715911e-11
-1.5056819e-11
-1.4857955e-11
-1.5539774e-11
-1.4971592e-11
-1.4460227e-11
-1.5369319e-11
-1.4914773e-11
-1.59375e-11
-1.7130682e-11
-1.5028409e-11
-1.5284092e-11
-1.6136363e-11
-1.5113636e-11
-1.8125e-11
-1.4318182e-11
-1.34375e-11
-1.5738636e-11
-1.4204546e-11
-1.4602273e-11
-1.6079547e-11
-1.5568182e-11
-1.4801138e-11
-1.7017046e-11
-1.3835227e-11
-1.5965909e-11
-1.4744319e-11
-1.5312501e-11
-1.5198863e-11
-1.4857955e-11
-1.4431819e-11
-1.2954545e-11
-1.5596592e-11
-1.5568182e-11
-1.4119319e-11
-1.7727273e-11
-1.6619319e-11
-1.6505682e-11
-1.6903409e-11
-1.5994319e-11
-1.4829546e-11
-1.625e-11
-1.5198863e-11
-1.5511363e-11
-1.5568184e-11
-1.5056819e-11
-1.3380682e-11
-1.4261364e-11
-1.7301136e-11
-1.4715909e-11
-1.5227273e-11
-1.4232954e-11
-1.4630682e-11
-1.6392046e-11
-1.2954545e-11
-1.5880682e-11
-1.3323864e-11
-1.1676137e-11
-1.2130682e-11
-1.4659092e-11
-1.4573863e-11
-1.5142046e-11
-1.3210227e-11
-1.4403409e-11
-1.4517046e-11
-1.3863638e-11
-1.3863636e-11
-1.40625e-11
-1.4687499e-11
-1.3835227e-11
-1.5142046e-11
-1.4971592e-11
-1.25e-11
-1.3096591e-11
-1.5028409e-11
-1.5426136e-11
-1.5397726e-11
-1.2301136e-11
-1.4289772e-11
-1.4630682e-11
-1.4403409e-11
-1.40625e-11
-1.4119319e-11
-1.2840909e-11
-1.4829547e-11
-1.4687499e-11
-1.3920454e-11
-1.4403409e-11
-1.4573863e-11
-1.3806818e-11
-1.6619319e-11
-1.6363638e-11
-1.6420455e-11
-1.5539773e-11
-1.4857955e-11
-1.3636364e-11
-1.4602273e-11
-1.3920454e-11
-1.6704546e-11
-1.6903409e-11
-1.5767046e-11
-1.5852273e-11
-1.5142046e-11
-1.5000001e-11
-1.5113636e-11
-1.4772726e-11
-1.5965909e-11
-1.4005682e-11
-1.3267046e-11
-1.4943182e-11
-1.3181818e-11
-1.5198863e-11
-1.5255682e-11
-1.5909092e-11
-1.3721591e-11
-1.4176136e-11
-1.5284092e-11
-1.4147727e-11
-1.4090909e-11
-1.6732955e-11
-1.5852273e-11
-1.6477273e-11
-1.34375e-11
-1.4971592e-11
-1.4602273e-11
-1.6448863e-11
-1.6107955e-11
-1.5113636e-11
-1.3721591e-11
-1.6875e-11
-1.4431818e-11
-1.4630682e-11
-1.3693182e-11
-1.3352272e-11
-1.4119318e-11
-1.5056819e-11
-1.4488636e-11
-1.4261364e-11
-1.4517046e-11
-1.4801136e-11
-1.3522727e-11
-1.4204546e-11
-1.2585228e-11
-1.5170455e-11
-1.3835227e-11
-1.4431818e-11
-1.4829546e-11
-1.4232954e-11
-1.2244319e-11
-1.4630682e-11
-1.40625e-11
-1.3011364e-11
-1.3920454e-11
-1.4119318e-11
-1.3551136e-11
-1.6164773e-11
-1.3210227e-11
-1.4005682e-11
-1.5454546e-11
-1.2613636e-11
-1.3181818e-11
-1.5625e-11
-1.2897727e-11
-1.5340911e-11
-1.5369319e-11
-1.2585228e-11
-1.3948864e-11
-1.5142046e-11
-1.5482955e-11
-1.3465909e-11
-1.4375e-11
-1.4090909e-11
-1.440341e-11
-1.5028409e-11
-1.3693182e-11
-1.4090909e-11
-1.315341e-11
-1.4375e-11
-1.4715909e-11
-1.3267046e-11
-1.4829546e-11
-1.4943182e-11
-1.4602274e-11
-1.5625e-11
-1.4943182e-11
-1.2642045e-11
-1.2869319e-11
-1.4943184e-11
-1.3721591e-11
-1.3295454e-11
-1.2698864e-11
-1.4659092e-11
-1.2130683e-11
-1.6022727e-11
-1.4772726e-11
-1.3806818e-11
-1.4517046e-11
-1.3125e-11
-1.5056819e-11
-1.5056819e-11
-1.4630682e-11
-1.4034091e-11
-1.3750001e-11
-1.4289772e-11
-1.3579545e-11
-1.4659092e-11
-1.6335227e-11
-1.4801136e-11
-1.7045455e-11
-1.4971592e-11
-1.8465909e-11
-1.4602273e-11
-1.5596592e-11
-1.4687499e-11
-1.5823863e-11
-1.5085226e-11
-1.4943182e-11
-1.5e-11
-1.6789773e-11
-1.5113636e-11
-1.5142046e-11
-1.4545456e-11
-1.4005682e-11
-1.4034091e-11
-1.4232954e-11
-1.4914773e-11
-1.5e-11
-1.5227273e-11
-1.2982956e-11
-1.4431818e-11
-1.5397728e-11
-1.4488636e-11
-1.5255682e-11
-1.5909092e-11
-1.3835227e-11
-1.5369319e-11
-1.5511363e-11
-1.5369319e-11
-1.5738636e-11
-1.4403409e-11
-1.3238636e-11
-1.5568182e-11
-1.6051136e-11
-1.3409091e-11
-1.4403409e-11
-1.5170455e-11
-1.6619319e-11
-1.4971592e-11
-1.5113636e-11
-1.2585227e-11
-1.4772726e-11
-1.4602273e-11
-1.4005682e-11
-1.5113636e-11
-1.3494318e-11
-1.2755682e-11
-1.3806818e-11
-1.4375e-11
-1.4375e-11
-1.2102272e-11
-1.5681819e-11
-1.3125e-11
-1.3380682e-11
-1.4545454e-11
-1.5113636e-11
-1.5028409e-11
-1.3380682e-11
-1.4289774e-11
-1.5482955e-11
-1.2840909e-11
-1.15625e-11
-1.3352272e-11
-1.3664772e-11
-1.3835228e-11
-1.2556818e-11
-1.2784091e-11
-1.4119318e-11
-1.3181818e-11
-1.2130682e-11
-1.3721591e-11
-1.2386364e-11
-1.3977274e-11
-1.4147727e-11
-1.5056819e-11
-1.7556819e-11
-1.53125e-11
-1.5710227e-11
-1.4460227e-11
-1.2698864e-11
-1.4005683e-11
-1.4460227e-11
-1.6960227e-11
-1.4232956e-11
-1.4289772e-11
-1.3778409e-11
-1.4971592e-11
-1.5909092e-11
-1.3835227e-11
-1.4261364e-11
-1.6221592e-11
-1.4090909e-11
-1.4431818e-11
-1.6363636e-11
-1.4460228e-11
-1.2528409e-11
-1.5056819e-11
-1.5823863e-11
-1.4147728e-11
-1.3295456e-11
-1.4630682e-11
-1.4715909e-11
-1.53125e-11
-1.4857955e-11
-1.6278409e-11
-1.4460228e-11
-1.5823863e-11
-1.4602273e-11
-1.5056819e-11
-1.5085228e-11
-1.3153409e-11
-1.7244319e-11
-1.5710227e-11
-1.5482955e-11
-1.7869319e-11
-1.4801136e-11
-1.6420455e-11
-1.4914773e-11
-1.5255682e-11
-1.5255682e-11
-1.4630682e-11
-1.3295454e-11
-1.5511363e-11
-1.4886363e-11
-1.4403409e-11
-1.3664772e-11
-1.4715911e-11
-1.4119318e-11
-1.3125001e-11
-1.4517046e-11
-1.4914773e-11
-1.4176136e-11
-1.3494318e-11
-1.375e-11
-1.4318182e-11
-1.4517046e-11
-1.7585227e-11
-1.4232954e-11
-1.4772726e-11
-1.53125e-11
-1.3892046e-11
-1.3607956e-11
-1.5454547e-11
-1.3352272e-11
-1.4318182e-11
-1.5397726e-11
-1.3380682e-11
-1.5710227e-11
-1.2670454e-11
-1.5142046e-11
-1.3948864e-11
-1.6164773e-11
-1.4403409e-11
-1.3664772e-11
-1.3892046e-11
-1.3778409e-11
-1.1676136e-11
-1.4232954e-11
-1.3579545e-11
-1.2642046e-11
-1.3125e-11
-1.5227273e-11
-1.4375e-11
-1.2670456e-11
-1.2784091e-11
-1.1477272e-11
-1.1164772e-11
-1.4857955e-11
-1.2073864e-11
-1.3948864e-11
-1.2755682e-11
-1.1619319e-11
-1.4261364e-11
-1.4318182e-11
-1.5028409e-11
-1.4687499e-11
-1.4176138e-11
-1.4034091e-11
-1.2698864e-11
-1.4829546e-11
-1.4659092e-11
-1.5142046e-11
-1.5198863e-11
-1.3352272e-11
-1.4346591e-11
-1.4943182e-11
-1.6619319e-11
-1.5852273e-11
-1.5823863e-11
-1.4914773e-11
-1.5028409e-11
-1.3863636e-11
-1.5198863e-11
-1.3125e-11
-1.5681819e-11
-1.2613636e-11
-1.4687499e-11
-1.4971592e-11
-1.4659092e-11
-1.6221592e-11
-1.2926136e-11
-1.34375e-11
-1.4005682e-11
-1.625e-11
-1.6647727e-11
-1.5909092e-11
-1.4943182e-11
-1.4403409e-11
-1.4914773e-11
-1.4204546e-11
-1.4545454e-11
-1.6619319e-11
-1.4204546e-11
-1.5255682e-11
-1.3494318e-11
-1.2926138e-11
-1.5142047e-11
-1.4346591e-11
-1.5482955e-11
-1.4573863e-11
-1.3636365e-11
-1.3011364e-11
-1.3494318e-11
-1.3494319e-11
-1.5852273e-11
-1.5880682e-11
-1.4829546e-11
-1.3920454e-11
-1.3551136e-11
-1.4573863e-11
-1.3835228e-11
-1.3238636e-11
-1.3863636e-11
-1.1931818e-11
-1.4176138e-11
-1.4261364e-11
-1.5284092e-11
-1.40625e-11
-1.5653409e-11
-1.3011364e-11
-1.4403409e-11
-1.4034091e-11
-1.3409091e-11
-1.4232954e-11
-1.3465909e-11
-1.4715909e-11
-1.4318182e-11
-1.3664772e-11
-1.1534091e-11
-1.4602274e-11
-1.3465909e-11
-1.3380682e-11
-1.3607956e-11
-1.15625e-11
-1.2926138e-11
-1.5255682e-11
-1.4204546e-11
-1.3011364e-11
-1.4630682e-11
-1.3551138e-11
-1.3096591e-11
-1.377841e-11
-1.3835227e-11
-1.4517046e-11
-1.2017045e-11
-1.3835227e-11
-1.2329545e-11
-1.125e-11
-1.1903409e-11
-1.1704545e-11
-1.2954545e-11
-1.1931818e-11
-1.3863636e-11
-1.3522728e-11
-1.2954545e-11
-1.1789772e-11
-1.2698864e-11
-1.2954546e-11
-1.1392045e-11
-1.3863636e-11
-1.0454546e-11
-1.2073864e-11
-1.1278409e-11
-1.2840909e-11
-1.4005682e-11
-1.4318182e-11
-1.3863638e-11
-1.5625e-11
-1.4744319e-11
-1.4545454e-11
-1.4403409e-11
-1.7045455e-11
-1.7556819e-11
-1.5e-11
-1.3977272e-11
-1.5255682e-11
-1.4886363e-11
-1.4517046e-11
-1.4687499e-11
-1.4829546e-11
-1.4034091e-11
-1.4517046e-11
-1.4857955e-11
-1.4460227e-11
-1.4801136e-11
-1.2869318e-11
-1.5710228e-11
-1.4431818e-11
-1.2784091e-11
-1.3664774e-11
-1.3352272e-11
-1.4659092e-11
-1.5823865e-11
-1.4147728e-11
-1.40625e-11
-1.2869318e-11
-1.4971592e-11
-1.4090909e-11
-1.4375e-11
-1.5e-11
-1.4034092e-11
-1.5170455e-11
-1.4431818e-11
-1.4034091e-11
-1.5142046e-11
-1.4971592e-11
-1.3835227e-11
-1.40625e-11
-1.4346591e-11
-1.3664772e-11
-1.3835227e-11
-1.3636364e-11
-1.3664774e-11
-1.2727272e-11
-1.4147727e-11
-1.3011365e-11
-1.2244319e-11
-1.3238638e-11
-1.3806818e-11
-1.3806819e-11
-1.2045454e-11
-1.4318182e-11
-1.34375e-11
-1.3494318e-11
-1.2755683e-11
-1.4431818e-11
-1.2471591e-11
-1.2528409e-11
-1.2357954e-11
-1.4659092e-11
-1.4034091e-11
-1.1818182e-11
-1.2840909e-11
-1.4034091e-11
-1.0965909e-11
-1.3693182e-11
-1.2443182e-11
-1.4346591e-11
-1.3153409e-11
-1.4659092e-11
-1.3238636e-11
-1.5767046e-11
-1.2670454e-11
-1.3153409e-11
-1.4914773e-11
-1.3607956e-11
-1.4261364e-11
-1.2443182e-11
-1.3437501e-11
-1.2414774e-11
-1.2869318e-11
-1.7130684e-11
-1.3920454e-11
-1.3096591e-11
-1.2386364e-11
-1.1761364e-11
-1.2840909e-11
-1.2954545e-11
-1.3806818e-11
-1.5028409e-11
-1.5198863e-11
-1.3721591e-11
-1.4147727e-11
-1.3494318e-11
-1.4914773e-11
-1.3607956e-11
-1.5426136e-11
-1.4176138e-11
-1.4431818e-11
-1.40625e-11
-1.4176138e-11
-1.3465909e-11
-1.4687499e-11
-1.4801136e-11
-1.5284092e-11
-1.3096591e-11
-1.4119318e-11
-1.5852274e-11
-1.4715911e-11
-1.5142047e-11
-1.6193182e-11
-1.4232954e-11
-1.8039773e-11
-1.5511363e-11
-1.3806818e-11
-1.4914773e-11
-1.28125e-11
-1.6392046e-11
-1.5284092e-11
-1.3579545e-11
-1.5880682e-11
-1.3494318e-11
-1.4318182e-11
-1.4943182e-11
-1.5539774e-11
-1.3920454e-11
-1.6278409e-11
-1.6477274e-11
-1.3835228e-11
-1.3806819e-11
-1.6051138e-11
-1.4517046e-11
-1.4062501e-11
-1.2784092e-11
-1.377841e-11
-1.4289772e-11
-1.4119318e-11
-1.375e-11
-1.2159091e-11
-1.252841e-11
-1.2130682e-11
-1.3039774e-11
-1.3579545e-11
-1.3948864e-11
-1.4005682e-11
-1.2755683e-11
-1.2159091e-11
-1.4176136e-11
-1.4375e-11
-1.3295456e-11
-1.5028411e-11
-1.4147727e-11
-1.2500001e-11
-1.4119318e-11
-1.2954545e-11
-1.1789774e-11
-1.2386365e-11
-1.3039774e-11
-1.2556818e-11
-1.4119318e-11
-1.3607954e-11
-1.3465909e-11
-1.3465909e-11
-1.2471591e-11
-1.2130683e-11
-1.15625e-11
-1.0994317e-11
-1.3323865e-11
-1.25e-11
-1.3352272e-11
-1.3721591e-11
-1.2755682e-11
-1.2755683e-11
-1.0909092e-11
-1.1846591e-11
-1.4573863e-11
-1.2443182e-11
-1.3267046e-11
-1.3380682e-11
-1.0454546e-11
-1.2357954e-11
-1.2585227e-11
-1.6079546e-11
-1.4403409e-11
-1.3323865e-11
-1.3267046e-11
-1.4062501e-11
-1.3607954e-11
-1.2982956e-11
-1.5909092e-11
-1.3664772e-11
-1.3778409e-11
-1.4403409e-11
-1.5255682e-11
-1.3352272e-11
-1.2102272e-11
-1.190341e-11
-1.2585227e-11
-1.2642045e-11
-1.4090909e-11
-1.1306819e-11
-1.3863636e-11
-1.4602273e-11
-1.1250001e-11
-1.2244318e-11
-1.3579545e-11
-1.4886363e-11
-1.3664772e-11
-1.2386364e-11
-1.4545454e-11
-1.2840909e-11
-1.3750001e-11
-1.3409091e-11
-1.3693182e-11
-1.2982954e-11
-1.4375e-11
-1.4147727e-11
-1.6988638e-11
-1.5454547e-11
-1.2556819e-11
-1.5255682e-11
-1.3721591e-11
-1.4744319e-11
-1.5568182e-11
-1.4914773e-11
-1.4005682e-11
-1.3125e-11
-1.34375e-11
-1.3863638e-11
-1.5710227e-11
-1.5539773e-11
-1.3267045e-11
-1.4204546e-11
-1.4034091e-11
-1.2727272e-11
-1.4829546e-11
-1.4119318e-11
-1.3721592e-11
-1.3551136e-11
-1.25e-11
-1.3039772e-11
-1.3835227e-11
-1.2244318e-11
-1.3267045e-11
-1.5994319e-11
-1.3096591e-11
-1.5e-11
-1.2130683e-11
-1.1477274e-11
-1.2585227e-11
-1.3721591e-11
-1.2471591e-11
-1.2017045e-11
-1.3039772e-11
-1.4772726e-11
-1.3579545e-11
-1.4715909e-11
-1.3693182e-11
-1.3409091e-11
-1.40625e-11
-1.4488636e-11
-1.3153409e-11
-1.3977274e-11
-1.3039772e-11
-1.1619319e-11
-1.3125e-11
-1.3039774e-11
-1.5170455e-11
-1.1960228e-11
-1.4232954e-11
-1.159091e-11
-1.3352274e-11
-1.3579545e-11
-1.3750001e-11
-1.2840909e-11
-1.21875e-11
-1.1619319e-11
-1.315341e-11
-1.3437501e-11
-1.1051136e-11
-1.3096591e-11
-1.3011365e-11
-1.4772728e-11
-1.4460228e-11
-1.3721592e-11
-1.2642046e-11
-1.3693183e-11
-1.2812501e-11
-1.3465909e-11
-1.3352274e-11
-1.3920456e-11
-1.4176136e-11
-1.1761364e-11
-1.3636364e-11
-1.3323864e-11
-1.4147727e-11
-1.3579545e-11
-1.4573865e-11
-1.4460227e-11
-1.1903409e-11
-1.2471591e-11
-1.4971592e-11
-1.3465909e-11
-1.4829547e-11
-1.4431818e-11
-1.5880682e-11
-1.4602273e-11
-1.3693183e-11
-1.4204546e-11
-1.6335227e-11
-1.5454546e-11
-1.5056819e-11
-1.4204546e-11
-1.3693183e-11
-1.4119318e-11
-1.3380682e-11
-1.2954545e-11
-1.3579546e-11
-1.3607954e-11
-1.2073864e-11
-1.2926138e-11
-1.3494318e-11
-1.3494318e-11
-1.3181818e-11
-1.2073864e-11
-1.3835227e-11
-1.4034091e-11
-1.3579545e-11
-1.2386365e-11
-1.2784091e-11
-1.59375e-11
-1.5340909e-11
-1.3295456e-11
-1.2159091e-11
-1.3125e-11
-1.3551136e-11
-1.3238636e-11
-1.2528409e-11
-1.4176136e-11
-1.2329545e-11
-1.3210228e-11
-1.3125001e-11
-1.2130683e-11
-1.2159091e-11
-1.3409091e-11
-1.3267045e-11
-1.3409092e-11
-1.09375e-11
-1.3863636e-11
-1.2812501e-11
-1.3607956e-11
-1.2784092e-11
-1.1164774e-11
-1.2585227e-11
-1.3835227e-11
-1.4517046e-11
-1.0937501e-11
-1.2869318e-11
-1.3295454e-11
-1.2755682e-11
-1.28125e-11
-1.3267046e-11
-1.4090909e-11
-1.15625e-11
-1.2812501e-11
-1.2556819e-11
-1.1448864e-11
-1.2073864e-11
-1.3068182e-11
-1.3096591e-11
-1.3892046e-11
-1.3238636e-11
-1.0227274e-11
-1.2642046e-11
-1.3721591e-11
-1.1420456e-11
-1.159091e-11
-1.2528409e-11
-1.0795454e-11
-1.1448864e-11
-1.3409091e-11
-1.2528409e-11
-1.1164772e-11
-1.0426137e-11
-1.1363636e-11
-1.3153409e-11
-1.1335227e-11
-1.2130682e-11
-1.2982954e-11
-1.1477274e-11
-1.4318182e-11
-1.1505683e-11
-1.15625e-11
-1.2613636e-11
-1.1732954e-11
-1.1988636e-11
-1.2869318e-11
-1.4914774e-11
-1.3380683e-11
-1.3267046e-11
-1.2926136e-11
-1.1335227e-11
-1.3039772e-11
-1.2982954e-11
-1.34375e-11
-1.1875e-11
-1.2244318e-11
-1.2755682e-11
-1.3323864e-11
-1.2443183e-11
-1.3977272e-11
-1.2982954e-11
-1.3011364e-11
-1.252841e-11
-1.2926136e-11
-1.2357956e-11
-1.2613636e-11
-1.2840909e-11
-1.4573863e-11
-1.4517046e-11
-1.2102274e-11
-1.2840909e-11
-1.3579545e-11
-1.2386365e-11
-1.2670454e-11
-1.1761364e-11
-1.3636364e-11
-1.4119319e-11
-1.2954546e-11
-1.3664772e-11
-1.2698864e-11
-1.3352272e-11
-1.3238636e-11
-1.2755682e-11
-1.5227273e-11
-1.2585227e-11
-1.4687499e-11
-1.3295454e-11
-1.2755683e-11
-1.2926136e-11
-1.1931818e-11
-1.2528409e-11
-1.1846592e-11
-1.3863638e-11
-1.3295454e-11
-1.3522727e-11
-1.3238638e-11
-1.3267045e-11
-1.4232954e-11
-1.34375e-11
-1.1875001e-11
-1.2982956e-11
-1.159091e-11
-1.4573865e-11
-1.1818182e-11
-1.3011364e-11
-1.2954546e-11
-1.2414772e-11
-1.2386365e-11
-1.3096591e-11
-1.3039774e-11
-1.2244318e-11
-1.1818182e-11
-1.1477274e-11
-1.3181818e-11
-1.2556818e-11
-1.3153409e-11
-1.2670456e-11
-1.4119318e-11
-1.4630682e-11
-1.3835228e-11
-1.2670454e-11
-1.3323864e-11
-1.4659092e-11
-1.3352272e-11
-1.3778409e-11
-1.2585227e-11
-1.2982956e-11
-1.090909e-11
-1.4176136e-11
-1.3465909e-11
-1.2414772e-11
-1.4573863e-11
-1.3664772e-11
-1.4318182e-11
-1.3125e-11
-1.4318182e-11
-1.5142046e-11
-1.3664772e-11
-1.4232954e-11
-1.4176136e-11
-1.5454546e-11
-1.3579545e-11
-1.5397726e-11
-1.1193182e-11
-1.3125e-11
-1.3068182e-11
-1.3579545e-11
-1.3806818e-11
-1.3863636e-11
-1.2755682e-11
-1.3806818e-11
-1.4403409e-11
-1.2386364e-11
-1.2670454e-11
-1.346591e-11
-1.3551136e-11
-1.4346591e-11
-1.4119318e-11
-1.34375e-11
-1.1988636e-11
-1.4602274e-11
-1.440341e-11
-1.2301136e-11
-1.4488638e-11
-1.3323865e-11
-1.3778409e-11
-1.2897727e-11
-1.4715909e-11
-1.28125e-11
-1.3835227e-11
-1.3267045e-11
-1.4176136e-11
-1.1875001e-11
-1.4431818e-11
-1.3210228e-11
-1.2642045e-11
-1.4488636e-11
-1.1420454e-11
-1.3579545e-11
-1.4630684e-11
-1.2130682e-11
-1.2528409e-11
-1.3664772e-11
-1.3522727e-11
-1.2215909e-11
-1.3977274e-11
-1.4147727e-11
-1.3039772e-11
-1.4744319e-11
-1.0539773e-11
-1.4971592e-11
-1.2386364e-11
-1.5284092e-11
-1.3494319e-11
-1.1931818e-11
-9.7443182e-12
-1.1789774e-11
-1.3352272e-11
-1.3579545e-11
-1.28125e-11
-1.2272728e-11
-1.3551138e-11
-1.09375e-11
-1.15625e-11
-1.3011364e-11
-1.2329545e-11
-1.1193183e-11
-1.3494318e-11
-1.1931818e-11
-1.3096591e-11
-1.1704546e-11
-1.3352272e-11
-9.7727278e-12
-1.1420456e-11
-9.6875008e-12
-1.0880682e-11
-1.3352272e-11
-1.0681819e-11
-1.1960227e-11
-1.2414772e-11
-1.1988638e-11
-1.2642045e-11
-1.0539774e-11
-9.4886364e-12
-1.096591e-11
-1.2045454e-11
-1.1960227e-11
-1.1846591e-11
-1.1761364e-11
-1.1732954e-11
-1.1051137e-11
-1.2954545e-11
-1.0710227e-11
-1.2982954e-11
-1.1306817e-11
-1.0880682e-11
-1.2471592e-11
-1.1306817e-11
-1.3607954e-11
-1.0994317e-11
-1.0681819e-11
-1.2215909e-11
-1.3210227e-11
-1.2784092e-11
-1.1960227e-11
-1.1761364e-11
-1.2528409e-11
-1.2613636e-11
-1.2755683e-11
-1.3295456e-11
-1.3181818e-11
-1.409091e-11
-9.0624999e-12
-1.3380682e-11
-1.2017045e-11
-1.3153409e-11
-1.6335228e-11
-1.3494319e-11
-1.3579545e-11
-1.284091e-11
-1.2670456e-11
-1.1647727e-11
-1.284091e-11
-1.3494318e-11
-1.3977272e-11
-1.3806818e-11
-1.3494318e-11
-1.2585227e-11
-1.3181818e-11
-1.0823864e-11
-1.1676136e-11
-1.3892046e-11
-1.3352272e-11
-1.4346591e-11
-1.3210227e-11
-1.3579545e-11
-1.2073864e-11
-1.2130683e-11
-1.3806818e-11
-1.0795454e-11
-1.2329546e-11
-1.2954545e-11
-1.2727272e-11
-1.2215909e-11
-1.2215909e-11
-1.2812501e-11
-1.122159e-11
-1.3096591e-11
-1.3238636e-11
-1.3039772e-11
-1.2869318e-11
-1.2755682e-11
-1.2386364e-11
-1.3011365e-11
-1.1818182e-11
-1.4261365e-11
-1.3153409e-11
-1.0426137e-11
-1.3465909e-11
-1.3721591e-11
-1.1107956e-11
-1.2784092e-11
-1.0710228e-11
-1.2954545e-11
-1.0767046e-11
-1.3039772e-11
-1.3210227e-11
-8.8352277e-12
-1.125e-11
-1.2301138e-11
-1.2528409e-11
-1.1221592e-11
-1.2613636e-11
-1.0795454e-11
-1.1136364e-11
-1.1875001e-11
-1.2357956e-11
-1.1193182e-11
-1.2670456e-11
-1.1392045e-11
-1.2386364e-11
-1.0823864e-11
-1.2159091e-11
-1.2897727e-11
-1.1505682e-11
-1.2755682e-11
-1.3664772e-11
-1.0767045e-11
-1.2017045e-11
-1.2982954e-11
-1.2102272e-11
-1.0198863e-11
-1.0653409e-11
-1.2357954e-11
-1.1988636e-11
-1.2329545e-11
-1.2585228e-11
-1.2585228e-11
-1.221591e-11
-1.1988638e-11
-1.2585228e-11
-1.2982954e-11
-1.3039772e-11
-1.2556819e-11
-1.2102272e-11
-1.2130682e-11
-1.4119318e-11
-1.1789772e-11
-9.9715921e-12
-1.3323865e-11
-1.0625001e-11
-1.4034091e-11
-1.1477272e-11
-1.1164772e-11
-1.2357956e-11
-1.2357954e-11
-1.1789772e-11
-1.2244318e-11
-1.40625e-11
-1.2073864e-11
-1.1676136e-11
-1.4659092e-11
-1.25e-11
-1.2017045e-11
-1.3295454e-11
-1.2386364e-11
-1.21875e-11
-1.2102272e-11
-1.3096591e-11
-1.2982954e-11
-1.2073864e-11
-1.1931818e-11
-9.6590912e-12
-1.2443183e-11
-1.3721591e-11
-1.3892046e-11
-1.2130683e-11
-1.3210227e-11
-1.25e-11
-1.2045454e-11
-1.2869318e-11
-1.21875e-11
-1.4119319e-11
-1.3551136e-11
-1.284091e-11
-1.1363636e-11
-1.3068182e-11
-1.21875e-11
-1.2755682e-11
-1.1590909e-11
-1.2727272e-11
-1.2272727e-11
-1.1534092e-11
-1.2244318e-11
-1.3295454e-11
-1.2045454e-11
-1.2585227e-11
-1.1732954e-11
-1.1420454e-11
-1.1107956e-11
-1.2386364e-11
-1.2471592e-11
-1.0227273e-11
-1.4545456e-11
-1.0965909e-11
-1.1164772e-11
-1.2670456e-11
-1.2727274e-11
-1.1846591e-11
-1.1420454e-11
-1.0539773e-11
-1.1022727e-11
-1.0795454e-11
-1.125e-11
-1.3125e-11
-1.25e-11
-1.2443182e-11
-1.2215909e-11
-1.3664772e-11
-1.4005682e-11
-1.1931818e-11
-1.122159e-11
-9.8579547e-12
-1.3267045e-11
-1.1022727e-11
-9.3750008e-12
-9.6022738e-12
-1.1846591e-11
-1.2159091e-11
-1.2443182e-11
-1.1051136e-11
-1.1931818e-11
-1.1931818e-11
-1.1704545e-11
-1.34375e-11
-1.090909e-11
-1.0880683e-11
-1.2670454e-11
-1.0823864e-11
-1.1392045e-11
-9.6022738e-12
-1.1732956e-11
-1.2215909e-11
-1.3721591e-11
-1.2471591e-11
-1.0653409e-11
-1.2272727e-11
-1.2017045e-11
-1.2784091e-11
-1.1590909e-11
-1.2329546e-11
-1.1903409e-11
-1.125e-11
-1.2045454e-11
-1.2784091e-11
-1.2301136e-11
-1.0426137e-11
-1.21875e-11
-1.2926136e-11
-9.9431826e-12
-1.122159e-11
-1.4375e-11
-1.2017046e-11
-1.21875e-11
-1.1704546e-11
-1.2073864e-11
-1.1988638e-11
-1.2670454e-11
-1.03125e-11
-1.25e-11
-1.1818182e-11
-1.3579545e-11
-1.1960227e-11
-1.1988636e-11
-1.1448864e-11
-1.1988638e-11
-9.8011373e-12
-1.1392046e-11
-1.0284091e-11
-1.0085228e-11
-1.3636364e-11
-1.1647728e-11
-1.1079545e-11
-1.0823864e-11
-1.1903409e-11
-1.1250001e-11
-1.125e-11
-1.0255682e-11
-1.2187501e-11
-1.2045454e-11
-1.0369318e-11
-1.1761364e-11
-1.3153409e-11
-1.1590909e-11
-1.1846591e-11
-1.0056818e-11
-1.1619317e-11
-1.1392045e-11
-1.0653409e-11
-1.1789772e-11
-1.2357954e-11
-1.1676136e-11
-1.3551138e-11
-1.1392045e-11
-1.1704545e-11
-1.1534092e-11
-1.1903409e-11
-1.2784091e-11
-1.0767046e-11
-1.1306819e-11
-1.1988636e-11
-1.2585228e-11
-1.1846591e-11
-9.6306825e-12
-1.2301136e-11
-1.3181818e-11
-1.1818182e-11
-1.0994317e-11
-1.1704545e-11
-1.1818182e-11
-1.0511363e-11
-1.1164772e-11
-1.1107954e-11
-9.8011373e-12
-9.5454547e-12
-1.2897727e-11
-1.1676137e-11
-1.0426137e-11
-1.2556818e-11
-1.21875e-11
-1.2386364e-11
-1.2897728e-11
-1.2784091e-11
-1.1732956e-11
-1.2215909e-11
-1.122159e-11
-1.2642045e-11
-1.1164772e-11
-1.3721591e-11
-1.0397728e-11
-1.1676136e-11
-1.2414772e-11
-1.3238636e-11
-1.065341e-11
-1.2585228e-11
-1.4176136e-11
-1.3125e-11
-1.2215909e-11
-1.2329545e-11
-1.377841e-11
-1.1676136e-11
-1.2244318e-11
-1.2130682e-11
-1.2272727e-11
-1.1960228e-11
-1.0710228e-11
-1.2528409e-11
-1.1647727e-11
-1.1988636e-11
-1.21875e-11
-1.28125e-11
-1.3835227e-11
-1.1079546e-11
-1.4460227e-11
-1.3892046e-11
-1.2954545e-11
-1.1221592e-11
-1.4119318e-11
-1.4659092e-11
-1.2897727e-11
-1.1363637e-11
-1.2386364e-11
-1.1676136e-11
-1.2897727e-11
-1.3778409e-11
-1.3267046e-11
-1.4005682e-11
-1.1619317e-11
-1.1477272e-11
-1.3181818e-11
-1.1477272e-11
-1.4147727e-11
-1.1306819e-11
-1.15625e-11
-1.1789772e-11
-1.1335228e-11
-1.0596592e-11
-1.2045456e-11
-1.1534091e-11
-1.1931819e-11
-1.0965909e-11
-1.1136364e-11
-1.0909092e-11
-1.2215909e-11
-1.1988636e-11
-1.1590909e-11
-1.0426137e-11
-1.0312501e-11
-1.0994317e-11
-1.2642045e-11
-9.7159095e-12
-1.09375e-11
-1.1420454e-11
-9.2613634e-12
-1.0823864e-11
-1.2301136e-11
-1.2357954e-11
-1.0284091e-11
-1.1221592e-11
-1.1960227e-11
-1.1789772e-11
-1.1051137e-11
-1.090909e-11
-1.2642045e-11
-1.0284092e-11
-1.1505682e-11
-1.1875001e-11
-9.3465921e-12
-1.0227274e-11
-1.059659e-11
-1.2073864e-11
-1.3210228e-11
-9.8579547e-12
-9.4886364e-12
-1.0085228e-11
-1.0653409e-11
-1.1221592e-11
-1.0170456e-11
-1.0568182e-11
-1.2357956e-11
-1.2471592e-11
-1.2102272e-11
-1.1363636e-11
-1.2784091e-11
-1.1079545e-11
-1.2926136e-11
-1.2755683e-11
-1.3551136e-11
-1.0795454e-11
-1.2556818e-11
-1.4545454e-11
-1.2471591e-11
-1.0426137e-11
-1.4261365e-11
-1.2954545e-11
-1.4119318e-11
-1.0994317e-11
-1.1704546e-11
-1.0625001e-11
-1.2471591e-11
-1.4687499e-11
-1.2102272e-11
-1.2215909e-11
-1.2073864e-11
-1.2357954e-11
-1.0170455e-11
-1.1732956e-11
-1.096591e-11
-1.2386365e-11
-1.0710227e-11
-1.2244318e-11
-1.1306817e-11
-1.3323864e-11
-1.1732954e-11
-1.1704545e-11
-9.914773e-12
-1.2869319e-11
-1.2102272e-11
-1.1306819e-11
-1.1818182e-11
-1.1505682e-11
-9.6590912e-12
-1.3494318e-11
-1.1306817e-11
-1.1676137e-11
-1.1363637e-11
-1.1818182e-11
-1.1051137e-11
-1.2528409e-11
-1.2528409e-11
-1.1789772e-11
-1.0738636e-11
-1.0852272e-11
-1.2244318e-11
-1.034091e-11
-1.1534092e-11
-1.3551136e-11
-1.3011364e-11
-1.1505683e-11
-1.1562501e-11
-1.1789772e-11
-1.0880683e-11
-1.4545454e-11
-1.2727274e-11
-1.0454546e-11
-1.2102272e-11
-1.2585227e-11
-1.0653409e-11
-1.1789774e-11
-1.2045456e-11
-9.6022738e-12
-1.2727272e-11
-1.1875001e-11
-1.0198864e-11
-1.25e-11
-1.059659e-11
-1.0823864e-11
-1.0880682e-11
-1.0426137e-11
-1.1136364e-11
-1.1761364e-11
-1.0767045e-11
-1.2102274e-11
-1.2755682e-11
-1.2670454e-11
-1.2613636e-11
-1.2556818e-11
-7.7556815e-12
-9.0340921e-12
-1.1619317e-11
-7.0738641e-12
-9.5454547e-12
-1.1931818e-11
-1.1931818e-11
-1.065341e-11
-1.2528409e-11
-1.0795454e-11
-1.221591e-11
-9.8579547e-12
-1.2755683e-11
-1.1420454e-11
-1.1221592e-11
-1.1846591e-11
-1.2585228e-11
-1.1335227e-11
-1.1789774e-11
-1.0511363e-11
-1.2414772e-11
-1.2301136e-11
-1.2897727e-11
-1.0369318e-11
-1.1732954e-11
-1.190341e-11
-1.1704545e-11
-1.1022728e-11
-1.0710227e-11
-1.1676136e-11
-1.2159091e-11
-1.1818182e-11
-1.2130682e-11
-9.829546e-12
-1.1676136e-11
-1.1846591e-11
-1.1051136e-11
-1.3494318e-11
-1.1761364e-11
-1.2869318e-11
-1.1704545e-11
-1.1647727e-11
-1.4715909e-11
-1.3352272e-11
-1.3806819e-11
-1.34375e-11
-1.1818182e-11
-1.3352272e-11
-1.1676136e-11
-1.2244318e-11
-1.2215909e-11
-1.1761364e-11
-1.3039772e-11
-1.2812501e-11
-1.3664772e-11
-1.2982956e-11
-1.2784091e-11
-1.3039772e-11
-1.3409091e-11
-1.2357954e-11
-1.1448864e-11
-1.2244318e-11
-1.0909092e-11
-1.1789772e-11
-1.1051136e-11
-1.1789772e-11
-1.3522727e-11
-1.1136364e-11
-1.2613636e-11
-1.1676136e-11
-1.2357954e-11
-1.1306819e-11
-1.15625e-11
-1.125e-11
-9.914773e-12
-1.2301138e-11
-1.09375e-11
-1.1789774e-11
-1.0710227e-11
-1.1875e-11
-1.1420454e-11
-1.1022727e-11
-1.034091e-11
-1.1534091e-11
-1.0738636e-11
-1.2329545e-11
-1.2187501e-11
-9.5738643e-12
-1.1363637e-11
-1.1051136e-11
-9.0909094e-12
-1.0426137e-11
-8.4943181e-12
-1.0198863e-11
-1.1136364e-11
-8.2954555e-12
-1.2130683e-11
-1.0767045e-11
-1.002841e-11
-9.7159095e-12
-1.0681817e-11
-1.0738636e-11
-9.7443182e-12
-9.4886364e-12
-9.3181825e-12
-1.0625001e-11
-9.8579547e-12
-8.3238633e-12
-1.0852274e-11
-1.1363636e-11
-9.602273e-12
-9.0909094e-12
-1.1732956e-11
-9.2329547e-12
-1.1363637e-11
-9.8579547e-12
-1.0113636e-11
-1.3693182e-11
-1.1164774e-11
-1.1079545e-11
-1.190341e-11
-1.25e-11
-8.3806824e-12
-1.2159091e-11
-1.1647727e-11
-9.1761364e-12
-1.1505683e-11
-1.2443182e-11
-1.2556818e-11
-1.065341e-11
-1.125e-11
-1.3380682e-11
-1.03125e-11
-1.1164772e-11
-1.221591e-11
-9.9715913e-12
-1.2670454e-11
-9.7727278e-12
-1.21875e-11
-1.125e-11
-1.21875e-11
-1.1136364e-11
-1.1278409e-11
-1.3551136e-11
-1.440341e-11
-1.1704545e-11
-1.2982954e-11
-1.125e-11
-1.2471591e-11
-1.2556818e-11
-1.1306817e-11
-1.1931818e-11
-1.2840909e-11
-1.1335227e-11
-1.2102272e-11
-1.3039772e-11
-1.065341e-11
-1.1022727e-11
-1.1732954e-11
-1.0568182e-11
-1.2556818e-11
-1.2954545e-11
-1.1704545e-11
-1.2500001e-11
-1.4857955e-11
-1.3238636e-11
-1.2357954e-11
-1.0767046e-11
-1.3096592e-11
-1.1818182e-11
-1.090909e-11
-1.2585227e-11
-1.1534092e-11
-1.2954545e-11
-1.1534091e-11
-1.1420456e-11
-1.0539772e-11
-1.2414772e-11
-1.0426137e-11
-1.159091e-11
-1.0852274e-11
-1.2329545e-11
-1.0113637e-11
-1.1051137e-11
-1.2130682e-11
-9.8579547e-12
-1.2812501e-11
-1.1988636e-11
-1.2386364e-11
-1.0426137e-11
-1.1051136e-11
-1.2073864e-11
-1.3011364e-11
-1.0568182e-11
-1.0653409e-11
-1.059659e-11
-1.0568182e-11
-1.0539773e-11
-1.1335227e-11
-1.034091e-11
-1.002841e-11
-7.9829554e-12
-1.4119318e-11
-1.1477272e-11
-1.0767045e-11
-9.9715913e-12
-9.829546e-12
-9.9147739e-12
-1.0198863e-11
-1.0880682e-11
-1.09375e-11
-1.0227273e-11
-9.7727278e-12
-1.1903409e-11
-1.2698864e-11
-1.2130683e-11
-8.6079555e-12
-1.25e-11
-1.0710227e-11
-1.1136364e-11
-1.0596592e-11
-1.1136364e-11
-1.284091e-11
-1.3636365e-11
-1.2215909e-11
-1.1363636e-11
-1.2102272e-11
-1.1278409e-11
-1.1562501e-11
-1.3210228e-11
-1.1988636e-11
-1.0426137e-11
-1.1505682e-11
-1.3096592e-11
-1.0085228e-11
-1.3210227e-11
-1.0823864e-11
-9.0056816e-12
-1.3380682e-11
-1.1306817e-11
-1.3664774e-11
-1.2357954e-11
-1.2869318e-11
-1.3409091e-11
-1.3721592e-11
-1.0482956e-11
-1.2698864e-11
-1.2357956e-11
-1.2130682e-11
-1.2272727e-11
-1.2357954e-11
-1.2982954e-11
-1.2556818e-11
-1.0369318e-11
-1.3068182e-11
-1.1562501e-11
-1.2471592e-11
-1.3352272e-11
-1.0085228e-11
-1.1107954e-11
-9.7727278e-12
-1.002841e-11
-1.1960227e-11
-1.1818182e-11
-1.3238636e-11
-1.0426137e-11
-1.25e-11
-1.1278409e-11
-1.2755682e-11
-1.090909e-11
-1.3267045e-11
-1.2215909e-11
-1.1051136e-11
-1.2357956e-11
-1.2244318e-11
-1.0994317e-11
-1.1420454e-11
-1.2471592e-11
-1.1931818e-11
-1.125e-11
-1.2755683e-11
-1.2784091e-11
-1.3323864e-11
-1.3863636e-11
-1.090909e-11
-1.21875e-11
-1.1704545e-11
-1.2102272e-11
-1.1818182e-11
-1.2159091e-11
-1.3267045e-11
-1.1392045e-11
-1.2727274e-11
-1.0568182e-11
-1.1022727e-11
-1.1590909e-11
-1.2670454e-11
-9.8011365e-12
-1.0198863e-11
-1.1704545e-11
-1.0369318e-11
-1.25e-11
-9.3465921e-12
-1.0710227e-11
-1.0994317e-11
-1.1051137e-11
-1.1164772e-11
-1.4232954e-11
-1.2698864e-11
-1.1051136e-11
-1.090909e-11
-1.2443182e-11
-1.2869318e-11
-1.1846591e-11
-1.0653409e-11
-1.1022727e-11
-1.3863636e-11
-1.1875e-11
-1.1107954e-11
-1.3238636e-11
-8.2102276e-12
-1.2784091e-11
-1.002841e-11
-1.2613636e-11
-1.0426137e-11
-1.1136364e-11
-1.1363636e-11
-1.0255682e-11
-1.2102272e-11
-1.0198863e-11
-1.0255683e-11
-1.0198863e-11
-1.0681817e-11
-1.125e-11
-1.1732954e-11
-1.2130682e-11
-1.3096591e-11
-1.0482955e-11
-1.2613636e-11
-1.3323864e-11
-1.3380682e-11
-1.1960227e-11
-1.1732954e-11
-1.2755683e-11
-1.3011364e-11
-1.375e-11
-1.3806818e-11
-1.3494318e-11
-1.2130682e-11
-1.1903409e-11
-1.25e-11
-1.1306817e-11
-1.1818182e-11
-1.221591e-11
-1.1875001e-11
-1.3096591e-11
-1.1477272e-11
-1.1420454e-11
-1.1988636e-11
-1.1420454e-11
-1.1107954e-11
-1.0795456e-11
-1.065341e-11
-1.1619317e-11
-1.2755682e-11
-1.0823864e-11
-1.0625e-11
-1.0113637e-11
-1.2869318e-11
-1.0397728e-11
-9.517046e-12
-1.0596592e-11
-1.3267045e-11
-1.1079546e-11
-9.914773e-12
-1.2215909e-11
-1.0085228e-11
-1.0539774e-11
-9.2329555e-12
-9.829546e-12
-9.2613634e-12
-1.1960227e-11
-1.0198864e-11
-1.0142046e-11
-1.1335228e-11
-1.0852272e-11
-1.1022727e-11
-1.1363636e-11
-9.4602277e-12
-1.0823864e-11
-1.0823864e-11
-1.0681819e-11
-1.059659e-11
-1.1079545e-11
-1.059659e-11
-1.1960227e-11
-1.2159091e-11
-1.3039772e-11
-1.2414772e-11
-1.0994317e-11
-1.0994317e-11
-1.1193182e-11
-1.1051137e-11
-1.0511364e-11
-1.1164772e-11
-1.0823864e-11
-1.2301136e-11
-1.0397728e-11
-1.0823864e-11
-1.1676136e-11
-9.7159095e-12
-1.0113636e-11
-1.2585228e-11
-1.1875e-11
-1.1931818e-11
-1.034091e-11
-1.0852272e-11
-1.0909092e-11
-1.3465909e-11
-1.2727272e-11
-1.2528409e-11
-1.2414772e-11
-1.0539773e-11
-9.7727278e-12
-1.1477272e-11
-1.3096591e-11
-9.602273e-12
-1.1136364e-11
-1.1136364e-11
-1.0965909e-11
-1.3267046e-11
-1.0767045e-11
-1.0454546e-11
-1.1988636e-11
-1.1136364e-11
-1.2500001e-11
-1.127841e-11
-1.2045456e-11
-1.1875e-11
-1.122159e-11
-1.1250001e-11
-1.1988638e-11
-1.3210227e-11
-1.1647727e-11
-1.3465909e-11
-1.1960227e-11
-1.0426137e-11
-9.7159095e-12
-1.1363636e-11
-1.3323864e-11
-1.002841e-11
-1.2727272e-11
-1.0142046e-11
-1.4005682e-11
-1.0227273e-11
-1.2840909e-11
-1.2585227e-11
-1.1278409e-11
-1.1392045e-11
-1.2556818e-11
-1.3721592e-11
-1.1676136e-11
-1.1107954e-11
-1.1704545e-11
-1.03125e-11
-9.3465921e-12
-1.059659e-11
-1.1193183e-11
-1.127841e-11
-1.0937501e-11
-1.1619317e-11
-1.0738637e-11
-1.0852272e-11
-1.0909092e-11
-1.3039774e-11
-1.1789772e-11
-1.0482955e-11
-1.1335228e-11
-1.1448864e-11
-1.0795456e-11
-1.002841e-11
-1.2017045e-11
-9.4886373e-12
-9.4886373e-12
-1.1818182e-11
-9.119319e-12
-1.0085228e-11
-1.1079545e-11
-1.0397728e-11
-1.0198863e-11
-1.0085228e-11
-1.1136364e-11
-1.0965909e-11
-1.1931818e-11
-9.829546e-12
-1.0767045e-11
-1.03125e-11
-1.059659e-11
-1.0596592e-11
-1.1647727e-11
-1.0170455e-11
-1.0113637e-11
-9.119319e-12
-1.0454546e-11
-1.1278409e-11
-9.829546e-12
-1.0198863e-11
-1.0170456e-11
-1.125e-11
-9.204546e-12
-8.3806816e-12
-1.0880682e-11
-1.0369319e-11
-1.1732954e-11
-1.0625e-11
-1.2159092e-11
-1.0170455e-11
-1.0085228e-11
-1.0312501e-11
-1.0710227e-11
-1.0596592e-11
-1.0681817e-11
-1.1647728e-11
-1.0937501e-11
-1.2357954e-11
-1.1392045e-11
-1.3267045e-11
-1.1306817e-11
-1.0823864e-11
-1.1107956e-11
-1.2414772e-11
-1.1022727e-11
-1.3267045e-11
-1.1676136e-11
-9.9715921e-12
-1.3068182e-11
-1.0142046e-11
-1.3380683e-11
-1.09375e-11
-1.3494318e-11
-1.1477272e-11
-1.2301136e-11
-1.2670454e-11
-1.4034091e-11
-1.2954546e-11
-1.2613636e-11
-1.1960227e-11
-1.1079545e-11
-1.0482956e-11
-1.0113636e-11
-1.059659e-11
-1.2613638e-11
-1.122159e-11
-9.2897729e-12
-1.0852272e-11
-1.2869318e-11
-1.1647728e-11
-1.1505682e-11
-1.1988636e-11
-1.096591e-11
-1.1704545e-11
-1.0284091e-11
-1.2073864e-11
-1.15625e-11
-1.2414772e-11
-9.8579556e-12
-1.0539774e-11
-1.1988636e-11
-1.1250001e-11
-1.2556818e-11
-1.1960228e-11
-1.0738637e-11
-1.1789772e-11
-1.1420454e-11
-9.4602277e-12
-1.0937501e-11
-1.2670454e-11
-1.1988638e-11
-1.0312501e-11
-1.1250001e-11
-1.1818182e-11
-1.2613636e-11
-1.2159091e-11
-1.1022727e-11
-1.002841e-11
-1.034091e-11
-1.1590909e-11
-1.0369318e-11
-1.1789772e-11
-1.2244318e-11
-1.1818183e-11
-1.0056818e-11
-1.0539773e-11
-8.7784094e-12
-1.1931818e-11
-9.5738634e-12
-9.4318182e-12
-1.0625e-11
-8.5795459e-12
-1.03125e-11
-9.8579556e-12
-1.0170455e-11
-1.0170455e-11
-1.2244318e-11
-9.2897729e-12
-1.0255682e-11
-8.7215912e-12
-8.7499999e-12
-1.0482956e-11
-9.8863634e-12
-9.7159095e-12
-1.3380682e-11
-9.4886364e-12
-1.0113636e-11
-1.0227274e-11
-1.1818182e-11
-1.15625e-11
-1.1306817e-11
-1.2698864e-11
-1.1335227e-11
-1.1079545e-11
-1.2102272e-11
-1.3153409e-11
-1.125e-11
-1.1534092e-11
-9.8579556e-12
-1.1619319e-11
-1.1420454e-11
-1.2073864e-11
-1.1164772e-11
-1.1335227e-11
-1.3267045e-11
-1.03125e-11
-1.2926138e-11
-1.0454546e-11
-1.0994317e-11
-1.1931818e-11
-1.1136364e-11
-1.1335228e-11
-9.8579547e-12
-1.0568183e-11
-1.034091e-11
-1.284091e-11
-9.2329555e-12
-1.252841e-11
-1.2329545e-11
-1.0454546e-11
-9.5454547e-12
-1.1448864e-11
-1.0568182e-11
-1.1221592e-11
-1.2159091e-11
-1.2272727e-11
-1.2386364e-11
-1.1420456e-11
-9.0340912e-12
-1.2443182e-11
-1.1534092e-11
-8.7499999e-12
-1.0539774e-11
-1.2642045e-11
-1.1250001e-11
-1.1079545e-11
-9.204546e-12
-1.0681817e-11
-1.3096591e-11
-1.3210227e-11
-9.6874999e-12
-1.3267045e-11
-1.34375e-11
-1.1164772e-11
-1.3835228e-11
-1.1761364e-11
-1.0937501e-11
-1.1875e-11
-1.0568183e-11
-1.1647727e-11
-1.2443182e-11
-1.0795454e-11
-1.1960227e-11
-9.5738643e-12
-1.1306819e-11
-1.2329545e-11
-1.1846591e-11
-1.0568183e-11
-1.0198863e-11
-1.1562501e-11
-1.1931819e-11
-1.1392045e-11
-1.159091e-11
-1.0880683e-11
-1.1306819e-11
-9.3181825e-12
-1.034091e-11
-1.0738637e-11
-1.0142046e-11
-9.2329547e-12
-1.0625e-11
-1.2642046e-11
-1.0681817e-11
-1.0625001e-11
-1.2159092e-11
-1.0227274e-11
-1.1846592e-11
-1.0511363e-11
-1.1335228e-11
-1.0142046e-11
-9.0909094e-12
-1.0767045e-11
-1.0312501e-11
-1.1051137e-11
-9.9715913e-12
-1.1420454e-11
-1.0454546e-11
-1.0255683e-11
-9.9431817e-12
-9.9147739e-12
-9.829546e-12
-1.2414772e-11
-1.1306817e-11
-9.7159095e-12
-1.1221592e-11
-7.7556815e-12
-1.0511363e-11
-1.1988638e-11
-1.0284091e-11
-1.1051136e-11
-9.1761364e-12
-9.5738643e-12
-1.125e-11
-1.1676137e-11
-1.1477272e-11
-1.2073864e-11
-1.2698864e-11
-1.1136364e-11
-1.1960228e-11
-1.1534092e-11
-9.8011373e-12
-1.1136364e-11
-1.15625e-11
-1.0426137e-11
-1.0710227e-11
-1.1306817e-11
-1.0937501e-11
-1.1306817e-11
-1.0539773e-11
-8.6931816e-12
-1.1193183e-11
-9.5738643e-12
-1.0539773e-11
-1.0312501e-11
-1.1534092e-11
-1.159091e-11
-1.09375e-11
-1.0823864e-11
-1.1107956e-11
-1.0511363e-11
-9.2897729e-12
-1.0823864e-11
-1.2187501e-11
-9.7443191e-12
-9.3465912e-12
-1.0568182e-11
-1.1505682e-11
-9.3181816e-12
-1.059659e-11
-1.2869319e-11
-1.1647727e-11
-9.3181825e-12
-1.1534092e-11
-9.3750008e-12
-9.0909094e-12
-1.1136364e-11
-1.1818183e-11
-1.2045454e-11
-1.0426137e-11
-1.0596592e-11
-9.8579556e-12
-1.1647727e-11
-9.2613634e-12
-1.0426137e-11
-9.2329555e-12
-9.0340921e-12
-9.7443191e-12
-1.1477272e-11
-1.1136364e-11
-1.1136364e-11
-1.2102272e-11
-1.2073864e-11
-1.1761364e-11
-9.4886373e-12
-1.0170455e-11
-1.1051136e-11
-1.0994317e-11
-1.1335228e-11
-1.1136364e-11
-1.1704545e-11
-1.1903409e-11
-1.1448864e-11
-1.2954545e-11
-1.2443182e-11
-1.1988638e-11
-1.0227273e-11
-1.1051137e-11
-1.0710227e-11
-1.0767045e-11
-1.0482955e-11
-1.127841e-11
-1.1136364e-11
-1.4005682e-11
-1.2926136e-11
-1.4176136e-11
-1.2386365e-11
-1.15625e-11
-1.2073864e-11
-1.3664772e-11
-1.0568183e-11
-1.0625001e-11
-1.3096591e-11
-1.2102272e-11
-1.2869318e-11
-1.0369319e-11
-1.127841e-11
-1.2130682e-11
-1.0284092e-11
-1.1448864e-11
-1.1534091e-11
-7.6704545e-12
-1.1534091e-11
-1.0994317e-11
-8.3238633e-12
-7.869318e-12
-8.0965911e-12
-9.7727278e-12
-8.2102276e-12
-7.1590915e-12
-9.0340921e-12
-9.7159095e-12
-1.0170455e-11
-9.9431826e-12
-1.0397728e-11
-1.09375e-11
-1.1988636e-11
-1.2329546e-11
-1.0681819e-11
-1.122159e-11
-1.0937501e-11
-1.1960228e-11
-1.1136364e-11
-1.0909092e-11
-1.2897727e-11
-1.3607954e-11
-1.0795456e-11
-1.1931818e-11
-1.4346592e-11
-1.2102272e-11
-1.252841e-11
-1.1335227e-11
-1.0482955e-11
-1.1107954e-11
-1.3323865e-11
-1.3238636e-11
-1.3125001e-11
-1.2215909e-11
-1.0823864e-11
-1.3835227e-11
-1.3920454e-11
-1.4005682e-11
-1.2556818e-11
-1.3096592e-11
-1.4715909e-11
-1.2244318e-11
-1.4715909e-11
-1.1164774e-11
-1.2017045e-11
-1.1534092e-11
-1.2670454e-11
-1.159091e-11
-1.0000001e-11
-1.1335227e-11
-1.1789774e-11
-9.0909094e-12
-9.6874999e-12
-8.4659094e-12
-7.9545459e-12
-9.9431817e-12
-1.090909e-11
-9.2897729e-12
-1.0653409e-11
-1.0767046e-11
-1.190341e-11
-1.0255682e-11
-1.0369318e-11
-1.1079545e-11
-1.1704546e-11
-1.2073864e-11
-1.0369319e-11
-1.0170455e-11
-1.1732954e-11
-1.0681819e-11
-1.1704545e-11
-1.059659e-11
-9.9147739e-12
-1.0312501e-11
-9.8011373e-12
-8.6363633e-12
-1.0227273e-11
-1.0710227e-11
-9.6590912e-12
-1.1022727e-11
-1.1079545e-11
-1.0255682e-11
-1.1960227e-11
-9.2897729e-12
-1.1647727e-11
-1.2386364e-11
-1.2642046e-11
-1.2613636e-11
-1.2897727e-11
-1.1988636e-11
-1.1164774e-11
-1.0454546e-11
-1.2045454e-11
-9.8579547e-12
-9.7443182e-12
-1.2329546e-11
-1.2471591e-11
-1.1988636e-11
-1.0085228e-11
-1.2329546e-11
-1.0454546e-11
-1.1079545e-11
-1.3636364e-11
-1.2528409e-11
-1.2386364e-11
-1.1960227e-11
-1.2443182e-11
-1.3579545e-11
-1.284091e-11
-1.1306819e-11
-1.1448864e-11
-1.0142046e-11
-1.2556818e-11
-9.119319e-12
-1.2840909e-11
-1.2073864e-11
-1.28125e-11
-1.2045456e-11
-9.7159095e-12
-1.0795456e-11
-8.494319e-12
-1.0738636e-11
-9.6590912e-12
-1.2812501e-11
-1.2784092e-11
-8.9204547e-12
-1.1136364e-11
-1.1051136e-11
-1.1164772e-11
-1.1335227e-11
-1.2102272e-11
-1.0227273e-11
-8.9772738e-12
-1.0909092e-11
-1.1221592e-11
-9.7443191e-12
-1.0880682e-11
-9.2329555e-12
-1.0000001e-11
-1.1562501e-11
-1.1789774e-11
-9.5454556e-12
-1.090909e-11
-1.0227274e-11
-9.9147739e-12
-1.1193183e-11
-9.3465912e-12
-9.517046e-12
-1.0170455e-11
-9.9715913e-12
-1.1079546e-11
-7.6420459e-12
-9.5738643e-12
-8.1818181e-12
-1.0482955e-11
-1.034091e-11
-1.0568182e-11
-1.0539774e-11
-9.3749999e-12
-9.517046e-12
-9.0909094e-12
-1.0426137e-11
-9.6590921e-12
-1.0539773e-11
-1.0369318e-11
-1.0056818e-11
-1.2215909e-11
-9.4318182e-12
-9.5738643e-12
-1.0880682e-11
-1.0255682e-11
-9.0909094e-12
-9.6306817e-12
-1.0142046e-11
-1.0454546e-11
-1.0511363e-11
-1.3125e-11
-1.1079545e-11
-1.1988636e-11
-9.6590912e-12
-9.7443191e-12
-1.3068182e-11
-1.2301136e-11
-1.1136364e-11
-1.1761364e-11
-1.5e-11
-1.0795454e-11
-1.0227273e-11
-8.5227277e-12
-1.3607956e-11
-1.1534091e-11
-1.059659e-11
-1.1903409e-11
-9.602273e-12
-1.252841e-11
-1.1420454e-11
-9.4034095e-12
-1.1306817e-11
-1.0568182e-11
-1.1534091e-11
-1.03125e-11
-1.1647727e-11
-1.1306817e-11
-1.2613638e-11
-1.0795454e-11
-1.2613636e-11
-1.25e-11
-1.1534091e-11
-1.2784092e-11
-1.1903409e-11
-1.1136364e-11
-1.2443182e-11
-1.0681817e-11
-1.1164772e-11
-1.3607954e-11
-9.1761364e-12
-1.0511363e-11
-1.1448864e-11
-9.829546e-12
-1.1250001e-11
-1.0568182e-11
-1.1704545e-11
-1.1136364e-11
-1.2613636e-11
-1.2073864e-11
-1.3579545e-11
-1.1363636e-11
-1.0056818e-11
-1.09375e-11
-1.2244318e-11
-9.5738634e-12
-9.3181816e-12
-1.1420454e-11
-1.0056818e-11
-1.2017045e-11
-9.2897729e-12
-1.1931818e-11
-1.0000001e-11
-1.2443182e-11
-1.2244318e-11
-1.1363637e-11
-1.2698864e-11
-1.3352274e-11
-8.5511364e-12
-1.3125e-11
-1.1363636e-11
-1.2443182e-11
-1.1846591e-11
-1.1448864e-11
-1.1477272e-11
-9.2329547e-12
-1.2329545e-11
-1.0000001e-11
-1.0710228e-11
-1.0142046e-11
-1.0482956e-11
-9.8863634e-12
-1.1789772e-11
-9.0340912e-12
-1.0852272e-11
-1.0710227e-11
-1.0880682e-11
-1.0880682e-11
-1e-11
-1.1079545e-11
-1.0284091e-11
-1.1590909e-11
-1.2954545e-11
-9.5738643e-12
-8.9204547e-12
-1.1079545e-11
-1.0426137e-11
-9.5454547e-12
-9.5454547e-12
-1.2215909e-11
-8.9488634e-12
-9.9147739e-12
-1.1136364e-11
-1.1988636e-11
-1.0426137e-11
-1.1051137e-11
-1.0284091e-11
-1.0852272e-11
-1.0880683e-11
-1.0710227e-11
-9.4034095e-12
-1.0198863e-11
-1.0056818e-11
-1.002841e-11
-1.0369318e-11
-1.1448864e-11
-1.0056819e-11
-9.0340912e-12
-1.0056818e-11
-1.2215909e-11
-9.6306825e-12
-1.190341e-11
-1.0284091e-11
-9.3181816e-12
-9.7159095e-12
-9.6022738e-12
-1.0767046e-11
-1.0312501e-11
-1.1590909e-11
-1.1534091e-11
-1.0710227e-11
-1.1505682e-11
-1.1022727e-11
-1.2272728e-11
-1.0170455e-11
-1.1505682e-11
-1.1448864e-11
-1.3181818e-11
-1.1761364e-11
-1.0255683e-11
-1.1960227e-11
-1.3238636e-11
-1.1505683e-11
-1.122159e-11
-1.2982954e-11
-1.1647727e-11
-1.21875e-11
-1.1505683e-11
-1.0482956e-11
-1.1051137e-11
-9.5454556e-12
-1.1079545e-11
-9.517046e-12
-9.602273e-12
-1.2102272e-11
-1.25e-11
-1e-11
-1.1818182e-11
-9.914773e-12
-1.122159e-11
-1.1477272e-11
-1.2130683e-11
-1.2073864e-11
-1.1420454e-11
-1.2613636e-11
-1.1136364e-11
-1.0255682e-11
-1.2727272e-11
-1.0937501e-11
-1.1193182e-11
-1.0653409e-11
-1.0056819e-11
-1.0482956e-11
-9.3749999e-12
-1.0681819e-11
-8.8068181e-12
-9.7159095e-12
-1.0369319e-11
-1.1022727e-11
-9.6875008e-12
-1.1306819e-11
-9.4318182e-12
-1.0482955e-11
-9.4034095e-12
-1.0284091e-11
-1.2045454e-11
-9.6590921e-12
-7.7840911e-12
-1.1960227e-11
-1.1193183e-11
-1.1647727e-11
-1.122159e-11
-1.0710227e-11
-9.9431817e-12
-1.0369319e-11
-9.829546e-12
-1.1363636e-11
-1.1448864e-11
-1.0482955e-11
-1.3039772e-11
-1.0284091e-11
-9.602273e-12
-1.0681817e-11
-1.0255682e-11
-1.1505682e-11
-9.6306817e-12
-1.034091e-11
-1.2045456e-11
-1.2840909e-11
-1.1448864e-11
-1.2329545e-11
-1.3380682e-11
-1.1704545e-11
-1.1136364e-11
-1.0454546e-11
-1.1477272e-11
-1.1306817e-11
-1.1960228e-11
-9.5738634e-12
-1.1875e-11
-1.2301136e-11
-1.2585227e-11
-9.8011365e-12
-1.122159e-11
-1.1250001e-11
-1.1079545e-11
-1.1107954e-11
-1.1136364e-11
-1.1193183e-11
-1.1818182e-11
-1.0767045e-11
-1.1079545e-11
-1.09375e-11
-1.0511363e-11
-1.0397728e-11
-1.1306817e-11
-8.9772729e-12
-1.1647727e-11
-1.059659e-11
-1.1392045e-11
-9.0909094e-12
-1.1193182e-11
-1.1534091e-11
-1.1647727e-11
-1.1903409e-11
-1.0511363e-11
-1.2301136e-11
-1.0085228e-11
-9.9715921e-12
-1.1761364e-11
-1.1136364e-11
-1.1335227e-11
-1.1988636e-11
-1.0568182e-11
-1.1420456e-11
-1.1306817e-11
-1.122159e-11
-9.0624999e-12
-9.8011373e-12
-9.9715921e-12
-1.1363637e-11
-1.1875e-11
-9.517046e-12
-1.15625e-11
-9.9715913e-12
-1.127841e-11
-1.0710228e-11
-1.3494318e-11
-1.0454546e-11
-1.0738636e-11
-1.0994319e-11
-9.7727278e-12
-9.8863634e-12
-1.0170456e-11
-9.829546e-12
-9.5454556e-12
-9.0340921e-12
-1.1647728e-11
-1.0596592e-11
-1.0880682e-11
-1.096591e-11
-1.1534091e-11
-1.1107954e-11
-1.0426137e-11
-1.002841e-11
-1.0369319e-11
-1.0198864e-11
-9.6306817e-12
-1.1136364e-11
-1.0937501e-11
-1.0142046e-11
-9.9715921e-12
-1.0397728e-11
-9.602273e-12
-9.6306825e-12
-9.517046e-12
-1.0568182e-11
-1.1590909e-11
-9.0625007e-12
-9.5454547e-12
-8.8636373e-12
-1.0681819e-11
-1.0170456e-11
-9.8011373e-12
-1.1392046e-11
-1.159091e-11
-1.0113636e-11
-1.1363636e-11
-1.0056818e-11
-1.125e-11
-9.1761364e-12
-1.0113636e-11
-1.2272728e-11
-9.6306817e-12
-8.8068181e-12
-1.2670454e-11
-1.1534092e-11
-1.15625e-11
-1.1505682e-11
-9.7159095e-12
-1.002841e-11
-1.21875e-11
-1.2414772e-11
-1.0369319e-11
-1.2443182e-11
-9.9715913e-12
-1.0880682e-11
-1.0994317e-11
-1.2613636e-11
-1.2670454e-11
-9.2613634e-12
-1.125e-11
-1.122159e-11
-1.1931818e-11
-1.1448864e-11
-9.4602277e-12
-1.2471591e-11
-1.0568183e-11
-1.2869319e-11
-1.1931818e-11
-1.2443182e-11
-1.2329546e-11
-1.21875e-11
-1.2897727e-11
-1.53125e-11
-1.15625e-11
-1.1818182e-11
-1.2386364e-11
-1.3579545e-11
-1.2443183e-11
-1.0795456e-11
-1.0681817e-11
-1.3920456e-11
-1.122159e-11
-1.1676137e-11
-1.3494318e-11
-1.0795456e-11
-1.2159091e-11
-1.1818182e-11
-1.0653409e-11
-1.2727272e-11
-1.0397728e-11
-1.3039772e-11
-1.21875e-11
-1.125e-11
-1.0454546e-11
-1.4119318e-11
-1.2187501e-11
-1.2727274e-11
-1.15625e-11
-1.0227273e-11
-1.0397728e-11
-1.1505682e-11
-8.892046e-12
-9.9431817e-12
-9.4602277e-12
-1.122159e-11
-9.829546e-12
-1.0085228e-11
-1.0880682e-11
-8.1818181e-12
-1.1420454e-11
-1.1477272e-11
-1.0397728e-11
-1.1363636e-11
-1.1306817e-11
-1.1335227e-11
-1.0284092e-11
-1.0852272e-11
-1.1505682e-11
-8.9772729e-12
-1.3125e-11
-1.1505682e-11
-1.2357954e-11
-1.0738636e-11
-1.125e-11
-1.1193182e-11
-1.1676136e-11
-1.125e-11
-1.0710227e-11
-9.9431817e-12
-1.122159e-11
-8.721592e-12
-1.0823864e-11
-1.1392045e-11
-1.0085228e-11
-1.2528409e-11
-1.1164772e-11
-1.0965909e-11
-1.1250001e-11
-1.1505682e-11
-1.2045456e-11
-1.1420456e-11
-1.25e-11
-9.3465921e-12
-1.4772726e-11
-1.25e-11
-8.721592e-12
-1.096591e-11
-1.0795454e-11
-1.0681817e-11
-1.1789772e-11
-1.0482955e-11
-9.2329547e-12
-1.1164772e-11
-1.1647728e-11
-1.0482955e-11
-1.2670456e-11
-1.0738636e-11
-1.2215909e-11
-1.0568182e-11
-1.3267045e-11
-1.4914773e-11
-1.1136364e-11
-1.4034091e-11
-1.0482955e-11
-1.0625e-11
-1.0056818e-11
-9.9715921e-12
-1.1392045e-11
-1.2812501e-11
-1.2329545e-11
-1.25e-11
-1.03125e-11
-1.4261365e-11
-1.2159092e-11
-1.1505682e-11
-1.1448864e-11
-1.34375e-11
-1.1505683e-11
-1.1051137e-11
-1.3693182e-11
-1.034091e-11
-1.1875e-11
-1.3465909e-11
-1.122159e-11
-1.2045456e-11
-1.2869318e-11
-9.2897729e-12
-1.0965909e-11
-1.034091e-11
-1.2045454e-11
-1.2812501e-11
-1.1193182e-11
-1.1534091e-11
-1.2727272e-11
-1.2556818e-11
-1.1988636e-11
-1.3693183e-11
-1.1732956e-11
-1.1448864e-11
-1.2045456e-11
-1.1732956e-11
-1.1164772e-11
-1.2954545e-11
-1.3380682e-11
-1.2215909e-11
-9.1193181e-12
-1.0880682e-11
-1.1704545e-11
-1.2357954e-11
-1.1164774e-11
-1.1363636e-11
-1.0965909e-11
-1.3039772e-11
-9.204546e-12
-1.15625e-11
-1.0511363e-11
-1.0568182e-11
-9.7727278e-12
-1.002841e-11
-1.1306817e-11
-1.1193182e-11
-9.4602277e-12
-1.2670454e-11
-1.2556818e-11
-1.1022727e-11
-1.0994317e-11
-1.1278409e-11
-1.1704545e-11
-9.204546e-12
-1.1903409e-11
-1.0397728e-11
-1.2727272e-11
-1.21875e-11
-9.2613634e-12
-1.1477272e-11
-1.2926136e-11
-1.1136364e-11
-8.6079555e-12
-1.0767045e-11
-1.0170455e-11
-1.122159e-11
-1.0681817e-11
-1.0539774e-11
-1.0454546e-11
-9.0056816e-12
-1.2414772e-11
-1.2414772e-11
-1.0397728e-11
-9.2897738e-12
-1.1931818e-11
-1.090909e-11
-1.0767046e-11
-1.3039772e-11
-1.2073864e-11
-1.0653409e-11
-1.0284092e-11
-1.1392045e-11
-1.0852272e-11
-1.2414772e-11
-9.7727278e-12
-1.1392045e-11
-9.6590912e-12
-1.0227273e-11
-1.0284091e-11
-1.2045454e-11
-1.2414772e-11
-1.059659e-11
-1.1420454e-11
-9.5738634e-12
-1.2528409e-11
-1.1107956e-11
-1.2329545e-11
-1.125e-11
-1.2357954e-11
-9.914773e-12
-1.0426137e-11
-1.0511364e-11
-1.1903409e-11
-1.1732954e-11
-1.2443182e-11
-1.3664774e-11
-1.21875e-11
-1.1761364e-11
-1.1960227e-11
-1.3636364e-11
-1.1818183e-11
-1.0511364e-11
-1.1335227e-11
-1.0852272e-11
-1.1647727e-11
-1.1136364e-11
-1.0198863e-11
-1.2073864e-11
-1.1960227e-11
-1.190341e-11
-1.0142046e-11
-1.0113637e-11
-7.556818e-12
-1.0625e-11
-1.2642045e-11
-1.1676136e-11
-1.1392045e-11
-1.2045454e-11
-1.0482956e-11
-1.0085228e-11
-1.1136364e-11
-1.0795454e-11
-1.1789772e-11
-1.0767045e-11
-1.1392045e-11
-9.5454556e-12
-9.914773e-12
-9.914773e-12
-1.1107954e-11
-1.2159091e-11
-1.1164772e-11
-1.2670454e-11
-9.6590912e-12
-1.0852272e-11
-1.1619317e-11
-1.0795454e-11
-9.8579547e-12
-9.4034095e-12
-9.8863634e-12
-1.2244318e-11
-9.3749999e-12
-1.0994317e-11
-1.1647727e-11
-1.0198863e-11
-1.0568182e-11
-1.1136364e-11
-1.1789772e-11
-1.0170455e-11
-1.0085228e-11
-1.0937501e-11
-1.0482955e-11
-1.03125e-11
-1.059659e-11
-1.1363636e-11
-9.7159095e-12
-1.1193182e-11
-1.1136364e-11
-1.2556818e-11
-1.2130682e-11
-1.1846592e-11
-1.1732954e-11
-1.1903409e-11
-1.2471591e-11
-1.2414772e-11
-1.1534091e-11
-1.2670454e-11
-1.1420456e-11
-1.1448864e-11
-1.2954545e-11
-1.0397728e-11
-1.3011364e-11
-9.4886373e-12
-1.1619317e-11
-1.2102272e-11
-1.1647727e-11
-1.1846591e-11
-1.3607954e-11
-1.1619317e-11
-1.1903409e-11
-1.1903409e-11
-1.3267045e-11
-1.1789772e-11
-9.2329555e-12
-1.25e-11
-1.0369318e-11
-1.2073864e-11
-1.0539773e-11
-1.065341e-11
-1.0767046e-11
-1.2017045e-11
-1.1392045e-11
-1.375e-11
-1.1335228e-11
-1.1590909e-11
-1.1164772e-11
-1.1647728e-11
-1.0852272e-11
-1.1505682e-11
-1.2869318e-11
-1.2869318e-11
-1.1704545e-11
-1.1704545e-11
-9.1477277e-12
-1.0482956e-11
-1.2301138e-11
-1.3437501e-11
-1.284091e-11
-1.1306819e-11
-1.0397728e-11
-1.0625e-11
-1.0625e-11
-1.1022727e-11
-1.0255682e-11
-1.0994317e-11
-1.0823864e-11
-1.0823864e-11
-1.0852272e-11
-1.0994317e-11
-1.1136364e-11
-1.0454546e-11
-9.4886373e-12
-1.127841e-11
-1.1420454e-11
-1.0198863e-11
-9.4602277e-12
-8.892046e-12
-1.0539773e-11
-9.3181825e-12
-9.602273e-12
-9.8011365e-12
-1.0113637e-11
-8.0397737e-12
-9.8863634e-12
-1.0710227e-11
-1.0965909e-11
-1.1335227e-11
-1.0710228e-11
-1.0852274e-11
-9.8579556e-12
-1.0085228e-11
-9.1193181e-12
-1.0397728e-11
-1.1647727e-11
-9.9431826e-12
-1.1420456e-11
-1.0085228e-11
-1.1136364e-11
-9.3465912e-12
-8.0965911e-12
-1.0085228e-11
-1.1761364e-11
-1.1193183e-11
-9.7727278e-12
-1.0113636e-11
-1.2414772e-11
-1.0681817e-11
-1.2698864e-11
-1.1164772e-11
-9.7443182e-12
-1.1590909e-11
-1.2357954e-11
-1.3693182e-11
-1.3125e-11
-1.03125e-11
-1.2528409e-11
-1.1306817e-11
-1.1051136e-11
-1.0994317e-11
-1.0710227e-11
-1.002841e-11
-1.1278409e-11
-8.1818189e-12
-1.2017045e-11
-9.9715913e-12
-1.2982954e-11
-1.122159e-11
-1.0284091e-11
-1.1079545e-11
-9.6306817e-12
-1.1079545e-11
-1.0227273e-11
-1.2073864e-11
-1.2244319e-11
-1.0113636e-11
-1.2215909e-11
-9.914773e-12
-1.0539773e-11
-1e-11
-1.2784091e-11
-1.2357954e-11
-1.1931818e-11
-1.122159e-11
-9.8863634e-12
-1.0397728e-11
-1.090909e-11
-1.0255683e-11
-9.9715913e-12
-1.1534091e-11
-1.0170455e-11
-1.1250001e-11
-9.517046e-12
-1.25e-11
-1.1079545e-11
-1.0397728e-11
-1.0284091e-11
-1.1562501e-11
-1.1534092e-11
-1.3380682e-11
-9.2613642e-12
-1.1164772e-11
-1.2386364e-11
-1.0625e-11
-1.2443182e-11
-1.0994317e-11
-1.2017045e-11
-1.0965909e-11
-1.1477272e-11
-1.0397728e-11
-9.9715921e-12
-1.0767045e-11
-8.9488634e-12
-1.0710227e-11
-1.0681817e-11
-9.7727278e-12
-8.4090911e-12
-1.3039772e-11
-1.0255682e-11
-1.1875e-11
-1.0056818e-11
-8.9772738e-12
-1.1732954e-11
-1.2045454e-11
-1.002841e-11
-8.8636373e-12
-9.2329547e-12
-1.090909e-11
-1.0710227e-11
-9.1761373e-12
-1.0596592e-11
-9.6306817e-12
-1.059659e-11
-1.0482955e-11
-9.7727278e-12
-1.0369318e-11
-1.0994317e-11
-8.8352277e-12
-1.1278409e-11
-1.002841e-11
-1.1505682e-11
-1.0653409e-11
-1.090909e-11
-1.1676136e-11
-1.0227273e-11
-1.1477272e-11
-1.034091e-11
-1.125e-11
-1.0880682e-11
-1.0198863e-11
-1.0227274e-11
-9.829546e-12
-1.1051136e-11
-9.602273e-12
-1.2301136e-11
-1.0369318e-11
-1.2926136e-11
-1.1534091e-11
-1.1903409e-11
-1.3267045e-11
-1.2045454e-11
-1.1363636e-11
-1.1363637e-11
-1.1079545e-11
-1.28125e-11
-1.1761364e-11
-1.1136364e-11
-1.2130682e-11
-1.1505683e-11
-1.2585227e-11
-1.1278409e-11
-1.0426137e-11
-1.2215909e-11
-1.0681817e-11
-1.3011365e-11
-1.0170455e-11
-1.1988636e-11
-1.1789772e-11
-1.2301136e-11
-1.2443182e-11
-1.2102272e-11
-1.0198864e-11
-9.7443191e-12
-1.1051136e-11
-1.09375e-11
-1.2386364e-11
-1.190341e-11
-1.1193182e-11
-1.0085228e-11
-1.2130682e-11
-1.1136364e-11
-1.0482955e-11
-1.127841e-11
-1.1988638e-11
-1.1619317e-11
-1.0681819e-11
-1.1761364e-11
-1.1164772e-11
-9.8863634e-12
-1.1704546e-11
-1.1022727e-11
-1.1193183e-11
-1.2301136e-11
-1.1931818e-11
-1.1022727e-11
-1.0625e-11
-1.2301136e-11
-1.122159e-11
-9.4034095e-12
-1.1846591e-11
-9.9715921e-12
-1.0482955e-11
-7.9261363e-12
-1.1875e-11
-6.7045453e-12
-1.0880682e-11
-9.9715913e-12
-1.0880683e-11
-9.431819e-12
-8.4659094e-12
-1.0482955e-11
-1.1534091e-11
-9.914773e-12
-1.0113636e-11
-1.1960227e-11
-1e-11
-8.2386372e-12
-1.1704545e-11
-9.4886364e-12
-1.0539773e-11
-1.0255682e-11
-9.7159095e-12
-1.15625e-11
-1.0482955e-11
-1.0539773e-11
-1.0255682e-11
-1.0198863e-11
-1.0482955e-11
-7.9261372e-12
-9.6874999e-12
-9.4318182e-12
-1.03125e-11
-1.1931818e-11
-1.2642045e-11
-1.2414772e-11
-9.5738634e-12
-1.1619317e-11
-8.9488642e-12
-1.1335227e-11
-9.4318182e-12
-1.1079545e-11
-1.0113636e-11
-1.0823864e-11
-1.2244318e-11
-1.2017045e-11
-1.0965909e-11
-1.2329545e-11
-1.0767045e-11
-1.1761364e-11
-1.0823864e-11
-1.0767045e-11
-9.7443182e-12
-1.1164772e-11
-1.2159091e-11
-1.1278409e-11
-1e-11
-1.1704545e-11
-1e-11
-1.21875e-11
-1.1051136e-11
-1.0852272e-11
-8.9204547e-12
-1.1875001e-11
-1.034091e-11
-1.1193183e-11
-1.09375e-11
-1.1960227e-11
-1.122159e-11
-1.0823864e-11
-1.1988636e-11
-1.0085228e-11
-1.1306817e-11
-1e-11
-9.9431826e-12
-1.0511363e-11
-1.1306817e-11
-1.221591e-11
-1.03125e-11
-1.1221592e-11
-1.1022727e-11
-1.1988636e-11
-1.0625001e-11
-1.0568182e-11
-1.2272727e-11
-1.1392045e-11
-1.1306819e-11
-1.2102272e-11
-1.1193182e-11
-1.1903409e-11
-1.1903409e-11
-1.0767045e-11
-1.0852274e-11
-1.1619317e-11
-1.1420454e-11
-9.7443182e-12
-9.6306825e-12
-9.517046e-12
-1.1818182e-11
-1.0454546e-11
-9.829546e-12
-1.1448864e-11
-8.5511372e-12
-9.5454547e-12
-1.0823864e-11
-1.125e-11
-1.1193182e-11
-1.034091e-11
-1.1505683e-11
-1.0511363e-11
-1.0795456e-11
-1.0653409e-11
-9.9431817e-12
-9.204546e-12
-8.9772729e-12
-1.096591e-11
-1.0085228e-11
-9.7727278e-12
-8.8636364e-12
-1.1392046e-11
-8.8636364e-12
-1.2073864e-11
-9.204546e-12
-9.829546e-12
-9.4602277e-12
-9.1477277e-12
-1.002841e-11
-1.0397728e-11
-9.4886364e-12
-1.0000001e-11
-8.892046e-12
-9.4034095e-12
-7.8409093e-12
-1.0113637e-11
-1.1107956e-11
-1.0511363e-11
-1.0795454e-11
-1.1107956e-11
-1.1534091e-11
-9.9431817e-12
-1.1335227e-11
-1.0198863e-11
-9.5738634e-12
-1.03125e-11
-1.1306817e-11
-9.4318182e-12
-9.7443182e-12
-1.0255683e-11
-1.0454546e-11
-1.0823864e-11
-1.4261364e-11
-1.3125e-11
-1.0710228e-11
-1.2386364e-11
-1.1846591e-11
-1.2443182e-11
-1.0426137e-11
-1.1647727e-11
-1.2017045e-11
-1.0426137e-11
-9.517046e-12
-1.0994317e-11
-1.0284091e-11
-1.034091e-11
-1.3948864e-11
-9.7443191e-12
-9.9715913e-12
-1.065341e-11
-1.0085228e-11
-1.21875e-11
-1.2073864e-11
-1.1306819e-11
-1.0482955e-11
-1.1931818e-11
-1.034091e-11
-1.0965909e-11
-9.0624999e-12
-1.1477272e-11
-1.2329545e-11
-9.7443182e-12
-1.2556819e-11
-1.1335227e-11
-1.0539773e-11
-1.0852274e-11
-1.096591e-11
-1.1193182e-11
-1.0767046e-11
-9.6874999e-12
-1.1903409e-11
-1.0681819e-11
-1.0625e-11
-1.0284091e-11
-1.0511363e-11
-1.1079545e-11
-1.0369319e-11
-1.3125e-11
-1.3579545e-11
-9.9715913e-12
-1.1732954e-11
-1.090909e-11
-1.1477272e-11
-1.2840909e-11
-9.1193181e-12
-9.3465912e-12
-8.8352277e-12
-1.03125e-11
-1.0369318e-11
-1.0738636e-11
-1.0795456e-11
-1.0681817e-11
-1.1278409e-11
-1.2897727e-11
-1.1278409e-11
-1.0767045e-11
-1.1420454e-11
-9.8579547e-12
-9.4886364e-12
-1.0823864e-11
-9.1761364e-12
-1.1022727e-11
-1.09375e-11
-1.1818183e-11
-1.0710227e-11
-1.0369318e-11
-1.0681817e-11
-1.1022728e-11
-1.0085228e-11
-1.1136364e-11
-1.0539773e-11
-1.1306817e-11
-9.6874999e-12
-9.829546e-12
-1.1505682e-11
-1.034091e-11
-1.15625e-11
-1.1164772e-11
-1.1051136e-11
-1.059659e-11
-1.3210227e-11
-1.0823864e-11
-9.7443182e-12
-1.1022727e-11
-1.1164772e-11
-1.0056819e-11
-1.1335227e-11
-8.9772729e-12
-1.0198863e-11
-9.9431817e-12
-1.1335227e-11
-1.1534091e-11
-1.0625e-11
-1.0965909e-11
-1.2613636e-11
-1.0965909e-11
-1.0937501e-11
-1.3153409e-11
-9.3181825e-12
-1.1988636e-11
-9.9147739e-12
-1.0681817e-11
-1.0198864e-11
-1.0312501e-11
-1.1505682e-11
-1.1875e-11
-1.1420454e-11
-1.1363636e-11
-1.2698864e-11
-1.1903409e-11
-1.2471591e-11
-1.1846591e-11
-1.0852272e-11
-1.1335227e-11
-1.4488636e-11
-1.0312501e-11
-1.2982954e-11
-1.0198864e-11
-1.125e-11
-1.1477272e-11
-8.6931825e-12
-1.0482956e-11
-1.1306819e-11
-1.1448864e-11
-1.0539774e-11
-1.1789772e-11
-1.0369318e-11
-1.2982954e-11
-9.8011373e-12
-1.0539773e-11
-1.1534091e-11
-9.7443182e-12
-1.1136364e-11
-1.0994319e-11
-1.2670456e-11
-1.2897727e-11
-1.0426137e-11
-1.1079546e-11
-1.1534091e-11
-9.2897738e-12
-1.09375e-11
-9.119319e-12
-1.0710227e-11
-1.2045454e-11
-1.2329545e-11
-8.1249998e-12
-1.0994317e-11
-1.03125e-11
-1.0056818e-11
-1.0142046e-11
-1.0198863e-11
-1.0795454e-11
-1.0681817e-11
-1.0795454e-11
-1.1079545e-11
-1.0823864e-11
-9.4034095e-12
-1.1363636e-11
-9.3465912e-12
-1.0170456e-11
-8.4090911e-12
-1.0227273e-11
-1.0880683e-11
